13 20
-6.27744e+66 16.1465 17.587 23.3489 27.6703 44.9561 88.1705 88.1705 229.337 240.861 240.861 255.266 255.266 255.266 
-6.27744e+66 -6.27744e+66 16.1465 19.0275 21.9084 34.8727 69.4442 69.4442 190.444 200.528 200.528 213.492 213.492 213.492 
-6.27744e+66 -6.27744e+66 -6.27744e+66 16.1465 17.587 26.2299 52.1585 52.1585 152.992 161.635 161.635 173.159 173.159 173.159 
-6.27744e+66 -6.27744e+66 -6.27744e+66 -6.27744e+66 16.1465 20.4679 37.7537 37.7537 118.421 125.623 125.623 135.706 135.706 135.706 
-6.27744e+66 -6.27744e+66 -6.27744e+66 -6.27744e+66 -6.27744e+66 16.1465 24.7894 24.7894 85.2895 91.0514 91.0514 99.6943 99.6943 99.6943 
-6.27744e+66 -6.27744e+66 -6.27744e+66 -6.27744e+66 -6.27744e+66 -6.27744e+66 16.1465 16.1465 56.4799 60.8014 60.8014 68.0038 68.0038 68.0038 
-6.27744e+66 -6.27744e+66 -6.27744e+66 -6.27744e+66 -6.27744e+66 -6.27744e+66 -6.27744e+66 16.1465 36.3132 39.1942 39.1942 44.9561 44.9561 44.9561 
-6.27744e+66 -6.27744e+66 -6.27744e+66 -6.27744e+66 -6.27744e+66 -6.27744e+66 -6.27744e+66 -6.27744e+66 16.1465 17.587 17.587 21.9084 21.9084 21.9084 
-6.27744e+66 -6.27744e+66 -6.27744e+66 -6.27744e+66 -6.27744e+66 -6.27744e+66 -6.27744e+66 -6.27744e+66 -6.27744e+66 16.1465 16.1465 19.0275 19.0275 19.0275 
-6.27744e+66 -6.27744e+66 -6.27744e+66 -6.27744e+66 -6.27744e+66 -6.27744e+66 -6.27744e+66 -6.27744e+66 -6.27744e+66 -6.27744e+66 16.1465 17.587 17.587 17.587 
-6.27744e+66 -6.27744e+66 -6.27744e+66 -6.27744e+66 -6.27744e+66 -6.27744e+66 -6.27744e+66 -6.27744e+66 -6.27744e+66 -6.27744e+66 -6.27744e+66 16.1465 16.1465 16.1465 
-6.27744e+66 -6.27744e+66 -6.27744e+66 -6.27744e+66 -6.27744e+66 -6.27744e+66 -6.27744e+66 -6.27744e+66 -6.27744e+66 -6.27744e+66 -6.27744e+66 -6.27744e+66 16.1465 16.1465 
-6.27744e+66 -6.27744e+66 -6.27744e+66 -6.27744e+66 -6.27744e+66 -6.27744e+66 -6.27744e+66 -6.27744e+66 -6.27744e+66 -6.27744e+66 -6.27744e+66 -6.27744e+66 -6.27744e+66 16.1465 
-6.27744e+66 -6.27744e+66 -6.27744e+66 -6.27744e+66 -6.27744e+66 -6.27744e+66 -6.27744e+66 -6.27744e+66 -6.27744e+66 -6.27744e+66 -6.27744e+66 -6.27744e+66 -6.27744e+66 -6.27744e+66 
-6.27744e+66 36.5696 42.509 74.7517 115.479 129.055 188.45 244.45 315.723 417.542 562.634 605.059 642.393 734.03 
-6.27744e+66 -6.27744e+66 36.5696 52.6909 79.8426 90.0245 137.54 184.207 245.299 334.39 463.361 501.543 535.483 619.483 
-6.27744e+66 -6.27744e+66 -6.27744e+66 36.5696 50.1454 56.9334 92.57 129.904 180.813 257.177 370.027 403.966 434.512 510.876 
-6.27744e+66 -6.27744e+66 -6.27744e+66 -6.27744e+66 36.5696 39.9635 63.7213 91.7215 132.449 196.086 292.814 322.511 349.663 418.391 
-6.27744e+66 -6.27744e+66 -6.27744e+66 -6.27744e+66 -6.27744e+66 36.5696 48.4485 67.1153 97.661 148.57 229.177 254.632 278.39 339.481 
-6.27744e+66 -6.27744e+66 -6.27744e+66 -6.27744e+66 -6.27744e+66 -6.27744e+66 36.5696 45.903 66.2668 104.449 168.934 190.147 210.51 263.965 
-6.27744e+66 -6.27744e+66 -6.27744e+66 -6.27744e+66 -6.27744e+66 -6.27744e+66 -6.27744e+66 36.5696 46.7515 72.2062 120.57 137.54 154.51 200.328 
-6.27744e+66 -6.27744e+66 -6.27744e+66 -6.27744e+66 -6.27744e+66 -6.27744e+66 -6.27744e+66 -6.27744e+66 36.5696 49.2969 81.5396 94.267 107.843 146.025 
-6.27744e+66 -6.27744e+66 -6.27744e+66 -6.27744e+66 -6.27744e+66 -6.27744e+66 -6.27744e+66 -6.27744e+66 -6.27744e+66 36.5696 52.6909 61.1758 71.3577 101.903 
-6.27744e+66 -6.27744e+66 -6.27744e+66 -6.27744e+66 -6.27744e+66 -6.27744e+66 -6.27744e+66 -6.27744e+66 -6.27744e+66 -6.27744e+66 36.5696 40.812 47.6 70.5092 
-6.27744e+66 -6.27744e+66 -6.27744e+66 -6.27744e+66 -6.27744e+66 -6.27744e+66 -6.27744e+66 -6.27744e+66 -6.27744e+66 -6.27744e+66 -6.27744e+66 36.5696 39.9635 55.2364 
-6.27744e+66 -6.27744e+66 -6.27744e+66 -6.27744e+66 -6.27744e+66 -6.27744e+66 -6.27744e+66 -6.27744e+66 -6.27744e+66 -6.27744e+66 -6.27744e+66 -6.27744e+66 36.5696 44.206 
-6.27744e+66 -6.27744e+66 -6.27744e+66 -6.27744e+66 -6.27744e+66 -6.27744e+66 -6.27744e+66 -6.27744e+66 -6.27744e+66 -6.27744e+66 -6.27744e+66 -6.27744e+66 -6.27744e+66 36.5696 
-6.27744e+66 -6.27744e+66 -6.27744e+66 -6.27744e+66 -6.27744e+66 -6.27744e+66 -6.27744e+66 -6.27744e+66 -6.27744e+66 -6.27744e+66 -6.27744e+66 -6.27744e+66 -6.27744e+66 -6.27744e+66 
-6.27744e+66 27.809 36.7383 36.7383 36.7383 72.4552 102.219 102.219 143.889 143.889 197.464 227.228 390.931 390.931 
-6.27744e+66 -6.27744e+66 27.809 27.809 27.809 54.5967 78.408 78.408 114.125 114.125 161.747 188.535 337.356 337.356 
-6.27744e+66 -6.27744e+66 -6.27744e+66 27.809 27.809 45.6675 63.526 63.526 93.2901 93.2901 134.96 158.771 292.709 292.709 
-6.27744e+66 -6.27744e+66 -6.27744e+66 -6.27744e+66 27.809 36.7383 48.6439 48.6439 72.4552 72.4552 108.172 129.007 248.063 248.063 
-6.27744e+66 -6.27744e+66 -6.27744e+66 -6.27744e+66 -6.27744e+66 27.809 33.7619 33.7619 51.6203 51.6203 81.3844 99.2429 203.417 203.417 
-6.27744e+66 -6.27744e+66 -6.27744e+66 -6.27744e+66 -6.27744e+66 -6.27744e+66 27.809 27.809 39.7147 39.7147 63.526 78.408 167.7 167.7 
-6.27744e+66 -6.27744e+66 -6.27744e+66 -6.27744e+66 -6.27744e+66 -6.27744e+66 -6.27744e+66 27.809 33.7619 33.7619 51.6203 63.526 137.936 137.936 
-6.27744e+66 -6.27744e+66 -6.27744e+66 -6.27744e+66 -6.27744e+66 -6.27744e+66 -6.27744e+66 -6.27744e+66 27.809 27.809 39.7147 48.6439 108.172 108.172 
-6.27744e+66 -6.27744e+66 -6.27744e+66 -6.27744e+66 -6.27744e+66 -6.27744e+66 -6.27744e+66 -6.27744e+66 -6.27744e+66 27.809 33.7619 39.7147 84.3608 84.3608 
-6.27744e+66 -6.27744e+66 -6.27744e+66 -6.27744e+66 -6.27744e+66 -6.27744e+66 -6.27744e+66 -6.27744e+66 -6.27744e+66 -6.27744e+66 27.809 30.7855 60.5496 60.5496 
-6.27744e+66 -6.27744e+66 -6.27744e+66 -6.27744e+66 -6.27744e+66 -6.27744e+66 -6.27744e+66 -6.27744e+66 -6.27744e+66 -6.27744e+66 -6.27744e+66 27.809 42.6911 42.6911 
-6.27744e+66 -6.27744e+66 -6.27744e+66 -6.27744e+66 -6.27744e+66 -6.27744e+66 -6.27744e+66 -6.27744e+66 -6.27744e+66 -6.27744e+66 -6.27744e+66 -6.27744e+66 27.809 27.809 
-6.27744e+66 -6.27744e+66 -6.27744e+66 -6.27744e+66 -6.27744e+66 -6.27744e+66 -6.27744e+66 -6.27744e+66 -6.27744e+66 -6.27744e+66 -6.27744e+66 -6.27744e+66 -6.27744e+66 27.809 
-6.27744e+66 -6.27744e+66 -6.27744e+66 -6.27744e+66 -6.27744e+66 -6.27744e+66 -6.27744e+66 -6.27744e+66 -6.27744e+66 -6.27744e+66 -6.27744e+66 -6.27744e+66 -6.27744e+66 -6.27744e+66 
-6.27744e+66 33.8702 49.1858 80.9515 97.9689 170.576 218.792 283.458 339.048 375.352 482.561 567.648 611.325 890.41 
-6.27744e+66 -6.27744e+66 33.8702 49.753 61.0979 115.553 154.126 208.014 255.663 287.429 382.726 459.304 499.011 754.838 
-6.27744e+66 -6.27744e+66 -6.27744e+66 33.8702 39.5426 75.8463 104.776 147.886 187.594 214.821 298.206 366.276 402.012 634.583 
-6.27744e+66 -6.27744e+66 -6.27744e+66 -6.27744e+66 33.8702 52.022 71.3083 103.641 135.407 158.097 229.57 289.13 320.896 530.209 
-6.27744e+66 -6.27744e+66 -6.27744e+66 -6.27744e+66 -6.27744e+66 33.8702 43.5133 65.0687 88.8929 107.045 166.605 217.658 245.453 431.509 
-6.27744e+66 -6.27744e+66 -6.27744e+66 -6.27744e+66 -6.27744e+66 -6.27744e+66 33.8702 44.6478 60.5307 74.1446 121.793 164.337 188.161 350.96 
-6.27744e+66 -6.27744e+66 -6.27744e+66 -6.27744e+66 -6.27744e+66 -6.27744e+66 -6.27744e+66 33.8702 41.8116 50.8875 86.624 120.659 140.512 280.054 
-6.27744e+66 -6.27744e+66 -6.27744e+66 -6.27744e+66 -6.27744e+66 -6.27744e+66 -6.27744e+66 -6.27744e+66 33.8702 38.4081 62.2324 87.7584 103.641 219.927 
-6.27744e+66 -6.27744e+66 -6.27744e+66 -6.27744e+66 -6.27744e+66 -6.27744e+66 -6.27744e+66 -6.27744e+66 -6.27744e+66 33.8702 45.7823 62.7997 74.7118 167.74 
-6.27744e+66 -6.27744e+66 -6.27744e+66 -6.27744e+66 -6.27744e+66 -6.27744e+66 -6.27744e+66 -6.27744e+66 -6.27744e+66 -6.27744e+66 33.8702 42.3789 50.3203 120.091 
-6.27744e+66 -6.27744e+66 -6.27744e+66 -6.27744e+66 -6.27744e+66 -6.27744e+66 -6.27744e+66 -6.27744e+66 -6.27744e+66 -6.27744e+66 -6.27744e+66 33.8702 37.8409 84.355 
-6.27744e+66 -6.27744e+66 -6.27744e+66 -6.27744e+66 -6.27744e+66 -6.27744e+66 -6.27744e+66 -6.27744e+66 -6.27744e+66 -6.27744e+66 -6.27744e+66 -6.27744e+66 33.8702 57.1272 
-6.27744e+66 -6.27744e+66 -6.27744e+66 -6.27744e+66 -6.27744e+66 -6.27744e+66 -6.27744e+66 -6.27744e+66 -6.27744e+66 -6.27744e+66 -6.27744e+66 -6.27744e+66 -6.27744e+66 33.8702 
-6.27744e+66 -6.27744e+66 -6.27744e+66 -6.27744e+66 -6.27744e+66 -6.27744e+66 -6.27744e+66 -6.27744e+66 -6.27744e+66 -6.27744e+66 -6.27744e+66 -6.27744e+66 -6.27744e+66 -6.27744e+66 
-6.27744e+66 84.2192 93.9575 118.999 198.297 292.897 299.853 366.63 551.658 562.788 687.995 868.849 991.273 1041.36 
-6.27744e+66 -6.27744e+66 84.2192 96.7399 149.605 220.556 226.12 281.768 440.363 450.102 561.397 724.165 835.46 881.37 
-6.27744e+66 -6.27744e+66 -6.27744e+66 84.2192 110.652 157.952 162.126 206.644 338.807 347.154 444.537 589.22 689.386 731.121 
-6.27744e+66 -6.27744e+66 -6.27744e+66 -6.27744e+66 84.2192 107.869 110.652 144.04 249.771 256.726 340.198 466.796 555.832 593.394 
-6.27744e+66 -6.27744e+66 -6.27744e+66 -6.27744e+66 -6.27744e+66 84.2192 85.6104 107.869 187.167 192.732 262.291 370.804 448.71 482.099 
-6.27744e+66 -6.27744e+66 -6.27744e+66 -6.27744e+66 -6.27744e+66 -6.27744e+66 84.2192 95.3487 148.214 152.387 208.035 298.462 365.239 394.454 
-6.27744e+66 -6.27744e+66 -6.27744e+66 -6.27744e+66 -6.27744e+66 -6.27744e+66 -6.27744e+66 84.2192 110.652 113.434 155.17 227.512 283.159 308.2 
-6.27744e+66 -6.27744e+66 -6.27744e+66 -6.27744e+66 -6.27744e+66 -6.27744e+66 -6.27744e+66 -6.27744e+66 84.2192 85.6104 113.434 167.69 212.208 233.076 
-6.27744e+66 -6.27744e+66 -6.27744e+66 -6.27744e+66 -6.27744e+66 -6.27744e+66 -6.27744e+66 -6.27744e+66 -6.27744e+66 84.2192 98.1311 134.302 167.69 184.385 
-6.27744e+66 -6.27744e+66 -6.27744e+66 -6.27744e+66 -6.27744e+66 -6.27744e+66 -6.27744e+66 -6.27744e+66 -6.27744e+66 -6.27744e+66 84.2192 102.305 124.564 137.084 
-6.27744e+66 -6.27744e+66 -6.27744e+66 -6.27744e+66 -6.27744e+66 -6.27744e+66 -6.27744e+66 -6.27744e+66 -6.27744e+66 -6.27744e+66 -6.27744e+66 84.2192 95.3487 103.696 
-6.27744e+66 -6.27744e+66 -6.27744e+66 -6.27744e+66 -6.27744e+66 -6.27744e+66 -6.27744e+66 -6.27744e+66 -6.27744e+66 -6.27744e+66 -6.27744e+66 -6.27744e+66 84.2192 88.3928 
-6.27744e+66 -6.27744e+66 -6.27744e+66 -6.27744e+66 -6.27744e+66 -6.27744e+66 -6.27744e+66 -6.27744e+66 -6.27744e+66 -6.27744e+66 -6.27744e+66 -6.27744e+66 -6.27744e+66 84.2192 
-6.27744e+66 -6.27744e+66 -6.27744e+66 -6.27744e+66 -6.27744e+66 -6.27744e+66 -6.27744e+66 -6.27744e+66 -6.27744e+66 -6.27744e+66 -6.27744e+66 -6.27744e+66 -6.27744e+66 -6.27744e+66 
-6.27744e+66 79.6226 101.015 143.799 221.727 221.727 290.488 336.328 453.985 551.778 620.538 696.938 713.747 1025.46 
-6.27744e+66 -6.27744e+66 79.6226 101.015 152.967 152.967 207.975 246.176 347.024 432.593 493.713 562.474 577.754 863.492 
-6.27744e+66 -6.27744e+66 -6.27744e+66 79.6226 105.599 105.599 146.855 177.415 261.456 334.8 388.281 449.401 463.153 722.915 
-6.27744e+66 -6.27744e+66 -6.27744e+66 -6.27744e+66 79.6226 79.6226 107.127 130.047 197.279 258.4 304.24 357.72 369.944 603.73 
-6.27744e+66 -6.27744e+66 -6.27744e+66 -6.27744e+66 -6.27744e+66 79.6226 93.3746 108.655 159.079 207.975 246.176 292.016 302.712 510.521 
-6.27744e+66 -6.27744e+66 -6.27744e+66 -6.27744e+66 -6.27744e+66 -6.27744e+66 79.6226 87.2626 120.879 157.551 188.111 226.311 235.48 417.313 
-6.27744e+66 -6.27744e+66 -6.27744e+66 -6.27744e+66 -6.27744e+66 -6.27744e+66 -6.27744e+66 79.6226 96.4307 120.879 143.799 174.359 181.999 337.856 
-6.27744e+66 -6.27744e+66 -6.27744e+66 -6.27744e+66 -6.27744e+66 -6.27744e+66 -6.27744e+66 -6.27744e+66 79.6226 91.8466 107.127 130.047 136.159 266.04 
-6.27744e+66 -6.27744e+66 -6.27744e+66 -6.27744e+66 -6.27744e+66 -6.27744e+66 -6.27744e+66 -6.27744e+66 -6.27744e+66 79.6226 87.2626 102.543 107.127 211.031 
-6.27744e+66 -6.27744e+66 -6.27744e+66 -6.27744e+66 -6.27744e+66 -6.27744e+66 -6.27744e+66 -6.27744e+66 -6.27744e+66 -6.27744e+66 79.6226 87.2626 90.3186 168.247 
-6.27744e+66 -6.27744e+66 -6.27744e+66 -6.27744e+66 -6.27744e+66 -6.27744e+66 -6.27744e+66 -6.27744e+66 -6.27744e+66 -6.27744e+66 -6.27744e+66 79.6226 81.1506 133.103 
-6.27744e+66 -6.27744e+66 -6.27744e+66 -6.27744e+66 -6.27744e+66 -6.27744e+66 -6.27744e+66 -6.27744e+66 -6.27744e+66 -6.27744e+66 -6.27744e+66 -6.27744e+66 79.6226 105.599 
-6.27744e+66 -6.27744e+66 -6.27744e+66 -6.27744e+66 -6.27744e+66 -6.27744e+66 -6.27744e+66 -6.27744e+66 -6.27744e+66 -6.27744e+66 -6.27744e+66 -6.27744e+66 -6.27744e+66 79.6226 
-6.27744e+66 -6.27744e+66 -6.27744e+66 -6.27744e+66 -6.27744e+66 -6.27744e+66 -6.27744e+66 -6.27744e+66 -6.27744e+66 -6.27744e+66 -6.27744e+66 -6.27744e+66 -6.27744e+66 -6.27744e+66 
-6.27744e+66 91.1432 101.773 151.381 241.737 333.865 475.6 507.491 532.294 631.509 743.126 796.276 1205.54 1375.62 
-6.27744e+66 -6.27744e+66 91.1432 115.947 176.184 245.28 358.669 385.244 406.504 493.317 592.532 640.367 1012.42 1168.33 
-6.27744e+66 -6.27744e+66 -6.27744e+66 91.1432 121.262 167.326 252.367 273.627 291.344 365.755 452.568 495.089 829.938 971.674 
-6.27744e+66 -6.27744e+66 -6.27744e+66 -6.27744e+66 91.1432 114.175 170.869 186.814 200.988 262.997 337.408 374.614 672.258 799.82 
-6.27744e+66 -6.27744e+66 -6.27744e+66 -6.27744e+66 -6.27744e+66 91.1432 119.49 130.12 140.751 190.358 252.367 284.258 544.696 658.084 
-6.27744e+66 -6.27744e+66 -6.27744e+66 -6.27744e+66 -6.27744e+66 -6.27744e+66 91.1432 96.4582 103.545 140.751 190.358 216.933 440.166 539.381 
-6.27744e+66 -6.27744e+66 -6.27744e+66 -6.27744e+66 -6.27744e+66 -6.27744e+66 -6.27744e+66 91.1432 94.6866 119.49 156.696 177.956 363.984 449.025 
-6.27744e+66 -6.27744e+66 -6.27744e+66 -6.27744e+66 -6.27744e+66 -6.27744e+66 -6.27744e+66 -6.27744e+66 91.1432 103.545 128.349 144.294 293.116 363.984 
-6.27744e+66 -6.27744e+66 -6.27744e+66 -6.27744e+66 -6.27744e+66 -6.27744e+66 -6.27744e+66 -6.27744e+66 -6.27744e+66 91.1432 103.545 114.175 225.792 282.486 
-6.27744e+66 -6.27744e+66 -6.27744e+66 -6.27744e+66 -6.27744e+66 -6.27744e+66 -6.27744e+66 -6.27744e+66 -6.27744e+66 -6.27744e+66 91.1432 96.4582 170.869 213.39 
-6.27744e+66 -6.27744e+66 -6.27744e+66 -6.27744e+66 -6.27744e+66 -6.27744e+66 -6.27744e+66 -6.27744e+66 -6.27744e+66 -6.27744e+66 -6.27744e+66 91.1432 128.349 156.696 
-6.27744e+66 -6.27744e+66 -6.27744e+66 -6.27744e+66 -6.27744e+66 -6.27744e+66 -6.27744e+66 -6.27744e+66 -6.27744e+66 -6.27744e+66 -6.27744e+66 -6.27744e+66 91.1432 105.317 
-6.27744e+66 -6.27744e+66 -6.27744e+66 -6.27744e+66 -6.27744e+66 -6.27744e+66 -6.27744e+66 -6.27744e+66 -6.27744e+66 -6.27744e+66 -6.27744e+66 -6.27744e+66 -6.27744e+66 91.1432 
-6.27744e+66 -6.27744e+66 -6.27744e+66 -6.27744e+66 -6.27744e+66 -6.27744e+66 -6.27744e+66 -6.27744e+66 -6.27744e+66 -6.27744e+66 -6.27744e+66 -6.27744e+66 -6.27744e+66 -6.27744e+66 
-6.27744e+66 53.4609 54.5521 113.472 162.572 175.665 219.31 363.336 477.903 565.192 633.932 895.799 967.812 993.999 
-6.27744e+66 -6.27744e+66 53.4609 82.9209 115.654 125.474 160.39 280.412 378.612 454.99 516.092 751.772 817.239 841.243 
-6.27744e+66 -6.27744e+66 -6.27744e+66 53.4609 69.8276 76.3743 102.561 198.579 280.412 345.879 399.343 608.836 667.756 689.579 
-6.27744e+66 -6.27744e+66 -6.27744e+66 -6.27744e+66 53.4609 56.7343 74.192 146.205 211.672 266.228 312.054 495.361 547.734 567.374 
-6.27744e+66 -6.27744e+66 -6.27744e+66 -6.27744e+66 -6.27744e+66 53.4609 62.1898 110.199 159.299 202.943 241.132 398.252 444.079 461.536 
-6.27744e+66 -6.27744e+66 -6.27744e+66 -6.27744e+66 -6.27744e+66 -6.27744e+66 53.4609 77.4654 110.199 142.932 173.483 304.416 343.696 358.972 
-6.27744e+66 -6.27744e+66 -6.27744e+66 -6.27744e+66 -6.27744e+66 -6.27744e+66 -6.27744e+66 53.4609 69.8276 91.6498 114.563 219.31 252.043 265.136 
-6.27744e+66 -6.27744e+66 -6.27744e+66 -6.27744e+66 -6.27744e+66 -6.27744e+66 -6.27744e+66 -6.27744e+66 53.4609 64.3721 79.6476 158.208 184.394 195.305 
-6.27744e+66 -6.27744e+66 -6.27744e+66 -6.27744e+66 -6.27744e+66 -6.27744e+66 -6.27744e+66 -6.27744e+66 -6.27744e+66 53.4609 61.0987 113.472 133.112 141.841 
-6.27744e+66 -6.27744e+66 -6.27744e+66 -6.27744e+66 -6.27744e+66 -6.27744e+66 -6.27744e+66 -6.27744e+66 -6.27744e+66 -6.27744e+66 53.4609 79.6476 92.7409 99.2876 
-6.27744e+66 -6.27744e+66 -6.27744e+66 -6.27744e+66 -6.27744e+66 -6.27744e+66 -6.27744e+66 -6.27744e+66 -6.27744e+66 -6.27744e+66 -6.27744e+66 53.4609 60.0076 64.3721 
-6.27744e+66 -6.27744e+66 -6.27744e+66 -6.27744e+66 -6.27744e+66 -6.27744e+66 -6.27744e+66 -6.27744e+66 -6.27744e+66 -6.27744e+66 -6.27744e+66 -6.27744e+66 53.4609 55.6432 
-6.27744e+66 -6.27744e+66 -6.27744e+66 -6.27744e+66 -6.27744e+66 -6.27744e+66 -6.27744e+66 -6.27744e+66 -6.27744e+66 -6.27744e+66 -6.27744e+66 -6.27744e+66 -6.27744e+66 53.4609 
-6.27744e+66 -6.27744e+66 -6.27744e+66 -6.27744e+66 -6.27744e+66 -6.27744e+66 -6.27744e+66 -6.27744e+66 -6.27744e+66 -6.27744e+66 -6.27744e+66 -6.27744e+66 -6.27744e+66 -6.27744e+66 
-6.27744e+66 2.05329 7.66686 10.8746 32.527 51.7735 87.8607 92.6724 103.9 187.301 245.041 261.079 366.935 578.647 
-6.27744e+66 -6.27744e+66 2.05329 3.65717 18.0921 32.527 61.3968 65.4064 75.0297 148.006 199.33 213.765 309.998 504.067 
-6.27744e+66 -6.27744e+66 -6.27744e+66 2.05329 9.27074 18.894 40.5463 43.7541 51.7735 114.325 159.233 172.064 258.674 435.1 
-6.27744e+66 -6.27744e+66 -6.27744e+66 -6.27744e+66 2.05329 6.86492 21.2998 23.7056 30.1211 82.2472 120.74 131.967 208.953 367.737 
-6.27744e+66 -6.27744e+66 -6.27744e+66 -6.27744e+66 -6.27744e+66 2.05329 9.27074 10.8746 15.6862 57.3871 89.4646 99.0879 166.451 307.592 
-6.27744e+66 -6.27744e+66 -6.27744e+66 -6.27744e+66 -6.27744e+66 -6.27744e+66 2.05329 2.85523 6.06299 37.3386 63.0006 71.02 128.76 252.258 
-6.27744e+66 -6.27744e+66 -6.27744e+66 -6.27744e+66 -6.27744e+66 -6.27744e+66 -6.27744e+66 2.05329 3.65717 24.5076 43.7541 50.1696 98.2859 204.142 
-6.27744e+66 -6.27744e+66 -6.27744e+66 -6.27744e+66 -6.27744e+66 -6.27744e+66 -6.27744e+66 -6.27744e+66 2.05329 12.4785 25.3095 30.1211 68.6142 156.827 
-6.27744e+66 -6.27744e+66 -6.27744e+66 -6.27744e+66 -6.27744e+66 -6.27744e+66 -6.27744e+66 -6.27744e+66 -6.27744e+66 2.05329 8.4688 11.6766 40.5463 111.117 
-6.27744e+66 -6.27744e+66 -6.27744e+66 -6.27744e+66 -6.27744e+66 -6.27744e+66 -6.27744e+66 -6.27744e+66 -6.27744e+66 -6.27744e+66 2.05329 3.65717 22.9037 75.8317 
-6.27744e+66 -6.27744e+66 -6.27744e+66 -6.27744e+66 -6.27744e+66 -6.27744e+66 -6.27744e+66 -6.27744e+66 -6.27744e+66 -6.27744e+66 -6.27744e+66 2.05329 11.6766 46.9619 
-6.27744e+66 -6.27744e+66 -6.27744e+66 -6.27744e+66 -6.27744e+66 -6.27744e+66 -6.27744e+66 -6.27744e+66 -6.27744e+66 -6.27744e+66 -6.27744e+66 -6.27744e+66 2.05329 19.6959 
-6.27744e+66 -6.27744e+66 -6.27744e+66 -6.27744e+66 -6.27744e+66 -6.27744e+66 -6.27744e+66 -6.27744e+66 -6.27744e+66 -6.27744e+66 -6.27744e+66 -6.27744e+66 -6.27744e+66 2.05329 
-6.27744e+66 -6.27744e+66 -6.27744e+66 -6.27744e+66 -6.27744e+66 -6.27744e+66 -6.27744e+66 -6.27744e+66 -6.27744e+66 -6.27744e+66 -6.27744e+66 -6.27744e+66 -6.27744e+66 -6.27744e+66 
-6.27744e+66 62.379 74.7518 93.3111 121.15 133.523 203.12 314.475 314.475 376.34 487.695 549.559 668.648 835.681 
-6.27744e+66 -6.27744e+66 62.379 71.6586 90.2179 99.4975 155.175 247.971 247.971 302.103 401.085 456.763 565.025 718.139 
-6.27744e+66 -6.27744e+66 -6.27744e+66 62.379 71.6586 77.845 119.603 193.84 193.84 240.238 326.848 376.34 473.776 612.97 
-6.27744e+66 -6.27744e+66 -6.27744e+66 -6.27744e+66 62.379 65.4722 93.3111 148.989 148.989 187.654 261.891 305.196 391.806 517.081 
-6.27744e+66 -6.27744e+66 -6.27744e+66 -6.27744e+66 -6.27744e+66 62.379 76.2984 113.417 113.417 144.349 206.213 243.332 319.115 430.471 
-6.27744e+66 -6.27744e+66 -6.27744e+66 -6.27744e+66 -6.27744e+66 -6.27744e+66 62.379 80.9382 80.9382 104.137 153.629 184.561 249.518 346.954 
-6.27744e+66 -6.27744e+66 -6.27744e+66 -6.27744e+66 -6.27744e+66 -6.27744e+66 -6.27744e+66 62.379 62.379 77.845 114.964 139.709 193.84 277.357 
-6.27744e+66 -6.27744e+66 -6.27744e+66 -6.27744e+66 -6.27744e+66 -6.27744e+66 -6.27744e+66 -6.27744e+66 62.379 70.112 94.8577 113.417 156.722 226.319 
-6.27744e+66 -6.27744e+66 -6.27744e+66 -6.27744e+66 -6.27744e+66 -6.27744e+66 -6.27744e+66 -6.27744e+66 -6.27744e+66 62.379 74.7518 87.1247 119.603 175.281 
-6.27744e+66 -6.27744e+66 -6.27744e+66 -6.27744e+66 -6.27744e+66 -6.27744e+66 -6.27744e+66 -6.27744e+66 -6.27744e+66 -6.27744e+66 62.379 68.5654 90.2179 131.976 
-6.27744e+66 -6.27744e+66 -6.27744e+66 -6.27744e+66 -6.27744e+66 -6.27744e+66 -6.27744e+66 -6.27744e+66 -6.27744e+66 -6.27744e+66 -6.27744e+66 62.379 73.2052 101.044 
-6.27744e+66 -6.27744e+66 -6.27744e+66 -6.27744e+66 -6.27744e+66 -6.27744e+66 -6.27744e+66 -6.27744e+66 -6.27744e+66 -6.27744e+66 -6.27744e+66 -6.27744e+66 62.379 76.2984 
-6.27744e+66 -6.27744e+66 -6.27744e+66 -6.27744e+66 -6.27744e+66 -6.27744e+66 -6.27744e+66 -6.27744e+66 -6.27744e+66 -6.27744e+66 -6.27744e+66 -6.27744e+66 -6.27744e+66 62.379 
-6.27744e+66 -6.27744e+66 -6.27744e+66 -6.27744e+66 -6.27744e+66 -6.27744e+66 -6.27744e+66 -6.27744e+66 -6.27744e+66 -6.27744e+66 -6.27744e+66 -6.27744e+66 -6.27744e+66 -6.27744e+66 
-6.27744e+66 6.90216 6.90216 15.2131 56.7676 56.7676 63.6934 130.181 236.837 270.081 295.014 336.568 397.515 530.49 
-6.27744e+66 -6.27744e+66 6.90216 11.0576 38.7607 38.7607 44.3013 99.7074 191.127 220.216 242.378 279.777 335.183 457.077 
-6.27744e+66 -6.27744e+66 -6.27744e+66 6.90216 20.7537 20.7537 24.9091 69.234 145.417 170.35 189.742 222.986 272.851 383.664 
-6.27744e+66 -6.27744e+66 -6.27744e+66 -6.27744e+66 6.90216 6.90216 9.67246 42.9161 103.863 124.64 141.262 170.35 214.675 314.406 
-6.27744e+66 -6.27744e+66 -6.27744e+66 -6.27744e+66 -6.27744e+66 6.90216 8.28731 30.4497 76.1598 92.7816 106.633 131.566 170.35 259 
-6.27744e+66 -6.27744e+66 -6.27744e+66 -6.27744e+66 -6.27744e+66 -6.27744e+66 6.90216 17.9834 48.4567 60.9231 72.0043 92.7816 126.025 203.594 
-6.27744e+66 -6.27744e+66 -6.27744e+66 -6.27744e+66 -6.27744e+66 -6.27744e+66 -6.27744e+66 6.90216 22.1388 30.4497 38.7607 55.3825 83.0855 149.573 
-6.27744e+66 -6.27744e+66 -6.27744e+66 -6.27744e+66 -6.27744e+66 -6.27744e+66 -6.27744e+66 -6.27744e+66 6.90216 11.0576 16.5982 29.0646 51.227 106.633 
-6.27744e+66 -6.27744e+66 -6.27744e+66 -6.27744e+66 -6.27744e+66 -6.27744e+66 -6.27744e+66 -6.27744e+66 -6.27744e+66 6.90216 9.67246 17.9834 34.6052 78.9301 
-6.27744e+66 -6.27744e+66 -6.27744e+66 -6.27744e+66 -6.27744e+66 -6.27744e+66 -6.27744e+66 -6.27744e+66 -6.27744e+66 -6.27744e+66 6.90216 11.0576 22.1388 55.3825 
-6.27744e+66 -6.27744e+66 -6.27744e+66 -6.27744e+66 -6.27744e+66 -6.27744e+66 -6.27744e+66 -6.27744e+66 -6.27744e+66 -6.27744e+66 -6.27744e+66 6.90216 12.4428 34.6052 
-6.27744e+66 -6.27744e+66 -6.27744e+66 -6.27744e+66 -6.27744e+66 -6.27744e+66 -6.27744e+66 -6.27744e+66 -6.27744e+66 -6.27744e+66 -6.27744e+66 -6.27744e+66 6.90216 17.9834 
-6.27744e+66 -6.27744e+66 -6.27744e+66 -6.27744e+66 -6.27744e+66 -6.27744e+66 -6.27744e+66 -6.27744e+66 -6.27744e+66 -6.27744e+66 -6.27744e+66 -6.27744e+66 -6.27744e+66 6.90216 
-6.27744e+66 -6.27744e+66 -6.27744e+66 -6.27744e+66 -6.27744e+66 -6.27744e+66 -6.27744e+66 -6.27744e+66 -6.27744e+66 -6.27744e+66 -6.27744e+66 -6.27744e+66 -6.27744e+66 -6.27744e+66 
-6.27744e+66 79.634 89.956 131.244 137.437 145.695 259.237 333.556 362.457 428.518 484.257 587.477 746.436 795.982 
-6.27744e+66 -6.27744e+66 79.634 100.278 104.407 110.6 201.434 263.366 288.139 345.942 395.488 488.386 632.894 678.311 
-6.27744e+66 -6.27744e+66 -6.27744e+66 79.634 81.6984 85.8272 153.953 203.498 224.142 273.688 317.04 399.616 529.674 570.962 
-6.27744e+66 -6.27744e+66 -6.27744e+66 -6.27744e+66 79.634 81.6984 127.115 164.275 180.79 222.078 259.237 331.491 447.098 484.257 
-6.27744e+66 -6.27744e+66 -6.27744e+66 -6.27744e+66 -6.27744e+66 79.634 102.342 127.115 139.502 172.532 203.498 265.43 366.586 399.616 
-6.27744e+66 -6.27744e+66 -6.27744e+66 -6.27744e+66 -6.27744e+66 -6.27744e+66 79.634 92.0204 100.278 125.051 149.824 201.434 288.139 317.04 
-6.27744e+66 -6.27744e+66 -6.27744e+66 -6.27744e+66 -6.27744e+66 -6.27744e+66 -6.27744e+66 79.634 83.7628 100.278 118.858 160.146 232.4 257.173 
-6.27744e+66 -6.27744e+66 -6.27744e+66 -6.27744e+66 -6.27744e+66 -6.27744e+66 -6.27744e+66 -6.27744e+66 79.634 87.8916 100.278 131.244 189.047 209.691 
-6.27744e+66 -6.27744e+66 -6.27744e+66 -6.27744e+66 -6.27744e+66 -6.27744e+66 -6.27744e+66 -6.27744e+66 -6.27744e+66 79.634 85.8272 106.471 149.824 166.339 
-6.27744e+66 -6.27744e+66 -6.27744e+66 -6.27744e+66 -6.27744e+66 -6.27744e+66 -6.27744e+66 -6.27744e+66 -6.27744e+66 -6.27744e+66 79.634 89.956 118.858 131.244 
-6.27744e+66 -6.27744e+66 -6.27744e+66 -6.27744e+66 -6.27744e+66 -6.27744e+66 -6.27744e+66 -6.27744e+66 -6.27744e+66 -6.27744e+66 -6.27744e+66 79.634 94.0848 102.342 
-6.27744e+66 -6.27744e+66 -6.27744e+66 -6.27744e+66 -6.27744e+66 -6.27744e+66 -6.27744e+66 -6.27744e+66 -6.27744e+66 -6.27744e+66 -6.27744e+66 -6.27744e+66 79.634 83.7628 
-6.27744e+66 -6.27744e+66 -6.27744e+66 -6.27744e+66 -6.27744e+66 -6.27744e+66 -6.27744e+66 -6.27744e+66 -6.27744e+66 -6.27744e+66 -6.27744e+66 -6.27744e+66 -6.27744e+66 79.634 
-6.27744e+66 -6.27744e+66 -6.27744e+66 -6.27744e+66 -6.27744e+66 -6.27744e+66 -6.27744e+66 -6.27744e+66 -6.27744e+66 -6.27744e+66 -6.27744e+66 -6.27744e+66 -6.27744e+66 -6.27744e+66 
-6.27744e+66 48.3225 54.1246 64.0711 71.531 147.788 197.52 257.2 292.012 298.643 380.702 513.323 704.793 784.365 
-6.27744e+66 -6.27744e+66 48.3225 53.2957 58.269 115.462 155.248 204.98 234.82 240.622 313.563 432.921 606.986 679.927 
-6.27744e+66 -6.27744e+66 -6.27744e+66 48.3225 50.8091 88.9375 118.777 158.563 183.429 188.403 252.226 358.323 514.98 581.29 
-6.27744e+66 -6.27744e+66 -6.27744e+66 -6.27744e+66 48.3225 67.3867 87.2797 117.119 137.012 141.157 195.863 288.697 427.948 487.627 
-6.27744e+66 -6.27744e+66 -6.27744e+66 -6.27744e+66 -6.27744e+66 48.3225 58.269 78.1621 93.0818 96.3973 141.986 221.558 343.403 396.451 
-6.27744e+66 -6.27744e+66 -6.27744e+66 -6.27744e+66 -6.27744e+66 -6.27744e+66 48.3225 58.269 68.2155 70.7022 107.173 173.483 277.921 324.339 
-6.27744e+66 -6.27744e+66 -6.27744e+66 -6.27744e+66 -6.27744e+66 -6.27744e+66 -6.27744e+66 48.3225 53.2957 54.9535 82.3064 135.355 222.387 262.173 
-6.27744e+66 -6.27744e+66 -6.27744e+66 -6.27744e+66 -6.27744e+66 -6.27744e+66 -6.27744e+66 -6.27744e+66 48.3225 49.1514 67.3867 107.173 176.798 209.954 
-6.27744e+66 -6.27744e+66 -6.27744e+66 -6.27744e+66 -6.27744e+66 -6.27744e+66 -6.27744e+66 -6.27744e+66 -6.27744e+66 48.3225 57.4401 83.9642 136.183 162.708 
-6.27744e+66 -6.27744e+66 -6.27744e+66 -6.27744e+66 -6.27744e+66 -6.27744e+66 -6.27744e+66 -6.27744e+66 -6.27744e+66 -6.27744e+66 48.3225 61.5845 96.3973 116.29 
-6.27744e+66 -6.27744e+66 -6.27744e+66 -6.27744e+66 -6.27744e+66 -6.27744e+66 -6.27744e+66 -6.27744e+66 -6.27744e+66 -6.27744e+66 -6.27744e+66 48.3225 65.7289 78.9909 
-6.27744e+66 -6.27744e+66 -6.27744e+66 -6.27744e+66 -6.27744e+66 -6.27744e+66 -6.27744e+66 -6.27744e+66 -6.27744e+66 -6.27744e+66 -6.27744e+66 -6.27744e+66 48.3225 54.9535 
-6.27744e+66 -6.27744e+66 -6.27744e+66 -6.27744e+66 -6.27744e+66 -6.27744e+66 -6.27744e+66 -6.27744e+66 -6.27744e+66 -6.27744e+66 -6.27744e+66 -6.27744e+66 -6.27744e+66 48.3225 
-6.27744e+66 -6.27744e+66 -6.27744e+66 -6.27744e+66 -6.27744e+66 -6.27744e+66 -6.27744e+66 -6.27744e+66 -6.27744e+66 -6.27744e+66 -6.27744e+66 -6.27744e+66 -6.27744e+66 -6.27744e+66 
-6.27744e+66 38.2668 45.6912 51.6307 56.0853 97.6617 105.086 158.541 283.271 330.787 477.789 492.638 574.306 627.761 
-6.27744e+66 -6.27744e+66 38.2668 41.2365 44.2063 75.3886 81.3281 125.874 232.785 274.362 405.03 418.394 492.638 541.639 
-6.27744e+66 -6.27744e+66 -6.27744e+66 38.2668 39.7517 60.5399 64.9945 100.631 189.724 225.361 339.696 351.575 418.394 462.94 
-6.27744e+66 -6.27744e+66 -6.27744e+66 -6.27744e+66 38.2668 48.6609 51.6307 78.3584 149.632 179.33 277.331 287.725 347.12 387.212 
-6.27744e+66 -6.27744e+66 -6.27744e+66 -6.27744e+66 -6.27744e+66 38.2668 39.7517 57.5701 111.026 134.784 216.452 225.361 277.331 312.968 
-6.27744e+66 -6.27744e+66 -6.27744e+66 -6.27744e+66 -6.27744e+66 -6.27744e+66 38.2668 47.176 82.813 100.631 165.966 173.39 217.936 249.119 
-6.27744e+66 -6.27744e+66 -6.27744e+66 -6.27744e+66 -6.27744e+66 -6.27744e+66 -6.27744e+66 38.2668 56.0853 67.9643 116.965 122.905 160.026 186.754 
-6.27744e+66 -6.27744e+66 -6.27744e+66 -6.27744e+66 -6.27744e+66 -6.27744e+66 -6.27744e+66 -6.27744e+66 38.2668 44.2063 76.8735 81.3281 111.026 133.299 
-6.27744e+66 -6.27744e+66 -6.27744e+66 -6.27744e+66 -6.27744e+66 -6.27744e+66 -6.27744e+66 -6.27744e+66 -6.27744e+66 38.2668 54.6004 57.5701 79.8432 97.6617 
-6.27744e+66 -6.27744e+66 -6.27744e+66 -6.27744e+66 -6.27744e+66 -6.27744e+66 -6.27744e+66 -6.27744e+66 -6.27744e+66 -6.27744e+66 38.2668 39.7517 54.6004 67.9643 
-6.27744e+66 -6.27744e+66 -6.27744e+66 -6.27744e+66 -6.27744e+66 -6.27744e+66 -6.27744e+66 -6.27744e+66 -6.27744e+66 -6.27744e+66 -6.27744e+66 38.2668 45.6912 54.6004 
-6.27744e+66 -6.27744e+66 -6.27744e+66 -6.27744e+66 -6.27744e+66 -6.27744e+66 -6.27744e+66 -6.27744e+66 -6.27744e+66 -6.27744e+66 -6.27744e+66 -6.27744e+66 38.2668 42.7214 
-6.27744e+66 -6.27744e+66 -6.27744e+66 -6.27744e+66 -6.27744e+66 -6.27744e+66 -6.27744e+66 -6.27744e+66 -6.27744e+66 -6.27744e+66 -6.27744e+66 -6.27744e+66 -6.27744e+66 38.2668 
-6.27744e+66 -6.27744e+66 -6.27744e+66 -6.27744e+66 -6.27744e+66 -6.27744e+66 -6.27744e+66 -6.27744e+66 -6.27744e+66 -6.27744e+66 -6.27744e+66 -6.27744e+66 -6.27744e+66 -6.27744e+66 
-6.27744e+66 67.6443 81.4185 108.967 115.854 198.5 198.5 253.597 285.737 524.491 586.475 609.432 659.938 687.486 
-6.27744e+66 -6.27744e+66 67.6443 81.4185 86.01 147.994 147.994 193.908 221.457 430.367 485.464 506.125 552.039 577.292 
-6.27744e+66 -6.27744e+66 -6.27744e+66 67.6443 69.94 111.263 111.263 147.994 170.951 350.017 398.227 416.592 457.915 480.872 
-6.27744e+66 -6.27744e+66 -6.27744e+66 -6.27744e+66 67.6443 88.3057 88.3057 115.854 134.22 283.441 324.764 340.834 377.565 398.227 
-6.27744e+66 -6.27744e+66 -6.27744e+66 -6.27744e+66 -6.27744e+66 67.6443 67.6443 86.01 99.7842 219.161 253.597 267.371 299.511 317.877 
-6.27744e+66 -6.27744e+66 -6.27744e+66 -6.27744e+66 -6.27744e+66 -6.27744e+66 67.6443 76.8271 86.01 175.543 203.091 214.57 242.118 258.188 
-6.27744e+66 -6.27744e+66 -6.27744e+66 -6.27744e+66 -6.27744e+66 -6.27744e+66 -6.27744e+66 67.6443 72.2357 131.924 152.586 161.768 184.726 198.5 
-6.27744e+66 -6.27744e+66 -6.27744e+66 -6.27744e+66 -6.27744e+66 -6.27744e+66 -6.27744e+66 -6.27744e+66 67.6443 97.4885 111.263 118.15 136.516 147.994 
-6.27744e+66 -6.27744e+66 -6.27744e+66 -6.27744e+66 -6.27744e+66 -6.27744e+66 -6.27744e+66 -6.27744e+66 -6.27744e+66 67.6443 74.5314 79.1228 92.8971 102.08 
-6.27744e+66 -6.27744e+66 -6.27744e+66 -6.27744e+66 -6.27744e+66 -6.27744e+66 -6.27744e+66 -6.27744e+66 -6.27744e+66 -6.27744e+66 67.6443 69.94 79.1228 86.01 
-6.27744e+66 -6.27744e+66 -6.27744e+66 -6.27744e+66 -6.27744e+66 -6.27744e+66 -6.27744e+66 -6.27744e+66 -6.27744e+66 -6.27744e+66 -6.27744e+66 67.6443 72.2357 76.8271 
-6.27744e+66 -6.27744e+66 -6.27744e+66 -6.27744e+66 -6.27744e+66 -6.27744e+66 -6.27744e+66 -6.27744e+66 -6.27744e+66 -6.27744e+66 -6.27744e+66 -6.27744e+66 67.6443 69.94 
-6.27744e+66 -6.27744e+66 -6.27744e+66 -6.27744e+66 -6.27744e+66 -6.27744e+66 -6.27744e+66 -6.27744e+66 -6.27744e+66 -6.27744e+66 -6.27744e+66 -6.27744e+66 -6.27744e+66 67.6443 
-6.27744e+66 -6.27744e+66 -6.27744e+66 -6.27744e+66 -6.27744e+66 -6.27744e+66 -6.27744e+66 -6.27744e+66 -6.27744e+66 -6.27744e+66 -6.27744e+66 -6.27744e+66 -6.27744e+66 -6.27744e+66 
-6.27744e+66 66.0162 70.045 126.448 174.794 255.369 346.017 430.622 430.622 591.774 736.81 897.962 920.12 1089.33 
-6.27744e+66 -6.27744e+66 66.0162 94.2177 126.448 186.88 259.398 329.902 329.902 470.91 599.831 744.868 765.012 920.12 
-6.27744e+66 -6.27744e+66 -6.27744e+66 66.0162 82.1313 122.419 176.808 233.211 233.211 354.075 466.881 595.803 613.932 754.94 
-6.27744e+66 -6.27744e+66 -6.27744e+66 -6.27744e+66 66.0162 86.1601 122.419 164.722 164.722 265.441 362.133 474.939 491.054 617.961 
-6.27744e+66 -6.27744e+66 -6.27744e+66 -6.27744e+66 -6.27744e+66 66.0162 84.1457 112.347 112.347 192.923 273.499 370.19 384.291 497.097 
-6.27744e+66 -6.27744e+66 -6.27744e+66 -6.27744e+66 -6.27744e+66 -6.27744e+66 66.0162 80.1169 80.1169 140.549 205.01 285.585 297.672 396.377 
-6.27744e+66 -6.27744e+66 -6.27744e+66 -6.27744e+66 -6.27744e+66 -6.27744e+66 -6.27744e+66 66.0162 66.0162 106.304 154.65 219.11 229.182 313.787 
-6.27744e+66 -6.27744e+66 -6.27744e+66 -6.27744e+66 -6.27744e+66 -6.27744e+66 -6.27744e+66 -6.27744e+66 66.0162 86.1601 118.39 166.736 174.794 245.297 
-6.27744e+66 -6.27744e+66 -6.27744e+66 -6.27744e+66 -6.27744e+66 -6.27744e+66 -6.27744e+66 -6.27744e+66 -6.27744e+66 66.0162 82.1313 114.362 120.405 176.808 
-6.27744e+66 -6.27744e+66 -6.27744e+66 -6.27744e+66 -6.27744e+66 -6.27744e+66 -6.27744e+66 -6.27744e+66 -6.27744e+66 -6.27744e+66 66.0162 82.1313 86.1601 128.462 
-6.27744e+66 -6.27744e+66 -6.27744e+66 -6.27744e+66 -6.27744e+66 -6.27744e+66 -6.27744e+66 -6.27744e+66 -6.27744e+66 -6.27744e+66 -6.27744e+66 66.0162 68.0306 96.2321 
-6.27744e+66 -6.27744e+66 -6.27744e+66 -6.27744e+66 -6.27744e+66 -6.27744e+66 -6.27744e+66 -6.27744e+66 -6.27744e+66 -6.27744e+66 -6.27744e+66 -6.27744e+66 66.0162 80.1169 
-6.27744e+66 -6.27744e+66 -6.27744e+66 -6.27744e+66 -6.27744e+66 -6.27744e+66 -6.27744e+66 -6.27744e+66 -6.27744e+66 -6.27744e+66 -6.27744e+66 -6.27744e+66 -6.27744e+66 66.0162 
-6.27744e+66 -6.27744e+66 -6.27744e+66 -6.27744e+66 -6.27744e+66 -6.27744e+66 -6.27744e+66 -6.27744e+66 -6.27744e+66 -6.27744e+66 -6.27744e+66 -6.27744e+66 -6.27744e+66 -6.27744e+66 
-6.27744e+66 47.3428 65.9746 76.6213 84.6064 127.193 233.661 249.631 286.894 350.775 470.551 577.018 664.853 792.614 
-6.27744e+66 -6.27744e+66 47.3428 52.6662 57.9895 89.9298 175.104 188.412 220.352 276.248 382.715 478.536 558.386 675.5 
-6.27744e+66 -6.27744e+66 -6.27744e+66 47.3428 50.0045 71.298 135.178 145.825 172.442 220.352 313.511 398.685 470.551 577.018 
-6.27744e+66 -6.27744e+66 -6.27744e+66 -6.27744e+66 47.3428 57.9895 100.576 108.562 129.855 169.78 249.631 324.158 388.038 483.859 
-6.27744e+66 -6.27744e+66 -6.27744e+66 -6.27744e+66 -6.27744e+66 47.3428 68.6363 73.9596 89.9298 121.87 188.412 252.292 308.188 393.362 
-6.27744e+66 -6.27744e+66 -6.27744e+66 -6.27744e+66 -6.27744e+66 -6.27744e+66 47.3428 50.0045 60.6512 84.6064 137.84 191.074 238.984 313.511 
-6.27744e+66 -6.27744e+66 -6.27744e+66 -6.27744e+66 -6.27744e+66 -6.27744e+66 -6.27744e+66 47.3428 52.6662 68.6363 108.562 151.148 191.074 254.954 
-6.27744e+66 -6.27744e+66 -6.27744e+66 -6.27744e+66 -6.27744e+66 -6.27744e+66 -6.27744e+66 -6.27744e+66 47.3428 55.3279 81.9447 113.885 145.825 199.059 
-6.27744e+66 -6.27744e+66 -6.27744e+66 -6.27744e+66 -6.27744e+66 -6.27744e+66 -6.27744e+66 -6.27744e+66 -6.27744e+66 47.3428 60.6512 81.9447 105.9 148.487 
-6.27744e+66 -6.27744e+66 -6.27744e+66 -6.27744e+66 -6.27744e+66 -6.27744e+66 -6.27744e+66 -6.27744e+66 -6.27744e+66 -6.27744e+66 47.3428 57.9895 73.9596 105.9 
-6.27744e+66 -6.27744e+66 -6.27744e+66 -6.27744e+66 -6.27744e+66 -6.27744e+66 -6.27744e+66 -6.27744e+66 -6.27744e+66 -6.27744e+66 -6.27744e+66 47.3428 55.3279 76.6213 
-6.27744e+66 -6.27744e+66 -6.27744e+66 -6.27744e+66 -6.27744e+66 -6.27744e+66 -6.27744e+66 -6.27744e+66 -6.27744e+66 -6.27744e+66 -6.27744e+66 -6.27744e+66 47.3428 57.9895 
-6.27744e+66 -6.27744e+66 -6.27744e+66 -6.27744e+66 -6.27744e+66 -6.27744e+66 -6.27744e+66 -6.27744e+66 -6.27744e+66 -6.27744e+66 -6.27744e+66 -6.27744e+66 -6.27744e+66 47.3428 
-6.27744e+66 -6.27744e+66 -6.27744e+66 -6.27744e+66 -6.27744e+66 -6.27744e+66 -6.27744e+66 -6.27744e+66 -6.27744e+66 -6.27744e+66 -6.27744e+66 -6.27744e+66 -6.27744e+66 -6.27744e+66 
-6.27744e+66 35.0489 35.0489 65.1457 117.815 167.977 218.138 278.332 278.332 338.525 383.671 408.751 491.517 521.614 
-6.27744e+66 -6.27744e+66 35.0489 50.0973 85.2103 122.831 162.96 213.122 213.122 265.791 305.92 328.493 403.735 431.324 
-6.27744e+66 -6.27744e+66 -6.27744e+66 35.0489 52.6054 77.6861 107.783 147.912 147.912 193.057 228.17 248.235 315.953 341.033 
-6.27744e+66 -6.27744e+66 -6.27744e+66 -6.27744e+66 35.0489 47.5892 67.6538 97.7506 97.7506 135.372 165.468 183.025 243.219 265.791 
-6.27744e+66 -6.27744e+66 -6.27744e+66 -6.27744e+66 -6.27744e+66 35.0489 45.0812 65.1457 65.1457 95.2425 120.323 135.372 188.041 208.106 
-6.27744e+66 -6.27744e+66 -6.27744e+66 -6.27744e+66 -6.27744e+66 -6.27744e+66 35.0489 45.0812 45.0812 67.6538 87.7183 100.259 145.404 162.96 
-6.27744e+66 -6.27744e+66 -6.27744e+66 -6.27744e+66 -6.27744e+66 -6.27744e+66 -6.27744e+66 35.0489 35.0489 50.0973 65.1457 75.178 112.799 127.847 
-6.27744e+66 -6.27744e+66 -6.27744e+66 -6.27744e+66 -6.27744e+66 -6.27744e+66 -6.27744e+66 -6.27744e+66 35.0489 42.5731 52.6054 60.1296 90.2264 102.767 
-6.27744e+66 -6.27744e+66 -6.27744e+66 -6.27744e+66 -6.27744e+66 -6.27744e+66 -6.27744e+66 -6.27744e+66 -6.27744e+66 35.0489 40.065 45.0812 67.6538 77.6861 
-6.27744e+66 -6.27744e+66 -6.27744e+66 -6.27744e+66 -6.27744e+66 -6.27744e+66 -6.27744e+66 -6.27744e+66 -6.27744e+66 -6.27744e+66 35.0489 37.557 52.6054 60.1296 
-6.27744e+66 -6.27744e+66 -6.27744e+66 -6.27744e+66 -6.27744e+66 -6.27744e+66 -6.27744e+66 -6.27744e+66 -6.27744e+66 -6.27744e+66 -6.27744e+66 35.0489 42.5731 47.5892 
-6.27744e+66 -6.27744e+66 -6.27744e+66 -6.27744e+66 -6.27744e+66 -6.27744e+66 -6.27744e+66 -6.27744e+66 -6.27744e+66 -6.27744e+66 -6.27744e+66 -6.27744e+66 35.0489 37.557 
-6.27744e+66 -6.27744e+66 -6.27744e+66 -6.27744e+66 -6.27744e+66 -6.27744e+66 -6.27744e+66 -6.27744e+66 -6.27744e+66 -6.27744e+66 -6.27744e+66 -6.27744e+66 -6.27744e+66 35.0489 
-6.27744e+66 -6.27744e+66 -6.27744e+66 -6.27744e+66 -6.27744e+66 -6.27744e+66 -6.27744e+66 -6.27744e+66 -6.27744e+66 -6.27744e+66 -6.27744e+66 -6.27744e+66 -6.27744e+66 -6.27744e+66 
-6.27744e+66 66.5938 82.1249 84.826 103.058 221.905 242.162 367.762 580.47 656.099 735.105 741.858 801.281 963.344 
-6.27744e+66 -6.27744e+66 66.5938 67.9444 80.0991 169.234 185.44 290.106 472.427 538.603 608.831 614.908 668.929 817.487 
-6.27744e+66 -6.27744e+66 -6.27744e+66 66.5938 72.6712 132.094 144.249 227.982 379.916 436.638 498.087 503.49 552.109 687.161 
-6.27744e+66 -6.27744e+66 -6.27744e+66 -6.27744e+66 66.5938 96.3054 104.409 167.208 288.756 336.024 388.695 393.422 436.638 558.186 
-6.27744e+66 -6.27744e+66 -6.27744e+66 -6.27744e+66 -6.27744e+66 66.5938 70.6454 112.512 203.672 241.487 285.379 289.431 327.246 435.288 
-6.27744e+66 -6.27744e+66 -6.27744e+66 -6.27744e+66 -6.27744e+66 -6.27744e+66 66.5938 87.527 148.301 176.662 211.776 215.152 247.565 342.101 
-6.27744e+66 -6.27744e+66 -6.27744e+66 -6.27744e+66 -6.27744e+66 -6.27744e+66 -6.27744e+66 66.5938 96.9807 115.888 142.223 144.924 171.935 252.967 
-6.27744e+66 -6.27744e+66 -6.27744e+66 -6.27744e+66 -6.27744e+66 -6.27744e+66 -6.27744e+66 -6.27744e+66 66.5938 76.0475 93.6044 95.6302 117.239 184.765 
-6.27744e+66 -6.27744e+66 -6.27744e+66 -6.27744e+66 -6.27744e+66 -6.27744e+66 -6.27744e+66 -6.27744e+66 -6.27744e+66 66.5938 75.3723 76.7228 92.9291 146.95 
-6.27744e+66 -6.27744e+66 -6.27744e+66 -6.27744e+66 -6.27744e+66 -6.27744e+66 -6.27744e+66 -6.27744e+66 -6.27744e+66 -6.27744e+66 66.5938 67.2691 78.0733 118.589 
-6.27744e+66 -6.27744e+66 -6.27744e+66 -6.27744e+66 -6.27744e+66 -6.27744e+66 -6.27744e+66 -6.27744e+66 -6.27744e+66 -6.27744e+66 -6.27744e+66 66.5938 71.9959 99.0065 
-6.27744e+66 -6.27744e+66 -6.27744e+66 -6.27744e+66 -6.27744e+66 -6.27744e+66 -6.27744e+66 -6.27744e+66 -6.27744e+66 -6.27744e+66 -6.27744e+66 -6.27744e+66 66.5938 80.0991 
-6.27744e+66 -6.27744e+66 -6.27744e+66 -6.27744e+66 -6.27744e+66 -6.27744e+66 -6.27744e+66 -6.27744e+66 -6.27744e+66 -6.27744e+66 -6.27744e+66 -6.27744e+66 -6.27744e+66 66.5938 
-6.27744e+66 -6.27744e+66 -6.27744e+66 -6.27744e+66 -6.27744e+66 -6.27744e+66 -6.27744e+66 -6.27744e+66 -6.27744e+66 -6.27744e+66 -6.27744e+66 -6.27744e+66 -6.27744e+66 -6.27744e+66 
-6.27744e+66 56.9551 59.3408 68.8835 83.1976 159.539 183.396 269.281 402.879 479.22 500.691 524.548 655.761 942.042 
-6.27744e+66 -6.27744e+66 56.9551 61.7265 71.2692 128.525 147.611 219.181 333.694 400.493 419.578 441.049 560.333 822.758 
-6.27744e+66 -6.27744e+66 -6.27744e+66 56.9551 61.7265 99.8973 114.211 171.468 266.895 324.151 340.851 359.936 467.292 705.86 
-6.27744e+66 -6.27744e+66 -6.27744e+66 -6.27744e+66 56.9551 76.0405 85.5833 128.525 204.867 252.581 266.895 283.595 379.022 593.733 
-6.27744e+66 -6.27744e+66 -6.27744e+66 -6.27744e+66 -6.27744e+66 56.9551 61.7265 90.3546 147.611 185.782 197.71 212.024 295.523 486.377 
-6.27744e+66 -6.27744e+66 -6.27744e+66 -6.27744e+66 -6.27744e+66 -6.27744e+66 56.9551 71.2692 109.44 138.068 147.611 159.539 231.11 398.107 
-6.27744e+66 -6.27744e+66 -6.27744e+66 -6.27744e+66 -6.27744e+66 -6.27744e+66 -6.27744e+66 56.9551 76.0405 95.126 102.283 111.826 171.468 314.608 
-6.27744e+66 -6.27744e+66 -6.27744e+66 -6.27744e+66 -6.27744e+66 -6.27744e+66 -6.27744e+66 -6.27744e+66 56.9551 66.4978 71.2692 78.4262 126.14 245.424 
-6.27744e+66 -6.27744e+66 -6.27744e+66 -6.27744e+66 -6.27744e+66 -6.27744e+66 -6.27744e+66 -6.27744e+66 -6.27744e+66 56.9551 59.3408 64.1121 99.8973 195.325 
-6.27744e+66 -6.27744e+66 -6.27744e+66 -6.27744e+66 -6.27744e+66 -6.27744e+66 -6.27744e+66 -6.27744e+66 -6.27744e+66 -6.27744e+66 56.9551 59.3408 83.1976 154.768 
-6.27744e+66 -6.27744e+66 -6.27744e+66 -6.27744e+66 -6.27744e+66 -6.27744e+66 -6.27744e+66 -6.27744e+66 -6.27744e+66 -6.27744e+66 -6.27744e+66 56.9551 68.8835 116.597 
-6.27744e+66 -6.27744e+66 -6.27744e+66 -6.27744e+66 -6.27744e+66 -6.27744e+66 -6.27744e+66 -6.27744e+66 -6.27744e+66 -6.27744e+66 -6.27744e+66 -6.27744e+66 56.9551 80.8119 
-6.27744e+66 -6.27744e+66 -6.27744e+66 -6.27744e+66 -6.27744e+66 -6.27744e+66 -6.27744e+66 -6.27744e+66 -6.27744e+66 -6.27744e+66 -6.27744e+66 -6.27744e+66 -6.27744e+66 56.9551 
-6.27744e+66 -6.27744e+66 -6.27744e+66 -6.27744e+66 -6.27744e+66 -6.27744e+66 -6.27744e+66 -6.27744e+66 -6.27744e+66 -6.27744e+66 -6.27744e+66 -6.27744e+66 -6.27744e+66 -6.27744e+66 
