13 10
-6.27744e+66 2.56808 2.56808 58.4909 70.4743 142.375 182.32 194.303 250.226 330.116 491.893 511.865 599.744 839.413 
-6.27744e+66 -6.27744e+66 2.56808 30.5295 38.5185 92.444 124.4 134.386 182.32 252.223 396.025 414 493.89 713.587 
-6.27744e+66 -6.27744e+66 -6.27744e+66 2.56808 6.56256 42.5129 66.4799 74.4688 114.414 174.331 300.157 316.135 388.036 587.76 
-6.27744e+66 -6.27744e+66 -6.27744e+66 -6.27744e+66 2.56808 20.5433 36.5212 42.5129 74.4688 124.4 232.251 246.232 310.144 489.895 
-6.27744e+66 -6.27744e+66 -6.27744e+66 -6.27744e+66 -6.27744e+66 2.56808 10.557 14.5515 38.5185 78.4633 168.339 180.323 236.246 396.025 
-6.27744e+66 -6.27744e+66 -6.27744e+66 -6.27744e+66 -6.27744e+66 -6.27744e+66 2.56808 4.56532 20.5433 50.5019 122.403 132.389 180.323 320.13 
-6.27744e+66 -6.27744e+66 -6.27744e+66 -6.27744e+66 -6.27744e+66 -6.27744e+66 -6.27744e+66 2.56808 10.557 30.5295 84.455 92.444 132.389 252.223 
-6.27744e+66 -6.27744e+66 -6.27744e+66 -6.27744e+66 -6.27744e+66 -6.27744e+66 -6.27744e+66 -6.27744e+66 2.56808 12.5543 48.5047 54.4964 86.4523 186.314 
-6.27744e+66 -6.27744e+66 -6.27744e+66 -6.27744e+66 -6.27744e+66 -6.27744e+66 -6.27744e+66 -6.27744e+66 -6.27744e+66 2.56808 20.5433 24.5378 48.5047 128.394 
-6.27744e+66 -6.27744e+66 -6.27744e+66 -6.27744e+66 -6.27744e+66 -6.27744e+66 -6.27744e+66 -6.27744e+66 -6.27744e+66 -6.27744e+66 2.56808 4.56532 20.5433 80.4606 
-6.27744e+66 -6.27744e+66 -6.27744e+66 -6.27744e+66 -6.27744e+66 -6.27744e+66 -6.27744e+66 -6.27744e+66 -6.27744e+66 -6.27744e+66 -6.27744e+66 2.56808 10.557 50.5019 
-6.27744e+66 -6.27744e+66 -6.27744e+66 -6.27744e+66 -6.27744e+66 -6.27744e+66 -6.27744e+66 -6.27744e+66 -6.27744e+66 -6.27744e+66 -6.27744e+66 -6.27744e+66 2.56808 22.5405 
-6.27744e+66 -6.27744e+66 -6.27744e+66 -6.27744e+66 -6.27744e+66 -6.27744e+66 -6.27744e+66 -6.27744e+66 -6.27744e+66 -6.27744e+66 -6.27744e+66 -6.27744e+66 -6.27744e+66 2.56808 
-6.27744e+66 -6.27744e+66 -6.27744e+66 -6.27744e+66 -6.27744e+66 -6.27744e+66 -6.27744e+66 -6.27744e+66 -6.27744e+66 -6.27744e+66 -6.27744e+66 -6.27744e+66 -6.27744e+66 -6.27744e+66 
-6.27744e+66 130.603 137.177 185.383 244.545 376.016 430.795 522.825 921.62 1359.86 1537.34 2085.14 2326.17 2483.93 
-6.27744e+66 -6.27744e+66 130.603 154.706 194.147 292.751 336.574 413.266 755.091 1138.55 1296.31 1789.33 2008.45 2153.07 
-6.27744e+66 -6.27744e+66 -6.27744e+66 130.603 150.324 216.059 248.927 310.28 595.134 923.812 1061.86 1500.09 1697.3 1828.77 
-6.27744e+66 -6.27744e+66 -6.27744e+66 -6.27744e+66 130.603 163.471 185.383 231.398 459.281 733.179 851.503 1234.96 1410.25 1528.58 
-6.27744e+66 -6.27744e+66 -6.27744e+66 -6.27744e+66 -6.27744e+66 130.603 141.559 172.236 343.148 562.266 660.87 989.547 1142.93 1248.11 
-6.27744e+66 -6.27744e+66 -6.27744e+66 -6.27744e+66 -6.27744e+66 -6.27744e+66 130.603 145.941 259.883 424.222 503.104 777.002 908.473 1000.5 
-6.27744e+66 -6.27744e+66 -6.27744e+66 -6.27744e+66 -6.27744e+66 -6.27744e+66 -6.27744e+66 130.603 187.574 297.133 356.295 575.413 684.973 763.855 
-6.27744e+66 -6.27744e+66 -6.27744e+66 -6.27744e+66 -6.27744e+66 -6.27744e+66 -6.27744e+66 -6.27744e+66 130.603 185.383 224.824 389.163 476.81 542.546 
-6.27744e+66 -6.27744e+66 -6.27744e+66 -6.27744e+66 -6.27744e+66 -6.27744e+66 -6.27744e+66 -6.27744e+66 -6.27744e+66 130.603 150.324 259.883 325.619 378.207 
-6.27744e+66 -6.27744e+66 -6.27744e+66 -6.27744e+66 -6.27744e+66 -6.27744e+66 -6.27744e+66 -6.27744e+66 -6.27744e+66 -6.27744e+66 130.603 185.383 229.206 268.648 
-6.27744e+66 -6.27744e+66 -6.27744e+66 -6.27744e+66 -6.27744e+66 -6.27744e+66 -6.27744e+66 -6.27744e+66 -6.27744e+66 -6.27744e+66 -6.27744e+66 130.603 152.515 178.809 
-6.27744e+66 -6.27744e+66 -6.27744e+66 -6.27744e+66 -6.27744e+66 -6.27744e+66 -6.27744e+66 -6.27744e+66 -6.27744e+66 -6.27744e+66 -6.27744e+66 -6.27744e+66 130.603 143.75 
-6.27744e+66 -6.27744e+66 -6.27744e+66 -6.27744e+66 -6.27744e+66 -6.27744e+66 -6.27744e+66 -6.27744e+66 -6.27744e+66 -6.27744e+66 -6.27744e+66 -6.27744e+66 -6.27744e+66 130.603 
-6.27744e+66 -6.27744e+66 -6.27744e+66 -6.27744e+66 -6.27744e+66 -6.27744e+66 -6.27744e+66 -6.27744e+66 -6.27744e+66 -6.27744e+66 -6.27744e+66 -6.27744e+66 -6.27744e+66 -6.27744e+66 
-6.27744e+66 434.832 485.91 492.956 693.746 1017.83 1255.61 1456.4 1838.6 1894.96 2481.48 3221.23 3821.84 4603.87 
-6.27744e+66 -6.27744e+66 434.832 438.355 572.215 815.277 1005.5 1172.82 1500.43 1549.75 2071.1 2736.87 3282.88 3999.74 
-6.27744e+66 -6.27744e+66 -6.27744e+66 434.832 501.762 663.803 806.47 940.33 1213.33 1255.61 1711.79 2303.59 2795 3446.68 
-6.27744e+66 -6.27744e+66 -6.27744e+66 -6.27744e+66 434.832 515.853 610.964 711.359 929.762 964.989 1356 1873.83 2310.63 2897.15 
-6.27744e+66 -6.27744e+66 -6.27744e+66 -6.27744e+66 -6.27744e+66 434.832 482.388 549.318 713.12 741.301 1067.14 1511 1893.2 2414.55 
-6.27744e+66 -6.27744e+66 -6.27744e+66 -6.27744e+66 -6.27744e+66 -6.27744e+66 434.832 468.297 577.499 598.635 859.31 1229.19 1556.79 2012.97 
-6.27744e+66 -6.27744e+66 -6.27744e+66 -6.27744e+66 -6.27744e+66 -6.27744e+66 -6.27744e+66 434.832 489.433 503.524 699.03 994.931 1267.93 1658.95 
-6.27744e+66 -6.27744e+66 -6.27744e+66 -6.27744e+66 -6.27744e+66 -6.27744e+66 -6.27744e+66 -6.27744e+66 434.832 441.878 572.215 794.141 1012.54 1338.39 
-6.27744e+66 -6.27744e+66 -6.27744e+66 -6.27744e+66 -6.27744e+66 -6.27744e+66 -6.27744e+66 -6.27744e+66 -6.27744e+66 434.832 500.001 647.952 811.754 1072.43 
-6.27744e+66 -6.27744e+66 -6.27744e+66 -6.27744e+66 -6.27744e+66 -6.27744e+66 -6.27744e+66 -6.27744e+66 -6.27744e+66 -6.27744e+66 434.832 508.808 618.009 813.515 
-6.27744e+66 -6.27744e+66 -6.27744e+66 -6.27744e+66 -6.27744e+66 -6.27744e+66 -6.27744e+66 -6.27744e+66 -6.27744e+66 -6.27744e+66 -6.27744e+66 434.832 489.433 619.77 
-6.27744e+66 -6.27744e+66 -6.27744e+66 -6.27744e+66 -6.27744e+66 -6.27744e+66 -6.27744e+66 -6.27744e+66 -6.27744e+66 -6.27744e+66 -6.27744e+66 -6.27744e+66 434.832 500.001 
-6.27744e+66 -6.27744e+66 -6.27744e+66 -6.27744e+66 -6.27744e+66 -6.27744e+66 -6.27744e+66 -6.27744e+66 -6.27744e+66 -6.27744e+66 -6.27744e+66 -6.27744e+66 -6.27744e+66 434.832 
-6.27744e+66 -6.27744e+66 -6.27744e+66 -6.27744e+66 -6.27744e+66 -6.27744e+66 -6.27744e+66 -6.27744e+66 -6.27744e+66 -6.27744e+66 -6.27744e+66 -6.27744e+66 -6.27744e+66 -6.27744e+66 
-6.27744e+66 184.544 186.173 246.459 246.459 353.996 411.023 601.657 932.414 1127.94 1465.21 1831.81 2073.77 2924.29 
-6.27744e+66 -6.27744e+66 184.544 214.687 214.687 295.34 340.961 499.823 783.329 954.41 1254.21 1584.15 1804.11 2583.76 
-6.27744e+66 -6.27744e+66 -6.27744e+66 184.544 184.544 238.312 272.529 399.618 635.873 782.514 1044.84 1338.12 1536.09 2244.85 
-6.27744e+66 -6.27744e+66 -6.27744e+66 -6.27744e+66 184.544 211.428 234.239 329.556 518.56 640.761 865.611 1122.23 1298.2 1936.09 
-6.27744e+66 -6.27744e+66 -6.27744e+66 -6.27744e+66 -6.27744e+66 184.544 195.949 259.494 401.247 499.008 686.383 906.344 1060.32 1627.33 
-6.27744e+66 -6.27744e+66 -6.27744e+66 -6.27744e+66 -6.27744e+66 -6.27744e+66 184.544 216.316 310.818 384.139 534.039 717.34 849.317 1345.45 
-6.27744e+66 -6.27744e+66 -6.27744e+66 -6.27744e+66 -6.27744e+66 -6.27744e+66 -6.27744e+66 184.544 231.795 280.675 393.1 539.741 649.722 1074.98 
-6.27744e+66 -6.27744e+66 -6.27744e+66 -6.27744e+66 -6.27744e+66 -6.27744e+66 -6.27744e+66 -6.27744e+66 184.544 208.984 283.934 393.915 481.9 836.282 
-6.27744e+66 -6.27744e+66 -6.27744e+66 -6.27744e+66 -6.27744e+66 -6.27744e+66 -6.27744e+66 -6.27744e+66 -6.27744e+66 184.544 222.019 295.34 361.328 644.834 
-6.27744e+66 -6.27744e+66 -6.27744e+66 -6.27744e+66 -6.27744e+66 -6.27744e+66 -6.27744e+66 -6.27744e+66 -6.27744e+66 -6.27744e+66 184.544 221.204 265.197 477.826 
-6.27744e+66 -6.27744e+66 -6.27744e+66 -6.27744e+66 -6.27744e+66 -6.27744e+66 -6.27744e+66 -6.27744e+66 -6.27744e+66 -6.27744e+66 -6.27744e+66 184.544 206.54 348.293 
-6.27744e+66 -6.27744e+66 -6.27744e+66 -6.27744e+66 -6.27744e+66 -6.27744e+66 -6.27744e+66 -6.27744e+66 -6.27744e+66 -6.27744e+66 -6.27744e+66 -6.27744e+66 184.544 255.421 
-6.27744e+66 -6.27744e+66 -6.27744e+66 -6.27744e+66 -6.27744e+66 -6.27744e+66 -6.27744e+66 -6.27744e+66 -6.27744e+66 -6.27744e+66 -6.27744e+66 -6.27744e+66 -6.27744e+66 184.544 
-6.27744e+66 -6.27744e+66 -6.27744e+66 -6.27744e+66 -6.27744e+66 -6.27744e+66 -6.27744e+66 -6.27744e+66 -6.27744e+66 -6.27744e+66 -6.27744e+66 -6.27744e+66 -6.27744e+66 -6.27744e+66 
-6.27744e+66 196.368 218.138 234.466 381.416 577.35 903.906 1018.2 1132.5 1132.5 1573.35 1872.69 2261.84 2882.29 
-6.27744e+66 -6.27744e+66 196.368 204.532 302.499 449.449 710.694 805.939 903.906 903.906 1295.77 1565.18 1918.95 2487.7 
-6.27744e+66 -6.27744e+66 -6.27744e+66 196.368 245.351 343.318 539.252 615.448 697.087 697.087 1039.97 1279.45 1597.84 2114.89 
-6.27744e+66 -6.27744e+66 -6.27744e+66 -6.27744e+66 196.368 245.351 375.974 433.121 498.432 498.432 792.333 1001.87 1284.89 1750.23 
-6.27744e+66 -6.27744e+66 -6.27744e+66 -6.27744e+66 -6.27744e+66 196.368 261.679 299.777 348.761 348.761 593.678 773.284 1020.92 1434.56 
-6.27744e+66 -6.27744e+66 -6.27744e+66 -6.27744e+66 -6.27744e+66 -6.27744e+66 196.368 215.417 248.073 248.073 444.006 593.678 805.939 1167.87 
-6.27744e+66 -6.27744e+66 -6.27744e+66 -6.27744e+66 -6.27744e+66 -6.27744e+66 -6.27744e+66 196.368 212.696 212.696 359.646 479.383 656.268 966.496 
-6.27744e+66 -6.27744e+66 -6.27744e+66 -6.27744e+66 -6.27744e+66 -6.27744e+66 -6.27744e+66 -6.27744e+66 196.368 196.368 294.335 384.138 525.645 784.169 
-6.27744e+66 -6.27744e+66 -6.27744e+66 -6.27744e+66 -6.27744e+66 -6.27744e+66 -6.27744e+66 -6.27744e+66 -6.27744e+66 196.368 245.351 305.22 411.351 618.169 
-6.27744e+66 -6.27744e+66 -6.27744e+66 -6.27744e+66 -6.27744e+66 -6.27744e+66 -6.27744e+66 -6.27744e+66 -6.27744e+66 -6.27744e+66 196.368 226.302 297.056 452.17 
-6.27744e+66 -6.27744e+66 -6.27744e+66 -6.27744e+66 -6.27744e+66 -6.27744e+66 -6.27744e+66 -6.27744e+66 -6.27744e+66 -6.27744e+66 -6.27744e+66 196.368 231.745 335.154 
-6.27744e+66 -6.27744e+66 -6.27744e+66 -6.27744e+66 -6.27744e+66 -6.27744e+66 -6.27744e+66 -6.27744e+66 -6.27744e+66 -6.27744e+66 -6.27744e+66 -6.27744e+66 196.368 248.073 
-6.27744e+66 -6.27744e+66 -6.27744e+66 -6.27744e+66 -6.27744e+66 -6.27744e+66 -6.27744e+66 -6.27744e+66 -6.27744e+66 -6.27744e+66 -6.27744e+66 -6.27744e+66 -6.27744e+66 196.368 
-6.27744e+66 -6.27744e+66 -6.27744e+66 -6.27744e+66 -6.27744e+66 -6.27744e+66 -6.27744e+66 -6.27744e+66 -6.27744e+66 -6.27744e+66 -6.27744e+66 -6.27744e+66 -6.27744e+66 -6.27744e+66 
-6.27744e+66 74.1453 103.434 120.17 170.378 254.059 306.36 356.568 517.654 768.696 806.352 1057.39 1287.52 1864.91 
-6.27744e+66 -6.27744e+66 74.1453 82.5133 115.986 178.746 220.587 262.427 400.5 620.163 653.635 879.573 1088.78 1618.06 
-6.27744e+66 -6.27744e+66 -6.27744e+66 74.1453 90.8814 132.722 164.102 197.574 312.636 500.917 530.206 731.04 919.322 1400.49 
-6.27744e+66 -6.27744e+66 -6.27744e+66 -6.27744e+66 74.1453 95.0655 115.986 141.09 233.139 390.04 415.145 590.874 758.236 1191.28 
-6.27744e+66 -6.27744e+66 -6.27744e+66 -6.27744e+66 -6.27744e+66 74.1453 84.6054 101.342 170.378 295.899 316.82 467.445 613.887 998.818 
-6.27744e+66 -6.27744e+66 -6.27744e+66 -6.27744e+66 -6.27744e+66 -6.27744e+66 74.1453 82.5133 128.538 222.679 239.415 364.936 490.457 827.273 
-6.27744e+66 -6.27744e+66 -6.27744e+66 -6.27744e+66 -6.27744e+66 -6.27744e+66 -6.27744e+66 74.1453 97.1575 159.918 172.47 272.887 377.488 666.187 
-6.27744e+66 -6.27744e+66 -6.27744e+66 -6.27744e+66 -6.27744e+66 -6.27744e+66 -6.27744e+66 -6.27744e+66 74.1453 105.526 113.894 189.206 272.887 513.47 
-6.27744e+66 -6.27744e+66 -6.27744e+66 -6.27744e+66 -6.27744e+66 -6.27744e+66 -6.27744e+66 -6.27744e+66 -6.27744e+66 74.1453 78.3293 128.538 191.298 383.764 
-6.27744e+66 -6.27744e+66 -6.27744e+66 -6.27744e+66 -6.27744e+66 -6.27744e+66 -6.27744e+66 -6.27744e+66 -6.27744e+66 -6.27744e+66 74.1453 99.2495 141.09 285.439 
-6.27744e+66 -6.27744e+66 -6.27744e+66 -6.27744e+66 -6.27744e+66 -6.27744e+66 -6.27744e+66 -6.27744e+66 -6.27744e+66 -6.27744e+66 -6.27744e+66 74.1453 95.0655 191.298 
-6.27744e+66 -6.27744e+66 -6.27744e+66 -6.27744e+66 -6.27744e+66 -6.27744e+66 -6.27744e+66 -6.27744e+66 -6.27744e+66 -6.27744e+66 -6.27744e+66 -6.27744e+66 74.1453 122.262 
-6.27744e+66 -6.27744e+66 -6.27744e+66 -6.27744e+66 -6.27744e+66 -6.27744e+66 -6.27744e+66 -6.27744e+66 -6.27744e+66 -6.27744e+66 -6.27744e+66 -6.27744e+66 -6.27744e+66 74.1453 
-6.27744e+66 -6.27744e+66 -6.27744e+66 -6.27744e+66 -6.27744e+66 -6.27744e+66 -6.27744e+66 -6.27744e+66 -6.27744e+66 -6.27744e+66 -6.27744e+66 -6.27744e+66 -6.27744e+66 -6.27744e+66 
-6.27744e+66 275.506 355.3 421.796 591.359 677.803 727.674 1016.93 1389.3 1708.48 1828.17 2476.5 2732.51 3011.79 
-6.27744e+66 -6.27744e+66 275.506 308.753 421.796 486.629 526.526 767.571 1086.75 1366.03 1472.42 2055.92 2288.65 2544.66 
-6.27744e+66 -6.27744e+66 -6.27744e+66 275.506 332.027 375.249 405.172 598.008 863.99 1103.37 1196.47 1715.13 1924.59 2157.32 
-6.27744e+66 -6.27744e+66 -6.27744e+66 -6.27744e+66 275.506 297.117 317.065 461.693 674.478 873.964 953.758 1407.59 1593.78 1803.24 
-6.27744e+66 -6.27744e+66 -6.27744e+66 -6.27744e+66 -6.27744e+66 275.506 285.48 381.898 541.487 701.076 767.571 1156.57 1319.48 1505.67 
-6.27744e+66 -6.27744e+66 -6.27744e+66 -6.27744e+66 -6.27744e+66 -6.27744e+66 275.506 323.715 430.107 549.799 602.995 927.16 1066.8 1229.71 
-6.27744e+66 -6.27744e+66 -6.27744e+66 -6.27744e+66 -6.27744e+66 -6.27744e+66 -6.27744e+66 275.506 328.702 408.496 448.394 707.726 824.092 963.733 
-6.27744e+66 -6.27744e+66 -6.27744e+66 -6.27744e+66 -6.27744e+66 -6.27744e+66 -6.27744e+66 -6.27744e+66 275.506 315.403 342.001 536.5 629.594 745.96 
-6.27744e+66 -6.27744e+66 -6.27744e+66 -6.27744e+66 -6.27744e+66 -6.27744e+66 -6.27744e+66 -6.27744e+66 -6.27744e+66 275.506 288.805 418.471 488.291 581.384 
-6.27744e+66 -6.27744e+66 -6.27744e+66 -6.27744e+66 -6.27744e+66 -6.27744e+66 -6.27744e+66 -6.27744e+66 -6.27744e+66 -6.27744e+66 275.506 340.339 386.885 456.706 
-6.27744e+66 -6.27744e+66 -6.27744e+66 -6.27744e+66 -6.27744e+66 -6.27744e+66 -6.27744e+66 -6.27744e+66 -6.27744e+66 -6.27744e+66 -6.27744e+66 275.506 298.779 345.326 
-6.27744e+66 -6.27744e+66 -6.27744e+66 -6.27744e+66 -6.27744e+66 -6.27744e+66 -6.27744e+66 -6.27744e+66 -6.27744e+66 -6.27744e+66 -6.27744e+66 -6.27744e+66 275.506 298.779 
-6.27744e+66 -6.27744e+66 -6.27744e+66 -6.27744e+66 -6.27744e+66 -6.27744e+66 -6.27744e+66 -6.27744e+66 -6.27744e+66 -6.27744e+66 -6.27744e+66 -6.27744e+66 -6.27744e+66 275.506 
-6.27744e+66 -6.27744e+66 -6.27744e+66 -6.27744e+66 -6.27744e+66 -6.27744e+66 -6.27744e+66 -6.27744e+66 -6.27744e+66 -6.27744e+66 -6.27744e+66 -6.27744e+66 -6.27744e+66 -6.27744e+66 
-6.27744e+66 243.556 255.588 391.385 623.443 840.031 1084.98 1234.53 1583.48 1961.64 2387.08 2851.2 3021.38 3114.2 
-6.27744e+66 -6.27744e+66 243.556 311.454 466.159 628.6 824.56 949.184 1248.28 1579.18 1957.35 2375.05 2529.76 2614.84 
-6.27744e+66 -6.27744e+66 -6.27744e+66 243.556 320.908 429.202 576.172 675.871 925.118 1208.74 1539.64 1910.94 2050.17 2127.52 
-6.27744e+66 -6.27744e+66 -6.27744e+66 -6.27744e+66 243.556 297.702 395.682 470.457 669.855 906.21 1189.84 1514.72 1638.48 1708.1 
-6.27744e+66 -6.27744e+66 -6.27744e+66 -6.27744e+66 -6.27744e+66 243.556 292.546 342.395 491.944 681.028 917.383 1195.85 1304.15 1366.03 
-6.27744e+66 -6.27744e+66 -6.27744e+66 -6.27744e+66 -6.27744e+66 -6.27744e+66 243.556 268.48 368.179 509.992 699.077 931.135 1023.96 1078.1 
-6.27744e+66 -6.27744e+66 -6.27744e+66 -6.27744e+66 -6.27744e+66 -6.27744e+66 -6.27744e+66 243.556 293.405 387.947 529.76 715.407 792.759 839.171 
-6.27744e+66 -6.27744e+66 -6.27744e+66 -6.27744e+66 -6.27744e+66 -6.27744e+66 -6.27744e+66 -6.27744e+66 243.556 290.827 385.369 524.604 586.486 625.162 
-6.27744e+66 -6.27744e+66 -6.27744e+66 -6.27744e+66 -6.27744e+66 -6.27744e+66 -6.27744e+66 -6.27744e+66 -6.27744e+66 243.556 290.827 383.65 430.061 461.002 
-6.27744e+66 -6.27744e+66 -6.27744e+66 -6.27744e+66 -6.27744e+66 -6.27744e+66 -6.27744e+66 -6.27744e+66 -6.27744e+66 -6.27744e+66 243.556 289.967 320.908 344.114 
-6.27744e+66 -6.27744e+66 -6.27744e+66 -6.27744e+66 -6.27744e+66 -6.27744e+66 -6.27744e+66 -6.27744e+66 -6.27744e+66 -6.27744e+66 -6.27744e+66 243.556 259.026 274.497 
-6.27744e+66 -6.27744e+66 -6.27744e+66 -6.27744e+66 -6.27744e+66 -6.27744e+66 -6.27744e+66 -6.27744e+66 -6.27744e+66 -6.27744e+66 -6.27744e+66 -6.27744e+66 243.556 251.291 
-6.27744e+66 -6.27744e+66 -6.27744e+66 -6.27744e+66 -6.27744e+66 -6.27744e+66 -6.27744e+66 -6.27744e+66 -6.27744e+66 -6.27744e+66 -6.27744e+66 -6.27744e+66 -6.27744e+66 243.556 
-6.27744e+66 -6.27744e+66 -6.27744e+66 -6.27744e+66 -6.27744e+66 -6.27744e+66 -6.27744e+66 -6.27744e+66 -6.27744e+66 -6.27744e+66 -6.27744e+66 -6.27744e+66 -6.27744e+66 -6.27744e+66 
-6.27744e+66 226.135 293.435 341.752 388.344 588.517 838.733 1190.76 1239.08 1335.71 1879.29 2172.64 2229.59 2747.28 
-6.27744e+66 -6.27744e+66 226.135 250.294 281.355 431.485 631.658 925.015 966.43 1050.99 1534.16 1798.18 1849.95 2324.5 
-6.27744e+66 -6.27744e+66 -6.27744e+66 226.135 241.666 341.752 491.882 726.568 761.08 833.557 1256.34 1491.02 1537.61 1969.02 
-6.27744e+66 -6.27744e+66 -6.27744e+66 -6.27744e+66 226.135 276.179 376.265 552.279 579.889 640.286 1002.67 1208.02 1249.43 1637.7 
-6.27744e+66 -6.27744e+66 -6.27744e+66 -6.27744e+66 -6.27744e+66 226.135 276.179 393.521 414.229 462.546 764.531 940.545 976.784 1321.91 
-6.27744e+66 -6.27744e+66 -6.27744e+66 -6.27744e+66 -6.27744e+66 -6.27744e+66 226.135 284.807 298.612 334.85 576.438 723.116 754.178 1056.16 
-6.27744e+66 -6.27744e+66 -6.27744e+66 -6.27744e+66 -6.27744e+66 -6.27744e+66 -6.27744e+66 226.135 233.038 257.197 438.388 555.73 581.615 840.459 
-6.27744e+66 -6.27744e+66 -6.27744e+66 -6.27744e+66 -6.27744e+66 -6.27744e+66 -6.27744e+66 -6.27744e+66 226.135 238.215 359.009 447.016 467.723 683.427 
-6.27744e+66 -6.27744e+66 -6.27744e+66 -6.27744e+66 -6.27744e+66 -6.27744e+66 -6.27744e+66 -6.27744e+66 -6.27744e+66 226.135 286.532 345.204 360.734 533.297 
-6.27744e+66 -6.27744e+66 -6.27744e+66 -6.27744e+66 -6.27744e+66 -6.27744e+66 -6.27744e+66 -6.27744e+66 -6.27744e+66 -6.27744e+66 226.135 255.471 265.825 395.247 
-6.27744e+66 -6.27744e+66 -6.27744e+66 -6.27744e+66 -6.27744e+66 -6.27744e+66 -6.27744e+66 -6.27744e+66 -6.27744e+66 -6.27744e+66 -6.27744e+66 226.135 231.312 317.594 
-6.27744e+66 -6.27744e+66 -6.27744e+66 -6.27744e+66 -6.27744e+66 -6.27744e+66 -6.27744e+66 -6.27744e+66 -6.27744e+66 -6.27744e+66 -6.27744e+66 -6.27744e+66 226.135 269.276 
-6.27744e+66 -6.27744e+66 -6.27744e+66 -6.27744e+66 -6.27744e+66 -6.27744e+66 -6.27744e+66 -6.27744e+66 -6.27744e+66 -6.27744e+66 -6.27744e+66 -6.27744e+66 -6.27744e+66 226.135 
-6.27744e+66 -6.27744e+66 -6.27744e+66 -6.27744e+66 -6.27744e+66 -6.27744e+66 -6.27744e+66 -6.27744e+66 -6.27744e+66 -6.27744e+66 -6.27744e+66 -6.27744e+66 -6.27744e+66 -6.27744e+66 
-6.27744e+66 231.743 253.058 371.478 385.688 442.529 501.739 729.104 894.891 1501.2 1820.93 2413.03 2725.65 2725.65 
-6.27744e+66 -6.27744e+66 231.743 290.952 300.426 343.057 390.425 579.896 721.999 1252.52 1536.72 2069.61 2353.82 2353.82 
-6.27744e+66 -6.27744e+66 -6.27744e+66 231.743 236.479 264.9 300.426 452.003 570.422 1025.15 1273.83 1747.51 2003.3 2003.3 
-6.27744e+66 -6.27744e+66 -6.27744e+66 -6.27744e+66 231.743 245.953 269.637 383.319 478.055 856.997 1070.15 1484.62 1711.98 1711.98 
-6.27744e+66 -6.27744e+66 -6.27744e+66 -6.27744e+66 -6.27744e+66 231.743 243.585 319.373 390.425 693.578 871.207 1226.47 1425.41 1425.41 
-6.27744e+66 -6.27744e+66 -6.27744e+66 -6.27744e+66 -6.27744e+66 -6.27744e+66 231.743 269.637 317.005 544.37 686.473 982.521 1153.05 1153.05 
-6.27744e+66 -6.27744e+66 -6.27744e+66 -6.27744e+66 -6.27744e+66 -6.27744e+66 -6.27744e+66 231.743 255.427 407.003 513.581 750.42 892.523 892.523 
-6.27744e+66 -6.27744e+66 -6.27744e+66 -6.27744e+66 -6.27744e+66 -6.27744e+66 -6.27744e+66 -6.27744e+66 231.743 307.531 378.583 556.212 669.894 669.894 
-6.27744e+66 -6.27744e+66 -6.27744e+66 -6.27744e+66 -6.27744e+66 -6.27744e+66 -6.27744e+66 -6.27744e+66 -6.27744e+66 231.743 267.268 385.688 470.95 470.95 
-6.27744e+66 -6.27744e+66 -6.27744e+66 -6.27744e+66 -6.27744e+66 -6.27744e+66 -6.27744e+66 -6.27744e+66 -6.27744e+66 -6.27744e+66 231.743 290.952 347.794 347.794 
-6.27744e+66 -6.27744e+66 -6.27744e+66 -6.27744e+66 -6.27744e+66 -6.27744e+66 -6.27744e+66 -6.27744e+66 -6.27744e+66 -6.27744e+66 -6.27744e+66 231.743 260.163 260.163 
-6.27744e+66 -6.27744e+66 -6.27744e+66 -6.27744e+66 -6.27744e+66 -6.27744e+66 -6.27744e+66 -6.27744e+66 -6.27744e+66 -6.27744e+66 -6.27744e+66 -6.27744e+66 231.743 231.743 
-6.27744e+66 -6.27744e+66 -6.27744e+66 -6.27744e+66 -6.27744e+66 -6.27744e+66 -6.27744e+66 -6.27744e+66 -6.27744e+66 -6.27744e+66 -6.27744e+66 -6.27744e+66 -6.27744e+66 231.743 
-6.27744e+66 -6.27744e+66 -6.27744e+66 -6.27744e+66 -6.27744e+66 -6.27744e+66 -6.27744e+66 -6.27744e+66 -6.27744e+66 -6.27744e+66 -6.27744e+66 -6.27744e+66 -6.27744e+66 -6.27744e+66 
