13 10
-6.27744e+66 382.855 482.693 599.894 1107.76 1385.57 1852.21 2503.32 3369.31 4272.19 5131.66 5478.92 5717.67 6264.6 
-6.27744e+66 -6.27744e+66 382.855 441.456 780.036 988.393 1361.7 1904.3 2646.57 3436.59 4200.57 4513.1 4730.14 5231.5 
-6.27744e+66 -6.27744e+66 -6.27744e+66 382.855 552.145 691.05 971.03 1405.11 2023.67 2700.83 3369.31 3647.12 3842.45 4298.23 
-6.27744e+66 -6.27744e+66 -6.27744e+66 -6.27744e+66 382.855 452.308 638.961 964.519 1459.37 2023.67 2596.65 2839.73 3013.36 3423.57 
-6.27744e+66 -6.27744e+66 -6.27744e+66 -6.27744e+66 -6.27744e+66 382.855 476.182 693.22 1064.36 1515.8 1993.28 2201.64 2353.57 2718.19 
-6.27744e+66 -6.27744e+66 -6.27744e+66 -6.27744e+66 -6.27744e+66 -6.27744e+66 382.855 491.374 738.799 1077.38 1459.37 1633 1763.22 2082.27 
-6.27744e+66 -6.27744e+66 -6.27744e+66 -6.27744e+66 -6.27744e+66 -6.27744e+66 -6.27744e+66 382.855 506.567 732.287 1018.78 1157.68 1266.2 1539.67 
-6.27744e+66 -6.27744e+66 -6.27744e+66 -6.27744e+66 -6.27744e+66 -6.27744e+66 -6.27744e+66 -6.27744e+66 382.855 495.715 686.709 790.888 877.703 1105.59 
-6.27744e+66 -6.27744e+66 -6.27744e+66 -6.27744e+66 -6.27744e+66 -6.27744e+66 -6.27744e+66 -6.27744e+66 -6.27744e+66 382.855 478.352 547.805 612.916 795.229 
-6.27744e+66 -6.27744e+66 -6.27744e+66 -6.27744e+66 -6.27744e+66 -6.27744e+66 -6.27744e+66 -6.27744e+66 -6.27744e+66 -6.27744e+66 382.855 417.581 460.989 597.723 
-6.27744e+66 -6.27744e+66 -6.27744e+66 -6.27744e+66 -6.27744e+66 -6.27744e+66 -6.27744e+66 -6.27744e+66 -6.27744e+66 -6.27744e+66 -6.27744e+66 382.855 404.559 495.715 
-6.27744e+66 -6.27744e+66 -6.27744e+66 -6.27744e+66 -6.27744e+66 -6.27744e+66 -6.27744e+66 -6.27744e+66 -6.27744e+66 -6.27744e+66 -6.27744e+66 -6.27744e+66 382.855 428.433 
-6.27744e+66 -6.27744e+66 -6.27744e+66 -6.27744e+66 -6.27744e+66 -6.27744e+66 -6.27744e+66 -6.27744e+66 -6.27744e+66 -6.27744e+66 -6.27744e+66 -6.27744e+66 -6.27744e+66 382.855 
-6.27744e+66 -6.27744e+66 -6.27744e+66 -6.27744e+66 -6.27744e+66 -6.27744e+66 -6.27744e+66 -6.27744e+66 -6.27744e+66 -6.27744e+66 -6.27744e+66 -6.27744e+66 -6.27744e+66 -6.27744e+66 
-6.27744e+66 81.7704 90.7455 120.663 138.613 174.514 174.514 282.215 303.157 805.766 994.244 994.244 1224.61 1547.71 
-6.27744e+66 -6.27744e+66 81.7704 96.729 108.696 135.621 135.621 225.373 243.323 683.105 850.642 850.642 1060.06 1356.24 
-6.27744e+66 -6.27744e+66 -6.27744e+66 81.7704 87.7538 105.704 105.704 177.505 192.464 569.42 716.014 716.014 904.492 1173.75 
-6.27744e+66 -6.27744e+66 -6.27744e+66 -6.27744e+66 81.7704 90.7455 90.7455 144.596 156.563 470.694 596.346 596.346 763.882 1006.21 
-6.27744e+66 -6.27744e+66 -6.27744e+66 -6.27744e+66 -6.27744e+66 81.7704 81.7704 117.671 126.646 377.95 482.66 482.66 629.255 844.658 
-6.27744e+66 -6.27744e+66 -6.27744e+66 -6.27744e+66 -6.27744e+66 -6.27744e+66 81.7704 99.7207 105.704 294.182 377.95 377.95 503.602 692.081 
-6.27744e+66 -6.27744e+66 -6.27744e+66 -6.27744e+66 -6.27744e+66 -6.27744e+66 -6.27744e+66 81.7704 84.7621 210.414 273.24 273.24 377.95 539.503 
-6.27744e+66 -6.27744e+66 -6.27744e+66 -6.27744e+66 -6.27744e+66 -6.27744e+66 -6.27744e+66 -6.27744e+66 81.7704 144.596 186.48 186.48 270.249 404.876 
-6.27744e+66 -6.27744e+66 -6.27744e+66 -6.27744e+66 -6.27744e+66 -6.27744e+66 -6.27744e+66 -6.27744e+66 -6.27744e+66 81.7704 102.712 102.712 165.538 273.24 
-6.27744e+66 -6.27744e+66 -6.27744e+66 -6.27744e+66 -6.27744e+66 -6.27744e+66 -6.27744e+66 -6.27744e+66 -6.27744e+66 -6.27744e+66 81.7704 81.7704 123.654 204.431 
-6.27744e+66 -6.27744e+66 -6.27744e+66 -6.27744e+66 -6.27744e+66 -6.27744e+66 -6.27744e+66 -6.27744e+66 -6.27744e+66 -6.27744e+66 -6.27744e+66 81.7704 102.712 156.563 
-6.27744e+66 -6.27744e+66 -6.27744e+66 -6.27744e+66 -6.27744e+66 -6.27744e+66 -6.27744e+66 -6.27744e+66 -6.27744e+66 -6.27744e+66 -6.27744e+66 -6.27744e+66 81.7704 108.696 
-6.27744e+66 -6.27744e+66 -6.27744e+66 -6.27744e+66 -6.27744e+66 -6.27744e+66 -6.27744e+66 -6.27744e+66 -6.27744e+66 -6.27744e+66 -6.27744e+66 -6.27744e+66 -6.27744e+66 81.7704 
-6.27744e+66 -6.27744e+66 -6.27744e+66 -6.27744e+66 -6.27744e+66 -6.27744e+66 -6.27744e+66 -6.27744e+66 -6.27744e+66 -6.27744e+66 -6.27744e+66 -6.27744e+66 -6.27744e+66 -6.27744e+66 
-6.27744e+66 137.444 168.013 193.486 269.908 341.234 417.656 631.635 685.13 1439.15 2287.43 2363.85 2419.89 2695.01 
-6.27744e+66 -6.27744e+66 137.444 150.181 201.129 254.623 315.761 494.077 539.93 1199.7 1953.72 2022.5 2073.45 2325.64 
-6.27744e+66 -6.27744e+66 -6.27744e+66 137.444 162.918 198.581 244.434 387.087 425.298 990.815 1650.59 1711.72 1757.58 1986.84 
-6.27744e+66 -6.27744e+66 -6.27744e+66 -6.27744e+66 137.444 155.276 185.844 292.834 323.403 794.667 1360.18 1413.68 1454.44 1660.78 
-6.27744e+66 -6.27744e+66 -6.27744e+66 -6.27744e+66 -6.27744e+66 137.444 152.728 224.055 246.981 623.993 1095.26 1141.11 1176.77 1360.18 
-6.27744e+66 -6.27744e+66 -6.27744e+66 -6.27744e+66 -6.27744e+66 -6.27744e+66 137.444 173.107 188.392 471.15 848.162 886.373 916.941 1077.43 
-6.27744e+66 -6.27744e+66 -6.27744e+66 -6.27744e+66 -6.27744e+66 -6.27744e+66 -6.27744e+66 137.444 145.086 333.592 616.351 646.919 672.393 809.952 
-6.27744e+66 -6.27744e+66 -6.27744e+66 -6.27744e+66 -6.27744e+66 -6.27744e+66 -6.27744e+66 -6.27744e+66 137.444 231.697 420.203 443.129 463.508 578.14 
-6.27744e+66 -6.27744e+66 -6.27744e+66 -6.27744e+66 -6.27744e+66 -6.27744e+66 -6.27744e+66 -6.27744e+66 -6.27744e+66 137.444 231.697 246.981 262.266 353.971 
-6.27744e+66 -6.27744e+66 -6.27744e+66 -6.27744e+66 -6.27744e+66 -6.27744e+66 -6.27744e+66 -6.27744e+66 -6.27744e+66 -6.27744e+66 137.444 145.086 155.276 224.055 
-6.27744e+66 -6.27744e+66 -6.27744e+66 -6.27744e+66 -6.27744e+66 -6.27744e+66 -6.27744e+66 -6.27744e+66 -6.27744e+66 -6.27744e+66 -6.27744e+66 137.444 142.539 188.392 
-6.27744e+66 -6.27744e+66 -6.27744e+66 -6.27744e+66 -6.27744e+66 -6.27744e+66 -6.27744e+66 -6.27744e+66 -6.27744e+66 -6.27744e+66 -6.27744e+66 -6.27744e+66 137.444 160.371 
-6.27744e+66 -6.27744e+66 -6.27744e+66 -6.27744e+66 -6.27744e+66 -6.27744e+66 -6.27744e+66 -6.27744e+66 -6.27744e+66 -6.27744e+66 -6.27744e+66 -6.27744e+66 -6.27744e+66 137.444 
-6.27744e+66 -6.27744e+66 -6.27744e+66 -6.27744e+66 -6.27744e+66 -6.27744e+66 -6.27744e+66 -6.27744e+66 -6.27744e+66 -6.27744e+66 -6.27744e+66 -6.27744e+66 -6.27744e+66 -6.27744e+66 
-6.27744e+66 307.972 330.617 497.626 697.188 759.462 819.614 1065.88 1586.01 2214.42 2736.68 4222.77 5507.18 6806.46 
-6.27744e+66 -6.27744e+66 307.972 391.477 524.518 571.223 619.345 824.567 1270.4 1820.25 2284.48 3621.97 4789.61 5980.61 
-6.27744e+66 -6.27744e+66 -6.27744e+66 307.972 374.493 405.63 441.721 605.899 977.423 1448.73 1854.93 3043.8 4094.69 5177.41 
-6.27744e+66 -6.27744e+66 -6.27744e+66 -6.27744e+66 307.972 323.541 347.601 470.735 767.954 1160.71 1508.88 2549.15 3483.26 4457.72 
-6.27744e+66 -6.27744e+66 -6.27744e+66 -6.27744e+66 -6.27744e+66 307.972 320.002 402.092 625.006 939.209 1229.35 2121.01 2938.36 3804.54 
-6.27744e+66 -6.27744e+66 -6.27744e+66 -6.27744e+66 -6.27744e+66 -6.27744e+66 307.972 349.017 497.626 733.279 965.393 1708.44 2409.03 3166.94 
-6.27744e+66 -6.27744e+66 -6.27744e+66 -6.27744e+66 -6.27744e+66 -6.27744e+66 -6.27744e+66 307.972 382.277 539.378 713.464 1307.9 1891.73 2541.36 
-6.27744e+66 -6.27744e+66 -6.27744e+66 -6.27744e+66 -6.27744e+66 -6.27744e+66 -6.27744e+66 -6.27744e+66 307.972 386.523 502.58 948.409 1415.47 1956.83 
-6.27744e+66 -6.27744e+66 -6.27744e+66 -6.27744e+66 -6.27744e+66 -6.27744e+66 -6.27744e+66 -6.27744e+66 -6.27744e+66 307.972 366.001 663.22 1013.51 1446.6 
-6.27744e+66 -6.27744e+66 -6.27744e+66 -6.27744e+66 -6.27744e+66 -6.27744e+66 -6.27744e+66 -6.27744e+66 -6.27744e+66 -6.27744e+66 307.972 456.582 690.111 1014.93 
-6.27744e+66 -6.27744e+66 -6.27744e+66 -6.27744e+66 -6.27744e+66 -6.27744e+66 -6.27744e+66 -6.27744e+66 -6.27744e+66 -6.27744e+66 -6.27744e+66 307.972 424.737 641.282 
-6.27744e+66 -6.27744e+66 -6.27744e+66 -6.27744e+66 -6.27744e+66 -6.27744e+66 -6.27744e+66 -6.27744e+66 -6.27744e+66 -6.27744e+66 -6.27744e+66 -6.27744e+66 307.972 416.245 
-6.27744e+66 -6.27744e+66 -6.27744e+66 -6.27744e+66 -6.27744e+66 -6.27744e+66 -6.27744e+66 -6.27744e+66 -6.27744e+66 -6.27744e+66 -6.27744e+66 -6.27744e+66 -6.27744e+66 307.972 
-6.27744e+66 -6.27744e+66 -6.27744e+66 -6.27744e+66 -6.27744e+66 -6.27744e+66 -6.27744e+66 -6.27744e+66 -6.27744e+66 -6.27744e+66 -6.27744e+66 -6.27744e+66 -6.27744e+66 -6.27744e+66 
-6.27744e+66 400.4 423.937 568.777 883.804 1238.66 1564.55 1879.58 1904.93 2339.45 3708.18 4052.18 4171.67 5540.41 
-6.27744e+66 -6.27744e+66 400.4 472.82 682.838 948.982 1209.69 1472.22 1493.94 1874.15 3090.8 3400.4 3509.03 4763.71 
-6.27744e+66 -6.27744e+66 -6.27744e+66 400.4 505.409 682.838 878.372 1088.39 1106.5 1432.39 2496.96 2772.16 2869.92 4010.54 
-6.27744e+66 -6.27744e+66 -6.27744e+66 -6.27744e+66 400.4 489.115 619.471 776.984 791.468 1063.04 1975.54 2216.33 2303.24 3329.79 
-6.27744e+66 -6.27744e+66 -6.27744e+66 -6.27744e+66 -6.27744e+66 400.4 465.578 570.587 581.45 798.71 1559.12 1765.52 1841.56 2754.05 
-6.27744e+66 -6.27744e+66 -6.27744e+66 -6.27744e+66 -6.27744e+66 -6.27744e+66 400.4 452.905 460.147 623.092 1231.42 1403.42 1468.6 2267.03 
-6.27744e+66 -6.27744e+66 -6.27744e+66 -6.27744e+66 -6.27744e+66 -6.27744e+66 -6.27744e+66 400.4 404.021 512.651 968.897 1106.5 1160.81 1845.18 
-6.27744e+66 -6.27744e+66 -6.27744e+66 -6.27744e+66 -6.27744e+66 -6.27744e+66 -6.27744e+66 -6.27744e+66 400.4 454.715 758.879 862.078 905.53 1475.84 
-6.27744e+66 -6.27744e+66 -6.27744e+66 -6.27744e+66 -6.27744e+66 -6.27744e+66 -6.27744e+66 -6.27744e+66 -6.27744e+66 400.4 552.482 621.281 653.87 1110.12 
-6.27744e+66 -6.27744e+66 -6.27744e+66 -6.27744e+66 -6.27744e+66 -6.27744e+66 -6.27744e+66 -6.27744e+66 -6.27744e+66 -6.27744e+66 400.4 434.8 456.526 798.71 
-6.27744e+66 -6.27744e+66 -6.27744e+66 -6.27744e+66 -6.27744e+66 -6.27744e+66 -6.27744e+66 -6.27744e+66 -6.27744e+66 -6.27744e+66 -6.27744e+66 400.4 411.263 639.386 
-6.27744e+66 -6.27744e+66 -6.27744e+66 -6.27744e+66 -6.27744e+66 -6.27744e+66 -6.27744e+66 -6.27744e+66 -6.27744e+66 -6.27744e+66 -6.27744e+66 -6.27744e+66 400.4 514.462 
-6.27744e+66 -6.27744e+66 -6.27744e+66 -6.27744e+66 -6.27744e+66 -6.27744e+66 -6.27744e+66 -6.27744e+66 -6.27744e+66 -6.27744e+66 -6.27744e+66 -6.27744e+66 -6.27744e+66 400.4 
-6.27744e+66 -6.27744e+66 -6.27744e+66 -6.27744e+66 -6.27744e+66 -6.27744e+66 -6.27744e+66 -6.27744e+66 -6.27744e+66 -6.27744e+66 -6.27744e+66 -6.27744e+66 -6.27744e+66 -6.27744e+66 
-6.27744e+66 114.925 114.925 125.286 195.225 402.45 454.256 780.636 835.033 1373.82 1537.01 1718.33 2231.21 2293.38 
-6.27744e+66 -6.27744e+66 114.925 120.106 166.731 322.15 363.595 635.578 682.204 1153.64 1298.7 1461.89 1928.15 1985.13 
-6.27744e+66 -6.27744e+66 -6.27744e+66 114.925 138.238 241.85 272.934 490.521 529.375 933.465 1060.39 1205.45 1625.08 1676.89 
-6.27744e+66 -6.27744e+66 -6.27744e+66 -6.27744e+66 114.925 166.731 187.454 350.644 381.727 718.469 827.262 954.187 1327.19 1373.82 
-6.27744e+66 -6.27744e+66 -6.27744e+66 -6.27744e+66 -6.27744e+66 114.925 125.286 234.079 257.392 526.785 617.446 726.239 1052.62 1094.06 
-6.27744e+66 -6.27744e+66 -6.27744e+66 -6.27744e+66 -6.27744e+66 -6.27744e+66 114.925 169.322 184.863 386.908 459.437 550.098 829.852 866.117 
-6.27744e+66 -6.27744e+66 -6.27744e+66 -6.27744e+66 -6.27744e+66 -6.27744e+66 -6.27744e+66 114.925 122.696 257.392 311.789 384.318 617.446 648.53 
-6.27744e+66 -6.27744e+66 -6.27744e+66 -6.27744e+66 -6.27744e+66 -6.27744e+66 -6.27744e+66 -6.27744e+66 114.925 182.273 218.538 272.934 459.437 485.34 
-6.27744e+66 -6.27744e+66 -6.27744e+66 -6.27744e+66 -6.27744e+66 -6.27744e+66 -6.27744e+66 -6.27744e+66 -6.27744e+66 114.925 133.057 169.322 309.199 329.921 
-6.27744e+66 -6.27744e+66 -6.27744e+66 -6.27744e+66 -6.27744e+66 -6.27744e+66 -6.27744e+66 -6.27744e+66 -6.27744e+66 -6.27744e+66 114.925 133.057 226.309 241.85 
-6.27744e+66 -6.27744e+66 -6.27744e+66 -6.27744e+66 -6.27744e+66 -6.27744e+66 -6.27744e+66 -6.27744e+66 -6.27744e+66 -6.27744e+66 -6.27744e+66 114.925 161.551 171.912 
-6.27744e+66 -6.27744e+66 -6.27744e+66 -6.27744e+66 -6.27744e+66 -6.27744e+66 -6.27744e+66 -6.27744e+66 -6.27744e+66 -6.27744e+66 -6.27744e+66 -6.27744e+66 114.925 120.106 
-6.27744e+66 -6.27744e+66 -6.27744e+66 -6.27744e+66 -6.27744e+66 -6.27744e+66 -6.27744e+66 -6.27744e+66 -6.27744e+66 -6.27744e+66 -6.27744e+66 -6.27744e+66 -6.27744e+66 114.925 
-6.27744e+66 -6.27744e+66 -6.27744e+66 -6.27744e+66 -6.27744e+66 -6.27744e+66 -6.27744e+66 -6.27744e+66 -6.27744e+66 -6.27744e+66 -6.27744e+66 -6.27744e+66 -6.27744e+66 -6.27744e+66 
-6.27744e+66 52.3791 105.831 116.416 251.369 382.618 596.956 714.445 858.925 969.004 1130.95 1279.13 1279.13 1488.71 
-6.27744e+66 -6.27744e+66 52.3791 57.6714 147.64 246.077 417.547 515.455 639.295 735.614 879.565 1012.93 1012.93 1205.04 
-6.27744e+66 -6.27744e+66 -6.27744e+66 52.3791 97.3636 162.988 291.591 369.917 473.117 555.676 681.633 800.18 800.18 974.826 
-6.27744e+66 -6.27744e+66 -6.27744e+66 -6.27744e+66 52.3791 85.1914 170.927 229.671 312.231 381.031 488.993 592.722 592.722 749.904 
-6.27744e+66 -6.27744e+66 -6.27744e+66 -6.27744e+66 -6.27744e+66 52.3791 95.2467 134.41 196.33 251.369 341.338 430.249 430.249 569.966 
-6.27744e+66 -6.27744e+66 -6.27744e+66 -6.27744e+66 -6.27744e+66 -6.27744e+66 52.3791 71.9606 113.241 154.52 226.496 300.588 300.588 422.84 
-6.27744e+66 -6.27744e+66 -6.27744e+66 -6.27744e+66 -6.27744e+66 -6.27744e+66 -6.27744e+66 52.3791 73.0191 100.539 154.52 213.794 213.794 318.582 
-6.27744e+66 -6.27744e+66 -6.27744e+66 -6.27744e+66 -6.27744e+66 -6.27744e+66 -6.27744e+66 -6.27744e+66 52.3791 66.1391 102.127 146.582 146.582 233.905 
-6.27744e+66 -6.27744e+66 -6.27744e+66 -6.27744e+66 -6.27744e+66 -6.27744e+66 -6.27744e+66 -6.27744e+66 -6.27744e+66 52.3791 70.3729 100.01 100.01 169.868 
-6.27744e+66 -6.27744e+66 -6.27744e+66 -6.27744e+66 -6.27744e+66 -6.27744e+66 -6.27744e+66 -6.27744e+66 -6.27744e+66 -6.27744e+66 52.3791 67.1976 67.1976 119.591 
-6.27744e+66 -6.27744e+66 -6.27744e+66 -6.27744e+66 -6.27744e+66 -6.27744e+66 -6.27744e+66 -6.27744e+66 -6.27744e+66 -6.27744e+66 -6.27744e+66 52.3791 52.3791 87.3083 
-6.27744e+66 -6.27744e+66 -6.27744e+66 -6.27744e+66 -6.27744e+66 -6.27744e+66 -6.27744e+66 -6.27744e+66 -6.27744e+66 -6.27744e+66 -6.27744e+66 -6.27744e+66 52.3791 69.8437 
-6.27744e+66 -6.27744e+66 -6.27744e+66 -6.27744e+66 -6.27744e+66 -6.27744e+66 -6.27744e+66 -6.27744e+66 -6.27744e+66 -6.27744e+66 -6.27744e+66 -6.27744e+66 -6.27744e+66 52.3791 
-6.27744e+66 -6.27744e+66 -6.27744e+66 -6.27744e+66 -6.27744e+66 -6.27744e+66 -6.27744e+66 -6.27744e+66 -6.27744e+66 -6.27744e+66 -6.27744e+66 -6.27744e+66 -6.27744e+66 -6.27744e+66 
-6.27744e+66 95.6724 124.804 133.767 295.109 313.036 408.273 636.84 1036.83 1422.26 1644.11 1957.83 2327.57 2529.25 
-6.27744e+66 -6.27744e+66 95.6724 100.154 207.716 221.161 297.35 487.823 830.675 1167.92 1365.12 1647.47 1983.6 2168.47 
-6.27744e+66 -6.27744e+66 -6.27744e+66 95.6724 149.453 158.417 215.559 367.937 653.647 942.718 1115.26 1366.24 1668.76 1836.82 
-6.27744e+66 -6.27744e+66 -6.27744e+66 -6.27744e+66 95.6724 100.154 138.249 252.533 481.101 721.993 869.89 1089.49 1358.4 1509.66 
-6.27744e+66 -6.27744e+66 -6.27744e+66 -6.27744e+66 -6.27744e+66 95.6724 114.72 190.909 362.335 555.049 678.296 866.529 1101.82 1236.27 
-6.27744e+66 -6.27744e+66 -6.27744e+66 -6.27744e+66 -6.27744e+66 -6.27744e+66 95.6724 133.767 248.051 392.587 491.184 648.045 849.722 967.368 
-6.27744e+66 -6.27744e+66 -6.27744e+66 -6.27744e+66 -6.27744e+66 -6.27744e+66 -6.27744e+66 95.6724 152.814 249.171 323.12 448.608 616.673 717.511 
-6.27744e+66 -6.27744e+66 -6.27744e+66 -6.27744e+66 -6.27744e+66 -6.27744e+66 -6.27744e+66 -6.27744e+66 95.6724 143.851 193.15 287.266 421.718 505.75 
-6.27744e+66 -6.27744e+66 -6.27744e+66 -6.27744e+66 -6.27744e+66 -6.27744e+66 -6.27744e+66 -6.27744e+66 -6.27744e+66 95.6724 120.322 183.066 283.905 351.131 
-6.27744e+66 -6.27744e+66 -6.27744e+66 -6.27744e+66 -6.27744e+66 -6.27744e+66 -6.27744e+66 -6.27744e+66 -6.27744e+66 -6.27744e+66 95.6724 127.044 194.27 244.69 
-6.27744e+66 -6.27744e+66 -6.27744e+66 -6.27744e+66 -6.27744e+66 -6.27744e+66 -6.27744e+66 -6.27744e+66 -6.27744e+66 -6.27744e+66 -6.27744e+66 95.6724 129.285 162.898 
-6.27744e+66 -6.27744e+66 -6.27744e+66 -6.27744e+66 -6.27744e+66 -6.27744e+66 -6.27744e+66 -6.27744e+66 -6.27744e+66 -6.27744e+66 -6.27744e+66 -6.27744e+66 95.6724 112.479 
-6.27744e+66 -6.27744e+66 -6.27744e+66 -6.27744e+66 -6.27744e+66 -6.27744e+66 -6.27744e+66 -6.27744e+66 -6.27744e+66 -6.27744e+66 -6.27744e+66 -6.27744e+66 -6.27744e+66 95.6724 
-6.27744e+66 -6.27744e+66 -6.27744e+66 -6.27744e+66 -6.27744e+66 -6.27744e+66 -6.27744e+66 -6.27744e+66 -6.27744e+66 -6.27744e+66 -6.27744e+66 -6.27744e+66 -6.27744e+66 -6.27744e+66 
-6.27744e+66 256.56 323.314 461.956 508.17 754.645 1255.3 1779.06 1940.81 2557 2603.21 2628.88 3137.24 4092.33 
-6.27744e+66 -6.27744e+66 256.56 325.881 356.691 541.547 942.069 1378.54 1517.18 2056.34 2097.42 2120.53 2582.67 3458.17 
-6.27744e+66 -6.27744e+66 -6.27744e+66 256.56 271.965 395.202 695.594 1044.77 1160.3 1622.44 1658.39 1678.93 2094.85 2890.76 
-6.27744e+66 -6.27744e+66 -6.27744e+66 -6.27744e+66 256.56 318.179 518.44 780.32 872.748 1257.87 1288.67 1306.65 1676.36 2392.68 
-6.27744e+66 -6.27744e+66 -6.27744e+66 -6.27744e+66 -6.27744e+66 256.56 356.691 531.277 600.598 908.692 934.367 949.771 1273.27 1910 
-6.27744e+66 -6.27744e+66 -6.27744e+66 -6.27744e+66 -6.27744e+66 -6.27744e+66 256.56 343.853 390.067 621.138 641.677 654.515 931.799 1488.94 
-6.27744e+66 -6.27744e+66 -6.27744e+66 -6.27744e+66 -6.27744e+66 -6.27744e+66 -6.27744e+66 256.56 279.667 433.714 449.119 459.389 690.459 1168 
-6.27744e+66 -6.27744e+66 -6.27744e+66 -6.27744e+66 -6.27744e+66 -6.27744e+66 -6.27744e+66 -6.27744e+66 256.56 333.583 343.853 351.556 536.412 934.367 
-6.27744e+66 -6.27744e+66 -6.27744e+66 -6.27744e+66 -6.27744e+66 -6.27744e+66 -6.27744e+66 -6.27744e+66 -6.27744e+66 256.56 261.695 266.83 405.472 723.836 
-6.27744e+66 -6.27744e+66 -6.27744e+66 -6.27744e+66 -6.27744e+66 -6.27744e+66 -6.27744e+66 -6.27744e+66 -6.27744e+66 -6.27744e+66 256.56 259.127 351.556 590.328 
-6.27744e+66 -6.27744e+66 -6.27744e+66 -6.27744e+66 -6.27744e+66 -6.27744e+66 -6.27744e+66 -6.27744e+66 -6.27744e+66 -6.27744e+66 -6.27744e+66 256.56 302.774 461.956 
-6.27744e+66 -6.27744e+66 -6.27744e+66 -6.27744e+66 -6.27744e+66 -6.27744e+66 -6.27744e+66 -6.27744e+66 -6.27744e+66 -6.27744e+66 -6.27744e+66 -6.27744e+66 256.56 336.151 
-6.27744e+66 -6.27744e+66 -6.27744e+66 -6.27744e+66 -6.27744e+66 -6.27744e+66 -6.27744e+66 -6.27744e+66 -6.27744e+66 -6.27744e+66 -6.27744e+66 -6.27744e+66 -6.27744e+66 256.56 
-6.27744e+66 -6.27744e+66 -6.27744e+66 -6.27744e+66 -6.27744e+66 -6.27744e+66 -6.27744e+66 -6.27744e+66 -6.27744e+66 -6.27744e+66 -6.27744e+66 -6.27744e+66 -6.27744e+66 -6.27744e+66 
-6.27744e+66 170.021 193.264 274.615 579.68 928.326 1160.76 1247.92 1308.93 1704.06 1730.21 2020.75 2532.1 2845.88 
-6.27744e+66 -6.27744e+66 170.021 210.697 414.073 675.558 861.502 934.137 986.434 1332.17 1355.42 1616.9 2081.76 2369.4 
-6.27744e+66 -6.27744e+66 -6.27744e+66 170.021 271.71 446.033 585.491 643.599 687.179 983.528 1003.87 1236.3 1654.67 1916.16 
-6.27744e+66 -6.27744e+66 -6.27744e+66 -6.27744e+66 170.021 257.183 350.155 393.736 428.6 675.558 692.99 896.367 1268.26 1503.59 
-6.27744e+66 -6.27744e+66 -6.27744e+66 -6.27744e+66 -6.27744e+66 170.021 216.508 245.561 271.71 469.276 483.803 658.126 983.528 1192.72 
-6.27744e+66 -6.27744e+66 -6.27744e+66 -6.27744e+66 -6.27744e+66 -6.27744e+66 170.021 184.548 201.981 350.155 361.777 507.046 785.962 969.001 
-6.27744e+66 -6.27744e+66 -6.27744e+66 -6.27744e+66 -6.27744e+66 -6.27744e+66 -6.27744e+66 170.021 178.738 277.521 286.237 402.452 634.883 791.773 
-6.27744e+66 -6.27744e+66 -6.27744e+66 -6.27744e+66 -6.27744e+66 -6.27744e+66 -6.27744e+66 -6.27744e+66 170.021 219.413 225.224 312.385 498.33 629.072 
-6.27744e+66 -6.27744e+66 -6.27744e+66 -6.27744e+66 -6.27744e+66 -6.27744e+66 -6.27744e+66 -6.27744e+66 -6.27744e+66 170.021 172.927 231.034 370.493 475.086 
-6.27744e+66 -6.27744e+66 -6.27744e+66 -6.27744e+66 -6.27744e+66 -6.27744e+66 -6.27744e+66 -6.27744e+66 -6.27744e+66 -6.27744e+66 170.021 199.075 292.047 370.493 
-6.27744e+66 -6.27744e+66 -6.27744e+66 -6.27744e+66 -6.27744e+66 -6.27744e+66 -6.27744e+66 -6.27744e+66 -6.27744e+66 -6.27744e+66 -6.27744e+66 170.021 216.508 268.804 
-6.27744e+66 -6.27744e+66 -6.27744e+66 -6.27744e+66 -6.27744e+66 -6.27744e+66 -6.27744e+66 -6.27744e+66 -6.27744e+66 -6.27744e+66 -6.27744e+66 -6.27744e+66 170.021 196.17 
-6.27744e+66 -6.27744e+66 -6.27744e+66 -6.27744e+66 -6.27744e+66 -6.27744e+66 -6.27744e+66 -6.27744e+66 -6.27744e+66 -6.27744e+66 -6.27744e+66 -6.27744e+66 -6.27744e+66 170.021 
-6.27744e+66 -6.27744e+66 -6.27744e+66 -6.27744e+66 -6.27744e+66 -6.27744e+66 -6.27744e+66 -6.27744e+66 -6.27744e+66 -6.27744e+66 -6.27744e+66 -6.27744e+66 -6.27744e+66 -6.27744e+66 
