26 20
1000 1000 1000 1000 1000 1000 1000 1000 1000 1000 1000 1000 1000 1000 1000 1000 1000 1000 1000 1000 1000 1000 1000 1000 1000 1000 
item 0
20 0 25 40 15 10 20 5 0 0 20 15 40 10 5 15 5 10 5 15 20 15 45 15 35 15 
28.3798 28.3798 28.3798 28.3798 28.3798 28.3798 28.3798 28.3798 28.3798 28.3798 28.3798 28.3798 28.3798 28.3798 28.3798 28.3798 28.3798 28.3798 28.3798 28.3798 28.3798 28.3798 28.3798 28.3798 28.3798 28.3798 
0.476501 0.476501 0.476501 0.476501 0.476501 0.476501 0.476501 0.476501 0.476501 0.476501 0.476501 0.476501 0.476501 0.476501 0.476501 0.476501 0.476501 0.476501 0.476501 0.476501 0.476501 0.476501 0.476501 0.476501 0.476501 0.476501 
item 1
20 25 0 40 5 10 50 5 50 45 35 25 35 0 5 45 20 0 45 60 60 35 25 5 35 5 
92.7155 92.7155 92.7155 92.7155 92.7155 92.7155 92.7155 92.7155 92.7155 92.7155 92.7155 92.7155 92.7155 92.7155 92.7155 92.7155 92.7155 92.7155 92.7155 92.7155 92.7155 92.7155 92.7155 92.7155 92.7155 92.7155 
0.512703 0.512703 0.512703 0.512703 0.512703 0.512703 0.512703 0.512703 0.512703 0.512703 0.512703 0.512703 0.512703 0.512703 0.512703 0.512703 0.512703 0.512703 0.512703 0.512703 0.512703 0.512703 0.512703 0.512703 0.512703 0.512703 
item 2
20 0 5 0 25 20 15 5 5 5 5 25 20 10 5 35 0 10 10 0 5 10 0 10 0 10 
20.0845 20.0845 20.0845 20.0845 20.0845 20.0845 20.0845 20.0845 20.0845 20.0845 20.0845 20.0845 20.0845 20.0845 20.0845 20.0845 20.0845 20.0845 20.0845 20.0845 20.0845 20.0845 20.0845 20.0845 20.0845 20.0845 
0.469321 0.469321 0.469321 0.469321 0.469321 0.469321 0.469321 0.469321 0.469321 0.469321 0.469321 0.469321 0.469321 0.469321 0.469321 0.469321 0.469321 0.469321 0.469321 0.469321 0.469321 0.469321 0.469321 0.469321 0.469321 0.469321 
item 3
15 55 30 10 15 25 110 25 35 20 55 20 115 45 60 65 115 85 65 110 10 75 30 50 15 100 
83.9232 83.9232 83.9232 83.9232 83.9232 83.9232 83.9232 83.9232 83.9232 83.9232 83.9232 83.9232 83.9232 83.9232 83.9232 83.9232 83.9232 83.9232 83.9232 83.9232 83.9232 83.9232 83.9232 83.9232 83.9232 83.9232 
0.272886 0.272886 0.272886 0.272886 0.272886 0.272886 0.272886 0.272886 0.272886 0.272886 0.272886 0.272886 0.272886 0.272886 0.272886 0.272886 0.272886 0.272886 0.272886 0.272886 0.272886 0.272886 0.272886 0.272886 0.272886 0.272886 
item 4
5 25 5 70 25 10 5 25 35 60 50 20 45 0 40 40 40 105 65 25 20 45 30 40 30 60 
46.6741 46.6741 46.6741 46.6741 46.6741 46.6741 46.6741 46.6741 46.6741 46.6741 46.6741 46.6741 46.6741 46.6741 46.6741 46.6741 46.6741 46.6741 46.6741 46.6741 46.6741 46.6741 46.6741 46.6741 46.6741 46.6741 
0.257977 0.257977 0.257977 0.257977 0.257977 0.257977 0.257977 0.257977 0.257977 0.257977 0.257977 0.257977 0.257977 0.257977 0.257977 0.257977 0.257977 0.257977 0.257977 0.257977 0.257977 0.257977 0.257977 0.257977 0.257977 0.257977 
item 5
0 25 20 15 0 30 30 5 30 20 15 10 10 15 5 35 5 20 10 15 10 20 20 10 15 5 
31.8862 31.8862 31.8862 31.8862 31.8862 31.8862 31.8862 31.8862 31.8862 31.8862 31.8862 31.8862 31.8862 31.8862 31.8862 31.8862 31.8862 31.8862 31.8862 31.8862 31.8862 31.8862 31.8862 31.8862 31.8862 31.8862 
0.547082 0.547082 0.547082 0.547082 0.547082 0.547082 0.547082 0.547082 0.547082 0.547082 0.547082 0.547082 0.547082 0.547082 0.547082 0.547082 0.547082 0.547082 0.547082 0.547082 0.547082 0.547082 0.547082 0.547082 0.547082 0.547082 
item 6
25 60 30 40 60 35 20 55 45 15 15 30 20 15 35 5 25 15 5 30 5 45 45 15 20 25 
46.8815 46.8815 46.8815 46.8815 46.8815 46.8815 46.8815 46.8815 46.8815 46.8815 46.8815 46.8815 46.8815 46.8815 46.8815 46.8815 46.8815 46.8815 46.8815 46.8815 46.8815 46.8815 46.8815 46.8815 46.8815 46.8815 
0.379089 0.379089 0.379089 0.379089 0.379089 0.379089 0.379089 0.379089 0.379089 0.379089 0.379089 0.379089 0.379089 0.379089 0.379089 0.379089 0.379089 0.379089 0.379089 0.379089 0.379089 0.379089 0.379089 0.379089 0.379089 0.379089 
item 7
10 35 45 90 60 80 65 60 85 30 45 30 10 10 40 75 30 20 35 50 40 45 50 30 20 20 
72.7671 72.7671 72.7671 72.7671 72.7671 72.7671 72.7671 72.7671 72.7671 72.7671 72.7671 72.7671 72.7671 72.7671 72.7671 72.7671 72.7671 72.7671 72.7671 72.7671 72.7671 72.7671 72.7671 72.7671 72.7671 72.7671 
0.28725 0.28725 0.28725 0.28725 0.28725 0.28725 0.28725 0.28725 0.28725 0.28725 0.28725 0.28725 0.28725 0.28725 0.28725 0.28725 0.28725 0.28725 0.28725 0.28725 0.28725 0.28725 0.28725 0.28725 0.28725 0.28725 
item 8
110 55 60 20 120 115 5 105 0 70 60 70 70 80 50 20 45 5 45 95 20 0 40 60 25 10 
40.4015 40.4015 40.4015 40.4015 40.4015 40.4015 40.4015 40.4015 40.4015 40.4015 40.4015 40.4015 40.4015 40.4015 40.4015 40.4015 40.4015 40.4015 40.4015 40.4015 40.4015 40.4015 40.4015 40.4015 40.4015 40.4015 
0.200726 0.200726 0.200726 0.200726 0.200726 0.200726 0.200726 0.200726 0.200726 0.200726 0.200726 0.200726 0.200726 0.200726 0.200726 0.200726 0.200726 0.200726 0.200726 0.200726 0.200726 0.200726 0.200726 0.200726 0.200726 0.200726 
item 9
0 15 15 35 15 0 15 35 10 15 5 35 35 50 30 0 15 55 10 10 5 65 45 5 15 35 
49.6119 49.6119 49.6119 49.6119 49.6119 49.6119 49.6119 49.6119 49.6119 49.6119 49.6119 49.6119 49.6119 49.6119 49.6119 49.6119 49.6119 49.6119 49.6119 49.6119 49.6119 49.6119 49.6119 49.6119 49.6119 49.6119 
0.386752 0.386752 0.386752 0.386752 0.386752 0.386752 0.386752 0.386752 0.386752 0.386752 0.386752 0.386752 0.386752 0.386752 0.386752 0.386752 0.386752 0.386752 0.386752 0.386752 0.386752 0.386752 0.386752 0.386752 0.386752 0.386752 
item 10
20 35 25 35 0 30 30 20 10 45 40 75 5 10 0 35 45 35 10 15 20 40 20 0 40 70 
88.8077 88.8077 88.8077 88.8077 88.8077 88.8077 88.8077 88.8077 88.8077 88.8077 88.8077 88.8077 88.8077 88.8077 88.8077 88.8077 88.8077 88.8077 88.8077 88.8077 88.8077 88.8077 88.8077 88.8077 88.8077 88.8077 
0.417986 0.417986 0.417986 0.417986 0.417986 0.417986 0.417986 0.417986 0.417986 0.417986 0.417986 0.417986 0.417986 0.417986 0.417986 0.417986 0.417986 0.417986 0.417986 0.417986 0.417986 0.417986 0.417986 0.417986 0.417986 0.417986 
item 11
45 15 5 40 50 75 30 0 95 5 65 25 40 55 35 35 5 45 20 40 45 25 110 30 80 85 
25.7162 25.7162 25.7162 25.7162 25.7162 25.7162 25.7162 25.7162 25.7162 25.7162 25.7162 25.7162 25.7162 25.7162 25.7162 25.7162 25.7162 25.7162 25.7162 25.7162 25.7162 25.7162 25.7162 25.7162 25.7162 25.7162 
0.184766 0.184766 0.184766 0.184766 0.184766 0.184766 0.184766 0.184766 0.184766 0.184766 0.184766 0.184766 0.184766 0.184766 0.184766 0.184766 0.184766 0.184766 0.184766 0.184766 0.184766 0.184766 0.184766 0.184766 0.184766 0.184766 
item 12
15 30 20 40 10 30 5 20 55 45 45 5 5 65 5 25 5 25 50 15 20 25 20 0 30 25 
21.7045 21.7045 21.7045 21.7045 21.7045 21.7045 21.7045 21.7045 21.7045 21.7045 21.7045 21.7045 21.7045 21.7045 21.7045 21.7045 21.7045 21.7045 21.7045 21.7045 21.7045 21.7045 21.7045 21.7045 21.7045 21.7045 
0.349527 0.349527 0.349527 0.349527 0.349527 0.349527 0.349527 0.349527 0.349527 0.349527 0.349527 0.349527 0.349527 0.349527 0.349527 0.349527 0.349527 0.349527 0.349527 0.349527 0.349527 0.349527 0.349527 0.349527 0.349527 0.349527 
item 13
40 25 5 30 5 35 40 35 20 40 25 35 15 20 5 35 0 25 0 15 15 0 15 25 20 5 
30.5911 30.5911 30.5911 30.5911 30.5911 30.5911 30.5911 30.5911 30.5911 30.5911 30.5911 30.5911 30.5911 30.5911 30.5911 30.5911 30.5911 30.5911 30.5911 30.5911 30.5911 30.5911 30.5911 30.5911 30.5911 30.5911 
0.465346 0.465346 0.465346 0.465346 0.465346 0.465346 0.465346 0.465346 0.465346 0.465346 0.465346 0.465346 0.465346 0.465346 0.465346 0.465346 0.465346 0.465346 0.465346 0.465346 0.465346 0.465346 0.465346 0.465346 0.465346 0.465346 
item 14
0 40 15 5 5 5 15 10 10 20 20 20 0 15 25 0 25 0 0 20 5 10 35 5 5 0 
26.7016 26.7016 26.7016 26.7016 26.7016 26.7016 26.7016 26.7016 26.7016 26.7016 26.7016 26.7016 26.7016 26.7016 26.7016 26.7016 26.7016 26.7016 26.7016 26.7016 26.7016 26.7016 26.7016 26.7016 26.7016 26.7016 
0.563885 0.563885 0.563885 0.563885 0.563885 0.563885 0.563885 0.563885 0.563885 0.563885 0.563885 0.563885 0.563885 0.563885 0.563885 0.563885 0.563885 0.563885 0.563885 0.563885 0.563885 0.563885 0.563885 0.563885 0.563885 0.563885 
item 15
15 20 0 0 0 15 0 20 0 10 10 5 35 0 10 10 0 0 5 5 5 5 15 15 5 30 
3.7048 3.7048 3.7048 3.7048 3.7048 3.7048 3.7048 3.7048 3.7048 3.7048 3.7048 3.7048 3.7048 3.7048 3.7048 3.7048 3.7048 3.7048 3.7048 3.7048 3.7048 3.7048 3.7048 3.7048 3.7048 3.7048 
0.348184 0.348184 0.348184 0.348184 0.348184 0.348184 0.348184 0.348184 0.348184 0.348184 0.348184 0.348184 0.348184 0.348184 0.348184 0.348184 0.348184 0.348184 0.348184 0.348184 0.348184 0.348184 0.348184 0.348184 0.348184 0.348184 
item 16
10 45 45 20 25 0 20 45 20 30 25 40 0 15 45 10 0 25 10 45 30 20 5 5 20 10 
63.7159 63.7159 63.7159 63.7159 63.7159 63.7159 63.7159 63.7159 63.7159 63.7159 63.7159 63.7159 63.7159 63.7159 63.7159 63.7159 63.7159 63.7159 63.7159 63.7159 63.7159 63.7159 63.7159 63.7159 63.7159 63.7159 
0.525265 0.525265 0.525265 0.525265 0.525265 0.525265 0.525265 0.525265 0.525265 0.525265 0.525265 0.525265 0.525265 0.525265 0.525265 0.525265 0.525265 0.525265 0.525265 0.525265 0.525265 0.525265 0.525265 0.525265 0.525265 0.525265 
item 17
25 200 165 25 165 25 205 220 75 95 105 90 50 45 95 205 180 115 20 100 0 170 30 110 150 40 
75.0195 75.0195 75.0195 75.0195 75.0195 75.0195 75.0195 75.0195 75.0195 75.0195 75.0195 75.0195 75.0195 75.0195 75.0195 75.0195 75.0195 75.0195 75.0195 75.0195 75.0195 75.0195 75.0195 75.0195 75.0195 75.0195 
0.148332 0.148332 0.148332 0.148332 0.148332 0.148332 0.148332 0.148332 0.148332 0.148332 0.148332 0.148332 0.148332 0.148332 0.148332 0.148332 0.148332 0.148332 0.148332 0.148332 0.148332 0.148332 0.148332 0.148332 0.148332 0.148332 
item 18
20 5 40 45 35 40 0 40 50 25 35 40 5 45 65 40 30 50 35 15 20 20 60 35 40 35 
76.2215 76.2215 76.2215 76.2215 76.2215 76.2215 76.2215 76.2215 76.2215 76.2215 76.2215 76.2215 76.2215 76.2215 76.2215 76.2215 76.2215 76.2215 76.2215 76.2215 76.2215 76.2215 76.2215 76.2215 76.2215 76.2215 
0.472536 0.472536 0.472536 0.472536 0.472536 0.472536 0.472536 0.472536 0.472536 0.472536 0.472536 0.472536 0.472536 0.472536 0.472536 0.472536 0.472536 0.472536 0.472536 0.472536 0.472536 0.472536 0.472536 0.472536 0.472536 0.472536 
item 19
65 130 140 15 95 5 105 125 80 80 75 10 210 120 90 50 135 35 65 60 35 15 145 65 170 145 
74.4918 74.4918 74.4918 74.4918 74.4918 74.4918 74.4918 74.4918 74.4918 74.4918 74.4918 74.4918 74.4918 74.4918 74.4918 74.4918 74.4918 74.4918 74.4918 74.4918 74.4918 74.4918 74.4918 74.4918 74.4918 74.4918 
0.123536 0.123536 0.123536 0.123536 0.123536 0.123536 0.123536 0.123536 0.123536 0.123536 0.123536 0.123536 0.123536 0.123536 0.123536 0.123536 0.123536 0.123536 0.123536 0.123536 0.123536 0.123536 0.123536 0.123536 0.123536 0.123536 
