13 10
1000 1000 1000 1000 1000 1000 1000 1000 1000 1000 1000 1000 1000 
item 0
140 90 175 160 215 5 215 5 60 60 385 5 375 
182.788 182.788 182.788 182.788 182.788 182.788 182.788 182.788 182.788 182.788 182.788 182.788 182.788 
0.292552 0.292552 0.292552 0.292552 0.292552 0.292552 0.292552 0.292552 0.292552 0.292552 0.292552 0.292552 0.292552 
item 1
190 15 40 70 10 95 75 50 10 180 220 115 140 
136.07 136.07 136.07 136.07 136.07 136.07 136.07 136.07 136.07 136.07 136.07 136.07 136.07 
0.392856 0.392856 0.392856 0.392856 0.392856 0.392856 0.392856 0.392856 0.392856 0.392856 0.392856 0.392856 0.392856 
item 2
10 40 25 45 20 5 65 65 175 25 25 25 5 
46.9831 46.9831 46.9831 46.9831 46.9831 46.9831 46.9831 46.9831 46.9831 46.9831 46.9831 46.9831 46.9831 
0.420035 0.420035 0.420035 0.420035 0.420035 0.420035 0.420035 0.420035 0.420035 0.420035 0.420035 0.420035 0.420035 
item 3
250 300 195 315 180 225 340 10 355 155 230 235 210 
145.59 145.59 145.59 145.59 145.59 145.59 145.59 145.59 145.59 145.59 145.59 145.59 145.59 
0.28691 0.28691 0.28691 0.28691 0.28691 0.28691 0.28691 0.28691 0.28691 0.28691 0.28691 0.28691 0.28691 
item 4
35 60 85 170 70 0 20 15 50 40 25 15 145 
31.594 31.594 31.594 31.594 31.594 31.594 31.594 31.594 31.594 31.594 31.594 31.594 31.594 
0.396742 0.396742 0.396742 0.396742 0.396742 0.396742 0.396742 0.396742 0.396742 0.396742 0.396742 0.396742 0.396742 
item 5
25 65 35 125 10 85 45 45 55 120 40 80 75 
102.014 102.014 102.014 102.014 102.014 102.014 102.014 102.014 102.014 102.014 102.014 102.014 102.014 
0.45948 0.45948 0.45948 0.45948 0.45948 0.45948 0.45948 0.45948 0.45948 0.45948 0.45948 0.45948 0.45948 
item 6
105 105 155 50 5 0 225 60 85 15 70 130 90 
48.6189 48.6189 48.6189 48.6189 48.6189 48.6189 48.6189 48.6189 48.6189 48.6189 48.6189 48.6189 48.6189 
0.342818 0.342818 0.342818 0.342818 0.342818 0.342818 0.342818 0.342818 0.342818 0.342818 0.342818 0.342818 0.342818 
item 7
325 370 495 35 70 150 305 195 105 465 180 70 145 
58.3158 58.3158 58.3158 58.3158 58.3158 58.3158 58.3158 58.3158 58.3158 58.3158 58.3158 58.3158 58.3158 
0.139081 0.139081 0.139081 0.139081 0.139081 0.139081 0.139081 0.139081 0.139081 0.139081 0.139081 0.139081 0.139081 
item 8
40 5 5 0 45 80 25 50 20 10 55 0 10 
5.10428 5.10428 5.10428 5.10428 5.10428 5.10428 5.10428 5.10428 5.10428 5.10428 5.10428 5.10428 5.10428 
0.455553 0.455553 0.455553 0.455553 0.455553 0.455553 0.455553 0.455553 0.455553 0.455553 0.455553 0.455553 0.455553 
item 9
80 325 90 0 185 170 40 190 100 185 160 100 205 
242.922 242.922 242.922 242.922 242.922 242.922 242.922 242.922 242.922 242.922 242.922 242.922 242.922 
0.340376 0.340376 0.340376 0.340376 0.340376 0.340376 0.340376 0.340376 0.340376 0.340376 0.340376 0.340376 0.340376 
