26 10
-6.27744e+66 1.95706 1.95706 1.95706 1.95706 53.1897 104.422 242.751 260.682 260.682 283.737 334.969 363.147 393.887 460.489 532.215 1070.16 1152.13 1239.23 1285.33 1723.37 2286.93 2286.93 2399.65 2399.65 2399.65 2463.69 
-6.27744e+66 -6.27744e+66 1.95706 1.95706 1.95706 40.3815 81.3677 196.641 212.011 212.011 232.504 278.613 304.23 332.408 393.887 460.489 962.569 1039.42 1121.39 1164.94 1579.92 2115.3 2115.3 2222.89 2222.89 2222.89 2284.37 
-6.27744e+66 -6.27744e+66 -6.27744e+66 1.95706 1.95706 27.5734 58.313 150.532 163.34 163.34 181.271 222.257 245.312 270.928 327.284 388.764 854.981 926.706 1003.56 1044.54 1436.47 1943.67 1943.67 2046.14 2046.14 2046.14 2105.06 
-6.27744e+66 -6.27744e+66 -6.27744e+66 -6.27744e+66 1.95706 14.7652 35.2583 104.422 114.669 114.669 130.039 165.902 186.395 209.449 260.682 317.038 747.392 813.995 885.72 924.145 1293.02 1772.05 1772.05 1869.39 1869.39 1869.39 1925.74 
-6.27744e+66 -6.27744e+66 -6.27744e+66 -6.27744e+66 -6.27744e+66 1.95706 12.2036 58.313 65.9979 65.9979 78.806 109.546 127.477 147.97 194.079 245.312 639.804 701.283 767.885 803.748 1149.57 1600.42 1600.42 1692.63 1692.63 1692.63 1746.43 
-6.27744e+66 -6.27744e+66 -6.27744e+66 -6.27744e+66 -6.27744e+66 -6.27744e+66 1.95706 25.0117 30.135 30.135 40.3815 65.9979 81.3677 99.2991 140.285 186.395 545.023 601.379 662.858 696.159 1018.93 1441.59 1441.59 1528.69 1528.69 1528.69 1579.92 
-6.27744e+66 -6.27744e+66 -6.27744e+66 -6.27744e+66 -6.27744e+66 -6.27744e+66 -6.27744e+66 1.95706 4.51869 4.51869 12.2036 32.6966 45.5048 60.8746 96.7375 137.724 460.489 511.722 568.078 598.817 898.528 1293.02 1293.02 1374.99 1374.99 1374.99 1423.66 
-6.27744e+66 -6.27744e+66 -6.27744e+66 -6.27744e+66 -6.27744e+66 -6.27744e+66 -6.27744e+66 -6.27744e+66 1.95706 1.95706 7.08032 22.4501 32.6966 45.5048 76.2444 112.107 399.01 445.119 496.352 524.53 801.186 1167.5 1167.5 1244.35 1244.35 1244.35 1290.46 
-6.27744e+66 -6.27744e+66 -6.27744e+66 -6.27744e+66 -6.27744e+66 -6.27744e+66 -6.27744e+66 -6.27744e+66 -6.27744e+66 1.95706 4.51869 14.7652 22.4501 32.6966 58.313 89.0526 340.093 381.079 427.188 452.804 706.406 1044.54 1044.54 1116.27 1116.27 1116.27 1159.81 
-6.27744e+66 -6.27744e+66 -6.27744e+66 -6.27744e+66 -6.27744e+66 -6.27744e+66 -6.27744e+66 -6.27744e+66 -6.27744e+66 -6.27744e+66 1.95706 7.08032 12.2036 19.8885 40.3815 65.9979 281.175 317.038 358.024 381.079 611.626 921.583 921.583 988.186 988.186 988.186 1029.17 
-6.27744e+66 -6.27744e+66 -6.27744e+66 -6.27744e+66 -6.27744e+66 -6.27744e+66 -6.27744e+66 -6.27744e+66 -6.27744e+66 -6.27744e+66 -6.27744e+66 1.95706 4.51869 9.64196 25.0117 45.5048 224.819 255.559 291.422 311.915 519.407 801.186 801.186 862.666 862.666 862.666 901.09 
-6.27744e+66 -6.27744e+66 -6.27744e+66 -6.27744e+66 -6.27744e+66 -6.27744e+66 -6.27744e+66 -6.27744e+66 -6.27744e+66 -6.27744e+66 -6.27744e+66 -6.27744e+66 1.95706 4.51869 14.7652 30.135 173.586 199.203 229.942 247.874 432.311 685.913 685.913 742.269 742.269 742.269 778.132 
-6.27744e+66 -6.27744e+66 -6.27744e+66 -6.27744e+66 -6.27744e+66 -6.27744e+66 -6.27744e+66 -6.27744e+66 -6.27744e+66 -6.27744e+66 -6.27744e+66 -6.27744e+66 -6.27744e+66 1.95706 7.08032 17.3269 124.915 145.408 171.025 186.395 347.777 573.201 573.201 624.434 624.434 624.434 657.735 
-6.27744e+66 -6.27744e+66 -6.27744e+66 -6.27744e+66 -6.27744e+66 -6.27744e+66 -6.27744e+66 -6.27744e+66 -6.27744e+66 -6.27744e+66 -6.27744e+66 -6.27744e+66 -6.27744e+66 -6.27744e+66 1.95706 7.08032 78.806 94.1758 114.669 127.477 265.805 463.051 463.051 509.16 509.16 509.16 539.9 
-6.27744e+66 -6.27744e+66 -6.27744e+66 -6.27744e+66 -6.27744e+66 -6.27744e+66 -6.27744e+66 -6.27744e+66 -6.27744e+66 -6.27744e+66 -6.27744e+66 -6.27744e+66 -6.27744e+66 -6.27744e+66 -6.27744e+66 1.95706 37.8199 48.0664 63.4362 73.6828 188.956 358.024 358.024 399.01 399.01 399.01 427.188 
-6.27744e+66 -6.27744e+66 -6.27744e+66 -6.27744e+66 -6.27744e+66 -6.27744e+66 -6.27744e+66 -6.27744e+66 -6.27744e+66 -6.27744e+66 -6.27744e+66 -6.27744e+66 -6.27744e+66 -6.27744e+66 -6.27744e+66 -6.27744e+66 1.95706 7.08032 17.3269 25.0117 117.231 258.12 258.12 293.983 293.983 293.983 319.599 
-6.27744e+66 -6.27744e+66 -6.27744e+66 -6.27744e+66 -6.27744e+66 -6.27744e+66 -6.27744e+66 -6.27744e+66 -6.27744e+66 -6.27744e+66 -6.27744e+66 -6.27744e+66 -6.27744e+66 -6.27744e+66 -6.27744e+66 -6.27744e+66 -6.27744e+66 1.95706 7.08032 12.2036 81.3677 194.079 194.079 224.819 224.819 224.819 247.874 
-6.27744e+66 -6.27744e+66 -6.27744e+66 -6.27744e+66 -6.27744e+66 -6.27744e+66 -6.27744e+66 -6.27744e+66 -6.27744e+66 -6.27744e+66 -6.27744e+66 -6.27744e+66 -6.27744e+66 -6.27744e+66 -6.27744e+66 -6.27744e+66 -6.27744e+66 -6.27744e+66 1.95706 4.51869 50.6281 135.162 135.162 160.778 160.778 160.778 181.271 
-6.27744e+66 -6.27744e+66 -6.27744e+66 -6.27744e+66 -6.27744e+66 -6.27744e+66 -6.27744e+66 -6.27744e+66 -6.27744e+66 -6.27744e+66 -6.27744e+66 -6.27744e+66 -6.27744e+66 -6.27744e+66 -6.27744e+66 -6.27744e+66 -6.27744e+66 -6.27744e+66 -6.27744e+66 1.95706 25.0117 81.3677 81.3677 101.861 101.861 101.861 119.792 
-6.27744e+66 -6.27744e+66 -6.27744e+66 -6.27744e+66 -6.27744e+66 -6.27744e+66 -6.27744e+66 -6.27744e+66 -6.27744e+66 -6.27744e+66 -6.27744e+66 -6.27744e+66 -6.27744e+66 -6.27744e+66 -6.27744e+66 -6.27744e+66 -6.27744e+66 -6.27744e+66 -6.27744e+66 -6.27744e+66 1.95706 30.135 30.135 45.5048 45.5048 45.5048 60.8746 
-6.27744e+66 -6.27744e+66 -6.27744e+66 -6.27744e+66 -6.27744e+66 -6.27744e+66 -6.27744e+66 -6.27744e+66 -6.27744e+66 -6.27744e+66 -6.27744e+66 -6.27744e+66 -6.27744e+66 -6.27744e+66 -6.27744e+66 -6.27744e+66 -6.27744e+66 -6.27744e+66 -6.27744e+66 -6.27744e+66 -6.27744e+66 1.95706 1.95706 12.2036 12.2036 12.2036 25.0117 
-6.27744e+66 -6.27744e+66 -6.27744e+66 -6.27744e+66 -6.27744e+66 -6.27744e+66 -6.27744e+66 -6.27744e+66 -6.27744e+66 -6.27744e+66 -6.27744e+66 -6.27744e+66 -6.27744e+66 -6.27744e+66 -6.27744e+66 -6.27744e+66 -6.27744e+66 -6.27744e+66 -6.27744e+66 -6.27744e+66 -6.27744e+66 -6.27744e+66 1.95706 7.08032 7.08032 7.08032 17.3269 
-6.27744e+66 -6.27744e+66 -6.27744e+66 -6.27744e+66 -6.27744e+66 -6.27744e+66 -6.27744e+66 -6.27744e+66 -6.27744e+66 -6.27744e+66 -6.27744e+66 -6.27744e+66 -6.27744e+66 -6.27744e+66 -6.27744e+66 -6.27744e+66 -6.27744e+66 -6.27744e+66 -6.27744e+66 -6.27744e+66 -6.27744e+66 -6.27744e+66 -6.27744e+66 1.95706 1.95706 1.95706 9.64196 
-6.27744e+66 -6.27744e+66 -6.27744e+66 -6.27744e+66 -6.27744e+66 -6.27744e+66 -6.27744e+66 -6.27744e+66 -6.27744e+66 -6.27744e+66 -6.27744e+66 -6.27744e+66 -6.27744e+66 -6.27744e+66 -6.27744e+66 -6.27744e+66 -6.27744e+66 -6.27744e+66 -6.27744e+66 -6.27744e+66 -6.27744e+66 -6.27744e+66 -6.27744e+66 -6.27744e+66 1.95706 1.95706 7.08032 
-6.27744e+66 -6.27744e+66 -6.27744e+66 -6.27744e+66 -6.27744e+66 -6.27744e+66 -6.27744e+66 -6.27744e+66 -6.27744e+66 -6.27744e+66 -6.27744e+66 -6.27744e+66 -6.27744e+66 -6.27744e+66 -6.27744e+66 -6.27744e+66 -6.27744e+66 -6.27744e+66 -6.27744e+66 -6.27744e+66 -6.27744e+66 -6.27744e+66 -6.27744e+66 -6.27744e+66 -6.27744e+66 1.95706 4.51869 
-6.27744e+66 -6.27744e+66 -6.27744e+66 -6.27744e+66 -6.27744e+66 -6.27744e+66 -6.27744e+66 -6.27744e+66 -6.27744e+66 -6.27744e+66 -6.27744e+66 -6.27744e+66 -6.27744e+66 -6.27744e+66 -6.27744e+66 -6.27744e+66 -6.27744e+66 -6.27744e+66 -6.27744e+66 -6.27744e+66 -6.27744e+66 -6.27744e+66 -6.27744e+66 -6.27744e+66 -6.27744e+66 -6.27744e+66 1.95706 
-6.27744e+66 -6.27744e+66 -6.27744e+66 -6.27744e+66 -6.27744e+66 -6.27744e+66 -6.27744e+66 -6.27744e+66 -6.27744e+66 -6.27744e+66 -6.27744e+66 -6.27744e+66 -6.27744e+66 -6.27744e+66 -6.27744e+66 -6.27744e+66 -6.27744e+66 -6.27744e+66 -6.27744e+66 -6.27744e+66 -6.27744e+66 -6.27744e+66 -6.27744e+66 -6.27744e+66 -6.27744e+66 -6.27744e+66 -6.27744e+66 
-6.27744e+66 277.83 320.986 428.131 557.599 700.46 1005.53 1112.67 1227.26 1239.16 1547.21 2157.34 2877.6 3252.61 4045.79 4608.3 4920.81 4944.62 6083.04 7234.86 8648.58 9005.74 10193.3 11470.1 12291.5 12934.4 14831.8 
-6.27744e+66 -6.27744e+66 277.83 331.403 417.714 524.86 768.914 858.202 956.419 966.836 1240.65 1789.77 2444.55 2788.31 3520.47 4042.81 4334.48 4356.81 5428.26 6516.09 7855.41 8194.7 9325.69 10544.5 11330.2 11946.3 13767.8 
-6.27744e+66 -6.27744e+66 -6.27744e+66 277.83 320.986 392.416 575.457 646.887 728.734 737.663 977.253 1465.36 2054.66 2367.17 3038.32 3520.47 3791.31 3812.15 4816.64 5840.48 7105.39 7426.83 8501.26 9662 10412 11001.3 12746.9 
-6.27744e+66 -6.27744e+66 -6.27744e+66 -6.27744e+66 277.83 313.545 435.572 489.145 554.623 562.063 767.426 1194.52 1718.34 1999.6 2609.74 3051.71 3301.72 3321.06 4258.59 5218.43 6408.94 6712.52 7730.41 8833.11 9547.42 10109.9 11779.6 
-6.27744e+66 -6.27744e+66 -6.27744e+66 -6.27744e+66 -6.27744e+66 277.83 338.843 374.558 423.667 429.619 600.755 966.836 1425.18 1675.19 2224.31 2626.11 2855.28 2873.14 3743.69 4639.55 5755.65 6041.37 7002.71 8047.38 8725.97 9261.7 10855.5 
-6.27744e+66 -6.27744e+66 -6.27744e+66 -6.27744e+66 -6.27744e+66 -6.27744e+66 277.83 295.687 328.426 332.891 469.799 774.867 1167.73 1386.49 1874.6 2236.21 2444.55 2460.92 3264.51 4096.38 5138.08 5405.94 6310.73 7297.36 7940.23 8449.17 9967.07 
-6.27744e+66 -6.27744e+66 -6.27744e+66 -6.27744e+66 -6.27744e+66 -6.27744e+66 -6.27744e+66 277.83 294.199 297.176 399.857 643.911 971.3 1158.81 1585.9 1907.34 2094.84 2109.72 2846.35 3614.23 4581.51 4831.52 5679.76 6608.35 7215.51 7697.67 9139.67 
-6.27744e+66 -6.27744e+66 -6.27744e+66 -6.27744e+66 -6.27744e+66 -6.27744e+66 -6.27744e+66 -6.27744e+66 277.83 279.318 347.772 530.813 792.724 948.978 1315.06 1596.32 1762.99 1776.38 2446.04 3149.93 4042.81 4274.96 5066.65 5937.2 6508.65 6964.02 8330.12 
-6.27744e+66 -6.27744e+66 -6.27744e+66 -6.27744e+66 -6.27744e+66 -6.27744e+66 -6.27744e+66 -6.27744e+66 -6.27744e+66 277.83 312.057 434.084 630.518 755.521 1060.59 1301.67 1447.5 1459.41 2062.1 2702 3520.47 3734.77 4469.9 5282.42 5818.15 6246.74 7536.95 
-6.27744e+66 -6.27744e+66 -6.27744e+66 -6.27744e+66 -6.27744e+66 -6.27744e+66 -6.27744e+66 -6.27744e+66 -6.27744e+66 -6.27744e+66 277.83 338.843 469.799 563.552 807.606 1008.5 1133.51 1143.92 1679.65 2255.56 2999.63 3196.06 3874.65 4629.13 5129.15 5530.94 6745.26 
-6.27744e+66 -6.27744e+66 -6.27744e+66 -6.27744e+66 -6.27744e+66 -6.27744e+66 -6.27744e+66 -6.27744e+66 -6.27744e+66 -6.27744e+66 -6.27744e+66 277.83 343.308 405.809 588.85 749.568 853.738 862.666 1331.43 1843.35 2513.01 2691.58 3313.62 4010.07 4474.37 4849.38 5987.8 
-6.27744e+66 -6.27744e+66 -6.27744e+66 -6.27744e+66 -6.27744e+66 -6.27744e+66 -6.27744e+66 -6.27744e+66 -6.27744e+66 -6.27744e+66 -6.27744e+66 -6.27744e+66 277.83 309.081 431.108 551.646 634.982 642.423 1044.22 1492.15 2087.4 2248.12 2813.61 3452.02 3880.6 4228.83 5291.35 
-6.27744e+66 -6.27744e+66 -6.27744e+66 -6.27744e+66 -6.27744e+66 -6.27744e+66 -6.27744e+66 -6.27744e+66 -6.27744e+66 -6.27744e+66 -6.27744e+66 -6.27744e+66 -6.27744e+66 277.83 338.843 419.203 481.704 487.657 822.487 1206.43 1727.27 1870.13 2379.08 2959.45 3352.31 3673.75 4660.38 
-6.27744e+66 -6.27744e+66 -6.27744e+66 -6.27744e+66 -6.27744e+66 -6.27744e+66 -6.27744e+66 -6.27744e+66 -6.27744e+66 -6.27744e+66 -6.27744e+66 -6.27744e+66 -6.27744e+66 -6.27744e+66 277.83 318.009 359.677 364.142 632.006 951.955 1398.39 1523.4 1975.79 2498.13 2855.28 3149.93 4060.67 
-6.27744e+66 -6.27744e+66 -6.27744e+66 -6.27744e+66 -6.27744e+66 -6.27744e+66 -6.27744e+66 -6.27744e+66 -6.27744e+66 -6.27744e+66 -6.27744e+66 -6.27744e+66 -6.27744e+66 -6.27744e+66 -6.27744e+66 277.83 298.664 301.64 502.538 758.497 1130.53 1237.68 1633.52 2097.82 2419.25 2687.12 3521.96 
-6.27744e+66 -6.27744e+66 -6.27744e+66 -6.27744e+66 -6.27744e+66 -6.27744e+66 -6.27744e+66 -6.27744e+66 -6.27744e+66 -6.27744e+66 -6.27744e+66 -6.27744e+66 -6.27744e+66 -6.27744e+66 -6.27744e+66 -6.27744e+66 277.83 279.318 413.25 605.219 902.846 992.134 1331.43 1737.69 2023.41 2264.49 3023.44 
-6.27744e+66 -6.27744e+66 -6.27744e+66 -6.27744e+66 -6.27744e+66 -6.27744e+66 -6.27744e+66 -6.27744e+66 -6.27744e+66 -6.27744e+66 -6.27744e+66 -6.27744e+66 -6.27744e+66 -6.27744e+66 -6.27744e+66 -6.27744e+66 -6.27744e+66 277.83 344.796 472.775 695.995 767.426 1050.17 1398.39 1648.4 1862.69 2545.75 
-6.27744e+66 -6.27744e+66 -6.27744e+66 -6.27744e+66 -6.27744e+66 -6.27744e+66 -6.27744e+66 -6.27744e+66 -6.27744e+66 -6.27744e+66 -6.27744e+66 -6.27744e+66 -6.27744e+66 -6.27744e+66 -6.27744e+66 -6.27744e+66 -6.27744e+66 -6.27744e+66 277.83 341.82 490.633 544.206 770.402 1060.59 1274.88 1462.38 2069.54 
-6.27744e+66 -6.27744e+66 -6.27744e+66 -6.27744e+66 -6.27744e+66 -6.27744e+66 -6.27744e+66 -6.27744e+66 -6.27744e+66 -6.27744e+66 -6.27744e+66 -6.27744e+66 -6.27744e+66 -6.27744e+66 -6.27744e+66 -6.27744e+66 -6.27744e+66 -6.27744e+66 -6.27744e+66 277.83 352.236 387.952 557.599 789.748 968.324 1129.04 1660.31 
-6.27744e+66 -6.27744e+66 -6.27744e+66 -6.27744e+66 -6.27744e+66 -6.27744e+66 -6.27744e+66 -6.27744e+66 -6.27744e+66 -6.27744e+66 -6.27744e+66 -6.27744e+66 -6.27744e+66 -6.27744e+66 -6.27744e+66 -6.27744e+66 -6.27744e+66 -6.27744e+66 -6.27744e+66 -6.27744e+66 277.83 295.687 408.786 582.897 725.758 859.69 1315.06 
-6.27744e+66 -6.27744e+66 -6.27744e+66 -6.27744e+66 -6.27744e+66 -6.27744e+66 -6.27744e+66 -6.27744e+66 -6.27744e+66 -6.27744e+66 -6.27744e+66 -6.27744e+66 -6.27744e+66 -6.27744e+66 -6.27744e+66 -6.27744e+66 -6.27744e+66 -6.27744e+66 -6.27744e+66 -6.27744e+66 -6.27744e+66 277.83 334.379 450.453 557.599 664.745 1044.22 
-6.27744e+66 -6.27744e+66 -6.27744e+66 -6.27744e+66 -6.27744e+66 -6.27744e+66 -6.27744e+66 -6.27744e+66 -6.27744e+66 -6.27744e+66 -6.27744e+66 -6.27744e+66 -6.27744e+66 -6.27744e+66 -6.27744e+66 -6.27744e+66 -6.27744e+66 -6.27744e+66 -6.27744e+66 -6.27744e+66 -6.27744e+66 -6.27744e+66 277.83 335.867 407.297 487.657 791.236 
-6.27744e+66 -6.27744e+66 -6.27744e+66 -6.27744e+66 -6.27744e+66 -6.27744e+66 -6.27744e+66 -6.27744e+66 -6.27744e+66 -6.27744e+66 -6.27744e+66 -6.27744e+66 -6.27744e+66 -6.27744e+66 -6.27744e+66 -6.27744e+66 -6.27744e+66 -6.27744e+66 -6.27744e+66 -6.27744e+66 -6.27744e+66 -6.27744e+66 -6.27744e+66 277.83 313.545 367.118 594.802 
-6.27744e+66 -6.27744e+66 -6.27744e+66 -6.27744e+66 -6.27744e+66 -6.27744e+66 -6.27744e+66 -6.27744e+66 -6.27744e+66 -6.27744e+66 -6.27744e+66 -6.27744e+66 -6.27744e+66 -6.27744e+66 -6.27744e+66 -6.27744e+66 -6.27744e+66 -6.27744e+66 -6.27744e+66 -6.27744e+66 -6.27744e+66 -6.27744e+66 -6.27744e+66 -6.27744e+66 277.83 304.616 456.406 
-6.27744e+66 -6.27744e+66 -6.27744e+66 -6.27744e+66 -6.27744e+66 -6.27744e+66 -6.27744e+66 -6.27744e+66 -6.27744e+66 -6.27744e+66 -6.27744e+66 -6.27744e+66 -6.27744e+66 -6.27744e+66 -6.27744e+66 -6.27744e+66 -6.27744e+66 -6.27744e+66 -6.27744e+66 -6.27744e+66 -6.27744e+66 -6.27744e+66 -6.27744e+66 -6.27744e+66 -6.27744e+66 277.83 353.725 
-6.27744e+66 -6.27744e+66 -6.27744e+66 -6.27744e+66 -6.27744e+66 -6.27744e+66 -6.27744e+66 -6.27744e+66 -6.27744e+66 -6.27744e+66 -6.27744e+66 -6.27744e+66 -6.27744e+66 -6.27744e+66 -6.27744e+66 -6.27744e+66 -6.27744e+66 -6.27744e+66 -6.27744e+66 -6.27744e+66 -6.27744e+66 -6.27744e+66 -6.27744e+66 -6.27744e+66 -6.27744e+66 -6.27744e+66 277.83 
-6.27744e+66 -6.27744e+66 -6.27744e+66 -6.27744e+66 -6.27744e+66 -6.27744e+66 -6.27744e+66 -6.27744e+66 -6.27744e+66 -6.27744e+66 -6.27744e+66 -6.27744e+66 -6.27744e+66 -6.27744e+66 -6.27744e+66 -6.27744e+66 -6.27744e+66 -6.27744e+66 -6.27744e+66 -6.27744e+66 -6.27744e+66 -6.27744e+66 -6.27744e+66 -6.27744e+66 -6.27744e+66 -6.27744e+66 -6.27744e+66 
-6.27744e+66 50.6655 50.6655 50.6655 85.7519 85.7519 100.371 363.519 486.321 603.276 761.165 819.642 883.967 989.226 1027.24 1109.1 1284.54 1658.79 2056.44 2161.7 2383.91 2383.91 2629.51 2951.14 3623.63 3693.8 4278.57 
-6.27744e+66 -6.27744e+66 50.6655 50.6655 74.0564 74.0564 85.7519 305.042 410.301 512.636 652.982 705.611 764.088 860.576 895.662 971.683 1135.42 1486.28 1860.54 1959.95 2170.47 2170.47 2404.38 2711.38 3354.63 3421.88 3983.26 
-6.27744e+66 -6.27744e+66 -6.27744e+66 50.6655 62.3609 62.3609 71.1325 246.564 334.28 421.996 544.799 591.58 644.21 731.926 764.088 834.261 986.302 1313.78 1664.64 1758.2 1957.03 1957.03 2179.24 2471.63 3085.64 3149.96 3687.95 
-6.27744e+66 -6.27744e+66 -6.27744e+66 -6.27744e+66 50.6655 50.6655 56.5132 188.087 258.26 331.357 436.616 477.55 524.332 603.276 632.515 696.84 837.185 1141.27 1468.74 1556.46 1743.58 1743.58 1954.1 2231.87 2816.64 2878.04 3392.64 
-6.27744e+66 -6.27744e+66 -6.27744e+66 -6.27744e+66 -6.27744e+66 50.6655 53.5894 141.305 193.935 252.412 340.128 375.214 416.149 486.321 512.636 571.113 699.763 980.454 1284.54 1366.4 1541.84 1541.84 1740.66 2003.81 2559.34 2617.82 3109.03 
-6.27744e+66 -6.27744e+66 -6.27744e+66 -6.27744e+66 -6.27744e+66 -6.27744e+66 50.6655 94.5235 129.61 173.468 243.641 272.879 307.966 369.367 392.758 445.387 562.342 819.642 1100.33 1176.35 1340.09 1340.09 1527.22 1775.75 2302.04 2357.59 2825.41 
-6.27744e+66 -6.27744e+66 -6.27744e+66 -6.27744e+66 -6.27744e+66 -6.27744e+66 -6.27744e+66 50.6655 68.2087 97.4473 150.077 173.468 202.706 255.336 275.803 322.585 427.844 661.753 919.053 989.226 1141.27 1141.27 1316.7 1550.61 2047.67 2100.29 2544.72 
-6.27744e+66 -6.27744e+66 -6.27744e+66 -6.27744e+66 -6.27744e+66 -6.27744e+66 -6.27744e+66 -6.27744e+66 50.6655 65.2848 100.371 117.914 141.305 185.163 202.706 243.641 337.204 547.722 781.632 845.957 986.302 986.302 1150.04 1369.33 1837.15 1886.85 2307.89 
-6.27744e+66 -6.27744e+66 -6.27744e+66 -6.27744e+66 -6.27744e+66 -6.27744e+66 -6.27744e+66 -6.27744e+66 -6.27744e+66 50.6655 68.2087 79.9041 97.4473 132.534 147.153 182.239 264.108 451.235 661.753 720.231 848.881 848.881 1000.92 1205.59 1644.17 1690.95 2088.6 
-6.27744e+66 -6.27744e+66 -6.27744e+66 -6.27744e+66 -6.27744e+66 -6.27744e+66 -6.27744e+66 -6.27744e+66 -6.27744e+66 -6.27744e+66 50.6655 56.5132 68.2087 94.5235 106.219 135.458 205.63 369.367 556.494 609.124 726.078 726.078 866.424 1056.47 1465.82 1509.67 1883.93 
-6.27744e+66 -6.27744e+66 -6.27744e+66 -6.27744e+66 -6.27744e+66 -6.27744e+66 -6.27744e+66 -6.27744e+66 -6.27744e+66 -6.27744e+66 -6.27744e+66 50.6655 56.5132 74.0564 82.828 106.219 164.696 305.042 468.778 515.56 620.819 620.819 749.469 924.901 1305 1345.94 1696.8 
-6.27744e+66 -6.27744e+66 -6.27744e+66 -6.27744e+66 -6.27744e+66 -6.27744e+66 -6.27744e+66 -6.27744e+66 -6.27744e+66 -6.27744e+66 -6.27744e+66 -6.27744e+66 50.6655 59.4371 65.2848 82.828 129.61 246.564 386.91 427.844 521.408 521.408 638.362 799.175 1150.04 1188.05 1515.52 
-6.27744e+66 -6.27744e+66 -6.27744e+66 -6.27744e+66 -6.27744e+66 -6.27744e+66 -6.27744e+66 -6.27744e+66 -6.27744e+66 -6.27744e+66 -6.27744e+66 -6.27744e+66 -6.27744e+66 50.6655 53.5894 65.2848 100.371 193.935 310.889 345.976 427.844 427.844 533.103 679.296 1000.92 1036.01 1340.09 
-6.27744e+66 -6.27744e+66 -6.27744e+66 -6.27744e+66 -6.27744e+66 -6.27744e+66 -6.27744e+66 -6.27744e+66 -6.27744e+66 -6.27744e+66 -6.27744e+66 -6.27744e+66 -6.27744e+66 -6.27744e+66 50.6655 56.5132 79.9041 150.077 243.641 272.879 343.052 343.052 436.616 568.19 860.576 892.739 1173.43 
-6.27744e+66 -6.27744e+66 -6.27744e+66 -6.27744e+66 -6.27744e+66 -6.27744e+66 -6.27744e+66 -6.27744e+66 -6.27744e+66 -6.27744e+66 -6.27744e+66 -6.27744e+66 -6.27744e+66 -6.27744e+66 -6.27744e+66 50.6655 62.3609 109.143 179.316 202.706 261.184 261.184 343.052 460.007 723.154 752.393 1009.69 
-6.27744e+66 -6.27744e+66 -6.27744e+66 -6.27744e+66 -6.27744e+66 -6.27744e+66 -6.27744e+66 -6.27744e+66 -6.27744e+66 -6.27744e+66 -6.27744e+66 -6.27744e+66 -6.27744e+66 -6.27744e+66 -6.27744e+66 -6.27744e+66 50.6655 74.0564 120.838 138.381 185.163 185.163 255.336 357.671 591.58 617.895 851.804 
-6.27744e+66 -6.27744e+66 -6.27744e+66 -6.27744e+66 -6.27744e+66 -6.27744e+66 -6.27744e+66 -6.27744e+66 -6.27744e+66 -6.27744e+66 -6.27744e+66 -6.27744e+66 -6.27744e+66 -6.27744e+66 -6.27744e+66 -6.27744e+66 -6.27744e+66 50.6655 74.0564 85.7519 120.838 120.838 179.316 267.031 471.702 495.093 705.611 
-6.27744e+66 -6.27744e+66 -6.27744e+66 -6.27744e+66 -6.27744e+66 -6.27744e+66 -6.27744e+66 -6.27744e+66 -6.27744e+66 -6.27744e+66 -6.27744e+66 -6.27744e+66 -6.27744e+66 -6.27744e+66 -6.27744e+66 -6.27744e+66 -6.27744e+66 -6.27744e+66 50.6655 56.5132 79.9041 79.9041 126.686 199.783 375.214 395.682 582.809 
-6.27744e+66 -6.27744e+66 -6.27744e+66 -6.27744e+66 -6.27744e+66 -6.27744e+66 -6.27744e+66 -6.27744e+66 -6.27744e+66 -6.27744e+66 -6.27744e+66 -6.27744e+66 -6.27744e+66 -6.27744e+66 -6.27744e+66 -6.27744e+66 -6.27744e+66 -6.27744e+66 -6.27744e+66 50.6655 62.3609 62.3609 97.4473 155.925 302.118 319.661 483.397 
-6.27744e+66 -6.27744e+66 -6.27744e+66 -6.27744e+66 -6.27744e+66 -6.27744e+66 -6.27744e+66 -6.27744e+66 -6.27744e+66 -6.27744e+66 -6.27744e+66 -6.27744e+66 -6.27744e+66 -6.27744e+66 -6.27744e+66 -6.27744e+66 -6.27744e+66 -6.27744e+66 -6.27744e+66 -6.27744e+66 50.6655 50.6655 74.0564 117.914 234.869 249.488 389.834 
-6.27744e+66 -6.27744e+66 -6.27744e+66 -6.27744e+66 -6.27744e+66 -6.27744e+66 -6.27744e+66 -6.27744e+66 -6.27744e+66 -6.27744e+66 -6.27744e+66 -6.27744e+66 -6.27744e+66 -6.27744e+66 -6.27744e+66 -6.27744e+66 -6.27744e+66 -6.27744e+66 -6.27744e+66 -6.27744e+66 -6.27744e+66 50.6655 62.3609 91.5996 179.316 191.011 307.966 
-6.27744e+66 -6.27744e+66 -6.27744e+66 -6.27744e+66 -6.27744e+66 -6.27744e+66 -6.27744e+66 -6.27744e+66 -6.27744e+66 -6.27744e+66 -6.27744e+66 -6.27744e+66 -6.27744e+66 -6.27744e+66 -6.27744e+66 -6.27744e+66 -6.27744e+66 -6.27744e+66 -6.27744e+66 -6.27744e+66 -6.27744e+66 -6.27744e+66 50.6655 65.2848 123.762 132.534 226.097 
-6.27744e+66 -6.27744e+66 -6.27744e+66 -6.27744e+66 -6.27744e+66 -6.27744e+66 -6.27744e+66 -6.27744e+66 -6.27744e+66 -6.27744e+66 -6.27744e+66 -6.27744e+66 -6.27744e+66 -6.27744e+66 -6.27744e+66 -6.27744e+66 -6.27744e+66 -6.27744e+66 -6.27744e+66 -6.27744e+66 -6.27744e+66 -6.27744e+66 -6.27744e+66 50.6655 79.9041 85.7519 155.925 
-6.27744e+66 -6.27744e+66 -6.27744e+66 -6.27744e+66 -6.27744e+66 -6.27744e+66 -6.27744e+66 -6.27744e+66 -6.27744e+66 -6.27744e+66 -6.27744e+66 -6.27744e+66 -6.27744e+66 -6.27744e+66 -6.27744e+66 -6.27744e+66 -6.27744e+66 -6.27744e+66 -6.27744e+66 -6.27744e+66 -6.27744e+66 -6.27744e+66 -6.27744e+66 -6.27744e+66 50.6655 53.5894 100.371 
-6.27744e+66 -6.27744e+66 -6.27744e+66 -6.27744e+66 -6.27744e+66 -6.27744e+66 -6.27744e+66 -6.27744e+66 -6.27744e+66 -6.27744e+66 -6.27744e+66 -6.27744e+66 -6.27744e+66 -6.27744e+66 -6.27744e+66 -6.27744e+66 -6.27744e+66 -6.27744e+66 -6.27744e+66 -6.27744e+66 -6.27744e+66 -6.27744e+66 -6.27744e+66 -6.27744e+66 -6.27744e+66 50.6655 74.0564 
-6.27744e+66 -6.27744e+66 -6.27744e+66 -6.27744e+66 -6.27744e+66 -6.27744e+66 -6.27744e+66 -6.27744e+66 -6.27744e+66 -6.27744e+66 -6.27744e+66 -6.27744e+66 -6.27744e+66 -6.27744e+66 -6.27744e+66 -6.27744e+66 -6.27744e+66 -6.27744e+66 -6.27744e+66 -6.27744e+66 -6.27744e+66 -6.27744e+66 -6.27744e+66 -6.27744e+66 -6.27744e+66 -6.27744e+66 50.6655 
-6.27744e+66 -6.27744e+66 -6.27744e+66 -6.27744e+66 -6.27744e+66 -6.27744e+66 -6.27744e+66 -6.27744e+66 -6.27744e+66 -6.27744e+66 -6.27744e+66 -6.27744e+66 -6.27744e+66 -6.27744e+66 -6.27744e+66 -6.27744e+66 -6.27744e+66 -6.27744e+66 -6.27744e+66 -6.27744e+66 -6.27744e+66 -6.27744e+66 -6.27744e+66 -6.27744e+66 -6.27744e+66 -6.27744e+66 -6.27744e+66 
-6.27744e+66 357.548 437.884 572.642 658.162 772.188 1070.21 1381.19 1852.84 1894.31 1964.28 2715.81 3200.42 3324.82 3964.92 4763.1 5657.17 6320.59 7862.53 8095.77 8391.2 9842.44 10658.8 11571 12584.2 14077 14400.9 
-6.27744e+66 -6.27744e+66 357.548 424.927 481.94 567.459 805.877 1065.03 1469.3 1505.58 1567.78 2244.16 2684.72 2798.74 3389.6 4130.77 4965.24 5587.2 7038.44 7258.71 7538.6 8917.28 9694.73 10565.5 11534.7 12965.2 13276.2 
-6.27744e+66 -6.27744e+66 -6.27744e+66 357.548 386.054 443.067 621.881 829.201 1166.1 1197.19 1251.62 1852.84 2249.34 2353 2894.63 3578.78 4353.64 4934.14 6294.68 6502 6766.33 8072.45 8811.02 9640.3 10565.5 11933.8 12231.8 
-6.27744e+66 -6.27744e+66 -6.27744e+66 -6.27744e+66 357.548 386.054 505.263 660.753 930.269 956.184 1002.83 1528.91 1881.35 1974.64 2467.03 3094.17 3809.43 4348.46 5618.29 5812.66 6061.44 7295 7994.7 8782.52 9663.63 10969.7 11254.8 
-6.27744e+66 -6.27744e+66 -6.27744e+66 -6.27744e+66 -6.27744e+66 357.548 417.152 520.812 722.949 743.681 782.554 1233.48 1541.86 1624.79 2067.94 2638.07 3293.72 3791.29 4970.42 5151.82 5385.06 6546.05 7206.88 7953.24 8790.29 10034.2 10306.3 
-6.27744e+66 -6.27744e+66 -6.27744e+66 -6.27744e+66 -6.27744e+66 -6.27744e+66 357.548 409.378 544.136 559.685 590.783 966.55 1230.88 1303.45 1697.35 2210.47 2806.52 3262.62 4351.05 4519.5 4737.18 5825.61 6447.57 7152.46 7945.46 9127.19 9386.34 
-6.27744e+66 -6.27744e+66 -6.27744e+66 -6.27744e+66 -6.27744e+66 -6.27744e+66 -6.27744e+66 357.548 424.927 435.293 458.616 759.23 979.508 1041.7 1386.37 1842.48 2378.92 2793.56 3791.29 3946.78 4148.91 5164.78 5747.87 6411.29 7160.24 8279.77 8525.96 
-6.27744e+66 -6.27744e+66 -6.27744e+66 -6.27744e+66 -6.27744e+66 -6.27744e+66 -6.27744e+66 -6.27744e+66 357.548 362.731 378.28 603.74 779.962 831.792 1127.22 1526.31 2003.15 2376.33 3283.35 3425.88 3612.47 4555.78 5099.99 5721.95 6426.84 7484.18 7717.41 
-6.27744e+66 -6.27744e+66 -6.27744e+66 -6.27744e+66 -6.27744e+66 -6.27744e+66 -6.27744e+66 -6.27744e+66 -6.27744e+66 357.548 365.322 515.629 647.796 689.26 935.452 1277.53 1694.76 2026.47 2842.8 2972.37 3143.41 4014.16 4519.5 5099.99 5760.83 6755.96 6976.24 
-6.27744e+66 -6.27744e+66 -6.27744e+66 -6.27744e+66 -6.27744e+66 -6.27744e+66 -6.27744e+66 -6.27744e+66 -6.27744e+66 -6.27744e+66 357.548 432.701 520.812 551.91 748.864 1033.93 1391.56 1681.8 2407.42 2524.04 2679.53 3477.71 3944.18 4483.22 5099.99 6032.93 6240.25 
-6.27744e+66 -6.27744e+66 -6.27744e+66 -6.27744e+66 -6.27744e+66 -6.27744e+66 -6.27744e+66 -6.27744e+66 -6.27744e+66 -6.27744e+66 -6.27744e+66 357.548 401.603 422.335 570.051 798.103 1096.13 1344.91 1979.83 2083.49 2223.43 2949.05 3376.65 3874.21 4446.94 5317.68 5512.04 
-6.27744e+66 -6.27744e+66 -6.27744e+66 -6.27744e+66 -6.27744e+66 -6.27744e+66 -6.27744e+66 -6.27744e+66 -6.27744e+66 -6.27744e+66 -6.27744e+66 -6.27744e+66 357.548 367.914 466.391 637.43 875.848 1083.17 1627.38 1718.09 1842.48 2495.54 2884.26 3340.37 3869.03 4677.58 4858.98 
-6.27744e+66 -6.27744e+66 -6.27744e+66 -6.27744e+66 -6.27744e+66 -6.27744e+66 -6.27744e+66 -6.27744e+66 -6.27744e+66 -6.27744e+66 -6.27744e+66 -6.27744e+66 -6.27744e+66 357.548 406.786 520.812 699.626 865.482 1318.99 1396.74 1505.58 2086.08 2435.93 2850.57 3335.18 4081.53 4249.98 
-6.27744e+66 -6.27744e+66 -6.27744e+66 -6.27744e+66 -6.27744e+66 -6.27744e+66 -6.27744e+66 -6.27744e+66 -6.27744e+66 -6.27744e+66 -6.27744e+66 -6.27744e+66 -6.27744e+66 -6.27744e+66 357.548 414.561 533.77 658.162 1020.97 1085.76 1179.05 1686.99 1997.97 2371.14 2811.7 3495.86 3651.35 
-6.27744e+66 -6.27744e+66 -6.27744e+66 -6.27744e+66 -6.27744e+66 -6.27744e+66 -6.27744e+66 -6.27744e+66 -6.27744e+66 -6.27744e+66 -6.27744e+66 -6.27744e+66 -6.27744e+66 -6.27744e+66 -6.27744e+66 357.548 417.152 500.08 772.188 824.018 901.763 1337.14 1609.24 1940.95 2337.45 2959.41 3101.95 
-6.27744e+66 -6.27744e+66 -6.27744e+66 -6.27744e+66 -6.27744e+66 -6.27744e+66 -6.27744e+66 -6.27744e+66 -6.27744e+66 -6.27744e+66 -6.27744e+66 -6.27744e+66 -6.27744e+66 -6.27744e+66 -6.27744e+66 -6.27744e+66 357.548 399.012 580.417 619.289 681.485 1044.3 1277.53 1567.78 1920.22 2479.99 2609.56 
-6.27744e+66 -6.27744e+66 -6.27744e+66 -6.27744e+66 -6.27744e+66 -6.27744e+66 -6.27744e+66 -6.27744e+66 -6.27744e+66 -6.27744e+66 -6.27744e+66 -6.27744e+66 -6.27744e+66 -6.27744e+66 -6.27744e+66 -6.27744e+66 -6.27744e+66 357.548 448.25 474.165 520.812 811.06 1005.42 1254.21 1562.6 2060.16 2176.78 
-6.27744e+66 -6.27744e+66 -6.27744e+66 -6.27744e+66 -6.27744e+66 -6.27744e+66 -6.27744e+66 -6.27744e+66 -6.27744e+66 -6.27744e+66 -6.27744e+66 -6.27744e+66 -6.27744e+66 -6.27744e+66 -6.27744e+66 -6.27744e+66 -6.27744e+66 -6.27744e+66 357.548 370.505 401.603 619.289 774.779 982.099 1246.43 1681.8 1785.46 
-6.27744e+66 -6.27744e+66 -6.27744e+66 -6.27744e+66 -6.27744e+66 -6.27744e+66 -6.27744e+66 -6.27744e+66 -6.27744e+66 -6.27744e+66 -6.27744e+66 -6.27744e+66 -6.27744e+66 -6.27744e+66 -6.27744e+66 -6.27744e+66 -6.27744e+66 -6.27744e+66 -6.27744e+66 357.548 373.097 518.221 634.838 800.694 1020.97 1394.15 1484.85 
-6.27744e+66 -6.27744e+66 -6.27744e+66 -6.27744e+66 -6.27744e+66 -6.27744e+66 -6.27744e+66 -6.27744e+66 -6.27744e+66 -6.27744e+66 -6.27744e+66 -6.27744e+66 -6.27744e+66 -6.27744e+66 -6.27744e+66 -6.27744e+66 -6.27744e+66 -6.27744e+66 -6.27744e+66 -6.27744e+66 357.548 430.11 507.855 632.247 808.469 1119.45 1197.19 
-6.27744e+66 -6.27744e+66 -6.27744e+66 -6.27744e+66 -6.27744e+66 -6.27744e+66 -6.27744e+66 -6.27744e+66 -6.27744e+66 -6.27744e+66 -6.27744e+66 -6.27744e+66 -6.27744e+66 -6.27744e+66 -6.27744e+66 -6.27744e+66 -6.27744e+66 -6.27744e+66 -6.27744e+66 -6.27744e+66 -6.27744e+66 357.548 396.42 479.348 611.515 860.299 925.086 
-6.27744e+66 -6.27744e+66 -6.27744e+66 -6.27744e+66 -6.27744e+66 -6.27744e+66 -6.27744e+66 -6.27744e+66 -6.27744e+66 -6.27744e+66 -6.27744e+66 -6.27744e+66 -6.27744e+66 -6.27744e+66 -6.27744e+66 -6.27744e+66 -6.27744e+66 -6.27744e+66 -6.27744e+66 -6.27744e+66 -6.27744e+66 -6.27744e+66 357.548 399.012 487.123 673.711 725.541 
-6.27744e+66 -6.27744e+66 -6.27744e+66 -6.27744e+66 -6.27744e+66 -6.27744e+66 -6.27744e+66 -6.27744e+66 -6.27744e+66 -6.27744e+66 -6.27744e+66 -6.27744e+66 -6.27744e+66 -6.27744e+66 -6.27744e+66 -6.27744e+66 -6.27744e+66 -6.27744e+66 -6.27744e+66 -6.27744e+66 -6.27744e+66 -6.27744e+66 -6.27744e+66 357.548 401.603 525.995 564.868 
-6.27744e+66 -6.27744e+66 -6.27744e+66 -6.27744e+66 -6.27744e+66 -6.27744e+66 -6.27744e+66 -6.27744e+66 -6.27744e+66 -6.27744e+66 -6.27744e+66 -6.27744e+66 -6.27744e+66 -6.27744e+66 -6.27744e+66 -6.27744e+66 -6.27744e+66 -6.27744e+66 -6.27744e+66 -6.27744e+66 -6.27744e+66 -6.27744e+66 -6.27744e+66 -6.27744e+66 357.548 419.744 445.659 
-6.27744e+66 -6.27744e+66 -6.27744e+66 -6.27744e+66 -6.27744e+66 -6.27744e+66 -6.27744e+66 -6.27744e+66 -6.27744e+66 -6.27744e+66 -6.27744e+66 -6.27744e+66 -6.27744e+66 -6.27744e+66 -6.27744e+66 -6.27744e+66 -6.27744e+66 -6.27744e+66 -6.27744e+66 -6.27744e+66 -6.27744e+66 -6.27744e+66 -6.27744e+66 -6.27744e+66 -6.27744e+66 357.548 370.505 
-6.27744e+66 -6.27744e+66 -6.27744e+66 -6.27744e+66 -6.27744e+66 -6.27744e+66 -6.27744e+66 -6.27744e+66 -6.27744e+66 -6.27744e+66 -6.27744e+66 -6.27744e+66 -6.27744e+66 -6.27744e+66 -6.27744e+66 -6.27744e+66 -6.27744e+66 -6.27744e+66 -6.27744e+66 -6.27744e+66 -6.27744e+66 -6.27744e+66 -6.27744e+66 -6.27744e+66 -6.27744e+66 -6.27744e+66 357.548 
-6.27744e+66 -6.27744e+66 -6.27744e+66 -6.27744e+66 -6.27744e+66 -6.27744e+66 -6.27744e+66 -6.27744e+66 -6.27744e+66 -6.27744e+66 -6.27744e+66 -6.27744e+66 -6.27744e+66 -6.27744e+66 -6.27744e+66 -6.27744e+66 -6.27744e+66 -6.27744e+66 -6.27744e+66 -6.27744e+66 -6.27744e+66 -6.27744e+66 -6.27744e+66 -6.27744e+66 -6.27744e+66 -6.27744e+66 -6.27744e+66 
-6.27744e+66 218.897 275.741 330.113 348.649 398.079 762.62 866.422 1091.33 1496.65 1596.74 2128.11 2277.63 3078.38 3865.55 4695.96 5326.18 5326.18 6418.57 6663.25 7203.26 7400.98 8257.34 9181.67 10176.4 10739.9 12068.3 
-6.27744e+66 -6.27744e+66 218.897 246.083 258.441 295.513 587.146 673.647 866.422 1221.08 1310.05 1788.28 1924.21 2658.24 3384.85 4155.94 4744.15 4744.15 5772.28 6003.37 6514.96 6702.79 7518.37 8400.69 9352.2 9892.22 11167.5 
-6.27744e+66 -6.27744e+66 -6.27744e+66 218.897 225.076 249.79 468.515 537.716 698.362 1002.35 1080.2 1505.3 1627.63 2294.93 2960.99 3672.77 4218.97 4218.97 5182.84 5400.33 5883.5 6061.45 6836.25 7676.55 8584.81 9101.35 10323.5 
-6.27744e+66 -6.27744e+66 -6.27744e+66 -6.27744e+66 218.897 231.254 377.071 428.972 557.488 810.813 877.543 1249.5 1358.24 1958.81 2564.32 3216.79 3720.97 3720.97 4620.58 4824.48 5279.23 5447.29 6181.31 6979.6 7844.61 8337.67 9506.67 
-6.27744e+66 -6.27744e+66 -6.27744e+66 -6.27744e+66 -6.27744e+66 218.897 291.805 326.406 422.793 625.453 681.061 999.881 1095.03 1628.87 2173.83 2766.98 3229.14 3229.14 4064.5 4254.8 4681.13 4839.3 5532.55 6288.82 7110.58 7580.16 8696.03 
-6.27744e+66 -6.27744e+66 -6.27744e+66 -6.27744e+66 -6.27744e+66 -6.27744e+66 218.897 236.197 300.456 452.451 496.937 762.62 844.178 1311.29 1795.69 2329.53 2749.68 2749.68 3520.78 3697.49 4095.39 4243.68 4896.15 5610.4 6388.91 6835.01 7897.75 
-6.27744e+66 -6.27744e+66 -6.27744e+66 -6.27744e+66 -6.27744e+66 -6.27744e+66 -6.27744e+66 218.897 251.026 352.356 385.721 598.267 666.233 1066.61 1490.47 1964.99 2343.12 2343.12 3049.96 3213.08 3582.56 3720.97 4332.65 5004.89 5740.15 6162.78 7172.37 
-6.27744e+66 -6.27744e+66 -6.27744e+66 -6.27744e+66 -6.27744e+66 -6.27744e+66 -6.27744e+66 -6.27744e+66 218.897 269.562 291.805 451.215 505.587 839.235 1202.54 1617.75 1953.87 1953.87 2596.45 2745.97 3087.03 3215.55 3786.46 4416.68 5108.69 5507.84 6464.29 
-6.27744e+66 -6.27744e+66 -6.27744e+66 -6.27744e+66 -6.27744e+66 -6.27744e+66 -6.27744e+66 -6.27744e+66 -6.27744e+66 218.897 230.019 336.292 377.071 643.989 946.744 1302.64 1596.74 1596.74 2175.06 2310.99 2623.63 2742.26 3272.39 3860.6 4509.36 4885.03 5788.35 
-6.27744e+66 -6.27744e+66 -6.27744e+66 -6.27744e+66 -6.27744e+66 -6.27744e+66 -6.27744e+66 -6.27744e+66 -6.27744e+66 -6.27744e+66 218.897 272.034 299.22 499.409 741.612 1038.19 1290.28 1290.28 1804.34 1926.68 2210.9 2319.64 2808.99 3355.19 3960.7 4312.88 5163.07 
-6.27744e+66 -6.27744e+66 -6.27744e+66 -6.27744e+66 -6.27744e+66 -6.27744e+66 -6.27744e+66 -6.27744e+66 -6.27744e+66 -6.27744e+66 -6.27744e+66 218.897 232.49 365.949 547.602 784.863 994.938 994.938 1444.74 1553.49 1809.29 1908.14 2356.72 2860.9 3423.15 3751.86 4548.91 
-6.27744e+66 -6.27744e+66 -6.27744e+66 -6.27744e+66 -6.27744e+66 -6.27744e+66 -6.27744e+66 -6.27744e+66 -6.27744e+66 -6.27744e+66 -6.27744e+66 -6.27744e+66 218.897 285.627 406.729 584.674 752.734 752.734 1138.28 1233.43 1460.81 1549.78 1957.57 2419.74 2938.75 3243.97 3987.88 
-6.27744e+66 -6.27744e+66 -6.27744e+66 -6.27744e+66 -6.27744e+66 -6.27744e+66 -6.27744e+66 -6.27744e+66 -6.27744e+66 -6.27744e+66 -6.27744e+66 -6.27744e+66 -6.27744e+66 218.897 279.448 398.079 524.123 524.123 845.414 926.972 1125.93 1205.01 1572.03 1992.17 2467.93 2749.68 3440.45 
-6.27744e+66 -6.27744e+66 -6.27744e+66 -6.27744e+66 -6.27744e+66 -6.27744e+66 -6.27744e+66 -6.27744e+66 -6.27744e+66 -6.27744e+66 -6.27744e+66 -6.27744e+66 -6.27744e+66 -6.27744e+66 218.897 278.212 362.242 362.242 619.275 687.24 857.771 926.972 1253.21 1631.34 2063.85 2322.12 2959.75 
-6.27744e+66 -6.27744e+66 -6.27744e+66 -6.27744e+66 -6.27744e+66 -6.27744e+66 -6.27744e+66 -6.27744e+66 -6.27744e+66 -6.27744e+66 -6.27744e+66 -6.27744e+66 -6.27744e+66 -6.27744e+66 -6.27744e+66 218.897 260.912 260.912 453.687 508.059 650.168 709.483 994.938 1331.06 1720.31 1955.1 2539.6 
-6.27744e+66 -6.27744e+66 -6.27744e+66 -6.27744e+66 -6.27744e+66 -6.27744e+66 -6.27744e+66 -6.27744e+66 -6.27744e+66 -6.27744e+66 -6.27744e+66 -6.27744e+66 -6.27744e+66 -6.27744e+66 -6.27744e+66 -6.27744e+66 218.897 218.897 347.413 388.193 501.88 551.309 795.985 1090.09 1436.09 1647.41 2178.77 
-6.27744e+66 -6.27744e+66 -6.27744e+66 -6.27744e+66 -6.27744e+66 -6.27744e+66 -6.27744e+66 -6.27744e+66 -6.27744e+66 -6.27744e+66 -6.27744e+66 -6.27744e+66 -6.27744e+66 -6.27744e+66 -6.27744e+66 -6.27744e+66 -6.27744e+66 218.897 283.155 310.341 395.607 435.151 639.047 891.136 1193.89 1381.72 1859.95 
-6.27744e+66 -6.27744e+66 -6.27744e+66 -6.27744e+66 -6.27744e+66 -6.27744e+66 -6.27744e+66 -6.27744e+66 -6.27744e+66 -6.27744e+66 -6.27744e+66 -6.27744e+66 -6.27744e+66 -6.27744e+66 -6.27744e+66 -6.27744e+66 -6.27744e+66 -6.27744e+66 218.897 232.49 289.334 318.992 482.108 692.183 951.687 1116.04 1541.13 
-6.27744e+66 -6.27744e+66 -6.27744e+66 -6.27744e+66 -6.27744e+66 -6.27744e+66 -6.27744e+66 -6.27744e+66 -6.27744e+66 -6.27744e+66 -6.27744e+66 -6.27744e+66 -6.27744e+66 -6.27744e+66 -6.27744e+66 -6.27744e+66 -6.27744e+66 -6.27744e+66 -6.27744e+66 218.897 247.319 267.091 389.428 557.488 773.741 914.615 1286.57 
-6.27744e+66 -6.27744e+66 -6.27744e+66 -6.27744e+66 -6.27744e+66 -6.27744e+66 -6.27744e+66 -6.27744e+66 -6.27744e+66 -6.27744e+66 -6.27744e+66 -6.27744e+66 -6.27744e+66 -6.27744e+66 -6.27744e+66 -6.27744e+66 -6.27744e+66 -6.27744e+66 -6.27744e+66 -6.27744e+66 218.897 228.783 310.341 436.386 609.389 726.784 1045.6 
-6.27744e+66 -6.27744e+66 -6.27744e+66 -6.27744e+66 -6.27744e+66 -6.27744e+66 -6.27744e+66 -6.27744e+66 -6.27744e+66 -6.27744e+66 -6.27744e+66 -6.27744e+66 -6.27744e+66 -6.27744e+66 -6.27744e+66 -6.27744e+66 -6.27744e+66 -6.27744e+66 -6.27744e+66 -6.27744e+66 -6.27744e+66 218.897 259.676 343.706 473.458 567.374 833.057 
-6.27744e+66 -6.27744e+66 -6.27744e+66 -6.27744e+66 -6.27744e+66 -6.27744e+66 -6.27744e+66 -6.27744e+66 -6.27744e+66 -6.27744e+66 -6.27744e+66 -6.27744e+66 -6.27744e+66 -6.27744e+66 -6.27744e+66 -6.27744e+66 -6.27744e+66 -6.27744e+66 -6.27744e+66 -6.27744e+66 -6.27744e+66 -6.27744e+66 218.897 260.912 347.413 417.85 630.396 
-6.27744e+66 -6.27744e+66 -6.27744e+66 -6.27744e+66 -6.27744e+66 -6.27744e+66 -6.27744e+66 -6.27744e+66 -6.27744e+66 -6.27744e+66 -6.27744e+66 -6.27744e+66 -6.27744e+66 -6.27744e+66 -6.27744e+66 -6.27744e+66 -6.27744e+66 -6.27744e+66 -6.27744e+66 -6.27744e+66 -6.27744e+66 -6.27744e+66 -6.27744e+66 218.897 262.148 309.106 468.515 
-6.27744e+66 -6.27744e+66 -6.27744e+66 -6.27744e+66 -6.27744e+66 -6.27744e+66 -6.27744e+66 -6.27744e+66 -6.27744e+66 -6.27744e+66 -6.27744e+66 -6.27744e+66 -6.27744e+66 -6.27744e+66 -6.27744e+66 -6.27744e+66 -6.27744e+66 -6.27744e+66 -6.27744e+66 -6.27744e+66 -6.27744e+66 -6.27744e+66 -6.27744e+66 -6.27744e+66 218.897 242.376 348.649 
-6.27744e+66 -6.27744e+66 -6.27744e+66 -6.27744e+66 -6.27744e+66 -6.27744e+66 -6.27744e+66 -6.27744e+66 -6.27744e+66 -6.27744e+66 -6.27744e+66 -6.27744e+66 -6.27744e+66 -6.27744e+66 -6.27744e+66 -6.27744e+66 -6.27744e+66 -6.27744e+66 -6.27744e+66 -6.27744e+66 -6.27744e+66 -6.27744e+66 -6.27744e+66 -6.27744e+66 -6.27744e+66 218.897 272.034 
-6.27744e+66 -6.27744e+66 -6.27744e+66 -6.27744e+66 -6.27744e+66 -6.27744e+66 -6.27744e+66 -6.27744e+66 -6.27744e+66 -6.27744e+66 -6.27744e+66 -6.27744e+66 -6.27744e+66 -6.27744e+66 -6.27744e+66 -6.27744e+66 -6.27744e+66 -6.27744e+66 -6.27744e+66 -6.27744e+66 -6.27744e+66 -6.27744e+66 -6.27744e+66 -6.27744e+66 -6.27744e+66 -6.27744e+66 218.897 
-6.27744e+66 -6.27744e+66 -6.27744e+66 -6.27744e+66 -6.27744e+66 -6.27744e+66 -6.27744e+66 -6.27744e+66 -6.27744e+66 -6.27744e+66 -6.27744e+66 -6.27744e+66 -6.27744e+66 -6.27744e+66 -6.27744e+66 -6.27744e+66 -6.27744e+66 -6.27744e+66 -6.27744e+66 -6.27744e+66 -6.27744e+66 -6.27744e+66 -6.27744e+66 -6.27744e+66 -6.27744e+66 -6.27744e+66 -6.27744e+66 
-6.27744e+66 35.3738 49.602 69.3978 165.902 207.969 217.248 321.176 329.837 404.071 621.206 806.792 888.45 977.531 1033.83 1233.02 1622.75 2048.36 2490.06 2501.19 2512.94 2661.41 2934.22 3138.37 3252.19 3504.59 3550.99 
-6.27744e+66 -6.27744e+66 35.3738 45.2717 109.608 141.158 148.581 235.188 242.611 307.566 500.576 667.603 741.837 823.495 875.459 1060.43 1424.17 1823.18 2238.9 2249.41 2260.55 2401.59 2661.41 2856.28 2965.15 3207.04 3251.58 
-6.27744e+66 -6.27744e+66 -6.27744e+66 35.3738 67.542 88.575 94.1426 163.428 169.614 225.29 394.173 542.642 609.453 683.687 731.321 902.059 1239.83 1612.23 2001.96 2011.86 2022.38 2156 2402.83 2588.42 2692.34 2923.71 2966.39 
-6.27744e+66 -6.27744e+66 -6.27744e+66 -6.27744e+66 35.3738 45.8903 49.602 101.566 106.515 152.911 297.668 427.578 486.966 553.777 597.08 753.591 1065.37 1411.18 1774.93 1784.21 1794.11 1920.31 2154.15 2330.45 2429.43 2650.28 2691.11 
-6.27744e+66 -6.27744e+66 -6.27744e+66 -6.27744e+66 -6.27744e+66 35.3738 37.2296 71.8723 75.584 112.701 233.332 344.683 396.647 456.035 495.008 637.29 923.093 1242.3 1580.07 1588.73 1598.01 1716.78 1937.63 2104.66 2198.69 2409.02 2447.99 
-6.27744e+66 -6.27744e+66 -6.27744e+66 -6.27744e+66 -6.27744e+66 -6.27744e+66 35.3738 52.6951 55.1696 83.0074 179.512 272.305 316.846 368.81 403.452 531.506 791.327 1083.93 1395.72 1403.76 1412.42 1523.77 1731.63 1889.38 1978.46 2178.27 2215.39 
-6.27744e+66 -6.27744e+66 -6.27744e+66 -6.27744e+66 -6.27744e+66 -6.27744e+66 -6.27744e+66 35.3738 36.611 55.1696 127.548 201.782 238.9 283.44 313.752 427.578 661.417 927.423 1213.22 1220.65 1228.69 1332.62 1527.48 1675.95 1760.08 1949.38 1984.64 
-6.27744e+66 -6.27744e+66 -6.27744e+66 -6.27744e+66 -6.27744e+66 -6.27744e+66 -6.27744e+66 -6.27744e+66 35.3738 44.653 92.9054 148.581 178.275 215.392 241.374 340.972 548.828 788.233 1048.05 1054.86 1062.28 1158.79 1340.66 1479.85 1559.03 1737.81 1771.22 
-6.27744e+66 -6.27744e+66 -6.27744e+66 -6.27744e+66 -6.27744e+66 -6.27744e+66 -6.27744e+66 -6.27744e+66 -6.27744e+66 35.3738 59.4999 96.6171 118.887 148.581 170.233 255.602 437.476 650.281 884.119 890.306 897.111 986.192 1155.07 1284.98 1359.22 1527.48 1559.03 
-6.27744e+66 -6.27744e+66 -6.27744e+66 -6.27744e+66 -6.27744e+66 -6.27744e+66 -6.27744e+66 -6.27744e+66 -6.27744e+66 -6.27744e+66 35.3738 53.9323 68.7792 91.0495 108.371 179.512 335.404 521.609 729.465 735.032 741.218 822.876 978.768 1099.4 1168.68 1326.43 1356.13 
-6.27744e+66 -6.27744e+66 -6.27744e+66 -6.27744e+66 -6.27744e+66 -6.27744e+66 -6.27744e+66 -6.27744e+66 -6.27744e+66 -6.27744e+66 -6.27744e+66 35.3738 42.7972 57.6441 70.6351 127.548 257.458 417.062 598.936 603.885 609.453 683.687 826.588 937.939 1002.28 1149.51 1177.35 
-6.27744e+66 -6.27744e+66 -6.27744e+66 -6.27744e+66 -6.27744e+66 -6.27744e+66 -6.27744e+66 -6.27744e+66 -6.27744e+66 -6.27744e+66 -6.27744e+66 -6.27744e+66 35.3738 42.7972 51.4579 94.1426 198.071 331.074 486.966 491.296 496.245 563.056 692.966 795.038 854.426 991.141 1017.12 
-6.27744e+66 -6.27744e+66 -6.27744e+66 -6.27744e+66 -6.27744e+66 -6.27744e+66 -6.27744e+66 -6.27744e+66 -6.27744e+66 -6.27744e+66 -6.27744e+66 -6.27744e+66 -6.27744e+66 35.3738 39.7041 68.1606 146.107 252.509 382.419 386.131 390.461 449.849 566.768 659.561 713.999 840.198 864.324 
-6.27744e+66 -6.27744e+66 -6.27744e+66 -6.27744e+66 -6.27744e+66 -6.27744e+66 -6.27744e+66 -6.27744e+66 -6.27744e+66 -6.27744e+66 -6.27744e+66 -6.27744e+66 -6.27744e+66 -6.27744e+66 35.3738 49.602 101.566 181.368 285.296 288.389 292.101 344.065 447.993 531.506 580.996 696.678 718.948 
-6.27744e+66 -6.27744e+66 -6.27744e+66 -6.27744e+66 -6.27744e+66 -6.27744e+66 -6.27744e+66 -6.27744e+66 -6.27744e+66 -6.27744e+66 -6.27744e+66 -6.27744e+66 -6.27744e+66 -6.27744e+66 -6.27744e+66 35.3738 61.3558 114.557 192.503 194.978 198.071 242.611 333.548 407.783 452.323 557.488 577.903 
-6.27744e+66 -6.27744e+66 -6.27744e+66 -6.27744e+66 -6.27744e+66 -6.27744e+66 -6.27744e+66 -6.27744e+66 -6.27744e+66 -6.27744e+66 -6.27744e+66 -6.27744e+66 -6.27744e+66 -6.27744e+66 -6.27744e+66 -6.27744e+66 35.3738 61.9744 113.938 115.794 118.269 155.386 233.332 298.287 337.879 432.527 451.086 
-6.27744e+66 -6.27744e+66 -6.27744e+66 -6.27744e+66 -6.27744e+66 -6.27744e+66 -6.27744e+66 -6.27744e+66 -6.27744e+66 -6.27744e+66 -6.27744e+66 -6.27744e+66 -6.27744e+66 -6.27744e+66 -6.27744e+66 -6.27744e+66 -6.27744e+66 35.3738 61.3558 62.593 64.4489 94.1426 159.098 214.773 249.416 333.548 350.251 
-6.27744e+66 -6.27744e+66 -6.27744e+66 -6.27744e+66 -6.27744e+66 -6.27744e+66 -6.27744e+66 -6.27744e+66 -6.27744e+66 -6.27744e+66 -6.27744e+66 -6.27744e+66 -6.27744e+66 -6.27744e+66 -6.27744e+66 -6.27744e+66 -6.27744e+66 -6.27744e+66 35.3738 35.9924 37.2296 59.4999 111.464 157.86 187.554 261.17 276.017 
-6.27744e+66 -6.27744e+66 -6.27744e+66 -6.27744e+66 -6.27744e+66 -6.27744e+66 -6.27744e+66 -6.27744e+66 -6.27744e+66 -6.27744e+66 -6.27744e+66 -6.27744e+66 -6.27744e+66 -6.27744e+66 -6.27744e+66 -6.27744e+66 -6.27744e+66 -6.27744e+66 -6.27744e+66 35.3738 35.9924 50.8392 89.8123 126.929 151.674 214.773 227.764 
-6.27744e+66 -6.27744e+66 -6.27744e+66 -6.27744e+66 -6.27744e+66 -6.27744e+66 -6.27744e+66 -6.27744e+66 -6.27744e+66 -6.27744e+66 -6.27744e+66 -6.27744e+66 -6.27744e+66 -6.27744e+66 -6.27744e+66 -6.27744e+66 -6.27744e+66 -6.27744e+66 -6.27744e+66 -6.27744e+66 35.3738 42.7972 68.7792 96.6171 116.413 168.996 180.131 
-6.27744e+66 -6.27744e+66 -6.27744e+66 -6.27744e+66 -6.27744e+66 -6.27744e+66 -6.27744e+66 -6.27744e+66 -6.27744e+66 -6.27744e+66 -6.27744e+66 -6.27744e+66 -6.27744e+66 -6.27744e+66 -6.27744e+66 -6.27744e+66 -6.27744e+66 -6.27744e+66 -6.27744e+66 -6.27744e+66 -6.27744e+66 35.3738 48.3648 66.9233 81.7702 123.836 133.116 
-6.27744e+66 -6.27744e+66 -6.27744e+66 -6.27744e+66 -6.27744e+66 -6.27744e+66 -6.27744e+66 -6.27744e+66 -6.27744e+66 -6.27744e+66 -6.27744e+66 -6.27744e+66 -6.27744e+66 -6.27744e+66 -6.27744e+66 -6.27744e+66 -6.27744e+66 -6.27744e+66 -6.27744e+66 -6.27744e+66 -6.27744e+66 -6.27744e+66 35.3738 44.653 54.551 86.1005 93.524 
-6.27744e+66 -6.27744e+66 -6.27744e+66 -6.27744e+66 -6.27744e+66 -6.27744e+66 -6.27744e+66 -6.27744e+66 -6.27744e+66 -6.27744e+66 -6.27744e+66 -6.27744e+66 -6.27744e+66 -6.27744e+66 -6.27744e+66 -6.27744e+66 -6.27744e+66 -6.27744e+66 -6.27744e+66 -6.27744e+66 -6.27744e+66 -6.27744e+66 -6.27744e+66 35.3738 40.3227 61.3558 66.9233 
-6.27744e+66 -6.27744e+66 -6.27744e+66 -6.27744e+66 -6.27744e+66 -6.27744e+66 -6.27744e+66 -6.27744e+66 -6.27744e+66 -6.27744e+66 -6.27744e+66 -6.27744e+66 -6.27744e+66 -6.27744e+66 -6.27744e+66 -6.27744e+66 -6.27744e+66 -6.27744e+66 -6.27744e+66 -6.27744e+66 -6.27744e+66 -6.27744e+66 -6.27744e+66 -6.27744e+66 35.3738 45.8903 49.602 
-6.27744e+66 -6.27744e+66 -6.27744e+66 -6.27744e+66 -6.27744e+66 -6.27744e+66 -6.27744e+66 -6.27744e+66 -6.27744e+66 -6.27744e+66 -6.27744e+66 -6.27744e+66 -6.27744e+66 -6.27744e+66 -6.27744e+66 -6.27744e+66 -6.27744e+66 -6.27744e+66 -6.27744e+66 -6.27744e+66 -6.27744e+66 -6.27744e+66 -6.27744e+66 -6.27744e+66 -6.27744e+66 35.3738 37.2296 
-6.27744e+66 -6.27744e+66 -6.27744e+66 -6.27744e+66 -6.27744e+66 -6.27744e+66 -6.27744e+66 -6.27744e+66 -6.27744e+66 -6.27744e+66 -6.27744e+66 -6.27744e+66 -6.27744e+66 -6.27744e+66 -6.27744e+66 -6.27744e+66 -6.27744e+66 -6.27744e+66 -6.27744e+66 -6.27744e+66 -6.27744e+66 -6.27744e+66 -6.27744e+66 -6.27744e+66 -6.27744e+66 -6.27744e+66 35.3738 
-6.27744e+66 -6.27744e+66 -6.27744e+66 -6.27744e+66 -6.27744e+66 -6.27744e+66 -6.27744e+66 -6.27744e+66 -6.27744e+66 -6.27744e+66 -6.27744e+66 -6.27744e+66 -6.27744e+66 -6.27744e+66 -6.27744e+66 -6.27744e+66 -6.27744e+66 -6.27744e+66 -6.27744e+66 -6.27744e+66 -6.27744e+66 -6.27744e+66 -6.27744e+66 -6.27744e+66 -6.27744e+66 -6.27744e+66 -6.27744e+66 
-6.27744e+66 388.236 443.106 613.811 680.874 697.132 930.837 1223.48 1721.37 2046.52 2284.29 2670.41 3475.17 3621.49 3674.32 4727.01 5885.37 6958.38 7338.4 7923.68 9236.49 10008.7 10478.2 11908.8 13685 15977.3 17501.5 
-6.27744e+66 -6.27744e+66 388.236 473.589 518.297 530.491 717.454 961.32 1388.08 1672.59 1883.94 2231.45 2963.05 3097.18 3145.95 4123.44 5204.58 6210.53 6568.19 7120.96 8364.67 9098.3 9545.39 10911 12610 14806.8 16270 
-6.27744e+66 -6.27744e+66 -6.27744e+66 388.236 410.59 418.719 558.942 754.034 1109.67 1353.54 1538.47 1847.36 2505.8 2627.73 2672.44 3574.75 4578.66 5517.54 5852.86 6373.1 7547.72 8242.74 8667.47 9968.09 11589.8 13691.1 15093.3 
-6.27744e+66 -6.27744e+66 -6.27744e+66 -6.27744e+66 388.236 392.3 485.782 632.101 916.611 1119.83 1278.34 1548.63 2133.91 2243.65 2284.29 3111.4 4038.09 4909.91 5222.87 5710.6 6816.12 7472.53 7874.91 9110.49 10655 12660.8 14002 
-6.27744e+66 -6.27744e+66 -6.27744e+66 -6.27744e+66 -6.27744e+66 388.236 434.977 532.523 745.905 908.482 1040.58 1272.25 1784.37 1881.91 1918.49 2670.41 3519.88 4324.63 4615.24 5070.45 6106.88 6724.67 7104.7 8275.25 9742.51 11652.8 12933.1 
-6.27744e+66 -6.27744e+66 -6.27744e+66 -6.27744e+66 -6.27744e+66 -6.27744e+66 388.236 437.009 579.264 701.197 806.872 999.932 1438.89 1524.24 1556.76 2233.48 3005.73 3743.42 4011.67 4434.37 5401.7 5980.89 6338.55 7444.08 8834.11 10648.9 11868.2 
-6.27744e+66 -6.27744e+66 -6.27744e+66 -6.27744e+66 -6.27744e+66 -6.27744e+66 -6.27744e+66 388.236 459.363 540.652 619.908 774.356 1140.15 1213.31 1241.77 1843.3 2538.32 3208.95 3454.84 3845.03 4743.27 5283.84 5619.15 6659.64 7972.45 9691.71 10850.1 
-6.27744e+66 -6.27744e+66 -6.27744e+66 -6.27744e+66 -6.27744e+66 -6.27744e+66 -6.27744e+66 -6.27744e+66 388.236 428.88 481.718 597.554 890.192 951.159 975.545 1501.89 2119.68 2723.25 2946.79 3304.46 4133.6 4635.56 4948.52 5923.98 7159.57 8783.31 9880.7 
-6.27744e+66 -6.27744e+66 -6.27744e+66 -6.27744e+66 -6.27744e+66 -6.27744e+66 -6.27744e+66 -6.27744e+66 -6.27744e+66 388.236 414.655 491.879 711.358 760.131 780.453 1231.6 1772.17 2308.68 2509.87 2835.02 3595.07 4058.41 4349.02 5259.45 6417.81 7946.03 8982.46 
-6.27744e+66 -6.27744e+66 -6.27744e+66 -6.27744e+66 -6.27744e+66 -6.27744e+66 -6.27744e+66 -6.27744e+66 -6.27744e+66 -6.27744e+66 388.236 426.848 573.167 609.747 626.005 1001.96 1465.31 1934.75 2113.58 2406.22 3097.18 3521.91 3790.16 4635.56 5716.7 7149.41 8124.87 
-6.27744e+66 -6.27744e+66 -6.27744e+66 -6.27744e+66 -6.27744e+66 -6.27744e+66 -6.27744e+66 -6.27744e+66 -6.27744e+66 -6.27744e+66 -6.27744e+66 388.236 461.395 485.782 497.975 798.743 1184.86 1587.24 1743.72 2003.84 2625.7 3011.82 3257.72 4038.09 5042 6379.2 7293.69 
-6.27744e+66 -6.27744e+66 -6.27744e+66 -6.27744e+66 -6.27744e+66 -6.27744e+66 -6.27744e+66 -6.27744e+66 -6.27744e+66 -6.27744e+66 -6.27744e+66 -6.27744e+66 388.236 400.429 408.558 634.134 943.03 1278.34 1412.47 1640.08 2192.84 2540.35 2763.89 3479.23 4405.92 5647.6 6501.13 
-6.27744e+66 -6.27744e+66 -6.27744e+66 -6.27744e+66 -6.27744e+66 -6.27744e+66 -6.27744e+66 -6.27744e+66 -6.27744e+66 -6.27744e+66 -6.27744e+66 -6.27744e+66 -6.27744e+66 388.236 392.3 542.684 774.356 1042.61 1154.38 1349.47 1833.14 2142.04 2343.22 2993.53 3843 4989.17 5781.73 
-6.27744e+66 -6.27744e+66 -6.27744e+66 -6.27744e+66 -6.27744e+66 -6.27744e+66 -6.27744e+66 -6.27744e+66 -6.27744e+66 -6.27744e+66 -6.27744e+66 -6.27744e+66 -6.27744e+66 -6.27744e+66 388.236 463.428 617.876 819.065 908.482 1071.06 1485.63 1755.91 1934.75 2520.03 3292.27 4342.92 5074.52 
-6.27744e+66 -6.27744e+66 -6.27744e+66 -6.27744e+66 -6.27744e+66 -6.27744e+66 -6.27744e+66 -6.27744e+66 -6.27744e+66 -6.27744e+66 -6.27744e+66 -6.27744e+66 -6.27744e+66 -6.27744e+66 -6.27744e+66 388.236 465.46 599.586 666.649 796.711 1142.19 1373.86 1530.34 2050.59 2745.6 3700.74 4371.37 
-6.27744e+66 -6.27744e+66 -6.27744e+66 -6.27744e+66 -6.27744e+66 -6.27744e+66 -6.27744e+66 -6.27744e+66 -6.27744e+66 -6.27744e+66 -6.27744e+66 -6.27744e+66 -6.27744e+66 -6.27744e+66 -6.27744e+66 -6.27744e+66 388.236 455.299 500.008 597.554 873.935 1066.99 1201.12 1656.34 2274.13 3133.76 3743.42 
-6.27744e+66 -6.27744e+66 -6.27744e+66 -6.27744e+66 -6.27744e+66 -6.27744e+66 -6.27744e+66 -6.27744e+66 -6.27744e+66 -6.27744e+66 -6.27744e+66 -6.27744e+66 -6.27744e+66 -6.27744e+66 -6.27744e+66 -6.27744e+66 -6.27744e+66 388.236 410.59 475.621 682.907 837.355 949.127 1339.31 1879.88 2643.99 3192.69 
-6.27744e+66 -6.27744e+66 -6.27744e+66 -6.27744e+66 -6.27744e+66 -6.27744e+66 -6.27744e+66 -6.27744e+66 -6.27744e+66 -6.27744e+66 -6.27744e+66 -6.27744e+66 -6.27744e+66 -6.27744e+66 -6.27744e+66 -6.27744e+66 -6.27744e+66 -6.27744e+66 388.236 420.751 558.942 674.778 764.195 1089.35 1552.69 2221.29 2709.02 
-6.27744e+66 -6.27744e+66 -6.27744e+66 -6.27744e+66 -6.27744e+66 -6.27744e+66 -6.27744e+66 -6.27744e+66 -6.27744e+66 -6.27744e+66 -6.27744e+66 -6.27744e+66 -6.27744e+66 -6.27744e+66 -6.27744e+66 -6.27744e+66 -6.27744e+66 -6.27744e+66 -6.27744e+66 388.236 457.331 534.555 601.618 861.741 1247.86 1820.95 2247.71 
-6.27744e+66 -6.27744e+66 -6.27744e+66 -6.27744e+66 -6.27744e+66 -6.27744e+66 -6.27744e+66 -6.27744e+66 -6.27744e+66 -6.27744e+66 -6.27744e+66 -6.27744e+66 -6.27744e+66 -6.27744e+66 -6.27744e+66 -6.27744e+66 -6.27744e+66 -6.27744e+66 -6.27744e+66 -6.27744e+66 388.236 426.848 471.557 666.649 975.545 1453.12 1818.91 
-6.27744e+66 -6.27744e+66 -6.27744e+66 -6.27744e+66 -6.27744e+66 -6.27744e+66 -6.27744e+66 -6.27744e+66 -6.27744e+66 -6.27744e+66 -6.27744e+66 -6.27744e+66 -6.27744e+66 -6.27744e+66 -6.27744e+66 -6.27744e+66 -6.27744e+66 -6.27744e+66 -6.27744e+66 -6.27744e+66 -6.27744e+66 388.236 410.59 540.652 772.324 1154.38 1459.21 
-6.27744e+66 -6.27744e+66 -6.27744e+66 -6.27744e+66 -6.27744e+66 -6.27744e+66 -6.27744e+66 -6.27744e+66 -6.27744e+66 -6.27744e+66 -6.27744e+66 -6.27744e+66 -6.27744e+66 -6.27744e+66 -6.27744e+66 -6.27744e+66 -6.27744e+66 -6.27744e+66 -6.27744e+66 -6.27744e+66 -6.27744e+66 -6.27744e+66 388.236 453.267 607.715 894.257 1138.12 
-6.27744e+66 -6.27744e+66 -6.27744e+66 -6.27744e+66 -6.27744e+66 -6.27744e+66 -6.27744e+66 -6.27744e+66 -6.27744e+66 -6.27744e+66 -6.27744e+66 -6.27744e+66 -6.27744e+66 -6.27744e+66 -6.27744e+66 -6.27744e+66 -6.27744e+66 -6.27744e+66 -6.27744e+66 -6.27744e+66 -6.27744e+66 -6.27744e+66 -6.27744e+66 388.236 465.46 656.488 839.387 
-6.27744e+66 -6.27744e+66 -6.27744e+66 -6.27744e+66 -6.27744e+66 -6.27744e+66 -6.27744e+66 -6.27744e+66 -6.27744e+66 -6.27744e+66 -6.27744e+66 -6.27744e+66 -6.27744e+66 -6.27744e+66 -6.27744e+66 -6.27744e+66 -6.27744e+66 -6.27744e+66 -6.27744e+66 -6.27744e+66 -6.27744e+66 -6.27744e+66 -6.27744e+66 -6.27744e+66 388.236 483.75 605.683 
-6.27744e+66 -6.27744e+66 -6.27744e+66 -6.27744e+66 -6.27744e+66 -6.27744e+66 -6.27744e+66 -6.27744e+66 -6.27744e+66 -6.27744e+66 -6.27744e+66 -6.27744e+66 -6.27744e+66 -6.27744e+66 -6.27744e+66 -6.27744e+66 -6.27744e+66 -6.27744e+66 -6.27744e+66 -6.27744e+66 -6.27744e+66 -6.27744e+66 -6.27744e+66 -6.27744e+66 -6.27744e+66 388.236 449.202 
-6.27744e+66 -6.27744e+66 -6.27744e+66 -6.27744e+66 -6.27744e+66 -6.27744e+66 -6.27744e+66 -6.27744e+66 -6.27744e+66 -6.27744e+66 -6.27744e+66 -6.27744e+66 -6.27744e+66 -6.27744e+66 -6.27744e+66 -6.27744e+66 -6.27744e+66 -6.27744e+66 -6.27744e+66 -6.27744e+66 -6.27744e+66 -6.27744e+66 -6.27744e+66 -6.27744e+66 -6.27744e+66 -6.27744e+66 388.236 
-6.27744e+66 -6.27744e+66 -6.27744e+66 -6.27744e+66 -6.27744e+66 -6.27744e+66 -6.27744e+66 -6.27744e+66 -6.27744e+66 -6.27744e+66 -6.27744e+66 -6.27744e+66 -6.27744e+66 -6.27744e+66 -6.27744e+66 -6.27744e+66 -6.27744e+66 -6.27744e+66 -6.27744e+66 -6.27744e+66 -6.27744e+66 -6.27744e+66 -6.27744e+66 -6.27744e+66 -6.27744e+66 -6.27744e+66 -6.27744e+66 
-6.27744e+66 191.143 246.965 374.849 511.867 710.797 898.563 1233.5 1588.73 1669.92 2044.44 2409.82 2610.78 3183.21 3790.15 4031.71 4564.56 4986.78 6091.05 6273.74 6543.71 7619.56 7939.27 8877.08 10487.8 11998.1 12657.8 
-6.27744e+66 -6.27744e+66 191.143 255.085 346.43 495.628 645.84 924.951 1229.44 1300.48 1633.39 1962.23 2144.92 2669.65 3229.9 3454.21 3951.53 4347.36 5386.67 5559.21 5814.98 6837.03 7141.52 8036.7 9577.4 11024.7 11658 
-6.27744e+66 -6.27744e+66 -6.27744e+66 191.143 236.816 336.281 448.94 672.229 925.966 986.863 1278.15 1570.46 1734.88 2211.91 2725.47 2932.52 3394.32 3763.77 4738.12 4900.51 5142.07 6110.33 6399.59 7252.15 8722.81 10107.2 10714.1 
-6.27744e+66 -6.27744e+66 -6.27744e+66 -6.27744e+66 191.143 240.875 315.982 483.448 686.438 737.186 986.863 1242.63 1388.78 1818.11 2284.98 2474.78 2901.06 3244.11 4153.51 4305.75 4533.1 5447.57 5721.6 6531.53 7932.16 9253.63 9834.18 
-6.27744e+66 -6.27744e+66 -6.27744e+66 -6.27744e+66 -6.27744e+66 191.143 228.696 340.34 492.583 533.181 741.246 960.475 1088.36 1469.98 1890.17 2062.71 2453.47 2770.13 3614.57 3756.66 3969.8 4830.48 5089.29 5856.59 7187.19 8445.73 8999.89 
-6.27744e+66 -6.27744e+66 -6.27744e+66 -6.27744e+66 -6.27744e+66 -6.27744e+66 191.143 246.965 348.46 378.909 545.36 728.051 837.666 1171.58 1545.09 1700.37 2055.61 2345.88 3125.36 3257.31 3456.24 4263.12 4506.71 5231.38 6491.95 7687.56 8215.33 
-6.27744e+66 -6.27744e+66 -6.27744e+66 -6.27744e+66 -6.27744e+66 -6.27744e+66 -6.27744e+66 191.143 241.89 262.189 387.028 533.181 624.526 910.742 1237.56 1375.59 1695.3 1959.19 2673.71 2795.5 2980.22 3733.32 3961.68 4643.73 5834.26 6966.95 7468.33 
-6.27744e+66 -6.27744e+66 -6.27744e+66 -6.27744e+66 -6.27744e+66 -6.27744e+66 -6.27744e+66 -6.27744e+66 191.143 201.292 284.518 394.133 467.209 705.722 985.848 1106.63 1390.81 1628.31 2277.88 2389.52 2560.04 3259.34 3472.47 4111.89 5232.4 6302.15 6777.15 
-6.27744e+66 -6.27744e+66 -6.27744e+66 -6.27744e+66 -6.27744e+66 -6.27744e+66 -6.27744e+66 -6.27744e+66 -6.27744e+66 191.143 232.756 305.832 360.639 551.45 784.888 888.413 1137.08 1348.19 1932.8 2034.29 2190.59 2836.1 3034.02 3630.81 4681.28 5688.11 6136.72 
-6.27744e+66 -6.27744e+66 -6.27744e+66 -6.27744e+66 -6.27744e+66 -6.27744e+66 -6.27744e+66 -6.27744e+66 -6.27744e+66 -6.27744e+66 191.143 227.681 264.219 407.327 594.078 680.349 893.488 1078.21 1597.86 1689.21 1831.3 2423.02 2605.71 3159.87 4140.31 5084.22 5506.43 
-6.27744e+66 -6.27744e+66 -6.27744e+66 -6.27744e+66 -6.27744e+66 -6.27744e+66 -6.27744e+66 -6.27744e+66 -6.27744e+66 -6.27744e+66 -6.27744e+66 191.143 209.412 304.817 444.88 513.897 691.513 849.845 1304.54 1385.74 1513.62 2051.55 2219.01 2730.55 3640.96 4521.93 4917.76 
-6.27744e+66 -6.27744e+66 -6.27744e+66 -6.27744e+66 -6.27744e+66 -6.27744e+66 -6.27744e+66 -6.27744e+66 -6.27744e+66 -6.27744e+66 -6.27744e+66 -6.27744e+66 191.143 238.845 332.221 383.983 526.076 658.02 1047.76 1118.81 1232.48 1716.61 1868.85 2337.76 3178.14 3996.19 4365.63 
-6.27744e+66 -6.27744e+66 -6.27744e+66 -6.27744e+66 -6.27744e+66 -6.27744e+66 -6.27744e+66 -6.27744e+66 -6.27744e+66 -6.27744e+66 -6.27744e+66 -6.27744e+66 -6.27744e+66 191.143 237.831 272.339 378.909 484.463 809.247 870.144 969.609 1399.95 1536.97 1963.24 2733.59 3488.71 3831.77 
-6.27744e+66 -6.27744e+66 -6.27744e+66 -6.27744e+66 -6.27744e+66 -6.27744e+66 -6.27744e+66 -6.27744e+66 -6.27744e+66 -6.27744e+66 -6.27744e+66 -6.27744e+66 -6.27744e+66 -6.27744e+66 191.143 208.397 279.443 358.61 618.437 669.184 754.44 1130.99 1252.78 1636.43 2336.75 3028.94 3345.61 
-6.27744e+66 -6.27744e+66 -6.27744e+66 -6.27744e+66 -6.27744e+66 -6.27744e+66 -6.27744e+66 -6.27744e+66 -6.27744e+66 -6.27744e+66 -6.27744e+66 -6.27744e+66 -6.27744e+66 -6.27744e+66 -6.27744e+66 191.143 226.666 279.443 474.314 514.912 585.958 908.712 1015.28 1356.31 1986.59 2615.86 2906.13 
-6.27744e+66 -6.27744e+66 -6.27744e+66 -6.27744e+66 -6.27744e+66 -6.27744e+66 -6.27744e+66 -6.27744e+66 -6.27744e+66 -6.27744e+66 -6.27744e+66 -6.27744e+66 -6.27744e+66 -6.27744e+66 -6.27744e+66 -6.27744e+66 191.143 217.532 347.445 377.894 434.731 703.692 795.038 1093.43 1653.69 2220.03 2483.91 
-6.27744e+66 -6.27744e+66 -6.27744e+66 -6.27744e+66 -6.27744e+66 -6.27744e+66 -6.27744e+66 -6.27744e+66 -6.27744e+66 -6.27744e+66 -6.27744e+66 -6.27744e+66 -6.27744e+66 -6.27744e+66 -6.27744e+66 -6.27744e+66 -6.27744e+66 191.143 256.1 276.399 319.026 534.196 610.317 866.084 1356.31 1859.72 2097.22 
-6.27744e+66 -6.27744e+66 -6.27744e+66 -6.27744e+66 -6.27744e+66 -6.27744e+66 -6.27744e+66 -6.27744e+66 -6.27744e+66 -6.27744e+66 -6.27744e+66 -6.27744e+66 -6.27744e+66 -6.27744e+66 -6.27744e+66 -6.27744e+66 -6.27744e+66 -6.27744e+66 191.143 201.292 229.711 391.088 451.985 665.124 1085.31 1525.8 1736.91 
-6.27744e+66 -6.27744e+66 -6.27744e+66 -6.27744e+66 -6.27744e+66 -6.27744e+66 -6.27744e+66 -6.27744e+66 -6.27744e+66 -6.27744e+66 -6.27744e+66 -6.27744e+66 -6.27744e+66 -6.27744e+66 -6.27744e+66 -6.27744e+66 -6.27744e+66 -6.27744e+66 -6.27744e+66 191.143 205.352 312.937 358.61 529.121 879.279 1256.84 1441.56 
-6.27744e+66 -6.27744e+66 -6.27744e+66 -6.27744e+66 -6.27744e+66 -6.27744e+66 -6.27744e+66 -6.27744e+66 -6.27744e+66 -6.27744e+66 -6.27744e+66 -6.27744e+66 -6.27744e+66 -6.27744e+66 -6.27744e+66 -6.27744e+66 -6.27744e+66 -6.27744e+66 -6.27744e+66 -6.27744e+66 191.143 244.935 275.384 403.267 683.393 998.028 1156.36 
-6.27744e+66 -6.27744e+66 -6.27744e+66 -6.27744e+66 -6.27744e+66 -6.27744e+66 -6.27744e+66 -6.27744e+66 -6.27744e+66 -6.27744e+66 -6.27744e+66 -6.27744e+66 -6.27744e+66 -6.27744e+66 -6.27744e+66 -6.27744e+66 -6.27744e+66 -6.27744e+66 -6.27744e+66 -6.27744e+66 -6.27744e+66 191.143 206.367 291.623 501.717 753.425 885.368 
-6.27744e+66 -6.27744e+66 -6.27744e+66 -6.27744e+66 -6.27744e+66 -6.27744e+66 -6.27744e+66 -6.27744e+66 -6.27744e+66 -6.27744e+66 -6.27744e+66 -6.27744e+66 -6.27744e+66 -6.27744e+66 -6.27744e+66 -6.27744e+66 -6.27744e+66 -6.27744e+66 -6.27744e+66 -6.27744e+66 -6.27744e+66 -6.27744e+66 191.143 233.771 373.834 562.614 668.169 
-6.27744e+66 -6.27744e+66 -6.27744e+66 -6.27744e+66 -6.27744e+66 -6.27744e+66 -6.27744e+66 -6.27744e+66 -6.27744e+66 -6.27744e+66 -6.27744e+66 -6.27744e+66 -6.27744e+66 -6.27744e+66 -6.27744e+66 -6.27744e+66 -6.27744e+66 -6.27744e+66 -6.27744e+66 -6.27744e+66 -6.27744e+66 -6.27744e+66 -6.27744e+66 191.143 261.174 387.028 466.194 
-6.27744e+66 -6.27744e+66 -6.27744e+66 -6.27744e+66 -6.27744e+66 -6.27744e+66 -6.27744e+66 -6.27744e+66 -6.27744e+66 -6.27744e+66 -6.27744e+66 -6.27744e+66 -6.27744e+66 -6.27744e+66 -6.27744e+66 -6.27744e+66 -6.27744e+66 -6.27744e+66 -6.27744e+66 -6.27744e+66 -6.27744e+66 -6.27744e+66 -6.27744e+66 -6.27744e+66 191.143 254.07 306.847 
-6.27744e+66 -6.27744e+66 -6.27744e+66 -6.27744e+66 -6.27744e+66 -6.27744e+66 -6.27744e+66 -6.27744e+66 -6.27744e+66 -6.27744e+66 -6.27744e+66 -6.27744e+66 -6.27744e+66 -6.27744e+66 -6.27744e+66 -6.27744e+66 -6.27744e+66 -6.27744e+66 -6.27744e+66 -6.27744e+66 -6.27744e+66 -6.27744e+66 -6.27744e+66 -6.27744e+66 -6.27744e+66 191.143 217.532 
-6.27744e+66 -6.27744e+66 -6.27744e+66 -6.27744e+66 -6.27744e+66 -6.27744e+66 -6.27744e+66 -6.27744e+66 -6.27744e+66 -6.27744e+66 -6.27744e+66 -6.27744e+66 -6.27744e+66 -6.27744e+66 -6.27744e+66 -6.27744e+66 -6.27744e+66 -6.27744e+66 -6.27744e+66 -6.27744e+66 -6.27744e+66 -6.27744e+66 -6.27744e+66 -6.27744e+66 -6.27744e+66 -6.27744e+66 191.143 
-6.27744e+66 -6.27744e+66 -6.27744e+66 -6.27744e+66 -6.27744e+66 -6.27744e+66 -6.27744e+66 -6.27744e+66 -6.27744e+66 -6.27744e+66 -6.27744e+66 -6.27744e+66 -6.27744e+66 -6.27744e+66 -6.27744e+66 -6.27744e+66 -6.27744e+66 -6.27744e+66 -6.27744e+66 -6.27744e+66 -6.27744e+66 -6.27744e+66 -6.27744e+66 -6.27744e+66 -6.27744e+66 -6.27744e+66 -6.27744e+66 
-6.27744e+66 70.1173 76.6823 93.0945 112.789 191.568 281.836 360.615 452.523 465.653 672.448 688.86 815.235 972.792 1122.14 1742.53 1816.38 2105.24 2105.24 2518.83 2550.01 3370.63 3784.22 4181.39 4370.13 4803.42 5295.79 
-6.27744e+66 -6.27744e+66 70.1173 78.3235 91.4533 150.537 222.752 288.401 367.18 378.668 562.486 577.257 692.143 836.571 974.434 1550.5 1619.44 1890.24 1890.24 2280.85 2310.39 3089.98 3483.87 3862.99 4043.53 4458.76 4931.43 
-6.27744e+66 -6.27744e+66 -6.27744e+66 70.1173 76.6823 116.072 170.232 222.752 288.401 298.248 459.088 472.218 575.615 706.914 833.288 1365.05 1429.05 1681.8 1681.8 2049.44 2077.34 2815.89 3190.09 3551.16 3723.49 4120.67 4573.65 
-6.27744e+66 -6.27744e+66 -6.27744e+66 -6.27744e+66 70.1173 89.8121 125.919 165.309 217.828 226.034 363.897 375.386 467.294 585.463 700.349 1187.79 1246.88 1481.57 1481.57 1826.23 1852.49 2550.01 2904.52 3247.53 3411.66 3790.78 4224.06 
-6.27744e+66 -6.27744e+66 -6.27744e+66 -6.27744e+66 -6.27744e+66 70.1173 88.1708 114.43 153.82 160.385 275.271 285.118 365.538 470.577 573.974 1017.11 1071.27 1287.91 1287.91 1609.59 1634.21 2290.7 2625.51 2950.47 3106.39 3467.46 3881.05 
-6.27744e+66 -6.27744e+66 -6.27744e+66 -6.27744e+66 -6.27744e+66 -6.27744e+66 70.1173 83.2472 109.507 114.43 206.339 214.545 283.477 375.386 467.294 866.113 915.35 1113.94 1113.94 1412.64 1435.62 2051.08 2366.19 2673.1 2820.81 3163.83 3557.73 
-6.27744e+66 -6.27744e+66 -6.27744e+66 -6.27744e+66 -6.27744e+66 -6.27744e+66 -6.27744e+66 70.1173 83.2472 86.5296 155.461 162.026 219.469 298.248 378.668 733.173 777.486 958.021 958.021 1233.75 1255.08 1829.51 2124.93 2413.79 2553.29 2878.26 3252.46 
-6.27744e+66 -6.27744e+66 -6.27744e+66 -6.27744e+66 -6.27744e+66 -6.27744e+66 -6.27744e+66 -6.27744e+66 70.1173 71.7586 117.713 122.637 168.591 234.24 303.172 613.364 652.753 815.235 815.235 1067.98 1087.68 1621.08 1896.8 2167.61 2298.9 2605.81 2960.32 
-6.27744e+66 -6.27744e+66 -6.27744e+66 -6.27744e+66 -6.27744e+66 -6.27744e+66 -6.27744e+66 -6.27744e+66 -6.27744e+66 70.1173 93.0945 96.377 130.843 183.362 240.805 506.684 541.15 685.578 685.578 915.35 933.403 1425.77 1681.8 1934.55 2057.64 2346.5 2681.31 
-6.27744e+66 -6.27744e+66 -6.27744e+66 -6.27744e+66 -6.27744e+66 -6.27744e+66 -6.27744e+66 -6.27744e+66 -6.27744e+66 -6.27744e+66 70.1173 71.7586 94.7358 134.125 180.08 401.645 431.187 557.562 557.562 764.357 780.769 1232.11 1468.44 1703.14 1818.02 2088.83 2403.94 
-6.27744e+66 -6.27744e+66 -6.27744e+66 -6.27744e+66 -6.27744e+66 -6.27744e+66 -6.27744e+66 -6.27744e+66 -6.27744e+66 -6.27744e+66 -6.27744e+66 70.1173 81.6059 107.866 142.331 319.584 344.202 452.523 452.523 636.341 651.112 1061.42 1278.06 1494.7 1601.38 1854.13 2149.55 
-6.27744e+66 -6.27744e+66 -6.27744e+66 -6.27744e+66 -6.27744e+66 -6.27744e+66 -6.27744e+66 -6.27744e+66 -6.27744e+66 -6.27744e+66 -6.27744e+66 -6.27744e+66 70.1173 83.2472 106.224 239.164 258.859 349.126 349.126 509.966 523.096 892.372 1089.32 1287.91 1386.38 1621.08 1896.8 
-6.27744e+66 -6.27744e+66 -6.27744e+66 -6.27744e+66 -6.27744e+66 -6.27744e+66 -6.27744e+66 -6.27744e+66 -6.27744e+66 -6.27744e+66 -6.27744e+66 -6.27744e+66 -6.27744e+66 70.1173 81.6059 170.232 185.003 257.217 257.217 395.08 406.569 734.814 912.067 1092.6 1182.87 1399.51 1655.54 
-6.27744e+66 -6.27744e+66 -6.27744e+66 -6.27744e+66 -6.27744e+66 -6.27744e+66 -6.27744e+66 -6.27744e+66 -6.27744e+66 -6.27744e+66 -6.27744e+66 -6.27744e+66 -6.27744e+66 -6.27744e+66 70.1173 114.43 124.278 178.438 178.438 293.324 303.172 590.386 747.944 910.426 992.487 1191.08 1427.41 
-6.27744e+66 -6.27744e+66 -6.27744e+66 -6.27744e+66 -6.27744e+66 -6.27744e+66 -6.27744e+66 -6.27744e+66 -6.27744e+66 -6.27744e+66 -6.27744e+66 -6.27744e+66 -6.27744e+66 -6.27744e+66 -6.27744e+66 70.1173 75.041 111.148 111.148 203.057 211.263 457.447 595.31 739.738 813.593 994.128 1210.77 
-6.27744e+66 -6.27744e+66 -6.27744e+66 -6.27744e+66 -6.27744e+66 -6.27744e+66 -6.27744e+66 -6.27744e+66 -6.27744e+66 -6.27744e+66 -6.27744e+66 -6.27744e+66 -6.27744e+66 -6.27744e+66 -6.27744e+66 -6.27744e+66 70.1173 88.1708 88.1708 157.102 163.667 368.821 486.989 613.364 679.013 841.494 1038.44 
-6.27744e+66 -6.27744e+66 -6.27744e+66 -6.27744e+66 -6.27744e+66 -6.27744e+66 -6.27744e+66 -6.27744e+66 -6.27744e+66 -6.27744e+66 -6.27744e+66 -6.27744e+66 -6.27744e+66 -6.27744e+66 -6.27744e+66 -6.27744e+66 -6.27744e+66 70.1173 70.1173 116.072 120.995 285.118 383.592 491.913 549.356 693.784 871.036 
-6.27744e+66 -6.27744e+66 -6.27744e+66 -6.27744e+66 -6.27744e+66 -6.27744e+66 -6.27744e+66 -6.27744e+66 -6.27744e+66 -6.27744e+66 -6.27744e+66 -6.27744e+66 -6.27744e+66 -6.27744e+66 -6.27744e+66 -6.27744e+66 -6.27744e+66 -6.27744e+66 70.1173 93.0945 96.377 219.469 298.248 388.515 437.752 564.127 721.685 
-6.27744e+66 -6.27744e+66 -6.27744e+66 -6.27744e+66 -6.27744e+66 -6.27744e+66 -6.27744e+66 -6.27744e+66 -6.27744e+66 -6.27744e+66 -6.27744e+66 -6.27744e+66 -6.27744e+66 -6.27744e+66 -6.27744e+66 -6.27744e+66 -6.27744e+66 -6.27744e+66 -6.27744e+66 70.1173 71.7586 153.82 212.904 285.118 326.149 434.47 572.333 
-6.27744e+66 -6.27744e+66 -6.27744e+66 -6.27744e+66 -6.27744e+66 -6.27744e+66 -6.27744e+66 -6.27744e+66 -6.27744e+66 -6.27744e+66 -6.27744e+66 -6.27744e+66 -6.27744e+66 -6.27744e+66 -6.27744e+66 -6.27744e+66 -6.27744e+66 -6.27744e+66 -6.27744e+66 -6.27744e+66 70.1173 111.148 150.537 204.698 237.523 327.79 445.958 
-6.27744e+66 -6.27744e+66 -6.27744e+66 -6.27744e+66 -6.27744e+66 -6.27744e+66 -6.27744e+66 -6.27744e+66 -6.27744e+66 -6.27744e+66 -6.27744e+66 -6.27744e+66 -6.27744e+66 -6.27744e+66 -6.27744e+66 -6.27744e+66 -6.27744e+66 -6.27744e+66 -6.27744e+66 -6.27744e+66 -6.27744e+66 70.1173 89.8121 125.919 150.537 222.752 321.225 
-6.27744e+66 -6.27744e+66 -6.27744e+66 -6.27744e+66 -6.27744e+66 -6.27744e+66 -6.27744e+66 -6.27744e+66 -6.27744e+66 -6.27744e+66 -6.27744e+66 -6.27744e+66 -6.27744e+66 -6.27744e+66 -6.27744e+66 -6.27744e+66 -6.27744e+66 -6.27744e+66 -6.27744e+66 -6.27744e+66 -6.27744e+66 -6.27744e+66 70.1173 88.1708 104.583 158.744 237.523 
-6.27744e+66 -6.27744e+66 -6.27744e+66 -6.27744e+66 -6.27744e+66 -6.27744e+66 -6.27744e+66 -6.27744e+66 -6.27744e+66 -6.27744e+66 -6.27744e+66 -6.27744e+66 -6.27744e+66 -6.27744e+66 -6.27744e+66 -6.27744e+66 -6.27744e+66 -6.27744e+66 -6.27744e+66 -6.27744e+66 -6.27744e+66 -6.27744e+66 -6.27744e+66 70.1173 78.3235 114.43 173.515 
-6.27744e+66 -6.27744e+66 -6.27744e+66 -6.27744e+66 -6.27744e+66 -6.27744e+66 -6.27744e+66 -6.27744e+66 -6.27744e+66 -6.27744e+66 -6.27744e+66 -6.27744e+66 -6.27744e+66 -6.27744e+66 -6.27744e+66 -6.27744e+66 -6.27744e+66 -6.27744e+66 -6.27744e+66 -6.27744e+66 -6.27744e+66 -6.27744e+66 -6.27744e+66 -6.27744e+66 70.1173 88.1708 127.56 
-6.27744e+66 -6.27744e+66 -6.27744e+66 -6.27744e+66 -6.27744e+66 -6.27744e+66 -6.27744e+66 -6.27744e+66 -6.27744e+66 -6.27744e+66 -6.27744e+66 -6.27744e+66 -6.27744e+66 -6.27744e+66 -6.27744e+66 -6.27744e+66 -6.27744e+66 -6.27744e+66 -6.27744e+66 -6.27744e+66 -6.27744e+66 -6.27744e+66 -6.27744e+66 -6.27744e+66 -6.27744e+66 70.1173 89.8121 
-6.27744e+66 -6.27744e+66 -6.27744e+66 -6.27744e+66 -6.27744e+66 -6.27744e+66 -6.27744e+66 -6.27744e+66 -6.27744e+66 -6.27744e+66 -6.27744e+66 -6.27744e+66 -6.27744e+66 -6.27744e+66 -6.27744e+66 -6.27744e+66 -6.27744e+66 -6.27744e+66 -6.27744e+66 -6.27744e+66 -6.27744e+66 -6.27744e+66 -6.27744e+66 -6.27744e+66 -6.27744e+66 -6.27744e+66 70.1173 
-6.27744e+66 -6.27744e+66 -6.27744e+66 -6.27744e+66 -6.27744e+66 -6.27744e+66 -6.27744e+66 -6.27744e+66 -6.27744e+66 -6.27744e+66 -6.27744e+66 -6.27744e+66 -6.27744e+66 -6.27744e+66 -6.27744e+66 -6.27744e+66 -6.27744e+66 -6.27744e+66 -6.27744e+66 -6.27744e+66 -6.27744e+66 -6.27744e+66 -6.27744e+66 -6.27744e+66 -6.27744e+66 -6.27744e+66 -6.27744e+66 
-6.27744e+66 408.233 507.689 622.849 842.7 1024.16 1050.34 1196.9 1196.9 1699.42 2154.82 2573.59 3091.81 3824.64 4278.3 5401.98 5559.02 6256.96 7087.51 7715.65 8544.45 9312.19 11180.9 11987 12428.5 13475.4 14129.7 
-6.27744e+66 -6.27744e+66 408.233 465.813 612.38 748.478 769.416 891.556 891.556 1331.26 1736.06 2112.95 2584.06 3255.82 3674.59 4718 4864.57 5518.89 6300.58 6893.83 7679.01 8408.36 10188.1 10957.6 11379.8 12383.1 13011.3 
-6.27744e+66 -6.27744e+66 -6.27744e+66 408.233 481.517 572.249 587.952 685.664 685.664 1062.55 1416.75 1751.77 2175.76 2786.46 3170.33 4133.48 4269.58 4880.28 5613.11 6171.46 6913.02 7603.98 9294.74 10027.6 10430.6 11390.3 11992.3 
-6.27744e+66 -6.27744e+66 -6.27744e+66 -6.27744e+66 408.233 453.599 464.068 537.352 537.352 851.424 1155.03 1448.16 1825.05 2374.68 2723.64 3606.54 3732.17 4299.24 4983.22 5506.68 6204.61 6857.19 8458.96 9155.15 9539.02 10455.1 11030.9 
-6.27744e+66 -6.27744e+66 -6.27744e+66 -6.27744e+66 -6.27744e+66 408.233 413.468 462.323 462.323 713.581 966.584 1217.84 1547.62 2036.18 2350.25 3152.88 3268.04 3791.49 4426.62 4915.17 5569.49 6183.68 7696.46 8356.01 8720.68 9593.11 10142.7 
-6.27744e+66 -6.27744e+66 -6.27744e+66 -6.27744e+66 -6.27744e+66 -6.27744e+66 408.233 432.661 432.661 621.104 823.507 1032.89 1315.55 1743.04 2022.22 2744.58 2849.27 3329.11 3915.38 4369.04 4979.73 5555.53 6979.33 7602.24 7947.72 8776.52 9299.97 
-6.27744e+66 -6.27744e+66 -6.27744e+66 -6.27744e+66 -6.27744e+66 -6.27744e+66 -6.27744e+66 408.233 408.233 533.862 685.664 853.169 1088.72 1455.14 1699.42 2341.52 2435.75 2871.96 3409.37 3828.13 4395.21 4932.62 6267.43 6853.7 7179.98 7965.16 8462.45 
-6.27744e+66 -6.27744e+66 -6.27744e+66 -6.27744e+66 -6.27744e+66 -6.27744e+66 -6.27744e+66 -6.27744e+66 408.233 471.048 572.249 697.878 886.321 1191.67 1401.05 1962.89 2046.64 2439.23 2927.79 3311.66 3835.11 4334.14 5579.96 6129.59 6436.68 7178.24 7649.35 
-6.27744e+66 -6.27744e+66 -6.27744e+66 -6.27744e+66 -6.27744e+66 -6.27744e+66 -6.27744e+66 -6.27744e+66 -6.27744e+66 408.233 458.834 542.586 683.919 928.197 1102.68 1584.26 1657.54 2006.51 2446.21 2795.18 3275.02 3735.66 4892.49 5405.47 5693.37 6391.31 6836.25 
-6.27744e+66 -6.27744e+66 -6.27744e+66 -6.27744e+66 -6.27744e+66 -6.27744e+66 -6.27744e+66 -6.27744e+66 -6.27744e+66 -6.27744e+66 408.233 450.109 544.331 727.54 867.128 1268.44 1331.26 1636.61 2027.45 2341.52 2777.74 3199.99 4267.83 4744.18 5012.88 5667.2 6085.96 
-6.27744e+66 -6.27744e+66 -6.27744e+66 -6.27744e+66 -6.27744e+66 -6.27744e+66 -6.27744e+66 -6.27744e+66 -6.27744e+66 -6.27744e+66 -6.27744e+66 408.233 455.344 577.483 682.174 1003.23 1055.57 1317.3 1659.29 1938.46 2331.05 2714.92 3693.78 4133.48 4382.99 4993.69 5386.28 
-6.27744e+66 -6.27744e+66 -6.27744e+66 -6.27744e+66 -6.27744e+66 -6.27744e+66 -6.27744e+66 -6.27744e+66 -6.27744e+66 -6.27744e+66 -6.27744e+66 -6.27744e+66 408.233 469.303 539.097 779.885 821.762 1039.87 1333 1577.28 1926.25 2271.73 3161.6 3564.66 3794.98 4362.06 4728.47 
-6.27744e+66 -6.27744e+66 -6.27744e+66 -6.27744e+66 -6.27744e+66 -6.27744e+66 -6.27744e+66 -6.27744e+66 -6.27744e+66 -6.27744e+66 -6.27744e+66 -6.27744e+66 -6.27744e+66 408.233 443.13 603.656 635.063 809.548 1053.83 1263.21 1568.56 1875.65 2676.53 3042.95 3254.08 3777.53 4117.78 
-6.27744e+66 -6.27744e+66 -6.27744e+66 -6.27744e+66 -6.27744e+66 -6.27744e+66 -6.27744e+66 -6.27744e+66 -6.27744e+66 -6.27744e+66 -6.27744e+66 -6.27744e+66 -6.27744e+66 -6.27744e+66 408.233 488.496 509.434 640.298 835.721 1010.21 1271.93 1540.64 2252.54 2582.31 2774.25 3254.08 3568.15 
-6.27744e+66 -6.27744e+66 -6.27744e+66 -6.27744e+66 -6.27744e+66 -6.27744e+66 -6.27744e+66 -6.27744e+66 -6.27744e+66 -6.27744e+66 -6.27744e+66 -6.27744e+66 -6.27744e+66 -6.27744e+66 -6.27744e+66 408.233 418.702 505.945 652.512 792.099 1010.21 1240.53 1863.44 2156.57 2329.31 2765.52 3053.42 
-6.27744e+66 -6.27744e+66 -6.27744e+66 -6.27744e+66 -6.27744e+66 -6.27744e+66 -6.27744e+66 -6.27744e+66 -6.27744e+66 -6.27744e+66 -6.27744e+66 -6.27744e+66 -6.27744e+66 -6.27744e+66 -6.27744e+66 -6.27744e+66 408.233 451.854 549.566 654.257 828.741 1020.67 1554.6 1811.09 1964.64 2357.23 2618.95 
-6.27744e+66 -6.27744e+66 -6.27744e+66 -6.27744e+66 -6.27744e+66 -6.27744e+66 -6.27744e+66 -6.27744e+66 -6.27744e+66 -6.27744e+66 -6.27744e+66 -6.27744e+66 -6.27744e+66 -6.27744e+66 -6.27744e+66 -6.27744e+66 -6.27744e+66 408.233 457.089 526.883 657.746 811.293 1256.23 1476.08 1610.43 1959.4 2194.96 
-6.27744e+66 -6.27744e+66 -6.27744e+66 -6.27744e+66 -6.27744e+66 -6.27744e+66 -6.27744e+66 -6.27744e+66 -6.27744e+66 -6.27744e+66 -6.27744e+66 -6.27744e+66 -6.27744e+66 -6.27744e+66 -6.27744e+66 -6.27744e+66 -6.27744e+66 -6.27744e+66 408.233 443.13 530.372 645.532 1001.48 1184.69 1299.85 1605.2 1814.58 
-6.27744e+66 -6.27744e+66 -6.27744e+66 -6.27744e+66 -6.27744e+66 -6.27744e+66 -6.27744e+66 -6.27744e+66 -6.27744e+66 -6.27744e+66 -6.27744e+66 -6.27744e+66 -6.27744e+66 -6.27744e+66 -6.27744e+66 -6.27744e+66 -6.27744e+66 -6.27744e+66 -6.27744e+66 408.233 451.854 528.628 795.589 942.156 1038.12 1299.85 1483.06 
-6.27744e+66 -6.27744e+66 -6.27744e+66 -6.27744e+66 -6.27744e+66 -6.27744e+66 -6.27744e+66 -6.27744e+66 -6.27744e+66 -6.27744e+66 -6.27744e+66 -6.27744e+66 -6.27744e+66 -6.27744e+66 -6.27744e+66 -6.27744e+66 -6.27744e+66 -6.27744e+66 -6.27744e+66 -6.27744e+66 408.233 446.62 624.594 734.519 811.293 1029.4 1186.43 
-6.27744e+66 -6.27744e+66 -6.27744e+66 -6.27744e+66 -6.27744e+66 -6.27744e+66 -6.27744e+66 -6.27744e+66 -6.27744e+66 -6.27744e+66 -6.27744e+66 -6.27744e+66 -6.27744e+66 -6.27744e+66 -6.27744e+66 -6.27744e+66 -6.27744e+66 -6.27744e+66 -6.27744e+66 -6.27744e+66 -6.27744e+66 408.233 497.22 570.504 628.084 802.568 933.432 
-6.27744e+66 -6.27744e+66 -6.27744e+66 -6.27744e+66 -6.27744e+66 -6.27744e+66 -6.27744e+66 -6.27744e+66 -6.27744e+66 -6.27744e+66 -6.27744e+66 -6.27744e+66 -6.27744e+66 -6.27744e+66 -6.27744e+66 -6.27744e+66 -6.27744e+66 -6.27744e+66 -6.27744e+66 -6.27744e+66 -6.27744e+66 -6.27744e+66 408.233 444.875 483.262 614.125 718.816 
-6.27744e+66 -6.27744e+66 -6.27744e+66 -6.27744e+66 -6.27744e+66 -6.27744e+66 -6.27744e+66 -6.27744e+66 -6.27744e+66 -6.27744e+66 -6.27744e+66 -6.27744e+66 -6.27744e+66 -6.27744e+66 -6.27744e+66 -6.27744e+66 -6.27744e+66 -6.27744e+66 -6.27744e+66 -6.27744e+66 -6.27744e+66 -6.27744e+66 -6.27744e+66 408.233 427.426 514.669 593.187 
-6.27744e+66 -6.27744e+66 -6.27744e+66 -6.27744e+66 -6.27744e+66 -6.27744e+66 -6.27744e+66 -6.27744e+66 -6.27744e+66 -6.27744e+66 -6.27744e+66 -6.27744e+66 -6.27744e+66 -6.27744e+66 -6.27744e+66 -6.27744e+66 -6.27744e+66 -6.27744e+66 -6.27744e+66 -6.27744e+66 -6.27744e+66 -6.27744e+66 -6.27744e+66 -6.27744e+66 408.233 451.854 504.2 
-6.27744e+66 -6.27744e+66 -6.27744e+66 -6.27744e+66 -6.27744e+66 -6.27744e+66 -6.27744e+66 -6.27744e+66 -6.27744e+66 -6.27744e+66 -6.27744e+66 -6.27744e+66 -6.27744e+66 -6.27744e+66 -6.27744e+66 -6.27744e+66 -6.27744e+66 -6.27744e+66 -6.27744e+66 -6.27744e+66 -6.27744e+66 -6.27744e+66 -6.27744e+66 -6.27744e+66 -6.27744e+66 408.233 434.406 
-6.27744e+66 -6.27744e+66 -6.27744e+66 -6.27744e+66 -6.27744e+66 -6.27744e+66 -6.27744e+66 -6.27744e+66 -6.27744e+66 -6.27744e+66 -6.27744e+66 -6.27744e+66 -6.27744e+66 -6.27744e+66 -6.27744e+66 -6.27744e+66 -6.27744e+66 -6.27744e+66 -6.27744e+66 -6.27744e+66 -6.27744e+66 -6.27744e+66 -6.27744e+66 -6.27744e+66 -6.27744e+66 -6.27744e+66 408.233 
-6.27744e+66 -6.27744e+66 -6.27744e+66 -6.27744e+66 -6.27744e+66 -6.27744e+66 -6.27744e+66 -6.27744e+66 -6.27744e+66 -6.27744e+66 -6.27744e+66 -6.27744e+66 -6.27744e+66 -6.27744e+66 -6.27744e+66 -6.27744e+66 -6.27744e+66 -6.27744e+66 -6.27744e+66 -6.27744e+66 -6.27744e+66 -6.27744e+66 -6.27744e+66 -6.27744e+66 -6.27744e+66 -6.27744e+66 -6.27744e+66 
