13 10
1000 1000 1000 1000 1000 1000 1000 1000 1000 1000 1000 1000 1000 
item 0
165 195 0 120 50 120 160 235 150 15 80 235 165 
68.2128 68.2128 68.2128 68.2128 68.2128 68.2128 68.2128 68.2128 68.2128 68.2128 68.2128 68.2128 68.2128 
0.145389 0.145389 0.145389 0.145389 0.145389 0.145389 0.145389 0.145389 0.145389 0.145389 0.145389 0.145389 0.145389 
item 1
20 30 20 45 80 195 75 5 175 150 50 85 115 
20.3455 20.3455 20.3455 20.3455 20.3455 20.3455 20.3455 20.3455 20.3455 20.3455 20.3455 20.3455 20.3455 
0.167891 0.167891 0.167891 0.167891 0.167891 0.167891 0.167891 0.167891 0.167891 0.167891 0.167891 0.167891 0.167891 
item 2
105 165 65 175 165 40 205 225 65 80 25 80 115 
276.691 276.691 276.691 276.691 276.691 276.691 276.691 276.691 276.691 276.691 276.691 276.691 276.691 
0.282184 0.282184 0.282184 0.282184 0.282184 0.282184 0.282184 0.282184 0.282184 0.282184 0.282184 0.282184 0.282184 
item 3
115 15 10 40 20 15 30 55 80 30 130 130 30 
27.0195 27.0195 27.0195 27.0195 27.0195 27.0195 27.0195 27.0195 27.0195 27.0195 27.0195 27.0195 27.0195 
0.229945 0.229945 0.229945 0.229945 0.229945 0.229945 0.229945 0.229945 0.229945 0.229945 0.229945 0.229945 0.229945 
item 4
365 650 215 200 175 385 450 175 420 240 55 205 305 
261.638 261.638 261.638 261.638 261.638 261.638 261.638 261.638 261.638 261.638 261.638 261.638 261.638 
0.110344 0.110344 0.110344 0.110344 0.110344 0.110344 0.110344 0.110344 0.110344 0.110344 0.110344 0.110344 0.110344 
item 5
85 55 150 55 50 90 65 70 50 75 0 115 120 
174.837 174.837 174.837 174.837 174.837 174.837 174.837 174.837 174.837 174.837 174.837 174.837 174.837 
0.364695 0.364695 0.364695 0.364695 0.364695 0.364695 0.364695 0.364695 0.364695 0.364695 0.364695 0.364695 0.364695 
item 6
90 200 105 115 20 90 165 70 100 190 65 120 170 
421.723 421.723 421.723 421.723 421.723 421.723 421.723 421.723 421.723 421.723 421.723 421.723 421.723 
0.5043 0.5043 0.5043 0.5043 0.5043 0.5043 0.5043 0.5043 0.5043 0.5043 0.5043 0.5043 0.5043 
item 7
20 65 30 160 50 40 130 95 20 130 50 0 140 
314.977 314.977 314.977 314.977 314.977 314.977 314.977 314.977 314.977 314.977 314.977 314.977 314.977 
0.408396 0.408396 0.408396 0.408396 0.408396 0.408396 0.408396 0.408396 0.408396 0.408396 0.408396 0.408396 0.408396 
item 8
5 0 95 10 50 40 55 40 30 50 15 140 10 
64.0857 64.0857 64.0857 64.0857 64.0857 64.0857 64.0857 64.0857 64.0857 64.0857 64.0857 64.0857 64.0857 
0.333168 0.333168 0.333168 0.333168 0.333168 0.333168 0.333168 0.333168 0.333168 0.333168 0.333168 0.333168 0.333168 
item 9
115 15 15 210 0 215 55 120 5 230 15 65 120 
370.47 370.47 370.47 370.47 370.47 370.47 370.47 370.47 370.47 370.47 370.47 370.47 370.47 
0.374755 0.374755 0.374755 0.374755 0.374755 0.374755 0.374755 0.374755 0.374755 0.374755 0.374755 0.374755 0.374755 
