26 20
1000 1000 1000 1000 1000 1000 1000 1000 1000 1000 1000 1000 1000 1000 1000 1000 1000 1000 1000 1000 1000 1000 1000 1000 1000 1000 
item 0
30 20 45 15 25 0 55 15 0 30 5 0 25 35 0 15 40 5 25 10 45 25 45 45 20 5 
61.5422 61.5422 61.5422 61.5422 61.5422 61.5422 61.5422 61.5422 61.5422 61.5422 61.5422 61.5422 61.5422 61.5422 61.5422 61.5422 61.5422 61.5422 61.5422 61.5422 61.5422 61.5422 61.5422 61.5422 61.5422 61.5422 
0.437478 0.437478 0.437478 0.437478 0.437478 0.437478 0.437478 0.437478 0.437478 0.437478 0.437478 0.437478 0.437478 0.437478 0.437478 0.437478 0.437478 0.437478 0.437478 0.437478 0.437478 0.437478 0.437478 0.437478 0.437478 0.437478 
item 1
20 55 65 10 0 5 0 15 5 15 5 5 0 50 35 15 15 45 30 5 35 20 75 0 5 30 
17.7708 17.7708 17.7708 17.7708 17.7708 17.7708 17.7708 17.7708 17.7708 17.7708 17.7708 17.7708 17.7708 17.7708 17.7708 17.7708 17.7708 17.7708 17.7708 17.7708 17.7708 17.7708 17.7708 17.7708 17.7708 17.7708 
0.280066 0.280066 0.280066 0.280066 0.280066 0.280066 0.280066 0.280066 0.280066 0.280066 0.280066 0.280066 0.280066 0.280066 0.280066 0.280066 0.280066 0.280066 0.280066 0.280066 0.280066 0.280066 0.280066 0.280066 0.280066 0.280066 
item 2
50 40 20 40 15 5 15 10 10 20 5 40 35 25 25 25 15 15 25 15 20 20 10 40 30 45 
83.7415 83.7415 83.7415 83.7415 83.7415 83.7415 83.7415 83.7415 83.7415 83.7415 83.7415 83.7415 83.7415 83.7415 83.7415 83.7415 83.7415 83.7415 83.7415 83.7415 83.7415 83.7415 83.7415 83.7415 83.7415 83.7415 
0.594709 0.594709 0.594709 0.594709 0.594709 0.594709 0.594709 0.594709 0.594709 0.594709 0.594709 0.594709 0.594709 0.594709 0.594709 0.594709 0.594709 0.594709 0.594709 0.594709 0.594709 0.594709 0.594709 0.594709 0.594709 0.594709 
item 3
15 35 0 25 10 10 5 10 0 40 0 20 30 10 10 0 0 15 20 40 30 15 15 5 15 15 
43.5612 43.5612 43.5612 43.5612 43.5612 43.5612 43.5612 43.5612 43.5612 43.5612 43.5612 43.5612 43.5612 43.5612 43.5612 43.5612 43.5612 43.5612 43.5612 43.5612 43.5612 43.5612 43.5612 43.5612 43.5612 43.5612 
0.594999 0.594999 0.594999 0.594999 0.594999 0.594999 0.594999 0.594999 0.594999 0.594999 0.594999 0.594999 0.594999 0.594999 0.594999 0.594999 0.594999 0.594999 0.594999 0.594999 0.594999 0.594999 0.594999 0.594999 0.594999 0.594999 
item 4
35 95 50 35 90 155 85 110 0 45 35 60 55 30 0 20 0 5 110 120 70 135 15 40 70 105 
17.1132 17.1132 17.1132 17.1132 17.1132 17.1132 17.1132 17.1132 17.1132 17.1132 17.1132 17.1132 17.1132 17.1132 17.1132 17.1132 17.1132 17.1132 17.1132 17.1132 17.1132 17.1132 17.1132 17.1132 17.1132 17.1132 
0.135681 0.135681 0.135681 0.135681 0.135681 0.135681 0.135681 0.135681 0.135681 0.135681 0.135681 0.135681 0.135681 0.135681 0.135681 0.135681 0.135681 0.135681 0.135681 0.135681 0.135681 0.135681 0.135681 0.135681 0.135681 0.135681 
item 5
25 15 20 20 20 0 5 20 15 0 25 35 15 35 50 0 0 5 5 5 20 5 0 0 10 35 
83.6981 83.6981 83.6981 83.6981 83.6981 83.6981 83.6981 83.6981 83.6981 83.6981 83.6981 83.6981 83.6981 83.6981 83.6981 83.6981 83.6981 83.6981 83.6981 83.6981 83.6981 83.6981 83.6981 83.6981 83.6981 83.6981 
0.591119 0.591119 0.591119 0.591119 0.591119 0.591119 0.591119 0.591119 0.591119 0.591119 0.591119 0.591119 0.591119 0.591119 0.591119 0.591119 0.591119 0.591119 0.591119 0.591119 0.591119 0.591119 0.591119 0.591119 0.591119 0.591119 
item 6
30 25 25 10 10 10 30 0 20 10 0 40 20 20 10 5 5 0 20 0 15 45 40 10 20 15 
41.285 41.285 41.285 41.285 41.285 41.285 41.285 41.285 41.285 41.285 41.285 41.285 41.285 41.285 41.285 41.285 41.285 41.285 41.285 41.285 41.285 41.285 41.285 41.285 41.285 41.285 
0.469436 0.469436 0.469436 0.469436 0.469436 0.469436 0.469436 0.469436 0.469436 0.469436 0.469436 0.469436 0.469436 0.469436 0.469436 0.469436 0.469436 0.469436 0.469436 0.469436 0.469436 0.469436 0.469436 0.469436 0.469436 0.469436 
item 7
10 30 5 45 5 45 0 0 20 10 15 50 45 40 40 35 10 15 10 20 20 20 10 30 40 20 
17.7385 17.7385 17.7385 17.7385 17.7385 17.7385 17.7385 17.7385 17.7385 17.7385 17.7385 17.7385 17.7385 17.7385 17.7385 17.7385 17.7385 17.7385 17.7385 17.7385 17.7385 17.7385 17.7385 17.7385 17.7385 17.7385 
0.329037 0.329037 0.329037 0.329037 0.329037 0.329037 0.329037 0.329037 0.329037 0.329037 0.329037 0.329037 0.329037 0.329037 0.329037 0.329037 0.329037 0.329037 0.329037 0.329037 0.329037 0.329037 0.329037 0.329037 0.329037 0.329037 
item 8
40 20 35 15 50 25 80 45 15 70 10 40 50 45 5 20 40 55 30 10 20 55 10 20 35 10 
77.4346 77.4346 77.4346 77.4346 77.4346 77.4346 77.4346 77.4346 77.4346 77.4346 77.4346 77.4346 77.4346 77.4346 77.4346 77.4346 77.4346 77.4346 77.4346 77.4346 77.4346 77.4346 77.4346 77.4346 77.4346 77.4346 
0.315764 0.315764 0.315764 0.315764 0.315764 0.315764 0.315764 0.315764 0.315764 0.315764 0.315764 0.315764 0.315764 0.315764 0.315764 0.315764 0.315764 0.315764 0.315764 0.315764 0.315764 0.315764 0.315764 0.315764 0.315764 0.315764 
item 9
110 85 20 55 10 70 10 30 60 10 60 10 45 10 25 5 70 0 100 45 60 50 0 0 65 10 
69.4709 69.4709 69.4709 69.4709 69.4709 69.4709 69.4709 69.4709 69.4709 69.4709 69.4709 69.4709 69.4709 69.4709 69.4709 69.4709 69.4709 69.4709 69.4709 69.4709 69.4709 69.4709 69.4709 69.4709 69.4709 69.4709 
0.254854 0.254854 0.254854 0.254854 0.254854 0.254854 0.254854 0.254854 0.254854 0.254854 0.254854 0.254854 0.254854 0.254854 0.254854 0.254854 0.254854 0.254854 0.254854 0.254854 0.254854 0.254854 0.254854 0.254854 0.254854 0.254854 
item 10
30 20 15 25 15 90 25 50 65 85 40 0 55 30 50 10 35 25 15 55 50 0 85 30 30 20 
74.6319 74.6319 74.6319 74.6319 74.6319 74.6319 74.6319 74.6319 74.6319 74.6319 74.6319 74.6319 74.6319 74.6319 74.6319 74.6319 74.6319 74.6319 74.6319 74.6319 74.6319 74.6319 74.6319 74.6319 74.6319 74.6319 
0.35936 0.35936 0.35936 0.35936 0.35936 0.35936 0.35936 0.35936 0.35936 0.35936 0.35936 0.35936 0.35936 0.35936 0.35936 0.35936 0.35936 0.35936 0.35936 0.35936 0.35936 0.35936 0.35936 0.35936 0.35936 0.35936 
item 11
15 30 10 20 15 20 90 70 10 40 25 35 15 40 20 15 45 55 40 60 5 40 35 75 55 35 
71.449 71.449 71.449 71.449 71.449 71.449 71.449 71.449 71.449 71.449 71.449 71.449 71.449 71.449 71.449 71.449 71.449 71.449 71.449 71.449 71.449 71.449 71.449 71.449 71.449 71.449 
0.336567 0.336567 0.336567 0.336567 0.336567 0.336567 0.336567 0.336567 0.336567 0.336567 0.336567 0.336567 0.336567 0.336567 0.336567 0.336567 0.336567 0.336567 0.336567 0.336567 0.336567 0.336567 0.336567 0.336567 0.336567 0.336567 
item 12
40 40 105 45 145 45 0 40 65 30 85 85 50 35 60 50 90 25 45 65 30 5 50 25 50 25 
79.7387 79.7387 79.7387 79.7387 79.7387 79.7387 79.7387 79.7387 79.7387 79.7387 79.7387 79.7387 79.7387 79.7387 79.7387 79.7387 79.7387 79.7387 79.7387 79.7387 79.7387 79.7387 79.7387 79.7387 79.7387 79.7387 
0.238888 0.238888 0.238888 0.238888 0.238888 0.238888 0.238888 0.238888 0.238888 0.238888 0.238888 0.238888 0.238888 0.238888 0.238888 0.238888 0.238888 0.238888 0.238888 0.238888 0.238888 0.238888 0.238888 0.238888 0.238888 0.238888 
item 13
10 30 10 20 0 35 5 10 5 10 0 10 15 35 10 10 30 0 20 10 20 15 0 15 30 30 
41.9384 41.9384 41.9384 41.9384 41.9384 41.9384 41.9384 41.9384 41.9384 41.9384 41.9384 41.9384 41.9384 41.9384 41.9384 41.9384 41.9384 41.9384 41.9384 41.9384 41.9384 41.9384 41.9384 41.9384 41.9384 41.9384 
0.418934 0.418934 0.418934 0.418934 0.418934 0.418934 0.418934 0.418934 0.418934 0.418934 0.418934 0.418934 0.418934 0.418934 0.418934 0.418934 0.418934 0.418934 0.418934 0.418934 0.418934 0.418934 0.418934 0.418934 0.418934 0.418934 
item 14
0 15 0 5 0 10 0 25 5 15 0 15 10 15 5 0 5 0 15 10 5 5 0 15 0 15 
14.4211 14.4211 14.4211 14.4211 14.4211 14.4211 14.4211 14.4211 14.4211 14.4211 14.4211 14.4211 14.4211 14.4211 14.4211 14.4211 14.4211 14.4211 14.4211 14.4211 14.4211 14.4211 14.4211 14.4211 14.4211 14.4211 
0.579935 0.579935 0.579935 0.579935 0.579935 0.579935 0.579935 0.579935 0.579935 0.579935 0.579935 0.579935 0.579935 0.579935 0.579935 0.579935 0.579935 0.579935 0.579935 0.579935 0.579935 0.579935 0.579935 0.579935 0.579935 0.579935 
item 15
20 5 0 20 30 30 45 15 25 5 30 0 10 5 0 20 35 20 10 15 45 10 15 10 10 25 
57.1331 57.1331 57.1331 57.1331 57.1331 57.1331 57.1331 57.1331 57.1331 57.1331 57.1331 57.1331 57.1331 57.1331 57.1331 57.1331 57.1331 57.1331 57.1331 57.1331 57.1331 57.1331 57.1331 57.1331 57.1331 57.1331 
0.526317 0.526317 0.526317 0.526317 0.526317 0.526317 0.526317 0.526317 0.526317 0.526317 0.526317 0.526317 0.526317 0.526317 0.526317 0.526317 0.526317 0.526317 0.526317 0.526317 0.526317 0.526317 0.526317 0.526317 0.526317 0.526317 
item 16
95 45 125 5 15 50 75 10 100 60 180 125 20 10 55 30 35 30 50 60 70 0 0 55 45 160 
73.9358 73.9358 73.9358 73.9358 73.9358 73.9358 73.9358 73.9358 73.9358 73.9358 73.9358 73.9358 73.9358 73.9358 73.9358 73.9358 73.9358 73.9358 73.9358 73.9358 73.9358 73.9358 73.9358 73.9358 73.9358 73.9358 
0.173126 0.173126 0.173126 0.173126 0.173126 0.173126 0.173126 0.173126 0.173126 0.173126 0.173126 0.173126 0.173126 0.173126 0.173126 0.173126 0.173126 0.173126 0.173126 0.173126 0.173126 0.173126 0.173126 0.173126 0.173126 0.173126 
item 17
10 0 10 0 30 35 0 40 30 5 20 10 25 0 0 15 20 5 50 25 20 10 15 5 20 20 
27.2042 27.2042 27.2042 27.2042 27.2042 27.2042 27.2042 27.2042 27.2042 27.2042 27.2042 27.2042 27.2042 27.2042 27.2042 27.2042 27.2042 27.2042 27.2042 27.2042 27.2042 27.2042 27.2042 27.2042 27.2042 27.2042 
0.402173 0.402173 0.402173 0.402173 0.402173 0.402173 0.402173 0.402173 0.402173 0.402173 0.402173 0.402173 0.402173 0.402173 0.402173 0.402173 0.402173 0.402173 0.402173 0.402173 0.402173 0.402173 0.402173 0.402173 0.402173 0.402173 
item 18
10 45 30 15 20 10 35 40 20 10 45 0 20 45 15 0 5 15 30 25 5 20 5 10 20 15 
44.7554 44.7554 44.7554 44.7554 44.7554 44.7554 44.7554 44.7554 44.7554 44.7554 44.7554 44.7554 44.7554 44.7554 44.7554 44.7554 44.7554 44.7554 44.7554 44.7554 44.7554 44.7554 44.7554 44.7554 44.7554 44.7554 
0.56611 0.56611 0.56611 0.56611 0.56611 0.56611 0.56611 0.56611 0.56611 0.56611 0.56611 0.56611 0.56611 0.56611 0.56611 0.56611 0.56611 0.56611 0.56611 0.56611 0.56611 0.56611 0.56611 0.56611 0.56611 0.56611 
item 19
0 10 0 5 20 0 0 10 5 5 5 10 20 25 0 40 0 35 5 20 35 15 20 25 20 0 
1.43625 1.43625 1.43625 1.43625 1.43625 1.43625 1.43625 1.43625 1.43625 1.43625 1.43625 1.43625 1.43625 1.43625 1.43625 1.43625 1.43625 1.43625 1.43625 1.43625 1.43625 1.43625 1.43625 1.43625 1.43625 1.43625 
0.365919 0.365919 0.365919 0.365919 0.365919 0.365919 0.365919 0.365919 0.365919 0.365919 0.365919 0.365919 0.365919 0.365919 0.365919 0.365919 0.365919 0.365919 0.365919 0.365919 0.365919 0.365919 0.365919 0.365919 0.365919 0.365919 
