26 20
1000 1000 1000 1000 1000 1000 1000 1000 1000 1000 1000 1000 1000 1000 1000 1000 1000 1000 1000 1000 1000 1000 1000 1000 1000 1000 
item 0
10 20 5 10 0 15 40 0 5 20 20 30 5 20 50 15 10 5 0 30 10 5 25 25 35 40 
26.723 26.723 26.723 26.723 26.723 26.723 26.723 26.723 26.723 26.723 26.723 26.723 26.723 26.723 26.723 26.723 26.723 26.723 26.723 26.723 26.723 26.723 26.723 26.723 26.723 26.723 
0.464847 0.464847 0.464847 0.464847 0.464847 0.464847 0.464847 0.464847 0.464847 0.464847 0.464847 0.464847 0.464847 0.464847 0.464847 0.464847 0.464847 0.464847 0.464847 0.464847 0.464847 0.464847 0.464847 0.464847 0.464847 0.464847 
item 1
25 10 5 75 5 65 0 45 35 15 60 45 0 25 40 5 15 10 5 85 45 25 5 40 5 85 
6.28629 6.28629 6.28629 6.28629 6.28629 6.28629 6.28629 6.28629 6.28629 6.28629 6.28629 6.28629 6.28629 6.28629 6.28629 6.28629 6.28629 6.28629 6.28629 6.28629 6.28629 6.28629 6.28629 6.28629 6.28629 6.28629 
0.15186 0.15186 0.15186 0.15186 0.15186 0.15186 0.15186 0.15186 0.15186 0.15186 0.15186 0.15186 0.15186 0.15186 0.15186 0.15186 0.15186 0.15186 0.15186 0.15186 0.15186 0.15186 0.15186 0.15186 0.15186 0.15186 
item 2
35 40 5 0 15 5 5 15 20 10 15 40 10 10 10 0 0 5 15 25 20 15 0 15 0 15 
39.7279 39.7279 39.7279 39.7279 39.7279 39.7279 39.7279 39.7279 39.7279 39.7279 39.7279 39.7279 39.7279 39.7279 39.7279 39.7279 39.7279 39.7279 39.7279 39.7279 39.7279 39.7279 39.7279 39.7279 39.7279 39.7279 
0.495628 0.495628 0.495628 0.495628 0.495628 0.495628 0.495628 0.495628 0.495628 0.495628 0.495628 0.495628 0.495628 0.495628 0.495628 0.495628 0.495628 0.495628 0.495628 0.495628 0.495628 0.495628 0.495628 0.495628 0.495628 0.495628 
item 3
5 10 30 35 30 20 25 15 15 35 5 10 5 5 20 25 30 20 0 0 35 20 5 0 15 15 
37.1184 37.1184 37.1184 37.1184 37.1184 37.1184 37.1184 37.1184 37.1184 37.1184 37.1184 37.1184 37.1184 37.1184 37.1184 37.1184 37.1184 37.1184 37.1184 37.1184 37.1184 37.1184 37.1184 37.1184 37.1184 37.1184 
0.550751 0.550751 0.550751 0.550751 0.550751 0.550751 0.550751 0.550751 0.550751 0.550751 0.550751 0.550751 0.550751 0.550751 0.550751 0.550751 0.550751 0.550751 0.550751 0.550751 0.550751 0.550751 0.550751 0.550751 0.550751 0.550751 
item 4
0 25 0 10 25 5 0 0 5 0 0 5 10 5 0 0 0 15 15 0 10 20 5 0 0 0 
10.1705 10.1705 10.1705 10.1705 10.1705 10.1705 10.1705 10.1705 10.1705 10.1705 10.1705 10.1705 10.1705 10.1705 10.1705 10.1705 10.1705 10.1705 10.1705 10.1705 10.1705 10.1705 10.1705 10.1705 10.1705 10.1705 
0.524401 0.524401 0.524401 0.524401 0.524401 0.524401 0.524401 0.524401 0.524401 0.524401 0.524401 0.524401 0.524401 0.524401 0.524401 0.524401 0.524401 0.524401 0.524401 0.524401 0.524401 0.524401 0.524401 0.524401 0.524401 0.524401 
item 5
20 15 40 0 35 35 40 45 30 5 5 30 0 30 25 20 15 0 0 15 10 5 25 0 5 5 
6.59503 6.59503 6.59503 6.59503 6.59503 6.59503 6.59503 6.59503 6.59503 6.59503 6.59503 6.59503 6.59503 6.59503 6.59503 6.59503 6.59503 6.59503 6.59503 6.59503 6.59503 6.59503 6.59503 6.59503 6.59503 6.59503 
0.340737 0.340737 0.340737 0.340737 0.340737 0.340737 0.340737 0.340737 0.340737 0.340737 0.340737 0.340737 0.340737 0.340737 0.340737 0.340737 0.340737 0.340737 0.340737 0.340737 0.340737 0.340737 0.340737 0.340737 0.340737 0.340737 
item 6
0 25 5 20 15 10 15 35 10 10 10 25 5 20 0 0 20 20 0 25 0 5 5 0 15 5 
16.7769 16.7769 16.7769 16.7769 16.7769 16.7769 16.7769 16.7769 16.7769 16.7769 16.7769 16.7769 16.7769 16.7769 16.7769 16.7769 16.7769 16.7769 16.7769 16.7769 16.7769 16.7769 16.7769 16.7769 16.7769 16.7769 
0.496 0.496 0.496 0.496 0.496 0.496 0.496 0.496 0.496 0.496 0.496 0.496 0.496 0.496 0.496 0.496 0.496 0.496 0.496 0.496 0.496 0.496 0.496 0.496 0.496 0.496 
item 7
95 25 10 80 35 50 25 25 75 115 100 100 25 85 45 25 0 40 30 45 90 5 80 90 45 30 
38.5228 38.5228 38.5228 38.5228 38.5228 38.5228 38.5228 38.5228 38.5228 38.5228 38.5228 38.5228 38.5228 38.5228 38.5228 38.5228 38.5228 38.5228 38.5228 38.5228 38.5228 38.5228 38.5228 38.5228 38.5228 38.5228 
0.187711 0.187711 0.187711 0.187711 0.187711 0.187711 0.187711 0.187711 0.187711 0.187711 0.187711 0.187711 0.187711 0.187711 0.187711 0.187711 0.187711 0.187711 0.187711 0.187711 0.187711 0.187711 0.187711 0.187711 0.187711 0.187711 
item 8
115 5 10 80 0 60 60 30 110 45 60 5 15 25 5 75 30 5 20 15 10 10 90 5 10 25 
35.037 35.037 35.037 35.037 35.037 35.037 35.037 35.037 35.037 35.037 35.037 35.037 35.037 35.037 35.037 35.037 35.037 35.037 35.037 35.037 35.037 35.037 35.037 35.037 35.037 35.037 
0.180625 0.180625 0.180625 0.180625 0.180625 0.180625 0.180625 0.180625 0.180625 0.180625 0.180625 0.180625 0.180625 0.180625 0.180625 0.180625 0.180625 0.180625 0.180625 0.180625 0.180625 0.180625 0.180625 0.180625 0.180625 0.180625 
item 9
5 20 40 45 10 5 10 20 5 20 10 0 10 0 0 10 30 0 10 5 25 0 20 10 30 10 
30.3356 30.3356 30.3356 30.3356 30.3356 30.3356 30.3356 30.3356 30.3356 30.3356 30.3356 30.3356 30.3356 30.3356 30.3356 30.3356 30.3356 30.3356 30.3356 30.3356 30.3356 30.3356 30.3356 30.3356 30.3356 30.3356 
0.481125 0.481125 0.481125 0.481125 0.481125 0.481125 0.481125 0.481125 0.481125 0.481125 0.481125 0.481125 0.481125 0.481125 0.481125 0.481125 0.481125 0.481125 0.481125 0.481125 0.481125 0.481125 0.481125 0.481125 0.481125 0.481125 
item 10
15 10 45 10 40 10 25 20 20 20 0 5 5 15 25 25 10 10 35 40 10 10 25 30 15 0 
36.9932 36.9932 36.9932 36.9932 36.9932 36.9932 36.9932 36.9932 36.9932 36.9932 36.9932 36.9932 36.9932 36.9932 36.9932 36.9932 36.9932 36.9932 36.9932 36.9932 36.9932 36.9932 36.9932 36.9932 36.9932 36.9932 
0.509973 0.509973 0.509973 0.509973 0.509973 0.509973 0.509973 0.509973 0.509973 0.509973 0.509973 0.509973 0.509973 0.509973 0.509973 0.509973 0.509973 0.509973 0.509973 0.509973 0.509973 0.509973 0.509973 0.509973 0.509973 0.509973 
item 11
0 25 5 5 0 5 10 10 25 5 10 0 0 5 15 15 15 10 0 30 0 10 20 5 0 5 
24.7664 24.7664 24.7664 24.7664 24.7664 24.7664 24.7664 24.7664 24.7664 24.7664 24.7664 24.7664 24.7664 24.7664 24.7664 24.7664 24.7664 24.7664 24.7664 24.7664 24.7664 24.7664 24.7664 24.7664 24.7664 24.7664 
0.475621 0.475621 0.475621 0.475621 0.475621 0.475621 0.475621 0.475621 0.475621 0.475621 0.475621 0.475621 0.475621 0.475621 0.475621 0.475621 0.475621 0.475621 0.475621 0.475621 0.475621 0.475621 0.475621 0.475621 0.475621 0.475621 
item 12
70 45 20 0 45 80 0 30 0 130 110 20 0 0 60 0 35 0 0 20 30 15 25 25 105 30 
0.631504 0.631504 0.631504 0.631504 0.631504 0.631504 0.631504 0.631504 0.631504 0.631504 0.631504 0.631504 0.631504 0.631504 0.631504 0.631504 0.631504 0.631504 0.631504 0.631504 0.631504 0.631504 0.631504 0.631504 0.631504 0.631504 
0.11689 0.11689 0.11689 0.11689 0.11689 0.11689 0.11689 0.11689 0.11689 0.11689 0.11689 0.11689 0.11689 0.11689 0.11689 0.11689 0.11689 0.11689 0.11689 0.11689 0.11689 0.11689 0.11689 0.11689 0.11689 0.11689 
item 13
20 90 45 50 25 65 35 5 30 90 35 75 55 45 50 50 25 45 10 10 10 0 40 115 95 60 
35.2699 35.2699 35.2699 35.2699 35.2699 35.2699 35.2699 35.2699 35.2699 35.2699 35.2699 35.2699 35.2699 35.2699 35.2699 35.2699 35.2699 35.2699 35.2699 35.2699 35.2699 35.2699 35.2699 35.2699 35.2699 35.2699 
0.183539 0.183539 0.183539 0.183539 0.183539 0.183539 0.183539 0.183539 0.183539 0.183539 0.183539 0.183539 0.183539 0.183539 0.183539 0.183539 0.183539 0.183539 0.183539 0.183539 0.183539 0.183539 0.183539 0.183539 0.183539 0.183539 
item 14
10 0 10 5 0 10 25 0 5 0 5 0 0 5 10 5 5 15 40 0 30 15 20 20 15 0 
35.6043 35.6043 35.6043 35.6043 35.6043 35.6043 35.6043 35.6043 35.6043 35.6043 35.6043 35.6043 35.6043 35.6043 35.6043 35.6043 35.6043 35.6043 35.6043 35.6043 35.6043 35.6043 35.6043 35.6043 35.6043 35.6043 
0.492995 0.492995 0.492995 0.492995 0.492995 0.492995 0.492995 0.492995 0.492995 0.492995 0.492995 0.492995 0.492995 0.492995 0.492995 0.492995 0.492995 0.492995 0.492995 0.492995 0.492995 0.492995 0.492995 0.492995 0.492995 0.492995 
item 15
10 15 5 5 0 0 20 0 5 0 10 5 0 10 5 0 0 5 5 20 5 0 5 20 5 5 
14.6631 14.6631 14.6631 14.6631 14.6631 14.6631 14.6631 14.6631 14.6631 14.6631 14.6631 14.6631 14.6631 14.6631 14.6631 14.6631 14.6631 14.6631 14.6631 14.6631 14.6631 14.6631 14.6631 14.6631 14.6631 14.6631 
0.570317 0.570317 0.570317 0.570317 0.570317 0.570317 0.570317 0.570317 0.570317 0.570317 0.570317 0.570317 0.570317 0.570317 0.570317 0.570317 0.570317 0.570317 0.570317 0.570317 0.570317 0.570317 0.570317 0.570317 0.570317 0.570317 
item 16
50 75 15 35 55 40 0 15 45 20 0 25 65 70 40 45 55 10 10 10 0 5 95 105 40 15 
39.46 39.46 39.46 39.46 39.46 39.46 39.46 39.46 39.46 39.46 39.46 39.46 39.46 39.46 39.46 39.46 39.46 39.46 39.46 39.46 39.46 39.46 39.46 39.46 39.46 39.46 
0.208269 0.208269 0.208269 0.208269 0.208269 0.208269 0.208269 0.208269 0.208269 0.208269 0.208269 0.208269 0.208269 0.208269 0.208269 0.208269 0.208269 0.208269 0.208269 0.208269 0.208269 0.208269 0.208269 0.208269 0.208269 0.208269 
item 17
25 10 15 35 45 5 60 10 65 5 15 60 25 15 40 40 0 0 25 50 5 0 60 35 10 5 
12.053 12.053 12.053 12.053 12.053 12.053 12.053 12.053 12.053 12.053 12.053 12.053 12.053 12.053 12.053 12.053 12.053 12.053 12.053 12.053 12.053 12.053 12.053 12.053 12.053 12.053 
0.241982 0.241982 0.241982 0.241982 0.241982 0.241982 0.241982 0.241982 0.241982 0.241982 0.241982 0.241982 0.241982 0.241982 0.241982 0.241982 0.241982 0.241982 0.241982 0.241982 0.241982 0.241982 0.241982 0.241982 0.241982 0.241982 
item 18
25 15 105 30 70 40 95 25 55 40 85 65 115 25 15 0 20 135 20 30 120 75 30 125 55 20 
13.4712 13.4712 13.4712 13.4712 13.4712 13.4712 13.4712 13.4712 13.4712 13.4712 13.4712 13.4712 13.4712 13.4712 13.4712 13.4712 13.4712 13.4712 13.4712 13.4712 13.4712 13.4712 13.4712 13.4712 13.4712 13.4712 
0.142206 0.142206 0.142206 0.142206 0.142206 0.142206 0.142206 0.142206 0.142206 0.142206 0.142206 0.142206 0.142206 0.142206 0.142206 0.142206 0.142206 0.142206 0.142206 0.142206 0.142206 0.142206 0.142206 0.142206 0.142206 0.142206 
item 19
50 55 30 40 60 70 25 105 45 40 35 25 105 60 45 35 50 15 55 30 105 35 40 50 70 40 
39.794 39.794 39.794 39.794 39.794 39.794 39.794 39.794 39.794 39.794 39.794 39.794 39.794 39.794 39.794 39.794 39.794 39.794 39.794 39.794 39.794 39.794 39.794 39.794 39.794 39.794 
0.176585 0.176585 0.176585 0.176585 0.176585 0.176585 0.176585 0.176585 0.176585 0.176585 0.176585 0.176585 0.176585 0.176585 0.176585 0.176585 0.176585 0.176585 0.176585 0.176585 0.176585 0.176585 0.176585 0.176585 0.176585 0.176585 
