26 10
1000 1000 1000 1000 1000 1000 1000 1000 1000 1000 1000 1000 1000 1000 1000 1000 1000 1000 1000 1000 1000 1000 1000 1000 1000 1000 
item 0
0 75 80 110 130 95 125 5 15 80 145 15 70 100 105 5 120 45 80 50 120 40 80 25 70 15 
218.586 218.586 218.586 218.586 218.586 218.586 218.586 218.586 218.586 218.586 218.586 218.586 218.586 218.586 218.586 218.586 218.586 218.586 218.586 218.586 218.586 218.586 218.586 218.586 218.586 218.586 
0.394986 0.394986 0.394986 0.394986 0.394986 0.394986 0.394986 0.394986 0.394986 0.394986 0.394986 0.394986 0.394986 0.394986 0.394986 0.394986 0.394986 0.394986 0.394986 0.394986 0.394986 0.394986 0.394986 0.394986 0.394986 0.394986 
item 1
75 75 85 15 45 40 145 5 95 30 55 115 35 65 135 55 90 20 125 0 35 115 15 50 0 40 
46.7144 46.7144 46.7144 46.7144 46.7144 46.7144 46.7144 46.7144 46.7144 46.7144 46.7144 46.7144 46.7144 46.7144 46.7144 46.7144 46.7144 46.7144 46.7144 46.7144 46.7144 46.7144 46.7144 46.7144 46.7144 46.7144 
0.239762 0.239762 0.239762 0.239762 0.239762 0.239762 0.239762 0.239762 0.239762 0.239762 0.239762 0.239762 0.239762 0.239762 0.239762 0.239762 0.239762 0.239762 0.239762 0.239762 0.239762 0.239762 0.239762 0.239762 0.239762 0.239762 
item 2
300 145 285 265 5 95 275 230 285 330 135 165 20 60 175 65 215 70 120 255 0 180 55 210 50 115 
104.437 104.437 104.437 104.437 104.437 104.437 104.437 104.437 104.437 104.437 104.437 104.437 104.437 104.437 104.437 104.437 104.437 104.437 104.437 104.437 104.437 104.437 104.437 104.437 104.437 104.437 
0.132736 0.132736 0.132736 0.132736 0.132736 0.132736 0.132736 0.132736 0.132736 0.132736 0.132736 0.132736 0.132736 0.132736 0.132736 0.132736 0.132736 0.132736 0.132736 0.132736 0.132736 0.132736 0.132736 0.132736 0.132736 0.132736 
item 3
190 225 165 190 20 155 25 215 55 75 295 250 75 275 80 10 275 20 135 75 25 45 275 75 105 95 
364.036 364.036 364.036 364.036 364.036 364.036 364.036 364.036 364.036 364.036 364.036 364.036 364.036 364.036 364.036 364.036 364.036 364.036 364.036 364.036 364.036 364.036 364.036 364.036 364.036 364.036 
0.327526 0.327526 0.327526 0.327526 0.327526 0.327526 0.327526 0.327526 0.327526 0.327526 0.327526 0.327526 0.327526 0.327526 0.327526 0.327526 0.327526 0.327526 0.327526 0.327526 0.327526 0.327526 0.327526 0.327526 0.327526 0.327526 
item 4
0 100 160 25 25 90 255 90 55 125 115 75 120 240 175 65 150 125 25 25 75 35 185 145 140 160 
115.946 115.946 115.946 115.946 115.946 115.946 115.946 115.946 115.946 115.946 115.946 115.946 115.946 115.946 115.946 115.946 115.946 115.946 115.946 115.946 115.946 115.946 115.946 115.946 115.946 115.946 
0.202565 0.202565 0.202565 0.202565 0.202565 0.202565 0.202565 0.202565 0.202565 0.202565 0.202565 0.202565 0.202565 0.202565 0.202565 0.202565 0.202565 0.202565 0.202565 0.202565 0.202565 0.202565 0.202565 0.202565 0.202565 0.202565 
item 5
15 125 110 15 5 130 50 10 50 220 40 100 95 115 185 110 15 40 0 95 25 0 70 40 20 35 
5.64442 5.64442 5.64442 5.64442 5.64442 5.64442 5.64442 5.64442 5.64442 5.64442 5.64442 5.64442 5.64442 5.64442 5.64442 5.64442 5.64442 5.64442 5.64442 5.64442 5.64442 5.64442 5.64442 5.64442 5.64442 5.64442 
0.170134 0.170134 0.170134 0.170134 0.170134 0.170134 0.170134 0.170134 0.170134 0.170134 0.170134 0.170134 0.170134 0.170134 0.170134 0.170134 0.170134 0.170134 0.170134 0.170134 0.170134 0.170134 0.170134 0.170134 0.170134 0.170134 
item 6
65 75 175 130 190 155 185 185 60 50 60 85 175 80 210 75 40 75 20 105 120 50 80 65 20 60 
447.674 447.674 447.674 447.674 447.674 447.674 447.674 447.674 447.674 447.674 447.674 447.674 447.674 447.674 447.674 447.674 447.674 447.674 447.674 447.674 447.674 447.674 447.674 447.674 447.674 447.674 
0.566757 0.566757 0.566757 0.566757 0.566757 0.566757 0.566757 0.566757 0.566757 0.566757 0.566757 0.566757 0.566757 0.566757 0.566757 0.566757 0.566757 0.566757 0.566757 0.566757 0.566757 0.566757 0.566757 0.566757 0.566757 0.566757 
item 7
10 475 355 435 245 25 100 350 370 255 730 755 470 615 40 385 140 125 325 605 180 405 695 545 425 610 
326.254 326.254 326.254 326.254 326.254 326.254 326.254 326.254 326.254 326.254 326.254 326.254 326.254 326.254 326.254 326.254 326.254 326.254 326.254 326.254 326.254 326.254 326.254 326.254 326.254 326.254 
0.127909 0.127909 0.127909 0.127909 0.127909 0.127909 0.127909 0.127909 0.127909 0.127909 0.127909 0.127909 0.127909 0.127909 0.127909 0.127909 0.127909 0.127909 0.127909 0.127909 0.127909 0.127909 0.127909 0.127909 0.127909 0.127909 
item 8
35 35 5 15 15 5 35 0 60 10 5 5 15 5 5 5 0 40 55 5 25 5 10 10 60 30 
25.9329 25.9329 25.9329 25.9329 25.9329 25.9329 25.9329 25.9329 25.9329 25.9329 25.9329 25.9329 25.9329 25.9329 25.9329 25.9329 25.9329 25.9329 25.9329 25.9329 25.9329 25.9329 25.9329 25.9329 25.9329 25.9329 
0.543058 0.543058 0.543058 0.543058 0.543058 0.543058 0.543058 0.543058 0.543058 0.543058 0.543058 0.543058 0.543058 0.543058 0.543058 0.543058 0.543058 0.543058 0.543058 0.543058 0.543058 0.543058 0.543058 0.543058 0.543058 0.543058 
item 9
155 45 10 155 75 15 65 55 195 55 40 130 210 105 50 190 145 10 150 40 155 130 120 100 110 120 
344.775 344.775 344.775 344.775 344.775 344.775 344.775 344.775 344.775 344.775 344.775 344.775 344.775 344.775 344.775 344.775 344.775 344.775 344.775 344.775 344.775 344.775 344.775 344.775 344.775 344.775 
0.502729 0.502729 0.502729 0.502729 0.502729 0.502729 0.502729 0.502729 0.502729 0.502729 0.502729 0.502729 0.502729 0.502729 0.502729 0.502729 0.502729 0.502729 0.502729 0.502729 0.502729 0.502729 0.502729 0.502729 0.502729 0.502729 
