26 10
-6.27744e+66 89.4886 89.4886 189.871 422.576 459.079 595.965 787.604 931.334 1405.87 1426.4 1745.8 1795.99 2398.29 2843.17 3897.18 4718.5 5412.05 6032.6 7469.89 7686.63 7823.51 8302.61 10059.3 11371.1 12301.9 13271.6 
-6.27744e+66 -6.27744e+66 89.4886 139.68 294.817 322.194 431.702 591.402 714.599 1129.82 1148.07 1435.53 1481.16 2033.26 2443.92 3422.65 4189.21 4839.41 5423.46 6780.9 6986.23 7116.27 7572.56 9249.4 10504.2 11396.2 12327 
-6.27744e+66 -6.27744e+66 -6.27744e+66 89.4886 167.057 185.308 267.44 395.199 497.863 853.765 869.735 1125.25 1166.32 1668.23 2044.67 2948.11 3659.92 4266.77 4814.32 6091.91 6285.83 6409.03 6842.5 8439.5 9637.24 10490.5 11382.5 
-6.27744e+66 -6.27744e+66 -6.27744e+66 -6.27744e+66 89.4886 98.6143 153.368 249.188 331.319 627.904 641.593 865.172 901.675 1353.4 1695.61 2523.77 3180.82 3744.33 4255.37 5453.11 5635.63 5751.98 6162.64 7679.78 8820.49 9634.96 10488.2 
-6.27744e+66 -6.27744e+66 -6.27744e+66 -6.27744e+66 -6.27744e+66 89.4886 116.866 180.746 242.344 479.612 491.019 682.659 714.599 1116.13 1424.12 2176.99 2779.29 3299.45 3773.99 4891.88 5062.99 5172.5 5560.34 6997.64 8081.31 8857 9671.47 
-6.27744e+66 -6.27744e+66 -6.27744e+66 -6.27744e+66 -6.27744e+66 -6.27744e+66 89.4886 121.429 162.494 340.445 349.571 509.27 536.648 887.987 1161.76 1839.34 2386.88 2863.7 3301.73 4339.78 4499.48 4602.14 4967.17 6324.62 7351.26 8088.16 8863.84 
-6.27744e+66 -6.27744e+66 -6.27744e+66 -6.27744e+66 -6.27744e+66 -6.27744e+66 -6.27744e+66 89.4886 110.021 228.655 235.5 363.259 386.074 687.221 926.771 1529.07 2021.85 2455.32 2856.85 3815.05 3963.34 4059.16 4401.38 5678.97 6648.58 7346.7 8083.59 
-6.27744e+66 -6.27744e+66 -6.27744e+66 -6.27744e+66 -6.27744e+66 -6.27744e+66 -6.27744e+66 -6.27744e+66 89.4886 148.806 153.368 249.188 267.44 518.396 723.724 1250.73 1688.77 2078.89 2443.92 3322.27 3459.15 3548.13 3867.53 5065.27 5977.84 6637.17 7335.29 
-6.27744e+66 -6.27744e+66 -6.27744e+66 -6.27744e+66 -6.27744e+66 -6.27744e+66 -6.27744e+66 -6.27744e+66 -6.27744e+66 89.4886 91.77 155.65 169.338 370.104 541.21 992.932 1376.21 1722.99 2051.51 2850.01 2975.49 3057.62 3354.2 4472.1 5327.64 5948.18 6607.51 
-6.27744e+66 -6.27744e+66 -6.27744e+66 -6.27744e+66 -6.27744e+66 -6.27744e+66 -6.27744e+66 -6.27744e+66 -6.27744e+66 -6.27744e+66 89.4886 121.429 130.554 281.128 418.014 794.448 1122.97 1426.4 1718.42 2437.07 2551.14 2626.43 2900.2 3938.25 4736.75 5318.51 5939.06 
-6.27744e+66 -6.27744e+66 -6.27744e+66 -6.27744e+66 -6.27744e+66 -6.27744e+66 -6.27744e+66 -6.27744e+66 -6.27744e+66 -6.27744e+66 -6.27744e+66 89.4886 94.0515 194.434 297.098 598.246 872.017 1132.1 1387.62 2026.42 2129.08 2197.52 2448.48 3406.68 4148.14 4691.12 5272.88 
-6.27744e+66 -6.27744e+66 -6.27744e+66 -6.27744e+66 -6.27744e+66 -6.27744e+66 -6.27744e+66 -6.27744e+66 -6.27744e+66 -6.27744e+66 -6.27744e+66 -6.27744e+66 89.4886 139.68 208.123 433.983 653 869.735 1088.75 1647.7 1738.96 1800.56 2028.7 2907.05 3591.47 4095.67 4638.65 
-6.27744e+66 -6.27744e+66 -6.27744e+66 -6.27744e+66 -6.27744e+66 -6.27744e+66 -6.27744e+66 -6.27744e+66 -6.27744e+66 -6.27744e+66 -6.27744e+66 -6.27744e+66 -6.27744e+66 89.4886 123.71 274.284 438.546 611.934 794.448 1273.55 1353.4 1408.15 1613.48 2411.98 3039.37 3504.78 4008.97 
-6.27744e+66 -6.27744e+66 -6.27744e+66 -6.27744e+66 -6.27744e+66 -6.27744e+66 -6.27744e+66 -6.27744e+66 -6.27744e+66 -6.27744e+66 -6.27744e+66 -6.27744e+66 -6.27744e+66 -6.27744e+66 89.4886 164.776 274.284 404.325 550.336 949.585 1018.03 1065.94 1248.45 1967.1 2537.46 2964.08 3429.49 
-6.27744e+66 -6.27744e+66 -6.27744e+66 -6.27744e+66 -6.27744e+66 -6.27744e+66 -6.27744e+66 -6.27744e+66 -6.27744e+66 -6.27744e+66 -6.27744e+66 -6.27744e+66 -6.27744e+66 -6.27744e+66 -6.27744e+66 89.4886 144.243 230.937 340.445 659.844 716.88 757.946 917.645 1556.44 2069.76 2457.61 2884.23 
-6.27744e+66 -6.27744e+66 -6.27744e+66 -6.27744e+66 -6.27744e+66 -6.27744e+66 -6.27744e+66 -6.27744e+66 -6.27744e+66 -6.27744e+66 -6.27744e+66 -6.27744e+66 -6.27744e+66 -6.27744e+66 -6.27744e+66 -6.27744e+66 89.4886 132.836 205.841 445.391 491.019 525.24 662.126 1221.07 1677.36 2026.42 2414.26 
-6.27744e+66 -6.27744e+66 -6.27744e+66 -6.27744e+66 -6.27744e+66 -6.27744e+66 -6.27744e+66 -6.27744e+66 -6.27744e+66 -6.27744e+66 -6.27744e+66 -6.27744e+66 -6.27744e+66 -6.27744e+66 -6.27744e+66 -6.27744e+66 -6.27744e+66 89.4886 125.991 285.691 319.912 347.289 461.361 940.459 1339.71 1649.98 1999.04 
-6.27744e+66 -6.27744e+66 -6.27744e+66 -6.27744e+66 -6.27744e+66 -6.27744e+66 -6.27744e+66 -6.27744e+66 -6.27744e+66 -6.27744e+66 -6.27744e+66 -6.27744e+66 -6.27744e+66 -6.27744e+66 -6.27744e+66 -6.27744e+66 -6.27744e+66 -6.27744e+66 89.4886 169.338 192.153 212.685 303.942 703.191 1045.4 1316.89 1627.17 
-6.27744e+66 -6.27744e+66 -6.27744e+66 -6.27744e+66 -6.27744e+66 -6.27744e+66 -6.27744e+66 -6.27744e+66 -6.27744e+66 -6.27744e+66 -6.27744e+66 -6.27744e+66 -6.27744e+66 -6.27744e+66 -6.27744e+66 -6.27744e+66 -6.27744e+66 -6.27744e+66 -6.27744e+66 89.4886 100.896 114.584 183.027 502.426 787.604 1020.31 1291.8 
-6.27744e+66 -6.27744e+66 -6.27744e+66 -6.27744e+66 -6.27744e+66 -6.27744e+66 -6.27744e+66 -6.27744e+66 -6.27744e+66 -6.27744e+66 -6.27744e+66 -6.27744e+66 -6.27744e+66 -6.27744e+66 -6.27744e+66 -6.27744e+66 -6.27744e+66 -6.27744e+66 -6.27744e+66 -6.27744e+66 89.4886 96.3329 141.961 381.511 609.653 803.574 1036.28 
-6.27744e+66 -6.27744e+66 -6.27744e+66 -6.27744e+66 -6.27744e+66 -6.27744e+66 -6.27744e+66 -6.27744e+66 -6.27744e+66 -6.27744e+66 -6.27744e+66 -6.27744e+66 -6.27744e+66 -6.27744e+66 -6.27744e+66 -6.27744e+66 -6.27744e+66 -6.27744e+66 -6.27744e+66 -6.27744e+66 -6.27744e+66 89.4886 112.303 272.002 443.109 598.246 792.167 
-6.27744e+66 -6.27744e+66 -6.27744e+66 -6.27744e+66 -6.27744e+66 -6.27744e+66 -6.27744e+66 -6.27744e+66 -6.27744e+66 -6.27744e+66 -6.27744e+66 -6.27744e+66 -6.27744e+66 -6.27744e+66 -6.27744e+66 -6.27744e+66 -6.27744e+66 -6.27744e+66 -6.27744e+66 -6.27744e+66 -6.27744e+66 -6.27744e+66 89.4886 169.338 283.41 399.762 554.899 
-6.27744e+66 -6.27744e+66 -6.27744e+66 -6.27744e+66 -6.27744e+66 -6.27744e+66 -6.27744e+66 -6.27744e+66 -6.27744e+66 -6.27744e+66 -6.27744e+66 -6.27744e+66 -6.27744e+66 -6.27744e+66 -6.27744e+66 -6.27744e+66 -6.27744e+66 -6.27744e+66 -6.27744e+66 -6.27744e+66 -6.27744e+66 -6.27744e+66 -6.27744e+66 89.4886 146.524 224.093 340.445 
-6.27744e+66 -6.27744e+66 -6.27744e+66 -6.27744e+66 -6.27744e+66 -6.27744e+66 -6.27744e+66 -6.27744e+66 -6.27744e+66 -6.27744e+66 -6.27744e+66 -6.27744e+66 -6.27744e+66 -6.27744e+66 -6.27744e+66 -6.27744e+66 -6.27744e+66 -6.27744e+66 -6.27744e+66 -6.27744e+66 -6.27744e+66 -6.27744e+66 -6.27744e+66 -6.27744e+66 89.4886 128.273 205.841 
-6.27744e+66 -6.27744e+66 -6.27744e+66 -6.27744e+66 -6.27744e+66 -6.27744e+66 -6.27744e+66 -6.27744e+66 -6.27744e+66 -6.27744e+66 -6.27744e+66 -6.27744e+66 -6.27744e+66 -6.27744e+66 -6.27744e+66 -6.27744e+66 -6.27744e+66 -6.27744e+66 -6.27744e+66 -6.27744e+66 -6.27744e+66 -6.27744e+66 -6.27744e+66 -6.27744e+66 -6.27744e+66 89.4886 128.273 
-6.27744e+66 -6.27744e+66 -6.27744e+66 -6.27744e+66 -6.27744e+66 -6.27744e+66 -6.27744e+66 -6.27744e+66 -6.27744e+66 -6.27744e+66 -6.27744e+66 -6.27744e+66 -6.27744e+66 -6.27744e+66 -6.27744e+66 -6.27744e+66 -6.27744e+66 -6.27744e+66 -6.27744e+66 -6.27744e+66 -6.27744e+66 -6.27744e+66 -6.27744e+66 -6.27744e+66 -6.27744e+66 -6.27744e+66 89.4886 
-6.27744e+66 -6.27744e+66 -6.27744e+66 -6.27744e+66 -6.27744e+66 -6.27744e+66 -6.27744e+66 -6.27744e+66 -6.27744e+66 -6.27744e+66 -6.27744e+66 -6.27744e+66 -6.27744e+66 -6.27744e+66 -6.27744e+66 -6.27744e+66 -6.27744e+66 -6.27744e+66 -6.27744e+66 -6.27744e+66 -6.27744e+66 -6.27744e+66 -6.27744e+66 -6.27744e+66 -6.27744e+66 -6.27744e+66 -6.27744e+66 
-6.27744e+66 21.3237 63.6113 69.4441 231.303 452.949 518.567 606.059 616.266 767.918 781.042 795.624 811.664 1109.14 1886.35 1886.35 2039.46 2599.41 2872.09 2950.83 3117.07 4166.96 4595.67 5044.8 6453.41 6593.4 7176.67 
-6.27744e+66 -6.27744e+66 21.3237 24.2401 132.146 298.38 350.875 423.785 432.534 565.229 576.895 590.019 604.601 877.283 1594.71 1594.71 1737.62 2262.57 2519.21 2593.57 2751.06 3748.46 4156.76 4585.47 5932.83 6066.99 6626.93 
-6.27744e+66 -6.27744e+66 -6.27744e+66 21.3237 75.2769 186.099 225.471 283.798 291.089 404.828 415.036 426.701 439.825 687.718 1345.36 1345.36 1478.06 1968.01 2208.61 2278.61 2427.34 3372.25 3760.13 4168.42 5454.55 5582.87 6119.48 
-6.27744e+66 -6.27744e+66 -6.27744e+66 -6.27744e+66 21.3237 76.7351 102.983 146.728 152.561 247.344 256.093 266.3 277.966 501.069 1098.93 1098.93 1221.42 1676.37 1900.93 1966.55 2106.54 2998.95 3366.42 3754.3 4979.18 5101.67 5614.95 
-6.27744e+66 -6.27744e+66 -6.27744e+66 -6.27744e+66 -6.27744e+66 21.3237 34.4475 63.6113 67.9859 143.812 151.103 159.852 170.059 368.373 906.446 906.446 1018.73 1438.69 1647.21 1708.45 1839.69 2679.61 3026.66 3394.12 4557.76 4674.42 5164.37 
-6.27744e+66 -6.27744e+66 -6.27744e+66 -6.27744e+66 -6.27744e+66 -6.27744e+66 21.3237 35.9057 38.8221 95.6915 101.524 108.815 117.564 291.089 769.376 769.376 871.45 1256.41 1448.89 1505.76 1628.25 2415.68 2742.31 3089.36 4191.75 4302.58 4769.2 
-6.27744e+66 -6.27744e+66 -6.27744e+66 -6.27744e+66 -6.27744e+66 -6.27744e+66 -6.27744e+66 21.3237 22.7819 60.6949 65.0695 70.9023 78.1932 226.929 645.43 645.43 737.296 1087.26 1263.7 1316.2 1429.94 2164.87 2471.09 2797.72 3838.87 3943.86 4387.15 
-6.27744e+66 -6.27744e+66 -6.27744e+66 -6.27744e+66 -6.27744e+66 -6.27744e+66 -6.27744e+66 -6.27744e+66 21.3237 40.2802 43.1966 47.5712 53.404 177.35 536.066 536.066 617.724 932.694 1093.1 1141.22 1246.21 1928.64 2214.44 2520.67 3500.57 3599.73 4019.69 
-6.27744e+66 -6.27744e+66 -6.27744e+66 -6.27744e+66 -6.27744e+66 -6.27744e+66 -6.27744e+66 -6.27744e+66 -6.27744e+66 21.3237 22.7819 25.6983 30.0729 129.23 428.159 428.159 499.611 779.584 923.945 967.69 1063.93 1693.87 1959.26 2245.07 3163.73 3257.05 3653.68 
-6.27744e+66 -6.27744e+66 -6.27744e+66 -6.27744e+66 -6.27744e+66 -6.27744e+66 -6.27744e+66 -6.27744e+66 -6.27744e+66 -6.27744e+66 21.3237 22.7819 25.6983 100.066 339.21 339.21 400.454 645.43 773.751 813.122 900.614 1478.06 1723.03 1988.43 2845.84 2933.33 3306.63 
-6.27744e+66 -6.27744e+66 -6.27744e+66 -6.27744e+66 -6.27744e+66 -6.27744e+66 -6.27744e+66 -6.27744e+66 -6.27744e+66 -6.27744e+66 -6.27744e+66 21.3237 22.7819 72.3605 251.718 251.718 302.755 512.735 625.015 660.012 738.754 1263.7 1488.27 1733.24 2529.41 2611.07 2961.04 
-6.27744e+66 -6.27744e+66 -6.27744e+66 -6.27744e+66 -6.27744e+66 -6.27744e+66 -6.27744e+66 -6.27744e+66 -6.27744e+66 -6.27744e+66 -6.27744e+66 -6.27744e+66 21.3237 46.113 165.685 165.685 206.514 381.497 477.738 508.36 578.353 1050.81 1254.95 1479.52 2214.44 2290.27 2616.91 
-6.27744e+66 -6.27744e+66 -6.27744e+66 -6.27744e+66 -6.27744e+66 -6.27744e+66 -6.27744e+66 -6.27744e+66 -6.27744e+66 -6.27744e+66 -6.27744e+66 -6.27744e+66 -6.27744e+66 21.3237 81.1096 81.1096 111.732 251.718 331.919 358.166 419.41 839.37 1023.1 1227.25 1900.93 1970.93 2274.23 
-6.27744e+66 -6.27744e+66 -6.27744e+66 -6.27744e+66 -6.27744e+66 -6.27744e+66 -6.27744e+66 -6.27744e+66 -6.27744e+66 -6.27744e+66 -6.27744e+66 -6.27744e+66 -6.27744e+66 -6.27744e+66 21.3237 21.3237 41.7384 146.728 210.889 232.762 285.257 652.721 816.038 999.771 1612.21 1676.37 1956.34 
-6.27744e+66 -6.27744e+66 -6.27744e+66 -6.27744e+66 -6.27744e+66 -6.27744e+66 -6.27744e+66 -6.27744e+66 -6.27744e+66 -6.27744e+66 -6.27744e+66 -6.27744e+66 -6.27744e+66 -6.27744e+66 -6.27744e+66 21.3237 31.5311 101.524 149.645 167.143 210.889 525.858 668.761 832.079 1383.28 1441.6 1698.24 
-6.27744e+66 -6.27744e+66 -6.27744e+66 -6.27744e+66 -6.27744e+66 -6.27744e+66 -6.27744e+66 -6.27744e+66 -6.27744e+66 -6.27744e+66 -6.27744e+66 -6.27744e+66 -6.27744e+66 -6.27744e+66 -6.27744e+66 -6.27744e+66 21.3237 56.3204 88.4006 101.524 136.521 398.996 521.484 664.387 1154.34 1206.83 1440.14 
-6.27744e+66 -6.27744e+66 -6.27744e+66 -6.27744e+66 -6.27744e+66 -6.27744e+66 -6.27744e+66 -6.27744e+66 -6.27744e+66 -6.27744e+66 -6.27744e+66 -6.27744e+66 -6.27744e+66 -6.27744e+66 -6.27744e+66 -6.27744e+66 -6.27744e+66 21.3237 37.3639 46.113 72.3605 282.34 384.414 506.902 935.61 982.272 1192.25 
-6.27744e+66 -6.27744e+66 -6.27744e+66 -6.27744e+66 -6.27744e+66 -6.27744e+66 -6.27744e+66 -6.27744e+66 -6.27744e+66 -6.27744e+66 -6.27744e+66 -6.27744e+66 -6.27744e+66 -6.27744e+66 -6.27744e+66 -6.27744e+66 -6.27744e+66 -6.27744e+66 21.3237 25.6983 43.1966 200.681 282.34 384.414 751.878 792.707 979.356 
-6.27744e+66 -6.27744e+66 -6.27744e+66 -6.27744e+66 -6.27744e+66 -6.27744e+66 -6.27744e+66 -6.27744e+66 -6.27744e+66 -6.27744e+66 -6.27744e+66 -6.27744e+66 -6.27744e+66 -6.27744e+66 -6.27744e+66 -6.27744e+66 -6.27744e+66 -6.27744e+66 -6.27744e+66 21.3237 30.0729 135.063 196.307 277.966 584.186 619.183 782.5 
-6.27744e+66 -6.27744e+66 -6.27744e+66 -6.27744e+66 -6.27744e+66 -6.27744e+66 -6.27744e+66 -6.27744e+66 -6.27744e+66 -6.27744e+66 -6.27744e+66 -6.27744e+66 -6.27744e+66 -6.27744e+66 -6.27744e+66 -6.27744e+66 -6.27744e+66 -6.27744e+66 -6.27744e+66 -6.27744e+66 21.3237 73.8187 114.648 175.892 420.868 450.032 590.019 
-6.27744e+66 -6.27744e+66 -6.27744e+66 -6.27744e+66 -6.27744e+66 -6.27744e+66 -6.27744e+66 -6.27744e+66 -6.27744e+66 -6.27744e+66 -6.27744e+66 -6.27744e+66 -6.27744e+66 -6.27744e+66 -6.27744e+66 -6.27744e+66 -6.27744e+66 -6.27744e+66 -6.27744e+66 -6.27744e+66 -6.27744e+66 21.3237 41.7384 82.5678 266.3 289.631 406.286 
-6.27744e+66 -6.27744e+66 -6.27744e+66 -6.27744e+66 -6.27744e+66 -6.27744e+66 -6.27744e+66 -6.27744e+66 -6.27744e+66 -6.27744e+66 -6.27744e+66 -6.27744e+66 -6.27744e+66 -6.27744e+66 -6.27744e+66 -6.27744e+66 -6.27744e+66 -6.27744e+66 -6.27744e+66 -6.27744e+66 -6.27744e+66 -6.27744e+66 21.3237 41.7384 164.227 181.725 275.049 
-6.27744e+66 -6.27744e+66 -6.27744e+66 -6.27744e+66 -6.27744e+66 -6.27744e+66 -6.27744e+66 -6.27744e+66 -6.27744e+66 -6.27744e+66 -6.27744e+66 -6.27744e+66 -6.27744e+66 -6.27744e+66 -6.27744e+66 -6.27744e+66 -6.27744e+66 -6.27744e+66 -6.27744e+66 -6.27744e+66 -6.27744e+66 -6.27744e+66 -6.27744e+66 21.3237 82.5678 94.2334 164.227 
-6.27744e+66 -6.27744e+66 -6.27744e+66 -6.27744e+66 -6.27744e+66 -6.27744e+66 -6.27744e+66 -6.27744e+66 -6.27744e+66 -6.27744e+66 -6.27744e+66 -6.27744e+66 -6.27744e+66 -6.27744e+66 -6.27744e+66 -6.27744e+66 -6.27744e+66 -6.27744e+66 -6.27744e+66 -6.27744e+66 -6.27744e+66 -6.27744e+66 -6.27744e+66 -6.27744e+66 21.3237 27.1565 73.8187 
-6.27744e+66 -6.27744e+66 -6.27744e+66 -6.27744e+66 -6.27744e+66 -6.27744e+66 -6.27744e+66 -6.27744e+66 -6.27744e+66 -6.27744e+66 -6.27744e+66 -6.27744e+66 -6.27744e+66 -6.27744e+66 -6.27744e+66 -6.27744e+66 -6.27744e+66 -6.27744e+66 -6.27744e+66 -6.27744e+66 -6.27744e+66 -6.27744e+66 -6.27744e+66 -6.27744e+66 -6.27744e+66 21.3237 44.6548 
-6.27744e+66 -6.27744e+66 -6.27744e+66 -6.27744e+66 -6.27744e+66 -6.27744e+66 -6.27744e+66 -6.27744e+66 -6.27744e+66 -6.27744e+66 -6.27744e+66 -6.27744e+66 -6.27744e+66 -6.27744e+66 -6.27744e+66 -6.27744e+66 -6.27744e+66 -6.27744e+66 -6.27744e+66 -6.27744e+66 -6.27744e+66 -6.27744e+66 -6.27744e+66 -6.27744e+66 -6.27744e+66 -6.27744e+66 21.3237 
-6.27744e+66 -6.27744e+66 -6.27744e+66 -6.27744e+66 -6.27744e+66 -6.27744e+66 -6.27744e+66 -6.27744e+66 -6.27744e+66 -6.27744e+66 -6.27744e+66 -6.27744e+66 -6.27744e+66 -6.27744e+66 -6.27744e+66 -6.27744e+66 -6.27744e+66 -6.27744e+66 -6.27744e+66 -6.27744e+66 -6.27744e+66 -6.27744e+66 -6.27744e+66 -6.27744e+66 -6.27744e+66 -6.27744e+66 -6.27744e+66 
-6.27744e+66 16.3959 20.86 29.7883 96.7507 235.14 324.423 438.259 774.187 890.255 1040.92 1520.82 1938.22 2165.89 2223.92 2458.29 2742.88 2885.73 3056.49 3498.44 4049.76 4339.93 4433.68 4458.23 4689.25 4903.53 5070.94 
-6.27744e+66 -6.27744e+66 16.3959 20.86 65.5016 169.293 240.72 335.583 623.521 725.081 859.006 1290.91 1670.37 1879.07 1932.64 2150.26 2415.88 2549.81 2710.52 3127.91 3650.22 3925.88 4015.17 4038.6 4259.58 4464.93 4625.64 
-6.27744e+66 -6.27744e+66 -6.27744e+66 16.3959 38.7166 107.911 161.481 237.372 477.32 564.371 681.555 1065.47 1406.98 1596.71 1645.81 1846.7 2093.35 2218.34 2369.01 2761.85 3255.14 3516.3 3601.12 3623.44 3834.37 4030.79 4184.8 
-6.27744e+66 -6.27744e+66 -6.27744e+66 -6.27744e+66 16.3959 50.9931 86.7063 143.624 335.583 408.126 508.569 844.497 1148.06 1318.81 1363.46 1547.6 1775.27 1891.34 2031.96 2400.26 2864.53 3111.17 3191.53 3212.73 3413.62 3601.12 3748.43 
-6.27744e+66 -6.27744e+66 -6.27744e+66 -6.27744e+66 -6.27744e+66 16.3959 34.2525 72.1978 216.167 274.201 357.904 645.842 911.46 1063.24 1103.42 1270.82 1479.52 1586.66 1717.24 2060.98 2496.24 2728.37 2804.26 2824.35 3015.19 3193.76 3334.38 
-6.27744e+66 -6.27744e+66 -6.27744e+66 -6.27744e+66 -6.27744e+66 -6.27744e+66 16.3959 35.3685 131.348 174.873 241.836 481.784 709.456 842.265 877.978 1028.64 1218.37 1316.58 1437.11 1756.3 2162.54 2380.17 2451.59 2470.57 2651.37 2821 2954.93 
-6.27744e+66 -6.27744e+66 -6.27744e+66 -6.27744e+66 -6.27744e+66 -6.27744e+66 -6.27744e+66 16.3959 64.3856 93.4026 143.624 335.583 525.31 639.146 670.395 804.32 975.074 1064.36 1174.84 1469.48 1846.7 2049.82 2116.78 2134.64 2305.39 2466.1 2593.33 
-6.27744e+66 -6.27744e+66 -6.27744e+66 -6.27744e+66 -6.27744e+66 -6.27744e+66 -6.27744e+66 -6.27744e+66 16.3959 30.9044 64.3856 208.355 360.136 454.999 481.784 598.969 750.75 831.105 931.548 1201.63 1549.83 1738.44 1800.94 1817.68 1978.39 2130.17 2250.71 
-6.27744e+66 -6.27744e+66 -6.27744e+66 -6.27744e+66 -6.27744e+66 -6.27744e+66 -6.27744e+66 -6.27744e+66 -6.27744e+66 16.3959 33.1364 129.116 242.952 318.843 341.163 441.607 574.416 645.842 736.241 981.77 1300.96 1475.06 1533.09 1548.72 1699.38 1842.24 1956.07 
-6.27744e+66 -6.27744e+66 -6.27744e+66 -6.27744e+66 -6.27744e+66 -6.27744e+66 -6.27744e+66 -6.27744e+66 -6.27744e+66 -6.27744e+66 16.3959 64.3856 140.276 197.194 215.051 298.754 412.59 475.088 555.443 776.419 1066.59 1226.18 1279.75 1294.26 1434.88 1568.81 1675.95 
-6.27744e+66 -6.27744e+66 -6.27744e+66 -6.27744e+66 -6.27744e+66 -6.27744e+66 -6.27744e+66 -6.27744e+66 -6.27744e+66 -6.27744e+66 -6.27744e+66 16.3959 54.3412 92.2865 105.679 172.641 267.505 321.075 391.385 587.808 848.961 994.047 1043.15 1056.54 1187.12 1312.12 1412.56 
-6.27744e+66 -6.27744e+66 -6.27744e+66 -6.27744e+66 -6.27744e+66 -6.27744e+66 -6.27744e+66 -6.27744e+66 -6.27744e+66 -6.27744e+66 -6.27744e+66 -6.27744e+66 16.3959 35.3685 44.2968 94.5186 170.409 215.051 275.317 447.187 679.323 809.9 854.542 866.818 987.35 1103.42 1197.17 
-6.27744e+66 -6.27744e+66 -6.27744e+66 -6.27744e+66 -6.27744e+66 -6.27744e+66 -6.27744e+66 -6.27744e+66 -6.27744e+66 -6.27744e+66 -6.27744e+66 -6.27744e+66 -6.27744e+66 16.3959 20.86 54.3412 111.259 146.972 197.194 344.511 547.631 663.699 703.876 715.037 825.525 932.664 1019.72 
-6.27744e+66 -6.27744e+66 -6.27744e+66 -6.27744e+66 -6.27744e+66 -6.27744e+66 -6.27744e+66 -6.27744e+66 -6.27744e+66 -6.27744e+66 -6.27744e+66 -6.27744e+66 -6.27744e+66 -6.27744e+66 16.3959 33.1364 71.0818 97.8667 138.044 260.809 434.911 536.47 572.184 582.228 682.671 780.883 861.238 
-6.27744e+66 -6.27744e+66 -6.27744e+66 -6.27744e+66 -6.27744e+66 -6.27744e+66 -6.27744e+66 -6.27744e+66 -6.27744e+66 -6.27744e+66 -6.27744e+66 -6.27744e+66 -6.27744e+66 -6.27744e+66 -6.27744e+66 16.3959 35.3685 53.2252 83.3582 181.57 326.655 413.706 444.955 453.883 544.283 633.566 707.224 
-6.27744e+66 -6.27744e+66 -6.27744e+66 -6.27744e+66 -6.27744e+66 -6.27744e+66 -6.27744e+66 -6.27744e+66 -6.27744e+66 -6.27744e+66 -6.27744e+66 -6.27744e+66 -6.27744e+66 -6.27744e+66 -6.27744e+66 -6.27744e+66 16.3959 25.3242 45.4129 119.071 235.14 307.682 334.467 342.279 422.634 502.989 569.951 
-6.27744e+66 -6.27744e+66 -6.27744e+66 -6.27744e+66 -6.27744e+66 -6.27744e+66 -6.27744e+66 -6.27744e+66 -6.27744e+66 -6.27744e+66 -6.27744e+66 -6.27744e+66 -6.27744e+66 -6.27744e+66 -6.27744e+66 -6.27744e+66 -6.27744e+66 16.3959 26.4402 75.546 162.597 220.631 242.952 249.648 319.959 391.385 451.651 
-6.27744e+66 -6.27744e+66 -6.27744e+66 -6.27744e+66 -6.27744e+66 -6.27744e+66 -6.27744e+66 -6.27744e+66 -6.27744e+66 -6.27744e+66 -6.27744e+66 -6.27744e+66 -6.27744e+66 -6.27744e+66 -6.27744e+66 -6.27744e+66 -6.27744e+66 -6.27744e+66 16.3959 40.9487 98.9828 142.508 160.365 165.945 226.211 288.71 342.279 
-6.27744e+66 -6.27744e+66 -6.27744e+66 -6.27744e+66 -6.27744e+66 -6.27744e+66 -6.27744e+66 -6.27744e+66 -6.27744e+66 -6.27744e+66 -6.27744e+66 -6.27744e+66 -6.27744e+66 -6.27744e+66 -6.27744e+66 -6.27744e+66 -6.27744e+66 -6.27744e+66 -6.27744e+66 16.3959 45.4129 74.4299 87.8224 92.2865 142.508 196.078 242.952 
-6.27744e+66 -6.27744e+66 -6.27744e+66 -6.27744e+66 -6.27744e+66 -6.27744e+66 -6.27744e+66 -6.27744e+66 -6.27744e+66 -6.27744e+66 -6.27744e+66 -6.27744e+66 -6.27744e+66 -6.27744e+66 -6.27744e+66 -6.27744e+66 -6.27744e+66 -6.27744e+66 -6.27744e+66 -6.27744e+66 16.3959 30.9044 39.8327 43.1808 83.3582 128 168.177 
-6.27744e+66 -6.27744e+66 -6.27744e+66 -6.27744e+66 -6.27744e+66 -6.27744e+66 -6.27744e+66 -6.27744e+66 -6.27744e+66 -6.27744e+66 -6.27744e+66 -6.27744e+66 -6.27744e+66 -6.27744e+66 -6.27744e+66 -6.27744e+66 -6.27744e+66 -6.27744e+66 -6.27744e+66 -6.27744e+66 -6.27744e+66 16.3959 20.86 23.0921 53.2252 88.9384 122.42 
-6.27744e+66 -6.27744e+66 -6.27744e+66 -6.27744e+66 -6.27744e+66 -6.27744e+66 -6.27744e+66 -6.27744e+66 -6.27744e+66 -6.27744e+66 -6.27744e+66 -6.27744e+66 -6.27744e+66 -6.27744e+66 -6.27744e+66 -6.27744e+66 -6.27744e+66 -6.27744e+66 -6.27744e+66 -6.27744e+66 -6.27744e+66 -6.27744e+66 16.3959 17.5119 37.6006 64.3856 91.1705 
-6.27744e+66 -6.27744e+66 -6.27744e+66 -6.27744e+66 -6.27744e+66 -6.27744e+66 -6.27744e+66 -6.27744e+66 -6.27744e+66 -6.27744e+66 -6.27744e+66 -6.27744e+66 -6.27744e+66 -6.27744e+66 -6.27744e+66 -6.27744e+66 -6.27744e+66 -6.27744e+66 -6.27744e+66 -6.27744e+66 -6.27744e+66 -6.27744e+66 -6.27744e+66 16.3959 26.4402 44.2968 64.3856 
-6.27744e+66 -6.27744e+66 -6.27744e+66 -6.27744e+66 -6.27744e+66 -6.27744e+66 -6.27744e+66 -6.27744e+66 -6.27744e+66 -6.27744e+66 -6.27744e+66 -6.27744e+66 -6.27744e+66 -6.27744e+66 -6.27744e+66 -6.27744e+66 -6.27744e+66 -6.27744e+66 -6.27744e+66 -6.27744e+66 -6.27744e+66 -6.27744e+66 -6.27744e+66 -6.27744e+66 16.3959 25.3242 38.7166 
-6.27744e+66 -6.27744e+66 -6.27744e+66 -6.27744e+66 -6.27744e+66 -6.27744e+66 -6.27744e+66 -6.27744e+66 -6.27744e+66 -6.27744e+66 -6.27744e+66 -6.27744e+66 -6.27744e+66 -6.27744e+66 -6.27744e+66 -6.27744e+66 -6.27744e+66 -6.27744e+66 -6.27744e+66 -6.27744e+66 -6.27744e+66 -6.27744e+66 -6.27744e+66 -6.27744e+66 -6.27744e+66 16.3959 23.0921 
-6.27744e+66 -6.27744e+66 -6.27744e+66 -6.27744e+66 -6.27744e+66 -6.27744e+66 -6.27744e+66 -6.27744e+66 -6.27744e+66 -6.27744e+66 -6.27744e+66 -6.27744e+66 -6.27744e+66 -6.27744e+66 -6.27744e+66 -6.27744e+66 -6.27744e+66 -6.27744e+66 -6.27744e+66 -6.27744e+66 -6.27744e+66 -6.27744e+66 -6.27744e+66 -6.27744e+66 -6.27744e+66 -6.27744e+66 16.3959 
-6.27744e+66 -6.27744e+66 -6.27744e+66 -6.27744e+66 -6.27744e+66 -6.27744e+66 -6.27744e+66 -6.27744e+66 -6.27744e+66 -6.27744e+66 -6.27744e+66 -6.27744e+66 -6.27744e+66 -6.27744e+66 -6.27744e+66 -6.27744e+66 -6.27744e+66 -6.27744e+66 -6.27744e+66 -6.27744e+66 -6.27744e+66 -6.27744e+66 -6.27744e+66 -6.27744e+66 -6.27744e+66 -6.27744e+66 -6.27744e+66 
-6.27744e+66 4.54739 8.53944 96.3647 126.305 246.067 385.789 553.455 581.4 597.368 1028.51 1108.35 1613.35 1804.97 2194.19 2278.02 2517.55 2645.29 3459.67 4214.17 4479.64 4519.56 5357.9 5357.9 5403.81 6409.8 6559.51 
-6.27744e+66 -6.27744e+66 4.54739 48.46 68.4203 158.242 270.019 409.741 433.694 447.666 830.903 902.76 1361.85 1537.5 1896.78 1974.63 2198.18 2317.94 3084.42 3797 4048.5 4086.43 4884.84 4884.84 4928.75 5892.83 6036.55 
-6.27744e+66 -6.27744e+66 -6.27744e+66 4.54739 14.5275 74.4084 158.242 270.019 289.98 301.956 637.289 701.161 1114.34 1274.02 1603.37 1675.22 1882.81 1994.59 2713.16 3383.82 3621.35 3657.28 4415.77 4415.77 4457.69 5379.85 5517.58 
-6.27744e+66 -6.27744e+66 -6.27744e+66 -6.27744e+66 4.54739 34.4878 90.3766 174.21 190.178 200.158 487.586 543.475 910.744 1054.46 1353.86 1419.73 1611.35 1715.14 2385.81 3014.56 3238.11 3272.05 3990.62 3990.62 4030.54 4910.79 5042.52 
-6.27744e+66 -6.27744e+66 -6.27744e+66 -6.27744e+66 -6.27744e+66 4.54739 32.4918 88.3806 100.357 108.341 347.864 395.769 717.13 844.876 1114.34 1174.22 1349.87 1445.68 2068.44 2655.27 2864.86 2896.79 3575.44 3575.44 3613.37 4451.7 4577.45 
-6.27744e+66 -6.27744e+66 -6.27744e+66 -6.27744e+66 -6.27744e+66 -6.27744e+66 4.54739 32.4918 40.4759 46.464 238.083 278.003 553.455 665.233 904.756 958.649 1118.33 1206.16 1781.01 2325.93 2521.54 2551.48 3190.21 3190.21 3226.14 4022.55 4142.32 
-6.27744e+66 -6.27744e+66 -6.27744e+66 -6.27744e+66 -6.27744e+66 -6.27744e+66 -6.27744e+66 4.54739 8.53944 12.5315 156.246 188.182 417.725 513.535 723.118 771.022 914.737 994.578 1521.53 2024.53 2206.17 2234.11 2832.92 2832.92 2866.85 3621.35 3735.13 
-6.27744e+66 -6.27744e+66 -6.27744e+66 -6.27744e+66 -6.27744e+66 -6.27744e+66 -6.27744e+66 -6.27744e+66 4.54739 6.54341 102.353 126.305 309.94 389.781 569.424 611.34 739.086 810.943 1289.99 1751.07 1918.74 1944.69 2503.58 2503.58 2535.51 3248.09 3355.88 
-6.27744e+66 -6.27744e+66 -6.27744e+66 -6.27744e+66 -6.27744e+66 -6.27744e+66 -6.27744e+66 -6.27744e+66 -6.27744e+66 4.54739 52.4521 68.4203 206.146 270.019 419.721 455.65 567.428 631.3 1062.44 1481.61 1635.3 1659.26 2178.22 2178.22 2208.16 2878.83 2980.63 
-6.27744e+66 -6.27744e+66 -6.27744e+66 -6.27744e+66 -6.27744e+66 -6.27744e+66 -6.27744e+66 -6.27744e+66 -6.27744e+66 -6.27744e+66 4.54739 12.5315 104.349 152.254 272.015 301.956 397.765 453.654 836.891 1214.14 1353.86 1375.82 1854.87 1854.87 1882.81 2511.56 2607.37 
-6.27744e+66 -6.27744e+66 -6.27744e+66 -6.27744e+66 -6.27744e+66 -6.27744e+66 -6.27744e+66 -6.27744e+66 -6.27744e+66 -6.27744e+66 -6.27744e+66 4.54739 50.456 82.3925 172.214 196.166 276.007 323.912 659.245 994.578 1120.33 1140.29 1579.41 1579.41 1605.36 2192.19 2282.02 
-6.27744e+66 -6.27744e+66 -6.27744e+66 -6.27744e+66 -6.27744e+66 -6.27744e+66 -6.27744e+66 -6.27744e+66 -6.27744e+66 -6.27744e+66 -6.27744e+66 -6.27744e+66 4.54739 20.5156 80.3965 98.3607 162.234 202.154 489.582 782.999 894.776 912.74 1311.95 1311.95 1335.9 1880.81 1964.65 
-6.27744e+66 -6.27744e+66 -6.27744e+66 -6.27744e+66 -6.27744e+66 -6.27744e+66 -6.27744e+66 -6.27744e+66 -6.27744e+66 -6.27744e+66 -6.27744e+66 -6.27744e+66 -6.27744e+66 4.54739 34.4878 46.464 94.3687 126.305 365.829 617.328 715.134 731.102 1090.39 1090.39 1112.34 1615.34 1693.19 
-6.27744e+66 -6.27744e+66 -6.27744e+66 -6.27744e+66 -6.27744e+66 -6.27744e+66 -6.27744e+66 -6.27744e+66 -6.27744e+66 -6.27744e+66 -6.27744e+66 -6.27744e+66 -6.27744e+66 -6.27744e+66 4.54739 10.5355 42.4719 66.4243 258.043 467.626 551.459 565.431 884.796 884.796 904.756 1365.84 1437.7 
-6.27744e+66 -6.27744e+66 -6.27744e+66 -6.27744e+66 -6.27744e+66 -6.27744e+66 -6.27744e+66 -6.27744e+66 -6.27744e+66 -6.27744e+66 -6.27744e+66 -6.27744e+66 -6.27744e+66 -6.27744e+66 -6.27744e+66 4.54739 20.5156 36.4838 180.198 347.864 417.725 429.702 709.146 709.146 727.11 1146.28 1212.14 
-6.27744e+66 -6.27744e+66 -6.27744e+66 -6.27744e+66 -6.27744e+66 -6.27744e+66 -6.27744e+66 -6.27744e+66 -6.27744e+66 -6.27744e+66 -6.27744e+66 -6.27744e+66 -6.27744e+66 -6.27744e+66 -6.27744e+66 -6.27744e+66 4.54739 12.5315 108.341 234.091 289.98 299.96 539.483 539.483 555.451 932.701 992.582 
-6.27744e+66 -6.27744e+66 -6.27744e+66 -6.27744e+66 -6.27744e+66 -6.27744e+66 -6.27744e+66 -6.27744e+66 -6.27744e+66 -6.27744e+66 -6.27744e+66 -6.27744e+66 -6.27744e+66 -6.27744e+66 -6.27744e+66 -6.27744e+66 -6.27744e+66 4.54739 52.4521 136.285 178.202 186.186 385.789 385.789 399.761 735.094 788.987 
-6.27744e+66 -6.27744e+66 -6.27744e+66 -6.27744e+66 -6.27744e+66 -6.27744e+66 -6.27744e+66 -6.27744e+66 -6.27744e+66 -6.27744e+66 -6.27744e+66 -6.27744e+66 -6.27744e+66 -6.27744e+66 -6.27744e+66 -6.27744e+66 -6.27744e+66 -6.27744e+66 4.54739 46.464 74.4084 80.3965 240.079 240.079 252.055 545.471 593.376 
-6.27744e+66 -6.27744e+66 -6.27744e+66 -6.27744e+66 -6.27744e+66 -6.27744e+66 -6.27744e+66 -6.27744e+66 -6.27744e+66 -6.27744e+66 -6.27744e+66 -6.27744e+66 -6.27744e+66 -6.27744e+66 -6.27744e+66 -6.27744e+66 -6.27744e+66 -6.27744e+66 -6.27744e+66 4.54739 18.5196 22.5116 142.273 142.273 152.254 403.753 445.67 
-6.27744e+66 -6.27744e+66 -6.27744e+66 -6.27744e+66 -6.27744e+66 -6.27744e+66 -6.27744e+66 -6.27744e+66 -6.27744e+66 -6.27744e+66 -6.27744e+66 -6.27744e+66 -6.27744e+66 -6.27744e+66 -6.27744e+66 -6.27744e+66 -6.27744e+66 -6.27744e+66 -6.27744e+66 -6.27744e+66 4.54739 6.54341 86.3846 86.3846 94.3687 303.952 339.88 
-6.27744e+66 -6.27744e+66 -6.27744e+66 -6.27744e+66 -6.27744e+66 -6.27744e+66 -6.27744e+66 -6.27744e+66 -6.27744e+66 -6.27744e+66 -6.27744e+66 -6.27744e+66 -6.27744e+66 -6.27744e+66 -6.27744e+66 -6.27744e+66 -6.27744e+66 -6.27744e+66 -6.27744e+66 -6.27744e+66 -6.27744e+66 4.54739 44.468 44.468 50.456 218.122 248.063 
-6.27744e+66 -6.27744e+66 -6.27744e+66 -6.27744e+66 -6.27744e+66 -6.27744e+66 -6.27744e+66 -6.27744e+66 -6.27744e+66 -6.27744e+66 -6.27744e+66 -6.27744e+66 -6.27744e+66 -6.27744e+66 -6.27744e+66 -6.27744e+66 -6.27744e+66 -6.27744e+66 -6.27744e+66 -6.27744e+66 -6.27744e+66 -6.27744e+66 4.54739 4.54739 8.53944 134.289 158.242 
-6.27744e+66 -6.27744e+66 -6.27744e+66 -6.27744e+66 -6.27744e+66 -6.27744e+66 -6.27744e+66 -6.27744e+66 -6.27744e+66 -6.27744e+66 -6.27744e+66 -6.27744e+66 -6.27744e+66 -6.27744e+66 -6.27744e+66 -6.27744e+66 -6.27744e+66 -6.27744e+66 -6.27744e+66 -6.27744e+66 -6.27744e+66 -6.27744e+66 -6.27744e+66 4.54739 6.54341 90.3766 108.341 
-6.27744e+66 -6.27744e+66 -6.27744e+66 -6.27744e+66 -6.27744e+66 -6.27744e+66 -6.27744e+66 -6.27744e+66 -6.27744e+66 -6.27744e+66 -6.27744e+66 -6.27744e+66 -6.27744e+66 -6.27744e+66 -6.27744e+66 -6.27744e+66 -6.27744e+66 -6.27744e+66 -6.27744e+66 -6.27744e+66 -6.27744e+66 -6.27744e+66 -6.27744e+66 -6.27744e+66 4.54739 46.464 58.4402 
-6.27744e+66 -6.27744e+66 -6.27744e+66 -6.27744e+66 -6.27744e+66 -6.27744e+66 -6.27744e+66 -6.27744e+66 -6.27744e+66 -6.27744e+66 -6.27744e+66 -6.27744e+66 -6.27744e+66 -6.27744e+66 -6.27744e+66 -6.27744e+66 -6.27744e+66 -6.27744e+66 -6.27744e+66 -6.27744e+66 -6.27744e+66 -6.27744e+66 -6.27744e+66 -6.27744e+66 -6.27744e+66 4.54739 10.5355 
-6.27744e+66 -6.27744e+66 -6.27744e+66 -6.27744e+66 -6.27744e+66 -6.27744e+66 -6.27744e+66 -6.27744e+66 -6.27744e+66 -6.27744e+66 -6.27744e+66 -6.27744e+66 -6.27744e+66 -6.27744e+66 -6.27744e+66 -6.27744e+66 -6.27744e+66 -6.27744e+66 -6.27744e+66 -6.27744e+66 -6.27744e+66 -6.27744e+66 -6.27744e+66 -6.27744e+66 -6.27744e+66 -6.27744e+66 4.54739 
-6.27744e+66 -6.27744e+66 -6.27744e+66 -6.27744e+66 -6.27744e+66 -6.27744e+66 -6.27744e+66 -6.27744e+66 -6.27744e+66 -6.27744e+66 -6.27744e+66 -6.27744e+66 -6.27744e+66 -6.27744e+66 -6.27744e+66 -6.27744e+66 -6.27744e+66 -6.27744e+66 -6.27744e+66 -6.27744e+66 -6.27744e+66 -6.27744e+66 -6.27744e+66 -6.27744e+66 -6.27744e+66 -6.27744e+66 -6.27744e+66 
-6.27744e+66 71.4264 120.49 237.408 306.306 331.36 373.116 410.697 659.147 859.577 925.343 1436.86 1884.7 2247.98 2315.83 3002.72 3112.33 3463.08 3871.25 4040.37 4119.7 4599.9 4687.59 4986.15 5634.41 5659.47 5972.64 
-6.27744e+66 -6.27744e+66 71.4264 129.885 175.817 194.608 228.013 259.33 472.287 647.664 706.123 1166.49 1573.61 1906.62 1969.25 2607.08 2709.38 3038.21 3422.37 3582.09 3657.25 4113.44 4196.95 4481.94 5102.02 5126.03 5426.68 
-6.27744e+66 -6.27744e+66 -6.27744e+66 71.4264 94.3924 106.919 131.973 157.027 334.491 484.814 535.966 945.178 1311.59 1614.32 1671.74 2260.5 2355.5 2662.41 3022.56 3172.88 3243.86 3676.04 3755.38 4026.79 4618.69 4641.66 4929.78 
-6.27744e+66 -6.27744e+66 -6.27744e+66 -6.27744e+66 71.4264 77.6898 94.3924 113.183 255.154 380.423 424.267 782.328 1108.03 1380.49 1432.68 1972.38 2060.07 2345.06 2681.2 2822.12 2888.93 3297.1 3372.26 3630.11 4193.82 4215.74 4491.33 
-6.27744e+66 -6.27744e+66 -6.27744e+66 -6.27744e+66 -6.27744e+66 71.4264 79.7776 92.3045 198.783 298.998 335.535 642.444 927.431 1169.62 1216.59 1707.23 1787.61 2050.68 2362.81 2494.34 2556.97 2941.13 3012.12 3256.39 3791.92 3812.79 4075.86 
-6.27744e+66 -6.27744e+66 -6.27744e+66 -6.27744e+66 -6.27744e+66 -6.27744e+66 71.4264 77.6898 148.676 223.837 253.066 508.824 753.098 965.012 1006.77 1448.34 1521.41 1762.56 2050.68 2172.81 2231.27 2591.42 2658.23 2888.93 3396.27 3416.11 3666.65 
-6.27744e+66 -6.27744e+66 -6.27744e+66 -6.27744e+66 -6.27744e+66 -6.27744e+66 -6.27744e+66 71.4264 106.919 157.027 178.949 383.555 587.117 768.757 805.294 1197.8 1263.57 1482.79 1746.9 1859.64 1913.92 2250.06 2312.7 2529.83 3008.98 3027.77 3265.79 
-6.27744e+66 -6.27744e+66 -6.27744e+66 -6.27744e+66 -6.27744e+66 -6.27744e+66 -6.27744e+66 -6.27744e+66 71.4264 96.4802 111.095 264.549 427.399 578.766 610.083 953.529 1011.99 1209.29 1449.39 1552.73 1602.84 1914.97 1973.43 2176.99 2627.96 2645.7 2871.19 
-6.27744e+66 -6.27744e+66 -6.27744e+66 -6.27744e+66 -6.27744e+66 -6.27744e+66 -6.27744e+66 -6.27744e+66 -6.27744e+66 71.4264 78.7337 181.037 303.174 424.267 450.365 744.747 795.899 971.275 1187.36 1281.32 1327.25 1615.37 1669.65 1859.64 2282.42 2299.13 2512.08 
-6.27744e+66 -6.27744e+66 -6.27744e+66 -6.27744e+66 -6.27744e+66 -6.27744e+66 -6.27744e+66 -6.27744e+66 -6.27744e+66 -6.27744e+66 71.4264 122.578 204.003 294.823 315.701 561.019 604.864 758.318 950.397 1034.95 1076.71 1340.82 1390.93 1567.35 1961.94 1977.6 2178.03 
-6.27744e+66 -6.27744e+66 -6.27744e+66 -6.27744e+66 -6.27744e+66 -6.27744e+66 -6.27744e+66 -6.27744e+66 -6.27744e+66 -6.27744e+66 -6.27744e+66 71.4264 112.139 172.685 188.344 384.599 421.136 552.668 720.737 795.899 833.479 1073.58 1119.51 1282.36 1648.77 1663.39 1851.29 
-6.27744e+66 -6.27744e+66 -6.27744e+66 -6.27744e+66 -6.27744e+66 -6.27744e+66 -6.27744e+66 -6.27744e+66 -6.27744e+66 -6.27744e+66 -6.27744e+66 -6.27744e+66 71.4264 101.7 112.139 259.33 288.559 398.17 542.229 607.995 641.4 857.489 899.246 1048.52 1386.75 1400.32 1575.7 
-6.27744e+66 -6.27744e+66 -6.27744e+66 -6.27744e+66 -6.27744e+66 -6.27744e+66 -6.27744e+66 -6.27744e+66 -6.27744e+66 -6.27744e+66 -6.27744e+66 -6.27744e+66 -6.27744e+66 71.4264 76.6459 174.773 196.695 284.384 404.433 460.804 490.034 682.113 719.693 855.401 1165.44 1177.97 1340.82 
-6.27744e+66 -6.27744e+66 -6.27744e+66 -6.27744e+66 -6.27744e+66 -6.27744e+66 -6.27744e+66 -6.27744e+66 -6.27744e+66 -6.27744e+66 -6.27744e+66 -6.27744e+66 -6.27744e+66 -6.27744e+66 71.4264 120.49 135.105 200.871 296.911 343.886 368.94 537.009 570.415 692.552 974.407 985.89 1136.21 
-6.27744e+66 -6.27744e+66 -6.27744e+66 -6.27744e+66 -6.27744e+66 -6.27744e+66 -6.27744e+66 -6.27744e+66 -6.27744e+66 -6.27744e+66 -6.27744e+66 -6.27744e+66 -6.27744e+66 -6.27744e+66 -6.27744e+66 71.4264 78.7337 122.578 194.608 232.188 253.066 397.126 426.355 534.922 788.591 799.03 936.826 
-6.27744e+66 -6.27744e+66 -6.27744e+66 -6.27744e+66 -6.27744e+66 -6.27744e+66 -6.27744e+66 -6.27744e+66 -6.27744e+66 -6.27744e+66 -6.27744e+66 -6.27744e+66 -6.27744e+66 -6.27744e+66 -6.27744e+66 -6.27744e+66 71.4264 93.3485 141.368 169.554 186.256 306.306 331.36 426.355 651.839 661.235 786.504 
-6.27744e+66 -6.27744e+66 -6.27744e+66 -6.27744e+66 -6.27744e+66 -6.27744e+66 -6.27744e+66 -6.27744e+66 -6.27744e+66 -6.27744e+66 -6.27744e+66 -6.27744e+66 -6.27744e+66 -6.27744e+66 -6.27744e+66 -6.27744e+66 -6.27744e+66 71.4264 95.4363 114.227 126.754 222.793 243.671 325.096 522.395 530.746 643.488 
-6.27744e+66 -6.27744e+66 -6.27744e+66 -6.27744e+66 -6.27744e+66 -6.27744e+66 -6.27744e+66 -6.27744e+66 -6.27744e+66 -6.27744e+66 -6.27744e+66 -6.27744e+66 -6.27744e+66 -6.27744e+66 -6.27744e+66 -6.27744e+66 -6.27744e+66 -6.27744e+66 71.4264 80.8216 89.1728 161.202 177.905 245.759 414.872 422.18 522.395 
-6.27744e+66 -6.27744e+66 -6.27744e+66 -6.27744e+66 -6.27744e+66 -6.27744e+66 -6.27744e+66 -6.27744e+66 -6.27744e+66 -6.27744e+66 -6.27744e+66 -6.27744e+66 -6.27744e+66 -6.27744e+66 -6.27744e+66 -6.27744e+66 -6.27744e+66 -6.27744e+66 -6.27744e+66 71.4264 75.602 123.622 136.149 190.432 331.36 337.623 425.311 
-6.27744e+66 -6.27744e+66 -6.27744e+66 -6.27744e+66 -6.27744e+66 -6.27744e+66 -6.27744e+66 -6.27744e+66 -6.27744e+66 -6.27744e+66 -6.27744e+66 -6.27744e+66 -6.27744e+66 -6.27744e+66 -6.27744e+66 -6.27744e+66 -6.27744e+66 -6.27744e+66 -6.27744e+66 -6.27744e+66 71.4264 95.4363 103.788 144.5 257.242 262.462 337.623 
-6.27744e+66 -6.27744e+66 -6.27744e+66 -6.27744e+66 -6.27744e+66 -6.27744e+66 -6.27744e+66 -6.27744e+66 -6.27744e+66 -6.27744e+66 -6.27744e+66 -6.27744e+66 -6.27744e+66 -6.27744e+66 -6.27744e+66 -6.27744e+66 -6.27744e+66 -6.27744e+66 -6.27744e+66 -6.27744e+66 -6.27744e+66 71.4264 75.602 102.744 187.3 191.476 254.11 
-6.27744e+66 -6.27744e+66 -6.27744e+66 -6.27744e+66 -6.27744e+66 -6.27744e+66 -6.27744e+66 -6.27744e+66 -6.27744e+66 -6.27744e+66 -6.27744e+66 -6.27744e+66 -6.27744e+66 -6.27744e+66 -6.27744e+66 -6.27744e+66 -6.27744e+66 -6.27744e+66 -6.27744e+66 -6.27744e+66 -6.27744e+66 -6.27744e+66 71.4264 84.9972 141.368 144.5 194.608 
-6.27744e+66 -6.27744e+66 -6.27744e+66 -6.27744e+66 -6.27744e+66 -6.27744e+66 -6.27744e+66 -6.27744e+66 -6.27744e+66 -6.27744e+66 -6.27744e+66 -6.27744e+66 -6.27744e+66 -6.27744e+66 -6.27744e+66 -6.27744e+66 -6.27744e+66 -6.27744e+66 -6.27744e+66 -6.27744e+66 -6.27744e+66 -6.27744e+66 -6.27744e+66 71.4264 99.6119 101.7 139.28 
-6.27744e+66 -6.27744e+66 -6.27744e+66 -6.27744e+66 -6.27744e+66 -6.27744e+66 -6.27744e+66 -6.27744e+66 -6.27744e+66 -6.27744e+66 -6.27744e+66 -6.27744e+66 -6.27744e+66 -6.27744e+66 -6.27744e+66 -6.27744e+66 -6.27744e+66 -6.27744e+66 -6.27744e+66 -6.27744e+66 -6.27744e+66 -6.27744e+66 -6.27744e+66 -6.27744e+66 71.4264 72.4703 97.5241 
-6.27744e+66 -6.27744e+66 -6.27744e+66 -6.27744e+66 -6.27744e+66 -6.27744e+66 -6.27744e+66 -6.27744e+66 -6.27744e+66 -6.27744e+66 -6.27744e+66 -6.27744e+66 -6.27744e+66 -6.27744e+66 -6.27744e+66 -6.27744e+66 -6.27744e+66 -6.27744e+66 -6.27744e+66 -6.27744e+66 -6.27744e+66 -6.27744e+66 -6.27744e+66 -6.27744e+66 -6.27744e+66 71.4264 83.9533 
-6.27744e+66 -6.27744e+66 -6.27744e+66 -6.27744e+66 -6.27744e+66 -6.27744e+66 -6.27744e+66 -6.27744e+66 -6.27744e+66 -6.27744e+66 -6.27744e+66 -6.27744e+66 -6.27744e+66 -6.27744e+66 -6.27744e+66 -6.27744e+66 -6.27744e+66 -6.27744e+66 -6.27744e+66 -6.27744e+66 -6.27744e+66 -6.27744e+66 -6.27744e+66 -6.27744e+66 -6.27744e+66 -6.27744e+66 71.4264 
-6.27744e+66 -6.27744e+66 -6.27744e+66 -6.27744e+66 -6.27744e+66 -6.27744e+66 -6.27744e+66 -6.27744e+66 -6.27744e+66 -6.27744e+66 -6.27744e+66 -6.27744e+66 -6.27744e+66 -6.27744e+66 -6.27744e+66 -6.27744e+66 -6.27744e+66 -6.27744e+66 -6.27744e+66 -6.27744e+66 -6.27744e+66 -6.27744e+66 -6.27744e+66 -6.27744e+66 -6.27744e+66 -6.27744e+66 -6.27744e+66 
-6.27744e+66 44.8671 89.0649 89.0649 198.598 206.285 311.975 565.632 767.404 767.404 801.994 974.941 1080.63 1080.63 1255.5 1309.31 1511.08 1972.27 2037.61 2106.79 2216.32 3715.2 3916.97 4762.49 4762.49 5177.57 6570.76 
-6.27744e+66 -6.27744e+66 44.8671 44.8671 117.889 123.654 208.207 419.587 592.535 592.535 623.281 778.934 875.016 875.016 1036.43 1086.4 1274.72 1707.09 1768.58 1833.91 1937.68 3361.62 3553.78 4360.87 4360.87 4758.65 6096.11 
-6.27744e+66 -6.27744e+66 -6.27744e+66 44.8671 81.3783 85.2216 148.636 317.74 461.863 461.863 488.766 627.124 713.598 713.598 861.564 907.684 1082.55 1486.1 1543.75 1605.24 1703.24 3052.23 3234.79 4003.45 4003.45 4383.93 5665.67 
-6.27744e+66 -6.27744e+66 -6.27744e+66 -6.27744e+66 44.8671 46.7888 89.0649 215.893 331.192 331.192 354.251 475.315 552.18 552.18 686.695 728.971 890.389 1265.11 1318.91 1376.56 1468.8 2742.85 2915.8 3646.02 3646.02 4009.21 5235.22 
-6.27744e+66 -6.27744e+66 -6.27744e+66 -6.27744e+66 -6.27744e+66 44.8671 66.0052 150.557 237.031 237.031 256.248 360.016 427.274 427.274 548.337 586.77 734.736 1080.63 1130.59 1184.4 1270.87 2469.98 2633.32 3325.11 3325.11 3671 4841.28 
-6.27744e+66 -6.27744e+66 -6.27744e+66 -6.27744e+66 -6.27744e+66 -6.27744e+66 44.8671 87.1432 144.792 144.792 160.166 246.639 304.289 304.289 411.9 446.49 581.005 898.076 944.195 994.158 1074.87 2199.03 2352.76 3006.12 3006.12 3334.72 4449.27 
-6.27744e+66 -6.27744e+66 -6.27744e+66 -6.27744e+66 -6.27744e+66 -6.27744e+66 -6.27744e+66 44.8671 73.6918 73.6918 85.2216 154.401 202.442 202.442 296.602 327.348 448.412 736.658 778.934 825.053 899.997 1949.21 2093.34 2708.26 2708.26 3019.57 4078.39 
-6.27744e+66 -6.27744e+66 -6.27744e+66 -6.27744e+66 -6.27744e+66 -6.27744e+66 -6.27744e+66 -6.27744e+66 44.8671 44.8671 52.5537 104.438 142.871 142.871 223.58 250.483 358.095 617.516 655.949 698.225 767.404 1741.68 1876.19 2452.68 2452.68 2746.69 3749.79 
-6.27744e+66 -6.27744e+66 -6.27744e+66 -6.27744e+66 -6.27744e+66 -6.27744e+66 -6.27744e+66 -6.27744e+66 -6.27744e+66 44.8671 48.7104 83.3 112.125 112.125 179.382 202.442 296.602 527.199 561.788 600.221 663.635 1562.96 1687.87 2225.93 2225.93 2502.65 3450.01 
-6.27744e+66 -6.27744e+66 -6.27744e+66 -6.27744e+66 -6.27744e+66 -6.27744e+66 -6.27744e+66 -6.27744e+66 -6.27744e+66 -6.27744e+66 44.8671 62.1619 81.3783 81.3783 135.184 154.401 235.11 436.882 467.628 502.218 559.867 1384.25 1499.55 1999.18 1999.18 2258.6 3150.24 
-6.27744e+66 -6.27744e+66 -6.27744e+66 -6.27744e+66 -6.27744e+66 -6.27744e+66 -6.27744e+66 -6.27744e+66 -6.27744e+66 -6.27744e+66 -6.27744e+66 44.8671 54.4754 54.4754 94.8298 110.203 177.46 350.408 377.311 408.057 459.941 1209.38 1315.07 1776.27 1776.27 2018.39 2854.31 
-6.27744e+66 -6.27744e+66 -6.27744e+66 -6.27744e+66 -6.27744e+66 -6.27744e+66 -6.27744e+66 -6.27744e+66 -6.27744e+66 -6.27744e+66 -6.27744e+66 -6.27744e+66 44.8671 44.8671 71.7701 83.3 137.106 281.229 304.289 331.192 377.311 1051.81 1147.89 1570.65 1570.65 1795.48 2575.67 
-6.27744e+66 -6.27744e+66 -6.27744e+66 -6.27744e+66 -6.27744e+66 -6.27744e+66 -6.27744e+66 -6.27744e+66 -6.27744e+66 -6.27744e+66 -6.27744e+66 -6.27744e+66 -6.27744e+66 44.8671 58.3186 66.0052 106.36 221.658 240.874 263.934 304.289 903.84 990.314 1374.64 1374.64 1582.18 2306.64 
-6.27744e+66 -6.27744e+66 -6.27744e+66 -6.27744e+66 -6.27744e+66 -6.27744e+66 -6.27744e+66 -6.27744e+66 -6.27744e+66 -6.27744e+66 -6.27744e+66 -6.27744e+66 -6.27744e+66 -6.27744e+66 44.8671 48.7104 75.6134 162.087 177.46 196.677 231.266 755.874 832.74 1178.64 1178.64 1368.88 2037.61 
-6.27744e+66 -6.27744e+66 -6.27744e+66 -6.27744e+66 -6.27744e+66 -6.27744e+66 -6.27744e+66 -6.27744e+66 -6.27744e+66 -6.27744e+66 -6.27744e+66 -6.27744e+66 -6.27744e+66 -6.27744e+66 -6.27744e+66 44.8671 58.3186 115.968 127.498 142.871 171.695 621.359 688.617 996.079 996.079 1169.03 1782.03 
-6.27744e+66 -6.27744e+66 -6.27744e+66 -6.27744e+66 -6.27744e+66 -6.27744e+66 -6.27744e+66 -6.27744e+66 -6.27744e+66 -6.27744e+66 -6.27744e+66 -6.27744e+66 -6.27744e+66 -6.27744e+66 -6.27744e+66 -6.27744e+66 44.8671 73.6918 81.3783 92.9082 115.968 490.688 548.337 817.367 817.367 973.02 1530.3 
-6.27744e+66 -6.27744e+66 -6.27744e+66 -6.27744e+66 -6.27744e+66 -6.27744e+66 -6.27744e+66 -6.27744e+66 -6.27744e+66 -6.27744e+66 -6.27744e+66 -6.27744e+66 -6.27744e+66 -6.27744e+66 -6.27744e+66 -6.27744e+66 -6.27744e+66 44.8671 48.7104 56.397 73.6918 373.468 421.509 652.106 652.106 790.464 1292.01 
-6.27744e+66 -6.27744e+66 -6.27744e+66 -6.27744e+66 -6.27744e+66 -6.27744e+66 -6.27744e+66 -6.27744e+66 -6.27744e+66 -6.27744e+66 -6.27744e+66 -6.27744e+66 -6.27744e+66 -6.27744e+66 -6.27744e+66 -6.27744e+66 -6.27744e+66 -6.27744e+66 44.8671 48.7104 60.2403 285.072 323.505 515.669 515.669 636.732 1082.55 
-6.27744e+66 -6.27744e+66 -6.27744e+66 -6.27744e+66 -6.27744e+66 -6.27744e+66 -6.27744e+66 -6.27744e+66 -6.27744e+66 -6.27744e+66 -6.27744e+66 -6.27744e+66 -6.27744e+66 -6.27744e+66 -6.27744e+66 -6.27744e+66 -6.27744e+66 -6.27744e+66 -6.27744e+66 44.8671 50.6321 200.52 229.345 383.076 383.076 486.844 876.937 
-6.27744e+66 -6.27744e+66 -6.27744e+66 -6.27744e+66 -6.27744e+66 -6.27744e+66 -6.27744e+66 -6.27744e+66 -6.27744e+66 -6.27744e+66 -6.27744e+66 -6.27744e+66 -6.27744e+66 -6.27744e+66 -6.27744e+66 -6.27744e+66 -6.27744e+66 -6.27744e+66 -6.27744e+66 -6.27744e+66 44.8671 119.811 139.028 254.326 254.326 340.8 675.165 
-6.27744e+66 -6.27744e+66 -6.27744e+66 -6.27744e+66 -6.27744e+66 -6.27744e+66 -6.27744e+66 -6.27744e+66 -6.27744e+66 -6.27744e+66 -6.27744e+66 -6.27744e+66 -6.27744e+66 -6.27744e+66 -6.27744e+66 -6.27744e+66 -6.27744e+66 -6.27744e+66 -6.27744e+66 -6.27744e+66 -6.27744e+66 44.8671 54.4754 131.341 131.341 200.52 479.158 
-6.27744e+66 -6.27744e+66 -6.27744e+66 -6.27744e+66 -6.27744e+66 -6.27744e+66 -6.27744e+66 -6.27744e+66 -6.27744e+66 -6.27744e+66 -6.27744e+66 -6.27744e+66 -6.27744e+66 -6.27744e+66 -6.27744e+66 -6.27744e+66 -6.27744e+66 -6.27744e+66 -6.27744e+66 -6.27744e+66 -6.27744e+66 -6.27744e+66 44.8671 83.3 83.3 135.184 358.095 
-6.27744e+66 -6.27744e+66 -6.27744e+66 -6.27744e+66 -6.27744e+66 -6.27744e+66 -6.27744e+66 -6.27744e+66 -6.27744e+66 -6.27744e+66 -6.27744e+66 -6.27744e+66 -6.27744e+66 -6.27744e+66 -6.27744e+66 -6.27744e+66 -6.27744e+66 -6.27744e+66 -6.27744e+66 -6.27744e+66 -6.27744e+66 -6.27744e+66 -6.27744e+66 44.8671 44.8671 79.4567 246.639 
-6.27744e+66 -6.27744e+66 -6.27744e+66 -6.27744e+66 -6.27744e+66 -6.27744e+66 -6.27744e+66 -6.27744e+66 -6.27744e+66 -6.27744e+66 -6.27744e+66 -6.27744e+66 -6.27744e+66 -6.27744e+66 -6.27744e+66 -6.27744e+66 -6.27744e+66 -6.27744e+66 -6.27744e+66 -6.27744e+66 -6.27744e+66 -6.27744e+66 -6.27744e+66 -6.27744e+66 44.8671 62.1619 173.617 
-6.27744e+66 -6.27744e+66 -6.27744e+66 -6.27744e+66 -6.27744e+66 -6.27744e+66 -6.27744e+66 -6.27744e+66 -6.27744e+66 -6.27744e+66 -6.27744e+66 -6.27744e+66 -6.27744e+66 -6.27744e+66 -6.27744e+66 -6.27744e+66 -6.27744e+66 -6.27744e+66 -6.27744e+66 -6.27744e+66 -6.27744e+66 -6.27744e+66 -6.27744e+66 -6.27744e+66 -6.27744e+66 44.8671 100.595 
-6.27744e+66 -6.27744e+66 -6.27744e+66 -6.27744e+66 -6.27744e+66 -6.27744e+66 -6.27744e+66 -6.27744e+66 -6.27744e+66 -6.27744e+66 -6.27744e+66 -6.27744e+66 -6.27744e+66 -6.27744e+66 -6.27744e+66 -6.27744e+66 -6.27744e+66 -6.27744e+66 -6.27744e+66 -6.27744e+66 -6.27744e+66 -6.27744e+66 -6.27744e+66 -6.27744e+66 -6.27744e+66 -6.27744e+66 44.8671 
-6.27744e+66 -6.27744e+66 -6.27744e+66 -6.27744e+66 -6.27744e+66 -6.27744e+66 -6.27744e+66 -6.27744e+66 -6.27744e+66 -6.27744e+66 -6.27744e+66 -6.27744e+66 -6.27744e+66 -6.27744e+66 -6.27744e+66 -6.27744e+66 -6.27744e+66 -6.27744e+66 -6.27744e+66 -6.27744e+66 -6.27744e+66 -6.27744e+66 -6.27744e+66 -6.27744e+66 -6.27744e+66 -6.27744e+66 -6.27744e+66 
-6.27744e+66 64.9369 68.6424 95.8153 258.853 426.832 531.818 546.64 633.099 731.91 1143.21 1204.97 1558.22 1602.68 2132.55 2305.47 2546.32 3415.86 4171.76 4949.9 5348.85 5398.25 5865.13 6082.52 6508.64 6775.43 7701.78 
-6.27744e+66 -6.27744e+66 64.9369 78.5234 187.215 313.199 397.188 409.54 483.648 570.107 935.707 991.288 1312.42 1353.18 1842.3 2002.86 2227.66 3042.85 3754.29 4489.19 4867.14 4914.08 5358.73 5566.23 5973.82 6229.5 7118.79 
-6.27744e+66 -6.27744e+66 -6.27744e+66 64.9369 119.283 203.272 266.264 276.145 337.902 412.01 731.91 781.315 1070.34 1107.39 1555.75 1703.96 1912.7 2673.54 3340.52 4032.19 4389.15 4433.61 4856.03 5053.65 5442.72 5687.27 6539.52 
-6.27744e+66 -6.27744e+66 -6.27744e+66 -6.27744e+66 64.9369 106.932 148.926 156.337 205.742 267.499 541.699 584.929 841.837 875.186 1282.78 1418.65 1611.33 2317.82 2940.33 3588.78 3924.73 3966.73 4366.91 4554.65 4925.19 5158.63 5973.82 
-6.27744e+66 -6.27744e+66 -6.27744e+66 -6.27744e+66 -6.27744e+66 64.9369 85.9342 90.8748 127.929 177.334 405.834 442.888 667.683 697.326 1064.16 1187.67 1364.3 2016.45 2594.49 3199.71 3514.67 3554.19 3932.15 4110 4462.02 4684.34 5462.48 
-6.27744e+66 -6.27744e+66 -6.27744e+66 -6.27744e+66 -6.27744e+66 -6.27744e+66 64.9369 67.4072 92.1099 129.164 311.964 342.842 535.523 561.461 887.537 998.699 1159.27 1757.07 2290.65 2852.64 3146.6 3183.65 3539.37 3707.35 4040.84 4252.05 4993.13 
-6.27744e+66 -6.27744e+66 -6.27744e+66 -6.27744e+66 -6.27744e+66 -6.27744e+66 -6.27744e+66 64.9369 77.2883 101.991 239.091 263.794 424.361 446.594 731.91 830.721 975.232 1518.69 2007.8 2526.56 2799.53 2834.11 3167.6 3325.69 3640.65 3840.75 4544.77 
-6.27744e+66 -6.27744e+66 -6.27744e+66 -6.27744e+66 -6.27744e+66 -6.27744e+66 -6.27744e+66 -6.27744e+66 64.9369 77.2883 168.688 187.215 315.669 334.196 578.753 665.213 793.667 1282.78 1727.43 2202.96 2454.92 2487.04 2798.29 2946.51 3242.94 3431.92 4098.89 
-6.27744e+66 -6.27744e+66 -6.27744e+66 -6.27744e+66 -6.27744e+66 -6.27744e+66 -6.27744e+66 -6.27744e+66 -6.27744e+66 64.9369 110.637 122.988 219.329 234.15 437.948 512.056 624.453 1059.22 1459.4 1891.7 2122.67 2152.32 2441.34 2579.67 2857.58 3035.44 3665.36 
-6.27744e+66 -6.27744e+66 -6.27744e+66 -6.27744e+66 -6.27744e+66 -6.27744e+66 -6.27744e+66 -6.27744e+66 -6.27744e+66 -6.27744e+66 64.9369 71.1126 135.34 146.456 309.494 371.25 467.591 848.013 1203.73 1592.8 1802.77 1829.95 2096.73 2225.19 2484.57 2651.31 3244.17 
-6.27744e+66 -6.27744e+66 -6.27744e+66 -6.27744e+66 -6.27744e+66 -6.27744e+66 -6.27744e+66 -6.27744e+66 -6.27744e+66 -6.27744e+66 -6.27744e+66 64.9369 97.0505 104.461 226.74 276.145 356.429 682.505 993.759 1339.6 1528.57 1553.27 1797.83 1916.4 2157.26 2312.88 2868.69 
-6.27744e+66 -6.27744e+66 -6.27744e+66 -6.27744e+66 -6.27744e+66 -6.27744e+66 -6.27744e+66 -6.27744e+66 -6.27744e+66 -6.27744e+66 -6.27744e+66 -6.27744e+66 64.9369 68.6424 150.161 187.215 251.442 523.172 789.961 1092.57 1260.55 1282.78 1505.1 1613.8 1836.12 1980.63 2499.39 
-6.27744e+66 -6.27744e+66 -6.27744e+66 -6.27744e+66 -6.27744e+66 -6.27744e+66 -6.27744e+66 -6.27744e+66 -6.27744e+66 -6.27744e+66 -6.27744e+66 -6.27744e+66 -6.27744e+66 64.9369 105.696 130.399 178.569 395.953 618.278 877.656 1024.64 1044.4 1244.49 1343.3 1547.1 1680.49 2162.2 
-6.27744e+66 -6.27744e+66 -6.27744e+66 -6.27744e+66 -6.27744e+66 -6.27744e+66 -6.27744e+66 -6.27744e+66 -6.27744e+66 -6.27744e+66 -6.27744e+66 -6.27744e+66 -6.27744e+66 -6.27744e+66 64.9369 77.2883 109.402 272.44 450.299 666.448 792.432 809.723 987.583 1076.51 1261.78 1384.06 1828.71 
-6.27744e+66 -6.27744e+66 -6.27744e+66 -6.27744e+66 -6.27744e+66 -6.27744e+66 -6.27744e+66 -6.27744e+66 -6.27744e+66 -6.27744e+66 -6.27744e+66 -6.27744e+66 -6.27744e+66 -6.27744e+66 -6.27744e+66 64.9369 80.9937 189.686 323.08 495.999 600.986 615.807 771.434 850.483 1017.23 1128.39 1535.98 
-6.27744e+66 -6.27744e+66 -6.27744e+66 -6.27744e+66 -6.27744e+66 -6.27744e+66 -6.27744e+66 -6.27744e+66 -6.27744e+66 -6.27744e+66 -6.27744e+66 -6.27744e+66 -6.27744e+66 -6.27744e+66 -6.27744e+66 -6.27744e+66 64.9369 119.283 208.213 337.902 421.891 434.242 567.637 636.805 785.021 885.067 1255.61 
-6.27744e+66 -6.27744e+66 -6.27744e+66 -6.27744e+66 -6.27744e+66 -6.27744e+66 -6.27744e+66 -6.27744e+66 -6.27744e+66 -6.27744e+66 -6.27744e+66 -6.27744e+66 -6.27744e+66 -6.27744e+66 -6.27744e+66 -6.27744e+66 -6.27744e+66 64.9369 109.402 195.861 258.853 268.734 379.896 439.183 568.872 657.802 991.288 
-6.27744e+66 -6.27744e+66 -6.27744e+66 -6.27744e+66 -6.27744e+66 -6.27744e+66 -6.27744e+66 -6.27744e+66 -6.27744e+66 -6.27744e+66 -6.27744e+66 -6.27744e+66 -6.27744e+66 -6.27744e+66 -6.27744e+66 -6.27744e+66 -6.27744e+66 -6.27744e+66 64.9369 108.167 150.161 157.572 246.502 295.907 407.069 484.883 781.315 
-6.27744e+66 -6.27744e+66 -6.27744e+66 -6.27744e+66 -6.27744e+66 -6.27744e+66 -6.27744e+66 -6.27744e+66 -6.27744e+66 -6.27744e+66 -6.27744e+66 -6.27744e+66 -6.27744e+66 -6.27744e+66 -6.27744e+66 -6.27744e+66 -6.27744e+66 -6.27744e+66 -6.27744e+66 64.9369 85.9342 90.8748 157.572 197.096 289.732 356.429 615.807 
-6.27744e+66 -6.27744e+66 -6.27744e+66 -6.27744e+66 -6.27744e+66 -6.27744e+66 -6.27744e+66 -6.27744e+66 -6.27744e+66 -6.27744e+66 -6.27744e+66 -6.27744e+66 -6.27744e+66 -6.27744e+66 -6.27744e+66 -6.27744e+66 -6.27744e+66 -6.27744e+66 -6.27744e+66 -6.27744e+66 64.9369 67.4072 111.872 141.515 215.623 271.205 493.529 
-6.27744e+66 -6.27744e+66 -6.27744e+66 -6.27744e+66 -6.27744e+66 -6.27744e+66 -6.27744e+66 -6.27744e+66 -6.27744e+66 -6.27744e+66 -6.27744e+66 -6.27744e+66 -6.27744e+66 -6.27744e+66 -6.27744e+66 -6.27744e+66 -6.27744e+66 -6.27744e+66 -6.27744e+66 -6.27744e+66 -6.27744e+66 64.9369 87.1694 106.932 162.513 206.977 392.248 
-6.27744e+66 -6.27744e+66 -6.27744e+66 -6.27744e+66 -6.27744e+66 -6.27744e+66 -6.27744e+66 -6.27744e+66 -6.27744e+66 -6.27744e+66 -6.27744e+66 -6.27744e+66 -6.27744e+66 -6.27744e+66 -6.27744e+66 -6.27744e+66 -6.27744e+66 -6.27744e+66 -6.27744e+66 -6.27744e+66 -6.27744e+66 -6.27744e+66 64.9369 74.818 111.872 145.221 293.437 
-6.27744e+66 -6.27744e+66 -6.27744e+66 -6.27744e+66 -6.27744e+66 -6.27744e+66 -6.27744e+66 -6.27744e+66 -6.27744e+66 -6.27744e+66 -6.27744e+66 -6.27744e+66 -6.27744e+66 -6.27744e+66 -6.27744e+66 -6.27744e+66 -6.27744e+66 -6.27744e+66 -6.27744e+66 -6.27744e+66 -6.27744e+66 -6.27744e+66 -6.27744e+66 64.9369 83.464 105.696 216.859 
-6.27744e+66 -6.27744e+66 -6.27744e+66 -6.27744e+66 -6.27744e+66 -6.27744e+66 -6.27744e+66 -6.27744e+66 -6.27744e+66 -6.27744e+66 -6.27744e+66 -6.27744e+66 -6.27744e+66 -6.27744e+66 -6.27744e+66 -6.27744e+66 -6.27744e+66 -6.27744e+66 -6.27744e+66 -6.27744e+66 -6.27744e+66 -6.27744e+66 -6.27744e+66 -6.27744e+66 64.9369 76.0532 150.161 
-6.27744e+66 -6.27744e+66 -6.27744e+66 -6.27744e+66 -6.27744e+66 -6.27744e+66 -6.27744e+66 -6.27744e+66 -6.27744e+66 -6.27744e+66 -6.27744e+66 -6.27744e+66 -6.27744e+66 -6.27744e+66 -6.27744e+66 -6.27744e+66 -6.27744e+66 -6.27744e+66 -6.27744e+66 -6.27744e+66 -6.27744e+66 -6.27744e+66 -6.27744e+66 -6.27744e+66 -6.27744e+66 64.9369 101.991 
-6.27744e+66 -6.27744e+66 -6.27744e+66 -6.27744e+66 -6.27744e+66 -6.27744e+66 -6.27744e+66 -6.27744e+66 -6.27744e+66 -6.27744e+66 -6.27744e+66 -6.27744e+66 -6.27744e+66 -6.27744e+66 -6.27744e+66 -6.27744e+66 -6.27744e+66 -6.27744e+66 -6.27744e+66 -6.27744e+66 -6.27744e+66 -6.27744e+66 -6.27744e+66 -6.27744e+66 -6.27744e+66 -6.27744e+66 64.9369 
-6.27744e+66 -6.27744e+66 -6.27744e+66 -6.27744e+66 -6.27744e+66 -6.27744e+66 -6.27744e+66 -6.27744e+66 -6.27744e+66 -6.27744e+66 -6.27744e+66 -6.27744e+66 -6.27744e+66 -6.27744e+66 -6.27744e+66 -6.27744e+66 -6.27744e+66 -6.27744e+66 -6.27744e+66 -6.27744e+66 -6.27744e+66 -6.27744e+66 -6.27744e+66 -6.27744e+66 -6.27744e+66 -6.27744e+66 -6.27744e+66 
-6.27744e+66 48.457 75.1948 99.5019 157.839 293.959 391.187 493.277 510.292 1035.33 1079.08 1370.76 1611.4 1728.08 1980.87 2287.14 3344.5 3694.52 4479.64 4742.16 4788.34 6003.7 6309.97 6470.4 6805.83 7447.54 7751.38 
-6.27744e+66 -6.27744e+66 48.457 60.6106 99.5019 201.592 279.375 364.449 379.034 838.438 877.329 1139.85 1358.61 1465.56 1698.91 1983.3 2970.17 3298.32 4037.25 4285.19 4328.94 5483.53 5775.21 5928.35 6249.2 6864.17 7155.86 
-6.27744e+66 -6.27744e+66 -6.27744e+66 48.457 67.9027 135.963 194.3 262.36 274.513 668.288 702.318 935.667 1132.55 1229.78 1443.69 1706.2 2622.58 2928.85 3621.6 3854.95 3896.27 4990.09 5267.19 5413.04 5719.31 6307.54 6587.07 
-6.27744e+66 -6.27744e+66 -6.27744e+66 -6.27744e+66 48.457 82.487 121.378 172.423 182.146 510.292 539.461 743.64 918.652 1006.16 1200.61 1441.25 2287.14 2571.53 3218.1 3436.87 3475.76 4508.81 4771.33 4909.88 5201.56 5763.06 6030.44 
-6.27744e+66 -6.27744e+66 -6.27744e+66 -6.27744e+66 -6.27744e+66 48.457 67.9027 101.933 109.225 371.742 396.049 571.06 724.195 801.977 976.989 1195.75 1971.15 2233.67 2834.05 3038.23 3074.69 4046.98 4294.91 4426.17 4703.27 5238.02 5493.25 
-6.27744e+66 -6.27744e+66 -6.27744e+66 -6.27744e+66 -6.27744e+66 -6.27744e+66 48.457 65.472 70.3334 267.221 286.667 432.509 563.768 631.828 787.393 984.281 1689.19 1929.83 2484.03 2673.62 2707.65 3619.17 3852.52 3976.49 4239 4747.02 4990.09 
-6.27744e+66 -6.27744e+66 -6.27744e+66 -6.27744e+66 -6.27744e+66 -6.27744e+66 -6.27744e+66 48.457 50.8877 182.146 196.73 313.405 422.787 481.124 617.243 792.255 1426.67 1645.43 2153.45 2328.46 2360.06 3210.81 3429.58 3546.25 3794.18 4275.46 4506.38 
-6.27744e+66 -6.27744e+66 -6.27744e+66 -6.27744e+66 -6.27744e+66 -6.27744e+66 -6.27744e+66 -6.27744e+66 48.457 114.086 123.809 211.315 298.82 347.434 464.109 617.243 1181.17 1378.06 1839.89 2000.32 2029.49 2819.47 3023.65 3133.03 3366.38 3820.92 4039.68 
-6.27744e+66 -6.27744e+66 -6.27744e+66 -6.27744e+66 -6.27744e+66 -6.27744e+66 -6.27744e+66 -6.27744e+66 -6.27744e+66 48.457 53.3184 111.656 177.285 216.176 313.405 444.663 938.097 1113.11 1528.76 1674.6 1701.34 2430.55 2620.15 2722.24 2941 3368.81 3575.42 
-6.27744e+66 -6.27744e+66 -6.27744e+66 -6.27744e+66 -6.27744e+66 -6.27744e+66 -6.27744e+66 -6.27744e+66 -6.27744e+66 -6.27744e+66 48.457 77.6256 121.378 150.547 228.33 337.712 760.655 913.79 1283.26 1414.52 1438.82 2107.27 2282.28 2377.08 2581.26 2982.33 3176.78 
-6.27744e+66 -6.27744e+66 -6.27744e+66 -6.27744e+66 -6.27744e+66 -6.27744e+66 -6.27744e+66 -6.27744e+66 -6.27744e+66 -6.27744e+66 -6.27744e+66 48.457 70.3334 89.7791 148.116 235.622 588.075 719.333 1042.62 1159.29 1181.17 1788.85 1949.27 2036.78 2226.37 2600.7 2783.01 
-6.27744e+66 -6.27744e+66 -6.27744e+66 -6.27744e+66 -6.27744e+66 -6.27744e+66 -6.27744e+66 -6.27744e+66 -6.27744e+66 -6.27744e+66 -6.27744e+66 -6.27744e+66 48.457 58.1799 97.0712 162.7 444.663 554.045 831.146 933.236 952.681 1499.59 1645.43 1725.65 1900.66 2248.25 2418.4 
-6.27744e+66 -6.27744e+66 -6.27744e+66 -6.27744e+66 -6.27744e+66 -6.27744e+66 -6.27744e+66 -6.27744e+66 -6.27744e+66 -6.27744e+66 -6.27744e+66 -6.27744e+66 -6.27744e+66 48.457 67.9027 111.656 323.127 410.633 641.55 729.056 746.071 1232.21 1363.47 1436.39 1596.82 1917.67 2075.67 
-6.27744e+66 -6.27744e+66 -6.27744e+66 -6.27744e+66 -6.27744e+66 -6.27744e+66 -6.27744e+66 -6.27744e+66 -6.27744e+66 -6.27744e+66 -6.27744e+66 -6.27744e+66 -6.27744e+66 -6.27744e+66 48.457 70.3334 211.315 276.944 461.678 534.599 549.183 974.558 1091.23 1156.86 1302.7 1596.82 1742.66 
-6.27744e+66 -6.27744e+66 -6.27744e+66 -6.27744e+66 -6.27744e+66 -6.27744e+66 -6.27744e+66 -6.27744e+66 -6.27744e+66 -6.27744e+66 -6.27744e+66 -6.27744e+66 -6.27744e+66 -6.27744e+66 -6.27744e+66 48.457 118.948 162.7 301.251 359.588 371.742 736.348 838.438 896.775 1028.03 1295.41 1429.1 
-6.27744e+66 -6.27744e+66 -6.27744e+66 -6.27744e+66 -6.27744e+66 -6.27744e+66 -6.27744e+66 -6.27744e+66 -6.27744e+66 -6.27744e+66 -6.27744e+66 -6.27744e+66 -6.27744e+66 -6.27744e+66 -6.27744e+66 -6.27744e+66 48.457 70.3334 162.7 206.453 216.176 520.015 607.521 658.565 775.24 1015.88 1137.42 
-6.27744e+66 -6.27744e+66 -6.27744e+66 -6.27744e+66 -6.27744e+66 -6.27744e+66 -6.27744e+66 -6.27744e+66 -6.27744e+66 -6.27744e+66 -6.27744e+66 -6.27744e+66 -6.27744e+66 -6.27744e+66 -6.27744e+66 -6.27744e+66 -6.27744e+66 48.457 94.6405 123.809 131.101 374.172 447.094 490.846 592.936 806.839 916.221 
-6.27744e+66 -6.27744e+66 -6.27744e+66 -6.27744e+66 -6.27744e+66 -6.27744e+66 -6.27744e+66 -6.27744e+66 -6.27744e+66 -6.27744e+66 -6.27744e+66 -6.27744e+66 -6.27744e+66 -6.27744e+66 -6.27744e+66 -6.27744e+66 -6.27744e+66 -6.27744e+66 48.457 63.0413 67.9027 250.206 308.543 345.004 432.509 619.674 716.903 
-6.27744e+66 -6.27744e+66 -6.27744e+66 -6.27744e+66 -6.27744e+66 -6.27744e+66 -6.27744e+66 -6.27744e+66 -6.27744e+66 -6.27744e+66 -6.27744e+66 -6.27744e+66 -6.27744e+66 -6.27744e+66 -6.27744e+66 -6.27744e+66 -6.27744e+66 -6.27744e+66 -6.27744e+66 48.457 50.8877 172.423 216.176 245.345 318.266 478.693 563.768 
-6.27744e+66 -6.27744e+66 -6.27744e+66 -6.27744e+66 -6.27744e+66 -6.27744e+66 -6.27744e+66 -6.27744e+66 -6.27744e+66 -6.27744e+66 -6.27744e+66 -6.27744e+66 -6.27744e+66 -6.27744e+66 -6.27744e+66 -6.27744e+66 -6.27744e+66 -6.27744e+66 -6.27744e+66 -6.27744e+66 48.457 109.225 138.393 160.27 218.607 352.296 425.217 
-6.27744e+66 -6.27744e+66 -6.27744e+66 -6.27744e+66 -6.27744e+66 -6.27744e+66 -6.27744e+66 -6.27744e+66 -6.27744e+66 -6.27744e+66 -6.27744e+66 -6.27744e+66 -6.27744e+66 -6.27744e+66 -6.27744e+66 -6.27744e+66 -6.27744e+66 -6.27744e+66 -6.27744e+66 -6.27744e+66 -6.27744e+66 48.457 63.0413 77.6256 121.378 228.33 289.097 
-6.27744e+66 -6.27744e+66 -6.27744e+66 -6.27744e+66 -6.27744e+66 -6.27744e+66 -6.27744e+66 -6.27744e+66 -6.27744e+66 -6.27744e+66 -6.27744e+66 -6.27744e+66 -6.27744e+66 -6.27744e+66 -6.27744e+66 -6.27744e+66 -6.27744e+66 -6.27744e+66 -6.27744e+66 -6.27744e+66 -6.27744e+66 -6.27744e+66 48.457 55.7492 84.9177 165.131 213.745 
-6.27744e+66 -6.27744e+66 -6.27744e+66 -6.27744e+66 -6.27744e+66 -6.27744e+66 -6.27744e+66 -6.27744e+66 -6.27744e+66 -6.27744e+66 -6.27744e+66 -6.27744e+66 -6.27744e+66 -6.27744e+66 -6.27744e+66 -6.27744e+66 -6.27744e+66 -6.27744e+66 -6.27744e+66 -6.27744e+66 -6.27744e+66 -6.27744e+66 -6.27744e+66 48.457 63.0413 116.517 152.978 
-6.27744e+66 -6.27744e+66 -6.27744e+66 -6.27744e+66 -6.27744e+66 -6.27744e+66 -6.27744e+66 -6.27744e+66 -6.27744e+66 -6.27744e+66 -6.27744e+66 -6.27744e+66 -6.27744e+66 -6.27744e+66 -6.27744e+66 -6.27744e+66 -6.27744e+66 -6.27744e+66 -6.27744e+66 -6.27744e+66 -6.27744e+66 -6.27744e+66 -6.27744e+66 -6.27744e+66 48.457 75.1948 99.5019 
-6.27744e+66 -6.27744e+66 -6.27744e+66 -6.27744e+66 -6.27744e+66 -6.27744e+66 -6.27744e+66 -6.27744e+66 -6.27744e+66 -6.27744e+66 -6.27744e+66 -6.27744e+66 -6.27744e+66 -6.27744e+66 -6.27744e+66 -6.27744e+66 -6.27744e+66 -6.27744e+66 -6.27744e+66 -6.27744e+66 -6.27744e+66 -6.27744e+66 -6.27744e+66 -6.27744e+66 -6.27744e+66 48.457 60.6106 
-6.27744e+66 -6.27744e+66 -6.27744e+66 -6.27744e+66 -6.27744e+66 -6.27744e+66 -6.27744e+66 -6.27744e+66 -6.27744e+66 -6.27744e+66 -6.27744e+66 -6.27744e+66 -6.27744e+66 -6.27744e+66 -6.27744e+66 -6.27744e+66 -6.27744e+66 -6.27744e+66 -6.27744e+66 -6.27744e+66 -6.27744e+66 -6.27744e+66 -6.27744e+66 -6.27744e+66 -6.27744e+66 -6.27744e+66 48.457 
-6.27744e+66 -6.27744e+66 -6.27744e+66 -6.27744e+66 -6.27744e+66 -6.27744e+66 -6.27744e+66 -6.27744e+66 -6.27744e+66 -6.27744e+66 -6.27744e+66 -6.27744e+66 -6.27744e+66 -6.27744e+66 -6.27744e+66 -6.27744e+66 -6.27744e+66 -6.27744e+66 -6.27744e+66 -6.27744e+66 -6.27744e+66 -6.27744e+66 -6.27744e+66 -6.27744e+66 -6.27744e+66 -6.27744e+66 -6.27744e+66 
-6.27744e+66 94.94 152.088 186.874 436.586 595.606 775.747 775.747 958.372 1236.66 1594.45 1917.46 2450.43 3166.02 3182.17 3269.14 3716.38 4372.34 4372.34 4998.49 5871.86 7114.21 7818.62 8583.9 9269.68 9627.48 11491 
-6.27744e+66 -6.27744e+66 94.94 112.333 278.808 398.073 542.185 542.185 698.721 942.221 1260.26 1550.97 2035.49 2691.45 2706.36 2787.11 3204.54 3819.5 3819.5 4410.86 5238.26 6418.49 7089.36 7819.86 8475.82 8818.71 10607.7 
-6.27744e+66 -6.27744e+66 -6.27744e+66 94.94 178.177 257.688 365.772 365.772 496.218 704.933 983.219 1241.63 1677.69 2274.02 2287.68 2362.23 2749.84 3323.8 3323.8 3880.37 4661.81 5779.92 6417.25 7112.96 7739.11 8067.09 9781.53 
-6.27744e+66 -6.27744e+66 -6.27744e+66 -6.27744e+66 94.94 134.695 206.751 206.751 311.109 485.037 723.568 949.675 1337.29 1873.98 1886.41 1954.73 2312.53 2845.5 2845.5 3367.28 4102.75 5158.75 5762.53 6423.46 7019.79 7332.86 8972.76 
-6.27744e+66 -6.27744e+66 -6.27744e+66 -6.27744e+66 -6.27744e+66 94.94 130.968 130.968 209.236 348.379 547.155 740.961 1080.12 1557.18 1568.36 1630.48 1958.46 2450.43 2450.43 2937.43 3626.94 4620.81 5191.05 5817.19 6383.71 6681.87 8247.23 
-6.27744e+66 -6.27744e+66 -6.27744e+66 -6.27744e+66 -6.27744e+66 -6.27744e+66 94.94 94.94 147.119 251.476 410.496 572.002 862.711 1280.14 1290.08 1345.98 1644.15 2095.12 2095.12 2547.33 3190.87 4122.63 4659.33 5250.68 5787.38 6070.63 7561.45 
-6.27744e+66 -6.27744e+66 -6.27744e+66 -6.27744e+66 -6.27744e+66 -6.27744e+66 -6.27744e+66 94.94 121.029 190.601 309.866 439.07 681.328 1039.12 1047.82 1097.51 1365.86 1775.84 1775.84 2193.27 2790.84 3660.48 4163.63 4720.2 5227.08 5495.43 6911.7 
-6.27744e+66 -6.27744e+66 -6.27744e+66 -6.27744e+66 -6.27744e+66 -6.27744e+66 -6.27744e+66 -6.27744e+66 94.94 129.726 209.236 306.139 499.945 798.109 805.563 849.045 1087.58 1456.55 1456.55 1839.2 2390.8 3198.33 3667.93 4189.72 4666.78 4920.22 6261.96 
-6.27744e+66 -6.27744e+66 -6.27744e+66 -6.27744e+66 -6.27744e+66 -6.27744e+66 -6.27744e+66 -6.27744e+66 -6.27744e+66 94.94 134.695 199.297 344.652 583.183 589.394 626.665 835.379 1163.36 1163.36 1511.22 2016.85 2762.26 3198.33 3685.33 4132.57 4371.1 5638.3 
-6.27744e+66 -6.27744e+66 -6.27744e+66 -6.27744e+66 -6.27744e+66 -6.27744e+66 -6.27744e+66 -6.27744e+66 -6.27744e+66 -6.27744e+66 94.94 127.241 224.144 403.042 408.012 439.07 617.968 904.951 904.951 1218.02 1677.69 2360.98 2763.5 3215.72 3633.15 3856.77 5049.42 
-6.27744e+66 -6.27744e+66 -6.27744e+66 -6.27744e+66 -6.27744e+66 -6.27744e+66 -6.27744e+66 -6.27744e+66 -6.27744e+66 -6.27744e+66 -6.27744e+66 94.94 143.392 262.657 266.384 291.231 440.313 686.298 686.298 964.584 1378.29 1999.46 2368.44 2785.87 3173.48 3382.19 4500.31 
-6.27744e+66 -6.27744e+66 -6.27744e+66 -6.27744e+66 -6.27744e+66 -6.27744e+66 -6.27744e+66 -6.27744e+66 -6.27744e+66 -6.27744e+66 -6.27744e+66 -6.27744e+66 94.94 154.573 157.057 175.693 294.958 499.945 499.945 743.446 1111.18 1670.24 2005.67 2388.31 2746.11 2939.92 3983.49 
-6.27744e+66 -6.27744e+66 -6.27744e+66 -6.27744e+66 -6.27744e+66 -6.27744e+66 -6.27744e+66 -6.27744e+66 -6.27744e+66 -6.27744e+66 -6.27744e+66 -6.27744e+66 -6.27744e+66 94.94 96.1824 108.606 198.055 362.045 362.045 570.759 892.527 1389.47 1691.36 2039.21 2367.19 2546.09 3515.12 
-6.27744e+66 -6.27744e+66 -6.27744e+66 -6.27744e+66 -6.27744e+66 -6.27744e+66 -6.27744e+66 -6.27744e+66 -6.27744e+66 -6.27744e+66 -6.27744e+66 -6.27744e+66 -6.27744e+66 -6.27744e+66 94.94 101.152 160.784 283.777 283.777 457.706 733.507 1168.33 1436.68 1749.75 2047.91 2211.9 3106.39 
-6.27744e+66 -6.27744e+66 -6.27744e+66 -6.27744e+66 -6.27744e+66 -6.27744e+66 -6.27744e+66 -6.27744e+66 -6.27744e+66 -6.27744e+66 -6.27744e+66 -6.27744e+66 -6.27744e+66 -6.27744e+66 -6.27744e+66 94.94 124.756 206.751 206.751 345.894 575.729 948.433 1183.24 1461.52 1729.87 1878.95 2698.9 
-6.27744e+66 -6.27744e+66 -6.27744e+66 -6.27744e+66 -6.27744e+66 -6.27744e+66 -6.27744e+66 -6.27744e+66 -6.27744e+66 -6.27744e+66 -6.27744e+66 -6.27744e+66 -6.27744e+66 -6.27744e+66 -6.27744e+66 -6.27744e+66 94.94 135.937 135.937 240.295 424.162 734.749 936.01 1179.51 1418.04 1552.21 2297.62 
-6.27744e+66 -6.27744e+66 -6.27744e+66 -6.27744e+66 -6.27744e+66 -6.27744e+66 -6.27744e+66 -6.27744e+66 -6.27744e+66 -6.27744e+66 -6.27744e+66 -6.27744e+66 -6.27744e+66 -6.27744e+66 -6.27744e+66 -6.27744e+66 -6.27744e+66 94.94 94.94 164.511 302.412 550.882 718.599 927.313 1136.03 1255.29 1926.16 
-6.27744e+66 -6.27744e+66 -6.27744e+66 -6.27744e+66 -6.27744e+66 -6.27744e+66 -6.27744e+66 -6.27744e+66 -6.27744e+66 -6.27744e+66 -6.27744e+66 -6.27744e+66 -6.27744e+66 -6.27744e+66 -6.27744e+66 -6.27744e+66 -6.27744e+66 -6.27744e+66 94.94 129.726 221.66 408.012 542.185 716.114 895.012 999.369 1595.7 
-6.27744e+66 -6.27744e+66 -6.27744e+66 -6.27744e+66 -6.27744e+66 -6.27744e+66 -6.27744e+66 -6.27744e+66 -6.27744e+66 -6.27744e+66 -6.27744e+66 -6.27744e+66 -6.27744e+66 -6.27744e+66 -6.27744e+66 -6.27744e+66 -6.27744e+66 -6.27744e+66 -6.27744e+66 94.94 140.907 265.142 365.772 504.915 653.997 743.446 1265.23 
-6.27744e+66 -6.27744e+66 -6.27744e+66 -6.27744e+66 -6.27744e+66 -6.27744e+66 -6.27744e+66 -6.27744e+66 -6.27744e+66 -6.27744e+66 -6.27744e+66 -6.27744e+66 -6.27744e+66 -6.27744e+66 -6.27744e+66 -6.27744e+66 -6.27744e+66 -6.27744e+66 -6.27744e+66 -6.27744e+66 94.94 157.057 224.144 328.501 447.767 522.308 969.553 
-6.27744e+66 -6.27744e+66 -6.27744e+66 -6.27744e+66 -6.27744e+66 -6.27744e+66 -6.27744e+66 -6.27744e+66 -6.27744e+66 -6.27744e+66 -6.27744e+66 -6.27744e+66 -6.27744e+66 -6.27744e+66 -6.27744e+66 -6.27744e+66 -6.27744e+66 -6.27744e+66 -6.27744e+66 -6.27744e+66 -6.27744e+66 94.94 128.483 198.055 287.504 347.137 719.841 
-6.27744e+66 -6.27744e+66 -6.27744e+66 -6.27744e+66 -6.27744e+66 -6.27744e+66 -6.27744e+66 -6.27744e+66 -6.27744e+66 -6.27744e+66 -6.27744e+66 -6.27744e+66 -6.27744e+66 -6.27744e+66 -6.27744e+66 -6.27744e+66 -6.27744e+66 -6.27744e+66 -6.27744e+66 -6.27744e+66 -6.27744e+66 -6.27744e+66 94.94 129.726 189.358 234.083 532.246 
-6.27744e+66 -6.27744e+66 -6.27744e+66 -6.27744e+66 -6.27744e+66 -6.27744e+66 -6.27744e+66 -6.27744e+66 -6.27744e+66 -6.27744e+66 -6.27744e+66 -6.27744e+66 -6.27744e+66 -6.27744e+66 -6.27744e+66 -6.27744e+66 -6.27744e+66 -6.27744e+66 -6.27744e+66 -6.27744e+66 -6.27744e+66 -6.27744e+66 -6.27744e+66 94.94 124.756 154.573 378.195 
-6.27744e+66 -6.27744e+66 -6.27744e+66 -6.27744e+66 -6.27744e+66 -6.27744e+66 -6.27744e+66 -6.27744e+66 -6.27744e+66 -6.27744e+66 -6.27744e+66 -6.27744e+66 -6.27744e+66 -6.27744e+66 -6.27744e+66 -6.27744e+66 -6.27744e+66 -6.27744e+66 -6.27744e+66 -6.27744e+66 -6.27744e+66 -6.27744e+66 -6.27744e+66 -6.27744e+66 94.94 109.848 258.93 
-6.27744e+66 -6.27744e+66 -6.27744e+66 -6.27744e+66 -6.27744e+66 -6.27744e+66 -6.27744e+66 -6.27744e+66 -6.27744e+66 -6.27744e+66 -6.27744e+66 -6.27744e+66 -6.27744e+66 -6.27744e+66 -6.27744e+66 -6.27744e+66 -6.27744e+66 -6.27744e+66 -6.27744e+66 -6.27744e+66 -6.27744e+66 -6.27744e+66 -6.27744e+66 -6.27744e+66 -6.27744e+66 94.94 169.481 
-6.27744e+66 -6.27744e+66 -6.27744e+66 -6.27744e+66 -6.27744e+66 -6.27744e+66 -6.27744e+66 -6.27744e+66 -6.27744e+66 -6.27744e+66 -6.27744e+66 -6.27744e+66 -6.27744e+66 -6.27744e+66 -6.27744e+66 -6.27744e+66 -6.27744e+66 -6.27744e+66 -6.27744e+66 -6.27744e+66 -6.27744e+66 -6.27744e+66 -6.27744e+66 -6.27744e+66 -6.27744e+66 -6.27744e+66 94.94 
-6.27744e+66 -6.27744e+66 -6.27744e+66 -6.27744e+66 -6.27744e+66 -6.27744e+66 -6.27744e+66 -6.27744e+66 -6.27744e+66 -6.27744e+66 -6.27744e+66 -6.27744e+66 -6.27744e+66 -6.27744e+66 -6.27744e+66 -6.27744e+66 -6.27744e+66 -6.27744e+66 -6.27744e+66 -6.27744e+66 -6.27744e+66 -6.27744e+66 -6.27744e+66 -6.27744e+66 -6.27744e+66 -6.27744e+66 -6.27744e+66 
-6.27744e+66 43.6169 85.1302 90.0141 163.273 182.808 341.536 488.053 676.084 1164.47 1164.47 1774.96 1774.96 2390.34 2866.52 3071.64 3291.42 3564.92 3730.97 4873.81 5523.37 6402.47 6658.88 7464.72 7745.55 7979.98 8529.42 
-6.27744e+66 -6.27744e+66 43.6169 46.0588 94.898 109.55 236.531 358.629 519.798 947.141 947.141 1496.58 1496.58 2060.67 2500.23 2690.7 2895.82 3152.23 3308.51 4387.86 5003.23 5838.38 6082.58 6851.79 7120.41 7345.07 7872.53 
-6.27744e+66 -6.27744e+66 -6.27744e+66 43.6169 68.0365 77.8043 173.041 270.719 405.026 771.32 771.32 1259.71 1259.71 1772.52 2175.44 2351.27 2541.74 2781.05 2927.57 3943.42 4524.61 5315.8 5547.79 6280.37 6536.78 6751.67 7257.16 
-6.27744e+66 -6.27744e+66 -6.27744e+66 -6.27744e+66 43.6169 48.5008 111.992 185.25 292.696 597.941 597.941 1025.28 1025.28 1486.81 1853.11 2014.28 2190.1 2412.31 2549.06 3501.43 4048.43 4795.66 5015.44 5711.4 5955.59 6160.72 6644.23 
-6.27744e+66 -6.27744e+66 -6.27744e+66 -6.27744e+66 -6.27744e+66 43.6169 75.3623 124.201 204.786 448.982 448.982 815.275 815.275 1225.52 1555.19 1701.71 1862.87 2068 2194.98 3083.85 3596.66 4299.95 4507.51 5166.84 5398.83 5594.18 6055.71 
-6.27744e+66 -6.27744e+66 -6.27744e+66 -6.27744e+66 -6.27744e+66 -6.27744e+66 43.6169 68.0365 121.76 304.906 304.906 610.151 610.151 969.118 1262.15 1394.02 1540.54 1728.57 1845.78 2671.16 3149.79 3809.11 4004.47 4627.17 4846.95 5032.53 5472.09 
-6.27744e+66 -6.27744e+66 -6.27744e+66 -6.27744e+66 -6.27744e+66 -6.27744e+66 -6.27744e+66 43.6169 70.4784 192.576 192.576 436.772 436.772 744.458 1000.86 1118.08 1249.94 1420.88 1528.33 2290.22 2734.65 3350.03 3533.17 4119.24 4326.81 4502.63 4920.2 
-6.27744e+66 -6.27744e+66 -6.27744e+66 -6.27744e+66 -6.27744e+66 -6.27744e+66 -6.27744e+66 -6.27744e+66 43.6169 104.666 104.666 287.813 287.813 544.218 763.994 866.556 983.77 1137.61 1235.29 1933.69 2343.94 2915.36 3086.29 3635.74 3831.09 3997.14 4392.74 
-6.27744e+66 -6.27744e+66 -6.27744e+66 -6.27744e+66 -6.27744e+66 -6.27744e+66 -6.27744e+66 -6.27744e+66 -6.27744e+66 43.6169 43.6169 165.715 165.715 370.839 553.986 641.896 744.458 881.208 969.118 1604.03 1980.09 2507.55 2666.28 3179.09 3362.24 3518.52 3892.14 
-6.27744e+66 -6.27744e+66 -6.27744e+66 -6.27744e+66 -6.27744e+66 -6.27744e+66 -6.27744e+66 -6.27744e+66 -6.27744e+66 -6.27744e+66 43.6169 104.666 104.666 258.509 405.026 478.285 566.196 685.851 763.994 1335.41 1677.29 2160.79 2307.31 2783.49 2954.43 3100.95 3452.59 
-6.27744e+66 -6.27744e+66 -6.27744e+66 -6.27744e+66 -6.27744e+66 -6.27744e+66 -6.27744e+66 -6.27744e+66 -6.27744e+66 -6.27744e+66 -6.27744e+66 43.6169 43.6169 146.179 256.067 314.674 387.933 490.495 558.87 1066.8 1374.48 1814.04 1948.34 2387.9 2546.62 2683.37 3013.04 
-6.27744e+66 -6.27744e+66 -6.27744e+66 -6.27744e+66 -6.27744e+66 -6.27744e+66 -6.27744e+66 -6.27744e+66 -6.27744e+66 -6.27744e+66 -6.27744e+66 -6.27744e+66 43.6169 94.898 168.157 212.112 270.719 356.187 414.794 859.23 1132.73 1528.33 1650.42 2053.35 2199.86 2326.85 2634.53 
-6.27744e+66 -6.27744e+66 -6.27744e+66 -6.27744e+66 -6.27744e+66 -6.27744e+66 -6.27744e+66 -6.27744e+66 -6.27744e+66 -6.27744e+66 -6.27744e+66 -6.27744e+66 -6.27744e+66 43.6169 80.2462 109.55 153.505 221.88 270.719 651.664 890.976 1242.62 1352.51 1718.8 1853.11 1970.32 2256.03 
-6.27744e+66 -6.27744e+66 -6.27744e+66 -6.27744e+66 -6.27744e+66 -6.27744e+66 -6.27744e+66 -6.27744e+66 -6.27744e+66 -6.27744e+66 -6.27744e+66 -6.27744e+66 -6.27744e+66 -6.27744e+66 43.6169 58.2686 87.5721 138.853 177.925 495.379 700.503 1008.19 1105.87 1435.53 1557.63 1665.08 1928.81 
-6.27744e+66 -6.27744e+66 -6.27744e+66 -6.27744e+66 -6.27744e+66 -6.27744e+66 -6.27744e+66 -6.27744e+66 -6.27744e+66 -6.27744e+66 -6.27744e+66 -6.27744e+66 -6.27744e+66 -6.27744e+66 -6.27744e+66 43.6169 58.2686 92.456 121.76 375.723 546.66 810.391 895.86 1188.89 1298.78 1396.46 1638.21 
-6.27744e+66 -6.27744e+66 -6.27744e+66 -6.27744e+66 -6.27744e+66 -6.27744e+66 -6.27744e+66 -6.27744e+66 -6.27744e+66 -6.27744e+66 -6.27744e+66 -6.27744e+66 -6.27744e+66 -6.27744e+66 -6.27744e+66 -6.27744e+66 43.6169 60.7106 80.2462 270.719 407.468 627.245 700.503 956.909 1054.59 1142.5 1362.27 
-6.27744e+66 -6.27744e+66 -6.27744e+66 -6.27744e+66 -6.27744e+66 -6.27744e+66 -6.27744e+66 -6.27744e+66 -6.27744e+66 -6.27744e+66 -6.27744e+66 -6.27744e+66 -6.27744e+66 -6.27744e+66 -6.27744e+66 -6.27744e+66 -6.27744e+66 43.6169 53.3847 180.366 282.929 458.75 519.798 739.575 825.043 903.186 1100.98 
-6.27744e+66 -6.27744e+66 -6.27744e+66 -6.27744e+66 -6.27744e+66 -6.27744e+66 -6.27744e+66 -6.27744e+66 -6.27744e+66 -6.27744e+66 -6.27744e+66 -6.27744e+66 -6.27744e+66 -6.27744e+66 -6.27744e+66 -6.27744e+66 -6.27744e+66 -6.27744e+66 43.6169 107.108 175.483 307.348 356.187 539.334 612.593 680.968 856.788 
-6.27744e+66 -6.27744e+66 -6.27744e+66 -6.27744e+66 -6.27744e+66 -6.27744e+66 -6.27744e+66 -6.27744e+66 -6.27744e+66 -6.27744e+66 -6.27744e+66 -6.27744e+66 -6.27744e+66 -6.27744e+66 -6.27744e+66 -6.27744e+66 -6.27744e+66 -6.27744e+66 -6.27744e+66 43.6169 77.8043 165.715 202.344 348.861 409.91 468.517 622.361 
-6.27744e+66 -6.27744e+66 -6.27744e+66 -6.27744e+66 -6.27744e+66 -6.27744e+66 -6.27744e+66 -6.27744e+66 -6.27744e+66 -6.27744e+66 -6.27744e+66 -6.27744e+66 -6.27744e+66 -6.27744e+66 -6.27744e+66 -6.27744e+66 -6.27744e+66 -6.27744e+66 -6.27744e+66 -6.27744e+66 43.6169 87.5721 111.992 221.88 270.719 319.558 451.424 
-6.27744e+66 -6.27744e+66 -6.27744e+66 -6.27744e+66 -6.27744e+66 -6.27744e+66 -6.27744e+66 -6.27744e+66 -6.27744e+66 -6.27744e+66 -6.27744e+66 -6.27744e+66 -6.27744e+66 -6.27744e+66 -6.27744e+66 -6.27744e+66 -6.27744e+66 -6.27744e+66 -6.27744e+66 -6.27744e+66 -6.27744e+66 43.6169 55.8267 129.085 165.715 204.786 314.674 
-6.27744e+66 -6.27744e+66 -6.27744e+66 -6.27744e+66 -6.27744e+66 -6.27744e+66 -6.27744e+66 -6.27744e+66 -6.27744e+66 -6.27744e+66 -6.27744e+66 -6.27744e+66 -6.27744e+66 -6.27744e+66 -6.27744e+66 -6.27744e+66 -6.27744e+66 -6.27744e+66 -6.27744e+66 -6.27744e+66 -6.27744e+66 -6.27744e+66 43.6169 80.2462 104.666 133.969 221.88 
-6.27744e+66 -6.27744e+66 -6.27744e+66 -6.27744e+66 -6.27744e+66 -6.27744e+66 -6.27744e+66 -6.27744e+66 -6.27744e+66 -6.27744e+66 -6.27744e+66 -6.27744e+66 -6.27744e+66 -6.27744e+66 -6.27744e+66 -6.27744e+66 -6.27744e+66 -6.27744e+66 -6.27744e+66 -6.27744e+66 -6.27744e+66 -6.27744e+66 -6.27744e+66 43.6169 55.8267 75.3623 141.295 
-6.27744e+66 -6.27744e+66 -6.27744e+66 -6.27744e+66 -6.27744e+66 -6.27744e+66 -6.27744e+66 -6.27744e+66 -6.27744e+66 -6.27744e+66 -6.27744e+66 -6.27744e+66 -6.27744e+66 -6.27744e+66 -6.27744e+66 -6.27744e+66 -6.27744e+66 -6.27744e+66 -6.27744e+66 -6.27744e+66 -6.27744e+66 -6.27744e+66 -6.27744e+66 -6.27744e+66 43.6169 53.3847 97.3399 
-6.27744e+66 -6.27744e+66 -6.27744e+66 -6.27744e+66 -6.27744e+66 -6.27744e+66 -6.27744e+66 -6.27744e+66 -6.27744e+66 -6.27744e+66 -6.27744e+66 -6.27744e+66 -6.27744e+66 -6.27744e+66 -6.27744e+66 -6.27744e+66 -6.27744e+66 -6.27744e+66 -6.27744e+66 -6.27744e+66 -6.27744e+66 -6.27744e+66 -6.27744e+66 -6.27744e+66 -6.27744e+66 43.6169 65.5945 
-6.27744e+66 -6.27744e+66 -6.27744e+66 -6.27744e+66 -6.27744e+66 -6.27744e+66 -6.27744e+66 -6.27744e+66 -6.27744e+66 -6.27744e+66 -6.27744e+66 -6.27744e+66 -6.27744e+66 -6.27744e+66 -6.27744e+66 -6.27744e+66 -6.27744e+66 -6.27744e+66 -6.27744e+66 -6.27744e+66 -6.27744e+66 -6.27744e+66 -6.27744e+66 -6.27744e+66 -6.27744e+66 -6.27744e+66 43.6169 
-6.27744e+66 -6.27744e+66 -6.27744e+66 -6.27744e+66 -6.27744e+66 -6.27744e+66 -6.27744e+66 -6.27744e+66 -6.27744e+66 -6.27744e+66 -6.27744e+66 -6.27744e+66 -6.27744e+66 -6.27744e+66 -6.27744e+66 -6.27744e+66 -6.27744e+66 -6.27744e+66 -6.27744e+66 -6.27744e+66 -6.27744e+66 -6.27744e+66 -6.27744e+66 -6.27744e+66 -6.27744e+66 -6.27744e+66 -6.27744e+66 
