26 20
1000 1000 1000 1000 1000 1000 1000 1000 1000 1000 1000 1000 1000 1000 1000 1000 1000 1000 1000 1000 1000 1000 1000 1000 1000 1000 
item 0
110 5 50 180 130 60 0 75 145 70 50 150 115 200 35 165 60 70 10 120 25 80 25 65 110 75 
65.9873 65.9873 65.9873 65.9873 65.9873 65.9873 65.9873 65.9873 65.9873 65.9873 65.9873 65.9873 65.9873 65.9873 65.9873 65.9873 65.9873 65.9873 65.9873 65.9873 65.9873 65.9873 65.9873 65.9873 65.9873 65.9873 
0.134116 0.134116 0.134116 0.134116 0.134116 0.134116 0.134116 0.134116 0.134116 0.134116 0.134116 0.134116 0.134116 0.134116 0.134116 0.134116 0.134116 0.134116 0.134116 0.134116 0.134116 0.134116 0.134116 0.134116 0.134116 0.134116 
item 1
30 25 55 45 45 60 40 20 40 50 15 35 75 15 55 60 15 60 40 30 0 55 90 0 45 60 
60.9087 60.9087 60.9087 60.9087 60.9087 60.9087 60.9087 60.9087 60.9087 60.9087 60.9087 60.9087 60.9087 60.9087 60.9087 60.9087 60.9087 60.9087 60.9087 60.9087 60.9087 60.9087 60.9087 60.9087 60.9087 60.9087 
0.320481 0.320481 0.320481 0.320481 0.320481 0.320481 0.320481 0.320481 0.320481 0.320481 0.320481 0.320481 0.320481 0.320481 0.320481 0.320481 0.320481 0.320481 0.320481 0.320481 0.320481 0.320481 0.320481 0.320481 0.320481 0.320481 
item 2
20 55 35 15 65 85 0 55 45 10 15 10 125 70 45 75 55 85 65 25 85 25 5 5 95 85 
72.7188 72.7188 72.7188 72.7188 72.7188 72.7188 72.7188 72.7188 72.7188 72.7188 72.7188 72.7188 72.7188 72.7188 72.7188 72.7188 72.7188 72.7188 72.7188 72.7188 72.7188 72.7188 72.7188 72.7188 72.7188 72.7188 
0.236642 0.236642 0.236642 0.236642 0.236642 0.236642 0.236642 0.236642 0.236642 0.236642 0.236642 0.236642 0.236642 0.236642 0.236642 0.236642 0.236642 0.236642 0.236642 0.236642 0.236642 0.236642 0.236642 0.236642 0.236642 0.236642 
item 3
70 65 85 30 45 35 5 35 25 55 25 20 5 50 0 10 40 65 30 20 25 70 35 30 20 60 
59.5282 59.5282 59.5282 59.5282 59.5282 59.5282 59.5282 59.5282 59.5282 59.5282 59.5282 59.5282 59.5282 59.5282 59.5282 59.5282 59.5282 59.5282 59.5282 59.5282 59.5282 59.5282 59.5282 59.5282 59.5282 59.5282 
0.295646 0.295646 0.295646 0.295646 0.295646 0.295646 0.295646 0.295646 0.295646 0.295646 0.295646 0.295646 0.295646 0.295646 0.295646 0.295646 0.295646 0.295646 0.295646 0.295646 0.295646 0.295646 0.295646 0.295646 0.295646 0.295646 
item 4
15 60 5 15 25 0 25 15 5 5 40 20 10 10 35 0 15 50 15 30 5 60 0 75 55 0 
39.2349 39.2349 39.2349 39.2349 39.2349 39.2349 39.2349 39.2349 39.2349 39.2349 39.2349 39.2349 39.2349 39.2349 39.2349 39.2349 39.2349 39.2349 39.2349 39.2349 39.2349 39.2349 39.2349 39.2349 39.2349 39.2349 
0.33364 0.33364 0.33364 0.33364 0.33364 0.33364 0.33364 0.33364 0.33364 0.33364 0.33364 0.33364 0.33364 0.33364 0.33364 0.33364 0.33364 0.33364 0.33364 0.33364 0.33364 0.33364 0.33364 0.33364 0.33364 0.33364 
item 5
155 75 60 110 180 75 50 50 75 15 100 70 105 30 125 10 35 20 40 195 120 50 65 80 135 195 
86.2992 86.2992 86.2992 86.2992 86.2992 86.2992 86.2992 86.2992 86.2992 86.2992 86.2992 86.2992 86.2992 86.2992 86.2992 86.2992 86.2992 86.2992 86.2992 86.2992 86.2992 86.2992 86.2992 86.2992 86.2992 86.2992 
0.163769 0.163769 0.163769 0.163769 0.163769 0.163769 0.163769 0.163769 0.163769 0.163769 0.163769 0.163769 0.163769 0.163769 0.163769 0.163769 0.163769 0.163769 0.163769 0.163769 0.163769 0.163769 0.163769 0.163769 0.163769 0.163769 
item 6
0 15 10 10 0 15 55 15 10 45 5 40 5 15 5 0 5 0 0 5 5 20 30 35 20 15 
26.6053 26.6053 26.6053 26.6053 26.6053 26.6053 26.6053 26.6053 26.6053 26.6053 26.6053 26.6053 26.6053 26.6053 26.6053 26.6053 26.6053 26.6053 26.6053 26.6053 26.6053 26.6053 26.6053 26.6053 26.6053 26.6053 
0.394087 0.394087 0.394087 0.394087 0.394087 0.394087 0.394087 0.394087 0.394087 0.394087 0.394087 0.394087 0.394087 0.394087 0.394087 0.394087 0.394087 0.394087 0.394087 0.394087 0.394087 0.394087 0.394087 0.394087 0.394087 0.394087 
item 7
5 10 35 30 55 15 40 20 45 25 25 10 5 5 30 30 20 20 25 15 10 15 10 40 50 15 
82.9581 82.9581 82.9581 82.9581 82.9581 82.9581 82.9581 82.9581 82.9581 82.9581 82.9581 82.9581 82.9581 82.9581 82.9581 82.9581 82.9581 82.9581 82.9581 82.9581 82.9581 82.9581 82.9581 82.9581 82.9581 82.9581 
0.574706 0.574706 0.574706 0.574706 0.574706 0.574706 0.574706 0.574706 0.574706 0.574706 0.574706 0.574706 0.574706 0.574706 0.574706 0.574706 0.574706 0.574706 0.574706 0.574706 0.574706 0.574706 0.574706 0.574706 0.574706 0.574706 
item 8
5 25 5 10 20 15 5 25 0 50 60 40 75 45 15 45 0 0 50 85 10 60 25 110 50 5 
15.1669 15.1669 15.1669 15.1669 15.1669 15.1669 15.1669 15.1669 15.1669 15.1669 15.1669 15.1669 15.1669 15.1669 15.1669 15.1669 15.1669 15.1669 15.1669 15.1669 15.1669 15.1669 15.1669 15.1669 15.1669 15.1669 
0.129393 0.129393 0.129393 0.129393 0.129393 0.129393 0.129393 0.129393 0.129393 0.129393 0.129393 0.129393 0.129393 0.129393 0.129393 0.129393 0.129393 0.129393 0.129393 0.129393 0.129393 0.129393 0.129393 0.129393 0.129393 0.129393 
item 9
25 60 35 75 120 55 60 35 105 100 35 70 50 10 0 70 45 70 55 10 5 35 110 85 95 25 
78.5633 78.5633 78.5633 78.5633 78.5633 78.5633 78.5633 78.5633 78.5633 78.5633 78.5633 78.5633 78.5633 78.5633 78.5633 78.5633 78.5633 78.5633 78.5633 78.5633 78.5633 78.5633 78.5633 78.5633 78.5633 78.5633 
0.234965 0.234965 0.234965 0.234965 0.234965 0.234965 0.234965 0.234965 0.234965 0.234965 0.234965 0.234965 0.234965 0.234965 0.234965 0.234965 0.234965 0.234965 0.234965 0.234965 0.234965 0.234965 0.234965 0.234965 0.234965 0.234965 
item 10
10 20 65 10 35 90 120 45 110 20 85 0 40 105 105 50 0 25 60 60 5 65 40 90 45 85 
1.2773 1.2773 1.2773 1.2773 1.2773 1.2773 1.2773 1.2773 1.2773 1.2773 1.2773 1.2773 1.2773 1.2773 1.2773 1.2773 1.2773 1.2773 1.2773 1.2773 1.2773 1.2773 1.2773 1.2773 1.2773 1.2773 
0.126033 0.126033 0.126033 0.126033 0.126033 0.126033 0.126033 0.126033 0.126033 0.126033 0.126033 0.126033 0.126033 0.126033 0.126033 0.126033 0.126033 0.126033 0.126033 0.126033 0.126033 0.126033 0.126033 0.126033 0.126033 0.126033 
item 11
60 60 80 40 55 0 65 30 35 35 0 15 80 175 35 5 30 40 85 100 5 165 15 55 95 125 
41.7178 41.7178 41.7178 41.7178 41.7178 41.7178 41.7178 41.7178 41.7178 41.7178 41.7178 41.7178 41.7178 41.7178 41.7178 41.7178 41.7178 41.7178 41.7178 41.7178 41.7178 41.7178 41.7178 41.7178 41.7178 41.7178 
0.153768 0.153768 0.153768 0.153768 0.153768 0.153768 0.153768 0.153768 0.153768 0.153768 0.153768 0.153768 0.153768 0.153768 0.153768 0.153768 0.153768 0.153768 0.153768 0.153768 0.153768 0.153768 0.153768 0.153768 0.153768 0.153768 
item 12
80 60 15 45 45 30 20 55 55 45 15 40 55 75 0 20 30 30 30 10 30 65 85 35 85 80 
41.9857 41.9857 41.9857 41.9857 41.9857 41.9857 41.9857 41.9857 41.9857 41.9857 41.9857 41.9857 41.9857 41.9857 41.9857 41.9857 41.9857 41.9857 41.9857 41.9857 41.9857 41.9857 41.9857 41.9857 41.9857 41.9857 
0.267205 0.267205 0.267205 0.267205 0.267205 0.267205 0.267205 0.267205 0.267205 0.267205 0.267205 0.267205 0.267205 0.267205 0.267205 0.267205 0.267205 0.267205 0.267205 0.267205 0.267205 0.267205 0.267205 0.267205 0.267205 0.267205 
item 13
40 75 0 25 135 135 70 180 140 40 35 0 135 70 65 0 200 75 75 75 40 125 110 5 70 25 
77.6446 77.6446 77.6446 77.6446 77.6446 77.6446 77.6446 77.6446 77.6446 77.6446 77.6446 77.6446 77.6446 77.6446 77.6446 77.6446 77.6446 77.6446 77.6446 77.6446 77.6446 77.6446 77.6446 77.6446 77.6446 77.6446 
0.149736 0.149736 0.149736 0.149736 0.149736 0.149736 0.149736 0.149736 0.149736 0.149736 0.149736 0.149736 0.149736 0.149736 0.149736 0.149736 0.149736 0.149736 0.149736 0.149736 0.149736 0.149736 0.149736 0.149736 0.149736 0.149736 
item 14
45 70 20 30 10 20 15 45 40 5 80 40 65 40 20 10 0 25 40 0 45 55 40 0 25 40 
58.2458 58.2458 58.2458 58.2458 58.2458 58.2458 58.2458 58.2458 58.2458 58.2458 58.2458 58.2458 58.2458 58.2458 58.2458 58.2458 58.2458 58.2458 58.2458 58.2458 58.2458 58.2458 58.2458 58.2458 58.2458 58.2458 
0.334736 0.334736 0.334736 0.334736 0.334736 0.334736 0.334736 0.334736 0.334736 0.334736 0.334736 0.334736 0.334736 0.334736 0.334736 0.334736 0.334736 0.334736 0.334736 0.334736 0.334736 0.334736 0.334736 0.334736 0.334736 0.334736 
item 15
50 10 110 50 60 135 35 35 90 50 110 0 90 55 45 135 45 70 15 105 75 40 20 20 80 45 
85.5809 85.5809 85.5809 85.5809 85.5809 85.5809 85.5809 85.5809 85.5809 85.5809 85.5809 85.5809 85.5809 85.5809 85.5809 85.5809 85.5809 85.5809 85.5809 85.5809 85.5809 85.5809 85.5809 85.5809 85.5809 85.5809 
0.244257 0.244257 0.244257 0.244257 0.244257 0.244257 0.244257 0.244257 0.244257 0.244257 0.244257 0.244257 0.244257 0.244257 0.244257 0.244257 0.244257 0.244257 0.244257 0.244257 0.244257 0.244257 0.244257 0.244257 0.244257 0.244257 
item 16
25 0 30 5 0 10 35 5 0 5 0 20 5 0 15 5 5 30 15 30 25 45 15 20 5 5 
18.8559 18.8559 18.8559 18.8559 18.8559 18.8559 18.8559 18.8559 18.8559 18.8559 18.8559 18.8559 18.8559 18.8559 18.8559 18.8559 18.8559 18.8559 18.8559 18.8559 18.8559 18.8559 18.8559 18.8559 18.8559 18.8559 
0.502015 0.502015 0.502015 0.502015 0.502015 0.502015 0.502015 0.502015 0.502015 0.502015 0.502015 0.502015 0.502015 0.502015 0.502015 0.502015 0.502015 0.502015 0.502015 0.502015 0.502015 0.502015 0.502015 0.502015 0.502015 0.502015 
item 17
0 15 15 0 30 10 15 50 65 50 25 45 0 40 5 25 60 15 5 30 30 10 70 60 55 15 
41.4309 41.4309 41.4309 41.4309 41.4309 41.4309 41.4309 41.4309 41.4309 41.4309 41.4309 41.4309 41.4309 41.4309 41.4309 41.4309 41.4309 41.4309 41.4309 41.4309 41.4309 41.4309 41.4309 41.4309 41.4309 41.4309 
0.320427 0.320427 0.320427 0.320427 0.320427 0.320427 0.320427 0.320427 0.320427 0.320427 0.320427 0.320427 0.320427 0.320427 0.320427 0.320427 0.320427 0.320427 0.320427 0.320427 0.320427 0.320427 0.320427 0.320427 0.320427 0.320427 
item 18
25 5 50 115 45 75 30 85 25 95 40 40 20 25 35 40 65 105 25 25 105 65 100 70 20 65 
23.0734 23.0734 23.0734 23.0734 23.0734 23.0734 23.0734 23.0734 23.0734 23.0734 23.0734 23.0734 23.0734 23.0734 23.0734 23.0734 23.0734 23.0734 23.0734 23.0734 23.0734 23.0734 23.0734 23.0734 23.0734 23.0734 
0.175423 0.175423 0.175423 0.175423 0.175423 0.175423 0.175423 0.175423 0.175423 0.175423 0.175423 0.175423 0.175423 0.175423 0.175423 0.175423 0.175423 0.175423 0.175423 0.175423 0.175423 0.175423 0.175423 0.175423 0.175423 0.175423 
item 19
15 0 30 15 0 10 10 0 0 10 15 10 5 0 15 0 15 5 5 0 0 5 0 10 15 20 
22.217 22.217 22.217 22.217 22.217 22.217 22.217 22.217 22.217 22.217 22.217 22.217 22.217 22.217 22.217 22.217 22.217 22.217 22.217 22.217 22.217 22.217 22.217 22.217 22.217 22.217 
0.531248 0.531248 0.531248 0.531248 0.531248 0.531248 0.531248 0.531248 0.531248 0.531248 0.531248 0.531248 0.531248 0.531248 0.531248 0.531248 0.531248 0.531248 0.531248 0.531248 0.531248 0.531248 0.531248 0.531248 0.531248 0.531248 
