26 20
1000 1000 1000 1000 1000 1000 1000 1000 1000 1000 1000 1000 1000 1000 1000 1000 1000 1000 1000 1000 1000 1000 1000 1000 1000 1000 
item 0
15 0 5 5 15 5 35 35 0 10 10 20 0 5 5 10 0 0 10 15 25 0 5 45 20 0 
19.4192 19.4192 19.4192 19.4192 19.4192 19.4192 19.4192 19.4192 19.4192 19.4192 19.4192 19.4192 19.4192 19.4192 19.4192 19.4192 19.4192 19.4192 19.4192 19.4192 19.4192 19.4192 19.4192 19.4192 19.4192 19.4192 
0.458839 0.458839 0.458839 0.458839 0.458839 0.458839 0.458839 0.458839 0.458839 0.458839 0.458839 0.458839 0.458839 0.458839 0.458839 0.458839 0.458839 0.458839 0.458839 0.458839 0.458839 0.458839 0.458839 0.458839 0.458839 0.458839 
item 1
60 25 115 55 15 60 10 50 55 60 25 120 70 40 35 75 5 5 35 40 40 35 55 20 65 20 
207.326 207.326 207.326 207.326 207.326 207.326 207.326 207.326 207.326 207.326 207.326 207.326 207.326 207.326 207.326 207.326 207.326 207.326 207.326 207.326 207.326 207.326 207.326 207.326 207.326 207.326 
0.432235 0.432235 0.432235 0.432235 0.432235 0.432235 0.432235 0.432235 0.432235 0.432235 0.432235 0.432235 0.432235 0.432235 0.432235 0.432235 0.432235 0.432235 0.432235 0.432235 0.432235 0.432235 0.432235 0.432235 0.432235 0.432235 
item 2
0 30 40 130 55 70 105 90 0 20 115 30 105 10 80 0 90 15 45 25 25 25 55 35 5 75 
16.4472 16.4472 16.4472 16.4472 16.4472 16.4472 16.4472 16.4472 16.4472 16.4472 16.4472 16.4472 16.4472 16.4472 16.4472 16.4472 16.4472 16.4472 16.4472 16.4472 16.4472 16.4472 16.4472 16.4472 16.4472 16.4472 
0.162753 0.162753 0.162753 0.162753 0.162753 0.162753 0.162753 0.162753 0.162753 0.162753 0.162753 0.162753 0.162753 0.162753 0.162753 0.162753 0.162753 0.162753 0.162753 0.162753 0.162753 0.162753 0.162753 0.162753 0.162753 0.162753 
item 3
0 5 0 40 0 45 5 20 20 5 30 5 20 50 5 5 10 10 0 25 40 35 0 30 25 20 
12.3295 12.3295 12.3295 12.3295 12.3295 12.3295 12.3295 12.3295 12.3295 12.3295 12.3295 12.3295 12.3295 12.3295 12.3295 12.3295 12.3295 12.3295 12.3295 12.3295 12.3295 12.3295 12.3295 12.3295 12.3295 12.3295 
0.300538 0.300538 0.300538 0.300538 0.300538 0.300538 0.300538 0.300538 0.300538 0.300538 0.300538 0.300538 0.300538 0.300538 0.300538 0.300538 0.300538 0.300538 0.300538 0.300538 0.300538 0.300538 0.300538 0.300538 0.300538 0.300538 
item 4
40 15 15 20 15 5 5 40 15 5 15 0 15 0 5 15 10 25 0 15 25 25 0 20 5 15 
27.4559 27.4559 27.4559 27.4559 27.4559 27.4559 27.4559 27.4559 27.4559 27.4559 27.4559 27.4559 27.4559 27.4559 27.4559 27.4559 27.4559 27.4559 27.4559 27.4559 27.4559 27.4559 27.4559 27.4559 27.4559 27.4559 
0.506649 0.506649 0.506649 0.506649 0.506649 0.506649 0.506649 0.506649 0.506649 0.506649 0.506649 0.506649 0.506649 0.506649 0.506649 0.506649 0.506649 0.506649 0.506649 0.506649 0.506649 0.506649 0.506649 0.506649 0.506649 0.506649 
item 5
155 145 185 40 210 200 160 70 200 135 35 10 200 265 175 290 215 75 210 170 130 25 225 5 280 240 
213.327 213.327 213.327 213.327 213.327 213.327 213.327 213.327 213.327 213.327 213.327 213.327 213.327 213.327 213.327 213.327 213.327 213.327 213.327 213.327 213.327 213.327 213.327 213.327 213.327 213.327 
0.186738 0.186738 0.186738 0.186738 0.186738 0.186738 0.186738 0.186738 0.186738 0.186738 0.186738 0.186738 0.186738 0.186738 0.186738 0.186738 0.186738 0.186738 0.186738 0.186738 0.186738 0.186738 0.186738 0.186738 0.186738 0.186738 
item 6
60 35 120 120 75 105 50 60 30 55 100 50 10 75 80 120 85 125 120 135 30 175 5 65 165 20 
101.521 101.521 101.521 101.521 101.521 101.521 101.521 101.521 101.521 101.521 101.521 101.521 101.521 101.521 101.521 101.521 101.521 101.521 101.521 101.521 101.521 101.521 101.521 101.521 101.521 101.521 
0.176198 0.176198 0.176198 0.176198 0.176198 0.176198 0.176198 0.176198 0.176198 0.176198 0.176198 0.176198 0.176198 0.176198 0.176198 0.176198 0.176198 0.176198 0.176198 0.176198 0.176198 0.176198 0.176198 0.176198 0.176198 0.176198 
item 7
20 30 45 50 10 30 30 45 30 45 25 45 60 0 40 40 50 10 35 45 70 5 40 0 15 25 
155.561 155.561 155.561 155.561 155.561 155.561 155.561 155.561 155.561 155.561 155.561 155.561 155.561 155.561 155.561 155.561 155.561 155.561 155.561 155.561 155.561 155.561 155.561 155.561 155.561 155.561 
0.579145 0.579145 0.579145 0.579145 0.579145 0.579145 0.579145 0.579145 0.579145 0.579145 0.579145 0.579145 0.579145 0.579145 0.579145 0.579145 0.579145 0.579145 0.579145 0.579145 0.579145 0.579145 0.579145 0.579145 0.579145 0.579145 
item 8
295 315 310 470 520 155 360 285 295 325 130 445 130 410 105 355 85 190 190 140 115 380 80 235 330 315 
215.367 215.367 215.367 215.367 215.367 215.367 215.367 215.367 215.367 215.367 215.367 215.367 215.367 215.367 215.367 215.367 215.367 215.367 215.367 215.367 215.367 215.367 215.367 215.367 215.367 215.367 
0.109575 0.109575 0.109575 0.109575 0.109575 0.109575 0.109575 0.109575 0.109575 0.109575 0.109575 0.109575 0.109575 0.109575 0.109575 0.109575 0.109575 0.109575 0.109575 0.109575 0.109575 0.109575 0.109575 0.109575 0.109575 0.109575 
item 9
25 30 60 25 40 40 35 30 30 50 0 35 40 50 20 40 15 30 25 25 25 30 35 30 35 0 
104.991 104.991 104.991 104.991 104.991 104.991 104.991 104.991 104.991 104.991 104.991 104.991 104.991 104.991 104.991 104.991 104.991 104.991 104.991 104.991 104.991 104.991 104.991 104.991 104.991 104.991 
0.500282 0.500282 0.500282 0.500282 0.500282 0.500282 0.500282 0.500282 0.500282 0.500282 0.500282 0.500282 0.500282 0.500282 0.500282 0.500282 0.500282 0.500282 0.500282 0.500282 0.500282 0.500282 0.500282 0.500282 0.500282 0.500282 
item 10
130 295 210 140 130 120 30 230 40 240 190 90 270 120 150 55 235 0 165 80 105 95 230 205 250 230 
256.276 256.276 256.276 256.276 256.276 256.276 256.276 256.276 256.276 256.276 256.276 256.276 256.276 256.276 256.276 256.276 256.276 256.276 256.276 256.276 256.276 256.276 256.276 256.276 256.276 256.276 
0.211907 0.211907 0.211907 0.211907 0.211907 0.211907 0.211907 0.211907 0.211907 0.211907 0.211907 0.211907 0.211907 0.211907 0.211907 0.211907 0.211907 0.211907 0.211907 0.211907 0.211907 0.211907 0.211907 0.211907 0.211907 0.211907 
item 11
0 0 5 45 5 40 10 5 5 10 5 10 0 35 0 30 10 10 15 45 20 0 5 10 5 15 
9.97357 9.97357 9.97357 9.97357 9.97357 9.97357 9.97357 9.97357 9.97357 9.97357 9.97357 9.97357 9.97357 9.97357 9.97357 9.97357 9.97357 9.97357 9.97357 9.97357 9.97357 9.97357 9.97357 9.97357 9.97357 9.97357 
0.42998 0.42998 0.42998 0.42998 0.42998 0.42998 0.42998 0.42998 0.42998 0.42998 0.42998 0.42998 0.42998 0.42998 0.42998 0.42998 0.42998 0.42998 0.42998 0.42998 0.42998 0.42998 0.42998 0.42998 0.42998 0.42998 
item 12
45 5 20 0 40 5 60 80 15 40 5 40 25 45 40 50 15 50 25 30 0 15 15 50 45 30 
78.6856 78.6856 78.6856 78.6856 78.6856 78.6856 78.6856 78.6856 78.6856 78.6856 78.6856 78.6856 78.6856 78.6856 78.6856 78.6856 78.6856 78.6856 78.6856 78.6856 78.6856 78.6856 78.6856 78.6856 78.6856 78.6856 
0.389388 0.389388 0.389388 0.389388 0.389388 0.389388 0.389388 0.389388 0.389388 0.389388 0.389388 0.389388 0.389388 0.389388 0.389388 0.389388 0.389388 0.389388 0.389388 0.389388 0.389388 0.389388 0.389388 0.389388 0.389388 0.389388 
item 13
60 110 70 85 45 75 110 125 115 175 50 70 0 70 70 160 10 55 30 90 85 40 70 155 130 140 
132.55 132.55 132.55 132.55 132.55 132.55 132.55 132.55 132.55 132.55 132.55 132.55 132.55 132.55 132.55 132.55 132.55 132.55 132.55 132.55 132.55 132.55 132.55 132.55 132.55 132.55 
0.236877 0.236877 0.236877 0.236877 0.236877 0.236877 0.236877 0.236877 0.236877 0.236877 0.236877 0.236877 0.236877 0.236877 0.236877 0.236877 0.236877 0.236877 0.236877 0.236877 0.236877 0.236877 0.236877 0.236877 0.236877 0.236877 
item 14
35 5 10 15 10 5 20 0 15 5 10 30 5 0 0 20 20 35 15 25 20 0 10 5 25 15 
26.1422 26.1422 26.1422 26.1422 26.1422 26.1422 26.1422 26.1422 26.1422 26.1422 26.1422 26.1422 26.1422 26.1422 26.1422 26.1422 26.1422 26.1422 26.1422 26.1422 26.1422 26.1422 26.1422 26.1422 26.1422 26.1422 
0.455786 0.455786 0.455786 0.455786 0.455786 0.455786 0.455786 0.455786 0.455786 0.455786 0.455786 0.455786 0.455786 0.455786 0.455786 0.455786 0.455786 0.455786 0.455786 0.455786 0.455786 0.455786 0.455786 0.455786 0.455786 0.455786 
item 15
55 15 5 15 35 45 40 50 15 50 35 10 30 45 60 5 25 30 35 45 50 0 65 45 60 45 
171.631 171.631 171.631 171.631 171.631 171.631 171.631 171.631 171.631 171.631 171.631 171.631 171.631 171.631 171.631 171.631 171.631 171.631 171.631 171.631 171.631 171.631 171.631 171.631 171.631 171.631 
0.555436 0.555436 0.555436 0.555436 0.555436 0.555436 0.555436 0.555436 0.555436 0.555436 0.555436 0.555436 0.555436 0.555436 0.555436 0.555436 0.555436 0.555436 0.555436 0.555436 0.555436 0.555436 0.555436 0.555436 0.555436 0.555436 
item 16
70 30 20 20 80 5 10 35 35 0 85 50 105 30 25 50 20 125 0 30 35 35 115 60 30 20 
35.0665 35.0665 35.0665 35.0665 35.0665 35.0665 35.0665 35.0665 35.0665 35.0665 35.0665 35.0665 35.0665 35.0665 35.0665 35.0665 35.0665 35.0665 35.0665 35.0665 35.0665 35.0665 35.0665 35.0665 35.0665 35.0665 
0.176903 0.176903 0.176903 0.176903 0.176903 0.176903 0.176903 0.176903 0.176903 0.176903 0.176903 0.176903 0.176903 0.176903 0.176903 0.176903 0.176903 0.176903 0.176903 0.176903 0.176903 0.176903 0.176903 0.176903 0.176903 0.176903 
item 17
25 10 45 10 40 15 0 0 50 30 35 15 5 30 35 25 45 0 0 5 15 10 20 5 35 10 
65.1705 65.1705 65.1705 65.1705 65.1705 65.1705 65.1705 65.1705 65.1705 65.1705 65.1705 65.1705 65.1705 65.1705 65.1705 65.1705 65.1705 65.1705 65.1705 65.1705 65.1705 65.1705 65.1705 65.1705 65.1705 65.1705 
0.579986 0.579986 0.579986 0.579986 0.579986 0.579986 0.579986 0.579986 0.579986 0.579986 0.579986 0.579986 0.579986 0.579986 0.579986 0.579986 0.579986 0.579986 0.579986 0.579986 0.579986 0.579986 0.579986 0.579986 0.579986 0.579986 
item 18
5 25 15 35 25 25 0 35 20 60 40 35 45 15 5 15 5 10 50 40 15 25 0 5 45 50 
53.2065 53.2065 53.2065 53.2065 53.2065 53.2065 53.2065 53.2065 53.2065 53.2065 53.2065 53.2065 53.2065 53.2065 53.2065 53.2065 53.2065 53.2065 53.2065 53.2065 53.2065 53.2065 53.2065 53.2065 53.2065 53.2065 
0.346511 0.346511 0.346511 0.346511 0.346511 0.346511 0.346511 0.346511 0.346511 0.346511 0.346511 0.346511 0.346511 0.346511 0.346511 0.346511 0.346511 0.346511 0.346511 0.346511 0.346511 0.346511 0.346511 0.346511 0.346511 0.346511 
item 19
35 110 50 35 20 35 35 85 15 25 40 0 60 165 100 80 30 125 60 30 60 40 5 45 90 10 
97.5519 97.5519 97.5519 97.5519 97.5519 97.5519 97.5519 97.5519 97.5519 97.5519 97.5519 97.5519 97.5519 97.5519 97.5519 97.5519 97.5519 97.5519 97.5519 97.5519 97.5519 97.5519 97.5519 97.5519 97.5519 97.5519 
0.197789 0.197789 0.197789 0.197789 0.197789 0.197789 0.197789 0.197789 0.197789 0.197789 0.197789 0.197789 0.197789 0.197789 0.197789 0.197789 0.197789 0.197789 0.197789 0.197789 0.197789 0.197789 0.197789 0.197789 0.197789 0.197789 
