13 20
-6.27744e+66 33.0124 50.1915 54.9305 102.913 105.283 179.33 186.439 244.492 296.622 392.587 469.597 573.856 609.398 
-6.27744e+66 -6.27744e+66 33.0124 35.382 67.3705 69.1476 128.386 134.309 184.069 229.683 314.985 384.294 479.075 511.656 
-6.27744e+66 -6.27744e+66 -6.27744e+66 33.0124 49.0067 50.1915 94.62 99.359 140.826 179.923 254.563 316.17 401.473 431.092 
-6.27744e+66 -6.27744e+66 -6.27744e+66 -6.27744e+66 33.0124 33.6048 63.2238 66.7781 99.9514 132.532 196.509 250.416 326.241 352.898 
-6.27744e+66 -6.27744e+66 -6.27744e+66 -6.27744e+66 -6.27744e+66 33.0124 47.8219 50.1915 75.0714 101.136 154.45 200.656 267.003 290.698 
-6.27744e+66 -6.27744e+66 -6.27744e+66 -6.27744e+66 -6.27744e+66 -6.27744e+66 33.0124 34.1972 50.7838 70.3324 112.984 151.488 208.357 229.09 
-6.27744e+66 -6.27744e+66 -6.27744e+66 -6.27744e+66 -6.27744e+66 -6.27744e+66 -6.27744e+66 33.0124 41.3058 54.3381 86.3267 117.13 164.521 182.292 
-6.27744e+66 -6.27744e+66 -6.27744e+66 -6.27744e+66 -6.27744e+66 -6.27744e+66 -6.27744e+66 -6.27744e+66 33.0124 39.5286 60.8543 83.9571 121.869 136.679 
-6.27744e+66 -6.27744e+66 -6.27744e+66 -6.27744e+66 -6.27744e+66 -6.27744e+66 -6.27744e+66 -6.27744e+66 -6.27744e+66 33.0124 43.6753 59.0772 87.5114 99.359 
-6.27744e+66 -6.27744e+66 -6.27744e+66 -6.27744e+66 -6.27744e+66 -6.27744e+66 -6.27744e+66 -6.27744e+66 -6.27744e+66 -6.27744e+66 33.0124 40.7134 59.6695 68.5552 
-6.27744e+66 -6.27744e+66 -6.27744e+66 -6.27744e+66 -6.27744e+66 -6.27744e+66 -6.27744e+66 -6.27744e+66 -6.27744e+66 -6.27744e+66 -6.27744e+66 33.0124 42.4905 48.4143 
-6.27744e+66 -6.27744e+66 -6.27744e+66 -6.27744e+66 -6.27744e+66 -6.27744e+66 -6.27744e+66 -6.27744e+66 -6.27744e+66 -6.27744e+66 -6.27744e+66 -6.27744e+66 33.0124 35.9743 
-6.27744e+66 -6.27744e+66 -6.27744e+66 -6.27744e+66 -6.27744e+66 -6.27744e+66 -6.27744e+66 -6.27744e+66 -6.27744e+66 -6.27744e+66 -6.27744e+66 -6.27744e+66 -6.27744e+66 33.0124 
-6.27744e+66 -6.27744e+66 -6.27744e+66 -6.27744e+66 -6.27744e+66 -6.27744e+66 -6.27744e+66 -6.27744e+66 -6.27744e+66 -6.27744e+66 -6.27744e+66 -6.27744e+66 -6.27744e+66 -6.27744e+66 
-6.27744e+66 45.7522 55.3922 87.5257 140.546 140.546 212.846 270.687 338.167 376.727 477.948 558.282 646.649 704.489 
-6.27744e+66 -6.27744e+66 45.7522 61.8189 97.1658 97.1658 155.006 203.206 261.047 294.787 384.761 457.061 537.395 590.415 
-6.27744e+66 -6.27744e+66 -6.27744e+66 45.7522 63.4256 63.4256 106.806 145.366 193.566 222.486 301.214 365.481 437.781 485.981 
-6.27744e+66 -6.27744e+66 -6.27744e+66 -6.27744e+66 45.7522 45.7522 74.6723 103.592 142.153 166.253 233.733 289.967 354.234 397.614 
-6.27744e+66 -6.27744e+66 -6.27744e+66 -6.27744e+66 -6.27744e+66 45.7522 60.2123 79.4924 108.413 127.693 183.926 232.126 288.36 326.92 
-6.27744e+66 -6.27744e+66 -6.27744e+66 -6.27744e+66 -6.27744e+66 -6.27744e+66 45.7522 55.3922 74.6723 89.1324 134.119 174.286 222.486 256.227 
-6.27744e+66 -6.27744e+66 -6.27744e+66 -6.27744e+66 -6.27744e+66 -6.27744e+66 -6.27744e+66 45.7522 55.3922 65.0323 98.7725 130.906 171.073 199.993 
-6.27744e+66 -6.27744e+66 -6.27744e+66 -6.27744e+66 -6.27744e+66 -6.27744e+66 -6.27744e+66 -6.27744e+66 45.7522 50.5722 73.0657 97.1658 129.299 153.399 
-6.27744e+66 -6.27744e+66 -6.27744e+66 -6.27744e+66 -6.27744e+66 -6.27744e+66 -6.27744e+66 -6.27744e+66 -6.27744e+66 45.7522 56.9989 73.0657 97.1658 116.446 
-6.27744e+66 -6.27744e+66 -6.27744e+66 -6.27744e+66 -6.27744e+66 -6.27744e+66 -6.27744e+66 -6.27744e+66 -6.27744e+66 -6.27744e+66 45.7522 53.7856 69.8523 84.3124 
-6.27744e+66 -6.27744e+66 -6.27744e+66 -6.27744e+66 -6.27744e+66 -6.27744e+66 -6.27744e+66 -6.27744e+66 -6.27744e+66 -6.27744e+66 -6.27744e+66 45.7522 53.7856 63.4256 
-6.27744e+66 -6.27744e+66 -6.27744e+66 -6.27744e+66 -6.27744e+66 -6.27744e+66 -6.27744e+66 -6.27744e+66 -6.27744e+66 -6.27744e+66 -6.27744e+66 -6.27744e+66 45.7522 50.5722 
-6.27744e+66 -6.27744e+66 -6.27744e+66 -6.27744e+66 -6.27744e+66 -6.27744e+66 -6.27744e+66 -6.27744e+66 -6.27744e+66 -6.27744e+66 -6.27744e+66 -6.27744e+66 -6.27744e+66 45.7522 
-6.27744e+66 -6.27744e+66 -6.27744e+66 -6.27744e+66 -6.27744e+66 -6.27744e+66 -6.27744e+66 -6.27744e+66 -6.27744e+66 -6.27744e+66 -6.27744e+66 -6.27744e+66 -6.27744e+66 -6.27744e+66 
-6.27744e+66 25.7024 31.0132 31.0132 46.9453 78.8096 105.363 121.295 139.883 182.369 254.063 254.063 254.063 285.928 
-6.27744e+66 -6.27744e+66 25.7024 25.7024 36.3239 60.2221 81.465 94.7418 110.674 147.849 211.578 211.578 211.578 240.787 
-6.27744e+66 -6.27744e+66 -6.27744e+66 25.7024 31.0132 46.9453 62.8775 73.4989 86.7757 118.64 174.403 174.403 174.403 200.956 
-6.27744e+66 -6.27744e+66 -6.27744e+66 -6.27744e+66 25.7024 33.6685 44.29 52.256 62.8775 89.4311 137.228 137.228 137.228 161.126 
-6.27744e+66 -6.27744e+66 -6.27744e+66 -6.27744e+66 -6.27744e+66 25.7024 31.0132 36.3239 44.29 65.5328 105.363 105.363 105.363 126.606 
-6.27744e+66 -6.27744e+66 -6.27744e+66 -6.27744e+66 -6.27744e+66 -6.27744e+66 25.7024 28.3578 33.6685 49.6007 81.465 81.465 81.465 100.053 
-6.27744e+66 -6.27744e+66 -6.27744e+66 -6.27744e+66 -6.27744e+66 -6.27744e+66 -6.27744e+66 25.7024 28.3578 38.9792 62.8775 62.8775 62.8775 78.8096 
-6.27744e+66 -6.27744e+66 -6.27744e+66 -6.27744e+66 -6.27744e+66 -6.27744e+66 -6.27744e+66 -6.27744e+66 25.7024 31.0132 46.9453 46.9453 46.9453 60.2221 
-6.27744e+66 -6.27744e+66 -6.27744e+66 -6.27744e+66 -6.27744e+66 -6.27744e+66 -6.27744e+66 -6.27744e+66 -6.27744e+66 25.7024 33.6685 33.6685 33.6685 44.29 
-6.27744e+66 -6.27744e+66 -6.27744e+66 -6.27744e+66 -6.27744e+66 -6.27744e+66 -6.27744e+66 -6.27744e+66 -6.27744e+66 -6.27744e+66 25.7024 25.7024 25.7024 33.6685 
-6.27744e+66 -6.27744e+66 -6.27744e+66 -6.27744e+66 -6.27744e+66 -6.27744e+66 -6.27744e+66 -6.27744e+66 -6.27744e+66 -6.27744e+66 -6.27744e+66 25.7024 25.7024 31.0132 
-6.27744e+66 -6.27744e+66 -6.27744e+66 -6.27744e+66 -6.27744e+66 -6.27744e+66 -6.27744e+66 -6.27744e+66 -6.27744e+66 -6.27744e+66 -6.27744e+66 -6.27744e+66 25.7024 28.3578 
-6.27744e+66 -6.27744e+66 -6.27744e+66 -6.27744e+66 -6.27744e+66 -6.27744e+66 -6.27744e+66 -6.27744e+66 -6.27744e+66 -6.27744e+66 -6.27744e+66 -6.27744e+66 -6.27744e+66 25.7024 
-6.27744e+66 -6.27744e+66 -6.27744e+66 -6.27744e+66 -6.27744e+66 -6.27744e+66 -6.27744e+66 -6.27744e+66 -6.27744e+66 -6.27744e+66 -6.27744e+66 -6.27744e+66 -6.27744e+66 -6.27744e+66 
-6.27744e+66 5.43481 15.9045 15.9045 73.1797 107.668 141.54 145.236 192.657 202.511 285.652 304.128 310.903 325.683 
-6.27744e+66 -6.27744e+66 5.43481 5.43481 43.6183 69.4845 96.5824 99.6617 140.309 148.931 222.834 239.462 245.621 259.17 
-6.27744e+66 -6.27744e+66 -6.27744e+66 5.43481 24.5265 41.7707 62.0941 64.5576 98.43 105.82 170.486 185.267 190.809 203.127 
-6.27744e+66 -6.27744e+66 -6.27744e+66 -6.27744e+66 5.43481 14.0569 27.6059 29.4534 56.5514 62.71 118.138 131.071 135.998 147.083 
-6.27744e+66 -6.27744e+66 -6.27744e+66 -6.27744e+66 -6.27744e+66 5.43481 12.2093 13.441 33.7645 38.6914 84.881 95.9666 100.278 110.131 
-6.27744e+66 -6.27744e+66 -6.27744e+66 -6.27744e+66 -6.27744e+66 -6.27744e+66 5.43481 6.05067 19.5996 23.2948 60.2466 69.4845 73.1797 81.8017 
-6.27744e+66 -6.27744e+66 -6.27744e+66 -6.27744e+66 -6.27744e+66 -6.27744e+66 -6.27744e+66 5.43481 12.2093 14.6727 42.3865 49.7769 52.8562 60.2466 
-6.27744e+66 -6.27744e+66 -6.27744e+66 -6.27744e+66 -6.27744e+66 -6.27744e+66 -6.27744e+66 -6.27744e+66 5.43481 6.66653 25.1424 30.6852 33.1486 39.3072 
-6.27744e+66 -6.27744e+66 -6.27744e+66 -6.27744e+66 -6.27744e+66 -6.27744e+66 -6.27744e+66 -6.27744e+66 -6.27744e+66 5.43481 14.6727 18.3679 20.2155 25.1424 
-6.27744e+66 -6.27744e+66 -6.27744e+66 -6.27744e+66 -6.27744e+66 -6.27744e+66 -6.27744e+66 -6.27744e+66 -6.27744e+66 -6.27744e+66 5.43481 7.2824 8.51412 12.2093 
-6.27744e+66 -6.27744e+66 -6.27744e+66 -6.27744e+66 -6.27744e+66 -6.27744e+66 -6.27744e+66 -6.27744e+66 -6.27744e+66 -6.27744e+66 -6.27744e+66 5.43481 6.05067 8.51412 
-6.27744e+66 -6.27744e+66 -6.27744e+66 -6.27744e+66 -6.27744e+66 -6.27744e+66 -6.27744e+66 -6.27744e+66 -6.27744e+66 -6.27744e+66 -6.27744e+66 -6.27744e+66 5.43481 6.66653 
-6.27744e+66 -6.27744e+66 -6.27744e+66 -6.27744e+66 -6.27744e+66 -6.27744e+66 -6.27744e+66 -6.27744e+66 -6.27744e+66 -6.27744e+66 -6.27744e+66 -6.27744e+66 -6.27744e+66 5.43481 
-6.27744e+66 -6.27744e+66 -6.27744e+66 -6.27744e+66 -6.27744e+66 -6.27744e+66 -6.27744e+66 -6.27744e+66 -6.27744e+66 -6.27744e+66 -6.27744e+66 -6.27744e+66 -6.27744e+66 -6.27744e+66 
-6.27744e+66 50.1157 50.1157 77.1571 109.607 174.506 174.506 255.63 293.488 336.754 434.102 542.268 720.74 850.539 
-6.27744e+66 -6.27744e+66 50.1157 63.6364 85.2694 133.944 133.944 201.547 233.997 271.855 358.387 455.735 617.983 736.965 
-6.27744e+66 -6.27744e+66 -6.27744e+66 50.1157 60.9323 93.3818 93.3818 147.464 174.506 206.955 282.671 369.203 515.226 623.392 
-6.27744e+66 -6.27744e+66 -6.27744e+66 -6.27744e+66 50.1157 66.3405 66.3405 106.902 128.536 155.577 220.476 296.192 425.99 523.339 
-6.27744e+66 -6.27744e+66 -6.27744e+66 -6.27744e+66 -6.27744e+66 50.1157 50.1157 77.1571 93.3818 115.015 169.098 233.997 347.57 434.102 
-6.27744e+66 -6.27744e+66 -6.27744e+66 -6.27744e+66 -6.27744e+66 -6.27744e+66 50.1157 63.6364 74.4529 90.6777 133.944 188.026 285.375 361.091 
-6.27744e+66 -6.27744e+66 -6.27744e+66 -6.27744e+66 -6.27744e+66 -6.27744e+66 -6.27744e+66 50.1157 55.524 66.3405 98.7901 142.056 223.18 288.079 
-6.27744e+66 -6.27744e+66 -6.27744e+66 -6.27744e+66 -6.27744e+66 -6.27744e+66 -6.27744e+66 -6.27744e+66 50.1157 55.524 77.1571 109.607 174.506 228.588 
-6.27744e+66 -6.27744e+66 -6.27744e+66 -6.27744e+66 -6.27744e+66 -6.27744e+66 -6.27744e+66 -6.27744e+66 -6.27744e+66 50.1157 60.9323 82.5653 131.24 174.506 
-6.27744e+66 -6.27744e+66 -6.27744e+66 -6.27744e+66 -6.27744e+66 -6.27744e+66 -6.27744e+66 -6.27744e+66 -6.27744e+66 -6.27744e+66 50.1157 60.9323 93.3818 125.831 
-6.27744e+66 -6.27744e+66 -6.27744e+66 -6.27744e+66 -6.27744e+66 -6.27744e+66 -6.27744e+66 -6.27744e+66 -6.27744e+66 -6.27744e+66 -6.27744e+66 50.1157 66.3405 87.9736 
-6.27744e+66 -6.27744e+66 -6.27744e+66 -6.27744e+66 -6.27744e+66 -6.27744e+66 -6.27744e+66 -6.27744e+66 -6.27744e+66 -6.27744e+66 -6.27744e+66 -6.27744e+66 50.1157 60.9323 
-6.27744e+66 -6.27744e+66 -6.27744e+66 -6.27744e+66 -6.27744e+66 -6.27744e+66 -6.27744e+66 -6.27744e+66 -6.27744e+66 -6.27744e+66 -6.27744e+66 -6.27744e+66 -6.27744e+66 50.1157 
-6.27744e+66 -6.27744e+66 -6.27744e+66 -6.27744e+66 -6.27744e+66 -6.27744e+66 -6.27744e+66 -6.27744e+66 -6.27744e+66 -6.27744e+66 -6.27744e+66 -6.27744e+66 -6.27744e+66 -6.27744e+66 
-6.27744e+66 61.4676 67.6757 92.5077 117.34 150.449 233.223 258.055 272.54 272.54 328.413 328.413 464.989 539.485 
-6.27744e+66 -6.27744e+66 61.4676 73.8837 90.4384 115.27 181.489 202.183 214.599 214.599 264.263 264.263 388.423 456.712 
-6.27744e+66 -6.27744e+66 -6.27744e+66 61.4676 69.745 86.2997 135.964 152.519 162.865 162.865 206.321 206.321 318.066 380.146 
-6.27744e+66 -6.27744e+66 -6.27744e+66 -6.27744e+66 61.4676 69.745 102.854 115.27 123.548 123.548 160.796 160.796 260.124 315.996 
-6.27744e+66 -6.27744e+66 -6.27744e+66 -6.27744e+66 -6.27744e+66 61.4676 78.0224 86.2997 92.5077 92.5077 123.548 123.548 210.46 260.124 
-6.27744e+66 -6.27744e+66 -6.27744e+66 -6.27744e+66 -6.27744e+66 -6.27744e+66 61.4676 65.6063 69.745 69.745 94.5771 94.5771 169.073 212.529 
-6.27744e+66 -6.27744e+66 -6.27744e+66 -6.27744e+66 -6.27744e+66 -6.27744e+66 -6.27744e+66 61.4676 63.537 63.537 82.161 82.161 144.241 181.489 
-6.27744e+66 -6.27744e+66 -6.27744e+66 -6.27744e+66 -6.27744e+66 -6.27744e+66 -6.27744e+66 -6.27744e+66 61.4676 61.4676 73.8837 73.8837 123.548 154.588 
-6.27744e+66 -6.27744e+66 -6.27744e+66 -6.27744e+66 -6.27744e+66 -6.27744e+66 -6.27744e+66 -6.27744e+66 -6.27744e+66 61.4676 67.6757 67.6757 104.924 129.756 
-6.27744e+66 -6.27744e+66 -6.27744e+66 -6.27744e+66 -6.27744e+66 -6.27744e+66 -6.27744e+66 -6.27744e+66 -6.27744e+66 -6.27744e+66 61.4676 61.4676 86.2997 104.924 
-6.27744e+66 -6.27744e+66 -6.27744e+66 -6.27744e+66 -6.27744e+66 -6.27744e+66 -6.27744e+66 -6.27744e+66 -6.27744e+66 -6.27744e+66 -6.27744e+66 61.4676 73.8837 86.2997 
-6.27744e+66 -6.27744e+66 -6.27744e+66 -6.27744e+66 -6.27744e+66 -6.27744e+66 -6.27744e+66 -6.27744e+66 -6.27744e+66 -6.27744e+66 -6.27744e+66 -6.27744e+66 61.4676 67.6757 
-6.27744e+66 -6.27744e+66 -6.27744e+66 -6.27744e+66 -6.27744e+66 -6.27744e+66 -6.27744e+66 -6.27744e+66 -6.27744e+66 -6.27744e+66 -6.27744e+66 -6.27744e+66 -6.27744e+66 61.4676 
-6.27744e+66 -6.27744e+66 -6.27744e+66 -6.27744e+66 -6.27744e+66 -6.27744e+66 -6.27744e+66 -6.27744e+66 -6.27744e+66 -6.27744e+66 -6.27744e+66 -6.27744e+66 -6.27744e+66 -6.27744e+66 
-6.27744e+66 97.5763 100.072 130.014 130.014 130.014 229.824 229.824 334.624 394.51 506.795 531.748 916.014 916.014 
-6.27744e+66 -6.27744e+66 97.5763 112.548 112.548 112.548 192.395 192.395 282.224 334.624 434.433 456.89 806.224 806.224 
-6.27744e+66 -6.27744e+66 -6.27744e+66 97.5763 97.5763 97.5763 157.462 157.462 232.319 277.233 364.567 384.529 698.928 698.928 
-6.27744e+66 -6.27744e+66 -6.27744e+66 -6.27744e+66 97.5763 97.5763 137.5 137.5 197.386 234.814 309.671 327.138 606.605 606.605 
-6.27744e+66 -6.27744e+66 -6.27744e+66 -6.27744e+66 -6.27744e+66 97.5763 117.538 117.538 162.452 192.395 254.776 269.748 514.281 514.281 
-6.27744e+66 -6.27744e+66 -6.27744e+66 -6.27744e+66 -6.27744e+66 -6.27744e+66 97.5763 97.5763 127.519 149.976 199.881 212.357 421.957 421.957 
-6.27744e+66 -6.27744e+66 -6.27744e+66 -6.27744e+66 -6.27744e+66 -6.27744e+66 -6.27744e+66 97.5763 112.548 127.519 164.948 174.929 349.595 349.595 
-6.27744e+66 -6.27744e+66 -6.27744e+66 -6.27744e+66 -6.27744e+66 -6.27744e+66 -6.27744e+66 -6.27744e+66 97.5763 105.062 130.014 137.5 277.233 277.233 
-6.27744e+66 -6.27744e+66 -6.27744e+66 -6.27744e+66 -6.27744e+66 -6.27744e+66 -6.27744e+66 -6.27744e+66 -6.27744e+66 97.5763 110.053 115.043 219.843 219.843 
-6.27744e+66 -6.27744e+66 -6.27744e+66 -6.27744e+66 -6.27744e+66 -6.27744e+66 -6.27744e+66 -6.27744e+66 -6.27744e+66 -6.27744e+66 97.5763 100.072 169.938 169.938 
-6.27744e+66 -6.27744e+66 -6.27744e+66 -6.27744e+66 -6.27744e+66 -6.27744e+66 -6.27744e+66 -6.27744e+66 -6.27744e+66 -6.27744e+66 -6.27744e+66 97.5763 132.51 132.51 
-6.27744e+66 -6.27744e+66 -6.27744e+66 -6.27744e+66 -6.27744e+66 -6.27744e+66 -6.27744e+66 -6.27744e+66 -6.27744e+66 -6.27744e+66 -6.27744e+66 -6.27744e+66 97.5763 97.5763 
-6.27744e+66 -6.27744e+66 -6.27744e+66 -6.27744e+66 -6.27744e+66 -6.27744e+66 -6.27744e+66 -6.27744e+66 -6.27744e+66 -6.27744e+66 -6.27744e+66 -6.27744e+66 -6.27744e+66 97.5763 
-6.27744e+66 -6.27744e+66 -6.27744e+66 -6.27744e+66 -6.27744e+66 -6.27744e+66 -6.27744e+66 -6.27744e+66 -6.27744e+66 -6.27744e+66 -6.27744e+66 -6.27744e+66 -6.27744e+66 -6.27744e+66 
-6.27744e+66 17.8171 29.5415 29.5415 63.0399 65.2732 115.521 118.871 161.86 251.189 286.363 286.363 310.928 357.826 
-6.27744e+66 -6.27744e+66 17.8171 17.8171 40.1494 41.8243 82.0224 84.8139 121.662 199.825 231.09 231.09 253.423 296.412 
-6.27744e+66 -6.27744e+66 -6.27744e+66 17.8171 28.9832 30.0998 60.2484 62.4816 93.1885 160.185 187.542 187.542 207.641 246.723 
-6.27744e+66 -6.27744e+66 -6.27744e+66 -6.27744e+66 17.8171 18.3754 38.4744 40.1494 64.7148 120.546 143.994 143.994 161.86 197.034 
-6.27744e+66 -6.27744e+66 -6.27744e+66 -6.27744e+66 -6.27744e+66 17.8171 27.8666 28.9832 47.4073 92.0719 111.613 111.613 127.245 158.51 
-6.27744e+66 -6.27744e+66 -6.27744e+66 -6.27744e+66 -6.27744e+66 -6.27744e+66 17.8171 18.3754 30.6581 64.1565 79.7891 79.7891 93.1885 120.546 
-6.27744e+66 -6.27744e+66 -6.27744e+66 -6.27744e+66 -6.27744e+66 -6.27744e+66 -6.27744e+66 17.8171 23.9585 46.2907 58.0152 58.0152 69.1813 92.6302 
-6.27744e+66 -6.27744e+66 -6.27744e+66 -6.27744e+66 -6.27744e+66 -6.27744e+66 -6.27744e+66 -6.27744e+66 17.8171 28.9832 36.7995 36.7995 45.7324 65.2732 
-6.27744e+66 -6.27744e+66 -6.27744e+66 -6.27744e+66 -6.27744e+66 -6.27744e+66 -6.27744e+66 -6.27744e+66 -6.27744e+66 17.8171 21.7252 21.7252 28.4249 44.0575 
-6.27744e+66 -6.27744e+66 -6.27744e+66 -6.27744e+66 -6.27744e+66 -6.27744e+66 -6.27744e+66 -6.27744e+66 -6.27744e+66 -6.27744e+66 17.8171 17.8171 22.2835 34.008 
-6.27744e+66 -6.27744e+66 -6.27744e+66 -6.27744e+66 -6.27744e+66 -6.27744e+66 -6.27744e+66 -6.27744e+66 -6.27744e+66 -6.27744e+66 -6.27744e+66 17.8171 20.0503 27.8666 
-6.27744e+66 -6.27744e+66 -6.27744e+66 -6.27744e+66 -6.27744e+66 -6.27744e+66 -6.27744e+66 -6.27744e+66 -6.27744e+66 -6.27744e+66 -6.27744e+66 -6.27744e+66 17.8171 21.7252 
-6.27744e+66 -6.27744e+66 -6.27744e+66 -6.27744e+66 -6.27744e+66 -6.27744e+66 -6.27744e+66 -6.27744e+66 -6.27744e+66 -6.27744e+66 -6.27744e+66 -6.27744e+66 -6.27744e+66 17.8171 
-6.27744e+66 -6.27744e+66 -6.27744e+66 -6.27744e+66 -6.27744e+66 -6.27744e+66 -6.27744e+66 -6.27744e+66 -6.27744e+66 -6.27744e+66 -6.27744e+66 -6.27744e+66 -6.27744e+66 -6.27744e+66 
-6.27744e+66 26.3541 36.7109 51.5065 104.77 110.689 140.28 149.157 211.298 211.298 224.614 254.206 286.756 286.756 
-6.27744e+66 -6.27744e+66 26.3541 33.7518 69.2612 73.6998 97.3727 104.77 158.034 158.034 169.871 196.503 226.094 226.094 
-6.27744e+66 -6.27744e+66 -6.27744e+66 26.3541 44.1087 47.0678 64.8225 70.7407 115.127 115.127 125.484 149.157 175.789 175.789 
-6.27744e+66 -6.27744e+66 -6.27744e+66 -6.27744e+66 26.3541 27.8336 39.6701 44.1087 79.618 79.618 88.4954 109.209 132.882 132.882 
-6.27744e+66 -6.27744e+66 -6.27744e+66 -6.27744e+66 -6.27744e+66 26.3541 32.2723 35.2314 61.8634 61.8634 69.2612 87.0158 107.73 107.73 
-6.27744e+66 -6.27744e+66 -6.27744e+66 -6.27744e+66 -6.27744e+66 -6.27744e+66 26.3541 27.8336 45.5883 45.5883 51.5065 66.302 84.0567 84.0567 
-6.27744e+66 -6.27744e+66 -6.27744e+66 -6.27744e+66 -6.27744e+66 -6.27744e+66 -6.27744e+66 26.3541 35.2314 35.2314 39.6701 51.5065 66.302 66.302 
-6.27744e+66 -6.27744e+66 -6.27744e+66 -6.27744e+66 -6.27744e+66 -6.27744e+66 -6.27744e+66 -6.27744e+66 26.3541 26.3541 29.3132 38.1905 50.0269 50.0269 
-6.27744e+66 -6.27744e+66 -6.27744e+66 -6.27744e+66 -6.27744e+66 -6.27744e+66 -6.27744e+66 -6.27744e+66 -6.27744e+66 26.3541 27.8336 33.7518 42.6292 42.6292 
-6.27744e+66 -6.27744e+66 -6.27744e+66 -6.27744e+66 -6.27744e+66 -6.27744e+66 -6.27744e+66 -6.27744e+66 -6.27744e+66 -6.27744e+66 26.3541 29.3132 35.2314 35.2314 
-6.27744e+66 -6.27744e+66 -6.27744e+66 -6.27744e+66 -6.27744e+66 -6.27744e+66 -6.27744e+66 -6.27744e+66 -6.27744e+66 -6.27744e+66 -6.27744e+66 26.3541 29.3132 29.3132 
-6.27744e+66 -6.27744e+66 -6.27744e+66 -6.27744e+66 -6.27744e+66 -6.27744e+66 -6.27744e+66 -6.27744e+66 -6.27744e+66 -6.27744e+66 -6.27744e+66 -6.27744e+66 26.3541 26.3541 
-6.27744e+66 -6.27744e+66 -6.27744e+66 -6.27744e+66 -6.27744e+66 -6.27744e+66 -6.27744e+66 -6.27744e+66 -6.27744e+66 -6.27744e+66 -6.27744e+66 -6.27744e+66 -6.27744e+66 26.3541 
-6.27744e+66 -6.27744e+66 -6.27744e+66 -6.27744e+66 -6.27744e+66 -6.27744e+66 -6.27744e+66 -6.27744e+66 -6.27744e+66 -6.27744e+66 -6.27744e+66 -6.27744e+66 -6.27744e+66 -6.27744e+66 
-6.27744e+66 48.0055 71.828 114.179 122.12 164.471 204.175 331.228 349.757 392.108 487.398 619.745 677.978 805.031 
-6.27744e+66 -6.27744e+66 48.0055 69.1811 74.475 106.238 138.002 243.879 259.761 296.818 381.52 500.633 553.572 670.037 
-6.27744e+66 -6.27744e+66 -6.27744e+66 48.0055 50.6525 71.828 95.6505 180.353 193.587 225.351 299.465 405.343 452.988 558.865 
-6.27744e+66 -6.27744e+66 -6.27744e+66 -6.27744e+66 48.0055 58.5933 74.475 138.002 148.589 175.059 238.585 331.228 373.579 468.869 
-6.27744e+66 -6.27744e+66 -6.27744e+66 -6.27744e+66 -6.27744e+66 48.0055 55.9464 98.2975 106.238 127.414 180.353 259.761 296.818 381.52 
-6.27744e+66 -6.27744e+66 -6.27744e+66 -6.27744e+66 -6.27744e+66 -6.27744e+66 48.0055 69.1811 74.475 90.3566 132.708 198.881 230.645 304.759 
-6.27744e+66 -6.27744e+66 -6.27744e+66 -6.27744e+66 -6.27744e+66 -6.27744e+66 -6.27744e+66 48.0055 50.6525 61.2403 93.0036 145.942 172.412 235.938 
-6.27744e+66 -6.27744e+66 -6.27744e+66 -6.27744e+66 -6.27744e+66 -6.27744e+66 -6.27744e+66 -6.27744e+66 48.0055 53.2994 74.475 114.179 135.355 188.294 
-6.27744e+66 -6.27744e+66 -6.27744e+66 -6.27744e+66 -6.27744e+66 -6.27744e+66 -6.27744e+66 -6.27744e+66 -6.27744e+66 48.0055 58.5933 85.0627 100.944 143.295 
-6.27744e+66 -6.27744e+66 -6.27744e+66 -6.27744e+66 -6.27744e+66 -6.27744e+66 -6.27744e+66 -6.27744e+66 -6.27744e+66 -6.27744e+66 48.0055 61.2403 71.828 103.591 
-6.27744e+66 -6.27744e+66 -6.27744e+66 -6.27744e+66 -6.27744e+66 -6.27744e+66 -6.27744e+66 -6.27744e+66 -6.27744e+66 -6.27744e+66 -6.27744e+66 48.0055 53.2994 74.475 
-6.27744e+66 -6.27744e+66 -6.27744e+66 -6.27744e+66 -6.27744e+66 -6.27744e+66 -6.27744e+66 -6.27744e+66 -6.27744e+66 -6.27744e+66 -6.27744e+66 -6.27744e+66 48.0055 58.5933 
-6.27744e+66 -6.27744e+66 -6.27744e+66 -6.27744e+66 -6.27744e+66 -6.27744e+66 -6.27744e+66 -6.27744e+66 -6.27744e+66 -6.27744e+66 -6.27744e+66 -6.27744e+66 -6.27744e+66 48.0055 
-6.27744e+66 -6.27744e+66 -6.27744e+66 -6.27744e+66 -6.27744e+66 -6.27744e+66 -6.27744e+66 -6.27744e+66 -6.27744e+66 -6.27744e+66 -6.27744e+66 -6.27744e+66 -6.27744e+66 -6.27744e+66 
-6.27744e+66 24.9011 35.0792 55.4354 79.8629 128.718 159.252 159.252 216.25 313.959 368.921 470.702 605.053 605.053 
-6.27744e+66 -6.27744e+66 24.9011 35.0792 51.3642 88.0054 112.433 112.433 161.288 246.784 295.639 387.242 509.379 509.379 
-6.27744e+66 -6.27744e+66 -6.27744e+66 24.9011 33.0436 57.471 75.7916 75.7916 116.504 189.786 232.535 313.959 423.883 423.883 
-6.27744e+66 -6.27744e+66 -6.27744e+66 -6.27744e+66 24.9011 37.1148 49.3286 49.3286 81.8985 142.967 179.608 250.855 348.565 348.565 
-6.27744e+66 -6.27744e+66 -6.27744e+66 -6.27744e+66 -6.27744e+66 24.9011 31.0079 31.0079 55.4354 104.29 134.825 195.893 281.39 281.39 
-6.27744e+66 -6.27744e+66 -6.27744e+66 -6.27744e+66 -6.27744e+66 -6.27744e+66 24.9011 24.9011 41.1861 77.8273 102.255 153.145 226.428 226.428 
-6.27744e+66 -6.27744e+66 -6.27744e+66 -6.27744e+66 -6.27744e+66 -6.27744e+66 -6.27744e+66 24.9011 33.0436 57.471 75.7916 116.504 177.573 177.573 
-6.27744e+66 -6.27744e+66 -6.27744e+66 -6.27744e+66 -6.27744e+66 -6.27744e+66 -6.27744e+66 -6.27744e+66 24.9011 37.1148 49.3286 79.8629 128.718 128.718 
-6.27744e+66 -6.27744e+66 -6.27744e+66 -6.27744e+66 -6.27744e+66 -6.27744e+66 -6.27744e+66 -6.27744e+66 -6.27744e+66 24.9011 31.0079 51.3642 88.0054 88.0054 
-6.27744e+66 -6.27744e+66 -6.27744e+66 -6.27744e+66 -6.27744e+66 -6.27744e+66 -6.27744e+66 -6.27744e+66 -6.27744e+66 -6.27744e+66 24.9011 35.0792 59.5067 59.5067 
-6.27744e+66 -6.27744e+66 -6.27744e+66 -6.27744e+66 -6.27744e+66 -6.27744e+66 -6.27744e+66 -6.27744e+66 -6.27744e+66 -6.27744e+66 -6.27744e+66 24.9011 37.1148 37.1148 
-6.27744e+66 -6.27744e+66 -6.27744e+66 -6.27744e+66 -6.27744e+66 -6.27744e+66 -6.27744e+66 -6.27744e+66 -6.27744e+66 -6.27744e+66 -6.27744e+66 -6.27744e+66 24.9011 24.9011 
-6.27744e+66 -6.27744e+66 -6.27744e+66 -6.27744e+66 -6.27744e+66 -6.27744e+66 -6.27744e+66 -6.27744e+66 -6.27744e+66 -6.27744e+66 -6.27744e+66 -6.27744e+66 -6.27744e+66 24.9011 
-6.27744e+66 -6.27744e+66 -6.27744e+66 -6.27744e+66 -6.27744e+66 -6.27744e+66 -6.27744e+66 -6.27744e+66 -6.27744e+66 -6.27744e+66 -6.27744e+66 -6.27744e+66 -6.27744e+66 -6.27744e+66 
-6.27744e+66 88.5747 95.4243 149.167 236.104 280.363 369.935 395.226 476.367 670.263 727.167 932.655 1036.98 1087.56 
-6.27744e+66 -6.27744e+66 88.5747 115.446 173.404 206.598 278.256 299.331 368.881 538.54 589.122 774.061 868.901 915.267 
-6.27744e+66 -6.27744e+66 -6.27744e+66 88.5747 117.554 139.683 193.426 210.287 268.245 413.667 457.926 622.316 707.672 749.824 
-6.27744e+66 -6.27744e+66 -6.27744e+66 -6.27744e+66 88.5747 99.6395 135.468 148.113 194.48 315.665 353.601 497.443 573.315 611.251 
-6.27744e+66 -6.27744e+66 -6.27744e+66 -6.27744e+66 -6.27744e+66 88.5747 106.489 114.919 149.694 246.642 278.256 401.548 467.937 501.658 
-6.27744e+66 -6.27744e+66 -6.27744e+66 -6.27744e+66 -6.27744e+66 -6.27744e+66 88.5747 92.7899 115.973 188.684 213.975 316.719 373.623 403.129 
-6.27744e+66 -6.27744e+66 -6.27744e+66 -6.27744e+66 -6.27744e+66 -6.27744e+66 -6.27744e+66 88.5747 100.166 148.64 167.608 249.804 297.224 322.515 
-6.27744e+66 -6.27744e+66 -6.27744e+66 -6.27744e+66 -6.27744e+66 -6.27744e+66 -6.27744e+66 -6.27744e+66 88.5747 112.812 125.457 187.103 225.04 246.115 
-6.27744e+66 -6.27744e+66 -6.27744e+66 -6.27744e+66 -6.27744e+66 -6.27744e+66 -6.27744e+66 -6.27744e+66 -6.27744e+66 88.5747 94.8974 135.995 164.447 181.308 
-6.27744e+66 -6.27744e+66 -6.27744e+66 -6.27744e+66 -6.27744e+66 -6.27744e+66 -6.27744e+66 -6.27744e+66 -6.27744e+66 -6.27744e+66 88.5747 109.124 128.092 140.737 
-6.27744e+66 -6.27744e+66 -6.27744e+66 -6.27744e+66 -6.27744e+66 -6.27744e+66 -6.27744e+66 -6.27744e+66 -6.27744e+66 -6.27744e+66 -6.27744e+66 88.5747 98.0588 106.489 
-6.27744e+66 -6.27744e+66 -6.27744e+66 -6.27744e+66 -6.27744e+66 -6.27744e+66 -6.27744e+66 -6.27744e+66 -6.27744e+66 -6.27744e+66 -6.27744e+66 -6.27744e+66 88.5747 92.7899 
-6.27744e+66 -6.27744e+66 -6.27744e+66 -6.27744e+66 -6.27744e+66 -6.27744e+66 -6.27744e+66 -6.27744e+66 -6.27744e+66 -6.27744e+66 -6.27744e+66 -6.27744e+66 -6.27744e+66 88.5747 
-6.27744e+66 -6.27744e+66 -6.27744e+66 -6.27744e+66 -6.27744e+66 -6.27744e+66 -6.27744e+66 -6.27744e+66 -6.27744e+66 -6.27744e+66 -6.27744e+66 -6.27744e+66 -6.27744e+66 -6.27744e+66 
-6.27744e+66 12.9206 19.5863 39.5837 44.583 64.5803 97.9092 127.905 209.561 236.224 341.21 357.874 376.205 376.205 
-6.27744e+66 -6.27744e+66 12.9206 22.9192 26.2521 41.2501 67.9132 92.9098 162.9 186.231 279.551 294.549 311.214 311.214 
-6.27744e+66 -6.27744e+66 -6.27744e+66 12.9206 14.587 24.5857 44.583 64.5803 122.906 142.903 224.559 237.89 252.888 252.888 
-6.27744e+66 -6.27744e+66 -6.27744e+66 -6.27744e+66 12.9206 17.9199 31.2514 46.2494 92.9098 109.574 179.565 191.23 204.562 204.562 
-6.27744e+66 -6.27744e+66 -6.27744e+66 -6.27744e+66 -6.27744e+66 12.9206 19.5863 29.585 64.5803 77.9118 136.237 146.236 157.901 157.901 
-6.27744e+66 -6.27744e+66 -6.27744e+66 -6.27744e+66 -6.27744e+66 -6.27744e+66 12.9206 17.9199 41.2501 51.2488 97.9092 106.241 116.24 116.24 
-6.27744e+66 -6.27744e+66 -6.27744e+66 -6.27744e+66 -6.27744e+66 -6.27744e+66 -6.27744e+66 12.9206 24.5857 31.2514 66.2467 72.9125 81.2447 81.2447 
-6.27744e+66 -6.27744e+66 -6.27744e+66 -6.27744e+66 -6.27744e+66 -6.27744e+66 -6.27744e+66 -6.27744e+66 12.9206 16.2535 39.5837 44.583 51.2488 51.2488 
-6.27744e+66 -6.27744e+66 -6.27744e+66 -6.27744e+66 -6.27744e+66 -6.27744e+66 -6.27744e+66 -6.27744e+66 -6.27744e+66 12.9206 24.5857 27.9186 32.9179 32.9179 
-6.27744e+66 -6.27744e+66 -6.27744e+66 -6.27744e+66 -6.27744e+66 -6.27744e+66 -6.27744e+66 -6.27744e+66 -6.27744e+66 -6.27744e+66 12.9206 14.587 17.9199 17.9199 
-6.27744e+66 -6.27744e+66 -6.27744e+66 -6.27744e+66 -6.27744e+66 -6.27744e+66 -6.27744e+66 -6.27744e+66 -6.27744e+66 -6.27744e+66 -6.27744e+66 12.9206 14.587 14.587 
-6.27744e+66 -6.27744e+66 -6.27744e+66 -6.27744e+66 -6.27744e+66 -6.27744e+66 -6.27744e+66 -6.27744e+66 -6.27744e+66 -6.27744e+66 -6.27744e+66 -6.27744e+66 12.9206 12.9206 
-6.27744e+66 -6.27744e+66 -6.27744e+66 -6.27744e+66 -6.27744e+66 -6.27744e+66 -6.27744e+66 -6.27744e+66 -6.27744e+66 -6.27744e+66 -6.27744e+66 -6.27744e+66 -6.27744e+66 12.9206 
-6.27744e+66 -6.27744e+66 -6.27744e+66 -6.27744e+66 -6.27744e+66 -6.27744e+66 -6.27744e+66 -6.27744e+66 -6.27744e+66 -6.27744e+66 -6.27744e+66 -6.27744e+66 -6.27744e+66 -6.27744e+66 
-6.27744e+66 97.5781 131.357 181.633 188.703 270.401 458.935 595.622 672.606 810.864 839.144 1035.53 1182.43 1229.57 
-6.27744e+66 -6.27744e+66 97.5781 122.716 127.429 188.703 339.53 453.436 519.423 640.398 665.536 842.287 975.831 1019.04 
-6.27744e+66 -6.27744e+66 -6.27744e+66 97.5781 99.9348 140.784 253.904 345.029 400.018 503.711 525.707 682.818 803.009 842.287 
-6.27744e+66 -6.27744e+66 -6.27744e+66 -6.27744e+66 97.5781 118.003 193.416 261.76 305.751 392.162 411.016 548.488 655.324 690.674 
-6.27744e+66 -6.27744e+66 -6.27744e+66 -6.27744e+66 -6.27744e+66 97.5781 135.285 180.847 213.841 282.97 298.681 416.514 509.996 541.418 
-6.27744e+66 -6.27744e+66 -6.27744e+66 -6.27744e+66 -6.27744e+66 -6.27744e+66 97.5781 120.359 142.355 194.202 206.771 304.965 385.092 412.587 
-6.27744e+66 -6.27744e+66 -6.27744e+66 -6.27744e+66 -6.27744e+66 -6.27744e+66 -6.27744e+66 97.5781 108.576 143.14 152.567 231.123 297.895 321.462 
-6.27744e+66 -6.27744e+66 -6.27744e+66 -6.27744e+66 -6.27744e+66 -6.27744e+66 -6.27744e+66 -6.27744e+66 97.5781 114.86 121.145 180.062 233.48 253.119 
-6.27744e+66 -6.27744e+66 -6.27744e+66 -6.27744e+66 -6.27744e+66 -6.27744e+66 -6.27744e+66 -6.27744e+66 -6.27744e+66 97.5781 100.72 139.998 180.062 195.773 
-6.27744e+66 -6.27744e+66 -6.27744e+66 -6.27744e+66 -6.27744e+66 -6.27744e+66 -6.27744e+66 -6.27744e+66 -6.27744e+66 -6.27744e+66 97.5781 117.217 143.926 155.709 
-6.27744e+66 -6.27744e+66 -6.27744e+66 -6.27744e+66 -6.27744e+66 -6.27744e+66 -6.27744e+66 -6.27744e+66 -6.27744e+66 -6.27744e+66 -6.27744e+66 97.5781 110.933 118.788 
-6.27744e+66 -6.27744e+66 -6.27744e+66 -6.27744e+66 -6.27744e+66 -6.27744e+66 -6.27744e+66 -6.27744e+66 -6.27744e+66 -6.27744e+66 -6.27744e+66 -6.27744e+66 97.5781 101.506 
-6.27744e+66 -6.27744e+66 -6.27744e+66 -6.27744e+66 -6.27744e+66 -6.27744e+66 -6.27744e+66 -6.27744e+66 -6.27744e+66 -6.27744e+66 -6.27744e+66 -6.27744e+66 -6.27744e+66 97.5781 
-6.27744e+66 -6.27744e+66 -6.27744e+66 -6.27744e+66 -6.27744e+66 -6.27744e+66 -6.27744e+66 -6.27744e+66 -6.27744e+66 -6.27744e+66 -6.27744e+66 -6.27744e+66 -6.27744e+66 -6.27744e+66 
-6.27744e+66 16.6742 21.6395 49.445 55.4033 122.931 177.549 249.048 311.611 359.277 368.215 368.215 411.909 423.826 
-6.27744e+66 -6.27744e+66 16.6742 30.577 34.5492 85.1949 128.889 188.472 242.097 283.805 291.75 291.75 331.472 342.395 
-6.27744e+66 -6.27744e+66 -6.27744e+66 16.6742 18.6603 52.4241 85.1949 132.861 177.549 213.299 220.25 220.25 256 265.93 
-6.27744e+66 -6.27744e+66 -6.27744e+66 -6.27744e+66 16.6742 33.5561 55.4033 91.1532 126.903 156.695 162.653 162.653 194.431 203.368 
-6.27744e+66 -6.27744e+66 -6.27744e+66 -6.27744e+66 -6.27744e+66 16.6742 27.5978 51.4311 78.2435 102.077 107.042 107.042 134.847 142.792 
-6.27744e+66 -6.27744e+66 -6.27744e+66 -6.27744e+66 -6.27744e+66 -6.27744e+66 16.6742 28.5909 46.4658 64.3407 68.313 68.313 92.1462 99.0976 
-6.27744e+66 -6.27744e+66 -6.27744e+66 -6.27744e+66 -6.27744e+66 -6.27744e+66 -6.27744e+66 16.6742 25.6117 37.5283 40.5075 40.5075 60.3685 66.3269 
-6.27744e+66 -6.27744e+66 -6.27744e+66 -6.27744e+66 -6.27744e+66 -6.27744e+66 -6.27744e+66 -6.27744e+66 16.6742 22.6325 24.6187 24.6187 40.5075 45.4728 
-6.27744e+66 -6.27744e+66 -6.27744e+66 -6.27744e+66 -6.27744e+66 -6.27744e+66 -6.27744e+66 -6.27744e+66 -6.27744e+66 16.6742 17.6673 17.6673 29.5839 33.5561 
-6.27744e+66 -6.27744e+66 -6.27744e+66 -6.27744e+66 -6.27744e+66 -6.27744e+66 -6.27744e+66 -6.27744e+66 -6.27744e+66 -6.27744e+66 16.6742 16.6742 24.6187 27.5978 
-6.27744e+66 -6.27744e+66 -6.27744e+66 -6.27744e+66 -6.27744e+66 -6.27744e+66 -6.27744e+66 -6.27744e+66 -6.27744e+66 -6.27744e+66 -6.27744e+66 16.6742 20.6464 22.6325 
-6.27744e+66 -6.27744e+66 -6.27744e+66 -6.27744e+66 -6.27744e+66 -6.27744e+66 -6.27744e+66 -6.27744e+66 -6.27744e+66 -6.27744e+66 -6.27744e+66 -6.27744e+66 16.6742 17.6673 
-6.27744e+66 -6.27744e+66 -6.27744e+66 -6.27744e+66 -6.27744e+66 -6.27744e+66 -6.27744e+66 -6.27744e+66 -6.27744e+66 -6.27744e+66 -6.27744e+66 -6.27744e+66 -6.27744e+66 16.6742 
-6.27744e+66 -6.27744e+66 -6.27744e+66 -6.27744e+66 -6.27744e+66 -6.27744e+66 -6.27744e+66 -6.27744e+66 -6.27744e+66 -6.27744e+66 -6.27744e+66 -6.27744e+66 -6.27744e+66 -6.27744e+66 
-6.27744e+66 101.299 118.171 141.37 166.679 191.987 228.895 304.82 430.307 506.232 534.704 735.062 758.261 758.261 
-6.27744e+66 -6.27744e+66 101.299 112.898 129.771 148.752 178.278 241.549 349.109 415.544 440.852 621.174 642.264 642.264 
-6.27744e+66 -6.27744e+66 -6.27744e+66 101.299 109.735 122.389 144.534 195.15 284.784 341.728 363.873 524.159 543.14 543.14 
-6.27744e+66 -6.27744e+66 -6.27744e+66 -6.27744e+66 101.299 107.626 122.389 160.351 232.058 279.512 298.493 438.743 455.615 455.615 
-6.27744e+66 -6.27744e+66 -6.27744e+66 -6.27744e+66 -6.27744e+66 101.299 108.68 133.989 187.769 225.731 241.549 361.764 376.527 376.527 
-6.27744e+66 -6.27744e+66 -6.27744e+66 -6.27744e+66 -6.27744e+66 -6.27744e+66 101.299 113.953 149.806 178.278 190.932 291.111 303.765 303.765 
-6.27744e+66 -6.27744e+66 -6.27744e+66 -6.27744e+66 -6.27744e+66 -6.27744e+66 -6.27744e+66 101.299 119.225 138.207 147.697 227.84 238.385 238.385 
-6.27744e+66 -6.27744e+66 -6.27744e+66 -6.27744e+66 -6.27744e+66 -6.27744e+66 -6.27744e+66 -6.27744e+66 101.299 110.789 117.116 177.224 185.66 185.66 
-6.27744e+66 -6.27744e+66 -6.27744e+66 -6.27744e+66 -6.27744e+66 -6.27744e+66 -6.27744e+66 -6.27744e+66 -6.27744e+66 101.299 104.462 144.534 150.861 150.861 
-6.27744e+66 -6.27744e+66 -6.27744e+66 -6.27744e+66 -6.27744e+66 -6.27744e+66 -6.27744e+66 -6.27744e+66 -6.27744e+66 -6.27744e+66 101.299 121.334 125.552 125.552 
-6.27744e+66 -6.27744e+66 -6.27744e+66 -6.27744e+66 -6.27744e+66 -6.27744e+66 -6.27744e+66 -6.27744e+66 -6.27744e+66 -6.27744e+66 -6.27744e+66 101.299 103.408 103.408 
-6.27744e+66 -6.27744e+66 -6.27744e+66 -6.27744e+66 -6.27744e+66 -6.27744e+66 -6.27744e+66 -6.27744e+66 -6.27744e+66 -6.27744e+66 -6.27744e+66 -6.27744e+66 101.299 101.299 
-6.27744e+66 -6.27744e+66 -6.27744e+66 -6.27744e+66 -6.27744e+66 -6.27744e+66 -6.27744e+66 -6.27744e+66 -6.27744e+66 -6.27744e+66 -6.27744e+66 -6.27744e+66 -6.27744e+66 101.299 
-6.27744e+66 -6.27744e+66 -6.27744e+66 -6.27744e+66 -6.27744e+66 -6.27744e+66 -6.27744e+66 -6.27744e+66 -6.27744e+66 -6.27744e+66 -6.27744e+66 -6.27744e+66 -6.27744e+66 -6.27744e+66 
-6.27744e+66 82.83 109.68 125.791 155.997 172.107 276.153 425.172 523.848 647.359 870.889 1031.99 1105.83 1250.82 
-6.27744e+66 -6.27744e+66 82.83 90.8851 111.023 123.106 206.342 330.525 415.103 523.176 721.869 866.861 933.987 1066.9 
-6.27744e+66 -6.27744e+66 -6.27744e+66 82.83 92.8989 100.954 163.381 262.728 333.21 425.844 599.7 728.582 788.995 909.822 
-6.27744e+66 -6.27744e+66 -6.27744e+66 -6.27744e+66 82.83 86.8575 128.476 202.985 259.371 336.566 485.586 598.357 652.058 760.802 
-6.27744e+66 -6.27744e+66 -6.27744e+66 -6.27744e+66 -6.27744e+66 82.83 103.639 153.312 195.602 257.357 381.541 478.202 525.19 621.851 
-6.27744e+66 -6.27744e+66 -6.27744e+66 -6.27744e+66 -6.27744e+66 -6.27744e+66 82.83 107.667 135.859 182.176 281.523 362.074 402.35 486.928 
-6.27744e+66 -6.27744e+66 -6.27744e+66 -6.27744e+66 -6.27744e+66 -6.27744e+66 -6.27744e+66 82.83 96.9264 127.804 202.314 266.755 300.318 372.814 
-6.27744e+66 -6.27744e+66 -6.27744e+66 -6.27744e+66 -6.27744e+66 -6.27744e+66 -6.27744e+66 -6.27744e+66 82.83 98.2689 147.942 196.273 223.123 283.537 
-6.27744e+66 -6.27744e+66 -6.27744e+66 -6.27744e+66 -6.27744e+66 -6.27744e+66 -6.27744e+66 -6.27744e+66 -6.27744e+66 82.83 107.667 139.887 160.025 208.356 
-6.27744e+66 -6.27744e+66 -6.27744e+66 -6.27744e+66 -6.27744e+66 -6.27744e+66 -6.27744e+66 -6.27744e+66 -6.27744e+66 -6.27744e+66 82.83 98.9402 112.365 148.613 
-6.27744e+66 -6.27744e+66 -6.27744e+66 -6.27744e+66 -6.27744e+66 -6.27744e+66 -6.27744e+66 -6.27744e+66 -6.27744e+66 -6.27744e+66 -6.27744e+66 82.83 89.5426 113.708 
-6.27744e+66 -6.27744e+66 -6.27744e+66 -6.27744e+66 -6.27744e+66 -6.27744e+66 -6.27744e+66 -6.27744e+66 -6.27744e+66 -6.27744e+66 -6.27744e+66 -6.27744e+66 82.83 94.9126 
-6.27744e+66 -6.27744e+66 -6.27744e+66 -6.27744e+66 -6.27744e+66 -6.27744e+66 -6.27744e+66 -6.27744e+66 -6.27744e+66 -6.27744e+66 -6.27744e+66 -6.27744e+66 -6.27744e+66 82.83 
-6.27744e+66 -6.27744e+66 -6.27744e+66 -6.27744e+66 -6.27744e+66 -6.27744e+66 -6.27744e+66 -6.27744e+66 -6.27744e+66 -6.27744e+66 -6.27744e+66 -6.27744e+66 -6.27744e+66 -6.27744e+66 
-6.27744e+66 76.0145 87.5702 104.904 148.238 148.238 177.128 177.128 399.576 515.134 567.135 653.803 908.031 1116.03 
-6.27744e+66 -6.27744e+66 76.0145 84.6813 113.571 113.571 136.682 136.682 327.353 428.466 474.689 552.69 783.806 974.476 
-6.27744e+66 -6.27744e+66 -6.27744e+66 76.0145 90.4592 90.4592 107.793 107.793 266.685 353.353 393.798 463.133 671.137 844.474 
-6.27744e+66 -6.27744e+66 -6.27744e+66 -6.27744e+66 76.0145 76.0145 87.5702 87.5702 214.684 286.907 321.575 382.243 567.135 723.138 
-6.27744e+66 -6.27744e+66 -6.27744e+66 -6.27744e+66 -6.27744e+66 76.0145 81.7924 81.7924 177.128 234.906 263.796 315.797 477.578 616.247 
-6.27744e+66 -6.27744e+66 -6.27744e+66 -6.27744e+66 -6.27744e+66 -6.27744e+66 76.0145 76.0145 139.571 182.905 206.017 249.351 388.02 509.356 
-6.27744e+66 -6.27744e+66 -6.27744e+66 -6.27744e+66 -6.27744e+66 -6.27744e+66 -6.27744e+66 76.0145 107.793 136.682 154.016 188.683 304.241 408.243 
-6.27744e+66 -6.27744e+66 -6.27744e+66 -6.27744e+66 -6.27744e+66 -6.27744e+66 -6.27744e+66 -6.27744e+66 76.0145 90.4592 102.015 128.015 220.462 307.13 
-6.27744e+66 -6.27744e+66 -6.27744e+66 -6.27744e+66 -6.27744e+66 -6.27744e+66 -6.27744e+66 -6.27744e+66 -6.27744e+66 76.0145 81.7924 99.126 168.461 237.795 
-6.27744e+66 -6.27744e+66 -6.27744e+66 -6.27744e+66 -6.27744e+66 -6.27744e+66 -6.27744e+66 -6.27744e+66 -6.27744e+66 -6.27744e+66 76.0145 84.6813 130.904 182.905 
-6.27744e+66 -6.27744e+66 -6.27744e+66 -6.27744e+66 -6.27744e+66 -6.27744e+66 -6.27744e+66 -6.27744e+66 -6.27744e+66 -6.27744e+66 -6.27744e+66 76.0145 99.126 133.793 
-6.27744e+66 -6.27744e+66 -6.27744e+66 -6.27744e+66 -6.27744e+66 -6.27744e+66 -6.27744e+66 -6.27744e+66 -6.27744e+66 -6.27744e+66 -6.27744e+66 -6.27744e+66 76.0145 93.3481 
-6.27744e+66 -6.27744e+66 -6.27744e+66 -6.27744e+66 -6.27744e+66 -6.27744e+66 -6.27744e+66 -6.27744e+66 -6.27744e+66 -6.27744e+66 -6.27744e+66 -6.27744e+66 -6.27744e+66 76.0145 
-6.27744e+66 -6.27744e+66 -6.27744e+66 -6.27744e+66 -6.27744e+66 -6.27744e+66 -6.27744e+66 -6.27744e+66 -6.27744e+66 -6.27744e+66 -6.27744e+66 -6.27744e+66 -6.27744e+66 -6.27744e+66 
-6.27744e+66 47.6834 66.695 85.7065 119.409 171.258 179.9 242.12 284.464 339.77 370.88 517.787 707.903 853.082 
-6.27744e+66 -6.27744e+66 47.6834 57.1892 79.6574 118.545 125.458 177.308 213.602 261.995 289.649 421.865 594.698 727.778 
-6.27744e+66 -6.27744e+66 -6.27744e+66 47.6834 58.9175 84.8423 90.0273 131.507 161.753 203.232 227.429 344.955 500.504 621.487 
-6.27744e+66 -6.27744e+66 -6.27744e+66 -6.27744e+66 47.6834 60.6458 64.1025 95.2123 119.409 153.975 174.715 277.55 415.816 524.7 
-6.27744e+66 -6.27744e+66 -6.27744e+66 -6.27744e+66 -6.27744e+66 47.6834 49.4117 70.1516 88.299 115.952 133.235 221.38 342.362 439.148 
-6.27744e+66 -6.27744e+66 -6.27744e+66 -6.27744e+66 -6.27744e+66 -6.27744e+66 47.6834 58.0533 70.1516 90.8915 104.718 178.172 281.871 366.559 
-6.27744e+66 -6.27744e+66 -6.27744e+66 -6.27744e+66 -6.27744e+66 -6.27744e+66 -6.27744e+66 47.6834 53.7325 67.5591 77.9291 136.692 223.108 295.698 
-6.27744e+66 -6.27744e+66 -6.27744e+66 -6.27744e+66 -6.27744e+66 -6.27744e+66 -6.27744e+66 -6.27744e+66 47.6834 54.5967 61.51 105.582 174.715 235.206 
-6.27744e+66 -6.27744e+66 -6.27744e+66 -6.27744e+66 -6.27744e+66 -6.27744e+66 -6.27744e+66 -6.27744e+66 -6.27744e+66 47.6834 51.1401 80.5215 132.371 180.764 
-6.27744e+66 -6.27744e+66 -6.27744e+66 -6.27744e+66 -6.27744e+66 -6.27744e+66 -6.27744e+66 -6.27744e+66 -6.27744e+66 -6.27744e+66 47.6834 62.3741 96.9406 133.235 
-6.27744e+66 -6.27744e+66 -6.27744e+66 -6.27744e+66 -6.27744e+66 -6.27744e+66 -6.27744e+66 -6.27744e+66 -6.27744e+66 -6.27744e+66 -6.27744e+66 47.6834 64.9666 89.1631 
-6.27744e+66 -6.27744e+66 -6.27744e+66 -6.27744e+66 -6.27744e+66 -6.27744e+66 -6.27744e+66 -6.27744e+66 -6.27744e+66 -6.27744e+66 -6.27744e+66 -6.27744e+66 47.6834 59.7817 
-6.27744e+66 -6.27744e+66 -6.27744e+66 -6.27744e+66 -6.27744e+66 -6.27744e+66 -6.27744e+66 -6.27744e+66 -6.27744e+66 -6.27744e+66 -6.27744e+66 -6.27744e+66 -6.27744e+66 47.6834 
-6.27744e+66 -6.27744e+66 -6.27744e+66 -6.27744e+66 -6.27744e+66 -6.27744e+66 -6.27744e+66 -6.27744e+66 -6.27744e+66 -6.27744e+66 -6.27744e+66 -6.27744e+66 -6.27744e+66 -6.27744e+66 
-6.27744e+66 40.2865 47.0506 60.5788 87.6353 105.673 105.673 159.786 238.701 274.776 355.945 446.133 619.746 782.085 
-6.27744e+66 -6.27744e+66 40.2865 47.0506 65.0883 78.6165 78.6165 123.711 191.352 222.918 295.068 376.238 534.067 682.878 
-6.27744e+66 -6.27744e+66 -6.27744e+66 40.2865 49.3053 58.3241 58.3241 94.3994 150.767 177.824 240.955 313.106 455.152 590.435 
-6.27744e+66 -6.27744e+66 -6.27744e+66 -6.27744e+66 40.2865 44.7959 44.7959 71.8524 116.946 139.494 193.606 256.738 383.002 504.756 
-6.27744e+66 -6.27744e+66 -6.27744e+66 -6.27744e+66 -6.27744e+66 40.2865 40.2865 58.3241 92.1447 110.182 155.276 209.389 319.87 428.096 
-6.27744e+66 -6.27744e+66 -6.27744e+66 -6.27744e+66 -6.27744e+66 -6.27744e+66 40.2865 49.3053 71.8524 85.3806 121.456 166.55 261.248 355.945 
-6.27744e+66 -6.27744e+66 -6.27744e+66 -6.27744e+66 -6.27744e+66 -6.27744e+66 -6.27744e+66 40.2865 51.56 60.5788 87.6353 123.711 202.625 283.795 
-6.27744e+66 -6.27744e+66 -6.27744e+66 -6.27744e+66 -6.27744e+66 -6.27744e+66 -6.27744e+66 -6.27744e+66 40.2865 44.7959 62.8335 89.89 153.022 220.663 
-6.27744e+66 -6.27744e+66 -6.27744e+66 -6.27744e+66 -6.27744e+66 -6.27744e+66 -6.27744e+66 -6.27744e+66 -6.27744e+66 40.2865 49.3053 67.343 114.692 168.805 
-6.27744e+66 -6.27744e+66 -6.27744e+66 -6.27744e+66 -6.27744e+66 -6.27744e+66 -6.27744e+66 -6.27744e+66 -6.27744e+66 -6.27744e+66 40.2865 49.3053 80.8712 121.456 
-6.27744e+66 -6.27744e+66 -6.27744e+66 -6.27744e+66 -6.27744e+66 -6.27744e+66 -6.27744e+66 -6.27744e+66 -6.27744e+66 -6.27744e+66 -6.27744e+66 40.2865 56.0694 83.1259 
-6.27744e+66 -6.27744e+66 -6.27744e+66 -6.27744e+66 -6.27744e+66 -6.27744e+66 -6.27744e+66 -6.27744e+66 -6.27744e+66 -6.27744e+66 -6.27744e+66 -6.27744e+66 40.2865 53.8147 
-6.27744e+66 -6.27744e+66 -6.27744e+66 -6.27744e+66 -6.27744e+66 -6.27744e+66 -6.27744e+66 -6.27744e+66 -6.27744e+66 -6.27744e+66 -6.27744e+66 -6.27744e+66 -6.27744e+66 40.2865 
-6.27744e+66 -6.27744e+66 -6.27744e+66 -6.27744e+66 -6.27744e+66 -6.27744e+66 -6.27744e+66 -6.27744e+66 -6.27744e+66 -6.27744e+66 -6.27744e+66 -6.27744e+66 -6.27744e+66 -6.27744e+66 
