13 10
1000 1000 1000 1000 1000 1000 1000 1000 1000 1000 1000 1000 1000 
item 0
10 40 30 20 110 10 15 20 90 20 45 25 15 
18.6185 18.6185 18.6185 18.6185 18.6185 18.6185 18.6185 18.6185 18.6185 18.6185 18.6185 18.6185 18.6185 
0.369074 0.369074 0.369074 0.369074 0.369074 0.369074 0.369074 0.369074 0.369074 0.369074 0.369074 0.369074 0.369074 
item 1
25 75 45 35 20 10 5 90 15 105 20 35 70 
154.94 154.94 154.94 154.94 154.94 154.94 154.94 154.94 154.94 154.94 154.94 154.94 154.94 
0.585132 0.585132 0.585132 0.585132 0.585132 0.585132 0.585132 0.585132 0.585132 0.585132 0.585132 0.585132 0.585132 
item 2
0 15 85 35 55 45 0 35 0 0 30 5 55 
105.976 105.976 105.976 105.976 105.976 105.976 105.976 105.976 105.976 105.976 105.976 105.976 105.976 
0.423195 0.423195 0.423195 0.423195 0.423195 0.423195 0.423195 0.423195 0.423195 0.423195 0.423195 0.423195 0.423195 
item 3
40 25 155 150 50 20 5 10 0 70 10 10 105 
12.1989 12.1989 12.1989 12.1989 12.1989 12.1989 12.1989 12.1989 12.1989 12.1989 12.1989 12.1989 12.1989 
0.207893 0.207893 0.207893 0.207893 0.207893 0.207893 0.207893 0.207893 0.207893 0.207893 0.207893 0.207893 0.207893 
item 4
125 245 280 195 165 235 70 0 205 195 115 20 90 
114.393 114.393 114.393 114.393 114.393 114.393 114.393 114.393 114.393 114.393 114.393 114.393 114.393 
0.134166 0.134166 0.134166 0.134166 0.134166 0.134166 0.134166 0.134166 0.134166 0.134166 0.134166 0.134166 0.134166 
item 5
210 60 55 150 90 200 10 200 230 120 80 30 90 
207.925 207.925 207.925 207.925 207.925 207.925 207.925 207.925 207.925 207.925 207.925 207.925 207.925 
0.269641 0.269641 0.269641 0.269641 0.269641 0.269641 0.269641 0.269641 0.269641 0.269641 0.269641 0.269641 0.269641 
item 6
50 10 85 30 65 120 30 210 75 105 40 160 105 
16.1091 16.1091 16.1091 16.1091 16.1091 16.1091 16.1091 16.1091 16.1091 16.1091 16.1091 16.1091 16.1091 
0.158801 0.158801 0.158801 0.158801 0.158801 0.158801 0.158801 0.158801 0.158801 0.158801 0.158801 0.158801 0.158801 
item 7
235 5 95 80 185 100 170 280 30 220 315 305 95 
122.068 122.068 122.068 122.068 122.068 122.068 122.068 122.068 122.068 122.068 122.068 122.068 122.068 
0.109302 0.109302 0.109302 0.109302 0.109302 0.109302 0.109302 0.109302 0.109302 0.109302 0.109302 0.109302 0.109302 
item 8
15 5 10 5 15 25 30 5 25 0 10 0 15 
10.0516 10.0516 10.0516 10.0516 10.0516 10.0516 10.0516 10.0516 10.0516 10.0516 10.0516 10.0516 10.0516 
0.431566 0.431566 0.431566 0.431566 0.431566 0.431566 0.431566 0.431566 0.431566 0.431566 0.431566 0.431566 0.431566 
item 9
210 345 570 80 105 375 50 335 355 305 525 35 50 
237.72 237.72 237.72 237.72 237.72 237.72 237.72 237.72 237.72 237.72 237.72 237.72 237.72 
0.123264 0.123264 0.123264 0.123264 0.123264 0.123264 0.123264 0.123264 0.123264 0.123264 0.123264 0.123264 0.123264 
