13 20
1000 1000 1000 1000 1000 1000 1000 1000 1000 1000 1000 1000 1000 
item 0
0 65 0 25 50 35 50 20 0 0 20 50 45 
67.2225 67.2225 67.2225 67.2225 67.2225 67.2225 67.2225 67.2225 67.2225 67.2225 67.2225 67.2225 67.2225 
0.297676 0.297676 0.297676 0.297676 0.297676 0.297676 0.297676 0.297676 0.297676 0.297676 0.297676 0.297676 0.297676 
item 1
5 25 30 0 0 20 10 10 20 35 40 25 30 
66.4114 66.4114 66.4114 66.4114 66.4114 66.4114 66.4114 66.4114 66.4114 66.4114 66.4114 66.4114 66.4114 
0.55189 0.55189 0.55189 0.55189 0.55189 0.55189 0.55189 0.55189 0.55189 0.55189 0.55189 0.55189 0.55189 
item 2
5 30 5 20 75 15 25 10 0 15 30 85 25 
28.1463 28.1463 28.1463 28.1463 28.1463 28.1463 28.1463 28.1463 28.1463 28.1463 28.1463 28.1463 28.1463 
0.286209 0.286209 0.286209 0.286209 0.286209 0.286209 0.286209 0.286209 0.286209 0.286209 0.286209 0.286209 0.286209 
item 3
10 55 40 20 25 30 80 0 0 10 5 90 35 
28.2652 28.2652 28.2652 28.2652 28.2652 28.2652 28.2652 28.2652 28.2652 28.2652 28.2652 28.2652 28.2652 
0.204247 0.204247 0.204247 0.204247 0.204247 0.204247 0.204247 0.204247 0.204247 0.204247 0.204247 0.204247 0.204247 
item 4
20 20 15 15 15 20 15 0 5 0 0 5 5 
2.81136 2.81136 2.81136 2.81136 2.81136 2.81136 2.81136 2.81136 2.81136 2.81136 2.81136 2.81136 2.81136 
0.272949 0.272949 0.272949 0.272949 0.272949 0.272949 0.272949 0.272949 0.272949 0.272949 0.272949 0.272949 0.272949 
item 5
0 0 40 35 5 15 5 75 0 40 15 25 60 
1.10034 1.10034 1.10034 1.10034 1.10034 1.10034 1.10034 1.10034 1.10034 1.10034 1.10034 1.10034 1.10034 
0.174517 0.174517 0.174517 0.174517 0.174517 0.174517 0.174517 0.174517 0.174517 0.174517 0.174517 0.174517 0.174517 
item 6
0 10 20 15 35 15 35 25 30 15 0 15 5 
37.6845 37.6845 37.6845 37.6845 37.6845 37.6845 37.6845 37.6845 37.6845 37.6845 37.6845 37.6845 37.6845 
0.468933 0.468933 0.468933 0.468933 0.468933 0.468933 0.468933 0.468933 0.468933 0.468933 0.468933 0.468933 0.468933 
item 7
180 200 100 180 10 10 65 205 0 30 95 165 140 
45.605 45.605 45.605 45.605 45.605 45.605 45.605 45.605 45.605 45.605 45.605 45.605 45.605 
0.115881 0.115881 0.115881 0.115881 0.115881 0.115881 0.115881 0.115881 0.115881 0.115881 0.115881 0.115881 0.115881 
item 8
30 40 25 20 35 25 10 0 15 30 45 5 30 
68.0168 68.0168 68.0168 68.0168 68.0168 68.0168 68.0168 68.0168 68.0168 68.0168 68.0168 68.0168 68.0168 
0.466768 0.466768 0.466768 0.466768 0.466768 0.466768 0.466768 0.466768 0.466768 0.466768 0.466768 0.466768 0.466768 
item 9
25 15 115 10 30 40 15 10 95 5 20 30 15 
64.4017 64.4017 64.4017 64.4017 64.4017 64.4017 64.4017 64.4017 64.4017 64.4017 64.4017 64.4017 64.4017 
0.234041 0.234041 0.234041 0.234041 0.234041 0.234041 0.234041 0.234041 0.234041 0.234041 0.234041 0.234041 0.234041 
item 10
15 5 70 25 5 70 0 50 25 35 40 70 15 
120.211 120.211 120.211 120.211 120.211 120.211 120.211 120.211 120.211 120.211 120.211 120.211 120.211 
0.429172 0.429172 0.429172 0.429172 0.429172 0.429172 0.429172 0.429172 0.429172 0.429172 0.429172 0.429172 0.429172 
item 11
50 105 40 140 35 0 45 55 45 85 35 25 120 
78.0478 78.0478 78.0478 78.0478 78.0478 78.0478 78.0478 78.0478 78.0478 78.0478 78.0478 78.0478 78.0478 
0.225808 0.225808 0.225808 0.225808 0.225808 0.225808 0.225808 0.225808 0.225808 0.225808 0.225808 0.225808 0.225808 
item 12
0 35 15 15 15 20 10 5 5 0 5 10 0 
15.3788 15.3788 15.3788 15.3788 15.3788 15.3788 15.3788 15.3788 15.3788 15.3788 15.3788 15.3788 15.3788 
0.429301 0.429301 0.429301 0.429301 0.429301 0.429301 0.429301 0.429301 0.429301 0.429301 0.429301 0.429301 0.429301 
item 13
15 115 30 145 130 25 125 30 85 80 20 155 115 
110.712 110.712 110.712 110.712 110.712 110.712 110.712 110.712 110.712 110.712 110.712 110.712 110.712 
0.221654 0.221654 0.221654 0.221654 0.221654 0.221654 0.221654 0.221654 0.221654 0.221654 0.221654 0.221654 0.221654 
item 14
115 15 85 25 50 185 130 80 25 170 140 170 155 
37.9405 37.9405 37.9405 37.9405 37.9405 37.9405 37.9405 37.9405 37.9405 37.9405 37.9405 37.9405 37.9405 
0.112719 0.112719 0.112719 0.112719 0.112719 0.112719 0.112719 0.112719 0.112719 0.112719 0.112719 0.112719 0.112719 
item 15
0 10 30 40 25 10 15 55 5 5 45 35 5 
25.1034 25.1034 25.1034 25.1034 25.1034 25.1034 25.1034 25.1034 25.1034 25.1034 25.1034 25.1034 25.1034 
0.42247 0.42247 0.42247 0.42247 0.42247 0.42247 0.42247 0.42247 0.42247 0.42247 0.42247 0.42247 0.42247 
item 16
170 50 75 110 190 85 30 75 85 145 10 20 110 
136.443 136.443 136.443 136.443 136.443 136.443 136.443 136.443 136.443 136.443 136.443 136.443 136.443 
0.155457 0.155457 0.155457 0.155457 0.155457 0.155457 0.155457 0.155457 0.155457 0.155457 0.155457 0.155457 0.155457 
item 17
10 20 45 10 0 35 5 30 10 25 0 0 10 
50.4826 50.4826 50.4826 50.4826 50.4826 50.4826 50.4826 50.4826 50.4826 50.4826 50.4826 50.4826 50.4826 
0.501428 0.501428 0.501428 0.501428 0.501428 0.501428 0.501428 0.501428 0.501428 0.501428 0.501428 0.501428 0.501428 
item 18
40 45 0 40 10 5 15 15 15 40 5 50 15 
8.4708 8.4708 8.4708 8.4708 8.4708 8.4708 8.4708 8.4708 8.4708 8.4708 8.4708 8.4708 8.4708 
0.192743 0.192743 0.192743 0.192743 0.192743 0.192743 0.192743 0.192743 0.192743 0.192743 0.192743 0.192743 0.192743 
item 19
75 45 15 105 30 10 90 10 35 30 110 5 40 
7.54444 7.54444 7.54444 7.54444 7.54444 7.54444 7.54444 7.54444 7.54444 7.54444 7.54444 7.54444 7.54444 
0.140889 0.140889 0.140889 0.140889 0.140889 0.140889 0.140889 0.140889 0.140889 0.140889 0.140889 0.140889 0.140889 
