13 10
-6.27744e+66 144.709 160.151 227.067 319.719 402.076 633.707 695.475 821.585 1006.89 1377.5 1480.44 1735.24 2167.61 
-6.27744e+66 -6.27744e+66 144.709 178.167 239.935 301.703 487.007 538.481 646.575 808.716 1138.15 1230.8 1462.43 1858.77 
-6.27744e+66 -6.27744e+66 -6.27744e+66 144.709 175.593 216.772 355.75 396.929 487.007 625.986 914.237 996.594 1205.06 1565.38 
-6.27744e+66 -6.27744e+66 -6.27744e+66 -6.27744e+66 144.709 165.298 257.951 288.835 360.897 476.713 723.785 795.848 981.152 1305.43 
-6.27744e+66 -6.27744e+66 -6.27744e+66 -6.27744e+66 -6.27744e+66 144.709 191.035 211.624 265.672 358.324 564.217 625.986 788.127 1076.38 
-6.27744e+66 -6.27744e+66 -6.27744e+66 -6.27744e+66 -6.27744e+66 -6.27744e+66 144.709 155.004 191.035 260.524 425.239 476.713 615.691 867.911 
-6.27744e+66 -6.27744e+66 -6.27744e+66 -6.27744e+66 -6.27744e+66 -6.27744e+66 -6.27744e+66 144.709 162.725 209.051 332.587 373.766 489.581 705.769 
-6.27744e+66 -6.27744e+66 -6.27744e+66 -6.27744e+66 -6.27744e+66 -6.27744e+66 -6.27744e+66 -6.27744e+66 144.709 167.872 250.23 281.114 373.766 553.923 
-6.27744e+66 -6.27744e+66 -6.27744e+66 -6.27744e+66 -6.27744e+66 -6.27744e+66 -6.27744e+66 -6.27744e+66 -6.27744e+66 144.709 185.888 206.477 275.966 420.092 
-6.27744e+66 -6.27744e+66 -6.27744e+66 -6.27744e+66 -6.27744e+66 -6.27744e+66 -6.27744e+66 -6.27744e+66 -6.27744e+66 -6.27744e+66 144.709 155.004 201.33 309.424 
-6.27744e+66 -6.27744e+66 -6.27744e+66 -6.27744e+66 -6.27744e+66 -6.27744e+66 -6.27744e+66 -6.27744e+66 -6.27744e+66 -6.27744e+66 -6.27744e+66 144.709 167.872 239.935 
-6.27744e+66 -6.27744e+66 -6.27744e+66 -6.27744e+66 -6.27744e+66 -6.27744e+66 -6.27744e+66 -6.27744e+66 -6.27744e+66 -6.27744e+66 -6.27744e+66 -6.27744e+66 144.709 180.74 
-6.27744e+66 -6.27744e+66 -6.27744e+66 -6.27744e+66 -6.27744e+66 -6.27744e+66 -6.27744e+66 -6.27744e+66 -6.27744e+66 -6.27744e+66 -6.27744e+66 -6.27744e+66 -6.27744e+66 144.709 
-6.27744e+66 -6.27744e+66 -6.27744e+66 -6.27744e+66 -6.27744e+66 -6.27744e+66 -6.27744e+66 -6.27744e+66 -6.27744e+66 -6.27744e+66 -6.27744e+66 -6.27744e+66 -6.27744e+66 -6.27744e+66 
-6.27744e+66 98.0455 115.886 190.22 257.121 298.748 350.782 529.185 768.541 816.115 909.777 924.644 990.058 1186.3 
-6.27744e+66 -6.27744e+66 98.0455 135.213 179.813 211.034 252.661 401.33 606.493 648.12 731.374 744.754 804.222 984.111 
-6.27744e+66 -6.27744e+66 -6.27744e+66 98.0455 120.346 141.159 172.38 291.315 462.284 497.964 570.812 582.706 636.226 799.762 
-6.27744e+66 -6.27744e+66 -6.27744e+66 -6.27744e+66 98.0455 108.452 129.266 218.467 355.242 384.976 447.417 457.824 505.398 652.58 
-6.27744e+66 -6.27744e+66 -6.27744e+66 -6.27744e+66 -6.27744e+66 98.0455 108.452 167.92 270.501 294.288 346.322 355.242 396.87 527.698 
-6.27744e+66 -6.27744e+66 -6.27744e+66 -6.27744e+66 -6.27744e+66 -6.27744e+66 98.0455 127.779 196.167 214.007 255.634 263.068 298.748 413.223 
-6.27744e+66 -6.27744e+66 -6.27744e+66 -6.27744e+66 -6.27744e+66 -6.27744e+66 -6.27744e+66 98.0455 132.239 144.133 175.353 181.3 211.034 309.155 
-6.27744e+66 -6.27744e+66 -6.27744e+66 -6.27744e+66 -6.27744e+66 -6.27744e+66 -6.27744e+66 -6.27744e+66 98.0455 103.992 124.806 129.266 153.053 234.821 
-6.27744e+66 -6.27744e+66 -6.27744e+66 -6.27744e+66 -6.27744e+66 -6.27744e+66 -6.27744e+66 -6.27744e+66 -6.27744e+66 98.0455 108.452 111.426 129.266 194.68 
-6.27744e+66 -6.27744e+66 -6.27744e+66 -6.27744e+66 -6.27744e+66 -6.27744e+66 -6.27744e+66 -6.27744e+66 -6.27744e+66 -6.27744e+66 98.0455 99.5322 111.426 160.486 
-6.27744e+66 -6.27744e+66 -6.27744e+66 -6.27744e+66 -6.27744e+66 -6.27744e+66 -6.27744e+66 -6.27744e+66 -6.27744e+66 -6.27744e+66 -6.27744e+66 98.0455 103.992 136.699 
-6.27744e+66 -6.27744e+66 -6.27744e+66 -6.27744e+66 -6.27744e+66 -6.27744e+66 -6.27744e+66 -6.27744e+66 -6.27744e+66 -6.27744e+66 -6.27744e+66 -6.27744e+66 98.0455 114.399 
-6.27744e+66 -6.27744e+66 -6.27744e+66 -6.27744e+66 -6.27744e+66 -6.27744e+66 -6.27744e+66 -6.27744e+66 -6.27744e+66 -6.27744e+66 -6.27744e+66 -6.27744e+66 -6.27744e+66 98.0455 
-6.27744e+66 -6.27744e+66 -6.27744e+66 -6.27744e+66 -6.27744e+66 -6.27744e+66 -6.27744e+66 -6.27744e+66 -6.27744e+66 -6.27744e+66 -6.27744e+66 -6.27744e+66 -6.27744e+66 -6.27744e+66 
-6.27744e+66 27.0411 42.1562 65.8147 101.302 151.248 170.963 190.679 324.086 460.779 537.669 662.533 901.089 995.723 
-6.27744e+66 -6.27744e+66 27.0411 38.8703 62.5288 99.988 115.76 132.19 246.539 366.145 434.492 546.87 763.739 850.486 
-6.27744e+66 -6.27744e+66 -6.27744e+66 27.0411 38.8703 63.8431 75.6723 88.8159 184.107 286.627 346.43 446.321 641.504 720.365 
-6.27744e+66 -6.27744e+66 -6.27744e+66 -6.27744e+66 27.0411 39.5275 47.4136 57.2713 133.504 218.937 270.197 357.602 531.097 602.073 
-6.27744e+66 -6.27744e+66 -6.27744e+66 -6.27744e+66 -6.27744e+66 27.0411 30.9842 37.556 94.7305 163.077 205.794 280.712 432.521 495.61 
-6.27744e+66 -6.27744e+66 -6.27744e+66 -6.27744e+66 -6.27744e+66 -6.27744e+66 27.0411 30.327 68.4434 119.703 153.877 216.309 346.43 401.633 
-6.27744e+66 -6.27744e+66 -6.27744e+66 -6.27744e+66 -6.27744e+66 -6.27744e+66 -6.27744e+66 27.0411 46.0993 80.2726 105.903 155.848 264.283 311.6 
-6.27744e+66 -6.27744e+66 -6.27744e+66 -6.27744e+66 -6.27744e+66 -6.27744e+66 -6.27744e+66 -6.27744e+66 27.0411 44.1278 61.2144 98.6736 185.421 224.852 
-6.27744e+66 -6.27744e+66 -6.27744e+66 -6.27744e+66 -6.27744e+66 -6.27744e+66 -6.27744e+66 -6.27744e+66 -6.27744e+66 27.0411 35.5844 60.5572 125.618 157.163 
-6.27744e+66 -6.27744e+66 -6.27744e+66 -6.27744e+66 -6.27744e+66 -6.27744e+66 -6.27744e+66 -6.27744e+66 -6.27744e+66 -6.27744e+66 27.0411 39.5275 82.9013 106.56 
-6.27744e+66 -6.27744e+66 -6.27744e+66 -6.27744e+66 -6.27744e+66 -6.27744e+66 -6.27744e+66 -6.27744e+66 -6.27744e+66 -6.27744e+66 -6.27744e+66 27.0411 48.728 64.5003 
-6.27744e+66 -6.27744e+66 -6.27744e+66 -6.27744e+66 -6.27744e+66 -6.27744e+66 -6.27744e+66 -6.27744e+66 -6.27744e+66 -6.27744e+66 -6.27744e+66 -6.27744e+66 27.0411 34.9272 
-6.27744e+66 -6.27744e+66 -6.27744e+66 -6.27744e+66 -6.27744e+66 -6.27744e+66 -6.27744e+66 -6.27744e+66 -6.27744e+66 -6.27744e+66 -6.27744e+66 -6.27744e+66 -6.27744e+66 27.0411 
-6.27744e+66 -6.27744e+66 -6.27744e+66 -6.27744e+66 -6.27744e+66 -6.27744e+66 -6.27744e+66 -6.27744e+66 -6.27744e+66 -6.27744e+66 -6.27744e+66 -6.27744e+66 -6.27744e+66 -6.27744e+66 
-6.27744e+66 80.3025 133.757 183.339 194.959 247.639 267.007 466.882 743.452 898.394 1295.82 1396.53 1703.31 2000.8 
-6.27744e+66 -6.27744e+66 80.3025 105.093 112.84 152.35 167.844 334.407 571.467 707.041 1060.31 1150.95 1429.84 1702.54 
-6.27744e+66 -6.27744e+66 -6.27744e+66 80.3025 84.176 110.516 122.137 255.386 452.937 569.143 878.251 958.821 1209.83 1457.73 
-6.27744e+66 -6.27744e+66 -6.27744e+66 -6.27744e+66 80.3025 93.4725 101.22 201.157 359.197 456.036 720.986 791.484 1014.6 1237.72 
-6.27744e+66 -6.27744e+66 -6.27744e+66 -6.27744e+66 -6.27744e+66 80.3025 84.176 150.801 269.331 346.802 567.593 628.021 823.247 1021.57 
-6.27744e+66 -6.27744e+66 -6.27744e+66 -6.27744e+66 -6.27744e+66 -6.27744e+66 80.3025 113.615 192.635 250.738 427.371 477.727 645.064 818.599 
-6.27744e+66 -6.27744e+66 -6.27744e+66 -6.27744e+66 -6.27744e+66 -6.27744e+66 -6.27744e+66 80.3025 119.813 158.548 291.023 331.308 470.755 619.499 
-6.27744e+66 -6.27744e+66 -6.27744e+66 -6.27744e+66 -6.27744e+66 -6.27744e+66 -6.27744e+66 -6.27744e+66 80.3025 99.6702 187.987 218.2 329.758 453.711 
-6.27744e+66 -6.27744e+66 -6.27744e+66 -6.27744e+66 -6.27744e+66 -6.27744e+66 -6.27744e+66 -6.27744e+66 -6.27744e+66 80.3025 124.461 144.603 228.272 327.434 
-6.27744e+66 -6.27744e+66 -6.27744e+66 -6.27744e+66 -6.27744e+66 -6.27744e+66 -6.27744e+66 -6.27744e+66 -6.27744e+66 -6.27744e+66 80.3025 90.3737 146.153 220.525 
-6.27744e+66 -6.27744e+66 -6.27744e+66 -6.27744e+66 -6.27744e+66 -6.27744e+66 -6.27744e+66 -6.27744e+66 -6.27744e+66 -6.27744e+66 -6.27744e+66 80.3025 108.192 157.773 
-6.27744e+66 -6.27744e+66 -6.27744e+66 -6.27744e+66 -6.27744e+66 -6.27744e+66 -6.27744e+66 -6.27744e+66 -6.27744e+66 -6.27744e+66 -6.27744e+66 -6.27744e+66 80.3025 105.093 
-6.27744e+66 -6.27744e+66 -6.27744e+66 -6.27744e+66 -6.27744e+66 -6.27744e+66 -6.27744e+66 -6.27744e+66 -6.27744e+66 -6.27744e+66 -6.27744e+66 -6.27744e+66 -6.27744e+66 80.3025 
-6.27744e+66 -6.27744e+66 -6.27744e+66 -6.27744e+66 -6.27744e+66 -6.27744e+66 -6.27744e+66 -6.27744e+66 -6.27744e+66 -6.27744e+66 -6.27744e+66 -6.27744e+66 -6.27744e+66 -6.27744e+66 
-6.27744e+66 211.223 214.005 247.385 314.146 492.174 603.442 753.654 987.317 1232.11 1382.32 1410.14 1624.33 1757.85 
-6.27744e+66 -6.27744e+66 211.223 227.913 272.42 405.942 494.956 620.133 820.415 1034.61 1168.13 1193.16 1387.88 1510.28 
-6.27744e+66 -6.27744e+66 -6.27744e+66 211.223 233.476 322.491 389.252 489.393 656.295 839.887 956.718 978.972 1154.22 1265.49 
-6.27744e+66 -6.27744e+66 -6.27744e+66 -6.27744e+66 211.223 255.73 300.237 375.343 508.865 661.858 761.999 781.471 937.246 1037.39 
-6.27744e+66 -6.27744e+66 -6.27744e+66 -6.27744e+66 -6.27744e+66 211.223 233.476 283.547 383.688 506.083 589.534 606.224 742.527 831.542 
-6.27744e+66 -6.27744e+66 -6.27744e+66 -6.27744e+66 -6.27744e+66 -6.27744e+66 211.223 236.258 303.019 394.815 461.576 475.484 592.316 670.203 
-6.27744e+66 -6.27744e+66 -6.27744e+66 -6.27744e+66 -6.27744e+66 -6.27744e+66 -6.27744e+66 211.223 244.603 305.801 355.871 366.998 464.357 531.118 
-6.27744e+66 -6.27744e+66 -6.27744e+66 -6.27744e+66 -6.27744e+66 -6.27744e+66 -6.27744e+66 -6.27744e+66 211.223 241.822 275.202 283.547 361.435 417.069 
-6.27744e+66 -6.27744e+66 -6.27744e+66 -6.27744e+66 -6.27744e+66 -6.27744e+66 -6.27744e+66 -6.27744e+66 -6.27744e+66 211.223 227.913 233.476 291.892 336.399 
-6.27744e+66 -6.27744e+66 -6.27744e+66 -6.27744e+66 -6.27744e+66 -6.27744e+66 -6.27744e+66 -6.27744e+66 -6.27744e+66 -6.27744e+66 211.223 214.005 252.948 286.329 
-6.27744e+66 -6.27744e+66 -6.27744e+66 -6.27744e+66 -6.27744e+66 -6.27744e+66 -6.27744e+66 -6.27744e+66 -6.27744e+66 -6.27744e+66 -6.27744e+66 211.223 230.695 252.948 
-6.27744e+66 -6.27744e+66 -6.27744e+66 -6.27744e+66 -6.27744e+66 -6.27744e+66 -6.27744e+66 -6.27744e+66 -6.27744e+66 -6.27744e+66 -6.27744e+66 -6.27744e+66 211.223 222.35 
-6.27744e+66 -6.27744e+66 -6.27744e+66 -6.27744e+66 -6.27744e+66 -6.27744e+66 -6.27744e+66 -6.27744e+66 -6.27744e+66 -6.27744e+66 -6.27744e+66 -6.27744e+66 -6.27744e+66 211.223 
-6.27744e+66 -6.27744e+66 -6.27744e+66 -6.27744e+66 -6.27744e+66 -6.27744e+66 -6.27744e+66 -6.27744e+66 -6.27744e+66 -6.27744e+66 -6.27744e+66 -6.27744e+66 -6.27744e+66 -6.27744e+66 
-6.27744e+66 196.015 206.432 341.846 498.094 581.426 659.549 768.922 896.524 1229.85 1604.85 1917.34 2031.92 2438.17 
-6.27744e+66 -6.27744e+66 196.015 263.723 367.887 430.386 492.885 584.03 693.403 985.065 1318.39 1599.64 1703.8 2076.19 
-6.27744e+66 -6.27744e+66 -6.27744e+66 196.015 248.098 289.764 336.638 409.553 500.698 750.693 1042.36 1292.35 1386.1 1724.64 
-6.27744e+66 -6.27744e+66 -6.27744e+66 -6.27744e+66 196.015 216.848 248.098 302.784 375.7 584.03 834.025 1052.77 1136.1 1440.79 
-6.27744e+66 -6.27744e+66 -6.27744e+66 -6.27744e+66 -6.27744e+66 196.015 211.64 248.098 302.784 469.448 677.778 865.275 938.19 1209.02 
-6.27744e+66 -6.27744e+66 -6.27744e+66 -6.27744e+66 -6.27744e+66 -6.27744e+66 196.015 214.244 250.702 375.7 542.364 698.611 761.11 998.085 
-6.27744e+66 -6.27744e+66 -6.27744e+66 -6.27744e+66 -6.27744e+66 -6.27744e+66 -6.27744e+66 196.015 214.244 297.576 422.574 547.572 599.654 802.776 
-6.27744e+66 -6.27744e+66 -6.27744e+66 -6.27744e+66 -6.27744e+66 -6.27744e+66 -6.27744e+66 -6.27744e+66 196.015 237.681 321.013 414.762 456.428 625.696 
-6.27744e+66 -6.27744e+66 -6.27744e+66 -6.27744e+66 -6.27744e+66 -6.27744e+66 -6.27744e+66 -6.27744e+66 -6.27744e+66 196.015 237.681 300.18 331.43 466.844 
-6.27744e+66 -6.27744e+66 -6.27744e+66 -6.27744e+66 -6.27744e+66 -6.27744e+66 -6.27744e+66 -6.27744e+66 -6.27744e+66 -6.27744e+66 196.015 227.265 248.098 349.659 
-6.27744e+66 -6.27744e+66 -6.27744e+66 -6.27744e+66 -6.27744e+66 -6.27744e+66 -6.27744e+66 -6.27744e+66 -6.27744e+66 -6.27744e+66 -6.27744e+66 196.015 206.432 274.139 
-6.27744e+66 -6.27744e+66 -6.27744e+66 -6.27744e+66 -6.27744e+66 -6.27744e+66 -6.27744e+66 -6.27744e+66 -6.27744e+66 -6.27744e+66 -6.27744e+66 -6.27744e+66 196.015 229.869 
-6.27744e+66 -6.27744e+66 -6.27744e+66 -6.27744e+66 -6.27744e+66 -6.27744e+66 -6.27744e+66 -6.27744e+66 -6.27744e+66 -6.27744e+66 -6.27744e+66 -6.27744e+66 -6.27744e+66 196.015 
-6.27744e+66 -6.27744e+66 -6.27744e+66 -6.27744e+66 -6.27744e+66 -6.27744e+66 -6.27744e+66 -6.27744e+66 -6.27744e+66 -6.27744e+66 -6.27744e+66 -6.27744e+66 -6.27744e+66 -6.27744e+66 
-6.27744e+66 67.0799 69.9954 69.9954 69.9954 99.1504 179.327 266.792 297.404 495.658 535.018 695.37 871.758 1186.63 
-6.27744e+66 -6.27744e+66 67.0799 67.0799 67.0799 88.9461 153.087 225.975 252.214 425.686 460.672 604.99 765.342 1053.98 
-6.27744e+66 -6.27744e+66 -6.27744e+66 67.0799 67.0799 81.6574 129.763 188.073 209.939 358.63 389.243 517.525 661.842 924.237 
-6.27744e+66 -6.27744e+66 -6.27744e+66 -6.27744e+66 67.0799 74.3686 106.439 150.172 167.665 291.573 317.813 430.06 558.342 794.497 
-6.27744e+66 -6.27744e+66 -6.27744e+66 -6.27744e+66 -6.27744e+66 67.0799 83.1151 112.27 125.39 224.517 246.383 342.595 454.841 664.757 
-6.27744e+66 -6.27744e+66 -6.27744e+66 -6.27744e+66 -6.27744e+66 -6.27744e+66 67.0799 81.6574 90.4039 164.749 182.242 262.418 358.63 542.306 
-6.27744e+66 -6.27744e+66 -6.27744e+66 -6.27744e+66 -6.27744e+66 -6.27744e+66 -6.27744e+66 67.0799 71.4531 121.017 134.136 198.277 278.454 435.891 
-6.27744e+66 -6.27744e+66 -6.27744e+66 -6.27744e+66 -6.27744e+66 -6.27744e+66 -6.27744e+66 -6.27744e+66 67.0799 91.8616 100.608 148.714 212.855 344.052 
-6.27744e+66 -6.27744e+66 -6.27744e+66 -6.27744e+66 -6.27744e+66 -6.27744e+66 -6.27744e+66 -6.27744e+66 -6.27744e+66 67.0799 71.4531 103.524 151.629 256.587 
-6.27744e+66 -6.27744e+66 -6.27744e+66 -6.27744e+66 -6.27744e+66 -6.27744e+66 -6.27744e+66 -6.27744e+66 -6.27744e+66 -6.27744e+66 67.0799 83.1151 115.186 193.904 
-6.27744e+66 -6.27744e+66 -6.27744e+66 -6.27744e+66 -6.27744e+66 -6.27744e+66 -6.27744e+66 -6.27744e+66 -6.27744e+66 -6.27744e+66 -6.27744e+66 67.0799 83.1151 135.594 
-6.27744e+66 -6.27744e+66 -6.27744e+66 -6.27744e+66 -6.27744e+66 -6.27744e+66 -6.27744e+66 -6.27744e+66 -6.27744e+66 -6.27744e+66 -6.27744e+66 -6.27744e+66 67.0799 93.3194 
-6.27744e+66 -6.27744e+66 -6.27744e+66 -6.27744e+66 -6.27744e+66 -6.27744e+66 -6.27744e+66 -6.27744e+66 -6.27744e+66 -6.27744e+66 -6.27744e+66 -6.27744e+66 -6.27744e+66 67.0799 
-6.27744e+66 -6.27744e+66 -6.27744e+66 -6.27744e+66 -6.27744e+66 -6.27744e+66 -6.27744e+66 -6.27744e+66 -6.27744e+66 -6.27744e+66 -6.27744e+66 -6.27744e+66 -6.27744e+66 -6.27744e+66 
-6.27744e+66 117.481 141.151 145.454 164.821 199.249 306.84 435.948 737.202 874.917 1204.14 1419.32 1727.03 2036.89 
-6.27744e+66 -6.27744e+66 117.481 119.633 132.543 158.365 244.437 352.028 610.245 730.746 1023.39 1217.05 1496.79 1780.83 
-6.27744e+66 -6.27744e+66 -6.27744e+66 117.481 123.936 141.151 205.705 291.777 506.958 610.245 866.31 1038.45 1290.22 1548.43 
-6.27744e+66 -6.27744e+66 -6.27744e+66 -6.27744e+66 117.481 126.088 169.124 233.678 405.823 491.895 711.38 862.007 1085.79 1318.19 
-6.27744e+66 -6.27744e+66 -6.27744e+66 -6.27744e+66 -6.27744e+66 117.481 138.999 182.035 311.144 380.001 562.905 692.014 887.828 1094.4 
-6.27744e+66 -6.27744e+66 -6.27744e+66 -6.27744e+66 -6.27744e+66 -6.27744e+66 117.481 138.999 225.071 276.715 423.038 530.628 698.469 879.221 
-6.27744e+66 -6.27744e+66 -6.27744e+66 -6.27744e+66 -6.27744e+66 -6.27744e+66 -6.27744e+66 117.481 160.517 194.946 304.688 390.76 530.628 685.558 
-6.27744e+66 -6.27744e+66 -6.27744e+66 -6.27744e+66 -6.27744e+66 -6.27744e+66 -6.27744e+66 -6.27744e+66 117.481 134.695 207.857 272.411 384.305 513.414 
-6.27744e+66 -6.27744e+66 -6.27744e+66 -6.27744e+66 -6.27744e+66 -6.27744e+66 -6.27744e+66 -6.27744e+66 -6.27744e+66 117.481 154.062 197.098 281.018 384.305 
-6.27744e+66 -6.27744e+66 -6.27744e+66 -6.27744e+66 -6.27744e+66 -6.27744e+66 -6.27744e+66 -6.27744e+66 -6.27744e+66 -6.27744e+66 117.481 138.999 194.946 272.411 
-6.27744e+66 -6.27744e+66 -6.27744e+66 -6.27744e+66 -6.27744e+66 -6.27744e+66 -6.27744e+66 -6.27744e+66 -6.27744e+66 -6.27744e+66 -6.27744e+66 117.481 145.454 197.098 
-6.27744e+66 -6.27744e+66 -6.27744e+66 -6.27744e+66 -6.27744e+66 -6.27744e+66 -6.27744e+66 -6.27744e+66 -6.27744e+66 -6.27744e+66 -6.27744e+66 -6.27744e+66 117.481 143.302 
-6.27744e+66 -6.27744e+66 -6.27744e+66 -6.27744e+66 -6.27744e+66 -6.27744e+66 -6.27744e+66 -6.27744e+66 -6.27744e+66 -6.27744e+66 -6.27744e+66 -6.27744e+66 -6.27744e+66 117.481 
-6.27744e+66 -6.27744e+66 -6.27744e+66 -6.27744e+66 -6.27744e+66 -6.27744e+66 -6.27744e+66 -6.27744e+66 -6.27744e+66 -6.27744e+66 -6.27744e+66 -6.27744e+66 -6.27744e+66 -6.27744e+66 
-6.27744e+66 34.3481 42.8646 71.253 96.8025 244.422 329.587 414.752 434.624 548.177 829.222 914.387 1195.43 1297.63 
-6.27744e+66 -6.27744e+66 34.3481 48.5423 65.5753 176.29 244.422 315.393 332.426 431.785 681.602 758.251 1013.75 1107.43 
-6.27744e+66 -6.27744e+66 -6.27744e+66 34.3481 42.8646 116.674 167.773 224.55 238.744 323.909 542.5 610.632 840.577 925.742 
-6.27744e+66 -6.27744e+66 -6.27744e+66 -6.27744e+66 34.3481 71.253 105.319 147.901 159.257 230.228 417.591 477.206 681.602 758.251 
-6.27744e+66 -6.27744e+66 -6.27744e+66 -6.27744e+66 -6.27744e+66 34.3481 51.3811 79.7695 88.286 145.063 301.199 352.298 531.144 599.276 
-6.27744e+66 -6.27744e+66 -6.27744e+66 -6.27744e+66 -6.27744e+66 -6.27744e+66 34.3481 48.5423 54.2199 96.8025 221.711 264.294 417.591 477.206 
-6.27744e+66 -6.27744e+66 -6.27744e+66 -6.27744e+66 -6.27744e+66 -6.27744e+66 -6.27744e+66 34.3481 37.1869 65.5753 159.257 193.323 321.07 372.169 
-6.27744e+66 -6.27744e+66 -6.27744e+66 -6.27744e+66 -6.27744e+66 -6.27744e+66 -6.27744e+66 -6.27744e+66 34.3481 48.5423 110.997 136.546 238.744 281.327 
-6.27744e+66 -6.27744e+66 -6.27744e+66 -6.27744e+66 -6.27744e+66 -6.27744e+66 -6.27744e+66 -6.27744e+66 -6.27744e+66 34.3481 65.5753 82.6083 159.257 193.323 
-6.27744e+66 -6.27744e+66 -6.27744e+66 -6.27744e+66 -6.27744e+66 -6.27744e+66 -6.27744e+66 -6.27744e+66 -6.27744e+66 -6.27744e+66 34.3481 42.8646 93.9636 119.513 
-6.27744e+66 -6.27744e+66 -6.27744e+66 -6.27744e+66 -6.27744e+66 -6.27744e+66 -6.27744e+66 -6.27744e+66 -6.27744e+66 -6.27744e+66 -6.27744e+66 34.3481 59.8976 76.9306 
-6.27744e+66 -6.27744e+66 -6.27744e+66 -6.27744e+66 -6.27744e+66 -6.27744e+66 -6.27744e+66 -6.27744e+66 -6.27744e+66 -6.27744e+66 -6.27744e+66 -6.27744e+66 34.3481 42.8646 
-6.27744e+66 -6.27744e+66 -6.27744e+66 -6.27744e+66 -6.27744e+66 -6.27744e+66 -6.27744e+66 -6.27744e+66 -6.27744e+66 -6.27744e+66 -6.27744e+66 -6.27744e+66 -6.27744e+66 34.3481 
-6.27744e+66 -6.27744e+66 -6.27744e+66 -6.27744e+66 -6.27744e+66 -6.27744e+66 -6.27744e+66 -6.27744e+66 -6.27744e+66 -6.27744e+66 -6.27744e+66 -6.27744e+66 -6.27744e+66 -6.27744e+66 
-6.27744e+66 23.755 32.1303 39.8614 86.2479 217.676 288.545 304.007 313.026 395.491 673.81 976.611 1054.57 1162.8 
-6.27744e+66 -6.27744e+66 23.755 27.6205 58.5449 157.116 213.811 226.696 234.427 306.584 553.979 826.499 897.368 996.583 
-6.27744e+66 -6.27744e+66 -6.27744e+66 23.755 39.2171 104.931 147.452 157.76 164.203 226.052 442.522 684.763 748.544 838.74 
-6.27744e+66 -6.27744e+66 -6.27744e+66 -6.27744e+66 23.755 56.6121 84.9594 92.6905 97.8445 149.385 334.931 546.892 603.586 684.763 
-6.27744e+66 -6.27744e+66 -6.27744e+66 -6.27744e+66 -6.27744e+66 23.755 37.9286 43.0827 46.9482 88.1807 242.802 424.483 474.091 546.247 
-6.27744e+66 -6.27744e+66 -6.27744e+66 -6.27744e+66 -6.27744e+66 -6.27744e+66 23.755 26.332 28.909 59.8334 183.531 334.931 377.452 440.589 
-6.27744e+66 -6.27744e+66 -6.27744e+66 -6.27744e+66 -6.27744e+66 -6.27744e+66 -6.27744e+66 23.755 25.0435 45.6597 138.433 259.553 294.987 349.105 
-6.27744e+66 -6.27744e+66 -6.27744e+66 -6.27744e+66 -6.27744e+66 -6.27744e+66 -6.27744e+66 -6.27744e+66 23.755 34.0631 95.9118 186.752 215.099 260.197 
-6.27744e+66 -6.27744e+66 -6.27744e+66 -6.27744e+66 -6.27744e+66 -6.27744e+66 -6.27744e+66 -6.27744e+66 -6.27744e+66 23.755 54.6793 115.239 136.5 172.578 
-6.27744e+66 -6.27744e+66 -6.27744e+66 -6.27744e+66 -6.27744e+66 -6.27744e+66 -6.27744e+66 -6.27744e+66 -6.27744e+66 -6.27744e+66 23.755 54.0351 68.2087 95.2675 
-6.27744e+66 -6.27744e+66 -6.27744e+66 -6.27744e+66 -6.27744e+66 -6.27744e+66 -6.27744e+66 -6.27744e+66 -6.27744e+66 -6.27744e+66 -6.27744e+66 23.755 30.8418 48.881 
-6.27744e+66 -6.27744e+66 -6.27744e+66 -6.27744e+66 -6.27744e+66 -6.27744e+66 -6.27744e+66 -6.27744e+66 -6.27744e+66 -6.27744e+66 -6.27744e+66 -6.27744e+66 23.755 32.7746 
-6.27744e+66 -6.27744e+66 -6.27744e+66 -6.27744e+66 -6.27744e+66 -6.27744e+66 -6.27744e+66 -6.27744e+66 -6.27744e+66 -6.27744e+66 -6.27744e+66 -6.27744e+66 -6.27744e+66 23.755 
-6.27744e+66 -6.27744e+66 -6.27744e+66 -6.27744e+66 -6.27744e+66 -6.27744e+66 -6.27744e+66 -6.27744e+66 -6.27744e+66 -6.27744e+66 -6.27744e+66 -6.27744e+66 -6.27744e+66 -6.27744e+66 
