26 10
1000 1000 1000 1000 1000 1000 1000 1000 1000 1000 1000 1000 1000 1000 1000 1000 1000 1000 1000 1000 1000 1000 1000 1000 1000 1000 
item 0
135 215 55 220 70 40 135 130 5 5 135 55 100 135 105 60 45 60 125 120 10 55 145 150 60 255 
166.938 166.938 166.938 166.938 166.938 166.938 166.938 166.938 166.938 166.938 166.938 166.938 166.938 166.938 166.938 166.938 166.938 166.938 166.938 166.938 166.938 166.938 166.938 166.938 166.938 166.938 
0.419 0.419 0.419 0.419 0.419 0.419 0.419 0.419 0.419 0.419 0.419 0.419 0.419 0.419 0.419 0.419 0.419 0.419 0.419 0.419 0.419 0.419 0.419 0.419 0.419 0.419 
item 1
30 30 25 65 50 70 70 10 85 220 40 65 85 5 85 170 115 75 35 80 75 115 15 20 120 140 
98.8382 98.8382 98.8382 98.8382 98.8382 98.8382 98.8382 98.8382 98.8382 98.8382 98.8382 98.8382 98.8382 98.8382 98.8382 98.8382 98.8382 98.8382 98.8382 98.8382 98.8382 98.8382 98.8382 98.8382 98.8382 98.8382 
0.387918 0.387918 0.387918 0.387918 0.387918 0.387918 0.387918 0.387918 0.387918 0.387918 0.387918 0.387918 0.387918 0.387918 0.387918 0.387918 0.387918 0.387918 0.387918 0.387918 0.387918 0.387918 0.387918 0.387918 0.387918 0.387918 
item 2
185 10 150 100 140 55 60 75 70 20 55 155 140 95 205 220 145 15 5 10 60 60 75 125 105 65 
163.382 163.382 163.382 163.382 163.382 163.382 163.382 163.382 163.382 163.382 163.382 163.382 163.382 163.382 163.382 163.382 163.382 163.382 163.382 163.382 163.382 163.382 163.382 163.382 163.382 163.382 
0.365616 0.365616 0.365616 0.365616 0.365616 0.365616 0.365616 0.365616 0.365616 0.365616 0.365616 0.365616 0.365616 0.365616 0.365616 0.365616 0.365616 0.365616 0.365616 0.365616 0.365616 0.365616 0.365616 0.365616 0.365616 0.365616 
item 3
85 20 25 85 15 110 25 65 10 35 75 40 40 0 30 10 90 65 70 5 15 0 90 55 110 95 
38.4556 38.4556 38.4556 38.4556 38.4556 38.4556 38.4556 38.4556 38.4556 38.4556 38.4556 38.4556 38.4556 38.4556 38.4556 38.4556 38.4556 38.4556 38.4556 38.4556 38.4556 38.4556 38.4556 38.4556 38.4556 38.4556 
0.507499 0.507499 0.507499 0.507499 0.507499 0.507499 0.507499 0.507499 0.507499 0.507499 0.507499 0.507499 0.507499 0.507499 0.507499 0.507499 0.507499 0.507499 0.507499 0.507499 0.507499 0.507499 0.507499 0.507499 0.507499 0.507499 
item 4
60 40 35 90 245 40 190 235 95 250 170 110 245 470 265 200 500 15 90 285 350 385 450 195 305 305 
139.168 139.168 139.168 139.168 139.168 139.168 139.168 139.168 139.168 139.168 139.168 139.168 139.168 139.168 139.168 139.168 139.168 139.168 139.168 139.168 139.168 139.168 139.168 139.168 139.168 139.168 
0.16597 0.16597 0.16597 0.16597 0.16597 0.16597 0.16597 0.16597 0.16597 0.16597 0.16597 0.16597 0.16597 0.16597 0.16597 0.16597 0.16597 0.16597 0.16597 0.16597 0.16597 0.16597 0.16597 0.16597 0.16597 0.16597 
item 5
5 35 0 5 5 10 35 20 60 45 15 15 60 40 145 35 30 10 60 20 95 20 65 0 5 35 
51.5864 51.5864 51.5864 51.5864 51.5864 51.5864 51.5864 51.5864 51.5864 51.5864 51.5864 51.5864 51.5864 51.5864 51.5864 51.5864 51.5864 51.5864 51.5864 51.5864 51.5864 51.5864 51.5864 51.5864 51.5864 51.5864 
0.511429 0.511429 0.511429 0.511429 0.511429 0.511429 0.511429 0.511429 0.511429 0.511429 0.511429 0.511429 0.511429 0.511429 0.511429 0.511429 0.511429 0.511429 0.511429 0.511429 0.511429 0.511429 0.511429 0.511429 0.511429 0.511429 
item 6
70 120 15 50 10 50 20 30 40 10 15 45 100 50 60 35 75 65 150 35 60 35 30 40 10 80 
68.0525 68.0525 68.0525 68.0525 68.0525 68.0525 68.0525 68.0525 68.0525 68.0525 68.0525 68.0525 68.0525 68.0525 68.0525 68.0525 68.0525 68.0525 68.0525 68.0525 68.0525 68.0525 68.0525 68.0525 68.0525 68.0525 
0.477948 0.477948 0.477948 0.477948 0.477948 0.477948 0.477948 0.477948 0.477948 0.477948 0.477948 0.477948 0.477948 0.477948 0.477948 0.477948 0.477948 0.477948 0.477948 0.477948 0.477948 0.477948 0.477948 0.477948 0.477948 0.477948 
item 7
35 115 105 10 55 45 25 55 95 100 65 130 65 80 55 45 20 175 15 160 50 110 40 15 80 30 
167.805 167.805 167.805 167.805 167.805 167.805 167.805 167.805 167.805 167.805 167.805 167.805 167.805 167.805 167.805 167.805 167.805 167.805 167.805 167.805 167.805 167.805 167.805 167.805 167.805 167.805 
0.566123 0.566123 0.566123 0.566123 0.566123 0.566123 0.566123 0.566123 0.566123 0.566123 0.566123 0.566123 0.566123 0.566123 0.566123 0.566123 0.566123 0.566123 0.566123 0.566123 0.566123 0.566123 0.566123 0.566123 0.566123 0.566123 
item 8
75 125 30 80 70 75 125 55 20 310 195 65 15 210 145 10 360 155 20 230 105 75 230 205 360 10 
78.18 78.18 78.18 78.18 78.18 78.18 78.18 78.18 78.18 78.18 78.18 78.18 78.18 78.18 78.18 78.18 78.18 78.18 78.18 78.18 78.18 78.18 78.18 78.18 78.18 78.18 
0.243665 0.243665 0.243665 0.243665 0.243665 0.243665 0.243665 0.243665 0.243665 0.243665 0.243665 0.243665 0.243665 0.243665 0.243665 0.243665 0.243665 0.243665 0.243665 0.243665 0.243665 0.243665 0.243665 0.243665 0.243665 0.243665 
item 9
75 70 15 0 5 20 30 15 40 5 85 120 25 30 0 60 5 10 65 45 95 70 65 50 10 5 
27.5944 27.5944 27.5944 27.5944 27.5944 27.5944 27.5944 27.5944 27.5944 27.5944 27.5944 27.5944 27.5944 27.5944 27.5944 27.5944 27.5944 27.5944 27.5944 27.5944 27.5944 27.5944 27.5944 27.5944 27.5944 27.5944 
0.511459 0.511459 0.511459 0.511459 0.511459 0.511459 0.511459 0.511459 0.511459 0.511459 0.511459 0.511459 0.511459 0.511459 0.511459 0.511459 0.511459 0.511459 0.511459 0.511459 0.511459 0.511459 0.511459 0.511459 0.511459 0.511459 
