13 20
1000 1000 1000 1000 1000 1000 1000 1000 1000 1000 1000 1000 1000 
item 0
95 25 0 45 10 90 75 35 70 55 125 125 35 
34.4281 34.4281 34.4281 34.4281 34.4281 34.4281 34.4281 34.4281 34.4281 34.4281 34.4281 34.4281 34.4281 
0.256565 0.256565 0.256565 0.256565 0.256565 0.256565 0.256565 0.256565 0.256565 0.256565 0.256565 0.256565 0.256565 
item 1
20 55 5 10 70 15 10 20 115 20 0 30 40 
22.1968 22.1968 22.1968 22.1968 22.1968 22.1968 22.1968 22.1968 22.1968 22.1968 22.1968 22.1968 22.1968 
0.325573 0.325573 0.325573 0.325573 0.325573 0.325573 0.325573 0.325573 0.325573 0.325573 0.325573 0.325573 0.325573 
item 2
25 45 20 85 0 15 0 50 35 105 95 80 45 
35.412 35.412 35.412 35.412 35.412 35.412 35.412 35.412 35.412 35.412 35.412 35.412 35.412 
0.261079 0.261079 0.261079 0.261079 0.261079 0.261079 0.261079 0.261079 0.261079 0.261079 0.261079 0.261079 0.261079 
item 3
5 5 10 0 55 20 30 10 15 30 10 0 50 
7.10201 7.10201 7.10201 7.10201 7.10201 7.10201 7.10201 7.10201 7.10201 7.10201 7.10201 7.10201 7.10201 
0.467959 0.467959 0.467959 0.467959 0.467959 0.467959 0.467959 0.467959 0.467959 0.467959 0.467959 0.467959 0.467959 
item 4
10 35 35 5 30 45 40 45 60 20 40 10 35 
44.0709 44.0709 44.0709 44.0709 44.0709 44.0709 44.0709 44.0709 44.0709 44.0709 44.0709 44.0709 44.0709 
0.50486 0.50486 0.50486 0.50486 0.50486 0.50486 0.50486 0.50486 0.50486 0.50486 0.50486 0.50486 0.50486 
item 5
35 20 30 55 45 35 45 10 0 25 60 125 110 
39.3309 39.3309 39.3309 39.3309 39.3309 39.3309 39.3309 39.3309 39.3309 39.3309 39.3309 39.3309 39.3309 
0.331009 0.331009 0.331009 0.331009 0.331009 0.331009 0.331009 0.331009 0.331009 0.331009 0.331009 0.331009 0.331009 
item 6
30 40 50 40 20 5 0 15 90 15 85 0 40 
45.306 45.306 45.306 45.306 45.306 45.306 45.306 45.306 45.306 45.306 45.306 45.306 45.306 
0.434981 0.434981 0.434981 0.434981 0.434981 0.434981 0.434981 0.434981 0.434981 0.434981 0.434981 0.434981 0.434981 
item 7
75 35 45 85 35 70 70 0 35 20 95 10 105 
1.229 1.229 1.229 1.229 1.229 1.229 1.229 1.229 1.229 1.229 1.229 1.229 1.229 
0.149274 0.149274 0.149274 0.149274 0.149274 0.149274 0.149274 0.149274 0.149274 0.149274 0.149274 0.149274 0.149274 
item 8
50 5 30 40 15 5 30 20 35 5 0 40 15 
34.0529 34.0529 34.0529 34.0529 34.0529 34.0529 34.0529 34.0529 34.0529 34.0529 34.0529 34.0529 34.0529 
0.523628 0.523628 0.523628 0.523628 0.523628 0.523628 0.523628 0.523628 0.523628 0.523628 0.523628 0.523628 0.523628 
item 9
15 15 50 0 25 0 25 0 75 15 15 45 50 
47.9408 47.9408 47.9408 47.9408 47.9408 47.9408 47.9408 47.9408 47.9408 47.9408 47.9408 47.9408 47.9408 
0.54471 0.54471 0.54471 0.54471 0.54471 0.54471 0.54471 0.54471 0.54471 0.54471 0.54471 0.54471 0.54471 
item 10
20 0 10 40 10 10 10 40 50 0 20 15 5 
28.7585 28.7585 28.7585 28.7585 28.7585 28.7585 28.7585 28.7585 28.7585 28.7585 28.7585 28.7585 28.7585 
0.467997 0.467997 0.467997 0.467997 0.467997 0.467997 0.467997 0.467997 0.467997 0.467997 0.467997 0.467997 0.467997 
item 11
10 15 20 35 25 20 35 50 25 60 75 25 50 
6.65543 6.65543 6.65543 6.65543 6.65543 6.65543 6.65543 6.65543 6.65543 6.65543 6.65543 6.65543 6.65543 
0.297531 0.297531 0.297531 0.297531 0.297531 0.297531 0.297531 0.297531 0.297531 0.297531 0.297531 0.297531 0.297531 
item 12
0 60 45 0 10 10 25 10 35 25 35 60 15 
7.8544 7.8544 7.8544 7.8544 7.8544 7.8544 7.8544 7.8544 7.8544 7.8544 7.8544 7.8544 7.8544 
0.282506 0.282506 0.282506 0.282506 0.282506 0.282506 0.282506 0.282506 0.282506 0.282506 0.282506 0.282506 0.282506 
item 13
10 10 70 10 15 30 80 90 10 10 15 20 50 
12.1164 12.1164 12.1164 12.1164 12.1164 12.1164 12.1164 12.1164 12.1164 12.1164 12.1164 12.1164 12.1164 
0.226144 0.226144 0.226144 0.226144 0.226144 0.226144 0.226144 0.226144 0.226144 0.226144 0.226144 0.226144 0.226144 
item 14
90 5 35 40 95 45 15 40 30 15 25 15 20 
23.7221 23.7221 23.7221 23.7221 23.7221 23.7221 23.7221 23.7221 23.7221 23.7221 23.7221 23.7221 23.7221 
0.36496 0.36496 0.36496 0.36496 0.36496 0.36496 0.36496 0.36496 0.36496 0.36496 0.36496 0.36496 0.36496 
item 15
55 25 20 65 60 65 95 10 100 130 85 40 45 
15.4237 15.4237 15.4237 15.4237 15.4237 15.4237 15.4237 15.4237 15.4237 15.4237 15.4237 15.4237 15.4237 
0.216169 0.216169 0.216169 0.216169 0.216169 0.216169 0.216169 0.216169 0.216169 0.216169 0.216169 0.216169 0.216169 
item 16
5 25 75 50 25 25 55 45 35 5 35 50 25 
43.9266 43.9266 43.9266 43.9266 43.9266 43.9266 43.9266 43.9266 43.9266 43.9266 43.9266 43.9266 43.9266 
0.43559 0.43559 0.43559 0.43559 0.43559 0.43559 0.43559 0.43559 0.43559 0.43559 0.43559 0.43559 0.43559 
item 17
0 75 0 25 0 70 5 15 25 10 130 55 10 
1.61072 1.61072 1.61072 1.61072 1.61072 1.61072 1.61072 1.61072 1.61072 1.61072 1.61072 1.61072 1.61072 
0.211725 0.211725 0.211725 0.211725 0.211725 0.211725 0.211725 0.211725 0.211725 0.211725 0.211725 0.211725 0.211725 
item 18
35 70 85 25 25 20 40 35 40 5 120 45 25 
39.8889 39.8889 39.8889 39.8889 39.8889 39.8889 39.8889 39.8889 39.8889 39.8889 39.8889 39.8889 39.8889 
0.300017 0.300017 0.300017 0.300017 0.300017 0.300017 0.300017 0.300017 0.300017 0.300017 0.300017 0.300017 0.300017 
item 19
35 0 30 50 25 25 20 85 35 15 35 0 15 
8.9738 8.9738 8.9738 8.9738 8.9738 8.9738 8.9738 8.9738 8.9738 8.9738 8.9738 8.9738 8.9738 
0.305943 0.305943 0.305943 0.305943 0.305943 0.305943 0.305943 0.305943 0.305943 0.305943 0.305943 0.305943 0.305943 
