26 10
1000 1000 1000 1000 1000 1000 1000 1000 1000 1000 1000 1000 1000 1000 1000 1000 1000 1000 1000 1000 1000 1000 1000 1000 1000 1000 
item 0
65 95 15 35 130 70 15 30 5 20 85 95 5 60 30 100 125 75 100 40 0 70 140 5 75 20 
141.692 141.692 141.692 141.692 141.692 141.692 141.692 141.692 141.692 141.692 141.692 141.692 141.692 141.692 141.692 141.692 141.692 141.692 141.692 141.692 141.692 141.692 141.692 141.692 141.692 141.692 
0.395116 0.395116 0.395116 0.395116 0.395116 0.395116 0.395116 0.395116 0.395116 0.395116 0.395116 0.395116 0.395116 0.395116 0.395116 0.395116 0.395116 0.395116 0.395116 0.395116 0.395116 0.395116 0.395116 0.395116 0.395116 0.395116 
item 1
35 35 115 75 85 110 65 90 50 50 40 25 50 20 115 50 5 35 65 0 80 5 105 0 30 40 
176.012 176.012 176.012 176.012 176.012 176.012 176.012 176.012 176.012 176.012 176.012 176.012 176.012 176.012 176.012 176.012 176.012 176.012 176.012 176.012 176.012 176.012 176.012 176.012 176.012 176.012 
0.516595 0.516595 0.516595 0.516595 0.516595 0.516595 0.516595 0.516595 0.516595 0.516595 0.516595 0.516595 0.516595 0.516595 0.516595 0.516595 0.516595 0.516595 0.516595 0.516595 0.516595 0.516595 0.516595 0.516595 0.516595 0.516595 
item 2
235 275 175 170 120 30 130 70 85 30 225 125 155 110 0 10 0 70 85 165 100 50 270 155 255 85 
122.447 122.447 122.447 122.447 122.447 122.447 122.447 122.447 122.447 122.447 122.447 122.447 122.447 122.447 122.447 122.447 122.447 122.447 122.447 122.447 122.447 122.447 122.447 122.447 122.447 122.447 
0.197152 0.197152 0.197152 0.197152 0.197152 0.197152 0.197152 0.197152 0.197152 0.197152 0.197152 0.197152 0.197152 0.197152 0.197152 0.197152 0.197152 0.197152 0.197152 0.197152 0.197152 0.197152 0.197152 0.197152 0.197152 0.197152 
item 3
195 190 60 240 315 5 5 290 230 220 255 245 175 235 235 280 275 300 35 80 190 175 230 295 215 255 
448.123 448.123 448.123 448.123 448.123 448.123 448.123 448.123 448.123 448.123 448.123 448.123 448.123 448.123 448.123 448.123 448.123 448.123 448.123 448.123 448.123 448.123 448.123 448.123 448.123 448.123 
0.34889 0.34889 0.34889 0.34889 0.34889 0.34889 0.34889 0.34889 0.34889 0.34889 0.34889 0.34889 0.34889 0.34889 0.34889 0.34889 0.34889 0.34889 0.34889 0.34889 0.34889 0.34889 0.34889 0.34889 0.34889 0.34889 
item 4
150 50 0 75 130 345 230 180 175 150 125 160 10 70 225 55 180 155 230 70 75 135 300 195 10 10 
153.457 153.457 153.457 153.457 153.457 153.457 153.457 153.457 153.457 153.457 153.457 153.457 153.457 153.457 153.457 153.457 153.457 153.457 153.457 153.457 153.457 153.457 153.457 153.457 153.457 153.457 
0.167662 0.167662 0.167662 0.167662 0.167662 0.167662 0.167662 0.167662 0.167662 0.167662 0.167662 0.167662 0.167662 0.167662 0.167662 0.167662 0.167662 0.167662 0.167662 0.167662 0.167662 0.167662 0.167662 0.167662 0.167662 0.167662 
item 5
245 130 230 140 15 10 160 50 75 155 50 190 285 215 155 170 165 355 200 115 215 175 260 10 115 180 
151.343 151.343 151.343 151.343 151.343 151.343 151.343 151.343 151.343 151.343 151.343 151.343 151.343 151.343 151.343 151.343 151.343 151.343 151.343 151.343 151.343 151.343 151.343 151.343 151.343 151.343 
0.180051 0.180051 0.180051 0.180051 0.180051 0.180051 0.180051 0.180051 0.180051 0.180051 0.180051 0.180051 0.180051 0.180051 0.180051 0.180051 0.180051 0.180051 0.180051 0.180051 0.180051 0.180051 0.180051 0.180051 0.180051 0.180051 
item 6
60 115 20 45 15 15 25 40 40 25 90 100 110 105 50 10 5 30 30 10 25 10 40 40 35 55 
69.2184 69.2184 69.2184 69.2184 69.2184 69.2184 69.2184 69.2184 69.2184 69.2184 69.2184 69.2184 69.2184 69.2184 69.2184 69.2184 69.2184 69.2184 69.2184 69.2184 69.2184 69.2184 69.2184 69.2184 69.2184 69.2184 
0.364832 0.364832 0.364832 0.364832 0.364832 0.364832 0.364832 0.364832 0.364832 0.364832 0.364832 0.364832 0.364832 0.364832 0.364832 0.364832 0.364832 0.364832 0.364832 0.364832 0.364832 0.364832 0.364832 0.364832 0.364832 0.364832 
item 7
205 50 120 85 175 215 50 120 150 130 180 175 140 145 245 10 205 290 45 50 240 160 190 260 0 135 
269.001 269.001 269.001 269.001 269.001 269.001 269.001 269.001 269.001 269.001 269.001 269.001 269.001 269.001 269.001 269.001 269.001 269.001 269.001 269.001 269.001 269.001 269.001 269.001 269.001 269.001 
0.294279 0.294279 0.294279 0.294279 0.294279 0.294279 0.294279 0.294279 0.294279 0.294279 0.294279 0.294279 0.294279 0.294279 0.294279 0.294279 0.294279 0.294279 0.294279 0.294279 0.294279 0.294279 0.294279 0.294279 0.294279 0.294279 
item 8
90 165 105 25 95 20 105 75 135 55 125 95 110 65 25 65 20 20 45 85 20 5 30 85 105 35 
358.714 358.714 358.714 358.714 358.714 358.714 358.714 358.714 358.714 358.714 358.714 358.714 358.714 358.714 358.714 358.714 358.714 358.714 358.714 358.714 358.714 358.714 358.714 358.714 358.714 358.714 
0.569213 0.569213 0.569213 0.569213 0.569213 0.569213 0.569213 0.569213 0.569213 0.569213 0.569213 0.569213 0.569213 0.569213 0.569213 0.569213 0.569213 0.569213 0.569213 0.569213 0.569213 0.569213 0.569213 0.569213 0.569213 0.569213 
item 9
30 40 15 45 25 15 75 30 60 5 85 25 5 15 85 90 55 40 30 65 5 55 0 65 5 15 
109.994 109.994 109.994 109.994 109.994 109.994 109.994 109.994 109.994 109.994 109.994 109.994 109.994 109.994 109.994 109.994 109.994 109.994 109.994 109.994 109.994 109.994 109.994 109.994 109.994 109.994 
0.577507 0.577507 0.577507 0.577507 0.577507 0.577507 0.577507 0.577507 0.577507 0.577507 0.577507 0.577507 0.577507 0.577507 0.577507 0.577507 0.577507 0.577507 0.577507 0.577507 0.577507 0.577507 0.577507 0.577507 0.577507 0.577507 
