13 20
-6.27744e+66 67.2227 77.1087 131.481 131.481 171.025 208.097 208.097 277.298 356.386 445.359 568.933 623.306 860.568 
-6.27744e+66 -6.27744e+66 67.2227 94.409 94.409 124.067 153.725 153.725 213.04 282.241 361.329 472.545 521.975 739.465 
-6.27744e+66 -6.27744e+66 -6.27744e+66 67.2227 67.2227 86.9946 109.238 109.238 158.667 217.983 287.184 386.044 430.53 628.249 
-6.27744e+66 -6.27744e+66 -6.27744e+66 -6.27744e+66 67.2227 77.1087 91.9375 91.9375 131.481 180.911 240.226 326.728 366.272 544.218 
-6.27744e+66 -6.27744e+66 -6.27744e+66 -6.27744e+66 -6.27744e+66 67.2227 74.6372 74.6372 104.295 143.839 193.268 267.413 302.013 460.188 
-6.27744e+66 -6.27744e+66 -6.27744e+66 -6.27744e+66 -6.27744e+66 -6.27744e+66 67.2227 67.2227 86.9946 116.652 156.196 217.983 247.641 386.044 
-6.27744e+66 -6.27744e+66 -6.27744e+66 -6.27744e+66 -6.27744e+66 -6.27744e+66 -6.27744e+66 67.2227 77.1087 96.8805 126.538 175.968 200.683 319.314 
-6.27744e+66 -6.27744e+66 -6.27744e+66 -6.27744e+66 -6.27744e+66 -6.27744e+66 -6.27744e+66 -6.27744e+66 67.2227 77.1087 96.8805 133.953 153.725 252.584 
-6.27744e+66 -6.27744e+66 -6.27744e+66 -6.27744e+66 -6.27744e+66 -6.27744e+66 -6.27744e+66 -6.27744e+66 -6.27744e+66 67.2227 77.1087 101.823 116.652 195.74 
-6.27744e+66 -6.27744e+66 -6.27744e+66 -6.27744e+66 -6.27744e+66 -6.27744e+66 -6.27744e+66 -6.27744e+66 -6.27744e+66 -6.27744e+66 67.2227 79.5801 89.466 148.782 
-6.27744e+66 -6.27744e+66 -6.27744e+66 -6.27744e+66 -6.27744e+66 -6.27744e+66 -6.27744e+66 -6.27744e+66 -6.27744e+66 -6.27744e+66 -6.27744e+66 67.2227 72.1657 111.709 
-6.27744e+66 -6.27744e+66 -6.27744e+66 -6.27744e+66 -6.27744e+66 -6.27744e+66 -6.27744e+66 -6.27744e+66 -6.27744e+66 -6.27744e+66 -6.27744e+66 -6.27744e+66 67.2227 86.9946 
-6.27744e+66 -6.27744e+66 -6.27744e+66 -6.27744e+66 -6.27744e+66 -6.27744e+66 -6.27744e+66 -6.27744e+66 -6.27744e+66 -6.27744e+66 -6.27744e+66 -6.27744e+66 -6.27744e+66 67.2227 
-6.27744e+66 -6.27744e+66 -6.27744e+66 -6.27744e+66 -6.27744e+66 -6.27744e+66 -6.27744e+66 -6.27744e+66 -6.27744e+66 -6.27744e+66 -6.27744e+66 -6.27744e+66 -6.27744e+66 -6.27744e+66 
-6.27744e+66 64.0836 80.0027 80.0027 137.311 200.988 256.705 361.77 417.487 481.164 595.781 786.81 1014.45 1109.97 
-6.27744e+66 -6.27744e+66 64.0836 64.0836 102.289 150.047 194.62 282.175 329.932 385.649 487.531 659.457 866.406 953.96 
-6.27744e+66 -6.27744e+66 -6.27744e+66 64.0836 83.1865 115.025 148.455 218.499 258.296 306.054 395.201 548.024 734.277 813.873 
-6.27744e+66 -6.27744e+66 -6.27744e+66 -6.27744e+66 64.0836 80.0027 102.289 154.822 186.661 226.458 302.87 436.59 602.149 673.785 
-6.27744e+66 -6.27744e+66 -6.27744e+66 -6.27744e+66 -6.27744e+66 64.0836 75.2269 110.249 134.128 165.966 229.642 344.259 489.123 552.8 
-6.27744e+66 -6.27744e+66 -6.27744e+66 -6.27744e+66 -6.27744e+66 -6.27744e+66 64.0836 81.5946 97.5137 121.392 172.333 267.848 392.017 447.734 
-6.27744e+66 -6.27744e+66 -6.27744e+66 -6.27744e+66 -6.27744e+66 -6.27744e+66 -6.27744e+66 64.0836 72.0431 87.9622 126.168 202.58 306.054 353.811 
-6.27744e+66 -6.27744e+66 -6.27744e+66 -6.27744e+66 -6.27744e+66 -6.27744e+66 -6.27744e+66 -6.27744e+66 64.0836 72.0431 97.5137 154.822 237.602 277.399 
-6.27744e+66 -6.27744e+66 -6.27744e+66 -6.27744e+66 -6.27744e+66 -6.27744e+66 -6.27744e+66 -6.27744e+66 -6.27744e+66 64.0836 76.8189 115.025 177.109 208.947 
-6.27744e+66 -6.27744e+66 -6.27744e+66 -6.27744e+66 -6.27744e+66 -6.27744e+66 -6.27744e+66 -6.27744e+66 -6.27744e+66 -6.27744e+66 64.0836 83.1865 124.576 148.455 
-6.27744e+66 -6.27744e+66 -6.27744e+66 -6.27744e+66 -6.27744e+66 -6.27744e+66 -6.27744e+66 -6.27744e+66 -6.27744e+66 -6.27744e+66 -6.27744e+66 64.0836 84.7784 100.697 
-6.27744e+66 -6.27744e+66 -6.27744e+66 -6.27744e+66 -6.27744e+66 -6.27744e+66 -6.27744e+66 -6.27744e+66 -6.27744e+66 -6.27744e+66 -6.27744e+66 -6.27744e+66 64.0836 72.0431 
-6.27744e+66 -6.27744e+66 -6.27744e+66 -6.27744e+66 -6.27744e+66 -6.27744e+66 -6.27744e+66 -6.27744e+66 -6.27744e+66 -6.27744e+66 -6.27744e+66 -6.27744e+66 -6.27744e+66 64.0836 
-6.27744e+66 -6.27744e+66 -6.27744e+66 -6.27744e+66 -6.27744e+66 -6.27744e+66 -6.27744e+66 -6.27744e+66 -6.27744e+66 -6.27744e+66 -6.27744e+66 -6.27744e+66 -6.27744e+66 -6.27744e+66 
-6.27744e+66 9.46299 9.46299 14.7745 22.7418 33.3648 46.6435 62.578 62.578 126.316 126.316 126.316 155.529 378.613 
-6.27744e+66 -6.27744e+66 9.46299 12.1187 17.4303 25.3975 36.0205 49.2993 49.2993 105.07 105.07 105.07 131.628 336.121 
-6.27744e+66 -6.27744e+66 -6.27744e+66 9.46299 12.1187 17.4303 25.3975 36.0205 36.0205 83.8241 83.8241 83.8241 107.726 293.629 
-6.27744e+66 -6.27744e+66 -6.27744e+66 -6.27744e+66 9.46299 12.1187 17.4303 25.3975 25.3975 65.2338 65.2338 65.2338 86.4798 253.792 
-6.27744e+66 -6.27744e+66 -6.27744e+66 -6.27744e+66 -6.27744e+66 9.46299 12.1187 17.4303 17.4303 49.2993 49.2993 49.2993 67.8896 216.612 
-6.27744e+66 -6.27744e+66 -6.27744e+66 -6.27744e+66 -6.27744e+66 -6.27744e+66 9.46299 12.1187 12.1187 36.0205 36.0205 36.0205 51.955 182.087 
-6.27744e+66 -6.27744e+66 -6.27744e+66 -6.27744e+66 -6.27744e+66 -6.27744e+66 -6.27744e+66 9.46299 9.46299 25.3975 25.3975 25.3975 38.6763 150.218 
-6.27744e+66 -6.27744e+66 -6.27744e+66 -6.27744e+66 -6.27744e+66 -6.27744e+66 -6.27744e+66 -6.27744e+66 9.46299 17.4303 17.4303 17.4303 28.0533 121.005 
-6.27744e+66 -6.27744e+66 -6.27744e+66 -6.27744e+66 -6.27744e+66 -6.27744e+66 -6.27744e+66 -6.27744e+66 -6.27744e+66 9.46299 9.46299 9.46299 17.4303 91.7913 
-6.27744e+66 -6.27744e+66 -6.27744e+66 -6.27744e+66 -6.27744e+66 -6.27744e+66 -6.27744e+66 -6.27744e+66 -6.27744e+66 -6.27744e+66 9.46299 9.46299 14.7745 70.5453 
-6.27744e+66 -6.27744e+66 -6.27744e+66 -6.27744e+66 -6.27744e+66 -6.27744e+66 -6.27744e+66 -6.27744e+66 -6.27744e+66 -6.27744e+66 -6.27744e+66 9.46299 12.1187 49.2993 
-6.27744e+66 -6.27744e+66 -6.27744e+66 -6.27744e+66 -6.27744e+66 -6.27744e+66 -6.27744e+66 -6.27744e+66 -6.27744e+66 -6.27744e+66 -6.27744e+66 -6.27744e+66 9.46299 28.0533 
-6.27744e+66 -6.27744e+66 -6.27744e+66 -6.27744e+66 -6.27744e+66 -6.27744e+66 -6.27744e+66 -6.27744e+66 -6.27744e+66 -6.27744e+66 -6.27744e+66 -6.27744e+66 -6.27744e+66 9.46299 
-6.27744e+66 -6.27744e+66 -6.27744e+66 -6.27744e+66 -6.27744e+66 -6.27744e+66 -6.27744e+66 -6.27744e+66 -6.27744e+66 -6.27744e+66 -6.27744e+66 -6.27744e+66 -6.27744e+66 -6.27744e+66 
-6.27744e+66 49.8027 56.4671 61.7986 61.7986 72.4616 99.1191 99.1191 136.44 147.103 363.028 602.946 837.532 901.51 
-6.27744e+66 -6.27744e+66 49.8027 52.4685 52.4685 60.4657 81.7917 81.7917 113.781 123.111 315.045 530.971 744.231 802.877 
-6.27744e+66 -6.27744e+66 -6.27744e+66 49.8027 49.8027 55.1342 71.1287 71.1287 97.7862 105.783 273.726 465.66 657.594 710.909 
-6.27744e+66 -6.27744e+66 -6.27744e+66 -6.27744e+66 49.8027 52.4685 63.1315 63.1315 84.4575 91.1218 235.072 403.015 573.623 621.606 
-6.27744e+66 -6.27744e+66 -6.27744e+66 -6.27744e+66 -6.27744e+66 49.8027 55.1342 55.1342 71.1287 76.4602 196.419 340.369 489.651 532.303 
-6.27744e+66 -6.27744e+66 -6.27744e+66 -6.27744e+66 -6.27744e+66 -6.27744e+66 49.8027 49.8027 60.4657 64.4643 160.431 280.39 408.346 445.667 
-6.27744e+66 -6.27744e+66 -6.27744e+66 -6.27744e+66 -6.27744e+66 -6.27744e+66 -6.27744e+66 49.8027 55.1342 57.8 129.775 225.742 332.372 364.361 
-6.27744e+66 -6.27744e+66 -6.27744e+66 -6.27744e+66 -6.27744e+66 -6.27744e+66 -6.27744e+66 -6.27744e+66 49.8027 51.1356 99.1191 171.094 256.398 283.056 
-6.27744e+66 -6.27744e+66 -6.27744e+66 -6.27744e+66 -6.27744e+66 -6.27744e+66 -6.27744e+66 -6.27744e+66 -6.27744e+66 49.8027 73.7945 121.778 185.756 207.082 
-6.27744e+66 -6.27744e+66 -6.27744e+66 -6.27744e+66 -6.27744e+66 -6.27744e+66 -6.27744e+66 -6.27744e+66 -6.27744e+66 -6.27744e+66 49.8027 73.7945 116.446 132.441 
-6.27744e+66 -6.27744e+66 -6.27744e+66 -6.27744e+66 -6.27744e+66 -6.27744e+66 -6.27744e+66 -6.27744e+66 -6.27744e+66 -6.27744e+66 -6.27744e+66 49.8027 71.1287 81.7917 
-6.27744e+66 -6.27744e+66 -6.27744e+66 -6.27744e+66 -6.27744e+66 -6.27744e+66 -6.27744e+66 -6.27744e+66 -6.27744e+66 -6.27744e+66 -6.27744e+66 -6.27744e+66 49.8027 55.1342 
-6.27744e+66 -6.27744e+66 -6.27744e+66 -6.27744e+66 -6.27744e+66 -6.27744e+66 -6.27744e+66 -6.27744e+66 -6.27744e+66 -6.27744e+66 -6.27744e+66 -6.27744e+66 -6.27744e+66 49.8027 
-6.27744e+66 -6.27744e+66 -6.27744e+66 -6.27744e+66 -6.27744e+66 -6.27744e+66 -6.27744e+66 -6.27744e+66 -6.27744e+66 -6.27744e+66 -6.27744e+66 -6.27744e+66 -6.27744e+66 -6.27744e+66 
-6.27744e+66 22.68 46.2128 72.3604 84.1268 125.963 132.5 187.41 278.926 320.762 391.361 430.582 473.726 552.168 
-6.27744e+66 -6.27744e+66 22.68 35.7538 43.5981 74.9751 80.2047 125.963 204.406 241.012 303.766 339.066 378.287 450.193 
-6.27744e+66 -6.27744e+66 -6.27744e+66 22.68 26.6021 47.5202 51.4423 88.0489 153.418 184.795 239.705 271.082 306.381 371.75 
-6.27744e+66 -6.27744e+66 -6.27744e+66 -6.27744e+66 22.68 33.139 35.7538 63.2087 115.504 141.651 188.717 216.172 247.549 306.381 
-6.27744e+66 -6.27744e+66 -6.27744e+66 -6.27744e+66 -6.27744e+66 22.68 23.9874 42.2907 81.512 102.43 141.651 165.184 192.639 244.934 
-6.27744e+66 -6.27744e+66 -6.27744e+66 -6.27744e+66 -6.27744e+66 -6.27744e+66 22.68 31.8316 57.9792 73.6678 105.045 124.656 148.188 193.947 
-6.27744e+66 -6.27744e+66 -6.27744e+66 -6.27744e+66 -6.27744e+66 -6.27744e+66 -6.27744e+66 22.68 35.7538 46.2128 69.7456 85.4342 105.045 144.266 
-6.27744e+66 -6.27744e+66 -6.27744e+66 -6.27744e+66 -6.27744e+66 -6.27744e+66 -6.27744e+66 -6.27744e+66 22.68 27.9095 43.5981 55.3645 71.053 103.737 
-6.27744e+66 -6.27744e+66 -6.27744e+66 -6.27744e+66 -6.27744e+66 -6.27744e+66 -6.27744e+66 -6.27744e+66 -6.27744e+66 22.68 30.5243 38.3685 50.1349 76.2825 
-6.27744e+66 -6.27744e+66 -6.27744e+66 -6.27744e+66 -6.27744e+66 -6.27744e+66 -6.27744e+66 -6.27744e+66 -6.27744e+66 -6.27744e+66 22.68 26.6021 34.4464 54.0571 
-6.27744e+66 -6.27744e+66 -6.27744e+66 -6.27744e+66 -6.27744e+66 -6.27744e+66 -6.27744e+66 -6.27744e+66 -6.27744e+66 -6.27744e+66 -6.27744e+66 22.68 26.6021 39.6759 
-6.27744e+66 -6.27744e+66 -6.27744e+66 -6.27744e+66 -6.27744e+66 -6.27744e+66 -6.27744e+66 -6.27744e+66 -6.27744e+66 -6.27744e+66 -6.27744e+66 -6.27744e+66 22.68 29.2169 
-6.27744e+66 -6.27744e+66 -6.27744e+66 -6.27744e+66 -6.27744e+66 -6.27744e+66 -6.27744e+66 -6.27744e+66 -6.27744e+66 -6.27744e+66 -6.27744e+66 -6.27744e+66 -6.27744e+66 22.68 
-6.27744e+66 -6.27744e+66 -6.27744e+66 -6.27744e+66 -6.27744e+66 -6.27744e+66 -6.27744e+66 -6.27744e+66 -6.27744e+66 -6.27744e+66 -6.27744e+66 -6.27744e+66 -6.27744e+66 -6.27744e+66 
-6.27744e+66 32.146 34.575 68.5801 90.4405 109.872 182.74 241.035 309.045 309.045 418.347 442.636 469.355 556.797 
-6.27744e+66 -6.27744e+66 32.146 49.1486 63.7222 78.2958 136.59 185.169 243.464 243.464 340.621 362.482 386.771 466.926 
-6.27744e+66 -6.27744e+66 -6.27744e+66 32.146 39.4328 49.1486 92.8695 131.732 180.311 180.311 265.324 284.756 306.616 379.484 
-6.27744e+66 -6.27744e+66 -6.27744e+66 -6.27744e+66 32.146 37.0039 66.1512 95.2984 134.161 134.161 207.03 224.032 243.464 309.045 
-6.27744e+66 -6.27744e+66 -6.27744e+66 -6.27744e+66 -6.27744e+66 32.146 46.7197 66.1512 95.2984 95.2984 156.022 170.595 187.598 245.893 
-6.27744e+66 -6.27744e+66 -6.27744e+66 -6.27744e+66 -6.27744e+66 -6.27744e+66 32.146 41.8618 61.2933 61.2933 109.872 122.017 136.59 187.598 
-6.27744e+66 -6.27744e+66 -6.27744e+66 -6.27744e+66 -6.27744e+66 -6.27744e+66 -6.27744e+66 32.146 41.8618 41.8618 78.2958 88.0116 100.156 143.877 
-6.27744e+66 -6.27744e+66 -6.27744e+66 -6.27744e+66 -6.27744e+66 -6.27744e+66 -6.27744e+66 -6.27744e+66 32.146 32.146 56.4354 63.7222 73.438 109.872 
-6.27744e+66 -6.27744e+66 -6.27744e+66 -6.27744e+66 -6.27744e+66 -6.27744e+66 -6.27744e+66 -6.27744e+66 -6.27744e+66 32.146 44.2907 49.1486 56.4354 85.5827 
-6.27744e+66 -6.27744e+66 -6.27744e+66 -6.27744e+66 -6.27744e+66 -6.27744e+66 -6.27744e+66 -6.27744e+66 -6.27744e+66 -6.27744e+66 32.146 34.575 39.4328 61.2933 
-6.27744e+66 -6.27744e+66 -6.27744e+66 -6.27744e+66 -6.27744e+66 -6.27744e+66 -6.27744e+66 -6.27744e+66 -6.27744e+66 -6.27744e+66 -6.27744e+66 32.146 34.575 49.1486 
-6.27744e+66 -6.27744e+66 -6.27744e+66 -6.27744e+66 -6.27744e+66 -6.27744e+66 -6.27744e+66 -6.27744e+66 -6.27744e+66 -6.27744e+66 -6.27744e+66 -6.27744e+66 32.146 39.4328 
-6.27744e+66 -6.27744e+66 -6.27744e+66 -6.27744e+66 -6.27744e+66 -6.27744e+66 -6.27744e+66 -6.27744e+66 -6.27744e+66 -6.27744e+66 -6.27744e+66 -6.27744e+66 -6.27744e+66 32.146 
-6.27744e+66 -6.27744e+66 -6.27744e+66 -6.27744e+66 -6.27744e+66 -6.27744e+66 -6.27744e+66 -6.27744e+66 -6.27744e+66 -6.27744e+66 -6.27744e+66 -6.27744e+66 -6.27744e+66 -6.27744e+66 
-6.27744e+66 72.6014 81.2019 131.658 136.818 233.143 276.146 310.548 442.995 511.799 573.722 682.661 682.661 992.278 
-6.27744e+66 -6.27744e+66 72.6014 97.8295 101.27 173.514 207.915 236.584 350.11 410.313 465.356 563.401 563.401 847.217 
-6.27744e+66 -6.27744e+66 -6.27744e+66 72.6014 74.3215 122.484 148.286 171.22 265.825 317.428 365.591 452.742 452.742 710.756 
-6.27744e+66 -6.27744e+66 -6.27744e+66 -6.27744e+66 72.6014 96.6827 113.884 131.085 206.769 249.771 291.053 367.311 367.311 599.523 
-6.27744e+66 -6.27744e+66 -6.27744e+66 -6.27744e+66 -6.27744e+66 72.6014 81.2019 92.6692 149.432 183.834 218.236 283.6 283.6 490.011 
-6.27744e+66 -6.27744e+66 -6.27744e+66 -6.27744e+66 -6.27744e+66 -6.27744e+66 72.6014 78.3351 116.177 141.979 169.5 223.97 223.97 404.579 
-6.27744e+66 -6.27744e+66 -6.27744e+66 -6.27744e+66 -6.27744e+66 -6.27744e+66 -6.27744e+66 72.6014 91.5225 108.723 129.365 172.94 172.94 327.749 
-6.27744e+66 -6.27744e+66 -6.27744e+66 -6.27744e+66 -6.27744e+66 -6.27744e+66 -6.27744e+66 -6.27744e+66 72.6014 81.2019 94.9626 127.644 127.644 256.651 
-6.27744e+66 -6.27744e+66 -6.27744e+66 -6.27744e+66 -6.27744e+66 -6.27744e+66 -6.27744e+66 -6.27744e+66 -6.27744e+66 72.6014 79.4818 101.27 101.27 204.475 
-6.27744e+66 -6.27744e+66 -6.27744e+66 -6.27744e+66 -6.27744e+66 -6.27744e+66 -6.27744e+66 -6.27744e+66 -6.27744e+66 -6.27744e+66 72.6014 83.4954 83.4954 160.9 
-6.27744e+66 -6.27744e+66 -6.27744e+66 -6.27744e+66 -6.27744e+66 -6.27744e+66 -6.27744e+66 -6.27744e+66 -6.27744e+66 -6.27744e+66 -6.27744e+66 72.6014 72.6014 124.204 
-6.27744e+66 -6.27744e+66 -6.27744e+66 -6.27744e+66 -6.27744e+66 -6.27744e+66 -6.27744e+66 -6.27744e+66 -6.27744e+66 -6.27744e+66 -6.27744e+66 -6.27744e+66 72.6014 98.4028 
-6.27744e+66 -6.27744e+66 -6.27744e+66 -6.27744e+66 -6.27744e+66 -6.27744e+66 -6.27744e+66 -6.27744e+66 -6.27744e+66 -6.27744e+66 -6.27744e+66 -6.27744e+66 -6.27744e+66 72.6014 
-6.27744e+66 -6.27744e+66 -6.27744e+66 -6.27744e+66 -6.27744e+66 -6.27744e+66 -6.27744e+66 -6.27744e+66 -6.27744e+66 -6.27744e+66 -6.27744e+66 -6.27744e+66 -6.27744e+66 -6.27744e+66 
-6.27744e+66 2.0275 10.0393 10.0393 10.0393 31.4043 71.4635 71.4635 71.4635 92.8284 213.006 319.831 349.207 413.302 
-6.27744e+66 -6.27744e+66 2.0275 2.0275 2.0275 18.0512 50.0986 50.0986 50.0986 68.7928 175.617 271.76 298.466 357.219 
-6.27744e+66 -6.27744e+66 -6.27744e+66 2.0275 2.0275 12.71 36.7455 36.7455 36.7455 52.7692 146.241 231.7 255.736 309.148 
-6.27744e+66 -6.27744e+66 -6.27744e+66 -6.27744e+66 2.0275 7.36873 23.3924 23.3924 23.3924 36.7455 116.864 191.641 213.006 261.077 
-6.27744e+66 -6.27744e+66 -6.27744e+66 -6.27744e+66 -6.27744e+66 2.0275 10.0393 10.0393 10.0393 20.7218 87.4871 151.582 170.276 213.006 
-6.27744e+66 -6.27744e+66 -6.27744e+66 -6.27744e+66 -6.27744e+66 -6.27744e+66 2.0275 2.0275 2.0275 10.0393 63.4516 116.864 132.888 170.276 
-6.27744e+66 -6.27744e+66 -6.27744e+66 -6.27744e+66 -6.27744e+66 -6.27744e+66 -6.27744e+66 2.0275 2.0275 7.36873 47.4279 90.1578 103.511 135.558 
-6.27744e+66 -6.27744e+66 -6.27744e+66 -6.27744e+66 -6.27744e+66 -6.27744e+66 -6.27744e+66 -6.27744e+66 2.0275 4.69811 31.4043 63.4516 74.1341 100.84 
-6.27744e+66 -6.27744e+66 -6.27744e+66 -6.27744e+66 -6.27744e+66 -6.27744e+66 -6.27744e+66 -6.27744e+66 -6.27744e+66 2.0275 15.3806 36.7455 44.7573 66.1222 
-6.27744e+66 -6.27744e+66 -6.27744e+66 -6.27744e+66 -6.27744e+66 -6.27744e+66 -6.27744e+66 -6.27744e+66 -6.27744e+66 -6.27744e+66 2.0275 12.71 18.0512 34.0749 
-6.27744e+66 -6.27744e+66 -6.27744e+66 -6.27744e+66 -6.27744e+66 -6.27744e+66 -6.27744e+66 -6.27744e+66 -6.27744e+66 -6.27744e+66 -6.27744e+66 2.0275 4.69811 15.3806 
-6.27744e+66 -6.27744e+66 -6.27744e+66 -6.27744e+66 -6.27744e+66 -6.27744e+66 -6.27744e+66 -6.27744e+66 -6.27744e+66 -6.27744e+66 -6.27744e+66 -6.27744e+66 2.0275 7.36873 
-6.27744e+66 -6.27744e+66 -6.27744e+66 -6.27744e+66 -6.27744e+66 -6.27744e+66 -6.27744e+66 -6.27744e+66 -6.27744e+66 -6.27744e+66 -6.27744e+66 -6.27744e+66 -6.27744e+66 2.0275 
-6.27744e+66 -6.27744e+66 -6.27744e+66 -6.27744e+66 -6.27744e+66 -6.27744e+66 -6.27744e+66 -6.27744e+66 -6.27744e+66 -6.27744e+66 -6.27744e+66 -6.27744e+66 -6.27744e+66 -6.27744e+66 
-6.27744e+66 38.2719 56.77 56.77 102.471 176.463 203.666 210.195 217.812 217.812 286.364 395.176 419.114 445.229 
-6.27744e+66 -6.27744e+66 38.2719 38.2719 68.7393 124.234 145.996 151.437 157.965 157.965 218.9 316.831 338.593 362.532 
-6.27744e+66 -6.27744e+66 -6.27744e+66 38.2719 53.5056 90.5017 106.824 111.176 116.617 116.617 169.935 256.984 276.571 298.333 
-6.27744e+66 -6.27744e+66 -6.27744e+66 -6.27744e+66 38.2719 56.77 67.6512 70.9155 75.268 75.268 120.969 197.138 214.548 234.134 
-6.27744e+66 -6.27744e+66 -6.27744e+66 -6.27744e+66 -6.27744e+66 38.2719 43.7125 45.8888 49.1531 49.1531 87.2374 152.525 167.758 185.168 
-6.27744e+66 -6.27744e+66 -6.27744e+66 -6.27744e+66 -6.27744e+66 -6.27744e+66 38.2719 39.36 41.5363 41.5363 72.0037 126.41 139.467 154.701 
-6.27744e+66 -6.27744e+66 -6.27744e+66 -6.27744e+66 -6.27744e+66 -6.27744e+66 -6.27744e+66 38.2719 39.36 39.36 62.2106 105.735 116.617 129.674 
-6.27744e+66 -6.27744e+66 -6.27744e+66 -6.27744e+66 -6.27744e+66 -6.27744e+66 -6.27744e+66 -6.27744e+66 38.2719 38.2719 53.5056 86.1492 94.8542 105.735 
-6.27744e+66 -6.27744e+66 -6.27744e+66 -6.27744e+66 -6.27744e+66 -6.27744e+66 -6.27744e+66 -6.27744e+66 -6.27744e+66 38.2719 45.8888 67.6512 74.1799 82.8849 
-6.27744e+66 -6.27744e+66 -6.27744e+66 -6.27744e+66 -6.27744e+66 -6.27744e+66 -6.27744e+66 -6.27744e+66 -6.27744e+66 -6.27744e+66 38.2719 49.1531 53.5056 60.0343 
-6.27744e+66 -6.27744e+66 -6.27744e+66 -6.27744e+66 -6.27744e+66 -6.27744e+66 -6.27744e+66 -6.27744e+66 -6.27744e+66 -6.27744e+66 -6.27744e+66 38.2719 40.4481 44.8006 
-6.27744e+66 -6.27744e+66 -6.27744e+66 -6.27744e+66 -6.27744e+66 -6.27744e+66 -6.27744e+66 -6.27744e+66 -6.27744e+66 -6.27744e+66 -6.27744e+66 -6.27744e+66 38.2719 40.4481 
-6.27744e+66 -6.27744e+66 -6.27744e+66 -6.27744e+66 -6.27744e+66 -6.27744e+66 -6.27744e+66 -6.27744e+66 -6.27744e+66 -6.27744e+66 -6.27744e+66 -6.27744e+66 -6.27744e+66 38.2719 
-6.27744e+66 -6.27744e+66 -6.27744e+66 -6.27744e+66 -6.27744e+66 -6.27744e+66 -6.27744e+66 -6.27744e+66 -6.27744e+66 -6.27744e+66 -6.27744e+66 -6.27744e+66 -6.27744e+66 -6.27744e+66 
-6.27744e+66 74.6761 103.782 155.972 243.29 339.641 384.805 414.915 565.965 626.184 757.161 902.691 1162.14 1234.4 
-6.27744e+66 -6.27744e+66 74.6761 100.771 158.983 231.246 267.378 292.469 421.941 474.632 591.056 722.033 957.892 1024.13 
-6.27744e+66 -6.27744e+66 -6.27744e+66 74.6761 103.782 151.957 179.056 199.129 307.022 352.187 454.058 570.482 782.754 842.974 
-6.27744e+66 -6.27744e+66 -6.27744e+66 -6.27744e+66 74.6761 98.7638 116.83 131.884 218.199 255.836 343.154 445.025 633.712 687.909 
-6.27744e+66 -6.27744e+66 -6.27744e+66 -6.27744e+66 -6.27744e+66 74.6761 83.7089 93.7455 158.481 188.591 261.356 348.674 513.775 561.95 
-6.27744e+66 -6.27744e+66 -6.27744e+66 -6.27744e+66 -6.27744e+66 -6.27744e+66 74.6761 79.6943 122.851 145.434 203.646 276.411 417.926 460.079 
-6.27744e+66 -6.27744e+66 -6.27744e+66 -6.27744e+66 -6.27744e+66 -6.27744e+66 -6.27744e+66 74.6761 96.2546 111.309 154.968 213.18 331.11 367.241 
-6.27744e+66 -6.27744e+66 -6.27744e+66 -6.27744e+66 -6.27744e+66 -6.27744e+66 -6.27744e+66 -6.27744e+66 74.6761 82.2035 111.309 154.968 249.312 279.422 
-6.27744e+66 -6.27744e+66 -6.27744e+66 -6.27744e+66 -6.27744e+66 -6.27744e+66 -6.27744e+66 -6.27744e+66 -6.27744e+66 74.6761 89.229 118.335 189.093 213.18 
-6.27744e+66 -6.27744e+66 -6.27744e+66 -6.27744e+66 -6.27744e+66 -6.27744e+66 -6.27744e+66 -6.27744e+66 -6.27744e+66 -6.27744e+66 74.6761 89.229 136.401 154.467 
-6.27744e+66 -6.27744e+66 -6.27744e+66 -6.27744e+66 -6.27744e+66 -6.27744e+66 -6.27744e+66 -6.27744e+66 -6.27744e+66 -6.27744e+66 -6.27744e+66 74.6761 98.2619 110.306 
-6.27744e+66 -6.27744e+66 -6.27744e+66 -6.27744e+66 -6.27744e+66 -6.27744e+66 -6.27744e+66 -6.27744e+66 -6.27744e+66 -6.27744e+66 -6.27744e+66 -6.27744e+66 74.6761 80.698 
-6.27744e+66 -6.27744e+66 -6.27744e+66 -6.27744e+66 -6.27744e+66 -6.27744e+66 -6.27744e+66 -6.27744e+66 -6.27744e+66 -6.27744e+66 -6.27744e+66 -6.27744e+66 -6.27744e+66 74.6761 
-6.27744e+66 -6.27744e+66 -6.27744e+66 -6.27744e+66 -6.27744e+66 -6.27744e+66 -6.27744e+66 -6.27744e+66 -6.27744e+66 -6.27744e+66 -6.27744e+66 -6.27744e+66 -6.27744e+66 -6.27744e+66 
-6.27744e+66 61.1857 68.6543 101.018 142.096 152.054 220.516 347.483 521.75 531.709 688.55 925.056 1212.6 1227.53 
-6.27744e+66 -6.27744e+66 61.1857 77.3677 104.753 112.221 166.991 272.796 422.169 430.882 570.296 783.152 1044.55 1058.25 
-6.27744e+66 -6.27744e+66 -6.27744e+66 61.1857 74.8781 79.8572 120.935 205.579 330.056 337.525 459.512 648.717 883.978 896.426 
-6.27744e+66 -6.27744e+66 -6.27744e+66 -6.27744e+66 61.1857 63.6752 91.0601 154.543 254.125 260.349 364.909 530.464 739.585 750.788 
-6.27744e+66 -6.27744e+66 -6.27744e+66 -6.27744e+66 -6.27744e+66 61.1857 74.8781 117.2 191.886 196.866 283.999 425.903 608.884 618.842 
-6.27744e+66 -6.27744e+66 -6.27744e+66 -6.27744e+66 -6.27744e+66 -6.27744e+66 61.1857 82.3468 132.138 135.872 205.579 323.832 480.673 489.386 
-6.27744e+66 -6.27744e+66 -6.27744e+66 -6.27744e+66 -6.27744e+66 -6.27744e+66 -6.27744e+66 61.1857 86.0811 88.5706 140.851 235.453 366.154 373.623 
-6.27744e+66 -6.27744e+66 -6.27744e+66 -6.27744e+66 -6.27744e+66 -6.27744e+66 -6.27744e+66 -6.27744e+66 61.1857 62.4304 97.284 168.236 272.796 279.02 
-6.27744e+66 -6.27744e+66 -6.27744e+66 -6.27744e+66 -6.27744e+66 -6.27744e+66 -6.27744e+66 -6.27744e+66 -6.27744e+66 61.1857 78.6124 125.914 204.334 209.313 
-6.27744e+66 -6.27744e+66 -6.27744e+66 -6.27744e+66 -6.27744e+66 -6.27744e+66 -6.27744e+66 -6.27744e+66 -6.27744e+66 -6.27744e+66 61.1857 84.8363 137.117 140.851 
-6.27744e+66 -6.27744e+66 -6.27744e+66 -6.27744e+66 -6.27744e+66 -6.27744e+66 -6.27744e+66 -6.27744e+66 -6.27744e+66 -6.27744e+66 -6.27744e+66 61.1857 87.3258 89.8154 
-6.27744e+66 -6.27744e+66 -6.27744e+66 -6.27744e+66 -6.27744e+66 -6.27744e+66 -6.27744e+66 -6.27744e+66 -6.27744e+66 -6.27744e+66 -6.27744e+66 -6.27744e+66 61.1857 62.4304 
-6.27744e+66 -6.27744e+66 -6.27744e+66 -6.27744e+66 -6.27744e+66 -6.27744e+66 -6.27744e+66 -6.27744e+66 -6.27744e+66 -6.27744e+66 -6.27744e+66 -6.27744e+66 -6.27744e+66 61.1857 
-6.27744e+66 -6.27744e+66 -6.27744e+66 -6.27744e+66 -6.27744e+66 -6.27744e+66 -6.27744e+66 -6.27744e+66 -6.27744e+66 -6.27744e+66 -6.27744e+66 -6.27744e+66 -6.27744e+66 -6.27744e+66 
-6.27744e+66 43.9515 43.9515 43.9515 89.2395 157.171 176.041 323.227 428.899 504.379 555.328 668.548 730.819 911.971 
-6.27744e+66 -6.27744e+66 43.9515 43.9515 74.1435 125.092 140.188 262.843 353.419 419.464 464.752 566.65 623.26 789.316 
-6.27744e+66 -6.27744e+66 -6.27744e+66 43.9515 59.0475 93.0135 104.335 202.459 277.939 334.549 374.176 464.752 515.701 666.661 
-6.27744e+66 -6.27744e+66 -6.27744e+66 -6.27744e+66 43.9515 60.9345 68.4825 142.075 202.459 249.634 283.6 362.854 408.142 544.006 
-6.27744e+66 -6.27744e+66 -6.27744e+66 -6.27744e+66 -6.27744e+66 43.9515 47.7255 96.7875 142.075 179.815 208.12 276.052 315.679 436.447 
-6.27744e+66 -6.27744e+66 -6.27744e+66 -6.27744e+66 -6.27744e+66 -6.27744e+66 43.9515 68.4825 98.6745 126.979 149.623 206.233 240.199 345.871 
-6.27744e+66 -6.27744e+66 -6.27744e+66 -6.27744e+66 -6.27744e+66 -6.27744e+66 -6.27744e+66 43.9515 59.0475 77.9175 94.9005 140.188 168.493 259.069 
-6.27744e+66 -6.27744e+66 -6.27744e+66 -6.27744e+66 -6.27744e+66 -6.27744e+66 -6.27744e+66 -6.27744e+66 43.9515 53.3865 64.7085 98.6745 121.318 196.798 
-6.27744e+66 -6.27744e+66 -6.27744e+66 -6.27744e+66 -6.27744e+66 -6.27744e+66 -6.27744e+66 -6.27744e+66 -6.27744e+66 43.9515 49.6125 72.2565 89.2395 149.623 
-6.27744e+66 -6.27744e+66 -6.27744e+66 -6.27744e+66 -6.27744e+66 -6.27744e+66 -6.27744e+66 -6.27744e+66 -6.27744e+66 -6.27744e+66 43.9515 55.2735 66.5955 111.883 
-6.27744e+66 -6.27744e+66 -6.27744e+66 -6.27744e+66 -6.27744e+66 -6.27744e+66 -6.27744e+66 -6.27744e+66 -6.27744e+66 -6.27744e+66 -6.27744e+66 43.9515 49.6125 79.8045 
-6.27744e+66 -6.27744e+66 -6.27744e+66 -6.27744e+66 -6.27744e+66 -6.27744e+66 -6.27744e+66 -6.27744e+66 -6.27744e+66 -6.27744e+66 -6.27744e+66 -6.27744e+66 43.9515 59.0475 
-6.27744e+66 -6.27744e+66 -6.27744e+66 -6.27744e+66 -6.27744e+66 -6.27744e+66 -6.27744e+66 -6.27744e+66 -6.27744e+66 -6.27744e+66 -6.27744e+66 -6.27744e+66 -6.27744e+66 43.9515 
-6.27744e+66 -6.27744e+66 -6.27744e+66 -6.27744e+66 -6.27744e+66 -6.27744e+66 -6.27744e+66 -6.27744e+66 -6.27744e+66 -6.27744e+66 -6.27744e+66 -6.27744e+66 -6.27744e+66 -6.27744e+66 
-6.27744e+66 74.6208 76.3265 79.7379 105.323 180.374 299.773 350.943 506.162 533.453 579.506 715.962 753.487 855.829 
-6.27744e+66 -6.27744e+66 74.6208 76.3265 93.3835 149.671 245.19 287.833 420.877 444.757 485.693 608.503 642.617 736.43 
-6.27744e+66 -6.27744e+66 -6.27744e+66 74.6208 83.1493 120.675 192.314 226.428 337.298 357.766 393.586 502.75 533.453 618.737 
-6.27744e+66 -6.27744e+66 -6.27744e+66 -6.27744e+66 74.6208 93.3835 141.143 166.728 255.424 272.481 303.184 398.703 425.994 502.75 
-6.27744e+66 -6.27744e+66 -6.27744e+66 -6.27744e+66 -6.27744e+66 74.6208 98.5006 115.558 182.08 195.725 221.311 303.184 327.064 395.291 
-6.27744e+66 -6.27744e+66 -6.27744e+66 -6.27744e+66 -6.27744e+66 -6.27744e+66 74.6208 83.1493 127.497 137.732 158.2 226.428 246.896 306.595 
-6.27744e+66 -6.27744e+66 -6.27744e+66 -6.27744e+66 -6.27744e+66 -6.27744e+66 -6.27744e+66 74.6208 96.7949 103.618 118.969 173.551 190.608 241.779 
-6.27744e+66 -6.27744e+66 -6.27744e+66 -6.27744e+66 -6.27744e+66 -6.27744e+66 -6.27744e+66 -6.27744e+66 74.6208 78.0322 88.2664 129.203 142.849 185.491 
-6.27744e+66 -6.27744e+66 -6.27744e+66 -6.27744e+66 -6.27744e+66 -6.27744e+66 -6.27744e+66 -6.27744e+66 -6.27744e+66 74.6208 79.7379 107.029 117.263 151.377 
-6.27744e+66 -6.27744e+66 -6.27744e+66 -6.27744e+66 -6.27744e+66 -6.27744e+66 -6.27744e+66 -6.27744e+66 -6.27744e+66 -6.27744e+66 74.6208 88.2664 95.0892 120.675 
-6.27744e+66 -6.27744e+66 -6.27744e+66 -6.27744e+66 -6.27744e+66 -6.27744e+66 -6.27744e+66 -6.27744e+66 -6.27744e+66 -6.27744e+66 -6.27744e+66 74.6208 78.0322 95.0892 
-6.27744e+66 -6.27744e+66 -6.27744e+66 -6.27744e+66 -6.27744e+66 -6.27744e+66 -6.27744e+66 -6.27744e+66 -6.27744e+66 -6.27744e+66 -6.27744e+66 -6.27744e+66 74.6208 83.1493 
-6.27744e+66 -6.27744e+66 -6.27744e+66 -6.27744e+66 -6.27744e+66 -6.27744e+66 -6.27744e+66 -6.27744e+66 -6.27744e+66 -6.27744e+66 -6.27744e+66 -6.27744e+66 -6.27744e+66 74.6208 
-6.27744e+66 -6.27744e+66 -6.27744e+66 -6.27744e+66 -6.27744e+66 -6.27744e+66 -6.27744e+66 -6.27744e+66 -6.27744e+66 -6.27744e+66 -6.27744e+66 -6.27744e+66 -6.27744e+66 -6.27744e+66 
-6.27744e+66 59.1689 62.9082 77.8652 77.8652 137.693 137.693 160.129 304.09 348.962 399.442 511.619 593.883 773.368 
-6.27744e+66 -6.27744e+66 59.1689 66.6474 66.6474 111.519 111.519 130.215 253.61 292.873 337.744 438.704 513.489 678.016 
-6.27744e+66 -6.27744e+66 -6.27744e+66 59.1689 59.1689 89.083 89.083 104.04 206.87 240.523 279.785 369.528 436.834 586.405 
-6.27744e+66 -6.27744e+66 -6.27744e+66 -6.27744e+66 59.1689 74.126 74.126 85.3437 167.607 195.652 229.305 307.83 367.658 502.271 
-6.27744e+66 -6.27744e+66 -6.27744e+66 -6.27744e+66 -6.27744e+66 59.1689 59.1689 66.6474 128.345 150.781 178.825 246.132 298.482 418.138 
-6.27744e+66 -6.27744e+66 -6.27744e+66 -6.27744e+66 -6.27744e+66 -6.27744e+66 59.1689 62.9082 104.04 120.867 143.302 199.391 244.262 348.962 
-6.27744e+66 -6.27744e+66 -6.27744e+66 -6.27744e+66 -6.27744e+66 -6.27744e+66 -6.27744e+66 59.1689 79.7348 90.9526 107.779 152.65 190.043 279.785 
-6.27744e+66 -6.27744e+66 -6.27744e+66 -6.27744e+66 -6.27744e+66 -6.27744e+66 -6.27744e+66 -6.27744e+66 59.1689 64.7778 75.9956 109.649 139.563 214.348 
-6.27744e+66 -6.27744e+66 -6.27744e+66 -6.27744e+66 -6.27744e+66 -6.27744e+66 -6.27744e+66 -6.27744e+66 -6.27744e+66 59.1689 64.7778 87.2134 109.649 169.477 
-6.27744e+66 -6.27744e+66 -6.27744e+66 -6.27744e+66 -6.27744e+66 -6.27744e+66 -6.27744e+66 -6.27744e+66 -6.27744e+66 -6.27744e+66 59.1689 70.3867 85.3437 130.215 
-6.27744e+66 -6.27744e+66 -6.27744e+66 -6.27744e+66 -6.27744e+66 -6.27744e+66 -6.27744e+66 -6.27744e+66 -6.27744e+66 -6.27744e+66 -6.27744e+66 59.1689 66.6474 96.5615 
-6.27744e+66 -6.27744e+66 -6.27744e+66 -6.27744e+66 -6.27744e+66 -6.27744e+66 -6.27744e+66 -6.27744e+66 -6.27744e+66 -6.27744e+66 -6.27744e+66 -6.27744e+66 59.1689 74.126 
-6.27744e+66 -6.27744e+66 -6.27744e+66 -6.27744e+66 -6.27744e+66 -6.27744e+66 -6.27744e+66 -6.27744e+66 -6.27744e+66 -6.27744e+66 -6.27744e+66 -6.27744e+66 -6.27744e+66 59.1689 
-6.27744e+66 -6.27744e+66 -6.27744e+66 -6.27744e+66 -6.27744e+66 -6.27744e+66 -6.27744e+66 -6.27744e+66 -6.27744e+66 -6.27744e+66 -6.27744e+66 -6.27744e+66 -6.27744e+66 -6.27744e+66 
-6.27744e+66 56.2735 56.2735 70.3235 98.4236 107.79 213.165 325.565 391.132 428.599 428.599 498.849 601.882 601.882 
-6.27744e+66 -6.27744e+66 56.2735 63.2985 82.0319 89.0569 173.357 267.024 323.224 356.007 356.007 419.232 512.899 512.899 
-6.27744e+66 -6.27744e+66 -6.27744e+66 56.2735 65.6402 70.3235 133.549 208.482 255.315 283.415 283.415 339.615 423.915 423.915 
-6.27744e+66 -6.27744e+66 -6.27744e+66 -6.27744e+66 56.2735 58.6152 100.765 156.965 194.432 217.849 217.849 267.024 341.957 341.957 
-6.27744e+66 -6.27744e+66 -6.27744e+66 -6.27744e+66 -6.27744e+66 56.2735 77.3485 114.815 142.915 161.649 161.649 203.799 269.365 269.365 
-6.27744e+66 -6.27744e+66 -6.27744e+66 -6.27744e+66 -6.27744e+66 -6.27744e+66 56.2735 75.0069 93.7402 107.79 107.79 142.915 199.115 199.115 
-6.27744e+66 -6.27744e+66 -6.27744e+66 -6.27744e+66 -6.27744e+66 -6.27744e+66 -6.27744e+66 56.2735 65.6402 75.0069 75.0069 103.107 149.94 149.94 
-6.27744e+66 -6.27744e+66 -6.27744e+66 -6.27744e+66 -6.27744e+66 -6.27744e+66 -6.27744e+66 -6.27744e+66 56.2735 60.9569 60.9569 82.0319 119.499 119.499 
-6.27744e+66 -6.27744e+66 -6.27744e+66 -6.27744e+66 -6.27744e+66 -6.27744e+66 -6.27744e+66 -6.27744e+66 -6.27744e+66 56.2735 56.2735 70.3235 98.4236 98.4236 
-6.27744e+66 -6.27744e+66 -6.27744e+66 -6.27744e+66 -6.27744e+66 -6.27744e+66 -6.27744e+66 -6.27744e+66 -6.27744e+66 -6.27744e+66 56.2735 63.2985 82.0319 82.0319 
-6.27744e+66 -6.27744e+66 -6.27744e+66 -6.27744e+66 -6.27744e+66 -6.27744e+66 -6.27744e+66 -6.27744e+66 -6.27744e+66 -6.27744e+66 -6.27744e+66 56.2735 65.6402 65.6402 
-6.27744e+66 -6.27744e+66 -6.27744e+66 -6.27744e+66 -6.27744e+66 -6.27744e+66 -6.27744e+66 -6.27744e+66 -6.27744e+66 -6.27744e+66 -6.27744e+66 -6.27744e+66 56.2735 56.2735 
-6.27744e+66 -6.27744e+66 -6.27744e+66 -6.27744e+66 -6.27744e+66 -6.27744e+66 -6.27744e+66 -6.27744e+66 -6.27744e+66 -6.27744e+66 -6.27744e+66 -6.27744e+66 -6.27744e+66 56.2735 
-6.27744e+66 -6.27744e+66 -6.27744e+66 -6.27744e+66 -6.27744e+66 -6.27744e+66 -6.27744e+66 -6.27744e+66 -6.27744e+66 -6.27744e+66 -6.27744e+66 -6.27744e+66 -6.27744e+66 -6.27744e+66 
-6.27744e+66 26.4837 33.5456 64.618 73.0922 73.0922 115.464 217.155 227.042 373.929 539.178 553.302 630.983 817.417 
-6.27744e+66 -6.27744e+66 26.4837 42.0199 47.6694 47.6694 81.5665 166.309 174.784 303.31 450.198 462.909 533.528 704.427 
-6.27744e+66 -6.27744e+66 -6.27744e+66 26.4837 29.3084 29.3084 54.7313 122.526 129.587 239.753 368.28 379.579 443.136 598.498 
-6.27744e+66 -6.27744e+66 -6.27744e+66 -6.27744e+66 26.4837 26.4837 43.4322 94.278 99.9275 191.732 301.898 311.785 368.28 508.106 
-6.27744e+66 -6.27744e+66 -6.27744e+66 -6.27744e+66 -6.27744e+66 26.4837 34.958 68.8551 73.0922 146.536 238.341 246.815 296.248 420.538 
-6.27744e+66 -6.27744e+66 -6.27744e+66 -6.27744e+66 -6.27744e+66 -6.27744e+66 26.4837 43.4322 46.257 101.34 174.784 181.846 224.217 332.97 
-6.27744e+66 -6.27744e+66 -6.27744e+66 -6.27744e+66 -6.27744e+66 -6.27744e+66 -6.27744e+66 26.4837 27.8961 64.618 119.701 125.35 160.66 253.877 
-6.27744e+66 -6.27744e+66 -6.27744e+66 -6.27744e+66 -6.27744e+66 -6.27744e+66 -6.27744e+66 -6.27744e+66 26.4837 44.8446 81.5665 85.8037 114.051 191.732 
-6.27744e+66 -6.27744e+66 -6.27744e+66 -6.27744e+66 -6.27744e+66 -6.27744e+66 -6.27744e+66 -6.27744e+66 -6.27744e+66 26.4837 44.8446 47.6694 68.8551 131 
-6.27744e+66 -6.27744e+66 -6.27744e+66 -6.27744e+66 -6.27744e+66 -6.27744e+66 -6.27744e+66 -6.27744e+66 -6.27744e+66 -6.27744e+66 26.4837 27.8961 42.0199 88.6284 
-6.27744e+66 -6.27744e+66 -6.27744e+66 -6.27744e+66 -6.27744e+66 -6.27744e+66 -6.27744e+66 -6.27744e+66 -6.27744e+66 -6.27744e+66 -6.27744e+66 26.4837 33.5456 64.618 
-6.27744e+66 -6.27744e+66 -6.27744e+66 -6.27744e+66 -6.27744e+66 -6.27744e+66 -6.27744e+66 -6.27744e+66 -6.27744e+66 -6.27744e+66 -6.27744e+66 -6.27744e+66 26.4837 42.0199 
-6.27744e+66 -6.27744e+66 -6.27744e+66 -6.27744e+66 -6.27744e+66 -6.27744e+66 -6.27744e+66 -6.27744e+66 -6.27744e+66 -6.27744e+66 -6.27744e+66 -6.27744e+66 -6.27744e+66 26.4837 
-6.27744e+66 -6.27744e+66 -6.27744e+66 -6.27744e+66 -6.27744e+66 -6.27744e+66 -6.27744e+66 -6.27744e+66 -6.27744e+66 -6.27744e+66 -6.27744e+66 -6.27744e+66 -6.27744e+66 -6.27744e+66 
-6.27744e+66 94.4417 116.375 156.162 199.01 213.292 279.603 435.69 499.961 626.462 773.367 900.889 956.998 969.24 
-6.27744e+66 -6.27744e+66 94.4417 114.335 142.9 153.612 206.661 336.733 391.822 502.511 633.093 747.863 798.872 810.093 
-6.27744e+66 -6.27744e+66 -6.27744e+66 94.4417 108.724 115.865 155.652 259.71 305.618 400.494 514.753 616.771 662.678 672.88 
-6.27744e+66 -6.27744e+66 -6.27744e+66 -6.27744e+66 94.4417 98.0123 124.537 202.58 239.306 318.37 416.306 505.572 546.379 555.56 
-6.27744e+66 -6.27744e+66 -6.27744e+66 -6.27744e+66 -6.27744e+66 94.4417 107.704 159.733 187.278 250.528 332.142 408.655 444.361 452.523 
-6.27744e+66 -6.27744e+66 -6.27744e+66 -6.27744e+66 -6.27744e+66 -6.27744e+66 94.4417 120.456 138.819 186.257 251.548 315.309 345.914 353.056 
-6.27744e+66 -6.27744e+66 -6.27744e+66 -6.27744e+66 -6.27744e+66 -6.27744e+66 -6.27744e+66 94.4417 103.623 135.249 184.217 235.226 260.73 266.851 
-6.27744e+66 -6.27744e+66 -6.27744e+66 -6.27744e+66 -6.27744e+66 -6.27744e+66 -6.27744e+66 -6.27744e+66 94.4417 110.254 142.9 181.156 201.56 206.661 
-6.27744e+66 -6.27744e+66 -6.27744e+66 -6.27744e+66 -6.27744e+66 -6.27744e+66 -6.27744e+66 -6.27744e+66 -6.27744e+66 94.4417 110.765 136.269 151.571 155.652 
-6.27744e+66 -6.27744e+66 -6.27744e+66 -6.27744e+66 -6.27744e+66 -6.27744e+66 -6.27744e+66 -6.27744e+66 -6.27744e+66 -6.27744e+66 94.4417 107.194 117.396 120.456 
-6.27744e+66 -6.27744e+66 -6.27744e+66 -6.27744e+66 -6.27744e+66 -6.27744e+66 -6.27744e+66 -6.27744e+66 -6.27744e+66 -6.27744e+66 -6.27744e+66 94.4417 99.5426 101.583 
-6.27744e+66 -6.27744e+66 -6.27744e+66 -6.27744e+66 -6.27744e+66 -6.27744e+66 -6.27744e+66 -6.27744e+66 -6.27744e+66 -6.27744e+66 -6.27744e+66 -6.27744e+66 94.4417 95.4619 
-6.27744e+66 -6.27744e+66 -6.27744e+66 -6.27744e+66 -6.27744e+66 -6.27744e+66 -6.27744e+66 -6.27744e+66 -6.27744e+66 -6.27744e+66 -6.27744e+66 -6.27744e+66 -6.27744e+66 94.4417 
-6.27744e+66 -6.27744e+66 -6.27744e+66 -6.27744e+66 -6.27744e+66 -6.27744e+66 -6.27744e+66 -6.27744e+66 -6.27744e+66 -6.27744e+66 -6.27744e+66 -6.27744e+66 -6.27744e+66 -6.27744e+66 
-6.27744e+66 50.6609 51.9779 65.1484 73.0508 136.269 182.366 253.487 308.803 319.339 437.874 530.068 559.043 685.48 
-6.27744e+66 -6.27744e+66 50.6609 57.2461 62.5143 109.928 146.806 206.073 253.487 262.706 368.07 451.045 477.386 593.286 
-6.27744e+66 -6.27744e+66 -6.27744e+66 50.6609 53.295 84.9042 112.562 159.976 199.488 207.39 299.584 373.338 397.045 502.41 
-6.27744e+66 -6.27744e+66 -6.27744e+66 -6.27744e+66 50.6609 66.4655 84.9042 120.465 152.074 158.659 237.682 302.218 323.291 418.118 
-6.27744e+66 -6.27744e+66 -6.27744e+66 -6.27744e+66 -6.27744e+66 50.6609 59.8802 83.5872 107.294 112.562 178.415 233.731 252.17 336.461 
-6.27744e+66 -6.27744e+66 -6.27744e+66 -6.27744e+66 -6.27744e+66 -6.27744e+66 50.6609 62.5143 78.319 82.2701 134.952 181.049 196.854 270.608 
-6.27744e+66 -6.27744e+66 -6.27744e+66 -6.27744e+66 -6.27744e+66 -6.27744e+66 -6.27744e+66 50.6609 58.5632 61.1973 100.709 137.586 150.757 213.975 
-6.27744e+66 -6.27744e+66 -6.27744e+66 -6.27744e+66 -6.27744e+66 -6.27744e+66 -6.27744e+66 -6.27744e+66 50.6609 51.9779 78.319 105.977 116.513 169.196 
-6.27744e+66 -6.27744e+66 -6.27744e+66 -6.27744e+66 -6.27744e+66 -6.27744e+66 -6.27744e+66 -6.27744e+66 -6.27744e+66 50.6609 63.8314 82.2701 90.1724 132.318 
-6.27744e+66 -6.27744e+66 -6.27744e+66 -6.27744e+66 -6.27744e+66 -6.27744e+66 -6.27744e+66 -6.27744e+66 -6.27744e+66 -6.27744e+66 50.6609 59.8802 65.1484 96.7577 
-6.27744e+66 -6.27744e+66 -6.27744e+66 -6.27744e+66 -6.27744e+66 -6.27744e+66 -6.27744e+66 -6.27744e+66 -6.27744e+66 -6.27744e+66 -6.27744e+66 50.6609 53.295 74.3678 
-6.27744e+66 -6.27744e+66 -6.27744e+66 -6.27744e+66 -6.27744e+66 -6.27744e+66 -6.27744e+66 -6.27744e+66 -6.27744e+66 -6.27744e+66 -6.27744e+66 -6.27744e+66 50.6609 61.1973 
-6.27744e+66 -6.27744e+66 -6.27744e+66 -6.27744e+66 -6.27744e+66 -6.27744e+66 -6.27744e+66 -6.27744e+66 -6.27744e+66 -6.27744e+66 -6.27744e+66 -6.27744e+66 -6.27744e+66 50.6609 
-6.27744e+66 -6.27744e+66 -6.27744e+66 -6.27744e+66 -6.27744e+66 -6.27744e+66 -6.27744e+66 -6.27744e+66 -6.27744e+66 -6.27744e+66 -6.27744e+66 -6.27744e+66 -6.27744e+66 -6.27744e+66 
-6.27744e+66 73.2986 75.3477 75.3477 81.4951 106.085 177.804 288.457 302.801 368.373 423.699 567.138 837.623 1108.11 
-6.27744e+66 -6.27744e+66 73.2986 73.2986 77.3968 95.839 153.215 245.425 257.72 315.096 364.275 493.37 739.265 987.209 
-6.27744e+66 -6.27744e+66 -6.27744e+66 73.2986 75.3477 87.6425 130.674 204.443 214.688 263.867 306.899 421.65 642.956 868.36 
-6.27744e+66 -6.27744e+66 -6.27744e+66 -6.27744e+66 73.2986 79.446 108.134 163.46 171.657 212.639 249.524 349.931 546.647 749.51 
-6.27744e+66 -6.27744e+66 -6.27744e+66 -6.27744e+66 -6.27744e+66 73.2986 87.6425 124.527 130.674 163.46 194.197 280.26 452.387 632.71 
-6.27744e+66 -6.27744e+66 -6.27744e+66 -6.27744e+66 -6.27744e+66 -6.27744e+66 73.2986 91.7407 95.839 120.429 145.018 216.737 364.275 522.057 
-6.27744e+66 -6.27744e+66 -6.27744e+66 -6.27744e+66 -6.27744e+66 -6.27744e+66 -6.27744e+66 73.2986 75.3477 91.7407 110.183 167.558 290.506 425.748 
-6.27744e+66 -6.27744e+66 -6.27744e+66 -6.27744e+66 -6.27744e+66 -6.27744e+66 -6.27744e+66 -6.27744e+66 73.2986 81.4951 93.7899 136.822 235.18 347.882 
-6.27744e+66 -6.27744e+66 -6.27744e+66 -6.27744e+66 -6.27744e+66 -6.27744e+66 -6.27744e+66 -6.27744e+66 -6.27744e+66 73.2986 79.446 108.134 181.902 272.064 
-6.27744e+66 -6.27744e+66 -6.27744e+66 -6.27744e+66 -6.27744e+66 -6.27744e+66 -6.27744e+66 -6.27744e+66 -6.27744e+66 -6.27744e+66 73.2986 87.6425 136.822 204.443 
-6.27744e+66 -6.27744e+66 -6.27744e+66 -6.27744e+66 -6.27744e+66 -6.27744e+66 -6.27744e+66 -6.27744e+66 -6.27744e+66 -6.27744e+66 -6.27744e+66 73.2986 97.8881 142.969 
-6.27744e+66 -6.27744e+66 -6.27744e+66 -6.27744e+66 -6.27744e+66 -6.27744e+66 -6.27744e+66 -6.27744e+66 -6.27744e+66 -6.27744e+66 -6.27744e+66 -6.27744e+66 73.2986 95.839 
-6.27744e+66 -6.27744e+66 -6.27744e+66 -6.27744e+66 -6.27744e+66 -6.27744e+66 -6.27744e+66 -6.27744e+66 -6.27744e+66 -6.27744e+66 -6.27744e+66 -6.27744e+66 -6.27744e+66 73.2986 
-6.27744e+66 -6.27744e+66 -6.27744e+66 -6.27744e+66 -6.27744e+66 -6.27744e+66 -6.27744e+66 -6.27744e+66 -6.27744e+66 -6.27744e+66 -6.27744e+66 -6.27744e+66 -6.27744e+66 -6.27744e+66 
-6.27744e+66 26.9398 27.939 27.939 60.9137 72.9045 82.8968 136.855 241.775 257.762 275.749 365.68 365.68 521.56 
-6.27744e+66 -6.27744e+66 26.9398 26.9398 48.9229 57.916 65.9098 110.875 200.806 214.795 230.783 311.721 311.721 454.611 
-6.27744e+66 -6.27744e+66 -6.27744e+66 26.9398 37.9313 43.9267 49.9221 85.8945 160.837 172.828 186.817 258.762 258.762 388.662 
-6.27744e+66 -6.27744e+66 -6.27744e+66 -6.27744e+66 26.9398 29.9375 33.9344 60.9137 120.868 130.86 142.851 205.802 205.802 322.713 
-6.27744e+66 -6.27744e+66 -6.27744e+66 -6.27744e+66 -6.27744e+66 26.9398 28.9382 46.9244 91.8899 99.8837 109.876 163.835 163.835 267.755 
-6.27744e+66 -6.27744e+66 -6.27744e+66 -6.27744e+66 -6.27744e+66 -6.27744e+66 26.9398 35.9329 65.9098 71.9052 79.8991 124.865 124.865 215.795 
-6.27744e+66 -6.27744e+66 -6.27744e+66 -6.27744e+66 -6.27744e+66 -6.27744e+66 -6.27744e+66 26.9398 41.9283 45.9252 51.9206 87.8929 87.8929 165.833 
-6.27744e+66 -6.27744e+66 -6.27744e+66 -6.27744e+66 -6.27744e+66 -6.27744e+66 -6.27744e+66 -6.27744e+66 26.9398 28.9382 32.9352 59.9144 59.9144 124.865 
-6.27744e+66 -6.27744e+66 -6.27744e+66 -6.27744e+66 -6.27744e+66 -6.27744e+66 -6.27744e+66 -6.27744e+66 -6.27744e+66 26.9398 28.9382 46.9244 46.9244 98.8845 
-6.27744e+66 -6.27744e+66 -6.27744e+66 -6.27744e+66 -6.27744e+66 -6.27744e+66 -6.27744e+66 -6.27744e+66 -6.27744e+66 -6.27744e+66 26.9398 35.9329 35.9329 74.9029 
-6.27744e+66 -6.27744e+66 -6.27744e+66 -6.27744e+66 -6.27744e+66 -6.27744e+66 -6.27744e+66 -6.27744e+66 -6.27744e+66 -6.27744e+66 -6.27744e+66 26.9398 26.9398 52.9198 
-6.27744e+66 -6.27744e+66 -6.27744e+66 -6.27744e+66 -6.27744e+66 -6.27744e+66 -6.27744e+66 -6.27744e+66 -6.27744e+66 -6.27744e+66 -6.27744e+66 -6.27744e+66 26.9398 39.9298 
-6.27744e+66 -6.27744e+66 -6.27744e+66 -6.27744e+66 -6.27744e+66 -6.27744e+66 -6.27744e+66 -6.27744e+66 -6.27744e+66 -6.27744e+66 -6.27744e+66 -6.27744e+66 -6.27744e+66 26.9398 
-6.27744e+66 -6.27744e+66 -6.27744e+66 -6.27744e+66 -6.27744e+66 -6.27744e+66 -6.27744e+66 -6.27744e+66 -6.27744e+66 -6.27744e+66 -6.27744e+66 -6.27744e+66 -6.27744e+66 -6.27744e+66 
