13 10
1000 1000 1000 1000 1000 1000 1000 1000 1000 1000 1000 1000 1000 
item 0
0 5 15 5 20 35 0 45 5 60 10 15 0 
9.08887 9.08887 9.08887 9.08887 9.08887 9.08887 9.08887 9.08887 9.08887 9.08887 9.08887 9.08887 9.08887 
0.504708 0.504708 0.504708 0.504708 0.504708 0.504708 0.504708 0.504708 0.504708 0.504708 0.504708 0.504708 0.504708 
item 1
30 5 30 65 0 25 0 5 25 30 25 10 35 
18.1112 18.1112 18.1112 18.1112 18.1112 18.1112 18.1112 18.1112 18.1112 18.1112 18.1112 18.1112 18.1112 
0.560544 0.560544 0.560544 0.560544 0.560544 0.560544 0.560544 0.560544 0.560544 0.560544 0.560544 0.560544 0.560544 
item 2
130 85 105 55 110 180 130 90 190 60 75 70 95 
76.7787 76.7787 76.7787 76.7787 76.7787 76.7787 76.7787 76.7787 76.7787 76.7787 76.7787 76.7787 76.7787 
0.230175 0.230175 0.230175 0.230175 0.230175 0.230175 0.230175 0.230175 0.230175 0.230175 0.230175 0.230175 0.230175 
item 3
155 75 20 10 0 150 90 75 150 135 85 235 35 
63.4213 63.4213 63.4213 63.4213 63.4213 63.4213 63.4213 63.4213 63.4213 63.4213 63.4213 63.4213 63.4213 
0.188022 0.188022 0.188022 0.188022 0.188022 0.188022 0.188022 0.188022 0.188022 0.188022 0.188022 0.188022 0.188022 
item 4
15 0 10 70 0 45 25 85 75 25 25 80 25 
31.9869 31.9869 31.9869 31.9869 31.9869 31.9869 31.9869 31.9869 31.9869 31.9869 31.9869 31.9869 31.9869 
0.338361 0.338361 0.338361 0.338361 0.338361 0.338361 0.338361 0.338361 0.338361 0.338361 0.338361 0.338361 0.338361 
item 5
10 70 10 45 0 20 25 10 5 70 0 25 5 
68.0295 68.0295 68.0295 68.0295 68.0295 68.0295 68.0295 68.0295 68.0295 68.0295 68.0295 68.0295 68.0295 
0.544234 0.544234 0.544234 0.544234 0.544234 0.544234 0.544234 0.544234 0.544234 0.544234 0.544234 0.544234 0.544234 
item 6
10 50 50 40 0 5 20 95 90 15 20 5 5 
84.5194 84.5194 84.5194 84.5194 84.5194 84.5194 84.5194 84.5194 84.5194 84.5194 84.5194 84.5194 84.5194 
0.504866 0.504866 0.504866 0.504866 0.504866 0.504866 0.504866 0.504866 0.504866 0.504866 0.504866 0.504866 0.504866 
item 7
10 10 5 10 0 45 105 30 30 25 20 10 10 
61.9175 61.9175 61.9175 61.9175 61.9175 61.9175 61.9175 61.9175 61.9175 61.9175 61.9175 61.9175 61.9175 
0.427863 0.427863 0.427863 0.427863 0.427863 0.427863 0.427863 0.427863 0.427863 0.427863 0.427863 0.427863 0.427863 
item 8
110 10 10 25 85 30 70 35 65 0 25 0 60 
73.2629 73.2629 73.2629 73.2629 73.2629 73.2629 73.2629 73.2629 73.2629 73.2629 73.2629 73.2629 73.2629 
0.329335 0.329335 0.329335 0.329335 0.329335 0.329335 0.329335 0.329335 0.329335 0.329335 0.329335 0.329335 0.329335 
item 9
35 15 25 0 40 5 5 30 40 25 0 25 0 
12.8838 12.8838 12.8838 12.8838 12.8838 12.8838 12.8838 12.8838 12.8838 12.8838 12.8838 12.8838 12.8838 
0.57322 0.57322 0.57322 0.57322 0.57322 0.57322 0.57322 0.57322 0.57322 0.57322 0.57322 0.57322 0.57322 
