13 20
-6.27744e+66 8.40379 14.385 16.7774 23.9548 26.3473 68.2154 78.9815 112.476 112.476 112.476 112.476 171.69 200.399 
-6.27744e+66 -6.27744e+66 8.40379 9.60002 14.385 16.1793 49.6738 58.6456 87.3552 87.3552 87.3552 87.3552 141.186 167.503 
-6.27744e+66 -6.27744e+66 -6.27744e+66 8.40379 10.7963 11.9925 37.1134 44.2908 68.2154 68.2154 68.2154 68.2154 116.663 140.588 
-6.27744e+66 -6.27744e+66 -6.27744e+66 -6.27744e+66 8.40379 9.0019 25.7492 31.1322 50.2719 50.2719 50.2719 50.2719 93.3363 114.869 
-6.27744e+66 -6.27744e+66 -6.27744e+66 -6.27744e+66 -6.27744e+66 8.40379 16.7774 20.3661 34.7209 34.7209 34.7209 34.7209 72.4023 91.542 
-6.27744e+66 -6.27744e+66 -6.27744e+66 -6.27744e+66 -6.27744e+66 -6.27744e+66 8.40379 10.1981 19.768 19.768 19.768 19.768 52.0663 68.8136 
-6.27744e+66 -6.27744e+66 -6.27744e+66 -6.27744e+66 -6.27744e+66 -6.27744e+66 -6.27744e+66 8.40379 13.1887 13.1887 13.1887 13.1887 40.104 54.4588 
-6.27744e+66 -6.27744e+66 -6.27744e+66 -6.27744e+66 -6.27744e+66 -6.27744e+66 -6.27744e+66 -6.27744e+66 8.40379 8.40379 8.40379 8.40379 29.936 41.8983 
-6.27744e+66 -6.27744e+66 -6.27744e+66 -6.27744e+66 -6.27744e+66 -6.27744e+66 -6.27744e+66 -6.27744e+66 -6.27744e+66 8.40379 8.40379 8.40379 24.5529 34.1228 
-6.27744e+66 -6.27744e+66 -6.27744e+66 -6.27744e+66 -6.27744e+66 -6.27744e+66 -6.27744e+66 -6.27744e+66 -6.27744e+66 -6.27744e+66 8.40379 8.40379 19.1699 26.3473 
-6.27744e+66 -6.27744e+66 -6.27744e+66 -6.27744e+66 -6.27744e+66 -6.27744e+66 -6.27744e+66 -6.27744e+66 -6.27744e+66 -6.27744e+66 -6.27744e+66 8.40379 13.7868 18.5718 
-6.27744e+66 -6.27744e+66 -6.27744e+66 -6.27744e+66 -6.27744e+66 -6.27744e+66 -6.27744e+66 -6.27744e+66 -6.27744e+66 -6.27744e+66 -6.27744e+66 -6.27744e+66 8.40379 10.7963 
-6.27744e+66 -6.27744e+66 -6.27744e+66 -6.27744e+66 -6.27744e+66 -6.27744e+66 -6.27744e+66 -6.27744e+66 -6.27744e+66 -6.27744e+66 -6.27744e+66 -6.27744e+66 -6.27744e+66 8.40379 
-6.27744e+66 -6.27744e+66 -6.27744e+66 -6.27744e+66 -6.27744e+66 -6.27744e+66 -6.27744e+66 -6.27744e+66 -6.27744e+66 -6.27744e+66 -6.27744e+66 -6.27744e+66 -6.27744e+66 -6.27744e+66 
-6.27744e+66 115.659 149.402 216.888 295.111 313.517 359.53 469.962 523.645 646.347 784.388 876.415 943.901 1348.82 
-6.27744e+66 -6.27744e+66 115.659 149.402 201.551 215.355 252.165 344.192 390.206 497.571 620.273 703.097 764.449 1135.62 
-6.27744e+66 -6.27744e+66 -6.27744e+66 115.659 141.733 150.936 178.544 252.165 290.51 382.537 489.902 563.523 618.739 956.171 
-6.27744e+66 -6.27744e+66 -6.27744e+66 -6.27744e+66 115.659 120.26 138.666 193.882 224.557 301.246 393.273 457.692 506.773 810.462 
-6.27744e+66 -6.27744e+66 -6.27744e+66 -6.27744e+66 -6.27744e+66 115.659 124.862 161.672 184.679 246.03 322.719 377.936 420.881 690.827 
-6.27744e+66 -6.27744e+66 -6.27744e+66 -6.27744e+66 -6.27744e+66 -6.27744e+66 115.659 134.064 149.402 195.416 256.767 302.78 339.591 575.793 
-6.27744e+66 -6.27744e+66 -6.27744e+66 -6.27744e+66 -6.27744e+66 -6.27744e+66 -6.27744e+66 115.659 123.328 154.003 200.017 236.828 267.503 469.962 
-6.27744e+66 -6.27744e+66 -6.27744e+66 -6.27744e+66 -6.27744e+66 -6.27744e+66 -6.27744e+66 -6.27744e+66 115.659 130.997 161.672 189.28 213.821 382.537 
-6.27744e+66 -6.27744e+66 -6.27744e+66 -6.27744e+66 -6.27744e+66 -6.27744e+66 -6.27744e+66 -6.27744e+66 -6.27744e+66 115.659 130.997 149.402 167.807 302.78 
-6.27744e+66 -6.27744e+66 -6.27744e+66 -6.27744e+66 -6.27744e+66 -6.27744e+66 -6.27744e+66 -6.27744e+66 -6.27744e+66 -6.27744e+66 115.659 124.862 137.132 238.361 
-6.27744e+66 -6.27744e+66 -6.27744e+66 -6.27744e+66 -6.27744e+66 -6.27744e+66 -6.27744e+66 -6.27744e+66 -6.27744e+66 -6.27744e+66 -6.27744e+66 115.659 121.794 189.28 
-6.27744e+66 -6.27744e+66 -6.27744e+66 -6.27744e+66 -6.27744e+66 -6.27744e+66 -6.27744e+66 -6.27744e+66 -6.27744e+66 -6.27744e+66 -6.27744e+66 -6.27744e+66 115.659 149.402 
-6.27744e+66 -6.27744e+66 -6.27744e+66 -6.27744e+66 -6.27744e+66 -6.27744e+66 -6.27744e+66 -6.27744e+66 -6.27744e+66 -6.27744e+66 -6.27744e+66 -6.27744e+66 -6.27744e+66 115.659 
-6.27744e+66 -6.27744e+66 -6.27744e+66 -6.27744e+66 -6.27744e+66 -6.27744e+66 -6.27744e+66 -6.27744e+66 -6.27744e+66 -6.27744e+66 -6.27744e+66 -6.27744e+66 -6.27744e+66 -6.27744e+66 
-6.27744e+66 97.2505 119.925 136.93 187.947 255.969 270.141 355.169 434.528 593.247 618.755 618.755 774.64 808.651 
-6.27744e+66 -6.27744e+66 97.2505 105.753 139.764 190.781 202.118 272.975 340.997 479.876 502.55 502.55 644.264 675.441 
-6.27744e+66 -6.27744e+66 -6.27744e+66 97.2505 114.256 148.267 156.77 213.455 270.141 389.18 409.02 409.02 536.562 564.904 
-6.27744e+66 -6.27744e+66 -6.27744e+66 -6.27744e+66 97.2505 114.256 119.925 162.439 207.787 306.986 323.992 323.992 437.362 462.871 
-6.27744e+66 -6.27744e+66 -6.27744e+66 -6.27744e+66 -6.27744e+66 97.2505 100.085 128.427 162.439 241.798 255.969 255.969 355.169 377.843 
-6.27744e+66 -6.27744e+66 -6.27744e+66 -6.27744e+66 -6.27744e+66 -6.27744e+66 97.2505 111.422 134.096 193.616 204.953 204.953 289.981 309.82 
-6.27744e+66 -6.27744e+66 -6.27744e+66 -6.27744e+66 -6.27744e+66 -6.27744e+66 -6.27744e+66 97.2505 108.588 148.267 156.77 156.77 227.627 244.632 
-6.27744e+66 -6.27744e+66 -6.27744e+66 -6.27744e+66 -6.27744e+66 -6.27744e+66 -6.27744e+66 -6.27744e+66 97.2505 117.09 122.759 122.759 179.444 193.616 
-6.27744e+66 -6.27744e+66 -6.27744e+66 -6.27744e+66 -6.27744e+66 -6.27744e+66 -6.27744e+66 -6.27744e+66 -6.27744e+66 97.2505 100.085 100.085 142.599 153.936 
-6.27744e+66 -6.27744e+66 -6.27744e+66 -6.27744e+66 -6.27744e+66 -6.27744e+66 -6.27744e+66 -6.27744e+66 -6.27744e+66 -6.27744e+66 97.2505 97.2505 125.593 134.096 
-6.27744e+66 -6.27744e+66 -6.27744e+66 -6.27744e+66 -6.27744e+66 -6.27744e+66 -6.27744e+66 -6.27744e+66 -6.27744e+66 -6.27744e+66 -6.27744e+66 97.2505 111.422 117.09 
-6.27744e+66 -6.27744e+66 -6.27744e+66 -6.27744e+66 -6.27744e+66 -6.27744e+66 -6.27744e+66 -6.27744e+66 -6.27744e+66 -6.27744e+66 -6.27744e+66 -6.27744e+66 97.2505 100.085 
-6.27744e+66 -6.27744e+66 -6.27744e+66 -6.27744e+66 -6.27744e+66 -6.27744e+66 -6.27744e+66 -6.27744e+66 -6.27744e+66 -6.27744e+66 -6.27744e+66 -6.27744e+66 -6.27744e+66 97.2505 
-6.27744e+66 -6.27744e+66 -6.27744e+66 -6.27744e+66 -6.27744e+66 -6.27744e+66 -6.27744e+66 -6.27744e+66 -6.27744e+66 -6.27744e+66 -6.27744e+66 -6.27744e+66 -6.27744e+66 -6.27744e+66 
-6.27744e+66 102.166 120.315 126.915 176.413 262.21 303.458 303.458 418.954 511.35 615.296 697.793 879.286 918.885 
-6.27744e+66 -6.27744e+66 102.166 105.466 138.465 202.812 235.811 235.811 334.807 415.654 508.05 582.298 747.291 783.59 
-6.27744e+66 -6.27744e+66 -6.27744e+66 102.166 118.665 161.564 186.313 186.313 268.81 338.107 418.954 484.951 633.446 666.444 
-6.27744e+66 -6.27744e+66 -6.27744e+66 -6.27744e+66 102.166 123.615 140.115 140.115 206.112 263.86 333.157 390.905 522.9 552.599 
-6.27744e+66 -6.27744e+66 -6.27744e+66 -6.27744e+66 -6.27744e+66 102.166 110.416 110.416 159.914 206.112 263.86 313.358 428.853 455.252 
-6.27744e+66 -6.27744e+66 -6.27744e+66 -6.27744e+66 -6.27744e+66 -6.27744e+66 102.166 102.166 135.165 169.813 216.012 257.26 356.256 379.355 
-6.27744e+66 -6.27744e+66 -6.27744e+66 -6.27744e+66 -6.27744e+66 -6.27744e+66 -6.27744e+66 102.166 118.665 141.765 176.413 209.412 291.909 311.708 
-6.27744e+66 -6.27744e+66 -6.27744e+66 -6.27744e+66 -6.27744e+66 -6.27744e+66 -6.27744e+66 -6.27744e+66 102.166 113.716 136.815 161.564 227.561 244.061 
-6.27744e+66 -6.27744e+66 -6.27744e+66 -6.27744e+66 -6.27744e+66 -6.27744e+66 -6.27744e+66 -6.27744e+66 -6.27744e+66 102.166 113.716 130.215 179.713 192.913 
-6.27744e+66 -6.27744e+66 -6.27744e+66 -6.27744e+66 -6.27744e+66 -6.27744e+66 -6.27744e+66 -6.27744e+66 -6.27744e+66 -6.27744e+66 102.166 110.416 143.415 153.314 
-6.27744e+66 -6.27744e+66 -6.27744e+66 -6.27744e+66 -6.27744e+66 -6.27744e+66 -6.27744e+66 -6.27744e+66 -6.27744e+66 -6.27744e+66 -6.27744e+66 102.166 118.665 125.265 
-6.27744e+66 -6.27744e+66 -6.27744e+66 -6.27744e+66 -6.27744e+66 -6.27744e+66 -6.27744e+66 -6.27744e+66 -6.27744e+66 -6.27744e+66 -6.27744e+66 -6.27744e+66 102.166 105.466 
-6.27744e+66 -6.27744e+66 -6.27744e+66 -6.27744e+66 -6.27744e+66 -6.27744e+66 -6.27744e+66 -6.27744e+66 -6.27744e+66 -6.27744e+66 -6.27744e+66 -6.27744e+66 -6.27744e+66 102.166 
-6.27744e+66 -6.27744e+66 -6.27744e+66 -6.27744e+66 -6.27744e+66 -6.27744e+66 -6.27744e+66 -6.27744e+66 -6.27744e+66 -6.27744e+66 -6.27744e+66 -6.27744e+66 -6.27744e+66 -6.27744e+66 
-6.27744e+66 208.049 239.874 254.562 401.443 616.868 763.749 778.437 1104.02 1319.45 1363.51 1608.31 2119.95 2237.45 
-6.27744e+66 -6.27744e+66 208.049 215.393 313.314 474.883 592.388 604.628 883.702 1072.2 1111.37 1331.69 1796.81 1904.52 
-6.27744e+66 -6.27744e+66 -6.27744e+66 208.049 257.01 364.722 452.851 462.643 695.204 856.773 891.046 1086.89 1505.5 1603.42 
-6.27744e+66 -6.27744e+66 -6.27744e+66 -6.27744e+66 208.049 261.906 320.658 328.002 514.051 648.692 678.068 849.429 1221.53 1309.66 
-6.27744e+66 -6.27744e+66 -6.27744e+66 -6.27744e+66 -6.27744e+66 208.049 237.426 242.322 381.858 489.571 514.051 660.932 986.518 1064.85 
-6.27744e+66 -6.27744e+66 -6.27744e+66 -6.27744e+66 -6.27744e+66 -6.27744e+66 208.049 210.497 303.522 384.306 403.891 526.291 805.365 873.909 
-6.27744e+66 -6.27744e+66 -6.27744e+66 -6.27744e+66 -6.27744e+66 -6.27744e+66 -6.27744e+66 208.049 254.562 308.418 323.106 421.027 653.588 712.34 
-6.27744e+66 -6.27744e+66 -6.27744e+66 -6.27744e+66 -6.27744e+66 -6.27744e+66 -6.27744e+66 -6.27744e+66 208.049 234.978 244.77 318.21 504.259 553.219 
-6.27744e+66 -6.27744e+66 -6.27744e+66 -6.27744e+66 -6.27744e+66 -6.27744e+66 -6.27744e+66 -6.27744e+66 -6.27744e+66 208.049 212.945 261.906 401.443 440.611 
-6.27744e+66 -6.27744e+66 -6.27744e+66 -6.27744e+66 -6.27744e+66 -6.27744e+66 -6.27744e+66 -6.27744e+66 -6.27744e+66 -6.27744e+66 208.049 232.53 325.554 354.93 
-6.27744e+66 -6.27744e+66 -6.27744e+66 -6.27744e+66 -6.27744e+66 -6.27744e+66 -6.27744e+66 -6.27744e+66 -6.27744e+66 -6.27744e+66 -6.27744e+66 208.049 254.562 274.146 
-6.27744e+66 -6.27744e+66 -6.27744e+66 -6.27744e+66 -6.27744e+66 -6.27744e+66 -6.27744e+66 -6.27744e+66 -6.27744e+66 -6.27744e+66 -6.27744e+66 -6.27744e+66 208.049 217.841 
-6.27744e+66 -6.27744e+66 -6.27744e+66 -6.27744e+66 -6.27744e+66 -6.27744e+66 -6.27744e+66 -6.27744e+66 -6.27744e+66 -6.27744e+66 -6.27744e+66 -6.27744e+66 -6.27744e+66 208.049 
-6.27744e+66 -6.27744e+66 -6.27744e+66 -6.27744e+66 -6.27744e+66 -6.27744e+66 -6.27744e+66 -6.27744e+66 -6.27744e+66 -6.27744e+66 -6.27744e+66 -6.27744e+66 -6.27744e+66 -6.27744e+66 
-6.27744e+66 44.6039 44.6039 67.6891 110.974 122.516 180.229 214.857 214.857 307.198 385.11 471.68 598.648 702.531 
-6.27744e+66 -6.27744e+66 44.6039 56.1465 85.0029 93.6599 139.83 168.687 168.687 249.485 318.74 396.653 512.079 607.305 
-6.27744e+66 -6.27744e+66 -6.27744e+66 44.6039 59.0321 64.8034 99.4312 122.516 122.516 191.772 252.37 321.626 425.509 512.079 
-6.27744e+66 -6.27744e+66 -6.27744e+66 -6.27744e+66 44.6039 47.4895 70.5747 87.8886 87.8886 145.602 197.543 258.142 350.482 428.395 
-6.27744e+66 -6.27744e+66 -6.27744e+66 -6.27744e+66 -6.27744e+66 44.6039 56.1465 67.6891 67.6891 113.859 157.144 209.086 289.884 359.139 
-6.27744e+66 -6.27744e+66 -6.27744e+66 -6.27744e+66 -6.27744e+66 -6.27744e+66 44.6039 50.3752 50.3752 85.0029 119.631 162.915 232.171 292.77 
-6.27744e+66 -6.27744e+66 -6.27744e+66 -6.27744e+66 -6.27744e+66 -6.27744e+66 -6.27744e+66 44.6039 44.6039 67.6891 93.6599 128.288 186.001 237.942 
-6.27744e+66 -6.27744e+66 -6.27744e+66 -6.27744e+66 -6.27744e+66 -6.27744e+66 -6.27744e+66 -6.27744e+66 44.6039 56.1465 73.4604 99.4312 145.602 188.886 
-6.27744e+66 -6.27744e+66 -6.27744e+66 -6.27744e+66 -6.27744e+66 -6.27744e+66 -6.27744e+66 -6.27744e+66 -6.27744e+66 44.6039 53.2608 70.5747 105.202 139.83 
-6.27744e+66 -6.27744e+66 -6.27744e+66 -6.27744e+66 -6.27744e+66 -6.27744e+66 -6.27744e+66 -6.27744e+66 -6.27744e+66 -6.27744e+66 44.6039 53.2608 76.346 102.317 
-6.27744e+66 -6.27744e+66 -6.27744e+66 -6.27744e+66 -6.27744e+66 -6.27744e+66 -6.27744e+66 -6.27744e+66 -6.27744e+66 -6.27744e+66 -6.27744e+66 44.6039 56.1465 73.4604 
-6.27744e+66 -6.27744e+66 -6.27744e+66 -6.27744e+66 -6.27744e+66 -6.27744e+66 -6.27744e+66 -6.27744e+66 -6.27744e+66 -6.27744e+66 -6.27744e+66 -6.27744e+66 44.6039 53.2608 
-6.27744e+66 -6.27744e+66 -6.27744e+66 -6.27744e+66 -6.27744e+66 -6.27744e+66 -6.27744e+66 -6.27744e+66 -6.27744e+66 -6.27744e+66 -6.27744e+66 -6.27744e+66 -6.27744e+66 44.6039 
-6.27744e+66 -6.27744e+66 -6.27744e+66 -6.27744e+66 -6.27744e+66 -6.27744e+66 -6.27744e+66 -6.27744e+66 -6.27744e+66 -6.27744e+66 -6.27744e+66 -6.27744e+66 -6.27744e+66 -6.27744e+66 
-6.27744e+66 80.4634 95.7526 120.771 154.13 198.607 240.305 248.645 375.128 586.398 686.473 881.063 957.509 1157.66 
-6.27744e+66 -6.27744e+66 80.4634 92.9728 115.212 148.57 181.928 188.878 297.292 482.153 571.109 746.24 815.736 999.207 
-6.27744e+66 -6.27744e+66 -6.27744e+66 80.4634 91.5828 113.822 138.84 144.4 234.746 393.198 471.034 626.706 689.253 856.044 
-6.27744e+66 -6.27744e+66 -6.27744e+66 -6.27744e+66 80.4634 91.5828 108.262 112.432 184.708 316.751 383.468 519.681 575.278 725.391 
-6.27744e+66 -6.27744e+66 -6.27744e+66 -6.27744e+66 -6.27744e+66 80.4634 88.803 91.5828 145.79 251.425 307.022 423.776 472.424 605.857 
-6.27744e+66 -6.27744e+66 -6.27744e+66 -6.27744e+66 -6.27744e+66 -6.27744e+66 80.4634 81.8533 117.991 197.217 241.695 338.99 380.688 497.442 
-6.27744e+66 -6.27744e+66 -6.27744e+66 -6.27744e+66 -6.27744e+66 -6.27744e+66 -6.27744e+66 80.4634 98.5325 151.35 184.708 262.544 297.292 397.367 
-6.27744e+66 -6.27744e+66 -6.27744e+66 -6.27744e+66 -6.27744e+66 -6.27744e+66 -6.27744e+66 -6.27744e+66 80.4634 106.872 129.111 187.488 215.287 298.682 
-6.27744e+66 -6.27744e+66 -6.27744e+66 -6.27744e+66 -6.27744e+66 -6.27744e+66 -6.27744e+66 -6.27744e+66 -6.27744e+66 80.4634 91.5828 130.501 151.35 218.066 
-6.27744e+66 -6.27744e+66 -6.27744e+66 -6.27744e+66 -6.27744e+66 -6.27744e+66 -6.27744e+66 -6.27744e+66 -6.27744e+66 -6.27744e+66 80.4634 99.9224 113.822 163.859 
-6.27744e+66 -6.27744e+66 -6.27744e+66 -6.27744e+66 -6.27744e+66 -6.27744e+66 -6.27744e+66 -6.27744e+66 -6.27744e+66 -6.27744e+66 -6.27744e+66 80.4634 87.413 120.771 
-6.27744e+66 -6.27744e+66 -6.27744e+66 -6.27744e+66 -6.27744e+66 -6.27744e+66 -6.27744e+66 -6.27744e+66 -6.27744e+66 -6.27744e+66 -6.27744e+66 -6.27744e+66 80.4634 97.1425 
-6.27744e+66 -6.27744e+66 -6.27744e+66 -6.27744e+66 -6.27744e+66 -6.27744e+66 -6.27744e+66 -6.27744e+66 -6.27744e+66 -6.27744e+66 -6.27744e+66 -6.27744e+66 -6.27744e+66 80.4634 
-6.27744e+66 -6.27744e+66 -6.27744e+66 -6.27744e+66 -6.27744e+66 -6.27744e+66 -6.27744e+66 -6.27744e+66 -6.27744e+66 -6.27744e+66 -6.27744e+66 -6.27744e+66 -6.27744e+66 -6.27744e+66 
-6.27744e+66 179.948 185.458 262.597 361.775 435.24 609.721 763.998 905.419 1184.59 1416 1709.87 1851.29 1939.45 
-6.27744e+66 -6.27744e+66 179.948 218.517 284.636 339.735 479.32 607.884 729.102 973.375 1179.08 1443.55 1572.12 1652.93 
-6.27744e+66 -6.27744e+66 -6.27744e+66 179.948 213.007 249.74 354.428 457.28 558.295 767.672 947.662 1182.75 1298.46 1371.93 
-6.27744e+66 -6.27744e+66 -6.27744e+66 -6.27744e+66 179.948 198.314 268.107 345.245 426.057 600.538 754.815 960.518 1063.37 1129.49 
-6.27744e+66 -6.27744e+66 -6.27744e+66 -6.27744e+66 -6.27744e+66 179.948 214.844 266.27 326.879 466.463 595.028 771.345 861.34 920.112 
-6.27744e+66 -6.27744e+66 -6.27744e+66 -6.27744e+66 -6.27744e+66 -6.27744e+66 179.948 205.661 246.067 350.755 453.607 600.538 677.676 729.102 
-6.27744e+66 -6.27744e+66 -6.27744e+66 -6.27744e+66 -6.27744e+66 -6.27744e+66 -6.27744e+66 179.948 200.151 269.943 347.082 464.627 528.909 572.988 
-6.27744e+66 -6.27744e+66 -6.27744e+66 -6.27744e+66 -6.27744e+66 -6.27744e+66 -6.27744e+66 -6.27744e+66 179.948 214.844 266.27 354.428 405.854 442.587 
-6.27744e+66 -6.27744e+66 -6.27744e+66 -6.27744e+66 -6.27744e+66 -6.27744e+66 -6.27744e+66 -6.27744e+66 -6.27744e+66 179.948 205.661 264.433 303.003 332.389 
-6.27744e+66 -6.27744e+66 -6.27744e+66 -6.27744e+66 -6.27744e+66 -6.27744e+66 -6.27744e+66 -6.27744e+66 -6.27744e+66 -6.27744e+66 179.948 209.334 235.047 257.087 
-6.27744e+66 -6.27744e+66 -6.27744e+66 -6.27744e+66 -6.27744e+66 -6.27744e+66 -6.27744e+66 -6.27744e+66 -6.27744e+66 -6.27744e+66 -6.27744e+66 179.948 192.804 207.498 
-6.27744e+66 -6.27744e+66 -6.27744e+66 -6.27744e+66 -6.27744e+66 -6.27744e+66 -6.27744e+66 -6.27744e+66 -6.27744e+66 -6.27744e+66 -6.27744e+66 -6.27744e+66 179.948 187.295 
-6.27744e+66 -6.27744e+66 -6.27744e+66 -6.27744e+66 -6.27744e+66 -6.27744e+66 -6.27744e+66 -6.27744e+66 -6.27744e+66 -6.27744e+66 -6.27744e+66 -6.27744e+66 -6.27744e+66 179.948 
-6.27744e+66 -6.27744e+66 -6.27744e+66 -6.27744e+66 -6.27744e+66 -6.27744e+66 -6.27744e+66 -6.27744e+66 -6.27744e+66 -6.27744e+66 -6.27744e+66 -6.27744e+66 -6.27744e+66 -6.27744e+66 
-6.27744e+66 71.2645 84.6456 131.48 174.132 277.836 382.377 422.52 545.46 692.653 722.76 990.384 1027.18 1107.47 
-6.27744e+66 -6.27744e+66 71.2645 94.6815 123.117 200.895 284.527 317.98 423.357 552.15 578.913 819.774 853.227 926.823 
-6.27744e+66 -6.27744e+66 -6.27744e+66 71.2645 85.482 137.334 200.058 226.821 314.635 425.029 448.446 662.545 692.653 759.559 
-6.27744e+66 -6.27744e+66 -6.27744e+66 -6.27744e+66 71.2645 97.1905 139.007 159.078 229.33 321.325 341.397 528.733 555.496 615.711 
-6.27744e+66 -6.27744e+66 -6.27744e+66 -6.27744e+66 -6.27744e+66 71.2645 92.1725 105.554 158.242 231.839 248.565 409.139 432.556 486.081 
-6.27744e+66 -6.27744e+66 -6.27744e+66 -6.27744e+66 -6.27744e+66 -6.27744e+66 71.2645 77.955 113.081 168.278 181.659 315.471 335.543 382.377 
-6.27744e+66 -6.27744e+66 -6.27744e+66 -6.27744e+66 -6.27744e+66 -6.27744e+66 -6.27744e+66 71.2645 88.8273 125.625 135.661 242.711 259.437 299.581 
-6.27744e+66 -6.27744e+66 -6.27744e+66 -6.27744e+66 -6.27744e+66 -6.27744e+66 -6.27744e+66 -6.27744e+66 71.2645 89.6636 96.3542 176.641 190.022 223.475 
-6.27744e+66 -6.27744e+66 -6.27744e+66 -6.27744e+66 -6.27744e+66 -6.27744e+66 -6.27744e+66 -6.27744e+66 -6.27744e+66 71.2645 74.6098 128.134 138.17 164.933 
-6.27744e+66 -6.27744e+66 -6.27744e+66 -6.27744e+66 -6.27744e+66 -6.27744e+66 -6.27744e+66 -6.27744e+66 -6.27744e+66 -6.27744e+66 71.2645 98.0268 104.717 124.789 
-6.27744e+66 -6.27744e+66 -6.27744e+66 -6.27744e+66 -6.27744e+66 -6.27744e+66 -6.27744e+66 -6.27744e+66 -6.27744e+66 -6.27744e+66 -6.27744e+66 71.2645 74.6098 87.9909 
-6.27744e+66 -6.27744e+66 -6.27744e+66 -6.27744e+66 -6.27744e+66 -6.27744e+66 -6.27744e+66 -6.27744e+66 -6.27744e+66 -6.27744e+66 -6.27744e+66 -6.27744e+66 71.2645 77.955 
-6.27744e+66 -6.27744e+66 -6.27744e+66 -6.27744e+66 -6.27744e+66 -6.27744e+66 -6.27744e+66 -6.27744e+66 -6.27744e+66 -6.27744e+66 -6.27744e+66 -6.27744e+66 -6.27744e+66 71.2645 
-6.27744e+66 -6.27744e+66 -6.27744e+66 -6.27744e+66 -6.27744e+66 -6.27744e+66 -6.27744e+66 -6.27744e+66 -6.27744e+66 -6.27744e+66 -6.27744e+66 -6.27744e+66 -6.27744e+66 -6.27744e+66 
-6.27744e+66 103.904 112.385 180.234 188.716 211.332 289.076 496.865 635.391 759.782 797.947 1009.98 1009.98 1043.9 
-6.27744e+66 -6.27744e+66 103.904 137.828 143.483 160.445 222.64 395.798 514.534 623.376 657.301 848.128 848.128 879.225 
-6.27744e+66 -6.27744e+66 -6.27744e+66 103.904 106.731 118.039 164.686 303.212 402.159 495.452 525.136 694.76 694.76 723.03 
-6.27744e+66 -6.27744e+66 -6.27744e+66 -6.27744e+66 103.904 109.558 140.656 244.55 323.708 401.452 426.895 575.316 575.316 600.76 
-6.27744e+66 -6.27744e+66 -6.27744e+66 -6.27744e+66 -6.27744e+66 103.904 119.453 188.716 248.084 310.279 331.482 458.7 458.7 481.316 
-6.27744e+66 -6.27744e+66 -6.27744e+66 -6.27744e+66 -6.27744e+66 -6.27744e+66 103.904 138.535 178.114 224.761 241.723 347.738 347.738 367.527 
-6.27744e+66 -6.27744e+66 -6.27744e+66 -6.27744e+66 -6.27744e+66 -6.27744e+66 -6.27744e+66 103.904 123.693 154.791 167.513 252.324 252.324 269.287 
-6.27744e+66 -6.27744e+66 -6.27744e+66 -6.27744e+66 -6.27744e+66 -6.27744e+66 -6.27744e+66 -6.27744e+66 103.904 119.453 127.934 191.543 191.543 205.678 
-6.27744e+66 -6.27744e+66 -6.27744e+66 -6.27744e+66 -6.27744e+66 -6.27744e+66 -6.27744e+66 -6.27744e+66 -6.27744e+66 103.904 108.144 150.55 150.55 161.859 
-6.27744e+66 -6.27744e+66 -6.27744e+66 -6.27744e+66 -6.27744e+66 -6.27744e+66 -6.27744e+66 -6.27744e+66 -6.27744e+66 -6.27744e+66 103.904 125.107 125.107 133.588 
-6.27744e+66 -6.27744e+66 -6.27744e+66 -6.27744e+66 -6.27744e+66 -6.27744e+66 -6.27744e+66 -6.27744e+66 -6.27744e+66 -6.27744e+66 -6.27744e+66 103.904 103.904 109.558 
-6.27744e+66 -6.27744e+66 -6.27744e+66 -6.27744e+66 -6.27744e+66 -6.27744e+66 -6.27744e+66 -6.27744e+66 -6.27744e+66 -6.27744e+66 -6.27744e+66 -6.27744e+66 103.904 106.731 
-6.27744e+66 -6.27744e+66 -6.27744e+66 -6.27744e+66 -6.27744e+66 -6.27744e+66 -6.27744e+66 -6.27744e+66 -6.27744e+66 -6.27744e+66 -6.27744e+66 -6.27744e+66 -6.27744e+66 103.904 
-6.27744e+66 -6.27744e+66 -6.27744e+66 -6.27744e+66 -6.27744e+66 -6.27744e+66 -6.27744e+66 -6.27744e+66 -6.27744e+66 -6.27744e+66 -6.27744e+66 -6.27744e+66 -6.27744e+66 -6.27744e+66 
-6.27744e+66 6.19956 8.55417 15.618 15.618 34.4549 40.3415 82.7245 123.93 142.767 153.363 176.909 215.76 328.782 
-6.27744e+66 -6.27744e+66 6.19956 9.73148 9.73148 23.8592 28.5684 63.8876 99.2068 115.689 125.108 146.299 181.618 285.221 
-6.27744e+66 -6.27744e+66 -6.27744e+66 6.19956 6.19956 15.618 19.1499 47.4053 76.838 90.9657 99.2068 118.044 149.831 244.016 
-6.27744e+66 -6.27744e+66 -6.27744e+66 -6.27744e+66 6.19956 10.9088 13.2634 34.4549 58.0011 69.7742 76.838 93.3203 121.576 206.342 
-6.27744e+66 -6.27744e+66 -6.27744e+66 -6.27744e+66 -6.27744e+66 6.19956 7.37687 21.5046 39.1642 48.5826 54.4692 68.5968 93.3203 168.668 
-6.27744e+66 -6.27744e+66 -6.27744e+66 -6.27744e+66 -6.27744e+66 -6.27744e+66 6.19956 13.2634 25.0365 32.1003 36.8096 48.5826 69.7742 135.703 
-6.27744e+66 -6.27744e+66 -6.27744e+66 -6.27744e+66 -6.27744e+66 -6.27744e+66 -6.27744e+66 6.19956 12.0861 16.7953 20.3272 29.7457 47.4053 103.916 
-6.27744e+66 -6.27744e+66 -6.27744e+66 -6.27744e+66 -6.27744e+66 -6.27744e+66 -6.27744e+66 -6.27744e+66 6.19956 8.55417 10.9088 17.9726 32.1003 79.1926 
-6.27744e+66 -6.27744e+66 -6.27744e+66 -6.27744e+66 -6.27744e+66 -6.27744e+66 -6.27744e+66 -6.27744e+66 -6.27744e+66 6.19956 7.37687 12.0861 22.6819 60.3557 
-6.27744e+66 -6.27744e+66 -6.27744e+66 -6.27744e+66 -6.27744e+66 -6.27744e+66 -6.27744e+66 -6.27744e+66 -6.27744e+66 -6.27744e+66 6.19956 8.55417 15.618 43.8734 
-6.27744e+66 -6.27744e+66 -6.27744e+66 -6.27744e+66 -6.27744e+66 -6.27744e+66 -6.27744e+66 -6.27744e+66 -6.27744e+66 -6.27744e+66 -6.27744e+66 6.19956 9.73148 28.5684 
-6.27744e+66 -6.27744e+66 -6.27744e+66 -6.27744e+66 -6.27744e+66 -6.27744e+66 -6.27744e+66 -6.27744e+66 -6.27744e+66 -6.27744e+66 -6.27744e+66 -6.27744e+66 6.19956 15.618 
-6.27744e+66 -6.27744e+66 -6.27744e+66 -6.27744e+66 -6.27744e+66 -6.27744e+66 -6.27744e+66 -6.27744e+66 -6.27744e+66 -6.27744e+66 -6.27744e+66 -6.27744e+66 -6.27744e+66 6.19956 
-6.27744e+66 -6.27744e+66 -6.27744e+66 -6.27744e+66 -6.27744e+66 -6.27744e+66 -6.27744e+66 -6.27744e+66 -6.27744e+66 -6.27744e+66 -6.27744e+66 -6.27744e+66 -6.27744e+66 -6.27744e+66 
-6.27744e+66 173.631 205.879 229.64 316.198 322.987 535.141 657.341 859.312 1144.45 1175 1565.36 1584.03 1584.03 
-6.27744e+66 -6.27744e+66 173.631 185.512 243.218 248.309 418.032 519.866 692.983 942.476 969.632 1320.96 1337.93 1337.93 
-6.27744e+66 -6.27744e+66 -6.27744e+66 173.631 202.484 205.879 333.171 414.638 558.902 772.753 796.514 1108.8 1124.08 1124.08 
-6.27744e+66 -6.27744e+66 -6.27744e+66 -6.27744e+66 173.631 175.328 260.19 321.29 436.702 614.911 635.278 908.531 922.109 922.109 
-6.27744e+66 -6.27744e+66 -6.27744e+66 -6.27744e+66 -6.27744e+66 173.631 216.062 256.795 343.354 485.921 502.894 737.111 748.992 748.992 
-6.27744e+66 -6.27744e+66 -6.27744e+66 -6.27744e+66 -6.27744e+66 -6.27744e+66 173.631 193.998 251.704 358.629 372.207 567.388 577.572 577.572 
-6.27744e+66 -6.27744e+66 -6.27744e+66 -6.27744e+66 -6.27744e+66 -6.27744e+66 -6.27744e+66 173.631 202.484 273.768 283.951 440.096 448.582 448.582 
-6.27744e+66 -6.27744e+66 -6.27744e+66 -6.27744e+66 -6.27744e+66 -6.27744e+66 -6.27744e+66 -6.27744e+66 173.631 209.273 216.062 333.171 339.96 339.96 
-6.27744e+66 -6.27744e+66 -6.27744e+66 -6.27744e+66 -6.27744e+66 -6.27744e+66 -6.27744e+66 -6.27744e+66 -6.27744e+66 173.631 177.026 255.098 260.19 260.19 
-6.27744e+66 -6.27744e+66 -6.27744e+66 -6.27744e+66 -6.27744e+66 -6.27744e+66 -6.27744e+66 -6.27744e+66 -6.27744e+66 -6.27744e+66 173.631 212.668 216.062 216.062 
-6.27744e+66 -6.27744e+66 -6.27744e+66 -6.27744e+66 -6.27744e+66 -6.27744e+66 -6.27744e+66 -6.27744e+66 -6.27744e+66 -6.27744e+66 -6.27744e+66 173.631 175.328 175.328 
-6.27744e+66 -6.27744e+66 -6.27744e+66 -6.27744e+66 -6.27744e+66 -6.27744e+66 -6.27744e+66 -6.27744e+66 -6.27744e+66 -6.27744e+66 -6.27744e+66 -6.27744e+66 173.631 173.631 
-6.27744e+66 -6.27744e+66 -6.27744e+66 -6.27744e+66 -6.27744e+66 -6.27744e+66 -6.27744e+66 -6.27744e+66 -6.27744e+66 -6.27744e+66 -6.27744e+66 -6.27744e+66 -6.27744e+66 173.631 
-6.27744e+66 -6.27744e+66 -6.27744e+66 -6.27744e+66 -6.27744e+66 -6.27744e+66 -6.27744e+66 -6.27744e+66 -6.27744e+66 -6.27744e+66 -6.27744e+66 -6.27744e+66 -6.27744e+66 -6.27744e+66 
-6.27744e+66 20.6343 20.6343 26.0684 34.2196 34.2196 74.9754 123.882 142.902 251.584 276.037 439.061 528.724 593.933 
-6.27744e+66 -6.27744e+66 20.6343 23.3513 28.7854 28.7854 61.3901 102.146 118.448 213.545 235.282 382.003 463.514 523.29 
-6.27744e+66 -6.27744e+66 -6.27744e+66 20.6343 23.3513 23.3513 47.8048 80.4095 93.9948 175.506 194.526 324.944 398.305 452.646 
-6.27744e+66 -6.27744e+66 -6.27744e+66 -6.27744e+66 20.6343 20.6343 36.9366 61.3901 72.2583 140.185 156.487 270.603 335.813 384.72 
-6.27744e+66 -6.27744e+66 -6.27744e+66 -6.27744e+66 -6.27744e+66 20.6343 28.7854 45.0878 53.2389 107.58 121.165 218.979 276.037 319.51 
-6.27744e+66 -6.27744e+66 -6.27744e+66 -6.27744e+66 -6.27744e+66 -6.27744e+66 20.6343 28.7854 34.2196 74.9754 85.8436 167.355 216.262 254.301 
-6.27744e+66 -6.27744e+66 -6.27744e+66 -6.27744e+66 -6.27744e+66 -6.27744e+66 -6.27744e+66 20.6343 23.3513 50.5219 58.6731 123.882 164.638 197.243 
-6.27744e+66 -6.27744e+66 -6.27744e+66 -6.27744e+66 -6.27744e+66 -6.27744e+66 -6.27744e+66 -6.27744e+66 20.6343 34.2196 39.6537 88.5607 121.165 148.336 
-6.27744e+66 -6.27744e+66 -6.27744e+66 -6.27744e+66 -6.27744e+66 -6.27744e+66 -6.27744e+66 -6.27744e+66 -6.27744e+66 20.6343 23.3513 55.956 80.4095 102.146 
-6.27744e+66 -6.27744e+66 -6.27744e+66 -6.27744e+66 -6.27744e+66 -6.27744e+66 -6.27744e+66 -6.27744e+66 -6.27744e+66 -6.27744e+66 20.6343 36.9366 53.2389 69.5413 
-6.27744e+66 -6.27744e+66 -6.27744e+66 -6.27744e+66 -6.27744e+66 -6.27744e+66 -6.27744e+66 -6.27744e+66 -6.27744e+66 -6.27744e+66 -6.27744e+66 20.6343 28.7854 39.6537 
-6.27744e+66 -6.27744e+66 -6.27744e+66 -6.27744e+66 -6.27744e+66 -6.27744e+66 -6.27744e+66 -6.27744e+66 -6.27744e+66 -6.27744e+66 -6.27744e+66 -6.27744e+66 20.6343 26.0684 
-6.27744e+66 -6.27744e+66 -6.27744e+66 -6.27744e+66 -6.27744e+66 -6.27744e+66 -6.27744e+66 -6.27744e+66 -6.27744e+66 -6.27744e+66 -6.27744e+66 -6.27744e+66 -6.27744e+66 20.6343 
-6.27744e+66 -6.27744e+66 -6.27744e+66 -6.27744e+66 -6.27744e+66 -6.27744e+66 -6.27744e+66 -6.27744e+66 -6.27744e+66 -6.27744e+66 -6.27744e+66 -6.27744e+66 -6.27744e+66 -6.27744e+66 
-6.27744e+66 104.962 111.562 133.562 159.961 256.758 377.754 509.751 509.751 791.342 949.738 1103.73 1200.53 1358.93 
-6.27744e+66 -6.27744e+66 104.962 115.962 133.562 206.159 302.957 412.953 412.953 659.346 800.142 938.738 1026.74 1171.93 
-6.27744e+66 -6.27744e+66 -6.27744e+66 104.962 113.762 162.161 234.759 322.756 322.756 533.95 657.146 780.343 859.54 991.536 
-6.27744e+66 -6.27744e+66 -6.27744e+66 -6.27744e+66 104.962 129.162 177.56 243.558 243.558 419.553 525.15 632.947 703.345 822.141 
-6.27744e+66 -6.27744e+66 -6.27744e+66 -6.27744e+66 -6.27744e+66 104.962 129.162 173.16 173.16 313.956 401.954 494.351 555.949 661.546 
-6.27744e+66 -6.27744e+66 -6.27744e+66 -6.27744e+66 -6.27744e+66 -6.27744e+66 104.962 126.962 126.962 232.559 302.957 379.954 432.753 525.15 
-6.27744e+66 -6.27744e+66 -6.27744e+66 -6.27744e+66 -6.27744e+66 -6.27744e+66 -6.27744e+66 104.962 104.962 175.36 228.159 289.757 333.756 412.953 
-6.27744e+66 -6.27744e+66 -6.27744e+66 -6.27744e+66 -6.27744e+66 -6.27744e+66 -6.27744e+66 -6.27744e+66 104.962 140.161 175.36 221.559 256.758 322.756 
-6.27744e+66 -6.27744e+66 -6.27744e+66 -6.27744e+66 -6.27744e+66 -6.27744e+66 -6.27744e+66 -6.27744e+66 -6.27744e+66 104.962 122.562 153.361 179.76 232.559 
-6.27744e+66 -6.27744e+66 -6.27744e+66 -6.27744e+66 -6.27744e+66 -6.27744e+66 -6.27744e+66 -6.27744e+66 -6.27744e+66 -6.27744e+66 104.962 120.362 137.961 177.56 
-6.27744e+66 -6.27744e+66 -6.27744e+66 -6.27744e+66 -6.27744e+66 -6.27744e+66 -6.27744e+66 -6.27744e+66 -6.27744e+66 -6.27744e+66 -6.27744e+66 104.962 113.762 140.161 
-6.27744e+66 -6.27744e+66 -6.27744e+66 -6.27744e+66 -6.27744e+66 -6.27744e+66 -6.27744e+66 -6.27744e+66 -6.27744e+66 -6.27744e+66 -6.27744e+66 -6.27744e+66 104.962 118.162 
-6.27744e+66 -6.27744e+66 -6.27744e+66 -6.27744e+66 -6.27744e+66 -6.27744e+66 -6.27744e+66 -6.27744e+66 -6.27744e+66 -6.27744e+66 -6.27744e+66 -6.27744e+66 -6.27744e+66 104.962 
-6.27744e+66 -6.27744e+66 -6.27744e+66 -6.27744e+66 -6.27744e+66 -6.27744e+66 -6.27744e+66 -6.27744e+66 -6.27744e+66 -6.27744e+66 -6.27744e+66 -6.27744e+66 -6.27744e+66 -6.27744e+66 
-6.27744e+66 61.9434 61.9434 65.8168 123.918 178.145 207.196 253.677 362.132 470.587 540.309 733.979 947.016 1249.14 
-6.27744e+66 -6.27744e+66 61.9434 63.8801 102.614 143.285 166.525 205.259 298.221 393.119 455.094 629.397 823.067 1100.02 
-6.27744e+66 -6.27744e+66 -6.27744e+66 61.9434 81.3104 108.424 125.855 156.842 234.31 315.651 369.879 524.815 699.118 950.889 
-6.27744e+66 -6.27744e+66 -6.27744e+66 -6.27744e+66 61.9434 75.5003 87.1205 110.361 172.335 240.12 286.601 422.17 577.106 803.7 
-6.27744e+66 -6.27744e+66 -6.27744e+66 -6.27744e+66 -6.27744e+66 61.9434 67.7535 83.2471 129.728 183.956 222.69 338.892 474.461 675.878 
-6.27744e+66 -6.27744e+66 -6.27744e+66 -6.27744e+66 -6.27744e+66 -6.27744e+66 61.9434 69.6902 100.677 141.348 172.335 269.17 385.372 561.612 
-6.27744e+66 -6.27744e+66 -6.27744e+66 -6.27744e+66 -6.27744e+66 -6.27744e+66 -6.27744e+66 61.9434 77.437 104.551 127.791 205.259 302.094 453.157 
-6.27744e+66 -6.27744e+66 -6.27744e+66 -6.27744e+66 -6.27744e+66 -6.27744e+66 -6.27744e+66 -6.27744e+66 61.9434 75.5003 90.9939 149.095 226.563 352.449 
-6.27744e+66 -6.27744e+66 -6.27744e+66 -6.27744e+66 -6.27744e+66 -6.27744e+66 -6.27744e+66 -6.27744e+66 -6.27744e+66 61.9434 69.6902 108.424 166.525 267.234 
-6.27744e+66 -6.27744e+66 -6.27744e+66 -6.27744e+66 -6.27744e+66 -6.27744e+66 -6.27744e+66 -6.27744e+66 -6.27744e+66 -6.27744e+66 61.9434 81.3104 120.044 195.576 
-6.27744e+66 -6.27744e+66 -6.27744e+66 -6.27744e+66 -6.27744e+66 -6.27744e+66 -6.27744e+66 -6.27744e+66 -6.27744e+66 -6.27744e+66 -6.27744e+66 61.9434 81.3104 131.665 
-6.27744e+66 -6.27744e+66 -6.27744e+66 -6.27744e+66 -6.27744e+66 -6.27744e+66 -6.27744e+66 -6.27744e+66 -6.27744e+66 -6.27744e+66 -6.27744e+66 -6.27744e+66 61.9434 87.1205 
-6.27744e+66 -6.27744e+66 -6.27744e+66 -6.27744e+66 -6.27744e+66 -6.27744e+66 -6.27744e+66 -6.27744e+66 -6.27744e+66 -6.27744e+66 -6.27744e+66 -6.27744e+66 -6.27744e+66 61.9434 
-6.27744e+66 -6.27744e+66 -6.27744e+66 -6.27744e+66 -6.27744e+66 -6.27744e+66 -6.27744e+66 -6.27744e+66 -6.27744e+66 -6.27744e+66 -6.27744e+66 -6.27744e+66 -6.27744e+66 -6.27744e+66 
-6.27744e+66 109.5 113.764 116.607 182.695 228.174 302.79 426.438 650.284 758.299 879.815 1043.26 1160.51 1544.25 
-6.27744e+66 -6.27744e+66 109.5 110.922 154.98 189.09 248.782 351.823 543.691 638.204 746.218 893.317 999.91 1351.67 
-6.27744e+66 -6.27744e+66 -6.27744e+66 109.5 131.53 154.27 199.039 281.471 441.361 522.372 616.885 747.639 843.573 1163.35 
-6.27744e+66 -6.27744e+66 -6.27744e+66 -6.27744e+66 109.5 120.87 150.717 212.541 340.453 407.962 488.973 603.383 688.658 976.46 
-6.27744e+66 -6.27744e+66 -6.27744e+66 -6.27744e+66 -6.27744e+66 109.5 124.424 165.64 261.574 315.581 383.09 481.156 555.771 811.595 
-6.27744e+66 -6.27744e+66 -6.27744e+66 -6.27744e+66 -6.27744e+66 -6.27744e+66 109.5 130.108 194.065 234.57 288.577 370.299 434.255 658.101 
-6.27744e+66 -6.27744e+66 -6.27744e+66 -6.27744e+66 -6.27744e+66 -6.27744e+66 -6.27744e+66 109.5 141.478 168.482 208.988 274.365 327.662 519.53 
-6.27744e+66 -6.27744e+66 -6.27744e+66 -6.27744e+66 -6.27744e+66 -6.27744e+66 -6.27744e+66 -6.27744e+66 109.5 123.002 150.006 199.039 241.676 401.566 
-6.27744e+66 -6.27744e+66 -6.27744e+66 -6.27744e+66 -6.27744e+66 -6.27744e+66 -6.27744e+66 -6.27744e+66 -6.27744e+66 109.5 123.002 155.691 187.669 315.581 
-6.27744e+66 -6.27744e+66 -6.27744e+66 -6.27744e+66 -6.27744e+66 -6.27744e+66 -6.27744e+66 -6.27744e+66 -6.27744e+66 -6.27744e+66 109.5 125.845 147.163 243.097 
-6.27744e+66 -6.27744e+66 -6.27744e+66 -6.27744e+66 -6.27744e+66 -6.27744e+66 -6.27744e+66 -6.27744e+66 -6.27744e+66 -6.27744e+66 -6.27744e+66 109.5 120.16 184.116 
-6.27744e+66 -6.27744e+66 -6.27744e+66 -6.27744e+66 -6.27744e+66 -6.27744e+66 -6.27744e+66 -6.27744e+66 -6.27744e+66 -6.27744e+66 -6.27744e+66 -6.27744e+66 109.5 141.478 
-6.27744e+66 -6.27744e+66 -6.27744e+66 -6.27744e+66 -6.27744e+66 -6.27744e+66 -6.27744e+66 -6.27744e+66 -6.27744e+66 -6.27744e+66 -6.27744e+66 -6.27744e+66 -6.27744e+66 109.5 
-6.27744e+66 -6.27744e+66 -6.27744e+66 -6.27744e+66 -6.27744e+66 -6.27744e+66 -6.27744e+66 -6.27744e+66 -6.27744e+66 -6.27744e+66 -6.27744e+66 -6.27744e+66 -6.27744e+66 -6.27744e+66 
-6.27744e+66 167.05 194.113 266.283 363.711 522.484 612.696 753.426 968.13 1126.9 1354.24 1733.13 1812.51 1920.77 
-6.27744e+66 -6.27744e+66 167.05 203.134 268.087 387.167 459.336 576.611 760.643 899.57 1101.64 1442.64 1514.81 1614.05 
-6.27744e+66 -6.27744e+66 -6.27744e+66 167.05 199.526 278.912 333.039 426.86 580.22 699.299 876.114 1179.23 1244.18 1334.39 
-6.27744e+66 -6.27744e+66 -6.27744e+66 -6.27744e+66 167.05 206.743 242.828 313.193 435.881 535.114 686.67 951.892 1009.63 1090.82 
-6.27744e+66 -6.27744e+66 -6.27744e+66 -6.27744e+66 -6.27744e+66 167.05 185.092 232.002 324.018 403.405 529.701 757.035 807.553 879.723 
-6.27744e+66 -6.27744e+66 -6.27744e+66 -6.27744e+66 -6.27744e+66 -6.27744e+66 167.05 190.505 251.849 311.389 412.426 601.871 645.172 708.321 
-6.27744e+66 -6.27744e+66 -6.27744e+66 -6.27744e+66 -6.27744e+66 -6.27744e+66 -6.27744e+66 167.05 197.722 237.415 313.193 464.749 500.833 554.96 
-6.27744e+66 -6.27744e+66 -6.27744e+66 -6.27744e+66 -6.27744e+66 -6.27744e+66 -6.27744e+66 -6.27744e+66 167.05 186.896 237.415 351.082 379.95 425.055 
-6.27744e+66 -6.27744e+66 -6.27744e+66 -6.27744e+66 -6.27744e+66 -6.27744e+66 -6.27744e+66 -6.27744e+66 -6.27744e+66 167.05 192.309 268.087 289.738 325.823 
-6.27744e+66 -6.27744e+66 -6.27744e+66 -6.27744e+66 -6.27744e+66 -6.27744e+66 -6.27744e+66 -6.27744e+66 -6.27744e+66 -6.27744e+66 167.05 204.939 219.373 246.436 
-6.27744e+66 -6.27744e+66 -6.27744e+66 -6.27744e+66 -6.27744e+66 -6.27744e+66 -6.27744e+66 -6.27744e+66 -6.27744e+66 -6.27744e+66 -6.27744e+66 167.05 174.267 192.309 
-6.27744e+66 -6.27744e+66 -6.27744e+66 -6.27744e+66 -6.27744e+66 -6.27744e+66 -6.27744e+66 -6.27744e+66 -6.27744e+66 -6.27744e+66 -6.27744e+66 -6.27744e+66 167.05 176.071 
-6.27744e+66 -6.27744e+66 -6.27744e+66 -6.27744e+66 -6.27744e+66 -6.27744e+66 -6.27744e+66 -6.27744e+66 -6.27744e+66 -6.27744e+66 -6.27744e+66 -6.27744e+66 -6.27744e+66 167.05 
-6.27744e+66 -6.27744e+66 -6.27744e+66 -6.27744e+66 -6.27744e+66 -6.27744e+66 -6.27744e+66 -6.27744e+66 -6.27744e+66 -6.27744e+66 -6.27744e+66 -6.27744e+66 -6.27744e+66 -6.27744e+66 
-6.27744e+66 6.93456 12.9761 15.9969 25.0593 67.3502 82.4542 100.579 100.579 148.911 176.098 327.138 327.138 417.761 
-6.27744e+66 -6.27744e+66 6.93456 8.44495 14.4865 46.2047 58.2879 73.3918 73.3918 115.683 139.849 275.784 275.784 358.856 
-6.27744e+66 -6.27744e+66 -6.27744e+66 6.93456 9.95534 31.1008 40.1632 52.2463 52.2463 88.4957 109.641 230.473 230.473 305.992 
-6.27744e+66 -6.27744e+66 -6.27744e+66 -6.27744e+66 6.93456 17.5073 23.5489 32.6112 32.6112 62.8191 80.9438 186.671 186.671 254.639 
-6.27744e+66 -6.27744e+66 -6.27744e+66 -6.27744e+66 -6.27744e+66 6.93456 9.95534 15.9969 15.9969 40.1632 55.2671 145.891 145.891 206.306 
-6.27744e+66 -6.27744e+66 -6.27744e+66 -6.27744e+66 -6.27744e+66 -6.27744e+66 6.93456 9.95534 9.95534 28.08 40.1632 115.683 115.683 168.546 
-6.27744e+66 -6.27744e+66 -6.27744e+66 -6.27744e+66 -6.27744e+66 -6.27744e+66 -6.27744e+66 6.93456 6.93456 19.0177 28.08 88.4957 88.4957 133.807 
-6.27744e+66 -6.27744e+66 -6.27744e+66 -6.27744e+66 -6.27744e+66 -6.27744e+66 -6.27744e+66 -6.27744e+66 6.93456 12.9761 19.0177 64.3294 64.3294 102.089 
-6.27744e+66 -6.27744e+66 -6.27744e+66 -6.27744e+66 -6.27744e+66 -6.27744e+66 -6.27744e+66 -6.27744e+66 -6.27744e+66 6.93456 9.95534 40.1632 40.1632 70.371 
-6.27744e+66 -6.27744e+66 -6.27744e+66 -6.27744e+66 -6.27744e+66 -6.27744e+66 -6.27744e+66 -6.27744e+66 -6.27744e+66 -6.27744e+66 6.93456 22.0385 22.0385 44.6944 
-6.27744e+66 -6.27744e+66 -6.27744e+66 -6.27744e+66 -6.27744e+66 -6.27744e+66 -6.27744e+66 -6.27744e+66 -6.27744e+66 -6.27744e+66 -6.27744e+66 6.93456 6.93456 22.0385 
-6.27744e+66 -6.27744e+66 -6.27744e+66 -6.27744e+66 -6.27744e+66 -6.27744e+66 -6.27744e+66 -6.27744e+66 -6.27744e+66 -6.27744e+66 -6.27744e+66 -6.27744e+66 6.93456 14.4865 
-6.27744e+66 -6.27744e+66 -6.27744e+66 -6.27744e+66 -6.27744e+66 -6.27744e+66 -6.27744e+66 -6.27744e+66 -6.27744e+66 -6.27744e+66 -6.27744e+66 -6.27744e+66 -6.27744e+66 6.93456 
-6.27744e+66 -6.27744e+66 -6.27744e+66 -6.27744e+66 -6.27744e+66 -6.27744e+66 -6.27744e+66 -6.27744e+66 -6.27744e+66 -6.27744e+66 -6.27744e+66 -6.27744e+66 -6.27744e+66 -6.27744e+66 
-6.27744e+66 231.002 283.593 287.35 321.158 328.671 619.803 642.342 668.638 999.212 1218.97 1369.23 1844.43 2385.37 
-6.27744e+66 -6.27744e+66 231.002 232.88 255.419 261.054 493.959 512.741 535.281 824.534 1019.87 1155.11 1587.11 2082.97 
-6.27744e+66 -6.27744e+66 -6.27744e+66 231.002 242.271 246.028 420.706 435.733 454.515 702.446 873.368 993.577 1382.38 1833.16 
-6.27744e+66 -6.27744e+66 -6.27744e+66 -6.27744e+66 231.002 232.88 349.332 360.602 375.628 582.237 728.742 833.925 1179.53 1585.23 
-6.27744e+66 -6.27744e+66 -6.27744e+66 -6.27744e+66 -6.27744e+66 231.002 289.228 296.741 308.011 473.298 595.385 685.542 987.943 1348.57 
-6.27744e+66 -6.27744e+66 -6.27744e+66 -6.27744e+66 -6.27744e+66 -6.27744e+66 231.002 234.758 242.271 366.237 463.907 539.037 798.238 1113.79 
-6.27744e+66 -6.27744e+66 -6.27744e+66 -6.27744e+66 -6.27744e+66 -6.27744e+66 -6.27744e+66 231.002 234.758 317.402 390.654 450.759 666.759 937.229 
-6.27744e+66 -6.27744e+66 -6.27744e+66 -6.27744e+66 -6.27744e+66 -6.27744e+66 -6.27744e+66 -6.27744e+66 231.002 272.324 321.158 366.237 539.037 764.429 
-6.27744e+66 -6.27744e+66 -6.27744e+66 -6.27744e+66 -6.27744e+66 -6.27744e+66 -6.27744e+66 -6.27744e+66 -6.27744e+66 231.002 255.419 285.471 415.072 595.385 
-6.27744e+66 -6.27744e+66 -6.27744e+66 -6.27744e+66 -6.27744e+66 -6.27744e+66 -6.27744e+66 -6.27744e+66 -6.27744e+66 -6.27744e+66 231.002 246.028 332.428 467.663 
-6.27744e+66 -6.27744e+66 -6.27744e+66 -6.27744e+66 -6.27744e+66 -6.27744e+66 -6.27744e+66 -6.27744e+66 -6.27744e+66 -6.27744e+66 -6.27744e+66 231.002 274.202 364.359 
-6.27744e+66 -6.27744e+66 -6.27744e+66 -6.27744e+66 -6.27744e+66 -6.27744e+66 -6.27744e+66 -6.27744e+66 -6.27744e+66 -6.27744e+66 -6.27744e+66 -6.27744e+66 231.002 276.08 
-6.27744e+66 -6.27744e+66 -6.27744e+66 -6.27744e+66 -6.27744e+66 -6.27744e+66 -6.27744e+66 -6.27744e+66 -6.27744e+66 -6.27744e+66 -6.27744e+66 -6.27744e+66 -6.27744e+66 231.002 
-6.27744e+66 -6.27744e+66 -6.27744e+66 -6.27744e+66 -6.27744e+66 -6.27744e+66 -6.27744e+66 -6.27744e+66 -6.27744e+66 -6.27744e+66 -6.27744e+66 -6.27744e+66 -6.27744e+66 -6.27744e+66 
-6.27744e+66 106.431 113.071 152.911 203.819 245.135 403.759 563.121 738.715 756.422 915.784 1269.92 1464.7 1517.82 
-6.27744e+66 -6.27744e+66 106.431 126.351 160.289 191.276 318.176 450.978 601.486 616.98 758.635 1077.36 1254.43 1303.12 
-6.27744e+66 -6.27744e+66 -6.27744e+66 106.431 123.4 144.058 239.232 345.474 470.898 484.178 608.126 891.437 1050.8 1095.07 
-6.27744e+66 -6.27744e+66 -6.27744e+66 -6.27744e+66 106.431 116.76 180.209 259.89 360.23 371.296 477.538 725.435 867.09 906.93 
-6.27744e+66 -6.27744e+66 -6.27744e+66 -6.27744e+66 -6.27744e+66 106.431 138.155 191.276 266.531 275.384 363.919 576.401 700.35 735.764 
-6.27744e+66 -6.27744e+66 -6.27744e+66 -6.27744e+66 -6.27744e+66 -6.27744e+66 106.431 132.991 183.161 189.801 260.628 437.697 543.939 574.926 
-6.27744e+66 -6.27744e+66 -6.27744e+66 -6.27744e+66 -6.27744e+66 -6.27744e+66 -6.27744e+66 106.431 131.515 135.942 189.063 330.718 419.253 445.813 
-6.27744e+66 -6.27744e+66 -6.27744e+66 -6.27744e+66 -6.27744e+66 -6.27744e+66 -6.27744e+66 -6.27744e+66 106.431 108.644 144.058 250.299 321.127 343.26 
-6.27744e+66 -6.27744e+66 -6.27744e+66 -6.27744e+66 -6.27744e+66 -6.27744e+66 -6.27744e+66 -6.27744e+66 -6.27744e+66 106.431 124.138 194.965 248.086 265.793 
-6.27744e+66 -6.27744e+66 -6.27744e+66 -6.27744e+66 -6.27744e+66 -6.27744e+66 -6.27744e+66 -6.27744e+66 -6.27744e+66 -6.27744e+66 106.431 141.844 177.258 190.538 
-6.27744e+66 -6.27744e+66 -6.27744e+66 -6.27744e+66 -6.27744e+66 -6.27744e+66 -6.27744e+66 -6.27744e+66 -6.27744e+66 -6.27744e+66 -6.27744e+66 106.431 124.138 132.991 
-6.27744e+66 -6.27744e+66 -6.27744e+66 -6.27744e+66 -6.27744e+66 -6.27744e+66 -6.27744e+66 -6.27744e+66 -6.27744e+66 -6.27744e+66 -6.27744e+66 -6.27744e+66 106.431 110.857 
-6.27744e+66 -6.27744e+66 -6.27744e+66 -6.27744e+66 -6.27744e+66 -6.27744e+66 -6.27744e+66 -6.27744e+66 -6.27744e+66 -6.27744e+66 -6.27744e+66 -6.27744e+66 -6.27744e+66 106.431 
-6.27744e+66 -6.27744e+66 -6.27744e+66 -6.27744e+66 -6.27744e+66 -6.27744e+66 -6.27744e+66 -6.27744e+66 -6.27744e+66 -6.27744e+66 -6.27744e+66 -6.27744e+66 -6.27744e+66 -6.27744e+66 
