26 20
1000 1000 1000 1000 1000 1000 1000 1000 1000 1000 1000 1000 1000 1000 1000 1000 1000 1000 1000 1000 1000 1000 1000 1000 1000 1000 
item 0
55 10 70 35 15 15 5 50 20 40 20 15 10 25 35 25 45 0 0 35 20 45 5 20 25 15 
132.875 132.875 132.875 132.875 132.875 132.875 132.875 132.875 132.875 132.875 132.875 132.875 132.875 132.875 132.875 132.875 132.875 132.875 132.875 132.875 132.875 132.875 132.875 132.875 132.875 132.875 
0.586223 0.586223 0.586223 0.586223 0.586223 0.586223 0.586223 0.586223 0.586223 0.586223 0.586223 0.586223 0.586223 0.586223 0.586223 0.586223 0.586223 0.586223 0.586223 0.586223 0.586223 0.586223 0.586223 0.586223 0.586223 0.586223 
item 1
0 45 15 20 0 35 5 45 25 20 40 45 30 25 55 5 20 35 30 55 10 40 0 35 5 45 
68.1324 68.1324 68.1324 68.1324 68.1324 68.1324 68.1324 68.1324 68.1324 68.1324 68.1324 68.1324 68.1324 68.1324 68.1324 68.1324 68.1324 68.1324 68.1324 68.1324 68.1324 68.1324 68.1324 68.1324 68.1324 68.1324 
0.432787 0.432787 0.432787 0.432787 0.432787 0.432787 0.432787 0.432787 0.432787 0.432787 0.432787 0.432787 0.432787 0.432787 0.432787 0.432787 0.432787 0.432787 0.432787 0.432787 0.432787 0.432787 0.432787 0.432787 0.432787 0.432787 
item 2
25 35 50 35 15 15 35 30 0 25 20 55 20 5 50 45 30 25 20 45 35 10 15 20 15 45 
87.4657 87.4657 87.4657 87.4657 87.4657 87.4657 87.4657 87.4657 87.4657 87.4657 87.4657 87.4657 87.4657 87.4657 87.4657 87.4657 87.4657 87.4657 87.4657 87.4657 87.4657 87.4657 87.4657 87.4657 87.4657 87.4657 
0.479394 0.479394 0.479394 0.479394 0.479394 0.479394 0.479394 0.479394 0.479394 0.479394 0.479394 0.479394 0.479394 0.479394 0.479394 0.479394 0.479394 0.479394 0.479394 0.479394 0.479394 0.479394 0.479394 0.479394 0.479394 0.479394 
item 3
60 100 15 100 25 45 85 105 115 55 75 75 45 20 0 40 30 65 60 65 30 50 120 35 5 30 
161.076 161.076 161.076 161.076 161.076 161.076 161.076 161.076 161.076 161.076 161.076 161.076 161.076 161.076 161.076 161.076 161.076 161.076 161.076 161.076 161.076 161.076 161.076 161.076 161.076 161.076 
0.354798 0.354798 0.354798 0.354798 0.354798 0.354798 0.354798 0.354798 0.354798 0.354798 0.354798 0.354798 0.354798 0.354798 0.354798 0.354798 0.354798 0.354798 0.354798 0.354798 0.354798 0.354798 0.354798 0.354798 0.354798 0.354798 
item 4
80 140 55 30 35 70 5 25 120 35 125 0 50 5 15 175 100 45 150 60 130 95 90 50 190 45 
32.1316 32.1316 32.1316 32.1316 32.1316 32.1316 32.1316 32.1316 32.1316 32.1316 32.1316 32.1316 32.1316 32.1316 32.1316 32.1316 32.1316 32.1316 32.1316 32.1316 32.1316 32.1316 32.1316 32.1316 32.1316 32.1316 
0.114587 0.114587 0.114587 0.114587 0.114587 0.114587 0.114587 0.114587 0.114587 0.114587 0.114587 0.114587 0.114587 0.114587 0.114587 0.114587 0.114587 0.114587 0.114587 0.114587 0.114587 0.114587 0.114587 0.114587 0.114587 0.114587 
item 5
50 30 10 0 15 10 0 15 50 10 0 35 50 30 0 35 0 5 25 25 30 40 35 5 15 75 
3.61012 3.61012 3.61012 3.61012 3.61012 3.61012 3.61012 3.61012 3.61012 3.61012 3.61012 3.61012 3.61012 3.61012 3.61012 3.61012 3.61012 3.61012 3.61012 3.61012 3.61012 3.61012 3.61012 3.61012 3.61012 3.61012 
0.195487 0.195487 0.195487 0.195487 0.195487 0.195487 0.195487 0.195487 0.195487 0.195487 0.195487 0.195487 0.195487 0.195487 0.195487 0.195487 0.195487 0.195487 0.195487 0.195487 0.195487 0.195487 0.195487 0.195487 0.195487 0.195487 
item 6
85 5 50 0 85 55 70 35 55 70 25 85 115 145 50 70 40 60 25 115 40 120 95 115 80 105 
84.4288 84.4288 84.4288 84.4288 84.4288 84.4288 84.4288 84.4288 84.4288 84.4288 84.4288 84.4288 84.4288 84.4288 84.4288 84.4288 84.4288 84.4288 84.4288 84.4288 84.4288 84.4288 84.4288 84.4288 84.4288 84.4288 
0.19494 0.19494 0.19494 0.19494 0.19494 0.19494 0.19494 0.19494 0.19494 0.19494 0.19494 0.19494 0.19494 0.19494 0.19494 0.19494 0.19494 0.19494 0.19494 0.19494 0.19494 0.19494 0.19494 0.19494 0.19494 0.19494 
item 7
0 35 30 55 20 65 40 25 75 35 20 25 20 60 0 25 35 50 20 25 15 70 45 25 15 40 
149.759 149.759 149.759 149.759 149.759 149.759 149.759 149.759 149.759 149.759 149.759 149.759 149.759 149.759 149.759 149.759 149.759 149.759 149.759 149.759 149.759 149.759 149.759 149.759 149.759 149.759 
0.573518 0.573518 0.573518 0.573518 0.573518 0.573518 0.573518 0.573518 0.573518 0.573518 0.573518 0.573518 0.573518 0.573518 0.573518 0.573518 0.573518 0.573518 0.573518 0.573518 0.573518 0.573518 0.573518 0.573518 0.573518 0.573518 
item 8
100 180 255 25 50 120 40 210 70 75 165 140 210 95 215 235 5 215 75 110 25 30 185 60 115 150 
140.436 140.436 140.436 140.436 140.436 140.436 140.436 140.436 140.436 140.436 140.436 140.436 140.436 140.436 140.436 140.436 140.436 140.436 140.436 140.436 140.436 140.436 140.436 140.436 140.436 140.436 
0.174622 0.174622 0.174622 0.174622 0.174622 0.174622 0.174622 0.174622 0.174622 0.174622 0.174622 0.174622 0.174622 0.174622 0.174622 0.174622 0.174622 0.174622 0.174622 0.174622 0.174622 0.174622 0.174622 0.174622 0.174622 0.174622 
item 9
5 0 0 25 0 20 10 15 5 0 15 10 25 0 20 0 15 15 15 0 5 0 20 15 5 5 
0.687828 0.687828 0.687828 0.687828 0.687828 0.687828 0.687828 0.687828 0.687828 0.687828 0.687828 0.687828 0.687828 0.687828 0.687828 0.687828 0.687828 0.687828 0.687828 0.687828 0.687828 0.687828 0.687828 0.687828 0.687828 0.687828 
0.475842 0.475842 0.475842 0.475842 0.475842 0.475842 0.475842 0.475842 0.475842 0.475842 0.475842 0.475842 0.475842 0.475842 0.475842 0.475842 0.475842 0.475842 0.475842 0.475842 0.475842 0.475842 0.475842 0.475842 0.475842 0.475842 
item 10
10 40 60 30 5 35 25 20 10 40 80 20 60 75 35 40 5 70 35 60 10 90 60 45 50 80 
162.509 162.509 162.509 162.509 162.509 162.509 162.509 162.509 162.509 162.509 162.509 162.509 162.509 162.509 162.509 162.509 162.509 162.509 162.509 162.509 162.509 162.509 162.509 162.509 162.509 162.509 
0.480822 0.480822 0.480822 0.480822 0.480822 0.480822 0.480822 0.480822 0.480822 0.480822 0.480822 0.480822 0.480822 0.480822 0.480822 0.480822 0.480822 0.480822 0.480822 0.480822 0.480822 0.480822 0.480822 0.480822 0.480822 0.480822 
item 11
85 25 25 120 100 110 5 155 145 85 15 15 20 50 45 50 155 45 155 55 10 20 5 60 5 95 
143.756 143.756 143.756 143.756 143.756 143.756 143.756 143.756 143.756 143.756 143.756 143.756 143.756 143.756 143.756 143.756 143.756 143.756 143.756 143.756 143.756 143.756 143.756 143.756 143.756 143.756 
0.264073 0.264073 0.264073 0.264073 0.264073 0.264073 0.264073 0.264073 0.264073 0.264073 0.264073 0.264073 0.264073 0.264073 0.264073 0.264073 0.264073 0.264073 0.264073 0.264073 0.264073 0.264073 0.264073 0.264073 0.264073 0.264073 
item 12
60 65 120 65 25 75 75 95 95 70 75 25 50 65 120 55 35 25 115 25 40 20 75 135 65 50 
173.652 173.652 173.652 173.652 173.652 173.652 173.652 173.652 173.652 173.652 173.652 173.652 173.652 173.652 173.652 173.652 173.652 173.652 173.652 173.652 173.652 173.652 173.652 173.652 173.652 173.652 
0.379134 0.379134 0.379134 0.379134 0.379134 0.379134 0.379134 0.379134 0.379134 0.379134 0.379134 0.379134 0.379134 0.379134 0.379134 0.379134 0.379134 0.379134 0.379134 0.379134 0.379134 0.379134 0.379134 0.379134 0.379134 0.379134 
item 13
55 25 40 5 15 0 25 0 0 15 0 0 0 20 25 0 15 5 0 5 15 5 0 5 10 0 
1.80342 1.80342 1.80342 1.80342 1.80342 1.80342 1.80342 1.80342 1.80342 1.80342 1.80342 1.80342 1.80342 1.80342 1.80342 1.80342 1.80342 1.80342 1.80342 1.80342 1.80342 1.80342 1.80342 1.80342 1.80342 1.80342 
0.304091 0.304091 0.304091 0.304091 0.304091 0.304091 0.304091 0.304091 0.304091 0.304091 0.304091 0.304091 0.304091 0.304091 0.304091 0.304091 0.304091 0.304091 0.304091 0.304091 0.304091 0.304091 0.304091 0.304091 0.304091 0.304091 
item 14
5 25 0 55 0 25 65 30 10 0 40 15 25 0 5 70 0 60 60 0 35 0 20 55 0 30 
10.5912 10.5912 10.5912 10.5912 10.5912 10.5912 10.5912 10.5912 10.5912 10.5912 10.5912 10.5912 10.5912 10.5912 10.5912 10.5912 10.5912 10.5912 10.5912 10.5912 10.5912 10.5912 10.5912 10.5912 10.5912 10.5912 
0.215141 0.215141 0.215141 0.215141 0.215141 0.215141 0.215141 0.215141 0.215141 0.215141 0.215141 0.215141 0.215141 0.215141 0.215141 0.215141 0.215141 0.215141 0.215141 0.215141 0.215141 0.215141 0.215141 0.215141 0.215141 0.215141 
item 15
25 15 10 20 5 30 25 15 0 35 35 15 25 60 20 5 40 10 30 20 5 5 55 5 25 0 
73.1796 73.1796 73.1796 73.1796 73.1796 73.1796 73.1796 73.1796 73.1796 73.1796 73.1796 73.1796 73.1796 73.1796 73.1796 73.1796 73.1796 73.1796 73.1796 73.1796 73.1796 73.1796 73.1796 73.1796 73.1796 73.1796 
0.486781 0.486781 0.486781 0.486781 0.486781 0.486781 0.486781 0.486781 0.486781 0.486781 0.486781 0.486781 0.486781 0.486781 0.486781 0.486781 0.486781 0.486781 0.486781 0.486781 0.486781 0.486781 0.486781 0.486781 0.486781 0.486781 
item 16
155 25 120 215 170 230 55 210 70 210 190 60 35 35 285 55 150 135 85 55 130 5 95 145 70 105 
133.924 133.924 133.924 133.924 133.924 133.924 133.924 133.924 133.924 133.924 133.924 133.924 133.924 133.924 133.924 133.924 133.924 133.924 133.924 133.924 133.924 133.924 133.924 133.924 133.924 133.924 
0.144868 0.144868 0.144868 0.144868 0.144868 0.144868 0.144868 0.144868 0.144868 0.144868 0.144868 0.144868 0.144868 0.144868 0.144868 0.144868 0.144868 0.144868 0.144868 0.144868 0.144868 0.144868 0.144868 0.144868 0.144868 0.144868 
item 17
165 0 100 90 200 25 95 65 130 185 115 10 145 155 65 100 135 115 155 175 105 200 40 165 55 145 
151.325 151.325 151.325 151.325 151.325 151.325 151.325 151.325 151.325 151.325 151.325 151.325 151.325 151.325 151.325 151.325 151.325 151.325 151.325 151.325 151.325 151.325 151.325 151.325 151.325 151.325 
0.199844 0.199844 0.199844 0.199844 0.199844 0.199844 0.199844 0.199844 0.199844 0.199844 0.199844 0.199844 0.199844 0.199844 0.199844 0.199844 0.199844 0.199844 0.199844 0.199844 0.199844 0.199844 0.199844 0.199844 0.199844 0.199844 
item 18
60 35 55 110 0 220 35 95 60 215 195 130 45 0 120 170 125 40 190 70 95 55 35 185 155 70 
127.509 127.509 127.509 127.509 127.509 127.509 127.509 127.509 127.509 127.509 127.509 127.509 127.509 127.509 127.509 127.509 127.509 127.509 127.509 127.509 127.509 127.509 127.509 127.509 127.509 127.509 
0.177445 0.177445 0.177445 0.177445 0.177445 0.177445 0.177445 0.177445 0.177445 0.177445 0.177445 0.177445 0.177445 0.177445 0.177445 0.177445 0.177445 0.177445 0.177445 0.177445 0.177445 0.177445 0.177445 0.177445 0.177445 0.177445 
item 19
50 75 5 25 25 0 50 40 10 25 20 70 20 35 45 45 25 50 75 5 95 45 50 40 85 50 
161.149 161.149 161.149 161.149 161.149 161.149 161.149 161.149 161.149 161.149 161.149 161.149 161.149 161.149 161.149 161.149 161.149 161.149 161.149 161.149 161.149 161.149 161.149 161.149 161.149 161.149 
0.456295 0.456295 0.456295 0.456295 0.456295 0.456295 0.456295 0.456295 0.456295 0.456295 0.456295 0.456295 0.456295 0.456295 0.456295 0.456295 0.456295 0.456295 0.456295 0.456295 0.456295 0.456295 0.456295 0.456295 0.456295 0.456295 
