26 10
-6.27744e+66 143.469 152.594 211.901 300.863 465.099 556.341 570.027 937.278 1028.52 1233.82 1758.46 1959.19 2616.14 2912.67 3104.28 3412.23 3850.19 4121.63 4737.52 5777.68 6918.21 7349.33 7349.33 8556.01 9212.96 10125.4 
-6.27744e+66 -6.27744e+66 143.469 173.123 232.431 355.608 428.602 440.007 754.793 834.63 1017.11 1489.29 1671.78 2273.98 2547.7 2725.63 3013.04 3423.63 3679.11 4260.78 5246.2 6329.7 6740.29 6740.29 7894.5 8524.08 9400 
-6.27744e+66 -6.27744e+66 -6.27744e+66 143.469 173.123 255.241 309.987 319.111 581.433 649.864 809.538 1229.25 1393.49 1940.94 2191.86 2356.1 2622.98 3006.2 3245.71 3793.16 4723.83 5750.31 6140.37 6140.37 7242.12 7844.32 8683.75 
-6.27744e+66 -6.27744e+66 -6.27744e+66 -6.27744e+66 143.469 184.529 221.025 227.869 437.726 494.752 631.616 998.866 1144.85 1637.56 1865.67 2016.22 2262.57 2618.42 2841.96 3355.2 4231.13 5200.58 5570.11 5570.11 6619.39 7194.22 7997.15 
-6.27744e+66 -6.27744e+66 -6.27744e+66 -6.27744e+66 -6.27744e+66 143.469 161.718 166.28 323.673 369.294 483.347 798.133 925.872 1363.84 1569.13 1705.99 1931.82 2260.29 2467.87 2946.89 3768.07 4680.49 5029.5 5029.5 6026.32 6573.77 7340.21 
-6.27744e+66 -6.27744e+66 -6.27744e+66 -6.27744e+66 -6.27744e+66 -6.27744e+66 143.469 145.751 250.679 284.895 376.137 638.459 747.95 1131.17 1313.65 1436.83 1642.12 1943.22 2134.83 2579.64 3346.08 4201.47 4529.94 4529.94 5474.3 5994.38 6724.32 
-6.27744e+66 -6.27744e+66 -6.27744e+66 -6.27744e+66 -6.27744e+66 -6.27744e+66 -6.27744e+66 143.469 195.934 218.744 287.176 497.034 588.276 916.748 1076.42 1185.91 1370.68 1644.41 1820.05 2230.64 2942.33 3740.7 4048.64 4048.64 4940.53 5433.24 6126.68 
-6.27744e+66 -6.27744e+66 -6.27744e+66 -6.27744e+66 -6.27744e+66 -6.27744e+66 -6.27744e+66 -6.27744e+66 143.469 154.875 200.496 357.889 430.883 704.61 841.473 937.278 1101.51 1347.87 1507.54 1883.92 2540.86 3282.21 3569.62 3569.62 4409.05 4874.38 5531.33 
-6.27744e+66 -6.27744e+66 -6.27744e+66 -6.27744e+66 -6.27744e+66 -6.27744e+66 -6.27744e+66 -6.27744e+66 -6.27744e+66 143.469 166.28 271.209 325.954 544.936 658.989 741.107 884.813 1103.79 1247.5 1589.66 2191.86 2876.18 3143.06 3143.06 3930.03 4367.99 4988.44 
-6.27744e+66 -6.27744e+66 -6.27744e+66 -6.27744e+66 -6.27744e+66 -6.27744e+66 -6.27744e+66 -6.27744e+66 -6.27744e+66 -6.27744e+66 143.469 195.934 232.431 396.667 487.909 556.341 679.518 871.127 998.866 1306.81 1854.26 2481.55 2727.91 2727.91 3462.41 3873 4456.95 
-6.27744e+66 -6.27744e+66 -6.27744e+66 -6.27744e+66 -6.27744e+66 -6.27744e+66 -6.27744e+66 -6.27744e+66 -6.27744e+66 -6.27744e+66 -6.27744e+66 143.469 161.718 271.209 339.64 394.386 497.034 661.27 773.042 1046.77 1539.48 2109.74 2335.57 2335.57 3017.6 3400.82 3948.27 
-6.27744e+66 -6.27744e+66 -6.27744e+66 -6.27744e+66 -6.27744e+66 -6.27744e+66 -6.27744e+66 -6.27744e+66 -6.27744e+66 -6.27744e+66 -6.27744e+66 -6.27744e+66 143.469 198.215 243.836 284.895 367.013 503.877 599.681 839.192 1277.16 1790.39 1995.69 1995.69 2625.26 2981.11 3492.06 
-6.27744e+66 -6.27744e+66 -6.27744e+66 -6.27744e+66 -6.27744e+66 -6.27744e+66 -6.27744e+66 -6.27744e+66 -6.27744e+66 -6.27744e+66 -6.27744e+66 -6.27744e+66 -6.27744e+66 143.469 166.28 193.653 255.241 364.732 444.569 649.864 1033.08 1489.29 1674.06 1674.06 2251.17 2579.64 3054.1 
-6.27744e+66 -6.27744e+66 -6.27744e+66 -6.27744e+66 -6.27744e+66 -6.27744e+66 -6.27744e+66 -6.27744e+66 -6.27744e+66 -6.27744e+66 -6.27744e+66 -6.27744e+66 -6.27744e+66 -6.27744e+66 143.469 157.156 198.215 280.333 344.203 515.282 843.754 1242.94 1407.18 1407.18 1931.82 2232.92 2670.88 
-6.27744e+66 -6.27744e+66 -6.27744e+66 -6.27744e+66 -6.27744e+66 -6.27744e+66 -6.27744e+66 -6.27744e+66 -6.27744e+66 -6.27744e+66 -6.27744e+66 -6.27744e+66 -6.27744e+66 -6.27744e+66 -6.27744e+66 143.469 163.999 218.744 266.647 403.51 677.237 1019.4 1163.1 1163.1 1635.28 1909.01 2310.47 
-6.27744e+66 -6.27744e+66 -6.27744e+66 -6.27744e+66 -6.27744e+66 -6.27744e+66 -6.27744e+66 -6.27744e+66 -6.27744e+66 -6.27744e+66 -6.27744e+66 -6.27744e+66 -6.27744e+66 -6.27744e+66 -6.27744e+66 -6.27744e+66 143.469 170.842 202.777 305.425 524.406 809.538 932.716 932.716 1352.43 1598.78 1963.75 
-6.27744e+66 -6.27744e+66 -6.27744e+66 -6.27744e+66 -6.27744e+66 -6.27744e+66 -6.27744e+66 -6.27744e+66 -6.27744e+66 -6.27744e+66 -6.27744e+66 -6.27744e+66 -6.27744e+66 -6.27744e+66 -6.27744e+66 -6.27744e+66 -6.27744e+66 143.469 159.437 227.869 392.105 620.211 722.858 722.858 1090.11 1309.09 1637.56 
-6.27744e+66 -6.27744e+66 -6.27744e+66 -6.27744e+66 -6.27744e+66 -6.27744e+66 -6.27744e+66 -6.27744e+66 -6.27744e+66 -6.27744e+66 -6.27744e+66 -6.27744e+66 -6.27744e+66 -6.27744e+66 -6.27744e+66 -6.27744e+66 -6.27744e+66 -6.27744e+66 143.469 177.685 287.176 458.256 540.374 540.374 855.16 1046.77 1338.74 
-6.27744e+66 -6.27744e+66 -6.27744e+66 -6.27744e+66 -6.27744e+66 -6.27744e+66 -6.27744e+66 -6.27744e+66 -6.27744e+66 -6.27744e+66 -6.27744e+66 -6.27744e+66 -6.27744e+66 -6.27744e+66 -6.27744e+66 -6.27744e+66 -6.27744e+66 -6.27744e+66 -6.27744e+66 143.469 198.215 312.268 373.856 373.856 636.178 800.414 1055.89 
-6.27744e+66 -6.27744e+66 -6.27744e+66 -6.27744e+66 -6.27744e+66 -6.27744e+66 -6.27744e+66 -6.27744e+66 -6.27744e+66 -6.27744e+66 -6.27744e+66 -6.27744e+66 -6.27744e+66 -6.27744e+66 -6.27744e+66 -6.27744e+66 -6.27744e+66 -6.27744e+66 -6.27744e+66 -6.27744e+66 143.469 200.496 241.555 241.555 451.412 588.276 807.257 
-6.27744e+66 -6.27744e+66 -6.27744e+66 -6.27744e+66 -6.27744e+66 -6.27744e+66 -6.27744e+66 -6.27744e+66 -6.27744e+66 -6.27744e+66 -6.27744e+66 -6.27744e+66 -6.27744e+66 -6.27744e+66 -6.27744e+66 -6.27744e+66 -6.27744e+66 -6.27744e+66 -6.27744e+66 -6.27744e+66 -6.27744e+66 143.469 163.999 163.999 321.392 430.883 613.367 
-6.27744e+66 -6.27744e+66 -6.27744e+66 -6.27744e+66 -6.27744e+66 -6.27744e+66 -6.27744e+66 -6.27744e+66 -6.27744e+66 -6.27744e+66 -6.27744e+66 -6.27744e+66 -6.27744e+66 -6.27744e+66 -6.27744e+66 -6.27744e+66 -6.27744e+66 -6.27744e+66 -6.27744e+66 -6.27744e+66 -6.27744e+66 -6.27744e+66 143.469 143.469 248.398 330.516 476.504 
-6.27744e+66 -6.27744e+66 -6.27744e+66 -6.27744e+66 -6.27744e+66 -6.27744e+66 -6.27744e+66 -6.27744e+66 -6.27744e+66 -6.27744e+66 -6.27744e+66 -6.27744e+66 -6.27744e+66 -6.27744e+66 -6.27744e+66 -6.27744e+66 -6.27744e+66 -6.27744e+66 -6.27744e+66 -6.27744e+66 -6.27744e+66 -6.27744e+66 -6.27744e+66 143.469 195.934 250.679 360.17 
-6.27744e+66 -6.27744e+66 -6.27744e+66 -6.27744e+66 -6.27744e+66 -6.27744e+66 -6.27744e+66 -6.27744e+66 -6.27744e+66 -6.27744e+66 -6.27744e+66 -6.27744e+66 -6.27744e+66 -6.27744e+66 -6.27744e+66 -6.27744e+66 -6.27744e+66 -6.27744e+66 -6.27744e+66 -6.27744e+66 -6.27744e+66 -6.27744e+66 -6.27744e+66 -6.27744e+66 143.469 170.842 243.836 
-6.27744e+66 -6.27744e+66 -6.27744e+66 -6.27744e+66 -6.27744e+66 -6.27744e+66 -6.27744e+66 -6.27744e+66 -6.27744e+66 -6.27744e+66 -6.27744e+66 -6.27744e+66 -6.27744e+66 -6.27744e+66 -6.27744e+66 -6.27744e+66 -6.27744e+66 -6.27744e+66 -6.27744e+66 -6.27744e+66 -6.27744e+66 -6.27744e+66 -6.27744e+66 -6.27744e+66 -6.27744e+66 143.469 179.966 
-6.27744e+66 -6.27744e+66 -6.27744e+66 -6.27744e+66 -6.27744e+66 -6.27744e+66 -6.27744e+66 -6.27744e+66 -6.27744e+66 -6.27744e+66 -6.27744e+66 -6.27744e+66 -6.27744e+66 -6.27744e+66 -6.27744e+66 -6.27744e+66 -6.27744e+66 -6.27744e+66 -6.27744e+66 -6.27744e+66 -6.27744e+66 -6.27744e+66 -6.27744e+66 -6.27744e+66 -6.27744e+66 -6.27744e+66 143.469 
-6.27744e+66 -6.27744e+66 -6.27744e+66 -6.27744e+66 -6.27744e+66 -6.27744e+66 -6.27744e+66 -6.27744e+66 -6.27744e+66 -6.27744e+66 -6.27744e+66 -6.27744e+66 -6.27744e+66 -6.27744e+66 -6.27744e+66 -6.27744e+66 -6.27744e+66 -6.27744e+66 -6.27744e+66 -6.27744e+66 -6.27744e+66 -6.27744e+66 -6.27744e+66 -6.27744e+66 -6.27744e+66 -6.27744e+66 -6.27744e+66 
-6.27744e+66 33.0223 44.4359 58.1323 58.1323 131.18 211.075 293.253 405.107 441.631 523.809 523.809 574.029 738.386 916.438 1299.94 1402.66 1987.04 2064.65 2187.92 2578.27 2623.92 2815.67 3619.19 4039.21 4258.35 4429.56 
-6.27744e+66 -6.27744e+66 33.0223 39.8704 39.8704 94.6559 158.572 227.054 322.929 354.887 427.934 427.934 473.589 624.249 788.606 1144.71 1240.59 1788.44 1861.49 1977.91 2347.71 2391.08 2573.7 3340.7 3742.46 3952.47 4116.82 
-6.27744e+66 -6.27744e+66 -6.27744e+66 33.0223 33.0223 69.5459 117.483 172.269 252.164 279.557 343.473 343.473 384.563 521.526 672.186 1000.9 1089.93 1601.26 1669.74 1779.31 2128.57 2169.66 2343.14 3073.62 3457.12 3658 3815.5 
-6.27744e+66 -6.27744e+66 -6.27744e+66 -6.27744e+66 33.0223 51.2841 83.2423 124.331 188.248 211.075 265.861 265.861 302.384 425.652 562.615 863.936 946.114 1420.92 1484.84 1587.56 1916.27 1955.08 2119.44 2813.39 3178.62 3370.37 3521.03 
-6.27744e+66 -6.27744e+66 -6.27744e+66 -6.27744e+66 -6.27744e+66 33.0223 49.0014 76.3941 124.331 142.593 188.248 188.248 220.206 329.777 453.044 726.972 802.302 1240.59 1299.94 1395.81 1703.98 1740.5 1895.73 2553.16 2900.13 3082.75 3226.56 
-6.27744e+66 -6.27744e+66 -6.27744e+66 -6.27744e+66 -6.27744e+66 -6.27744e+66 33.0223 46.7186 78.6768 92.3732 128.897 128.897 156.29 252.164 361.735 608.27 676.752 1078.51 1133.3 1222.32 1509.95 1544.19 1690.28 2311.19 2639.9 2813.39 2950.35 
-6.27744e+66 -6.27744e+66 -6.27744e+66 -6.27744e+66 -6.27744e+66 -6.27744e+66 -6.27744e+66 33.0223 49.0014 58.1323 85.525 85.525 108.352 190.531 286.405 505.547 567.181 932.417 982.638 1064.82 1331.9 1363.85 1500.82 2085.2 2395.65 2560 2690.12 
-6.27744e+66 -6.27744e+66 -6.27744e+66 -6.27744e+66 -6.27744e+66 -6.27744e+66 -6.27744e+66 -6.27744e+66 33.0223 37.5877 55.8495 55.8495 74.1114 142.593 224.771 416.521 471.306 800.019 845.674 921.004 1167.54 1197.21 1325.05 1872.9 2165.09 2320.32 2443.58 
-6.27744e+66 -6.27744e+66 -6.27744e+66 -6.27744e+66 -6.27744e+66 -6.27744e+66 -6.27744e+66 -6.27744e+66 -6.27744e+66 33.0223 42.1532 42.1532 55.8495 110.635 179.117 343.473 391.411 683.6 724.689 793.171 1019.16 1046.55 1165.26 1676.59 1950.51 2096.61 2213.03 
-6.27744e+66 -6.27744e+66 -6.27744e+66 -6.27744e+66 -6.27744e+66 -6.27744e+66 -6.27744e+66 -6.27744e+66 -6.27744e+66 -6.27744e+66 33.0223 33.0223 42.1532 83.2423 138.028 274.992 316.081 571.746 608.27 669.904 875.349 900.459 1010.03 1484.84 1740.5 1877.47 1987.04 
-6.27744e+66 -6.27744e+66 -6.27744e+66 -6.27744e+66 -6.27744e+66 -6.27744e+66 -6.27744e+66 -6.27744e+66 -6.27744e+66 -6.27744e+66 -6.27744e+66 33.0223 37.5877 64.9805 106.07 215.641 249.882 469.023 500.982 555.767 740.668 763.496 863.936 1302.22 1539.62 1667.46 1770.18 
-6.27744e+66 -6.27744e+66 -6.27744e+66 -6.27744e+66 -6.27744e+66 -6.27744e+66 -6.27744e+66 -6.27744e+66 -6.27744e+66 -6.27744e+66 -6.27744e+66 -6.27744e+66 33.0223 46.7186 74.1114 156.29 183.682 366.301 393.693 441.631 605.987 626.532 717.841 1119.6 1338.74 1457.45 1553.32 
-6.27744e+66 -6.27744e+66 -6.27744e+66 -6.27744e+66 -6.27744e+66 -6.27744e+66 -6.27744e+66 -6.27744e+66 -6.27744e+66 -6.27744e+66 -6.27744e+66 -6.27744e+66 -6.27744e+66 33.0223 46.7186 101.504 122.049 268.143 290.971 332.06 475.872 494.134 576.312 941.548 1142.43 1252 1341.03 
-6.27744e+66 -6.27744e+66 -6.27744e+66 -6.27744e+66 -6.27744e+66 -6.27744e+66 -6.27744e+66 -6.27744e+66 -6.27744e+66 -6.27744e+66 -6.27744e+66 -6.27744e+66 -6.27744e+66 -6.27744e+66 33.0223 60.415 74.1114 183.682 201.944 236.185 359.453 375.432 448.479 777.192 959.81 1060.25 1142.43 
-6.27744e+66 -6.27744e+66 -6.27744e+66 -6.27744e+66 -6.27744e+66 -6.27744e+66 -6.27744e+66 -6.27744e+66 -6.27744e+66 -6.27744e+66 -6.27744e+66 -6.27744e+66 -6.27744e+66 -6.27744e+66 -6.27744e+66 33.0223 39.8704 112.918 126.614 154.007 256.73 270.426 334.342 626.532 790.888 882.197 957.528 
-6.27744e+66 -6.27744e+66 -6.27744e+66 -6.27744e+66 -6.27744e+66 -6.27744e+66 -6.27744e+66 -6.27744e+66 -6.27744e+66 -6.27744e+66 -6.27744e+66 -6.27744e+66 -6.27744e+66 -6.27744e+66 -6.27744e+66 -6.27744e+66 33.0223 69.5459 78.6768 99.2214 181.4 192.813 247.599 503.264 649.359 731.537 800.019 
-6.27744e+66 -6.27744e+66 -6.27744e+66 -6.27744e+66 -6.27744e+66 -6.27744e+66 -6.27744e+66 -6.27744e+66 -6.27744e+66 -6.27744e+66 -6.27744e+66 -6.27744e+66 -6.27744e+66 -6.27744e+66 -6.27744e+66 -6.27744e+66 -6.27744e+66 33.0223 37.5877 51.2841 112.918 122.049 167.703 386.845 514.678 587.725 649.359 
-6.27744e+66 -6.27744e+66 -6.27744e+66 -6.27744e+66 -6.27744e+66 -6.27744e+66 -6.27744e+66 -6.27744e+66 -6.27744e+66 -6.27744e+66 -6.27744e+66 -6.27744e+66 -6.27744e+66 -6.27744e+66 -6.27744e+66 -6.27744e+66 -6.27744e+66 -6.27744e+66 33.0223 39.8704 80.9596 87.8077 124.331 306.95 416.521 480.437 535.223 
-6.27744e+66 -6.27744e+66 -6.27744e+66 -6.27744e+66 -6.27744e+66 -6.27744e+66 -6.27744e+66 -6.27744e+66 -6.27744e+66 -6.27744e+66 -6.27744e+66 -6.27744e+66 -6.27744e+66 -6.27744e+66 -6.27744e+66 -6.27744e+66 -6.27744e+66 -6.27744e+66 -6.27744e+66 33.0223 53.5668 58.1323 85.525 231.62 322.929 377.714 425.652 
-6.27744e+66 -6.27744e+66 -6.27744e+66 -6.27744e+66 -6.27744e+66 -6.27744e+66 -6.27744e+66 -6.27744e+66 -6.27744e+66 -6.27744e+66 -6.27744e+66 -6.27744e+66 -6.27744e+66 -6.27744e+66 -6.27744e+66 -6.27744e+66 -6.27744e+66 -6.27744e+66 -6.27744e+66 -6.27744e+66 33.0223 35.305 53.5668 163.138 236.185 281.84 322.929 
-6.27744e+66 -6.27744e+66 -6.27744e+66 -6.27744e+66 -6.27744e+66 -6.27744e+66 -6.27744e+66 -6.27744e+66 -6.27744e+66 -6.27744e+66 -6.27744e+66 -6.27744e+66 -6.27744e+66 -6.27744e+66 -6.27744e+66 -6.27744e+66 -6.27744e+66 -6.27744e+66 -6.27744e+66 -6.27744e+66 -6.27744e+66 33.0223 42.1532 115.2 169.986 206.51 240.751 
-6.27744e+66 -6.27744e+66 -6.27744e+66 -6.27744e+66 -6.27744e+66 -6.27744e+66 -6.27744e+66 -6.27744e+66 -6.27744e+66 -6.27744e+66 -6.27744e+66 -6.27744e+66 -6.27744e+66 -6.27744e+66 -6.27744e+66 -6.27744e+66 -6.27744e+66 -6.27744e+66 -6.27744e+66 -6.27744e+66 -6.27744e+66 -6.27744e+66 33.0223 69.5459 106.07 133.462 160.855 
-6.27744e+66 -6.27744e+66 -6.27744e+66 -6.27744e+66 -6.27744e+66 -6.27744e+66 -6.27744e+66 -6.27744e+66 -6.27744e+66 -6.27744e+66 -6.27744e+66 -6.27744e+66 -6.27744e+66 -6.27744e+66 -6.27744e+66 -6.27744e+66 -6.27744e+66 -6.27744e+66 -6.27744e+66 -6.27744e+66 -6.27744e+66 -6.27744e+66 -6.27744e+66 33.0223 51.2841 69.5459 90.0905 
-6.27744e+66 -6.27744e+66 -6.27744e+66 -6.27744e+66 -6.27744e+66 -6.27744e+66 -6.27744e+66 -6.27744e+66 -6.27744e+66 -6.27744e+66 -6.27744e+66 -6.27744e+66 -6.27744e+66 -6.27744e+66 -6.27744e+66 -6.27744e+66 -6.27744e+66 -6.27744e+66 -6.27744e+66 -6.27744e+66 -6.27744e+66 -6.27744e+66 -6.27744e+66 -6.27744e+66 33.0223 42.1532 55.8495 
-6.27744e+66 -6.27744e+66 -6.27744e+66 -6.27744e+66 -6.27744e+66 -6.27744e+66 -6.27744e+66 -6.27744e+66 -6.27744e+66 -6.27744e+66 -6.27744e+66 -6.27744e+66 -6.27744e+66 -6.27744e+66 -6.27744e+66 -6.27744e+66 -6.27744e+66 -6.27744e+66 -6.27744e+66 -6.27744e+66 -6.27744e+66 -6.27744e+66 -6.27744e+66 -6.27744e+66 -6.27744e+66 33.0223 39.8704 
-6.27744e+66 -6.27744e+66 -6.27744e+66 -6.27744e+66 -6.27744e+66 -6.27744e+66 -6.27744e+66 -6.27744e+66 -6.27744e+66 -6.27744e+66 -6.27744e+66 -6.27744e+66 -6.27744e+66 -6.27744e+66 -6.27744e+66 -6.27744e+66 -6.27744e+66 -6.27744e+66 -6.27744e+66 -6.27744e+66 -6.27744e+66 -6.27744e+66 -6.27744e+66 -6.27744e+66 -6.27744e+66 -6.27744e+66 33.0223 
-6.27744e+66 -6.27744e+66 -6.27744e+66 -6.27744e+66 -6.27744e+66 -6.27744e+66 -6.27744e+66 -6.27744e+66 -6.27744e+66 -6.27744e+66 -6.27744e+66 -6.27744e+66 -6.27744e+66 -6.27744e+66 -6.27744e+66 -6.27744e+66 -6.27744e+66 -6.27744e+66 -6.27744e+66 -6.27744e+66 -6.27744e+66 -6.27744e+66 -6.27744e+66 -6.27744e+66 -6.27744e+66 -6.27744e+66 -6.27744e+66 
-6.27744e+66 21.1738 55.5988 88.6468 88.6468 149.235 190.545 355.785 538.926 594.007 705.544 857.014 917.602 1181.99 1289.39 1578.56 1743.8 1942.09 2269.82 2691.18 2769.67 2797.21 2797.21 2948.68 2980.35 3013.4 3254.37 
-6.27744e+66 -6.27744e+66 21.1738 37.6978 37.6978 83.1388 116.187 253.887 410.865 459.06 558.204 694.528 749.608 991.96 1091.1 1359.62 1513.84 1699.74 2008.19 2406.14 2480.5 2506.66 2506.66 2651.25 2681.54 2713.21 2944.55 
-6.27744e+66 -6.27744e+66 -6.27744e+66 21.1738 21.1738 51.4678 76.2538 186.414 317.229 358.539 445.29 566.466 616.039 836.359 927.241 1175.1 1318.31 1491.81 1780.98 2155.53 2225.75 2250.54 2250.54 2388.24 2417.16 2447.45 2669.15 
-6.27744e+66 -6.27744e+66 -6.27744e+66 -6.27744e+66 21.1738 36.3208 52.8448 135.465 240.117 274.542 348.9 454.929 498.993 697.282 779.902 1007.11 1139.3 1300.41 1570.3 1921.44 1987.53 2010.94 2010.94 2141.76 2169.3 2198.21 2410.27 
-6.27744e+66 -6.27744e+66 -6.27744e+66 -6.27744e+66 -6.27744e+66 21.1738 29.4358 84.5158 163.005 190.545 252.51 343.392 381.948 558.204 632.563 839.113 960.289 1109.01 1359.62 1687.35 1749.31 1771.34 1771.34 1895.27 1921.44 1948.98 2151.4 
-6.27744e+66 -6.27744e+66 -6.27744e+66 -6.27744e+66 -6.27744e+66 -6.27744e+66 21.1738 48.7138 101.04 121.695 171.267 247.002 280.05 434.274 500.37 686.266 796.426 932.749 1164.09 1468.4 1526.24 1546.89 1546.89 1663.94 1688.72 1714.89 1907.67 
-6.27744e+66 -6.27744e+66 -6.27744e+66 -6.27744e+66 -6.27744e+66 -6.27744e+66 -6.27744e+66 21.1738 47.3368 61.1068 98.2859 158.874 186.414 318.606 376.44 541.68 640.825 764.755 976.813 1257.72 1311.42 1330.7 1330.7 1440.86 1464.27 1489.06 1672.2 
-6.27744e+66 -6.27744e+66 -6.27744e+66 -6.27744e+66 -6.27744e+66 -6.27744e+66 -6.27744e+66 -6.27744e+66 21.1738 28.0588 52.8448 98.2859 120.318 230.478 280.05 424.635 512.763 624.301 817.081 1074.58 1124.15 1142.05 1142.05 1245.33 1267.36 1290.77 1464.27 
-6.27744e+66 -6.27744e+66 -6.27744e+66 -6.27744e+66 -6.27744e+66 -6.27744e+66 -6.27744e+66 -6.27744e+66 -6.27744e+66 21.1738 33.5668 63.8608 80.3848 168.513 209.823 333.753 410.865 510.009 683.512 917.602 963.043 979.567 979.567 1075.96 1096.61 1118.64 1282.51 
-6.27744e+66 -6.27744e+66 -6.27744e+66 -6.27744e+66 -6.27744e+66 -6.27744e+66 -6.27744e+66 -6.27744e+66 -6.27744e+66 -6.27744e+66 21.1738 36.3208 47.3368 113.433 146.481 249.756 315.852 402.603 556.827 767.509 808.819 823.966 823.966 913.471 932.749 953.404 1107.63 
-6.27744e+66 -6.27744e+66 -6.27744e+66 -6.27744e+66 -6.27744e+66 -6.27744e+66 -6.27744e+66 -6.27744e+66 -6.27744e+66 -6.27744e+66 -6.27744e+66 21.1738 26.6818 70.7458 95.5319 178.152 233.232 307.59 442.536 629.809 666.988 680.758 680.758 763.378 781.279 800.557 945.142 
-6.27744e+66 -6.27744e+66 -6.27744e+66 -6.27744e+66 -6.27744e+66 -6.27744e+66 -6.27744e+66 -6.27744e+66 -6.27744e+66 -6.27744e+66 -6.27744e+66 -6.27744e+66 21.1738 43.2058 59.7298 121.695 165.759 227.724 343.392 507.255 540.303 552.696 552.696 628.432 644.956 662.857 797.803 
-6.27744e+66 -6.27744e+66 -6.27744e+66 -6.27744e+66 -6.27744e+66 -6.27744e+66 -6.27744e+66 -6.27744e+66 -6.27744e+66 -6.27744e+66 -6.27744e+66 -6.27744e+66 -6.27744e+66 21.1738 29.4358 70.7458 103.794 153.366 249.756 390.21 419.127 430.143 430.143 498.993 514.14 530.664 655.972 
-6.27744e+66 -6.27744e+66 -6.27744e+66 -6.27744e+66 -6.27744e+66 -6.27744e+66 -6.27744e+66 -6.27744e+66 -6.27744e+66 -6.27744e+66 -6.27744e+66 -6.27744e+66 -6.27744e+66 -6.27744e+66 21.1738 41.8288 63.8608 101.04 178.152 295.197 319.983 329.622 329.622 391.587 405.357 420.504 536.172 
-6.27744e+66 -6.27744e+66 -6.27744e+66 -6.27744e+66 -6.27744e+66 -6.27744e+66 -6.27744e+66 -6.27744e+66 -6.27744e+66 -6.27744e+66 -6.27744e+66 -6.27744e+66 -6.27744e+66 -6.27744e+66 -6.27744e+66 21.1738 32.1898 56.9758 114.81 208.446 229.101 237.363 237.363 292.443 304.836 318.606 424.635 
-6.27744e+66 -6.27744e+66 -6.27744e+66 -6.27744e+66 -6.27744e+66 -6.27744e+66 -6.27744e+66 -6.27744e+66 -6.27744e+66 -6.27744e+66 -6.27744e+66 -6.27744e+66 -6.27744e+66 -6.27744e+66 -6.27744e+66 -6.27744e+66 21.1738 33.5668 72.1228 142.35 158.874 165.759 165.759 213.954 224.97 237.363 333.753 
-6.27744e+66 -6.27744e+66 -6.27744e+66 -6.27744e+66 -6.27744e+66 -6.27744e+66 -6.27744e+66 -6.27744e+66 -6.27744e+66 -6.27744e+66 -6.27744e+66 -6.27744e+66 -6.27744e+66 -6.27744e+66 -6.27744e+66 -6.27744e+66 -6.27744e+66 21.1738 40.4518 87.2698 99.6629 105.171 105.171 146.481 156.12 167.136 253.887 
-6.27744e+66 -6.27744e+66 -6.27744e+66 -6.27744e+66 -6.27744e+66 -6.27744e+66 -6.27744e+66 -6.27744e+66 -6.27744e+66 -6.27744e+66 -6.27744e+66 -6.27744e+66 -6.27744e+66 -6.27744e+66 -6.27744e+66 -6.27744e+66 -6.27744e+66 -6.27744e+66 21.1738 44.5828 52.8448 56.9758 56.9758 91.4009 99.6629 109.302 186.414 
-6.27744e+66 -6.27744e+66 -6.27744e+66 -6.27744e+66 -6.27744e+66 -6.27744e+66 -6.27744e+66 -6.27744e+66 -6.27744e+66 -6.27744e+66 -6.27744e+66 -6.27744e+66 -6.27744e+66 -6.27744e+66 -6.27744e+66 -6.27744e+66 -6.27744e+66 -6.27744e+66 -6.27744e+66 21.1738 25.3048 28.0588 28.0588 55.5988 62.4838 70.7458 138.219 
-6.27744e+66 -6.27744e+66 -6.27744e+66 -6.27744e+66 -6.27744e+66 -6.27744e+66 -6.27744e+66 -6.27744e+66 -6.27744e+66 -6.27744e+66 -6.27744e+66 -6.27744e+66 -6.27744e+66 -6.27744e+66 -6.27744e+66 -6.27744e+66 -6.27744e+66 -6.27744e+66 -6.27744e+66 -6.27744e+66 21.1738 22.5508 22.5508 43.2058 48.7138 55.5988 113.433 
-6.27744e+66 -6.27744e+66 -6.27744e+66 -6.27744e+66 -6.27744e+66 -6.27744e+66 -6.27744e+66 -6.27744e+66 -6.27744e+66 -6.27744e+66 -6.27744e+66 -6.27744e+66 -6.27744e+66 -6.27744e+66 -6.27744e+66 -6.27744e+66 -6.27744e+66 -6.27744e+66 -6.27744e+66 -6.27744e+66 -6.27744e+66 21.1738 21.1738 34.9438 39.0748 44.5828 92.7779 
-6.27744e+66 -6.27744e+66 -6.27744e+66 -6.27744e+66 -6.27744e+66 -6.27744e+66 -6.27744e+66 -6.27744e+66 -6.27744e+66 -6.27744e+66 -6.27744e+66 -6.27744e+66 -6.27744e+66 -6.27744e+66 -6.27744e+66 -6.27744e+66 -6.27744e+66 -6.27744e+66 -6.27744e+66 -6.27744e+66 -6.27744e+66 -6.27744e+66 21.1738 28.0588 30.8128 34.9438 73.4998 
-6.27744e+66 -6.27744e+66 -6.27744e+66 -6.27744e+66 -6.27744e+66 -6.27744e+66 -6.27744e+66 -6.27744e+66 -6.27744e+66 -6.27744e+66 -6.27744e+66 -6.27744e+66 -6.27744e+66 -6.27744e+66 -6.27744e+66 -6.27744e+66 -6.27744e+66 -6.27744e+66 -6.27744e+66 -6.27744e+66 -6.27744e+66 -6.27744e+66 -6.27744e+66 21.1738 22.5508 25.3048 54.2218 
-6.27744e+66 -6.27744e+66 -6.27744e+66 -6.27744e+66 -6.27744e+66 -6.27744e+66 -6.27744e+66 -6.27744e+66 -6.27744e+66 -6.27744e+66 -6.27744e+66 -6.27744e+66 -6.27744e+66 -6.27744e+66 -6.27744e+66 -6.27744e+66 -6.27744e+66 -6.27744e+66 -6.27744e+66 -6.27744e+66 -6.27744e+66 -6.27744e+66 -6.27744e+66 -6.27744e+66 21.1738 22.5508 41.8288 
-6.27744e+66 -6.27744e+66 -6.27744e+66 -6.27744e+66 -6.27744e+66 -6.27744e+66 -6.27744e+66 -6.27744e+66 -6.27744e+66 -6.27744e+66 -6.27744e+66 -6.27744e+66 -6.27744e+66 -6.27744e+66 -6.27744e+66 -6.27744e+66 -6.27744e+66 -6.27744e+66 -6.27744e+66 -6.27744e+66 -6.27744e+66 -6.27744e+66 -6.27744e+66 -6.27744e+66 -6.27744e+66 21.1738 30.8128 
-6.27744e+66 -6.27744e+66 -6.27744e+66 -6.27744e+66 -6.27744e+66 -6.27744e+66 -6.27744e+66 -6.27744e+66 -6.27744e+66 -6.27744e+66 -6.27744e+66 -6.27744e+66 -6.27744e+66 -6.27744e+66 -6.27744e+66 -6.27744e+66 -6.27744e+66 -6.27744e+66 -6.27744e+66 -6.27744e+66 -6.27744e+66 -6.27744e+66 -6.27744e+66 -6.27744e+66 -6.27744e+66 -6.27744e+66 21.1738 
-6.27744e+66 -6.27744e+66 -6.27744e+66 -6.27744e+66 -6.27744e+66 -6.27744e+66 -6.27744e+66 -6.27744e+66 -6.27744e+66 -6.27744e+66 -6.27744e+66 -6.27744e+66 -6.27744e+66 -6.27744e+66 -6.27744e+66 -6.27744e+66 -6.27744e+66 -6.27744e+66 -6.27744e+66 -6.27744e+66 -6.27744e+66 -6.27744e+66 -6.27744e+66 -6.27744e+66 -6.27744e+66 -6.27744e+66 -6.27744e+66 
-6.27744e+66 144.164 167.842 273.696 277.875 400.443 672.042 680.399 1119.14 1119.14 1520.27 1701.33 2130.32 2180.46 2488.27 2488.27 2864.33 3488.32 3748.77 3823.98 4115.08 4170.8 4404.79 4925.7 5181.98 5248.84 5631.86 
-6.27744e+66 -6.27744e+66 144.164 197.091 199.877 291.803 509.082 516.046 892.107 892.107 1248.67 1411.63 1801.62 1847.58 2131.71 2131.71 2482.7 3067.69 3312.82 3383.85 3659.63 3712.56 3935.41 4432.65 4677.78 4741.85 5109.55 
-6.27744e+66 -6.27744e+66 -6.27744e+66 144.164 145.557 206.841 369.801 375.372 688.756 688.756 1000.75 1145.6 1496.59 1538.37 1798.83 1798.83 2124.75 2670.73 2900.55 2967.4 3227.86 3278 3489.71 3963.27 4197.26 4258.54 4610.93 
-6.27744e+66 -6.27744e+66 -6.27744e+66 -6.27744e+66 144.164 174.806 283.446 287.625 538.331 538.331 805.752 932.498 1244.49 1282.1 1518.87 1518.87 1819.72 2326.71 2541.2 2603.88 2849.01 2896.37 3096.93 3546.81 3769.66 3828.16 4165.22 
-6.27744e+66 -6.27744e+66 -6.27744e+66 -6.27744e+66 -6.27744e+66 144.164 198.484 201.27 389.3 389.3 612.151 720.79 993.782 1027.21 1240.31 1240.31 1516.09 1984.07 2183.25 2241.75 2471.56 2516.13 2705.55 3131.76 3343.46 3399.18 3720.92 
-6.27744e+66 -6.27744e+66 -6.27744e+66 -6.27744e+66 -6.27744e+66 -6.27744e+66 144.164 145.557 270.911 270.911 449.191 539.724 773.717 802.967 992.39 992.39 1243.1 1672.08 1855.94 1910.26 2124.75 2166.53 2344.81 2747.34 2947.9 3000.83 3307.25 
-6.27744e+66 -6.27744e+66 -6.27744e+66 -6.27744e+66 -6.27744e+66 -6.27744e+66 -6.27744e+66 144.164 206.841 206.841 340.552 412.978 607.972 633.043 798.788 798.788 1024.42 1414.41 1582.94 1633.08 1832.26 1871.26 2038.39 2417.24 2606.66 2656.8 2947.9 
-6.27744e+66 -6.27744e+66 -6.27744e+66 -6.27744e+66 -6.27744e+66 -6.27744e+66 -6.27744e+66 -6.27744e+66 144.164 144.164 233.305 287.625 443.62 464.512 606.579 606.579 807.145 1158.13 1311.34 1357.31 1541.16 1577.37 1733.37 2088.54 2266.82 2314.17 2589.95 
-6.27744e+66 -6.27744e+66 -6.27744e+66 -6.27744e+66 -6.27744e+66 -6.27744e+66 -6.27744e+66 -6.27744e+66 -6.27744e+66 144.164 188.735 224.948 341.944 358.658 477.048 477.048 652.542 964.533 1102.42 1144.21 1312.74 1346.16 1491.02 1822.51 1989.65 2034.22 2294.67 
-6.27744e+66 -6.27744e+66 -6.27744e+66 -6.27744e+66 -6.27744e+66 -6.27744e+66 -6.27744e+66 -6.27744e+66 -6.27744e+66 -6.27744e+66 144.164 162.271 240.269 252.804 347.516 347.516 497.94 770.932 893.5 931.106 1084.32 1114.96 1248.67 1556.48 1712.48 1754.26 1999.4 
-6.27744e+66 -6.27744e+66 -6.27744e+66 -6.27744e+66 -6.27744e+66 -6.27744e+66 -6.27744e+66 -6.27744e+66 -6.27744e+66 -6.27744e+66 -6.27744e+66 144.164 183.163 191.52 262.554 262.554 387.907 621.9 729.147 762.575 900.464 928.32 1050.89 1335.02 1479.88 1518.87 1748.69 
-6.27744e+66 -6.27744e+66 -6.27744e+66 -6.27744e+66 -6.27744e+66 -6.27744e+66 -6.27744e+66 -6.27744e+66 -6.27744e+66 -6.27744e+66 -6.27744e+66 -6.27744e+66 144.164 148.343 195.699 195.699 295.981 490.976 582.902 612.151 734.719 759.789 871.215 1131.67 1265.38 1301.59 1516.09 
-6.27744e+66 -6.27744e+66 -6.27744e+66 -6.27744e+66 -6.27744e+66 -6.27744e+66 -6.27744e+66 -6.27744e+66 -6.27744e+66 -6.27744e+66 -6.27744e+66 -6.27744e+66 -6.27744e+66 144.164 167.842 167.842 243.054 399.05 475.655 500.725 607.972 630.257 730.54 967.319 1089.89 1123.31 1322.49 
-6.27744e+66 -6.27744e+66 -6.27744e+66 -6.27744e+66 -6.27744e+66 -6.27744e+66 -6.27744e+66 -6.27744e+66 -6.27744e+66 -6.27744e+66 -6.27744e+66 -6.27744e+66 -6.27744e+66 -6.27744e+66 144.164 144.164 194.306 311.302 372.586 393.479 485.404 504.904 594.044 807.145 918.57 949.212 1133.06 
-6.27744e+66 -6.27744e+66 -6.27744e+66 -6.27744e+66 -6.27744e+66 -6.27744e+66 -6.27744e+66 -6.27744e+66 -6.27744e+66 -6.27744e+66 -6.27744e+66 -6.27744e+66 -6.27744e+66 -6.27744e+66 -6.27744e+66 144.164 169.235 247.233 293.196 309.91 386.514 403.228 481.226 670.649 770.932 798.788 967.319 
-6.27744e+66 -6.27744e+66 -6.27744e+66 -6.27744e+66 -6.27744e+66 -6.27744e+66 -6.27744e+66 -6.27744e+66 -6.27744e+66 -6.27744e+66 -6.27744e+66 -6.27744e+66 -6.27744e+66 -6.27744e+66 -6.27744e+66 -6.27744e+66 144.164 183.163 213.805 226.341 287.625 301.553 368.408 534.153 623.293 648.364 801.574 
-6.27744e+66 -6.27744e+66 -6.27744e+66 -6.27744e+66 -6.27744e+66 -6.27744e+66 -6.27744e+66 -6.27744e+66 -6.27744e+66 -6.27744e+66 -6.27744e+66 -6.27744e+66 -6.27744e+66 -6.27744e+66 -6.27744e+66 -6.27744e+66 -6.27744e+66 144.164 159.485 167.842 213.805 224.948 280.66 422.728 500.725 523.01 660.899 
-6.27744e+66 -6.27744e+66 -6.27744e+66 -6.27744e+66 -6.27744e+66 -6.27744e+66 -6.27744e+66 -6.27744e+66 -6.27744e+66 -6.27744e+66 -6.27744e+66 -6.27744e+66 -6.27744e+66 -6.27744e+66 -6.27744e+66 -6.27744e+66 -6.27744e+66 -6.27744e+66 144.164 148.343 178.985 187.342 231.912 350.301 417.156 436.656 559.224 
-6.27744e+66 -6.27744e+66 -6.27744e+66 -6.27744e+66 -6.27744e+66 -6.27744e+66 -6.27744e+66 -6.27744e+66 -6.27744e+66 -6.27744e+66 -6.27744e+66 -6.27744e+66 -6.27744e+66 -6.27744e+66 -6.27744e+66 -6.27744e+66 -6.27744e+66 -6.27744e+66 -6.27744e+66 144.164 159.485 165.057 198.484 293.196 348.908 365.622 472.869 
-6.27744e+66 -6.27744e+66 -6.27744e+66 -6.27744e+66 -6.27744e+66 -6.27744e+66 -6.27744e+66 -6.27744e+66 -6.27744e+66 -6.27744e+66 -6.27744e+66 -6.27744e+66 -6.27744e+66 -6.27744e+66 -6.27744e+66 -6.27744e+66 -6.27744e+66 -6.27744e+66 -6.27744e+66 -6.27744e+66 144.164 146.95 169.235 240.269 284.839 298.767 390.693 
-6.27744e+66 -6.27744e+66 -6.27744e+66 -6.27744e+66 -6.27744e+66 -6.27744e+66 -6.27744e+66 -6.27744e+66 -6.27744e+66 -6.27744e+66 -6.27744e+66 -6.27744e+66 -6.27744e+66 -6.27744e+66 -6.27744e+66 -6.27744e+66 -6.27744e+66 -6.27744e+66 -6.27744e+66 -6.27744e+66 -6.27744e+66 144.164 155.307 202.663 236.09 247.233 323.838 
-6.27744e+66 -6.27744e+66 -6.27744e+66 -6.27744e+66 -6.27744e+66 -6.27744e+66 -6.27744e+66 -6.27744e+66 -6.27744e+66 -6.27744e+66 -6.27744e+66 -6.27744e+66 -6.27744e+66 -6.27744e+66 -6.27744e+66 -6.27744e+66 -6.27744e+66 -6.27744e+66 -6.27744e+66 -6.27744e+66 -6.27744e+66 -6.27744e+66 144.164 167.842 190.127 198.484 259.768 
-6.27744e+66 -6.27744e+66 -6.27744e+66 -6.27744e+66 -6.27744e+66 -6.27744e+66 -6.27744e+66 -6.27744e+66 -6.27744e+66 -6.27744e+66 -6.27744e+66 -6.27744e+66 -6.27744e+66 -6.27744e+66 -6.27744e+66 -6.27744e+66 -6.27744e+66 -6.27744e+66 -6.27744e+66 -6.27744e+66 -6.27744e+66 -6.27744e+66 -6.27744e+66 144.164 155.307 160.878 206.841 
-6.27744e+66 -6.27744e+66 -6.27744e+66 -6.27744e+66 -6.27744e+66 -6.27744e+66 -6.27744e+66 -6.27744e+66 -6.27744e+66 -6.27744e+66 -6.27744e+66 -6.27744e+66 -6.27744e+66 -6.27744e+66 -6.27744e+66 -6.27744e+66 -6.27744e+66 -6.27744e+66 -6.27744e+66 -6.27744e+66 -6.27744e+66 -6.27744e+66 -6.27744e+66 -6.27744e+66 144.164 146.95 177.592 
-6.27744e+66 -6.27744e+66 -6.27744e+66 -6.27744e+66 -6.27744e+66 -6.27744e+66 -6.27744e+66 -6.27744e+66 -6.27744e+66 -6.27744e+66 -6.27744e+66 -6.27744e+66 -6.27744e+66 -6.27744e+66 -6.27744e+66 -6.27744e+66 -6.27744e+66 -6.27744e+66 -6.27744e+66 -6.27744e+66 -6.27744e+66 -6.27744e+66 -6.27744e+66 -6.27744e+66 -6.27744e+66 144.164 159.485 
-6.27744e+66 -6.27744e+66 -6.27744e+66 -6.27744e+66 -6.27744e+66 -6.27744e+66 -6.27744e+66 -6.27744e+66 -6.27744e+66 -6.27744e+66 -6.27744e+66 -6.27744e+66 -6.27744e+66 -6.27744e+66 -6.27744e+66 -6.27744e+66 -6.27744e+66 -6.27744e+66 -6.27744e+66 -6.27744e+66 -6.27744e+66 -6.27744e+66 -6.27744e+66 -6.27744e+66 -6.27744e+66 -6.27744e+66 144.164 
-6.27744e+66 -6.27744e+66 -6.27744e+66 -6.27744e+66 -6.27744e+66 -6.27744e+66 -6.27744e+66 -6.27744e+66 -6.27744e+66 -6.27744e+66 -6.27744e+66 -6.27744e+66 -6.27744e+66 -6.27744e+66 -6.27744e+66 -6.27744e+66 -6.27744e+66 -6.27744e+66 -6.27744e+66 -6.27744e+66 -6.27744e+66 -6.27744e+66 -6.27744e+66 -6.27744e+66 -6.27744e+66 -6.27744e+66 -6.27744e+66 
-6.27744e+66 65.3902 83.6663 116.563 165.909 370.602 370.602 370.602 396.188 454.672 602.709 913.403 1134.54 1573.17 1573.17 1982.56 2284.11 2693.5 3190.61 4078.83 4426.08 4426.08 4809.88 4809.88 5860.76 6080.07 6080.07 
-6.27744e+66 -6.27744e+66 65.3902 81.8387 114.736 268.255 268.255 268.255 290.187 341.36 472.948 752.573 953.611 1355.69 1355.69 1735.83 2017.28 2401.08 2868.95 3707.83 4036.8 4036.8 4402.32 4402.32 5407.51 5617.68 5617.68 
-6.27744e+66 -6.27744e+66 -6.27744e+66 65.3902 81.8387 184.185 184.185 184.185 202.461 246.324 361.464 610.019 790.953 1156.48 1156.48 1507.38 1768.73 2126.94 2565.57 3355.1 3665.79 3665.79 4013.04 4013.04 4972.54 5173.57 5173.57 
-6.27744e+66 -6.27744e+66 -6.27744e+66 -6.27744e+66 65.3902 116.563 116.563 116.563 131.184 167.737 266.428 483.914 644.744 973.715 973.715 1295.37 1536.62 1869.25 2278.63 3018.82 3311.23 3311.23 3640.2 3640.2 4554.01 4745.91 4745.91 
-6.27744e+66 -6.27744e+66 -6.27744e+66 -6.27744e+66 -6.27744e+66 65.3902 65.3902 65.3902 76.3559 105.598 187.84 374.257 514.983 807.402 807.402 1099.82 1320.96 1628 2008.14 2698.98 2973.12 2973.12 3283.82 3283.82 4151.94 4334.7 4334.7 
-6.27744e+66 -6.27744e+66 -6.27744e+66 -6.27744e+66 -6.27744e+66 -6.27744e+66 65.3902 65.3902 72.7007 94.632 160.426 315.773 436.396 692.262 692.262 955.438 1156.48 1437.93 1788.83 2430.32 2686.19 2686.19 2978.61 2978.61 3801.03 3974.66 3974.66 
-6.27744e+66 -6.27744e+66 -6.27744e+66 -6.27744e+66 -6.27744e+66 -6.27744e+66 -6.27744e+66 65.3902 69.0454 83.6663 133.012 257.29 357.809 577.122 577.122 811.057 991.991 1247.86 1569.52 2161.66 2399.25 2399.25 2673.4 2673.4 3450.13 3614.62 3614.62 
-6.27744e+66 -6.27744e+66 -6.27744e+66 -6.27744e+66 -6.27744e+66 -6.27744e+66 -6.27744e+66 -6.27744e+66 65.3902 72.7007 105.598 198.806 279.221 461.983 461.983 666.675 827.505 1057.78 1350.2 1893 2112.32 2112.32 2368.18 2368.18 3099.23 3254.58 3254.58 
-6.27744e+66 -6.27744e+66 -6.27744e+66 -6.27744e+66 -6.27744e+66 -6.27744e+66 -6.27744e+66 -6.27744e+66 -6.27744e+66 65.3902 81.8387 143.978 204.289 350.498 350.498 525.949 666.675 871.368 1134.54 1628 1829.04 1829.04 2066.63 2066.63 2751.98 2898.19 2898.19 
-6.27744e+66 -6.27744e+66 -6.27744e+66 -6.27744e+66 -6.27744e+66 -6.27744e+66 -6.27744e+66 -6.27744e+66 -6.27744e+66 -6.27744e+66 65.3902 96.4597 136.667 246.324 246.324 392.533 513.156 692.262 926.197 1370.31 1553.07 1553.07 1772.38 1772.38 2412.05 2549.12 2549.12 
-6.27744e+66 -6.27744e+66 -6.27744e+66 -6.27744e+66 -6.27744e+66 -6.27744e+66 -6.27744e+66 -6.27744e+66 -6.27744e+66 -6.27744e+66 -6.27744e+66 65.3902 85.494 158.599 158.599 275.566 376.085 529.604 734.297 1129.06 1293.55 1293.55 1494.58 1494.58 2088.56 2216.49 2216.49 
-6.27744e+66 -6.27744e+66 -6.27744e+66 -6.27744e+66 -6.27744e+66 -6.27744e+66 -6.27744e+66 -6.27744e+66 -6.27744e+66 -6.27744e+66 -6.27744e+66 -6.27744e+66 65.3902 101.942 101.942 189.668 270.083 398.016 573.467 918.886 1065.1 1065.1 1247.86 1247.86 1796.14 1914.94 1914.94 
-6.27744e+66 -6.27744e+66 -6.27744e+66 -6.27744e+66 -6.27744e+66 -6.27744e+66 -6.27744e+66 -6.27744e+66 -6.27744e+66 -6.27744e+66 -6.27744e+66 -6.27744e+66 -6.27744e+66 65.3902 65.3902 123.874 184.185 286.532 432.741 728.814 856.747 856.747 1021.23 1021.23 1523.83 1633.48 1633.48 
-6.27744e+66 -6.27744e+66 -6.27744e+66 -6.27744e+66 -6.27744e+66 -6.27744e+66 -6.27744e+66 -6.27744e+66 -6.27744e+66 -6.27744e+66 -6.27744e+66 -6.27744e+66 -6.27744e+66 -6.27744e+66 65.3902 94.632 134.84 211.599 328.567 575.295 684.952 684.952 831.161 831.161 1288.06 1388.58 1388.58 
-6.27744e+66 -6.27744e+66 -6.27744e+66 -6.27744e+66 -6.27744e+66 -6.27744e+66 -6.27744e+66 -6.27744e+66 -6.27744e+66 -6.27744e+66 -6.27744e+66 -6.27744e+66 -6.27744e+66 -6.27744e+66 -6.27744e+66 65.3902 85.494 136.667 224.393 421.775 513.156 513.156 641.089 641.089 1052.3 1143.68 1143.68 
-6.27744e+66 -6.27744e+66 -6.27744e+66 -6.27744e+66 -6.27744e+66 -6.27744e+66 -6.27744e+66 -6.27744e+66 -6.27744e+66 -6.27744e+66 -6.27744e+66 -6.27744e+66 -6.27744e+66 -6.27744e+66 -6.27744e+66 -6.27744e+66 65.3902 90.9768 149.46 297.497 370.602 370.602 480.259 480.259 845.782 928.024 928.024 
-6.27744e+66 -6.27744e+66 -6.27744e+66 -6.27744e+66 -6.27744e+66 -6.27744e+66 -6.27744e+66 -6.27744e+66 -6.27744e+66 -6.27744e+66 -6.27744e+66 -6.27744e+66 -6.27744e+66 -6.27744e+66 -6.27744e+66 -6.27744e+66 -6.27744e+66 65.3902 94.632 193.323 248.152 248.152 339.532 339.532 659.365 732.47 732.47 
-6.27744e+66 -6.27744e+66 -6.27744e+66 -6.27744e+66 -6.27744e+66 -6.27744e+66 -6.27744e+66 -6.27744e+66 -6.27744e+66 -6.27744e+66 -6.27744e+66 -6.27744e+66 -6.27744e+66 -6.27744e+66 -6.27744e+66 -6.27744e+66 -6.27744e+66 -6.27744e+66 65.3902 114.736 151.288 151.288 224.393 224.393 498.535 562.501 562.501 
-6.27744e+66 -6.27744e+66 -6.27744e+66 -6.27744e+66 -6.27744e+66 -6.27744e+66 -6.27744e+66 -6.27744e+66 -6.27744e+66 -6.27744e+66 -6.27744e+66 -6.27744e+66 -6.27744e+66 -6.27744e+66 -6.27744e+66 -6.27744e+66 -6.27744e+66 -6.27744e+66 -6.27744e+66 65.3902 83.6663 83.6663 138.495 138.495 366.947 421.775 421.775 
-6.27744e+66 -6.27744e+66 -6.27744e+66 -6.27744e+66 -6.27744e+66 -6.27744e+66 -6.27744e+66 -6.27744e+66 -6.27744e+66 -6.27744e+66 -6.27744e+66 -6.27744e+66 -6.27744e+66 -6.27744e+66 -6.27744e+66 -6.27744e+66 -6.27744e+66 -6.27744e+66 -6.27744e+66 -6.27744e+66 65.3902 65.3902 101.942 101.942 284.704 330.394 330.394 
-6.27744e+66 -6.27744e+66 -6.27744e+66 -6.27744e+66 -6.27744e+66 -6.27744e+66 -6.27744e+66 -6.27744e+66 -6.27744e+66 -6.27744e+66 -6.27744e+66 -6.27744e+66 -6.27744e+66 -6.27744e+66 -6.27744e+66 -6.27744e+66 -6.27744e+66 -6.27744e+66 -6.27744e+66 -6.27744e+66 -6.27744e+66 65.3902 83.6663 83.6663 220.737 257.29 257.29 
-6.27744e+66 -6.27744e+66 -6.27744e+66 -6.27744e+66 -6.27744e+66 -6.27744e+66 -6.27744e+66 -6.27744e+66 -6.27744e+66 -6.27744e+66 -6.27744e+66 -6.27744e+66 -6.27744e+66 -6.27744e+66 -6.27744e+66 -6.27744e+66 -6.27744e+66 -6.27744e+66 -6.27744e+66 -6.27744e+66 -6.27744e+66 -6.27744e+66 65.3902 65.3902 156.771 184.185 184.185 
-6.27744e+66 -6.27744e+66 -6.27744e+66 -6.27744e+66 -6.27744e+66 -6.27744e+66 -6.27744e+66 -6.27744e+66 -6.27744e+66 -6.27744e+66 -6.27744e+66 -6.27744e+66 -6.27744e+66 -6.27744e+66 -6.27744e+66 -6.27744e+66 -6.27744e+66 -6.27744e+66 -6.27744e+66 -6.27744e+66 -6.27744e+66 -6.27744e+66 -6.27744e+66 65.3902 111.081 129.357 129.357 
-6.27744e+66 -6.27744e+66 -6.27744e+66 -6.27744e+66 -6.27744e+66 -6.27744e+66 -6.27744e+66 -6.27744e+66 -6.27744e+66 -6.27744e+66 -6.27744e+66 -6.27744e+66 -6.27744e+66 -6.27744e+66 -6.27744e+66 -6.27744e+66 -6.27744e+66 -6.27744e+66 -6.27744e+66 -6.27744e+66 -6.27744e+66 -6.27744e+66 -6.27744e+66 -6.27744e+66 65.3902 74.5283 74.5283 
-6.27744e+66 -6.27744e+66 -6.27744e+66 -6.27744e+66 -6.27744e+66 -6.27744e+66 -6.27744e+66 -6.27744e+66 -6.27744e+66 -6.27744e+66 -6.27744e+66 -6.27744e+66 -6.27744e+66 -6.27744e+66 -6.27744e+66 -6.27744e+66 -6.27744e+66 -6.27744e+66 -6.27744e+66 -6.27744e+66 -6.27744e+66 -6.27744e+66 -6.27744e+66 -6.27744e+66 -6.27744e+66 65.3902 65.3902 
-6.27744e+66 -6.27744e+66 -6.27744e+66 -6.27744e+66 -6.27744e+66 -6.27744e+66 -6.27744e+66 -6.27744e+66 -6.27744e+66 -6.27744e+66 -6.27744e+66 -6.27744e+66 -6.27744e+66 -6.27744e+66 -6.27744e+66 -6.27744e+66 -6.27744e+66 -6.27744e+66 -6.27744e+66 -6.27744e+66 -6.27744e+66 -6.27744e+66 -6.27744e+66 -6.27744e+66 -6.27744e+66 -6.27744e+66 65.3902 
-6.27744e+66 -6.27744e+66 -6.27744e+66 -6.27744e+66 -6.27744e+66 -6.27744e+66 -6.27744e+66 -6.27744e+66 -6.27744e+66 -6.27744e+66 -6.27744e+66 -6.27744e+66 -6.27744e+66 -6.27744e+66 -6.27744e+66 -6.27744e+66 -6.27744e+66 -6.27744e+66 -6.27744e+66 -6.27744e+66 -6.27744e+66 -6.27744e+66 -6.27744e+66 -6.27744e+66 -6.27744e+66 -6.27744e+66 -6.27744e+66 
-6.27744e+66 123.669 127.435 138.733 263.011 496.504 581.239 773.306 878.754 893.818 893.818 1176.27 1300.55 1639.49 1688.45 2136.6 2306.07 2727.86 3304.06 3304.06 3375.62 4128.82 4959.23 5539.19 5928.97 6878.01 7348.76 
-6.27744e+66 -6.27744e+66 123.669 129.318 212.17 387.29 455.078 615.133 705.518 718.699 718.699 972.904 1085.88 1396.58 1441.77 1857.92 2016.09 2411.52 2953.83 2953.83 3021.61 3737.16 4528.02 5081.62 5454.46 6363.95 6815.87 
-6.27744e+66 -6.27744e+66 -6.27744e+66 123.669 165.095 281.841 332.683 460.727 536.047 547.345 547.345 773.306 874.988 1157.44 1198.86 1583 1729.87 2098.94 2607.35 2607.35 2671.37 3349.26 4100.58 4627.82 4983.7 5853.65 6286.74 
-6.27744e+66 -6.27744e+66 -6.27744e+66 -6.27744e+66 123.669 182.042 215.936 311.97 372.226 381.641 381.641 579.356 669.74 923.946 961.606 1313.73 1449.3 1792.01 2266.53 2266.53 2326.78 2967.01 3678.78 4179.66 4518.6 5349.01 5763.27 
-6.27744e+66 -6.27744e+66 -6.27744e+66 -6.27744e+66 -6.27744e+66 123.669 140.616 204.638 249.83 257.362 257.362 426.833 505.919 731.88 765.774 1085.88 1210.16 1526.51 1967.13 1967.13 2023.62 2626.18 3298.42 3772.93 4094.93 4885.79 5281.22 
-6.27744e+66 -6.27744e+66 -6.27744e+66 -6.27744e+66 -6.27744e+66 -6.27744e+66 123.669 155.68 185.808 191.457 191.457 332.683 400.471 598.186 628.314 916.414 1029.39 1319.38 1726.11 1726.11 1778.83 2343.73 2976.42 3424.58 3729.62 4480.94 4857.54 
-6.27744e+66 -6.27744e+66 -6.27744e+66 -6.27744e+66 -6.27744e+66 -6.27744e+66 -6.27744e+66 123.669 138.733 142.499 142.499 255.479 311.97 481.44 507.802 763.891 865.573 1129.19 1502.03 1502.03 1550.99 2078.23 2671.37 3093.17 3381.27 4093.04 4450.81 
-6.27744e+66 -6.27744e+66 -6.27744e+66 -6.27744e+66 -6.27744e+66 -6.27744e+66 -6.27744e+66 -6.27744e+66 123.669 125.552 125.552 210.287 255.479 396.705 419.301 643.378 733.763 971.021 1309.96 1309.96 1355.15 1844.74 2398.34 2793.77 3064.92 3737.16 4076.1 
-6.27744e+66 -6.27744e+66 -6.27744e+66 -6.27744e+66 -6.27744e+66 -6.27744e+66 -6.27744e+66 -6.27744e+66 -6.27744e+66 123.669 123.669 180.159 214.053 327.034 345.864 537.93 617.016 827.913 1132.96 1132.96 1174.39 1626.31 2140.37 2509.44 2763.64 3396.33 3716.44 
-6.27744e+66 -6.27744e+66 -6.27744e+66 -6.27744e+66 -6.27744e+66 -6.27744e+66 -6.27744e+66 -6.27744e+66 -6.27744e+66 -6.27744e+66 123.669 151.914 174.51 259.245 274.309 434.365 502.153 686.688 957.84 957.84 995.5 1409.76 1884.28 2226.99 2464.24 3057.39 3358.67 
-6.27744e+66 -6.27744e+66 -6.27744e+66 -6.27744e+66 -6.27744e+66 -6.27744e+66 -6.27744e+66 -6.27744e+66 -6.27744e+66 -6.27744e+66 -6.27744e+66 123.669 134.967 191.457 202.755 330.8 387.29 545.462 782.721 782.721 816.615 1193.22 1628.19 1944.53 2164.85 2718.45 3000.9 
-6.27744e+66 -6.27744e+66 -6.27744e+66 -6.27744e+66 -6.27744e+66 -6.27744e+66 -6.27744e+66 -6.27744e+66 -6.27744e+66 -6.27744e+66 -6.27744e+66 -6.27744e+66 123.669 151.914 159.446 255.479 300.672 432.482 635.846 635.846 665.974 1004.92 1400.35 1690.33 1893.69 2407.75 2671.37 
-6.27744e+66 -6.27744e+66 -6.27744e+66 -6.27744e+66 -6.27744e+66 -6.27744e+66 -6.27744e+66 -6.27744e+66 -6.27744e+66 -6.27744e+66 -6.27744e+66 -6.27744e+66 -6.27744e+66 123.669 127.435 191.457 225.351 330.8 500.27 500.27 526.632 827.913 1183.8 1447.42 1633.84 2108.36 2353.15 
-6.27744e+66 -6.27744e+66 -6.27744e+66 -6.27744e+66 -6.27744e+66 -6.27744e+66 -6.27744e+66 -6.27744e+66 -6.27744e+66 -6.27744e+66 -6.27744e+66 -6.27744e+66 -6.27744e+66 -6.27744e+66 123.669 155.68 178.276 257.362 392.939 392.939 415.535 679.155 995.5 1232.76 1402.23 1837.2 2063.16 
-6.27744e+66 -6.27744e+66 -6.27744e+66 -6.27744e+66 -6.27744e+66 -6.27744e+66 -6.27744e+66 -6.27744e+66 -6.27744e+66 -6.27744e+66 -6.27744e+66 -6.27744e+66 -6.27744e+66 -6.27744e+66 -6.27744e+66 123.669 134.967 187.691 289.374 289.374 308.204 534.164 810.966 1021.86 1174.39 1569.82 1776.95 
-6.27744e+66 -6.27744e+66 -6.27744e+66 -6.27744e+66 -6.27744e+66 -6.27744e+66 -6.27744e+66 -6.27744e+66 -6.27744e+66 -6.27744e+66 -6.27744e+66 -6.27744e+66 -6.27744e+66 -6.27744e+66 -6.27744e+66 -6.27744e+66 123.669 150.031 217.819 217.819 232.883 421.184 658.442 842.977 978.553 1334.44 1522.74 
-6.27744e+66 -6.27744e+66 -6.27744e+66 -6.27744e+66 -6.27744e+66 -6.27744e+66 -6.27744e+66 -6.27744e+66 -6.27744e+66 -6.27744e+66 -6.27744e+66 -6.27744e+66 -6.27744e+66 -6.27744e+66 -6.27744e+66 -6.27744e+66 -6.27744e+66 123.669 157.563 157.563 168.861 319.502 517.217 675.389 794.019 1110.36 1279.83 
-6.27744e+66 -6.27744e+66 -6.27744e+66 -6.27744e+66 -6.27744e+66 -6.27744e+66 -6.27744e+66 -6.27744e+66 -6.27744e+66 -6.27744e+66 -6.27744e+66 -6.27744e+66 -6.27744e+66 -6.27744e+66 -6.27744e+66 -6.27744e+66 -6.27744e+66 -6.27744e+66 123.669 123.669 131.201 244.181 402.354 534.164 635.846 912.648 1063.29 
-6.27744e+66 -6.27744e+66 -6.27744e+66 -6.27744e+66 -6.27744e+66 -6.27744e+66 -6.27744e+66 -6.27744e+66 -6.27744e+66 -6.27744e+66 -6.27744e+66 -6.27744e+66 -6.27744e+66 -6.27744e+66 -6.27744e+66 -6.27744e+66 -6.27744e+66 -6.27744e+66 -6.27744e+66 123.669 127.435 202.755 321.385 426.833 511.568 748.827 880.637 
-6.27744e+66 -6.27744e+66 -6.27744e+66 -6.27744e+66 -6.27744e+66 -6.27744e+66 -6.27744e+66 -6.27744e+66 -6.27744e+66 -6.27744e+66 -6.27744e+66 -6.27744e+66 -6.27744e+66 -6.27744e+66 -6.27744e+66 -6.27744e+66 -6.27744e+66 -6.27744e+66 -6.27744e+66 -6.27744e+66 123.669 161.329 240.415 319.502 387.29 585.005 697.986 
-6.27744e+66 -6.27744e+66 -6.27744e+66 -6.27744e+66 -6.27744e+66 -6.27744e+66 -6.27744e+66 -6.27744e+66 -6.27744e+66 -6.27744e+66 -6.27744e+66 -6.27744e+66 -6.27744e+66 -6.27744e+66 -6.27744e+66 -6.27744e+66 -6.27744e+66 -6.27744e+66 -6.27744e+66 -6.27744e+66 -6.27744e+66 123.669 163.212 215.936 266.777 424.95 519.1 
-6.27744e+66 -6.27744e+66 -6.27744e+66 -6.27744e+66 -6.27744e+66 -6.27744e+66 -6.27744e+66 -6.27744e+66 -6.27744e+66 -6.27744e+66 -6.27744e+66 -6.27744e+66 -6.27744e+66 -6.27744e+66 -6.27744e+66 -6.27744e+66 -6.27744e+66 -6.27744e+66 -6.27744e+66 -6.27744e+66 -6.27744e+66 -6.27744e+66 123.669 150.031 183.925 302.555 377.875 
-6.27744e+66 -6.27744e+66 -6.27744e+66 -6.27744e+66 -6.27744e+66 -6.27744e+66 -6.27744e+66 -6.27744e+66 -6.27744e+66 -6.27744e+66 -6.27744e+66 -6.27744e+66 -6.27744e+66 -6.27744e+66 -6.27744e+66 -6.27744e+66 -6.27744e+66 -6.27744e+66 -6.27744e+66 -6.27744e+66 -6.27744e+66 -6.27744e+66 -6.27744e+66 123.669 140.616 219.702 276.192 
-6.27744e+66 -6.27744e+66 -6.27744e+66 -6.27744e+66 -6.27744e+66 -6.27744e+66 -6.27744e+66 -6.27744e+66 -6.27744e+66 -6.27744e+66 -6.27744e+66 -6.27744e+66 -6.27744e+66 -6.27744e+66 -6.27744e+66 -6.27744e+66 -6.27744e+66 -6.27744e+66 -6.27744e+66 -6.27744e+66 -6.27744e+66 -6.27744e+66 -6.27744e+66 -6.27744e+66 123.669 163.212 200.872 
-6.27744e+66 -6.27744e+66 -6.27744e+66 -6.27744e+66 -6.27744e+66 -6.27744e+66 -6.27744e+66 -6.27744e+66 -6.27744e+66 -6.27744e+66 -6.27744e+66 -6.27744e+66 -6.27744e+66 -6.27744e+66 -6.27744e+66 -6.27744e+66 -6.27744e+66 -6.27744e+66 -6.27744e+66 -6.27744e+66 -6.27744e+66 -6.27744e+66 -6.27744e+66 -6.27744e+66 -6.27744e+66 123.669 142.499 
-6.27744e+66 -6.27744e+66 -6.27744e+66 -6.27744e+66 -6.27744e+66 -6.27744e+66 -6.27744e+66 -6.27744e+66 -6.27744e+66 -6.27744e+66 -6.27744e+66 -6.27744e+66 -6.27744e+66 -6.27744e+66 -6.27744e+66 -6.27744e+66 -6.27744e+66 -6.27744e+66 -6.27744e+66 -6.27744e+66 -6.27744e+66 -6.27744e+66 -6.27744e+66 -6.27744e+66 -6.27744e+66 -6.27744e+66 123.669 
-6.27744e+66 -6.27744e+66 -6.27744e+66 -6.27744e+66 -6.27744e+66 -6.27744e+66 -6.27744e+66 -6.27744e+66 -6.27744e+66 -6.27744e+66 -6.27744e+66 -6.27744e+66 -6.27744e+66 -6.27744e+66 -6.27744e+66 -6.27744e+66 -6.27744e+66 -6.27744e+66 -6.27744e+66 -6.27744e+66 -6.27744e+66 -6.27744e+66 -6.27744e+66 -6.27744e+66 -6.27744e+66 -6.27744e+66 -6.27744e+66 
-6.27744e+66 62.6213 79.1881 99.0684 183.559 183.559 241.543 390.645 425.435 518.21 682.221 781.622 927.411 1265.37 1416.13 1740.84 1765.69 2189.8 2753.08 2842.54 2842.54 3140.74 3314.69 3496.93 3649.34 3649.34 3773.59 
-6.27744e+66 -6.27744e+66 62.6213 72.5614 128.889 128.889 175.276 299.527 329.347 410.525 556.313 645.774 778.309 1088.11 1227.27 1528.79 1551.98 1949.58 2479.72 2564.21 2564.21 2847.51 3013.18 3187.13 3332.92 3332.92 3452.2 
-6.27744e+66 -6.27744e+66 -6.27744e+66 62.6213 90.7849 90.7849 125.575 224.976 249.827 319.407 446.972 526.493 645.774 927.411 1054.98 1333.3 1354.84 1725.93 2222.94 2302.46 2302.46 2570.84 2728.23 2893.89 3033.06 3033.06 3147.37 
-6.27744e+66 -6.27744e+66 -6.27744e+66 -6.27744e+66 62.6213 62.6213 85.8149 160.366 180.246 238.23 347.571 417.152 523.18 776.652 892.62 1147.75 1167.63 1512.22 1976.09 2050.64 2050.64 2304.12 2453.22 2610.6 2743.14 2743.14 2852.48 
-6.27744e+66 -6.27744e+66 -6.27744e+66 -6.27744e+66 -6.27744e+66 62.6213 74.2181 123.919 138.829 185.216 276.334 335.974 428.749 654.058 758.429 990.365 1008.59 1326.67 1757.41 1826.99 1826.99 2065.55 2206.37 2355.47 2481.38 2481.38 2585.75 
-6.27744e+66 -6.27744e+66 -6.27744e+66 -6.27744e+66 -6.27744e+66 -6.27744e+66 62.6213 87.4716 97.4117 132.202 205.096 254.797 334.318 531.463 624.237 832.98 849.546 1141.12 1538.73 1603.34 1603.34 1826.99 1959.52 2100.34 2219.62 2219.62 2319.03 
-6.27744e+66 -6.27744e+66 -6.27744e+66 -6.27744e+66 -6.27744e+66 -6.27744e+66 -6.27744e+66 62.6213 67.5913 90.7849 145.456 185.216 251.483 420.465 501.643 687.191 702.101 967.171 1331.64 1391.28 1391.28 1600.02 1724.28 1856.81 1969.47 1969.47 2063.9 
-6.27744e+66 -6.27744e+66 -6.27744e+66 -6.27744e+66 -6.27744e+66 -6.27744e+66 -6.27744e+66 -6.27744e+66 62.6213 74.2181 110.665 140.485 193.499 334.318 403.898 566.253 579.507 818.069 1149.41 1204.08 1204.08 1397.91 1513.88 1638.13 1744.16 1744.16 1833.62 
-6.27744e+66 -6.27744e+66 -6.27744e+66 -6.27744e+66 -6.27744e+66 -6.27744e+66 -6.27744e+66 -6.27744e+66 -6.27744e+66 62.6213 80.8448 100.725 140.485 253.14 311.124 450.285 461.882 673.938 972.141 1021.84 1021.84 1200.76 1308.45 1424.42 1523.82 1523.82 1608.31 
-6.27744e+66 -6.27744e+66 -6.27744e+66 -6.27744e+66 -6.27744e+66 -6.27744e+66 -6.27744e+66 -6.27744e+66 -6.27744e+66 -6.27744e+66 62.6213 72.5614 99.0684 183.559 229.946 345.914 355.854 541.403 806.473 851.203 851.203 1015.21 1114.62 1222.3 1315.07 1315.07 1394.6 
-6.27744e+66 -6.27744e+66 -6.27744e+66 -6.27744e+66 -6.27744e+66 -6.27744e+66 -6.27744e+66 -6.27744e+66 -6.27744e+66 -6.27744e+66 -6.27744e+66 62.6213 75.8748 132.202 166.992 259.767 268.05 427.092 659.028 698.788 698.788 847.89 939.007 1038.41 1124.56 1124.56 1199.11 
-6.27744e+66 -6.27744e+66 -6.27744e+66 -6.27744e+66 -6.27744e+66 -6.27744e+66 -6.27744e+66 -6.27744e+66 -6.27744e+66 -6.27744e+66 -6.27744e+66 -6.27744e+66 62.6213 90.7849 113.979 183.559 190.186 322.721 521.523 556.313 556.313 690.505 773.339 864.457 943.977 943.977 1013.56 
-6.27744e+66 -6.27744e+66 -6.27744e+66 -6.27744e+66 -6.27744e+66 -6.27744e+66 -6.27744e+66 -6.27744e+66 -6.27744e+66 -6.27744e+66 -6.27744e+66 -6.27744e+66 -6.27744e+66 62.6213 74.2181 120.605 125.575 231.603 397.272 427.092 427.092 546.373 620.924 703.758 776.652 776.652 841.263 
-6.27744e+66 -6.27744e+66 -6.27744e+66 -6.27744e+66 -6.27744e+66 -6.27744e+66 -6.27744e+66 -6.27744e+66 -6.27744e+66 -6.27744e+66 -6.27744e+66 -6.27744e+66 -6.27744e+66 -6.27744e+66 62.6213 85.8149 89.1282 168.649 301.184 326.034 326.034 430.405 496.673 571.223 637.491 637.491 697.131 
-6.27744e+66 -6.27744e+66 -6.27744e+66 -6.27744e+66 -6.27744e+66 -6.27744e+66 -6.27744e+66 -6.27744e+66 -6.27744e+66 -6.27744e+66 -6.27744e+66 -6.27744e+66 -6.27744e+66 -6.27744e+66 -6.27744e+66 62.6213 64.278 117.292 216.693 236.573 236.573 326.034 384.018 450.285 509.926 509.926 564.597 
-6.27744e+66 -6.27744e+66 -6.27744e+66 -6.27744e+66 -6.27744e+66 -6.27744e+66 -6.27744e+66 -6.27744e+66 -6.27744e+66 -6.27744e+66 -6.27744e+66 -6.27744e+66 -6.27744e+66 -6.27744e+66 -6.27744e+66 -6.27744e+66 62.6213 89.1282 155.396 170.306 170.306 244.857 294.557 352.541 405.555 405.555 455.256 
-6.27744e+66 -6.27744e+66 -6.27744e+66 -6.27744e+66 -6.27744e+66 -6.27744e+66 -6.27744e+66 -6.27744e+66 -6.27744e+66 -6.27744e+66 -6.27744e+66 -6.27744e+66 -6.27744e+66 -6.27744e+66 -6.27744e+66 -6.27744e+66 -6.27744e+66 62.6213 95.755 105.695 105.695 165.336 206.753 256.453 302.841 302.841 347.571 
-6.27744e+66 -6.27744e+66 -6.27744e+66 -6.27744e+66 -6.27744e+66 -6.27744e+66 -6.27744e+66 -6.27744e+66 -6.27744e+66 -6.27744e+66 -6.27744e+66 -6.27744e+66 -6.27744e+66 -6.27744e+66 -6.27744e+66 -6.27744e+66 -6.27744e+66 -6.27744e+66 62.6213 67.5913 67.5913 112.322 145.456 186.873 226.633 226.633 266.393 
-6.27744e+66 -6.27744e+66 -6.27744e+66 -6.27744e+66 -6.27744e+66 -6.27744e+66 -6.27744e+66 -6.27744e+66 -6.27744e+66 -6.27744e+66 -6.27744e+66 -6.27744e+66 -6.27744e+66 -6.27744e+66 -6.27744e+66 -6.27744e+66 -6.27744e+66 -6.27744e+66 -6.27744e+66 62.6213 62.6213 92.4416 117.292 150.426 183.559 183.559 218.35 
-6.27744e+66 -6.27744e+66 -6.27744e+66 -6.27744e+66 -6.27744e+66 -6.27744e+66 -6.27744e+66 -6.27744e+66 -6.27744e+66 -6.27744e+66 -6.27744e+66 -6.27744e+66 -6.27744e+66 -6.27744e+66 -6.27744e+66 -6.27744e+66 -6.27744e+66 -6.27744e+66 -6.27744e+66 -6.27744e+66 62.6213 77.5315 94.0983 118.949 145.456 145.456 175.276 
-6.27744e+66 -6.27744e+66 -6.27744e+66 -6.27744e+66 -6.27744e+66 -6.27744e+66 -6.27744e+66 -6.27744e+66 -6.27744e+66 -6.27744e+66 -6.27744e+66 -6.27744e+66 -6.27744e+66 -6.27744e+66 -6.27744e+66 -6.27744e+66 -6.27744e+66 -6.27744e+66 -6.27744e+66 -6.27744e+66 -6.27744e+66 62.6213 70.9047 87.4716 107.352 107.352 132.202 
-6.27744e+66 -6.27744e+66 -6.27744e+66 -6.27744e+66 -6.27744e+66 -6.27744e+66 -6.27744e+66 -6.27744e+66 -6.27744e+66 -6.27744e+66 -6.27744e+66 -6.27744e+66 -6.27744e+66 -6.27744e+66 -6.27744e+66 -6.27744e+66 -6.27744e+66 -6.27744e+66 -6.27744e+66 -6.27744e+66 -6.27744e+66 -6.27744e+66 62.6213 70.9047 84.1582 84.1582 104.038 
-6.27744e+66 -6.27744e+66 -6.27744e+66 -6.27744e+66 -6.27744e+66 -6.27744e+66 -6.27744e+66 -6.27744e+66 -6.27744e+66 -6.27744e+66 -6.27744e+66 -6.27744e+66 -6.27744e+66 -6.27744e+66 -6.27744e+66 -6.27744e+66 -6.27744e+66 -6.27744e+66 -6.27744e+66 -6.27744e+66 -6.27744e+66 -6.27744e+66 -6.27744e+66 62.6213 69.248 69.248 84.1582 
-6.27744e+66 -6.27744e+66 -6.27744e+66 -6.27744e+66 -6.27744e+66 -6.27744e+66 -6.27744e+66 -6.27744e+66 -6.27744e+66 -6.27744e+66 -6.27744e+66 -6.27744e+66 -6.27744e+66 -6.27744e+66 -6.27744e+66 -6.27744e+66 -6.27744e+66 -6.27744e+66 -6.27744e+66 -6.27744e+66 -6.27744e+66 -6.27744e+66 -6.27744e+66 -6.27744e+66 62.6213 62.6213 72.5614 
-6.27744e+66 -6.27744e+66 -6.27744e+66 -6.27744e+66 -6.27744e+66 -6.27744e+66 -6.27744e+66 -6.27744e+66 -6.27744e+66 -6.27744e+66 -6.27744e+66 -6.27744e+66 -6.27744e+66 -6.27744e+66 -6.27744e+66 -6.27744e+66 -6.27744e+66 -6.27744e+66 -6.27744e+66 -6.27744e+66 -6.27744e+66 -6.27744e+66 -6.27744e+66 -6.27744e+66 -6.27744e+66 62.6213 67.5913 
-6.27744e+66 -6.27744e+66 -6.27744e+66 -6.27744e+66 -6.27744e+66 -6.27744e+66 -6.27744e+66 -6.27744e+66 -6.27744e+66 -6.27744e+66 -6.27744e+66 -6.27744e+66 -6.27744e+66 -6.27744e+66 -6.27744e+66 -6.27744e+66 -6.27744e+66 -6.27744e+66 -6.27744e+66 -6.27744e+66 -6.27744e+66 -6.27744e+66 -6.27744e+66 -6.27744e+66 -6.27744e+66 -6.27744e+66 62.6213 
-6.27744e+66 -6.27744e+66 -6.27744e+66 -6.27744e+66 -6.27744e+66 -6.27744e+66 -6.27744e+66 -6.27744e+66 -6.27744e+66 -6.27744e+66 -6.27744e+66 -6.27744e+66 -6.27744e+66 -6.27744e+66 -6.27744e+66 -6.27744e+66 -6.27744e+66 -6.27744e+66 -6.27744e+66 -6.27744e+66 -6.27744e+66 -6.27744e+66 -6.27744e+66 -6.27744e+66 -6.27744e+66 -6.27744e+66 -6.27744e+66 
-6.27744e+66 155.741 158.224 188.03 217.835 356.926 505.952 654.978 776.683 876.034 1099.57 1198.92 1444.82 1623.65 1785.09 2411 2597.29 2954.95 3419.42 4537.11 5386.56 6181.37 6546.48 6983.63 8069.03 9142.02 9762.97 
-6.27744e+66 -6.27744e+66 155.741 170.643 190.513 294.832 414.053 538.241 642.56 729.492 928.193 1017.61 1241.15 1405.08 1554.1 2135.31 2309.17 2644.48 3081.62 4137.22 4941.97 5697.03 6044.76 6462.03 7500.25 8528.53 9124.64 
-6.27744e+66 -6.27744e+66 -6.27744e+66 155.741 165.676 235.221 324.637 423.988 510.92 585.433 759.297 838.778 1039.96 1188.99 1325.6 1862.09 2023.54 2336.49 2746.31 3739.82 4499.86 5215.18 5545.52 5942.93 6933.95 7917.52 8488.79 
-6.27744e+66 -6.27744e+66 -6.27744e+66 -6.27744e+66 155.741 190.513 250.124 324.637 394.183 456.277 605.303 674.849 853.68 987.804 1111.99 1603.78 1752.81 2043.41 2425.91 3357.32 4072.65 4748.23 5061.19 5438.72 6382.55 7321.42 7867.85 
-6.27744e+66 -6.27744e+66 -6.27744e+66 -6.27744e+66 -6.27744e+66 155.741 185.546 235.221 287.38 337.056 461.244 520.855 677.332 796.553 908.323 1355.4 1492.01 1760.26 2115.44 2984.76 3655.37 4291.22 4586.79 4944.45 5841.09 6735.25 7256.84 
-6.27744e+66 -6.27744e+66 -6.27744e+66 -6.27744e+66 -6.27744e+66 -6.27744e+66 155.741 180.578 215.351 252.608 351.958 401.634 535.758 640.076 739.427 1141.8 1265.99 1511.88 1839.74 2646.96 3272.87 3868.98 4147.16 4484.95 5334.4 6183.85 6680.61 
-6.27744e+66 -6.27744e+66 -6.27744e+66 -6.27744e+66 -6.27744e+66 -6.27744e+66 -6.27744e+66 155.741 173.127 197.965 272.478 312.218 423.988 513.404 600.336 957.999 1069.77 1293.31 1593.84 2338.97 2920.18 3476.54 3737.34 4055.26 4857.52 5662.26 6134.18 
-6.27744e+66 -6.27744e+66 -6.27744e+66 -6.27744e+66 -6.27744e+66 -6.27744e+66 -6.27744e+66 -6.27744e+66 155.741 168.159 217.835 247.64 337.056 411.569 486.082 799.037 898.388 1099.57 1372.79 2055.83 2592.32 3108.94 3352.35 3650.41 4405.47 5165.51 5612.58 
-6.27744e+66 -6.27744e+66 -6.27744e+66 -6.27744e+66 -6.27744e+66 -6.27744e+66 -6.27744e+66 -6.27744e+66 -6.27744e+66 155.741 180.578 200.448 267.51 327.121 389.215 657.462 744.394 923.226 1169.12 1790.06 2281.85 2758.73 2984.76 3262.94 3970.81 4686.14 5108.38 
-6.27744e+66 -6.27744e+66 -6.27744e+66 -6.27744e+66 -6.27744e+66 -6.27744e+66 -6.27744e+66 -6.27744e+66 -6.27744e+66 -6.27744e+66 155.741 165.676 210.384 255.091 304.767 528.306 602.819 759.297 977.869 1536.72 1983.8 2420.94 2629.58 2887.89 3548.57 4219.19 4616.59 
-6.27744e+66 -6.27744e+66 -6.27744e+66 -6.27744e+66 -6.27744e+66 -6.27744e+66 -6.27744e+66 -6.27744e+66 -6.27744e+66 -6.27744e+66 -6.27744e+66 155.741 178.095 207.9 245.156 423.988 486.082 620.206 811.456 1308.21 1710.58 2107.98 2299.23 2537.68 3151.17 3777.08 4149.64 
-6.27744e+66 -6.27744e+66 -6.27744e+66 -6.27744e+66 -6.27744e+66 -6.27744e+66 -6.27744e+66 -6.27744e+66 -6.27744e+66 -6.27744e+66 -6.27744e+66 -6.27744e+66 155.741 170.643 195.481 329.605 379.28 491.05 654.978 1089.64 1447.3 1804.96 1978.83 2197.4 2763.7 3344.9 3692.63 
-6.27744e+66 -6.27744e+66 -6.27744e+66 -6.27744e+66 -6.27744e+66 -6.27744e+66 -6.27744e+66 -6.27744e+66 -6.27744e+66 -6.27744e+66 -6.27744e+66 -6.27744e+66 -6.27744e+66 155.741 168.159 257.575 294.832 384.247 520.855 893.42 1206.38 1524.3 1680.78 1879.48 2398.59 2935.08 3257.97 
-6.27744e+66 -6.27744e+66 -6.27744e+66 -6.27744e+66 -6.27744e+66 -6.27744e+66 -6.27744e+66 -6.27744e+66 -6.27744e+66 -6.27744e+66 -6.27744e+66 -6.27744e+66 -6.27744e+66 -6.27744e+66 155.741 200.448 225.286 292.348 401.634 712.105 980.352 1258.53 1397.63 1576.46 2048.37 2540.16 2838.21 
-6.27744e+66 -6.27744e+66 -6.27744e+66 -6.27744e+66 -6.27744e+66 -6.27744e+66 -6.27744e+66 -6.27744e+66 -6.27744e+66 -6.27744e+66 -6.27744e+66 -6.27744e+66 -6.27744e+66 -6.27744e+66 -6.27744e+66 155.741 168.159 212.867 294.832 543.209 766.748 1005.19 1126.89 1285.86 1710.58 2157.66 2430.87 
-6.27744e+66 -6.27744e+66 -6.27744e+66 -6.27744e+66 -6.27744e+66 -6.27744e+66 -6.27744e+66 -6.27744e+66 -6.27744e+66 -6.27744e+66 -6.27744e+66 -6.27744e+66 -6.27744e+66 -6.27744e+66 -6.27744e+66 -6.27744e+66 155.741 178.095 232.737 419.02 597.852 796.553 900.872 1039.96 1417.5 1819.87 2068.24 
-6.27744e+66 -6.27744e+66 -6.27744e+66 -6.27744e+66 -6.27744e+66 -6.27744e+66 -6.27744e+66 -6.27744e+66 -6.27744e+66 -6.27744e+66 -6.27744e+66 -6.27744e+66 -6.27744e+66 -6.27744e+66 -6.27744e+66 -6.27744e+66 -6.27744e+66 155.741 183.062 307.251 441.374 600.336 687.268 806.488 1136.83 1494.49 1718.03 
-6.27744e+66 -6.27744e+66 -6.27744e+66 -6.27744e+66 -6.27744e+66 -6.27744e+66 -6.27744e+66 -6.27744e+66 -6.27744e+66 -6.27744e+66 -6.27744e+66 -6.27744e+66 -6.27744e+66 -6.27744e+66 -6.27744e+66 -6.27744e+66 -6.27744e+66 -6.27744e+66 155.741 217.835 307.251 426.472 496.017 595.368 878.518 1191.47 1390.17 
-6.27744e+66 -6.27744e+66 -6.27744e+66 -6.27744e+66 -6.27744e+66 -6.27744e+66 -6.27744e+66 -6.27744e+66 -6.27744e+66 -6.27744e+66 -6.27744e+66 -6.27744e+66 -6.27744e+66 -6.27744e+66 -6.27744e+66 -6.27744e+66 -6.27744e+66 -6.27744e+66 -6.27744e+66 155.741 200.448 279.929 332.088 411.569 647.527 915.774 1089.64 
-6.27744e+66 -6.27744e+66 -6.27744e+66 -6.27744e+66 -6.27744e+66 -6.27744e+66 -6.27744e+66 -6.27744e+66 -6.27744e+66 -6.27744e+66 -6.27744e+66 -6.27744e+66 -6.27744e+66 -6.27744e+66 -6.27744e+66 -6.27744e+66 -6.27744e+66 -6.27744e+66 -6.27744e+66 -6.27744e+66 155.741 195.481 230.254 289.864 478.631 702.17 851.196 
-6.27744e+66 -6.27744e+66 -6.27744e+66 -6.27744e+66 -6.27744e+66 -6.27744e+66 -6.27744e+66 -6.27744e+66 -6.27744e+66 -6.27744e+66 -6.27744e+66 -6.27744e+66 -6.27744e+66 -6.27744e+66 -6.27744e+66 -6.27744e+66 -6.27744e+66 -6.27744e+66 -6.27744e+66 -6.27744e+66 -6.27744e+66 155.741 173.127 212.867 354.442 533.274 657.462 
-6.27744e+66 -6.27744e+66 -6.27744e+66 -6.27744e+66 -6.27744e+66 -6.27744e+66 -6.27744e+66 -6.27744e+66 -6.27744e+66 -6.27744e+66 -6.27744e+66 -6.27744e+66 -6.27744e+66 -6.27744e+66 -6.27744e+66 -6.27744e+66 -6.27744e+66 -6.27744e+66 -6.27744e+66 -6.27744e+66 -6.27744e+66 -6.27744e+66 155.741 175.611 269.994 404.118 503.468 
-6.27744e+66 -6.27744e+66 -6.27744e+66 -6.27744e+66 -6.27744e+66 -6.27744e+66 -6.27744e+66 -6.27744e+66 -6.27744e+66 -6.27744e+66 -6.27744e+66 -6.27744e+66 -6.27744e+66 -6.27744e+66 -6.27744e+66 -6.27744e+66 -6.27744e+66 -6.27744e+66 -6.27744e+66 -6.27744e+66 -6.27744e+66 -6.27744e+66 -6.27744e+66 155.741 202.932 292.348 366.861 
-6.27744e+66 -6.27744e+66 -6.27744e+66 -6.27744e+66 -6.27744e+66 -6.27744e+66 -6.27744e+66 -6.27744e+66 -6.27744e+66 -6.27744e+66 -6.27744e+66 -6.27744e+66 -6.27744e+66 -6.27744e+66 -6.27744e+66 -6.27744e+66 -6.27744e+66 -6.27744e+66 -6.27744e+66 -6.27744e+66 -6.27744e+66 -6.27744e+66 -6.27744e+66 -6.27744e+66 155.741 200.448 250.124 
-6.27744e+66 -6.27744e+66 -6.27744e+66 -6.27744e+66 -6.27744e+66 -6.27744e+66 -6.27744e+66 -6.27744e+66 -6.27744e+66 -6.27744e+66 -6.27744e+66 -6.27744e+66 -6.27744e+66 -6.27744e+66 -6.27744e+66 -6.27744e+66 -6.27744e+66 -6.27744e+66 -6.27744e+66 -6.27744e+66 -6.27744e+66 -6.27744e+66 -6.27744e+66 -6.27744e+66 -6.27744e+66 155.741 180.578 
-6.27744e+66 -6.27744e+66 -6.27744e+66 -6.27744e+66 -6.27744e+66 -6.27744e+66 -6.27744e+66 -6.27744e+66 -6.27744e+66 -6.27744e+66 -6.27744e+66 -6.27744e+66 -6.27744e+66 -6.27744e+66 -6.27744e+66 -6.27744e+66 -6.27744e+66 -6.27744e+66 -6.27744e+66 -6.27744e+66 -6.27744e+66 -6.27744e+66 -6.27744e+66 -6.27744e+66 -6.27744e+66 -6.27744e+66 155.741 
-6.27744e+66 -6.27744e+66 -6.27744e+66 -6.27744e+66 -6.27744e+66 -6.27744e+66 -6.27744e+66 -6.27744e+66 -6.27744e+66 -6.27744e+66 -6.27744e+66 -6.27744e+66 -6.27744e+66 -6.27744e+66 -6.27744e+66 -6.27744e+66 -6.27744e+66 -6.27744e+66 -6.27744e+66 -6.27744e+66 -6.27744e+66 -6.27744e+66 -6.27744e+66 -6.27744e+66 -6.27744e+66 -6.27744e+66 -6.27744e+66 
-6.27744e+66 137.872 145.238 211.537 344.136 366.235 467.525 622.223 725.355 828.487 1027.38 1027.38 1392.03 1414.13 2108.43 2520.95 3045.82 3694.08 3975.85 4075.3 4460.2 5675.69 6023.76 7158.21 7370 7546.79 8329.49 
-6.27744e+66 -6.27744e+66 137.872 171.021 259.42 275.995 357.027 485.942 574.341 664.581 841.379 841.379 1172.87 1193.13 1834.02 2217.08 2706.96 3314.7 3579.9 3673.82 4038.47 5193.18 5524.67 6607.56 6810.14 6979.57 7730.96 
-6.27744e+66 -6.27744e+66 -6.27744e+66 137.872 182.071 193.121 253.895 357.027 430.693 508.042 662.739 662.739 961.085 979.502 1566.98 1920.58 2375.47 2942.69 3191.31 3279.71 3624.1 4718.03 5032.95 6064.27 6257.64 6419.71 7139.79 
-6.27744e+66 -6.27744e+66 -6.27744e+66 -6.27744e+66 137.872 143.397 183.913 261.262 320.194 384.652 517.25 517.25 782.446 799.021 1333.1 1657.23 2077.12 2603.83 2835.88 2918.75 3242.88 4276.04 4574.38 5554.14 5738.3 5893 6581.77 
-6.27744e+66 -6.27744e+66 -6.27744e+66 -6.27744e+66 -6.27744e+66 137.872 158.13 209.696 253.895 305.461 415.959 415.959 648.006 662.739 1143.41 1438.07 1822.97 2309.17 2524.64 2601.99 2905.86 3878.24 4160.02 5088.2 5263.16 5410.49 6067.96 
-6.27744e+66 -6.27744e+66 -6.27744e+66 -6.27744e+66 -6.27744e+66 -6.27744e+66 137.872 163.655 193.121 231.795 320.194 320.194 519.091 531.983 959.244 1224.44 1574.35 2020.03 2218.93 2290.75 2574.36 3485.97 3751.17 4627.79 4793.54 4933.5 5559.66 
-6.27744e+66 -6.27744e+66 -6.27744e+66 -6.27744e+66 -6.27744e+66 -6.27744e+66 -6.27744e+66 137.872 152.605 178.388 244.687 244.687 410.435 421.484 795.338 1031.07 1345.99 1751.15 1933.47 1999.77 2263.13 3113.96 3362.58 4187.64 4344.18 4476.78 5071.63 
-6.27744e+66 -6.27744e+66 -6.27744e+66 -6.27744e+66 -6.27744e+66 -6.27744e+66 -6.27744e+66 -6.27744e+66 137.872 150.763 194.963 194.963 327.561 336.769 657.214 863.478 1143.41 1508.05 1673.8 1734.57 1977.67 2767.73 2999.78 3773.27 3920.6 4045.83 4609.38 
-6.27744e+66 -6.27744e+66 -6.27744e+66 -6.27744e+66 -6.27744e+66 -6.27744e+66 -6.27744e+66 -6.27744e+66 -6.27744e+66 137.872 159.971 159.971 259.42 266.787 533.825 710.622 955.56 1279.69 1428.86 1484.11 1706.95 2436.24 2651.71 3373.63 3511.76 3629.62 4161.86 
-6.27744e+66 -6.27744e+66 -6.27744e+66 -6.27744e+66 -6.27744e+66 -6.27744e+66 -6.27744e+66 -6.27744e+66 -6.27744e+66 -6.27744e+66 137.872 137.872 204.171 209.696 423.326 570.657 780.604 1064.22 1196.82 1246.54 1449.12 2117.64 2316.53 2986.89 3115.8 3226.3 3727.23 
-6.27744e+66 -6.27744e+66 -6.27744e+66 -6.27744e+66 -6.27744e+66 -6.27744e+66 -6.27744e+66 -6.27744e+66 -6.27744e+66 -6.27744e+66 -6.27744e+66 137.872 171.021 174.705 334.927 452.792 627.748 870.845 986.868 1031.07 1213.39 1821.13 2003.45 2622.25 2741.95 2845.08 3314.7 
-6.27744e+66 -6.27744e+66 -6.27744e+66 -6.27744e+66 -6.27744e+66 -6.27744e+66 -6.27744e+66 -6.27744e+66 -6.27744e+66 -6.27744e+66 -6.27744e+66 -6.27744e+66 137.872 139.713 246.529 334.927 474.892 677.472 776.921 815.596 977.66 1524.63 1690.37 2257.6 2368.1 2463.86 2902.17 
-6.27744e+66 -6.27744e+66 -6.27744e+66 -6.27744e+66 -6.27744e+66 -6.27744e+66 -6.27744e+66 -6.27744e+66 -6.27744e+66 -6.27744e+66 -6.27744e+66 -6.27744e+66 -6.27744e+66 137.872 191.279 250.212 355.185 517.25 600.124 633.273 775.079 1261.27 1410.45 1926.1 2027.4 2115.79 2522.8 
-6.27744e+66 -6.27744e+66 -6.27744e+66 -6.27744e+66 -6.27744e+66 -6.27744e+66 -6.27744e+66 -6.27744e+66 -6.27744e+66 -6.27744e+66 -6.27744e+66 -6.27744e+66 -6.27744e+66 -6.27744e+66 137.872 167.338 237.32 358.869 425.168 452.792 574.341 999.76 1132.36 1596.45 1688.53 1769.57 2145.26 
-6.27744e+66 -6.27744e+66 -6.27744e+66 -6.27744e+66 -6.27744e+66 -6.27744e+66 -6.27744e+66 -6.27744e+66 -6.27744e+66 -6.27744e+66 -6.27744e+66 -6.27744e+66 -6.27744e+66 -6.27744e+66 -6.27744e+66 137.872 172.863 253.895 303.619 325.719 427.009 791.654 907.678 1320.21 1403.08 1476.74 1821.13 
-6.27744e+66 -6.27744e+66 -6.27744e+66 -6.27744e+66 -6.27744e+66 -6.27744e+66 -6.27744e+66 -6.27744e+66 -6.27744e+66 -6.27744e+66 -6.27744e+66 -6.27744e+66 -6.27744e+66 -6.27744e+66 -6.27744e+66 -6.27744e+66 137.872 178.388 211.537 228.112 309.144 613.015 712.464 1073.43 1147.09 1213.39 1526.47 
-6.27744e+66 -6.27744e+66 -6.27744e+66 -6.27744e+66 -6.27744e+66 -6.27744e+66 -6.27744e+66 -6.27744e+66 -6.27744e+66 -6.27744e+66 -6.27744e+66 -6.27744e+66 -6.27744e+66 -6.27744e+66 -6.27744e+66 -6.27744e+66 -6.27744e+66 137.872 154.447 165.496 226.27 469.367 552.241 861.637 926.094 985.027 1266.8 
-6.27744e+66 -6.27744e+66 -6.27744e+66 -6.27744e+66 -6.27744e+66 -6.27744e+66 -6.27744e+66 -6.27744e+66 -6.27744e+66 -6.27744e+66 -6.27744e+66 -6.27744e+66 -6.27744e+66 -6.27744e+66 -6.27744e+66 -6.27744e+66 -6.27744e+66 -6.27744e+66 137.872 143.397 183.913 366.235 432.534 690.364 745.613 797.179 1047.64 
-6.27744e+66 -6.27744e+66 -6.27744e+66 -6.27744e+66 -6.27744e+66 -6.27744e+66 -6.27744e+66 -6.27744e+66 -6.27744e+66 -6.27744e+66 -6.27744e+66 -6.27744e+66 -6.27744e+66 -6.27744e+66 -6.27744e+66 -6.27744e+66 -6.27744e+66 -6.27744e+66 -6.27744e+66 137.872 158.13 279.678 329.402 535.666 581.707 625.907 845.062 
-6.27744e+66 -6.27744e+66 -6.27744e+66 -6.27744e+66 -6.27744e+66 -6.27744e+66 -6.27744e+66 -6.27744e+66 -6.27744e+66 -6.27744e+66 -6.27744e+66 -6.27744e+66 -6.27744e+66 -6.27744e+66 -6.27744e+66 -6.27744e+66 -6.27744e+66 -6.27744e+66 -6.27744e+66 -6.27744e+66 137.872 198.646 231.795 386.493 423.326 460.159 648.006 
-6.27744e+66 -6.27744e+66 -6.27744e+66 -6.27744e+66 -6.27744e+66 -6.27744e+66 -6.27744e+66 -6.27744e+66 -6.27744e+66 -6.27744e+66 -6.27744e+66 -6.27744e+66 -6.27744e+66 -6.27744e+66 -6.27744e+66 -6.27744e+66 -6.27744e+66 -6.27744e+66 -6.27744e+66 -6.27744e+66 -6.27744e+66 137.872 154.447 257.578 285.203 314.669 471.209 
-6.27744e+66 -6.27744e+66 -6.27744e+66 -6.27744e+66 -6.27744e+66 -6.27744e+66 -6.27744e+66 -6.27744e+66 -6.27744e+66 -6.27744e+66 -6.27744e+66 -6.27744e+66 -6.27744e+66 -6.27744e+66 -6.27744e+66 -6.27744e+66 -6.27744e+66 -6.27744e+66 -6.27744e+66 -6.27744e+66 -6.27744e+66 -6.27744e+66 137.872 189.438 207.854 229.954 355.185 
-6.27744e+66 -6.27744e+66 -6.27744e+66 -6.27744e+66 -6.27744e+66 -6.27744e+66 -6.27744e+66 -6.27744e+66 -6.27744e+66 -6.27744e+66 -6.27744e+66 -6.27744e+66 -6.27744e+66 -6.27744e+66 -6.27744e+66 -6.27744e+66 -6.27744e+66 -6.27744e+66 -6.27744e+66 -6.27744e+66 -6.27744e+66 -6.27744e+66 -6.27744e+66 137.872 147.08 161.813 255.737 
-6.27744e+66 -6.27744e+66 -6.27744e+66 -6.27744e+66 -6.27744e+66 -6.27744e+66 -6.27744e+66 -6.27744e+66 -6.27744e+66 -6.27744e+66 -6.27744e+66 -6.27744e+66 -6.27744e+66 -6.27744e+66 -6.27744e+66 -6.27744e+66 -6.27744e+66 -6.27744e+66 -6.27744e+66 -6.27744e+66 -6.27744e+66 -6.27744e+66 -6.27744e+66 -6.27744e+66 137.872 145.238 207.854 
-6.27744e+66 -6.27744e+66 -6.27744e+66 -6.27744e+66 -6.27744e+66 -6.27744e+66 -6.27744e+66 -6.27744e+66 -6.27744e+66 -6.27744e+66 -6.27744e+66 -6.27744e+66 -6.27744e+66 -6.27744e+66 -6.27744e+66 -6.27744e+66 -6.27744e+66 -6.27744e+66 -6.27744e+66 -6.27744e+66 -6.27744e+66 -6.27744e+66 -6.27744e+66 -6.27744e+66 -6.27744e+66 137.872 169.18 
-6.27744e+66 -6.27744e+66 -6.27744e+66 -6.27744e+66 -6.27744e+66 -6.27744e+66 -6.27744e+66 -6.27744e+66 -6.27744e+66 -6.27744e+66 -6.27744e+66 -6.27744e+66 -6.27744e+66 -6.27744e+66 -6.27744e+66 -6.27744e+66 -6.27744e+66 -6.27744e+66 -6.27744e+66 -6.27744e+66 -6.27744e+66 -6.27744e+66 -6.27744e+66 -6.27744e+66 -6.27744e+66 -6.27744e+66 137.872 
-6.27744e+66 -6.27744e+66 -6.27744e+66 -6.27744e+66 -6.27744e+66 -6.27744e+66 -6.27744e+66 -6.27744e+66 -6.27744e+66 -6.27744e+66 -6.27744e+66 -6.27744e+66 -6.27744e+66 -6.27744e+66 -6.27744e+66 -6.27744e+66 -6.27744e+66 -6.27744e+66 -6.27744e+66 -6.27744e+66 -6.27744e+66 -6.27744e+66 -6.27744e+66 -6.27744e+66 -6.27744e+66 -6.27744e+66 -6.27744e+66 
-6.27744e+66 112.877 114.594 155.801 181.555 222.761 334.363 602.205 806.521 820.257 1005.69 1160.21 1651.26 1939.7 2095.94 2240.17 2240.17 2844.53 2961.28 3208.52 3828.34 4206.07 4242.12 4242.12 5268.85 6092.98 7080.22 
-6.27744e+66 -6.27744e+66 112.877 133.48 150.65 181.555 270.836 494.038 669.166 681.185 846.011 985.083 1431.49 1695.9 1840.12 1974.04 1974.04 2540.63 2650.52 2884.02 3471.21 3830.05 3864.39 3864.39 4846.48 5636.28 6584.03 
-6.27744e+66 -6.27744e+66 -6.27744e+66 112.877 121.462 142.065 209.026 387.588 533.528 543.829 688.052 811.672 1213.44 1453.81 1586.01 1709.63 1709.63 2238.45 2341.47 2561.24 3115.81 3455.76 3488.38 3488.38 4425.83 5181.29 6089.55 
-6.27744e+66 -6.27744e+66 -6.27744e+66 -6.27744e+66 112.877 123.179 167.819 301.741 418.493 427.077 550.697 658.864 1015.99 1232.32 1352.51 1465.83 1465.83 1956.87 2053.02 2259.05 2781 3102.07 3132.98 3132.98 4025.79 4746.9 5615.67 
-6.27744e+66 -6.27744e+66 -6.27744e+66 -6.27744e+66 -6.27744e+66 112.877 135.197 224.478 312.042 318.91 421.927 514.641 827.125 1019.42 1127.59 1230.61 1230.61 1683.88 1773.16 1965.46 2454.78 2756.97 2786.15 2786.15 3634.32 4321.1 5150.38 
-6.27744e+66 -6.27744e+66 -6.27744e+66 -6.27744e+66 -6.27744e+66 -6.27744e+66 112.877 157.518 215.894 221.044 303.458 380.72 648.563 816.823 912.972 1005.69 1005.69 1421.19 1503.6 1682.16 2138.87 2422.16 2449.63 2449.63 3253.16 3905.6 4695.39 
-6.27744e+66 -6.27744e+66 -6.27744e+66 -6.27744e+66 -6.27744e+66 -6.27744e+66 -6.27744e+66 112.877 142.065 145.499 207.309 269.119 492.321 636.544 720.674 803.087 803.087 1180.81 1256.36 1421.19 1845.27 2109.68 2135.43 2135.43 2894.32 3512.42 4262.72 
-6.27744e+66 -6.27744e+66 -6.27744e+66 -6.27744e+66 -6.27744e+66 -6.27744e+66 -6.27744e+66 -6.27744e+66 112.877 114.594 155.801 202.158 380.72 500.906 573.017 645.129 645.129 985.083 1053.76 1204.85 1596.31 1841.84 1865.87 1865.87 2580.12 3163.88 3874.7 
-6.27744e+66 -6.27744e+66 -6.27744e+66 -6.27744e+66 -6.27744e+66 -6.27744e+66 -6.27744e+66 -6.27744e+66 -6.27744e+66 112.877 133.48 164.385 298.307 394.455 454.548 516.358 516.358 818.54 880.35 1017.71 1376.55 1603.18 1625.5 1625.5 2295.11 2844.53 3515.85 
-6.27744e+66 -6.27744e+66 -6.27744e+66 -6.27744e+66 -6.27744e+66 -6.27744e+66 -6.27744e+66 -6.27744e+66 -6.27744e+66 -6.27744e+66 112.877 128.33 217.611 289.722 337.796 389.305 389.305 653.714 708.656 832.275 1158.49 1366.24 1386.85 1386.85 2011.81 2526.9 3158.73 
-6.27744e+66 -6.27744e+66 -6.27744e+66 -6.27744e+66 -6.27744e+66 -6.27744e+66 -6.27744e+66 -6.27744e+66 -6.27744e+66 -6.27744e+66 -6.27744e+66 112.877 157.518 205.592 241.648 282.854 282.854 509.491 557.565 667.449 961.046 1149.91 1168.8 1168.8 1749.12 2229.87 2822.21 
-6.27744e+66 -6.27744e+66 -6.27744e+66 -6.27744e+66 -6.27744e+66 -6.27744e+66 -6.27744e+66 -6.27744e+66 -6.27744e+66 -6.27744e+66 -6.27744e+66 -6.27744e+66 112.877 136.914 160.951 191.856 191.856 380.72 421.927 518.075 779.05 949.027 966.197 966.197 1501.88 1948.29 2501.14 
-6.27744e+66 -6.27744e+66 -6.27744e+66 -6.27744e+66 -6.27744e+66 -6.27744e+66 -6.27744e+66 -6.27744e+66 -6.27744e+66 -6.27744e+66 -6.27744e+66 -6.27744e+66 -6.27744e+66 112.877 124.896 145.499 145.499 296.59 330.929 413.342 641.695 792.786 808.238 808.238 1299.28 1711.35 2224.71 
-6.27744e+66 -6.27744e+66 -6.27744e+66 -6.27744e+66 -6.27744e+66 -6.27744e+66 -6.27744e+66 -6.27744e+66 -6.27744e+66 -6.27744e+66 -6.27744e+66 -6.27744e+66 -6.27744e+66 -6.27744e+66 112.877 123.179 123.179 236.497 263.968 332.646 528.377 660.581 674.317 674.317 1120.72 1498.45 1972.32 
-6.27744e+66 -6.27744e+66 -6.27744e+66 -6.27744e+66 -6.27744e+66 -6.27744e+66 -6.27744e+66 -6.27744e+66 -6.27744e+66 -6.27744e+66 -6.27744e+66 -6.27744e+66 -6.27744e+66 -6.27744e+66 -6.27744e+66 112.877 112.877 188.423 209.026 263.968 427.077 540.395 552.414 552.414 954.178 1297.57 1731.95 
-6.27744e+66 -6.27744e+66 -6.27744e+66 -6.27744e+66 -6.27744e+66 -6.27744e+66 -6.27744e+66 -6.27744e+66 -6.27744e+66 -6.27744e+66 -6.27744e+66 -6.27744e+66 -6.27744e+66 -6.27744e+66 -6.27744e+66 -6.27744e+66 112.877 150.65 164.385 205.592 336.079 430.511 440.813 440.813 797.937 1106.99 1501.88 
-6.27744e+66 -6.27744e+66 -6.27744e+66 -6.27744e+66 -6.27744e+66 -6.27744e+66 -6.27744e+66 -6.27744e+66 -6.27744e+66 -6.27744e+66 -6.27744e+66 -6.27744e+66 -6.27744e+66 -6.27744e+66 -6.27744e+66 -6.27744e+66 -6.27744e+66 112.877 119.745 147.216 245.082 320.627 329.212 329.212 641.695 916.406 1271.81 
-6.27744e+66 -6.27744e+66 -6.27744e+66 -6.27744e+66 -6.27744e+66 -6.27744e+66 -6.27744e+66 -6.27744e+66 -6.27744e+66 -6.27744e+66 -6.27744e+66 -6.27744e+66 -6.27744e+66 -6.27744e+66 -6.27744e+66 -6.27744e+66 -6.27744e+66 -6.27744e+66 112.877 126.613 191.856 248.515 255.383 255.383 523.226 763.598 1079.52 
-6.27744e+66 -6.27744e+66 -6.27744e+66 -6.27744e+66 -6.27744e+66 -6.27744e+66 -6.27744e+66 -6.27744e+66 -6.27744e+66 -6.27744e+66 -6.27744e+66 -6.27744e+66 -6.27744e+66 -6.27744e+66 -6.27744e+66 -6.27744e+66 -6.27744e+66 -6.27744e+66 -6.27744e+66 112.877 145.499 183.272 188.423 188.423 411.625 617.658 894.085 
-6.27744e+66 -6.27744e+66 -6.27744e+66 -6.27744e+66 -6.27744e+66 -6.27744e+66 -6.27744e+66 -6.27744e+66 -6.27744e+66 -6.27744e+66 -6.27744e+66 -6.27744e+66 -6.27744e+66 -6.27744e+66 -6.27744e+66 -6.27744e+66 -6.27744e+66 -6.27744e+66 -6.27744e+66 -6.27744e+66 112.877 131.763 135.197 135.197 313.759 485.453 722.391 
-6.27744e+66 -6.27744e+66 -6.27744e+66 -6.27744e+66 -6.27744e+66 -6.27744e+66 -6.27744e+66 -6.27744e+66 -6.27744e+66 -6.27744e+66 -6.27744e+66 -6.27744e+66 -6.27744e+66 -6.27744e+66 -6.27744e+66 -6.27744e+66 -6.27744e+66 -6.27744e+66 -6.27744e+66 -6.27744e+66 -6.27744e+66 112.877 114.594 114.594 248.515 385.871 583.319 
-6.27744e+66 -6.27744e+66 -6.27744e+66 -6.27744e+66 -6.27744e+66 -6.27744e+66 -6.27744e+66 -6.27744e+66 -6.27744e+66 -6.27744e+66 -6.27744e+66 -6.27744e+66 -6.27744e+66 -6.27744e+66 -6.27744e+66 -6.27744e+66 -6.27744e+66 -6.27744e+66 -6.27744e+66 -6.27744e+66 -6.27744e+66 -6.27744e+66 112.877 112.877 202.158 305.175 463.133 
-6.27744e+66 -6.27744e+66 -6.27744e+66 -6.27744e+66 -6.27744e+66 -6.27744e+66 -6.27744e+66 -6.27744e+66 -6.27744e+66 -6.27744e+66 -6.27744e+66 -6.27744e+66 -6.27744e+66 -6.27744e+66 -6.27744e+66 -6.27744e+66 -6.27744e+66 -6.27744e+66 -6.27744e+66 -6.27744e+66 -6.27744e+66 -6.27744e+66 -6.27744e+66 112.877 157.518 226.195 344.664 
-6.27744e+66 -6.27744e+66 -6.27744e+66 -6.27744e+66 -6.27744e+66 -6.27744e+66 -6.27744e+66 -6.27744e+66 -6.27744e+66 -6.27744e+66 -6.27744e+66 -6.27744e+66 -6.27744e+66 -6.27744e+66 -6.27744e+66 -6.27744e+66 -6.27744e+66 -6.27744e+66 -6.27744e+66 -6.27744e+66 -6.27744e+66 -6.27744e+66 -6.27744e+66 -6.27744e+66 112.877 147.216 226.195 
-6.27744e+66 -6.27744e+66 -6.27744e+66 -6.27744e+66 -6.27744e+66 -6.27744e+66 -6.27744e+66 -6.27744e+66 -6.27744e+66 -6.27744e+66 -6.27744e+66 -6.27744e+66 -6.27744e+66 -6.27744e+66 -6.27744e+66 -6.27744e+66 -6.27744e+66 -6.27744e+66 -6.27744e+66 -6.27744e+66 -6.27744e+66 -6.27744e+66 -6.27744e+66 -6.27744e+66 -6.27744e+66 112.877 152.367 
-6.27744e+66 -6.27744e+66 -6.27744e+66 -6.27744e+66 -6.27744e+66 -6.27744e+66 -6.27744e+66 -6.27744e+66 -6.27744e+66 -6.27744e+66 -6.27744e+66 -6.27744e+66 -6.27744e+66 -6.27744e+66 -6.27744e+66 -6.27744e+66 -6.27744e+66 -6.27744e+66 -6.27744e+66 -6.27744e+66 -6.27744e+66 -6.27744e+66 -6.27744e+66 -6.27744e+66 -6.27744e+66 -6.27744e+66 112.877 
-6.27744e+66 -6.27744e+66 -6.27744e+66 -6.27744e+66 -6.27744e+66 -6.27744e+66 -6.27744e+66 -6.27744e+66 -6.27744e+66 -6.27744e+66 -6.27744e+66 -6.27744e+66 -6.27744e+66 -6.27744e+66 -6.27744e+66 -6.27744e+66 -6.27744e+66 -6.27744e+66 -6.27744e+66 -6.27744e+66 -6.27744e+66 -6.27744e+66 -6.27744e+66 -6.27744e+66 -6.27744e+66 -6.27744e+66 -6.27744e+66 
