26 10
-6.27744e+66 82.844 92.7019 226.768 427.868 451.527 668.4 904.988 1319.02 1776.42 1989.35 2521.67 2868.67 3128.92 3410.85 4183.71 5218.78 5660.41 5693.93 6581.13 7592.55 7789.7 7913.91 8998.27 10222.6 10695.8 10794.4 
-6.27744e+66 -6.27744e+66 82.844 149.877 283.944 301.688 475.186 672.343 1027.23 1427.45 1616.72 2095.81 2411.27 2649.83 2910.07 3627.72 4593.79 5007.82 5039.37 5877.28 6835.46 7022.76 7141.06 8176.13 9347.24 9800.7 9895.34 
-6.27744e+66 -6.27744e+66 -6.27744e+66 82.844 149.877 161.707 291.83 449.556 745.291 1088.34 1253.96 1679.81 1963.72 2180.59 2419.15 3081.6 3978.66 4365.09 4394.66 5183.29 6088.24 6265.68 6378.06 7363.84 8481.72 8915.47 9006.16 
-6.27744e+66 -6.27744e+66 -6.27744e+66 -6.27744e+66 82.844 88.7587 175.508 293.802 530.39 816.267 958.22 1330.85 1583.21 1778.39 1995.26 2602.51 3430.57 3789.39 3816.99 4556.33 5408.05 5575.63 5682.1 6618.59 7683.24 8097.27 8184.02 
-6.27744e+66 -6.27744e+66 -6.27744e+66 -6.27744e+66 -6.27744e+66 82.844 126.219 205.081 382.522 611.224 729.518 1048.91 1269.73 1443.23 1638.41 2190.45 2949.5 3280.73 3306.36 3996.41 4794.89 4952.62 5053.17 5940.37 6951.79 7346.1 7428.91 
-6.27744e+66 -6.27744e+66 -6.27744e+66 -6.27744e+66 -6.27744e+66 -6.27744e+66 82.844 122.275 240.569 412.096 506.731 772.893 962.163 1113.97 1287.47 1784.31 2474.36 2777.98 2801.64 3442.4 4187.65 4335.52 4430.15 5268.07 6226.25 6600.85 6679.71 
-6.27744e+66 -6.27744e+66 -6.27744e+66 -6.27744e+66 -6.27744e+66 -6.27744e+66 -6.27744e+66 82.844 141.991 256.342 327.318 540.248 697.973 828.097 979.907 1421.54 2042.58 2318.6 2340.29 2931.76 3623.78 3761.79 3850.51 4639.14 5544.09 5898.97 5973.89 
-6.27744e+66 -6.27744e+66 -6.27744e+66 -6.27744e+66 -6.27744e+66 -6.27744e+66 -6.27744e+66 -6.27744e+66 82.844 140.019 187.337 347.034 473.214 581.651 711.774 1098.2 1650.24 1898.66 1918.37 2460.55 3099.34 3227.49 3310.3 4049.64 4901.36 5236.52 5307.5 
-6.27744e+66 -6.27744e+66 -6.27744e+66 -6.27744e+66 -6.27744e+66 -6.27744e+66 -6.27744e+66 -6.27744e+66 -6.27744e+66 82.844 106.503 212.968 307.603 394.352 502.788 834.011 1317.05 1537.86 1555.61 2048.5 2634.05 2752.35 2829.24 3519.29 4317.77 4633.22 4700.26 
-6.27744e+66 -6.27744e+66 -6.27744e+66 -6.27744e+66 -6.27744e+66 -6.27744e+66 -6.27744e+66 -6.27744e+66 -6.27744e+66 -6.27744e+66 82.844 136.076 199.167 264.228 350.977 626.997 1041.03 1234.24 1250.01 1693.61 2225.94 2334.37 2405.35 3046.11 3791.36 4087.1 4150.19 
-6.27744e+66 -6.27744e+66 -6.27744e+66 -6.27744e+66 -6.27744e+66 -6.27744e+66 -6.27744e+66 -6.27744e+66 -6.27744e+66 -6.27744e+66 -6.27744e+66 82.844 114.389 157.764 222.825 443.641 788.665 954.277 968.078 1362.39 1841.48 1940.06 2005.12 2596.59 3288.61 3564.63 3623.78 
-6.27744e+66 -6.27744e+66 -6.27744e+66 -6.27744e+66 -6.27744e+66 -6.27744e+66 -6.27744e+66 -6.27744e+66 -6.27744e+66 -6.27744e+66 -6.27744e+66 -6.27744e+66 82.844 104.531 147.906 313.517 589.537 727.547 739.376 1084.4 1510.26 1598.98 1658.13 2200.31 2839.1 3095.4 3150.6 
-6.27744e+66 -6.27744e+66 -6.27744e+66 -6.27744e+66 -6.27744e+66 -6.27744e+66 -6.27744e+66 -6.27744e+66 -6.27744e+66 -6.27744e+66 -6.27744e+66 -6.27744e+66 -6.27744e+66 82.844 104.531 214.939 421.954 532.362 542.219 837.955 1210.58 1289.44 1342.68 1835.57 2421.12 2657.71 2708.97 
-6.27744e+66 -6.27744e+66 -6.27744e+66 -6.27744e+66 -6.27744e+66 -6.27744e+66 -6.27744e+66 -6.27744e+66 -6.27744e+66 -6.27744e+66 -6.27744e+66 -6.27744e+66 -6.27744e+66 -6.27744e+66 82.844 138.048 276.058 358.864 366.75 613.196 932.59 1001.59 1048.91 1492.52 2024.84 2241.71 2289.03 
-6.27744e+66 -6.27744e+66 -6.27744e+66 -6.27744e+66 -6.27744e+66 -6.27744e+66 -6.27744e+66 -6.27744e+66 -6.27744e+66 -6.27744e+66 -6.27744e+66 -6.27744e+66 -6.27744e+66 -6.27744e+66 -6.27744e+66 82.844 151.849 207.053 212.968 410.124 676.286 735.433 776.836 1171.15 1650.24 1847.4 1890.77 
-6.27744e+66 -6.27744e+66 -6.27744e+66 -6.27744e+66 -6.27744e+66 -6.27744e+66 -6.27744e+66 -6.27744e+66 -6.27744e+66 -6.27744e+66 -6.27744e+66 -6.27744e+66 -6.27744e+66 -6.27744e+66 -6.27744e+66 -6.27744e+66 82.844 110.446 114.389 262.257 475.186 524.475 559.963 904.988 1330.85 1508.29 1547.72 
-6.27744e+66 -6.27744e+66 -6.27744e+66 -6.27744e+66 -6.27744e+66 -6.27744e+66 -6.27744e+66 -6.27744e+66 -6.27744e+66 -6.27744e+66 -6.27744e+66 -6.27744e+66 -6.27744e+66 -6.27744e+66 -6.27744e+66 -6.27744e+66 -6.27744e+66 82.844 84.8156 183.394 343.091 382.522 412.096 707.831 1080.46 1238.18 1273.67 
-6.27744e+66 -6.27744e+66 -6.27744e+66 -6.27744e+66 -6.27744e+66 -6.27744e+66 -6.27744e+66 -6.27744e+66 -6.27744e+66 -6.27744e+66 -6.27744e+66 -6.27744e+66 -6.27744e+66 -6.27744e+66 -6.27744e+66 -6.27744e+66 -6.27744e+66 -6.27744e+66 82.844 132.133 238.598 268.171 291.83 538.276 857.67 995.68 1027.23 
-6.27744e+66 -6.27744e+66 -6.27744e+66 -6.27744e+66 -6.27744e+66 -6.27744e+66 -6.27744e+66 -6.27744e+66 -6.27744e+66 -6.27744e+66 -6.27744e+66 -6.27744e+66 -6.27744e+66 -6.27744e+66 -6.27744e+66 -6.27744e+66 -6.27744e+66 -6.27744e+66 -6.27744e+66 82.844 136.076 155.792 173.536 370.693 636.855 755.149 782.751 
-6.27744e+66 -6.27744e+66 -6.27744e+66 -6.27744e+66 -6.27744e+66 -6.27744e+66 -6.27744e+66 -6.27744e+66 -6.27744e+66 -6.27744e+66 -6.27744e+66 -6.27744e+66 -6.27744e+66 -6.27744e+66 -6.27744e+66 -6.27744e+66 -6.27744e+66 -6.27744e+66 -6.27744e+66 -6.27744e+66 82.844 92.7019 104.531 252.399 465.328 563.907 587.565 
-6.27744e+66 -6.27744e+66 -6.27744e+66 -6.27744e+66 -6.27744e+66 -6.27744e+66 -6.27744e+66 -6.27744e+66 -6.27744e+66 -6.27744e+66 -6.27744e+66 -6.27744e+66 -6.27744e+66 -6.27744e+66 -6.27744e+66 -6.27744e+66 -6.27744e+66 -6.27744e+66 -6.27744e+66 -6.27744e+66 -6.27744e+66 82.844 88.7587 187.337 347.034 425.897 445.613 
-6.27744e+66 -6.27744e+66 -6.27744e+66 -6.27744e+66 -6.27744e+66 -6.27744e+66 -6.27744e+66 -6.27744e+66 -6.27744e+66 -6.27744e+66 -6.27744e+66 -6.27744e+66 -6.27744e+66 -6.27744e+66 -6.27744e+66 -6.27744e+66 -6.27744e+66 -6.27744e+66 -6.27744e+66 -6.27744e+66 -6.27744e+66 -6.27744e+66 82.844 132.133 238.598 297.745 313.517 
-6.27744e+66 -6.27744e+66 -6.27744e+66 -6.27744e+66 -6.27744e+66 -6.27744e+66 -6.27744e+66 -6.27744e+66 -6.27744e+66 -6.27744e+66 -6.27744e+66 -6.27744e+66 -6.27744e+66 -6.27744e+66 -6.27744e+66 -6.27744e+66 -6.27744e+66 -6.27744e+66 -6.27744e+66 -6.27744e+66 -6.27744e+66 -6.27744e+66 -6.27744e+66 82.844 136.076 175.508 187.337 
-6.27744e+66 -6.27744e+66 -6.27744e+66 -6.27744e+66 -6.27744e+66 -6.27744e+66 -6.27744e+66 -6.27744e+66 -6.27744e+66 -6.27744e+66 -6.27744e+66 -6.27744e+66 -6.27744e+66 -6.27744e+66 -6.27744e+66 -6.27744e+66 -6.27744e+66 -6.27744e+66 -6.27744e+66 -6.27744e+66 -6.27744e+66 -6.27744e+66 -6.27744e+66 -6.27744e+66 82.844 102.56 110.446 
-6.27744e+66 -6.27744e+66 -6.27744e+66 -6.27744e+66 -6.27744e+66 -6.27744e+66 -6.27744e+66 -6.27744e+66 -6.27744e+66 -6.27744e+66 -6.27744e+66 -6.27744e+66 -6.27744e+66 -6.27744e+66 -6.27744e+66 -6.27744e+66 -6.27744e+66 -6.27744e+66 -6.27744e+66 -6.27744e+66 -6.27744e+66 -6.27744e+66 -6.27744e+66 -6.27744e+66 -6.27744e+66 82.844 86.7872 
-6.27744e+66 -6.27744e+66 -6.27744e+66 -6.27744e+66 -6.27744e+66 -6.27744e+66 -6.27744e+66 -6.27744e+66 -6.27744e+66 -6.27744e+66 -6.27744e+66 -6.27744e+66 -6.27744e+66 -6.27744e+66 -6.27744e+66 -6.27744e+66 -6.27744e+66 -6.27744e+66 -6.27744e+66 -6.27744e+66 -6.27744e+66 -6.27744e+66 -6.27744e+66 -6.27744e+66 -6.27744e+66 -6.27744e+66 82.844 
-6.27744e+66 -6.27744e+66 -6.27744e+66 -6.27744e+66 -6.27744e+66 -6.27744e+66 -6.27744e+66 -6.27744e+66 -6.27744e+66 -6.27744e+66 -6.27744e+66 -6.27744e+66 -6.27744e+66 -6.27744e+66 -6.27744e+66 -6.27744e+66 -6.27744e+66 -6.27744e+66 -6.27744e+66 -6.27744e+66 -6.27744e+66 -6.27744e+66 -6.27744e+66 -6.27744e+66 -6.27744e+66 -6.27744e+66 -6.27744e+66 
-6.27744e+66 294.247 376.511 580.383 859.365 1009.59 1072.18 1555.03 1692.73 1893.03 1941.32 2030.73 2325.81 4021.16 5416.07 6868.21 8558.2 9931.65 10418.1 10611.2 10849.1 11600.2 14341.7 15089.2 16940.2 19086.2 20203.9 
-6.27744e+66 -6.27744e+66 294.247 396.183 582.171 694.837 744.911 1147.29 1265.32 1440.58 1483.5 1563.97 1832.23 3386.3 4673.91 6022.32 7599.65 8887.26 9345.07 9527.49 9752.82 10466.4 13077.4 13790.9 15561.4 17618 18691 
-6.27744e+66 -6.27744e+66 -6.27744e+66 294.247 387.241 462.352 499.907 821.81 920.169 1070.39 1107.95 1179.48 1420.91 2833.7 4014.01 5258.7 6723.36 7925.13 8354.33 8526.01 8738.82 9414.82 11895.3 12574.8 14264.8 16232 17260.3 
-6.27744e+66 -6.27744e+66 -6.27744e+66 -6.27744e+66 294.247 331.802 356.839 598.266 676.953 802.138 834.328 896.92 1111.52 2383.04 3456.05 4597.01 5949 7064.93 7465.52 7626.47 7826.77 8465.21 10815.1 11460.7 13070.2 14948 15931.6 
-6.27744e+66 -6.27744e+66 -6.27744e+66 -6.27744e+66 -6.27744e+66 294.247 306.765 467.717 526.732 626.88 653.705 707.355 895.132 2025.37 2991.08 4028.32 5267.64 6297.73 6669.71 6819.93 7007.7 7608.59 9827.93 10439.5 11968.6 13756.9 14695.8 
-6.27744e+66 -6.27744e+66 -6.27744e+66 -6.27744e+66 -6.27744e+66 -6.27744e+66 294.247 374.723 414.066 489.177 510.637 555.346 716.297 1705.25 2563.66 3497.18 4623.84 5568.08 5911.45 6050.94 6226.2 6789.53 8878.32 9455.95 10904.5 12603.4 13497.6 
-6.27744e+66 -6.27744e+66 -6.27744e+66 -6.27744e+66 -6.27744e+66 -6.27744e+66 -6.27744e+66 294.247 313.919 363.993 380.088 415.855 549.981 1397.66 2148.76 2978.56 3992.55 4850.96 5165.71 5294.47 5457.21 5982.98 7941.22 8484.88 9852.96 11462.5 12311.9 
-6.27744e+66 -6.27744e+66 -6.27744e+66 -6.27744e+66 -6.27744e+66 -6.27744e+66 -6.27744e+66 -6.27744e+66 294.247 319.284 330.014 356.839 464.14 1170.54 1814.34 2540.41 3441.74 4214.3 4500.44 4618.47 4768.69 5256.91 7084.6 7594.28 8881.89 10402 11206.7 
-6.27744e+66 -6.27744e+66 -6.27744e+66 -6.27744e+66 -6.27744e+66 -6.27744e+66 -6.27744e+66 -6.27744e+66 -6.27744e+66 294.247 299.612 317.496 397.971 963.089 1499.59 2121.94 2910.6 3597.32 3854.85 3962.15 4099.85 4550.51 6247.66 6723.36 7930.49 9361.17 10121.2 
-6.27744e+66 -6.27744e+66 -6.27744e+66 -6.27744e+66 -6.27744e+66 -6.27744e+66 -6.27744e+66 -6.27744e+66 -6.27744e+66 -6.27744e+66 294.247 303.189 356.839 780.678 1209.88 1728.5 2404.5 3005.38 3234.29 3330.86 3456.05 3869.15 5435.75 5877.47 7004.13 8345.39 9060.73 
-6.27744e+66 -6.27744e+66 -6.27744e+66 -6.27744e+66 -6.27744e+66 -6.27744e+66 -6.27744e+66 -6.27744e+66 -6.27744e+66 -6.27744e+66 -6.27744e+66 294.247 321.072 603.631 925.534 1340.43 1903.76 2418.8 2619.1 2704.94 2817.61 3193.16 4629.2 5036.94 6083.13 7334.97 8005.6 
-6.27744e+66 -6.27744e+66 -6.27744e+66 -6.27744e+66 -6.27744e+66 -6.27744e+66 -6.27744e+66 -6.27744e+66 -6.27744e+66 -6.27744e+66 -6.27744e+66 -6.27744e+66 294.247 435.526 650.128 961.301 1411.96 1841.17 2012.85 2087.96 2188.11 2526.1 3831.6 4205.36 5171.07 6333.5 6959.42 
-6.27744e+66 -6.27744e+66 -6.27744e+66 -6.27744e+66 -6.27744e+66 -6.27744e+66 -6.27744e+66 -6.27744e+66 -6.27744e+66 -6.27744e+66 -6.27744e+66 -6.27744e+66 -6.27744e+66 294.247 401.548 608.996 946.994 1290.36 1433.42 1497.8 1585.43 1885.88 3060.82 3400.61 4285.84 5358.85 5940.06 
-6.27744e+66 -6.27744e+66 -6.27744e+66 -6.27744e+66 -6.27744e+66 -6.27744e+66 -6.27744e+66 -6.27744e+66 -6.27744e+66 -6.27744e+66 -6.27744e+66 -6.27744e+66 -6.27744e+66 -6.27744e+66 294.247 397.971 623.303 880.825 995.279 1048.93 1124.04 1386.93 2431.32 2737.13 3541.89 4525.48 5061.98 
-6.27744e+66 -6.27744e+66 -6.27744e+66 -6.27744e+66 -6.27744e+66 -6.27744e+66 -6.27744e+66 -6.27744e+66 -6.27744e+66 -6.27744e+66 -6.27744e+66 -6.27744e+66 -6.27744e+66 -6.27744e+66 -6.27744e+66 294.247 406.913 578.594 664.435 707.355 769.947 995.279 1909.12 2180.95 2905.23 3799.41 4291.2 
-6.27744e+66 -6.27744e+66 -6.27744e+66 -6.27744e+66 -6.27744e+66 -6.27744e+66 -6.27744e+66 -6.27744e+66 -6.27744e+66 -6.27744e+66 -6.27744e+66 -6.27744e+66 -6.27744e+66 -6.27744e+66 -6.27744e+66 -6.27744e+66 294.247 380.088 437.315 469.505 519.579 707.355 1490.65 1728.5 2372.31 3177.06 3624.15 
-6.27744e+66 -6.27744e+66 -6.27744e+66 -6.27744e+66 -6.27744e+66 -6.27744e+66 -6.27744e+66 -6.27744e+66 -6.27744e+66 -6.27744e+66 -6.27744e+66 -6.27744e+66 -6.27744e+66 -6.27744e+66 -6.27744e+66 -6.27744e+66 -6.27744e+66 294.247 322.861 344.321 381.876 532.097 1184.84 1388.72 1952.05 2667.38 3069.76 
-6.27744e+66 -6.27744e+66 -6.27744e+66 -6.27744e+66 -6.27744e+66 -6.27744e+66 -6.27744e+66 -6.27744e+66 -6.27744e+66 -6.27744e+66 -6.27744e+66 -6.27744e+66 -6.27744e+66 -6.27744e+66 -6.27744e+66 -6.27744e+66 -6.27744e+66 -6.27744e+66 294.247 304.977 330.014 442.68 964.877 1134.77 1617.62 2243.55 2601.22 
-6.27744e+66 -6.27744e+66 -6.27744e+66 -6.27744e+66 -6.27744e+66 -6.27744e+66 -6.27744e+66 -6.27744e+66 -6.27744e+66 -6.27744e+66 -6.27744e+66 -6.27744e+66 -6.27744e+66 -6.27744e+66 -6.27744e+66 -6.27744e+66 -6.27744e+66 -6.27744e+66 -6.27744e+66 294.247 306.765 381.876 773.524 909.439 1311.82 1848.32 2161.28 
-6.27744e+66 -6.27744e+66 -6.27744e+66 -6.27744e+66 -6.27744e+66 -6.27744e+66 -6.27744e+66 -6.27744e+66 -6.27744e+66 -6.27744e+66 -6.27744e+66 -6.27744e+66 -6.27744e+66 -6.27744e+66 -6.27744e+66 -6.27744e+66 -6.27744e+66 -6.27744e+66 -6.27744e+66 -6.27744e+66 294.247 331.802 592.901 694.837 1016.74 1463.83 1732.08 
-6.27744e+66 -6.27744e+66 -6.27744e+66 -6.27744e+66 -6.27744e+66 -6.27744e+66 -6.27744e+66 -6.27744e+66 -6.27744e+66 -6.27744e+66 -6.27744e+66 -6.27744e+66 -6.27744e+66 -6.27744e+66 -6.27744e+66 -6.27744e+66 -6.27744e+66 -6.27744e+66 -6.27744e+66 -6.27744e+66 -6.27744e+66 294.247 424.796 492.754 734.18 1091.85 1315.39 
-6.27744e+66 -6.27744e+66 -6.27744e+66 -6.27744e+66 -6.27744e+66 -6.27744e+66 -6.27744e+66 -6.27744e+66 -6.27744e+66 -6.27744e+66 -6.27744e+66 -6.27744e+66 -6.27744e+66 -6.27744e+66 -6.27744e+66 -6.27744e+66 -6.27744e+66 -6.27744e+66 -6.27744e+66 -6.27744e+66 -6.27744e+66 -6.27744e+66 294.247 328.226 489.177 757.429 936.264 
-6.27744e+66 -6.27744e+66 -6.27744e+66 -6.27744e+66 -6.27744e+66 -6.27744e+66 -6.27744e+66 -6.27744e+66 -6.27744e+66 -6.27744e+66 -6.27744e+66 -6.27744e+66 -6.27744e+66 -6.27744e+66 -6.27744e+66 -6.27744e+66 -6.27744e+66 -6.27744e+66 -6.27744e+66 -6.27744e+66 -6.27744e+66 -6.27744e+66 -6.27744e+66 294.247 374.723 553.557 687.683 
-6.27744e+66 -6.27744e+66 -6.27744e+66 -6.27744e+66 -6.27744e+66 -6.27744e+66 -6.27744e+66 -6.27744e+66 -6.27744e+66 -6.27744e+66 -6.27744e+66 -6.27744e+66 -6.27744e+66 -6.27744e+66 -6.27744e+66 -6.27744e+66 -6.27744e+66 -6.27744e+66 -6.27744e+66 -6.27744e+66 -6.27744e+66 -6.27744e+66 -6.27744e+66 -6.27744e+66 294.247 383.664 473.082 
-6.27744e+66 -6.27744e+66 -6.27744e+66 -6.27744e+66 -6.27744e+66 -6.27744e+66 -6.27744e+66 -6.27744e+66 -6.27744e+66 -6.27744e+66 -6.27744e+66 -6.27744e+66 -6.27744e+66 -6.27744e+66 -6.27744e+66 -6.27744e+66 -6.27744e+66 -6.27744e+66 -6.27744e+66 -6.27744e+66 -6.27744e+66 -6.27744e+66 -6.27744e+66 -6.27744e+66 -6.27744e+66 294.247 338.956 
-6.27744e+66 -6.27744e+66 -6.27744e+66 -6.27744e+66 -6.27744e+66 -6.27744e+66 -6.27744e+66 -6.27744e+66 -6.27744e+66 -6.27744e+66 -6.27744e+66 -6.27744e+66 -6.27744e+66 -6.27744e+66 -6.27744e+66 -6.27744e+66 -6.27744e+66 -6.27744e+66 -6.27744e+66 -6.27744e+66 -6.27744e+66 -6.27744e+66 -6.27744e+66 -6.27744e+66 -6.27744e+66 -6.27744e+66 294.247 
-6.27744e+66 -6.27744e+66 -6.27744e+66 -6.27744e+66 -6.27744e+66 -6.27744e+66 -6.27744e+66 -6.27744e+66 -6.27744e+66 -6.27744e+66 -6.27744e+66 -6.27744e+66 -6.27744e+66 -6.27744e+66 -6.27744e+66 -6.27744e+66 -6.27744e+66 -6.27744e+66 -6.27744e+66 -6.27744e+66 -6.27744e+66 -6.27744e+66 -6.27744e+66 -6.27744e+66 -6.27744e+66 -6.27744e+66 -6.27744e+66 
-6.27744e+66 211.408 251.312 362.013 474.002 556.384 994.039 1380.21 1569.43 2238.78 2574.75 3372.82 4307.35 5342.27 5660.22 5804.39 6480.18 6727.32 7143.1 9019.87 10047.1 11746.2 12719.3 13937.1 15772.6 17224.6 18318.8 
-6.27744e+66 -6.27744e+66 211.408 266.759 341.418 403.204 753.329 1075.13 1237.32 1823.01 2121.65 2839.91 3689.48 4638.16 4931.65 5065.52 5696.26 5927.96 6319.27 8091.78 9064.92 10679.1 11605.9 12768.3 14524 15915.5 16965.9 
-6.27744e+66 -6.27744e+66 -6.27744e+66 211.408 248.738 289.929 552.522 809.966 945.125 1447.14 1708.45 2346.91 3111.52 3973.96 4242.99 4366.56 4952.25 5168.5 5535.36 7203.6 8122.67 9651.89 10532.4 11639.4 13315.3 14646.3 15652.9 
-6.27744e+66 -6.27744e+66 -6.27744e+66 -6.27744e+66 211.408 232.004 407.066 600.149 708.276 1126.62 1350.6 1909.25 2588.91 3365.1 3609.67 3722.95 4263.58 4464.39 4806.79 6370.76 7235.78 8680.04 9514.16 10565.8 12162 13432.5 14395.3 
-6.27744e+66 -6.27744e+66 -6.27744e+66 -6.27744e+66 -6.27744e+66 211.408 298.939 427.662 508.757 843.434 1030.08 1508.93 2103.62 2793.57 3013.69 3116.67 3612.25 3797.61 4115.55 5575.26 6386.21 7745.52 8533.3 9529.61 11046 12255.9 13175 
-6.27744e+66 -6.27744e+66 -6.27744e+66 -6.27744e+66 -6.27744e+66 -6.27744e+66 211.408 275.769 329.833 580.841 730.159 1129.2 1638.94 2242.64 2438.3 2530.98 2981.51 3151.42 3444.91 4800.35 5557.24 6831.59 7573.03 8513.99 9950.53 11100 11975.3 
-6.27744e+66 -6.27744e+66 -6.27744e+66 -6.27744e+66 -6.27744e+66 -6.27744e+66 -6.27744e+66 211.408 238.44 405.779 517.767 836.998 1261.78 1779.24 1950.44 2032.83 2438.3 2592.77 2861.8 4112.98 4815.8 6005.19 6700.29 7585.9 8942.63 10031.6 10863.2 
-6.27744e+66 -6.27744e+66 -6.27744e+66 -6.27744e+66 -6.27744e+66 -6.27744e+66 -6.27744e+66 -6.27744e+66 211.408 295.078 369.737 609.16 948.986 1380.21 1526.95 1599.03 1959.46 2098.48 2343.05 3489.96 4138.72 5243.16 5891.92 6722.17 7999.1 9027.59 9815.37 
-6.27744e+66 -6.27744e+66 -6.27744e+66 -6.27744e+66 -6.27744e+66 -6.27744e+66 -6.27744e+66 -6.27744e+66 -6.27744e+66 211.408 248.738 408.353 663.223 1008.2 1130.48 1192.27 1507.64 1631.21 1851.33 2893.98 3488.67 4508.15 5110.57 5885.48 7082.6 8050.59 8794.6 
-6.27744e+66 -6.27744e+66 -6.27744e+66 -6.27744e+66 -6.27744e+66 -6.27744e+66 -6.27744e+66 -6.27744e+66 -6.27744e+66 -6.27744e+66 211.408 291.216 461.129 719.861 817.69 869.179 1139.5 1247.62 1443.28 2381.66 2922.3 3856.82 4412.9 5132.46 6249.76 7157.26 7857.5 
-6.27744e+66 -6.27744e+66 -6.27744e+66 -6.27744e+66 -6.27744e+66 -6.27744e+66 -6.27744e+66 -6.27744e+66 -6.27744e+66 -6.27744e+66 -6.27744e+66 211.408 296.365 468.853 542.224 583.415 808.679 901.359 1072.56 1906.68 2393.25 3242.82 3752.55 4416.76 5454.26 6301.25 6957.74 
-6.27744e+66 -6.27744e+66 -6.27744e+66 -6.27744e+66 -6.27744e+66 -6.27744e+66 -6.27744e+66 -6.27744e+66 -6.27744e+66 -6.27744e+66 -6.27744e+66 -6.27744e+66 211.408 297.652 346.567 377.46 557.671 634.904 781.648 1511.5 1944.01 2708.62 3172.02 3780.87 4738.57 5525.06 6137.78 
-6.27744e+66 -6.27744e+66 -6.27744e+66 -6.27744e+66 -6.27744e+66 -6.27744e+66 -6.27744e+66 -6.27744e+66 -6.27744e+66 -6.27744e+66 -6.27744e+66 -6.27744e+66 -6.27744e+66 211.408 235.866 256.461 391.619 453.406 575.692 1201.28 1579.72 2259.38 2676.44 3229.94 4107.83 4833.82 5402.77 
-6.27744e+66 -6.27744e+66 -6.27744e+66 -6.27744e+66 -6.27744e+66 -6.27744e+66 -6.27744e+66 -6.27744e+66 -6.27744e+66 -6.27744e+66 -6.27744e+66 -6.27744e+66 -6.27744e+66 -6.27744e+66 211.408 221.706 311.812 358.152 455.98 977.305 1301.69 1896.38 2267.1 2765.26 3563.33 4228.83 4754.01 
-6.27744e+66 -6.27744e+66 -6.27744e+66 -6.27744e+66 -6.27744e+66 -6.27744e+66 -6.27744e+66 -6.27744e+66 -6.27744e+66 -6.27744e+66 -6.27744e+66 -6.27744e+66 -6.27744e+66 -6.27744e+66 -6.27744e+66 211.408 256.461 287.354 360.726 777.786 1048.1 1557.84 1882.22 2325.03 3043.3 3648.29 4129.71 
-6.27744e+66 -6.27744e+66 -6.27744e+66 -6.27744e+66 -6.27744e+66 -6.27744e+66 -6.27744e+66 -6.27744e+66 -6.27744e+66 -6.27744e+66 -6.27744e+66 -6.27744e+66 -6.27744e+66 -6.27744e+66 -6.27744e+66 -6.27744e+66 211.408 226.855 275.769 588.564 804.818 1229.6 1507.64 1895.09 2533.56 3078.05 3515.71 
-6.27744e+66 -6.27744e+66 -6.27744e+66 -6.27744e+66 -6.27744e+66 -6.27744e+66 -6.27744e+66 -6.27744e+66 -6.27744e+66 -6.27744e+66 -6.27744e+66 -6.27744e+66 -6.27744e+66 -6.27744e+66 -6.27744e+66 -6.27744e+66 -6.27744e+66 211.408 235.866 444.395 606.585 946.412 1178.11 1510.21 2068.87 2552.86 2946.75 
-6.27744e+66 -6.27744e+66 -6.27744e+66 -6.27744e+66 -6.27744e+66 -6.27744e+66 -6.27744e+66 -6.27744e+66 -6.27744e+66 -6.27744e+66 -6.27744e+66 -6.27744e+66 -6.27744e+66 -6.27744e+66 -6.27744e+66 -6.27744e+66 -6.27744e+66 -6.27744e+66 211.408 315.673 423.8 678.67 864.03 1140.78 1619.63 2043.12 2393.25 
-6.27744e+66 -6.27744e+66 -6.27744e+66 -6.27744e+66 -6.27744e+66 -6.27744e+66 -6.27744e+66 -6.27744e+66 -6.27744e+66 -6.27744e+66 -6.27744e+66 -6.27744e+66 -6.27744e+66 -6.27744e+66 -6.27744e+66 -6.27744e+66 -6.27744e+66 -6.27744e+66 -6.27744e+66 211.408 265.472 435.385 574.405 795.807 1194.85 1557.84 1864.2 
-6.27744e+66 -6.27744e+66 -6.27744e+66 -6.27744e+66 -6.27744e+66 -6.27744e+66 -6.27744e+66 -6.27744e+66 -6.27744e+66 -6.27744e+66 -6.27744e+66 -6.27744e+66 -6.27744e+66 -6.27744e+66 -6.27744e+66 -6.27744e+66 -6.27744e+66 -6.27744e+66 -6.27744e+66 -6.27744e+66 211.408 296.365 389.045 555.097 874.327 1176.82 1439.42 
-6.27744e+66 -6.27744e+66 -6.27744e+66 -6.27744e+66 -6.27744e+66 -6.27744e+66 -6.27744e+66 -6.27744e+66 -6.27744e+66 -6.27744e+66 -6.27744e+66 -6.27744e+66 -6.27744e+66 -6.27744e+66 -6.27744e+66 -6.27744e+66 -6.27744e+66 -6.27744e+66 -6.27744e+66 -6.27744e+66 -6.27744e+66 211.408 257.748 368.449 607.873 849.87 1068.7 
-6.27744e+66 -6.27744e+66 -6.27744e+66 -6.27744e+66 -6.27744e+66 -6.27744e+66 -6.27744e+66 -6.27744e+66 -6.27744e+66 -6.27744e+66 -6.27744e+66 -6.27744e+66 -6.27744e+66 -6.27744e+66 -6.27744e+66 -6.27744e+66 -6.27744e+66 -6.27744e+66 -6.27744e+66 -6.27744e+66 -6.27744e+66 -6.27744e+66 211.408 266.759 426.374 607.873 782.935 
-6.27744e+66 -6.27744e+66 -6.27744e+66 -6.27744e+66 -6.27744e+66 -6.27744e+66 -6.27744e+66 -6.27744e+66 -6.27744e+66 -6.27744e+66 -6.27744e+66 -6.27744e+66 -6.27744e+66 -6.27744e+66 -6.27744e+66 -6.27744e+66 -6.27744e+66 -6.27744e+66 -6.27744e+66 -6.27744e+66 -6.27744e+66 -6.27744e+66 -6.27744e+66 211.408 291.216 412.215 543.512 
-6.27744e+66 -6.27744e+66 -6.27744e+66 -6.27744e+66 -6.27744e+66 -6.27744e+66 -6.27744e+66 -6.27744e+66 -6.27744e+66 -6.27744e+66 -6.27744e+66 -6.27744e+66 -6.27744e+66 -6.27744e+66 -6.27744e+66 -6.27744e+66 -6.27744e+66 -6.27744e+66 -6.27744e+66 -6.27744e+66 -6.27744e+66 -6.27744e+66 -6.27744e+66 -6.27744e+66 211.408 271.908 359.439 
-6.27744e+66 -6.27744e+66 -6.27744e+66 -6.27744e+66 -6.27744e+66 -6.27744e+66 -6.27744e+66 -6.27744e+66 -6.27744e+66 -6.27744e+66 -6.27744e+66 -6.27744e+66 -6.27744e+66 -6.27744e+66 -6.27744e+66 -6.27744e+66 -6.27744e+66 -6.27744e+66 -6.27744e+66 -6.27744e+66 -6.27744e+66 -6.27744e+66 -6.27744e+66 -6.27744e+66 -6.27744e+66 211.408 255.174 
-6.27744e+66 -6.27744e+66 -6.27744e+66 -6.27744e+66 -6.27744e+66 -6.27744e+66 -6.27744e+66 -6.27744e+66 -6.27744e+66 -6.27744e+66 -6.27744e+66 -6.27744e+66 -6.27744e+66 -6.27744e+66 -6.27744e+66 -6.27744e+66 -6.27744e+66 -6.27744e+66 -6.27744e+66 -6.27744e+66 -6.27744e+66 -6.27744e+66 -6.27744e+66 -6.27744e+66 -6.27744e+66 -6.27744e+66 211.408 
-6.27744e+66 -6.27744e+66 -6.27744e+66 -6.27744e+66 -6.27744e+66 -6.27744e+66 -6.27744e+66 -6.27744e+66 -6.27744e+66 -6.27744e+66 -6.27744e+66 -6.27744e+66 -6.27744e+66 -6.27744e+66 -6.27744e+66 -6.27744e+66 -6.27744e+66 -6.27744e+66 -6.27744e+66 -6.27744e+66 -6.27744e+66 -6.27744e+66 -6.27744e+66 -6.27744e+66 -6.27744e+66 -6.27744e+66 -6.27744e+66 
-6.27744e+66 265.717 273.869 404.302 523.09 900.415 1412.83 1489.69 1546.76 2487.74 2802.18 3570.81 3942.31 4096.03 4762.18 6033.9 6942.28 7594.44 7594.44 7950.81 9543.96 9986.5 11013.7 12217.8 14816 16073.8 17180.1 
-6.27744e+66 -6.27744e+66 265.717 330.934 410.125 693.119 1103.05 1167.11 1216.02 2039.38 2318.88 3010.64 3348.37 3489.29 4104.19 5285.07 6132.89 6744.3 6744.3 7080.86 8590.16 9010.58 9988.83 11138.3 13623.5 14828.8 15890.9 
-6.27744e+66 -6.27744e+66 -6.27744e+66 265.717 305.313 493.975 801.426 852.667 893.428 1599.17 1843.73 2458.63 2762.59 2890.69 3454.35 4544.4 5331.66 5902.3 5902.3 6219.07 7644.52 8042.81 8972.15 10066.9 12439.1 13592.1 14609.9 
-6.27744e+66 -6.27744e+66 -6.27744e+66 -6.27744e+66 265.717 360.048 565.015 603.446 636.055 1224.17 1433.79 1971.83 2242.02 2357.31 2869.73 3868.94 4595.64 5125.53 5125.53 5422.5 6764.1 7140.26 8020.68 9060.66 11319.9 12420.5 13394.1 
-6.27744e+66 -6.27744e+66 -6.27744e+66 -6.27744e+66 -6.27744e+66 265.717 368.2 393.821 418.277 888.769 1063.46 1524.63 1761.04 1863.53 2324.7 3233.08 3899.22 4388.34 4388.34 4665.52 5923.27 6277.3 7108.81 8094.05 10240.4 11288.5 12217.8 
-6.27744e+66 -6.27744e+66 -6.27744e+66 -6.27744e+66 -6.27744e+66 -6.27744e+66 265.717 278.527 294.832 647.701 787.451 1171.76 1374.4 1464.07 1874.01 2691.55 3297.13 3745.49 3745.49 4002.87 5176.77 5508.67 6291.28 7221.78 9255.14 10250.9 11135.9 
-6.27744e+66 -6.27744e+66 -6.27744e+66 -6.27744e+66 -6.27744e+66 -6.27744e+66 -6.27744e+66 265.717 273.869 509.115 613.928 921.378 1090.24 1167.11 1525.8 2252.5 2797.52 3205.13 3205.13 3442.7 4532.75 4842.53 5576.22 6451.99 8372.39 9315.7 10156.5 
-6.27744e+66 -6.27744e+66 -6.27744e+66 -6.27744e+66 -6.27744e+66 -6.27744e+66 -6.27744e+66 -6.27744e+66 265.717 383.34 453.215 683.803 818.894 882.947 1190.4 1826.26 2310.73 2677.57 2677.57 2895.35 3901.55 4189.2 4873.98 5695.01 7502.44 8393.35 9189.92 
-6.27744e+66 -6.27744e+66 -6.27744e+66 -6.27744e+66 -6.27744e+66 -6.27744e+66 -6.27744e+66 -6.27744e+66 -6.27744e+66 265.717 300.654 454.38 555.698 606.94 863.149 1408.17 1832.08 2158.17 2158.17 2356.15 3278.5 3544.02 4179.88 4946.18 6640.65 7479.15 8231.47 
-6.27744e+66 -6.27744e+66 -6.27744e+66 -6.27744e+66 -6.27744e+66 -6.27744e+66 -6.27744e+66 -6.27744e+66 -6.27744e+66 -6.27744e+66 265.717 342.58 410.125 448.557 653.523 1107.71 1471.06 1756.38 1756.38 1934.57 2773.07 3016.46 3603.41 4314.98 5896.48 6682.58 7390.64 
-6.27744e+66 -6.27744e+66 -6.27744e+66 -6.27744e+66 -6.27744e+66 -6.27744e+66 -6.27744e+66 -6.27744e+66 -6.27744e+66 -6.27744e+66 -6.27744e+66 265.717 299.49 325.111 478.836 842.186 1144.98 1389.54 1389.54 1547.92 2302.57 2523.85 3061.88 3718.71 5187.25 5920.94 6584.75 
-6.27744e+66 -6.27744e+66 -6.27744e+66 -6.27744e+66 -6.27744e+66 -6.27744e+66 -6.27744e+66 -6.27744e+66 -6.27744e+66 -6.27744e+66 -6.27744e+66 -6.27744e+66 265.717 278.527 381.011 653.523 895.757 1099.56 1099.56 1238.14 1908.95 2108.09 2597.21 3199.3 4554.88 5236.16 5855.72 
-6.27744e+66 -6.27744e+66 -6.27744e+66 -6.27744e+66 -6.27744e+66 -6.27744e+66 -6.27744e+66 -6.27744e+66 -6.27744e+66 -6.27744e+66 -6.27744e+66 -6.27744e+66 -6.27744e+66 265.717 316.959 498.634 680.309 843.351 843.351 962.138 1549.09 1726.11 2166.32 2713.67 3956.28 4585.16 5160.46 
-6.27744e+66 -6.27744e+66 -6.27744e+66 -6.27744e+66 -6.27744e+66 -6.27744e+66 -6.27744e+66 -6.27744e+66 -6.27744e+66 -6.27744e+66 -6.27744e+66 -6.27744e+66 -6.27744e+66 -6.27744e+66 265.717 356.555 477.671 599.953 599.953 698.942 1202.04 1356.93 1748.23 2240.85 3370.5 3946.97 4478.02 
-6.27744e+66 -6.27744e+66 -6.27744e+66 -6.27744e+66 -6.27744e+66 -6.27744e+66 -6.27744e+66 -6.27744e+66 -6.27744e+66 -6.27744e+66 -6.27744e+66 -6.27744e+66 -6.27744e+66 -6.27744e+66 -6.27744e+66 265.717 326.275 407.796 407.796 486.988 906.238 1039 1381.39 1819.27 2835.95 3360.02 3846.81 
-6.27744e+66 -6.27744e+66 -6.27744e+66 -6.27744e+66 -6.27744e+66 -6.27744e+66 -6.27744e+66 -6.27744e+66 -6.27744e+66 -6.27744e+66 -6.27744e+66 -6.27744e+66 -6.27744e+66 -6.27744e+66 -6.27744e+66 -6.27744e+66 265.717 306.477 306.477 365.871 701.271 811.907 1105.38 1488.53 2392.25 2863.9 3306.45 
-6.27744e+66 -6.27744e+66 -6.27744e+66 -6.27744e+66 -6.27744e+66 -6.27744e+66 -6.27744e+66 -6.27744e+66 -6.27744e+66 -6.27744e+66 -6.27744e+66 -6.27744e+66 -6.27744e+66 -6.27744e+66 -6.27744e+66 -6.27744e+66 -6.27744e+66 265.717 265.717 305.313 556.863 645.371 889.934 1218.35 2009.1 2428.35 2826.64 
-6.27744e+66 -6.27744e+66 -6.27744e+66 -6.27744e+66 -6.27744e+66 -6.27744e+66 -6.27744e+66 -6.27744e+66 -6.27744e+66 -6.27744e+66 -6.27744e+66 -6.27744e+66 -6.27744e+66 -6.27744e+66 -6.27744e+66 -6.27744e+66 -6.27744e+66 -6.27744e+66 265.717 285.515 453.215 519.596 715.246 988.924 1666.71 2033.56 2387.59 
-6.27744e+66 -6.27744e+66 -6.27744e+66 -6.27744e+66 -6.27744e+66 -6.27744e+66 -6.27744e+66 -6.27744e+66 -6.27744e+66 -6.27744e+66 -6.27744e+66 -6.27744e+66 -6.27744e+66 -6.27744e+66 -6.27744e+66 -6.27744e+66 -6.27744e+66 -6.27744e+66 -6.27744e+66 265.717 349.567 393.821 540.559 759.501 1324.32 1638.76 1948.54 
-6.27744e+66 -6.27744e+66 -6.27744e+66 -6.27744e+66 -6.27744e+66 -6.27744e+66 -6.27744e+66 -6.27744e+66 -6.27744e+66 -6.27744e+66 -6.27744e+66 -6.27744e+66 -6.27744e+66 -6.27744e+66 -6.27744e+66 -6.27744e+66 -6.27744e+66 -6.27744e+66 -6.27744e+66 -6.27744e+66 265.717 287.844 385.669 549.875 1001.73 1263.77 1529.29 
-6.27744e+66 -6.27744e+66 -6.27744e+66 -6.27744e+66 -6.27744e+66 -6.27744e+66 -6.27744e+66 -6.27744e+66 -6.27744e+66 -6.27744e+66 -6.27744e+66 -6.27744e+66 -6.27744e+66 -6.27744e+66 -6.27744e+66 -6.27744e+66 -6.27744e+66 -6.27744e+66 -6.27744e+66 -6.27744e+66 -6.27744e+66 265.717 314.629 424.1 762.994 972.619 1193.89 
-6.27744e+66 -6.27744e+66 -6.27744e+66 -6.27744e+66 -6.27744e+66 -6.27744e+66 -6.27744e+66 -6.27744e+66 -6.27744e+66 -6.27744e+66 -6.27744e+66 -6.27744e+66 -6.27744e+66 -6.27744e+66 -6.27744e+66 -6.27744e+66 -6.27744e+66 -6.27744e+66 -6.27744e+66 -6.27744e+66 -6.27744e+66 -6.27744e+66 265.717 320.452 546.382 703.601 880.617 
-6.27744e+66 -6.27744e+66 -6.27744e+66 -6.27744e+66 -6.27744e+66 -6.27744e+66 -6.27744e+66 -6.27744e+66 -6.27744e+66 -6.27744e+66 -6.27744e+66 -6.27744e+66 -6.27744e+66 -6.27744e+66 -6.27744e+66 -6.27744e+66 -6.27744e+66 -6.27744e+66 -6.27744e+66 -6.27744e+66 -6.27744e+66 -6.27744e+66 -6.27744e+66 265.717 378.682 483.494 616.257 
-6.27744e+66 -6.27744e+66 -6.27744e+66 -6.27744e+66 -6.27744e+66 -6.27744e+66 -6.27744e+66 -6.27744e+66 -6.27744e+66 -6.27744e+66 -6.27744e+66 -6.27744e+66 -6.27744e+66 -6.27744e+66 -6.27744e+66 -6.27744e+66 -6.27744e+66 -6.27744e+66 -6.27744e+66 -6.27744e+66 -6.27744e+66 -6.27744e+66 -6.27744e+66 -6.27744e+66 265.717 318.123 406.632 
-6.27744e+66 -6.27744e+66 -6.27744e+66 -6.27744e+66 -6.27744e+66 -6.27744e+66 -6.27744e+66 -6.27744e+66 -6.27744e+66 -6.27744e+66 -6.27744e+66 -6.27744e+66 -6.27744e+66 -6.27744e+66 -6.27744e+66 -6.27744e+66 -6.27744e+66 -6.27744e+66 -6.27744e+66 -6.27744e+66 -6.27744e+66 -6.27744e+66 -6.27744e+66 -6.27744e+66 -6.27744e+66 265.717 309.971 
-6.27744e+66 -6.27744e+66 -6.27744e+66 -6.27744e+66 -6.27744e+66 -6.27744e+66 -6.27744e+66 -6.27744e+66 -6.27744e+66 -6.27744e+66 -6.27744e+66 -6.27744e+66 -6.27744e+66 -6.27744e+66 -6.27744e+66 -6.27744e+66 -6.27744e+66 -6.27744e+66 -6.27744e+66 -6.27744e+66 -6.27744e+66 -6.27744e+66 -6.27744e+66 -6.27744e+66 -6.27744e+66 -6.27744e+66 265.717 
-6.27744e+66 -6.27744e+66 -6.27744e+66 -6.27744e+66 -6.27744e+66 -6.27744e+66 -6.27744e+66 -6.27744e+66 -6.27744e+66 -6.27744e+66 -6.27744e+66 -6.27744e+66 -6.27744e+66 -6.27744e+66 -6.27744e+66 -6.27744e+66 -6.27744e+66 -6.27744e+66 -6.27744e+66 -6.27744e+66 -6.27744e+66 -6.27744e+66 -6.27744e+66 -6.27744e+66 -6.27744e+66 -6.27744e+66 -6.27744e+66 
-6.27744e+66 64.4621 125.615 130.933 170.816 298.44 418.088 673.337 673.337 1120.02 1311.46 1790.05 2082.52 2114.43 2321.82 2768.51 3286.98 3286.98 3332.18 3667.2 3818.75 4882.29 4993.96 5344.93 6629.15 7012.02 7543.79 
-6.27744e+66 -6.27744e+66 64.4621 67.1209 93.7094 189.428 285.146 497.854 497.854 888.704 1058.87 1489.6 1755.49 1784.73 1976.17 2390.95 2874.86 2874.86 2917.4 3233.8 3377.38 4387.74 4494.1 4829.11 6057.5 6424.42 6934.91 
-6.27744e+66 -6.27744e+66 -6.27744e+66 64.4621 77.7563 141.569 213.357 383.523 383.523 718.538 867.433 1250.31 1489.6 1516.19 1691.67 2074.55 2523.89 2523.89 2563.78 2861.57 2997.17 3954.35 4055.39 4374.45 5547 5897.96 6387.19 
-6.27744e+66 -6.27744e+66 -6.27744e+66 -6.27744e+66 64.4621 96.3682 144.227 271.852 271.852 551.03 678.655 1013.67 1226.38 1250.31 1409.84 1760.8 2175.58 2175.58 2212.81 2491.99 2619.61 3523.62 3619.34 3922.44 5039.16 5374.17 5842.13 
-6.27744e+66 -6.27744e+66 -6.27744e+66 -6.27744e+66 -6.27744e+66 64.4621 88.3917 173.475 173.475 396.818 503.171 790.326 976.445 997.716 1141.29 1460.35 1840.57 1840.57 1875.13 2135.7 2255.35 3106.18 3196.58 3483.73 4544.61 4863.67 5310.36 
-6.27744e+66 -6.27744e+66 -6.27744e+66 -6.27744e+66 -6.27744e+66 -6.27744e+66 64.4621 107.004 107.004 274.511 359.594 598.89 758.42 777.032 904.657 1191.81 1537.46 1537.46 1569.37 1811.32 1922.99 2720.65 2805.73 3076.93 4081.97 4385.08 4810.5 
-6.27744e+66 -6.27744e+66 -6.27744e+66 -6.27744e+66 -6.27744e+66 -6.27744e+66 -6.27744e+66 64.4621 64.4621 176.134 239.946 431.383 564.325 580.278 691.949 947.198 1258.28 1258.28 1287.53 1510.87 1614.57 2359.04 2438.81 2694.06 3643.27 3930.42 4334.56 
-6.27744e+66 -6.27744e+66 -6.27744e+66 -6.27744e+66 -6.27744e+66 -6.27744e+66 -6.27744e+66 -6.27744e+66 64.4621 120.298 162.839 306.417 412.771 426.065 521.783 745.126 1021.65 1021.65 1048.23 1252.97 1348.68 2039.98 2114.43 2353.73 3247.1 3518.3 3901.17 
-6.27744e+66 -6.27744e+66 -6.27744e+66 -6.27744e+66 -6.27744e+66 -6.27744e+66 -6.27744e+66 -6.27744e+66 -6.27744e+66 64.4621 85.7328 181.451 261.217 271.852 351.617 543.054 785.009 785.009 808.938 995.057 1082.8 1720.92 1790.05 2013.39 2850.93 3106.18 3467.78 
-6.27744e+66 -6.27744e+66 -6.27744e+66 -6.27744e+66 -6.27744e+66 -6.27744e+66 -6.27744e+66 -6.27744e+66 -6.27744e+66 -6.27744e+66 64.4621 112.321 165.498 173.475 237.287 396.818 604.207 604.207 625.478 792.985 872.751 1457.7 1521.51 1728.9 2510.6 2749.89 3090.23 
-6.27744e+66 -6.27744e+66 -6.27744e+66 -6.27744e+66 -6.27744e+66 -6.27744e+66 -6.27744e+66 -6.27744e+66 -6.27744e+66 -6.27744e+66 -6.27744e+66 64.4621 91.0505 96.3682 144.227 271.852 444.677 444.677 463.289 612.184 683.973 1215.74 1274.24 1465.67 2191.54 2414.88 2733.94 
-6.27744e+66 -6.27744e+66 -6.27744e+66 -6.27744e+66 -6.27744e+66 -6.27744e+66 -6.27744e+66 -6.27744e+66 -6.27744e+66 -6.27744e+66 -6.27744e+66 -6.27744e+66 64.4621 67.1209 99.0271 194.745 333.005 333.005 348.958 479.242 543.054 1021.65 1074.82 1250.31 1920.33 2127.72 2425.52 
-6.27744e+66 -6.27744e+66 -6.27744e+66 -6.27744e+66 -6.27744e+66 -6.27744e+66 -6.27744e+66 -6.27744e+66 -6.27744e+66 -6.27744e+66 -6.27744e+66 -6.27744e+66 -6.27744e+66 64.4621 80.4152 144.227 247.922 247.922 261.217 372.888 428.724 854.139 901.998 1061.53 1675.72 1867.16 2143.68 
-6.27744e+66 -6.27744e+66 -6.27744e+66 -6.27744e+66 -6.27744e+66 -6.27744e+66 -6.27744e+66 -6.27744e+66 -6.27744e+66 -6.27744e+66 -6.27744e+66 -6.27744e+66 -6.27744e+66 -6.27744e+66 64.4621 96.3682 165.498 165.498 176.134 269.193 317.052 689.29 731.832 875.409 1433.77 1609.25 1864.5 
-6.27744e+66 -6.27744e+66 -6.27744e+66 -6.27744e+66 -6.27744e+66 -6.27744e+66 -6.27744e+66 -6.27744e+66 -6.27744e+66 -6.27744e+66 -6.27744e+66 -6.27744e+66 -6.27744e+66 -6.27744e+66 -6.27744e+66 64.4621 99.0271 99.0271 107.004 181.451 221.334 540.395 577.619 705.243 1207.76 1367.3 1601.27 
-6.27744e+66 -6.27744e+66 -6.27744e+66 -6.27744e+66 -6.27744e+66 -6.27744e+66 -6.27744e+66 -6.27744e+66 -6.27744e+66 -6.27744e+66 -6.27744e+66 -6.27744e+66 -6.27744e+66 -6.27744e+66 -6.27744e+66 -6.27744e+66 64.4621 64.4621 69.7798 125.615 157.522 423.406 455.312 566.984 1013.67 1157.25 1369.95 
-6.27744e+66 -6.27744e+66 -6.27744e+66 -6.27744e+66 -6.27744e+66 -6.27744e+66 -6.27744e+66 -6.27744e+66 -6.27744e+66 -6.27744e+66 -6.27744e+66 -6.27744e+66 -6.27744e+66 -6.27744e+66 -6.27744e+66 -6.27744e+66 -6.27744e+66 64.4621 67.1209 104.345 128.274 340.982 367.57 463.289 854.139 981.763 1173.2 
-6.27744e+66 -6.27744e+66 -6.27744e+66 -6.27744e+66 -6.27744e+66 -6.27744e+66 -6.27744e+66 -6.27744e+66 -6.27744e+66 -6.27744e+66 -6.27744e+66 -6.27744e+66 -6.27744e+66 -6.27744e+66 -6.27744e+66 -6.27744e+66 -6.27744e+66 -6.27744e+66 64.4621 83.074 99.0271 258.558 279.828 359.594 694.608 806.279 976.445 
-6.27744e+66 -6.27744e+66 -6.27744e+66 -6.27744e+66 -6.27744e+66 -6.27744e+66 -6.27744e+66 -6.27744e+66 -6.27744e+66 -6.27744e+66 -6.27744e+66 -6.27744e+66 -6.27744e+66 -6.27744e+66 -6.27744e+66 -6.27744e+66 -6.27744e+66 -6.27744e+66 -6.27744e+66 64.4621 72.4386 178.792 194.745 258.558 537.736 633.455 782.35 
-6.27744e+66 -6.27744e+66 -6.27744e+66 -6.27744e+66 -6.27744e+66 -6.27744e+66 -6.27744e+66 -6.27744e+66 -6.27744e+66 -6.27744e+66 -6.27744e+66 -6.27744e+66 -6.27744e+66 -6.27744e+66 -6.27744e+66 -6.27744e+66 -6.27744e+66 -6.27744e+66 -6.27744e+66 -6.27744e+66 64.4621 117.639 128.274 176.134 399.476 479.242 606.866 
-6.27744e+66 -6.27744e+66 -6.27744e+66 -6.27744e+66 -6.27744e+66 -6.27744e+66 -6.27744e+66 -6.27744e+66 -6.27744e+66 -6.27744e+66 -6.27744e+66 -6.27744e+66 -6.27744e+66 -6.27744e+66 -6.27744e+66 -6.27744e+66 -6.27744e+66 -6.27744e+66 -6.27744e+66 -6.27744e+66 -6.27744e+66 64.4621 69.7798 101.686 269.193 333.005 439.359 
-6.27744e+66 -6.27744e+66 -6.27744e+66 -6.27744e+66 -6.27744e+66 -6.27744e+66 -6.27744e+66 -6.27744e+66 -6.27744e+66 -6.27744e+66 -6.27744e+66 -6.27744e+66 -6.27744e+66 -6.27744e+66 -6.27744e+66 -6.27744e+66 -6.27744e+66 -6.27744e+66 -6.27744e+66 -6.27744e+66 -6.27744e+66 -6.27744e+66 64.4621 80.4152 192.087 239.946 325.029 
-6.27744e+66 -6.27744e+66 -6.27744e+66 -6.27744e+66 -6.27744e+66 -6.27744e+66 -6.27744e+66 -6.27744e+66 -6.27744e+66 -6.27744e+66 -6.27744e+66 -6.27744e+66 -6.27744e+66 -6.27744e+66 -6.27744e+66 -6.27744e+66 -6.27744e+66 -6.27744e+66 -6.27744e+66 -6.27744e+66 -6.27744e+66 -6.27744e+66 -6.27744e+66 64.4621 120.298 152.204 216.016 
-6.27744e+66 -6.27744e+66 -6.27744e+66 -6.27744e+66 -6.27744e+66 -6.27744e+66 -6.27744e+66 -6.27744e+66 -6.27744e+66 -6.27744e+66 -6.27744e+66 -6.27744e+66 -6.27744e+66 -6.27744e+66 -6.27744e+66 -6.27744e+66 -6.27744e+66 -6.27744e+66 -6.27744e+66 -6.27744e+66 -6.27744e+66 -6.27744e+66 -6.27744e+66 -6.27744e+66 64.4621 80.4152 122.957 
-6.27744e+66 -6.27744e+66 -6.27744e+66 -6.27744e+66 -6.27744e+66 -6.27744e+66 -6.27744e+66 -6.27744e+66 -6.27744e+66 -6.27744e+66 -6.27744e+66 -6.27744e+66 -6.27744e+66 -6.27744e+66 -6.27744e+66 -6.27744e+66 -6.27744e+66 -6.27744e+66 -6.27744e+66 -6.27744e+66 -6.27744e+66 -6.27744e+66 -6.27744e+66 -6.27744e+66 -6.27744e+66 64.4621 85.7328 
-6.27744e+66 -6.27744e+66 -6.27744e+66 -6.27744e+66 -6.27744e+66 -6.27744e+66 -6.27744e+66 -6.27744e+66 -6.27744e+66 -6.27744e+66 -6.27744e+66 -6.27744e+66 -6.27744e+66 -6.27744e+66 -6.27744e+66 -6.27744e+66 -6.27744e+66 -6.27744e+66 -6.27744e+66 -6.27744e+66 -6.27744e+66 -6.27744e+66 -6.27744e+66 -6.27744e+66 -6.27744e+66 -6.27744e+66 64.4621 
-6.27744e+66 -6.27744e+66 -6.27744e+66 -6.27744e+66 -6.27744e+66 -6.27744e+66 -6.27744e+66 -6.27744e+66 -6.27744e+66 -6.27744e+66 -6.27744e+66 -6.27744e+66 -6.27744e+66 -6.27744e+66 -6.27744e+66 -6.27744e+66 -6.27744e+66 -6.27744e+66 -6.27744e+66 -6.27744e+66 -6.27744e+66 -6.27744e+66 -6.27744e+66 -6.27744e+66 -6.27744e+66 -6.27744e+66 -6.27744e+66 
-6.27744e+66 229.176 238.021 320.574 594.77 1007.54 1346.6 1399.67 1709.24 2251.74 2755.9 2991.77 4256.6 4645.79 4990.74 6063.94 6683.09 7768.07 7818.2 9091.88 9764.1 11533.1 13638.2 14157.1 14360.6 16129.6 16424.4 
-6.27744e+66 -6.27744e+66 229.176 270.453 453.25 762.825 1034.07 1078.3 1343.65 1818.33 2266.48 2478.76 3628.61 3985.36 4303.78 5300.32 5878.19 6895.37 6942.54 8145.46 8782.3 10462.9 12467.7 12963 13157.6 14852.9 15136 
-6.27744e+66 -6.27744e+66 -6.27744e+66 229.176 320.574 526.958 730.393 765.773 986.899 1393.77 1785.9 1974.59 3009.46 3333.78 3625.66 4545.54 5082.14 6031.5 6075.73 7207.89 7809.35 9401.45 11306.1 11777.8 11963.6 13585.1 13856.4 
-6.27744e+66 -6.27744e+66 -6.27744e+66 -6.27744e+66 229.176 332.368 467.991 494.526 671.427 1010.49 1346.6 1511.7 2431.58 2723.47 2988.82 3832.04 4327.36 5208.92 5250.19 6311.6 6877.68 8381.33 10185.7 10633.9 10810.8 12358.6 12618.1 
-6.27744e+66 -6.27744e+66 -6.27744e+66 -6.27744e+66 -6.27744e+66 229.176 296.988 314.678 447.353 718.6 998.692 1140.21 1945.11 2204.56 2443.38 3209.95 3663.99 4477.73 4516.06 5506.7 6037.4 7452.6 9156.74 9581.3 9749.36 11223.5 11471.2 
-6.27744e+66 -6.27744e+66 -6.27744e+66 -6.27744e+66 -6.27744e+66 -6.27744e+66 229.176 238.021 326.471 529.906 753.98 871.914 1561.82 1788.85 2001.13 2691.04 3103.8 3849.73 3885.11 4805 5300.32 6627.07 8230.96 8631.94 8791.15 10191.6 10427.5 
-6.27744e+66 -6.27744e+66 -6.27744e+66 -6.27744e+66 -6.27744e+66 -6.27744e+66 -6.27744e+66 229.176 273.401 409.025 577.08 671.427 1246.35 1440.94 1626.69 2239.94 2611.43 3289.55 3321.98 4171.1 4631.04 5869.35 7373 7750.38 7900.75 9227.5 9451.58 
-6.27744e+66 -6.27744e+66 -6.27744e+66 -6.27744e+66 -6.27744e+66 -6.27744e+66 -6.27744e+66 -6.27744e+66 229.176 296.988 409.025 479.785 939.725 1101.88 1261.09 1797.69 2127.91 2738.21 2767.69 3546.06 3970.62 5120.47 6523.88 6877.68 7019.2 8272.24 8484.52 
-6.27744e+66 -6.27744e+66 -6.27744e+66 -6.27744e+66 -6.27744e+66 -6.27744e+66 -6.27744e+66 -6.27744e+66 -6.27744e+66 229.176 285.194 332.368 677.323 807.05 939.725 1399.67 1688.6 2231.1 2257.63 2965.23 3354.41 4415.82 5718.98 6049.19 6181.87 7361.2 7561.69 
-6.27744e+66 -6.27744e+66 -6.27744e+66 -6.27744e+66 -6.27744e+66 -6.27744e+66 -6.27744e+66 -6.27744e+66 -6.27744e+66 -6.27744e+66 229.176 252.763 482.733 580.028 686.168 1069.45 1317.11 1791.79 1815.38 2452.22 2806.02 3778.97 4981.9 5288.52 5412.35 6517.98 6706.67 
-6.27744e+66 -6.27744e+66 -6.27744e+66 -6.27744e+66 -6.27744e+66 -6.27744e+66 -6.27744e+66 -6.27744e+66 -6.27744e+66 -6.27744e+66 -6.27744e+66 229.176 344.161 409.025 488.63 795.257 1001.64 1408.51 1429.15 1995.23 2313.65 3198.15 4300.83 4583.87 4698.86 5730.77 5907.67 
-6.27744e+66 -6.27744e+66 -6.27744e+66 -6.27744e+66 -6.27744e+66 -6.27744e+66 -6.27744e+66 -6.27744e+66 -6.27744e+66 -6.27744e+66 -6.27744e+66 -6.27744e+66 229.176 261.608 314.678 544.648 709.755 1048.81 1066.5 1561.82 1844.86 2640.92 3643.35 3902.8 4008.94 4967.15 5132.26 
-6.27744e+66 -6.27744e+66 -6.27744e+66 -6.27744e+66 -6.27744e+66 -6.27744e+66 -6.27744e+66 -6.27744e+66 -6.27744e+66 -6.27744e+66 -6.27744e+66 -6.27744e+66 -6.27744e+66 229.176 255.711 409.025 532.855 804.102 818.843 1243.4 1491.06 2198.67 3100.86 3336.72 3434.02 4318.52 4471.83 
-6.27744e+66 -6.27744e+66 -6.27744e+66 -6.27744e+66 -6.27744e+66 -6.27744e+66 -6.27744e+66 -6.27744e+66 -6.27744e+66 -6.27744e+66 -6.27744e+66 -6.27744e+66 -6.27744e+66 -6.27744e+66 229.176 305.833 388.386 591.822 603.615 957.415 1169.7 1788.85 2590.79 2803.07 2891.52 3702.32 3843.84 
-6.27744e+66 -6.27744e+66 -6.27744e+66 -6.27744e+66 -6.27744e+66 -6.27744e+66 -6.27744e+66 -6.27744e+66 -6.27744e+66 -6.27744e+66 -6.27744e+66 -6.27744e+66 -6.27744e+66 -6.27744e+66 -6.27744e+66 229.176 270.453 406.076 414.921 697.962 874.862 1405.56 2107.27 2295.96 2375.57 3112.65 3242.38 
-6.27744e+66 -6.27744e+66 -6.27744e+66 -6.27744e+66 -6.27744e+66 -6.27744e+66 -6.27744e+66 -6.27744e+66 -6.27744e+66 -6.27744e+66 -6.27744e+66 -6.27744e+66 -6.27744e+66 -6.27744e+66 -6.27744e+66 -6.27744e+66 229.176 296.988 302.884 515.165 656.685 1098.94 1700.4 1865.5 1936.26 2599.64 2717.57 
-6.27744e+66 -6.27744e+66 -6.27744e+66 -6.27744e+66 -6.27744e+66 -6.27744e+66 -6.27744e+66 -6.27744e+66 -6.27744e+66 -6.27744e+66 -6.27744e+66 -6.27744e+66 -6.27744e+66 -6.27744e+66 -6.27744e+66 -6.27744e+66 -6.27744e+66 229.176 232.124 373.645 479.785 833.585 1334.8 1476.32 1538.24 2127.91 2234.05 
-6.27744e+66 -6.27744e+66 -6.27744e+66 -6.27744e+66 -6.27744e+66 -6.27744e+66 -6.27744e+66 -6.27744e+66 -6.27744e+66 -6.27744e+66 -6.27744e+66 -6.27744e+66 -6.27744e+66 -6.27744e+66 -6.27744e+66 -6.27744e+66 -6.27744e+66 -6.27744e+66 229.176 299.936 370.696 636.047 1037.02 1154.95 1208.02 1723.98 1818.33 
-6.27744e+66 -6.27744e+66 -6.27744e+66 -6.27744e+66 -6.27744e+66 -6.27744e+66 -6.27744e+66 -6.27744e+66 -6.27744e+66 -6.27744e+66 -6.27744e+66 -6.27744e+66 -6.27744e+66 -6.27744e+66 -6.27744e+66 -6.27744e+66 -6.27744e+66 -6.27744e+66 -6.27744e+66 229.176 264.556 441.456 742.187 836.534 880.759 1323.01 1405.56 
-6.27744e+66 -6.27744e+66 -6.27744e+66 -6.27744e+66 -6.27744e+66 -6.27744e+66 -6.27744e+66 -6.27744e+66 -6.27744e+66 -6.27744e+66 -6.27744e+66 -6.27744e+66 -6.27744e+66 -6.27744e+66 -6.27744e+66 -6.27744e+66 -6.27744e+66 -6.27744e+66 -6.27744e+66 -6.27744e+66 229.176 317.626 518.113 588.873 624.253 992.795 1063.56 
-6.27744e+66 -6.27744e+66 -6.27744e+66 -6.27744e+66 -6.27744e+66 -6.27744e+66 -6.27744e+66 -6.27744e+66 -6.27744e+66 -6.27744e+66 -6.27744e+66 -6.27744e+66 -6.27744e+66 -6.27744e+66 -6.27744e+66 -6.27744e+66 -6.27744e+66 -6.27744e+66 -6.27744e+66 -6.27744e+66 -6.27744e+66 229.176 329.419 376.593 403.128 697.962 756.928 
-6.27744e+66 -6.27744e+66 -6.27744e+66 -6.27744e+66 -6.27744e+66 -6.27744e+66 -6.27744e+66 -6.27744e+66 -6.27744e+66 -6.27744e+66 -6.27744e+66 -6.27744e+66 -6.27744e+66 -6.27744e+66 -6.27744e+66 -6.27744e+66 -6.27744e+66 -6.27744e+66 -6.27744e+66 -6.27744e+66 -6.27744e+66 -6.27744e+66 229.176 252.763 270.453 491.578 538.751 
-6.27744e+66 -6.27744e+66 -6.27744e+66 -6.27744e+66 -6.27744e+66 -6.27744e+66 -6.27744e+66 -6.27744e+66 -6.27744e+66 -6.27744e+66 -6.27744e+66 -6.27744e+66 -6.27744e+66 -6.27744e+66 -6.27744e+66 -6.27744e+66 -6.27744e+66 -6.27744e+66 -6.27744e+66 -6.27744e+66 -6.27744e+66 -6.27744e+66 -6.27744e+66 229.176 238.021 385.438 420.818 
-6.27744e+66 -6.27744e+66 -6.27744e+66 -6.27744e+66 -6.27744e+66 -6.27744e+66 -6.27744e+66 -6.27744e+66 -6.27744e+66 -6.27744e+66 -6.27744e+66 -6.27744e+66 -6.27744e+66 -6.27744e+66 -6.27744e+66 -6.27744e+66 -6.27744e+66 -6.27744e+66 -6.27744e+66 -6.27744e+66 -6.27744e+66 -6.27744e+66 -6.27744e+66 -6.27744e+66 229.176 302.884 326.471 
-6.27744e+66 -6.27744e+66 -6.27744e+66 -6.27744e+66 -6.27744e+66 -6.27744e+66 -6.27744e+66 -6.27744e+66 -6.27744e+66 -6.27744e+66 -6.27744e+66 -6.27744e+66 -6.27744e+66 -6.27744e+66 -6.27744e+66 -6.27744e+66 -6.27744e+66 -6.27744e+66 -6.27744e+66 -6.27744e+66 -6.27744e+66 -6.27744e+66 -6.27744e+66 -6.27744e+66 -6.27744e+66 229.176 240.969 
-6.27744e+66 -6.27744e+66 -6.27744e+66 -6.27744e+66 -6.27744e+66 -6.27744e+66 -6.27744e+66 -6.27744e+66 -6.27744e+66 -6.27744e+66 -6.27744e+66 -6.27744e+66 -6.27744e+66 -6.27744e+66 -6.27744e+66 -6.27744e+66 -6.27744e+66 -6.27744e+66 -6.27744e+66 -6.27744e+66 -6.27744e+66 -6.27744e+66 -6.27744e+66 -6.27744e+66 -6.27744e+66 -6.27744e+66 229.176 
-6.27744e+66 -6.27744e+66 -6.27744e+66 -6.27744e+66 -6.27744e+66 -6.27744e+66 -6.27744e+66 -6.27744e+66 -6.27744e+66 -6.27744e+66 -6.27744e+66 -6.27744e+66 -6.27744e+66 -6.27744e+66 -6.27744e+66 -6.27744e+66 -6.27744e+66 -6.27744e+66 -6.27744e+66 -6.27744e+66 -6.27744e+66 -6.27744e+66 -6.27744e+66 -6.27744e+66 -6.27744e+66 -6.27744e+66 -6.27744e+66 
-6.27744e+66 266.323 323.287 545.967 763.468 1012.04 1037.93 1162.22 1905.35 2278.21 3280.26 4134.73 4704.37 5791.88 7037.33 8668.59 9561.89 10514.8 10910.9 12169.3 12808.9 12964.2 14758.6 16524.5 17060.5 17495.5 19308 
-6.27744e+66 -6.27744e+66 266.323 377.663 522.663 709.092 729.807 833.379 1470.35 1796.6 2687.31 3456.33 3974.19 4971.07 6120.72 7635.46 8469.21 9362.52 9735.37 10923.9 11529.8 11677.3 13386.3 15071.9 15584.6 16001.5 17741.5 
-6.27744e+66 -6.27744e+66 -6.27744e+66 266.323 338.823 463.109 478.645 561.503 1092.31 1371.95 2151.33 2834.9 3300.98 4207.23 5261.07 6659.29 7433.49 8267.24 8616.8 9735.37 10307.6 10447.4 12070.9 13676.3 14165.7 14564.4 16231.9 
-6.27744e+66 -6.27744e+66 -6.27744e+66 -6.27744e+66 266.323 328.466 338.823 400.966 825.611 1058.65 1726.69 2324.81 2739.1 3554.73 4512.77 5794.47 6509.11 7283.31 7609.56 8658.23 9196.8 9328.86 10866.9 12392 12858.1 13238.7 14833.7 
-6.27744e+66 -6.27744e+66 -6.27744e+66 -6.27744e+66 -6.27744e+66 266.323 271.502 312.93 631.414 817.843 1374.54 1887.22 2249.72 2974.73 3836.96 5002.14 5657.24 6371.88 6674.83 7653.58 8158.49 8282.78 9735.37 11180.2 11623 11985.5 13508 
-6.27744e+66 -6.27744e+66 -6.27744e+66 -6.27744e+66 -6.27744e+66 -6.27744e+66 266.323 287.037 499.359 639.181 1084.54 1511.77 1822.49 2456.87 3223.3 4271.96 4867.5 5522.59 5802.24 6711.08 7182.33 7298.85 8666 10030.6 10450 10794.4 12244.4 
-6.27744e+66 -6.27744e+66 -6.27744e+66 -6.27744e+66 -6.27744e+66 -6.27744e+66 -6.27744e+66 266.323 372.484 465.699 799.718 1141.5 1400.43 1944.19 2614.81 3546.96 4082.94 4678.48 4934.82 5773.75 6211.34 6320.09 7601.8 8886.09 9282.25 9608.5 10986 
-6.27744e+66 -6.27744e+66 -6.27744e+66 -6.27744e+66 -6.27744e+66 -6.27744e+66 -6.27744e+66 -6.27744e+66 266.323 312.93 535.61 791.95 999.093 1452.22 2027.04 2842.67 3319.1 3855.09 4088.12 4857.14 5261.07 5362.06 6558.31 7762.33 8135.19 8443.32 9748.32 
-6.27744e+66 -6.27744e+66 -6.27744e+66 -6.27744e+66 -6.27744e+66 -6.27744e+66 -6.27744e+66 -6.27744e+66 -6.27744e+66 266.323 377.663 548.556 703.914 1066.42 1545.43 2244.54 2661.42 3137.85 3347.58 4046.69 4416.96 4510.18 5620.99 6744.74 7094.29 7384.29 8616.8 
-6.27744e+66 -6.27744e+66 -6.27744e+66 -6.27744e+66 -6.27744e+66 -6.27744e+66 -6.27744e+66 -6.27744e+66 -6.27744e+66 -6.27744e+66 266.323 351.77 455.341 727.217 1110.43 1693.02 2050.35 2467.22 2653.65 3282.85 3619.46 3704.91 4730.27 5773.75 6100 6371.88 7531.88 
-6.27744e+66 -6.27744e+66 -6.27744e+66 -6.27744e+66 -6.27744e+66 -6.27744e+66 -6.27744e+66 -6.27744e+66 -6.27744e+66 -6.27744e+66 -6.27744e+66 266.323 318.109 499.359 786.771 1252.84 1550.61 1907.94 2071.06 2630.35 2933.3 3010.98 3950.89 4914.11 5217.05 5470.81 6558.31 
-6.27744e+66 -6.27744e+66 -6.27744e+66 -6.27744e+66 -6.27744e+66 -6.27744e+66 -6.27744e+66 -6.27744e+66 -6.27744e+66 -6.27744e+66 -6.27744e+66 -6.27744e+66 266.323 356.948 548.556 898.111 1136.33 1434.09 1573.92 2063.29 2332.58 2402.49 3256.96 4139.91 4419.55 4655.18 5670.18 
-6.27744e+66 -6.27744e+66 -6.27744e+66 -6.27744e+66 -6.27744e+66 -6.27744e+66 -6.27744e+66 -6.27744e+66 -6.27744e+66 -6.27744e+66 -6.27744e+66 -6.27744e+66 -6.27744e+66 266.323 362.127 595.163 773.825 1012.04 1128.56 1548.02 1783.65 1845.79 2614.81 3417.49 3673.84 3891.34 4833.84 
-6.27744e+66 -6.27744e+66 -6.27744e+66 -6.27744e+66 -6.27744e+66 -6.27744e+66 -6.27744e+66 -6.27744e+66 -6.27744e+66 -6.27744e+66 -6.27744e+66 -6.27744e+66 -6.27744e+66 -6.27744e+66 266.323 382.841 501.949 680.61 773.825 1123.38 1325.34 1379.72 2063.29 2785.71 3018.74 3218.12 4088.12 
-6.27744e+66 -6.27744e+66 -6.27744e+66 -6.27744e+66 -6.27744e+66 -6.27744e+66 -6.27744e+66 -6.27744e+66 -6.27744e+66 -6.27744e+66 -6.27744e+66 -6.27744e+66 -6.27744e+66 -6.27744e+66 -6.27744e+66 266.323 325.877 444.984 514.895 794.539 962.843 1009.45 1607.58 2249.72 2459.46 2640.71 3438.21 
-6.27744e+66 -6.27744e+66 -6.27744e+66 -6.27744e+66 -6.27744e+66 -6.27744e+66 -6.27744e+66 -6.27744e+66 -6.27744e+66 -6.27744e+66 -6.27744e+66 -6.27744e+66 -6.27744e+66 -6.27744e+66 -6.27744e+66 -6.27744e+66 266.323 325.877 372.484 582.217 716.86 755.7 1268.38 1830.26 2016.69 2179.81 2904.81 
-6.27744e+66 -6.27744e+66 -6.27744e+66 -6.27744e+66 -6.27744e+66 -6.27744e+66 -6.27744e+66 -6.27744e+66 -6.27744e+66 -6.27744e+66 -6.27744e+66 -6.27744e+66 -6.27744e+66 -6.27744e+66 -6.27744e+66 -6.27744e+66 -6.27744e+66 266.323 289.627 429.449 530.431 561.503 988.736 1470.35 1633.47 1778.47 2430.97 
-6.27744e+66 -6.27744e+66 -6.27744e+66 -6.27744e+66 -6.27744e+66 -6.27744e+66 -6.27744e+66 -6.27744e+66 -6.27744e+66 -6.27744e+66 -6.27744e+66 -6.27744e+66 -6.27744e+66 -6.27744e+66 -6.27744e+66 -6.27744e+66 -6.27744e+66 -6.27744e+66 266.323 336.234 403.556 426.859 768.646 1169.99 1309.81 1436.68 2016.69 
-6.27744e+66 -6.27744e+66 -6.27744e+66 -6.27744e+66 -6.27744e+66 -6.27744e+66 -6.27744e+66 -6.27744e+66 -6.27744e+66 -6.27744e+66 -6.27744e+66 -6.27744e+66 -6.27744e+66 -6.27744e+66 -6.27744e+66 -6.27744e+66 -6.27744e+66 -6.27744e+66 -6.27744e+66 266.323 299.984 315.52 571.86 892.932 1009.45 1118.2 1625.7 
-6.27744e+66 -6.27744e+66 -6.27744e+66 -6.27744e+66 -6.27744e+66 -6.27744e+66 -6.27744e+66 -6.27744e+66 -6.27744e+66 -6.27744e+66 -6.27744e+66 -6.27744e+66 -6.27744e+66 -6.27744e+66 -6.27744e+66 -6.27744e+66 -6.27744e+66 -6.27744e+66 -6.27744e+66 -6.27744e+66 266.323 274.091 444.984 685.789 779.003 869.629 1304.63 
-6.27744e+66 -6.27744e+66 -6.27744e+66 -6.27744e+66 -6.27744e+66 -6.27744e+66 -6.27744e+66 -6.27744e+66 -6.27744e+66 -6.27744e+66 -6.27744e+66 -6.27744e+66 -6.27744e+66 -6.27744e+66 -6.27744e+66 -6.27744e+66 -6.27744e+66 -6.27744e+66 -6.27744e+66 -6.27744e+66 -6.27744e+66 266.323 351.77 512.306 582.217 654.717 1017.22 
-6.27744e+66 -6.27744e+66 -6.27744e+66 -6.27744e+66 -6.27744e+66 -6.27744e+66 -6.27744e+66 -6.27744e+66 -6.27744e+66 -6.27744e+66 -6.27744e+66 -6.27744e+66 -6.27744e+66 -6.27744e+66 -6.27744e+66 -6.27744e+66 -6.27744e+66 -6.27744e+66 -6.27744e+66 -6.27744e+66 -6.27744e+66 -6.27744e+66 266.323 346.591 393.198 447.574 737.575 
-6.27744e+66 -6.27744e+66 -6.27744e+66 -6.27744e+66 -6.27744e+66 -6.27744e+66 -6.27744e+66 -6.27744e+66 -6.27744e+66 -6.27744e+66 -6.27744e+66 -6.27744e+66 -6.27744e+66 -6.27744e+66 -6.27744e+66 -6.27744e+66 -6.27744e+66 -6.27744e+66 -6.27744e+66 -6.27744e+66 -6.27744e+66 -6.27744e+66 -6.27744e+66 266.323 289.627 325.877 543.378 
-6.27744e+66 -6.27744e+66 -6.27744e+66 -6.27744e+66 -6.27744e+66 -6.27744e+66 -6.27744e+66 -6.27744e+66 -6.27744e+66 -6.27744e+66 -6.27744e+66 -6.27744e+66 -6.27744e+66 -6.27744e+66 -6.27744e+66 -6.27744e+66 -6.27744e+66 -6.27744e+66 -6.27744e+66 -6.27744e+66 -6.27744e+66 -6.27744e+66 -6.27744e+66 -6.27744e+66 266.323 284.448 429.449 
-6.27744e+66 -6.27744e+66 -6.27744e+66 -6.27744e+66 -6.27744e+66 -6.27744e+66 -6.27744e+66 -6.27744e+66 -6.27744e+66 -6.27744e+66 -6.27744e+66 -6.27744e+66 -6.27744e+66 -6.27744e+66 -6.27744e+66 -6.27744e+66 -6.27744e+66 -6.27744e+66 -6.27744e+66 -6.27744e+66 -6.27744e+66 -6.27744e+66 -6.27744e+66 -6.27744e+66 -6.27744e+66 266.323 338.823 
-6.27744e+66 -6.27744e+66 -6.27744e+66 -6.27744e+66 -6.27744e+66 -6.27744e+66 -6.27744e+66 -6.27744e+66 -6.27744e+66 -6.27744e+66 -6.27744e+66 -6.27744e+66 -6.27744e+66 -6.27744e+66 -6.27744e+66 -6.27744e+66 -6.27744e+66 -6.27744e+66 -6.27744e+66 -6.27744e+66 -6.27744e+66 -6.27744e+66 -6.27744e+66 -6.27744e+66 -6.27744e+66 -6.27744e+66 266.323 
-6.27744e+66 -6.27744e+66 -6.27744e+66 -6.27744e+66 -6.27744e+66 -6.27744e+66 -6.27744e+66 -6.27744e+66 -6.27744e+66 -6.27744e+66 -6.27744e+66 -6.27744e+66 -6.27744e+66 -6.27744e+66 -6.27744e+66 -6.27744e+66 -6.27744e+66 -6.27744e+66 -6.27744e+66 -6.27744e+66 -6.27744e+66 -6.27744e+66 -6.27744e+66 -6.27744e+66 -6.27744e+66 -6.27744e+66 -6.27744e+66 
-6.27744e+66 178.506 252.483 273.619 440.066 450.634 807.307 1124.35 1401.76 1803.35 1946.02 1972.44 2059.62 2662.01 3142.85 3660.69 4096.62 4942.07 6558.98 7985.68 8939.45 9784.89 10117.8 10408.4 10894.5 11592 13309.3 
-6.27744e+66 -6.27744e+66 178.506 189.074 300.039 307.965 593.304 857.506 1095.29 1446.68 1573.49 1597.27 1676.53 2228.71 2672.57 3153.42 3560.29 4352.9 5874.7 7222.13 8125.7 8928.88 9245.92 9523.33 9988.33 10656.8 12305.4 
-6.27744e+66 -6.27744e+66 -6.27744e+66 178.506 233.989 239.273 453.277 664.638 862.79 1163.98 1274.94 1296.08 1367.42 1869.4 2276.27 2720.13 3097.94 3837.7 5264.4 6532.56 7385.94 8146.84 8448.03 8712.23 9156.09 9795.46 11375.4 
-6.27744e+66 -6.27744e+66 -6.27744e+66 -6.27744e+66 178.506 181.148 323.818 482.339 640.86 891.852 986.965 1005.46 1068.87 1520.65 1890.54 2297.41 2646.15 3333.08 4664.66 5853.57 6656.74 7375.37 7660.71 7911.7 8334.42 8944.73 10456 
-6.27744e+66 -6.27744e+66 -6.27744e+66 -6.27744e+66 -6.27744e+66 178.506 249.841 355.522 474.413 675.206 754.467 770.319 825.801 1227.39 1560.28 1930.17 2249.85 2883.93 4120.4 5230.05 5983.02 6659.38 6928.87 7166.65 7568.24 8149.48 9592.02 
-6.27744e+66 -6.27744e+66 -6.27744e+66 -6.27744e+66 -6.27744e+66 -6.27744e+66 178.506 231.347 310.607 461.203 524.611 537.821 585.378 936.766 1232.67 1565.57 1856.19 2437.43 3578.79 4609.17 5311.95 5946.04 6199.67 6424.24 6804.69 7356.88 8730.73 
-6.27744e+66 -6.27744e+66 -6.27744e+66 -6.27744e+66 -6.27744e+66 -6.27744e+66 -6.27744e+66 178.506 218.137 318.533 366.09 376.658 416.288 717.479 976.396 1272.3 1533.86 2062.27 3108.51 4059.63 4712.21 5304.03 5541.81 5753.17 6112.48 6635.6 7940.76 
-6.27744e+66 -6.27744e+66 -6.27744e+66 -6.27744e+66 -6.27744e+66 -6.27744e+66 -6.27744e+66 -6.27744e+66 178.506 228.705 260.409 268.335 300.039 551.031 772.961 1031.88 1264.38 1739.94 2691.07 3562.93 4165.31 4714.85 4936.78 5134.94 5473.11 5967.17 7203.64 
-6.27744e+66 -6.27744e+66 -6.27744e+66 -6.27744e+66 -6.27744e+66 -6.27744e+66 -6.27744e+66 -6.27744e+66 -6.27744e+66 178.506 194.359 199.643 223.421 424.214 609.156 831.085 1034.52 1457.24 2313.26 3105.86 3658.05 4165.31 4371.39 4556.33 4873.38 5338.37 6506.14 
-6.27744e+66 -6.27744e+66 -6.27744e+66 -6.27744e+66 -6.27744e+66 -6.27744e+66 -6.27744e+66 -6.27744e+66 -6.27744e+66 -6.27744e+66 178.506 181.148 197.001 347.596 495.549 680.49 854.864 1224.75 1985.65 2698.99 3200.98 3665.97 3856.2 4027.93 4323.84 4759.77 5858.85 
-6.27744e+66 -6.27744e+66 -6.27744e+66 -6.27744e+66 -6.27744e+66 -6.27744e+66 -6.27744e+66 -6.27744e+66 -6.27744e+66 -6.27744e+66 -6.27744e+66 178.506 186.432 286.829 397.794 545.747 691.058 1008.1 1673.89 2307.97 2759.76 3182.48 3356.86 3515.38 3790.15 4197.02 5227.41 
-6.27744e+66 -6.27744e+66 -6.27744e+66 -6.27744e+66 -6.27744e+66 -6.27744e+66 -6.27744e+66 -6.27744e+66 -6.27744e+66 -6.27744e+66 -6.27744e+66 -6.27744e+66 178.506 228.705 302.681 413.646 529.895 794.097 1364.77 1919.6 2321.18 2701.64 2860.16 3005.47 3259.1 3636.91 4598.61 
-6.27744e+66 -6.27744e+66 -6.27744e+66 -6.27744e+66 -6.27744e+66 -6.27744e+66 -6.27744e+66 -6.27744e+66 -6.27744e+66 -6.27744e+66 -6.27744e+66 -6.27744e+66 -6.27744e+66 178.506 215.495 289.471 376.658 588.02 1063.58 1539.15 1890.54 2228.71 2371.38 2503.48 2735.98 3084.73 3977.73 
-6.27744e+66 -6.27744e+66 -6.27744e+66 -6.27744e+66 -6.27744e+66 -6.27744e+66 -6.27744e+66 -6.27744e+66 -6.27744e+66 -6.27744e+66 -6.27744e+66 -6.27744e+66 -6.27744e+66 -6.27744e+66 178.506 215.495 273.619 432.14 812.591 1208.89 1510.08 1805.99 1932.81 2051.7 2263.06 2582.74 3407.05 
-6.27744e+66 -6.27744e+66 -6.27744e+66 -6.27744e+66 -6.27744e+66 -6.27744e+66 -6.27744e+66 -6.27744e+66 -6.27744e+66 -6.27744e+66 -6.27744e+66 -6.27744e+66 -6.27744e+66 -6.27744e+66 -6.27744e+66 178.506 207.569 313.249 598.588 915.63 1166.62 1420.26 1531.22 1636.9 1827.13 2117.75 2873.37 
-6.27744e+66 -6.27744e+66 -6.27744e+66 -6.27744e+66 -6.27744e+66 -6.27744e+66 -6.27744e+66 -6.27744e+66 -6.27744e+66 -6.27744e+66 -6.27744e+66 -6.27744e+66 -6.27744e+66 -6.27744e+66 -6.27744e+66 -6.27744e+66 178.506 231.347 421.572 659.354 860.148 1071.51 1166.62 1259.09 1428.18 1689.74 2376.67 
-6.27744e+66 -6.27744e+66 -6.27744e+66 -6.27744e+66 -6.27744e+66 -6.27744e+66 -6.27744e+66 -6.27744e+66 -6.27744e+66 -6.27744e+66 -6.27744e+66 -6.27744e+66 -6.27744e+66 -6.27744e+66 -6.27744e+66 -6.27744e+66 -6.27744e+66 178.506 273.619 432.14 582.735 751.825 831.085 910.346 1058.3 1290.8 1909.03 
-6.27744e+66 -6.27744e+66 -6.27744e+66 -6.27744e+66 -6.27744e+66 -6.27744e+66 -6.27744e+66 -6.27744e+66 -6.27744e+66 -6.27744e+66 -6.27744e+66 -6.27744e+66 -6.27744e+66 -6.27744e+66 -6.27744e+66 -6.27744e+66 -6.27744e+66 -6.27744e+66 178.506 257.767 358.164 484.981 548.389 614.44 741.257 944.692 1494.23 
-6.27744e+66 -6.27744e+66 -6.27744e+66 -6.27744e+66 -6.27744e+66 -6.27744e+66 -6.27744e+66 -6.27744e+66 -6.27744e+66 -6.27744e+66 -6.27744e+66 -6.27744e+66 -6.27744e+66 -6.27744e+66 -6.27744e+66 -6.27744e+66 -6.27744e+66 -6.27744e+66 -6.27744e+66 178.506 228.705 313.249 360.806 413.646 519.327 693.7 1174.55 
-6.27744e+66 -6.27744e+66 -6.27744e+66 -6.27744e+66 -6.27744e+66 -6.27744e+66 -6.27744e+66 -6.27744e+66 -6.27744e+66 -6.27744e+66 -6.27744e+66 -6.27744e+66 -6.27744e+66 -6.27744e+66 -6.27744e+66 -6.27744e+66 -6.27744e+66 -6.27744e+66 -6.27744e+66 -6.27744e+66 178.506 220.779 252.483 292.113 376.658 521.969 934.124 
-6.27744e+66 -6.27744e+66 -6.27744e+66 -6.27744e+66 -6.27744e+66 -6.27744e+66 -6.27744e+66 -6.27744e+66 -6.27744e+66 -6.27744e+66 -6.27744e+66 -6.27744e+66 -6.27744e+66 -6.27744e+66 -6.27744e+66 -6.27744e+66 -6.27744e+66 -6.27744e+66 -6.27744e+66 -6.27744e+66 -6.27744e+66 178.506 194.359 220.779 284.187 400.436 743.899 
-6.27744e+66 -6.27744e+66 -6.27744e+66 -6.27744e+66 -6.27744e+66 -6.27744e+66 -6.27744e+66 -6.27744e+66 -6.27744e+66 -6.27744e+66 -6.27744e+66 -6.27744e+66 -6.27744e+66 -6.27744e+66 -6.27744e+66 -6.27744e+66 -6.27744e+66 -6.27744e+66 -6.27744e+66 -6.27744e+66 -6.27744e+66 -6.27744e+66 178.506 191.717 233.989 321.175 595.946 
-6.27744e+66 -6.27744e+66 -6.27744e+66 -6.27744e+66 -6.27744e+66 -6.27744e+66 -6.27744e+66 -6.27744e+66 -6.27744e+66 -6.27744e+66 -6.27744e+66 -6.27744e+66 -6.27744e+66 -6.27744e+66 -6.27744e+66 -6.27744e+66 -6.27744e+66 -6.27744e+66 -6.27744e+66 -6.27744e+66 -6.27744e+66 -6.27744e+66 -6.27744e+66 178.506 199.643 257.767 463.845 
-6.27744e+66 -6.27744e+66 -6.27744e+66 -6.27744e+66 -6.27744e+66 -6.27744e+66 -6.27744e+66 -6.27744e+66 -6.27744e+66 -6.27744e+66 -6.27744e+66 -6.27744e+66 -6.27744e+66 -6.27744e+66 -6.27744e+66 -6.27744e+66 -6.27744e+66 -6.27744e+66 -6.27744e+66 -6.27744e+66 -6.27744e+66 -6.27744e+66 -6.27744e+66 -6.27744e+66 178.506 207.569 344.954 
-6.27744e+66 -6.27744e+66 -6.27744e+66 -6.27744e+66 -6.27744e+66 -6.27744e+66 -6.27744e+66 -6.27744e+66 -6.27744e+66 -6.27744e+66 -6.27744e+66 -6.27744e+66 -6.27744e+66 -6.27744e+66 -6.27744e+66 -6.27744e+66 -6.27744e+66 -6.27744e+66 -6.27744e+66 -6.27744e+66 -6.27744e+66 -6.27744e+66 -6.27744e+66 -6.27744e+66 -6.27744e+66 178.506 247.199 
-6.27744e+66 -6.27744e+66 -6.27744e+66 -6.27744e+66 -6.27744e+66 -6.27744e+66 -6.27744e+66 -6.27744e+66 -6.27744e+66 -6.27744e+66 -6.27744e+66 -6.27744e+66 -6.27744e+66 -6.27744e+66 -6.27744e+66 -6.27744e+66 -6.27744e+66 -6.27744e+66 -6.27744e+66 -6.27744e+66 -6.27744e+66 -6.27744e+66 -6.27744e+66 -6.27744e+66 -6.27744e+66 -6.27744e+66 178.506 
-6.27744e+66 -6.27744e+66 -6.27744e+66 -6.27744e+66 -6.27744e+66 -6.27744e+66 -6.27744e+66 -6.27744e+66 -6.27744e+66 -6.27744e+66 -6.27744e+66 -6.27744e+66 -6.27744e+66 -6.27744e+66 -6.27744e+66 -6.27744e+66 -6.27744e+66 -6.27744e+66 -6.27744e+66 -6.27744e+66 -6.27744e+66 -6.27744e+66 -6.27744e+66 -6.27744e+66 -6.27744e+66 -6.27744e+66 -6.27744e+66 
-6.27744e+66 290.614 305.153 306.684 614.309 632.675 823.984 1361.18 1570.09 1594.58 1952.71 2794.47 3215.35 4363.2 5129.2 6832.62 7750.9 8424.31 9465.03 9699.2 10978.7 11223.5 11721.7 11755.4 12793.8 13308.1 15929 
-6.27744e+66 -6.27744e+66 290.614 291.379 496.462 510.237 663.284 1110.95 1290.01 1311.44 1629.78 2387.36 2769.98 3822.18 4529.26 6111 6968.07 7599.39 8578.89 8800.04 10012.2 10244.8 10719.3 10751.4 11744.7 12237.5 14753.6 
-6.27744e+66 -6.27744e+66 -6.27744e+66 290.614 393.155 402.338 517.124 875.255 1024.48 1042.84 1321.39 1994.8 2339.15 3295.7 3943.85 5403.92 6199.77 6789 7707.29 7915.43 9060.22 9280.61 9731.34 9761.95 10710.1 11181.5 13592.7 
-6.27744e+66 -6.27744e+66 -6.27744e+66 -6.27744e+66 290.614 295.205 371.729 640.327 759.704 775.009 1013.76 1602.99 1909.09 2769.98 3359.21 4697.61 5432.24 5979.38 6836.45 7031.58 8109.04 8317.18 8744.18 8773.26 9676.24 10126.2 12432.6 
-6.27744e+66 -6.27744e+66 -6.27744e+66 -6.27744e+66 -6.27744e+66 290.614 328.876 507.941 597.474 609.717 808.679 1313.74 1581.57 2346.8 2877.11 4093.84 4767.25 5272.3 6068.15 6250.28 7260.39 7456.29 7859.57 7887.12 8744.95 9173.48 11375.1 
-6.27744e+66 -6.27744e+66 -6.27744e+66 -6.27744e+66 -6.27744e+66 -6.27744e+66 290.614 380.146 439.835 449.018 608.187 1029.07 1258.64 1928.22 2399.61 3494.66 4106.85 4569.82 5304.44 5473.56 6416.33 6599.99 6979.55 7005.56 7818.25 8225.35 10322.1 
-6.27744e+66 -6.27744e+66 -6.27744e+66 -6.27744e+66 -6.27744e+66 -6.27744e+66 -6.27744e+66 290.614 320.458 326.58 445.957 782.661 973.97 1547.9 1960.36 2933.74 3484.71 3905.59 4579 4735.11 5610.54 5781.95 6137.79 6162.27 6929.81 7315.49 9307.4 
-6.27744e+66 -6.27744e+66 -6.27744e+66 -6.27744e+66 -6.27744e+66 -6.27744e+66 -6.27744e+66 -6.27744e+66 290.614 293.675 373.259 625.787 778.835 1257.11 1610.65 2462.36 2952.11 3330.9 3943.09 4086.19 4894.28 5053.45 5385.56 5408.52 6130.9 6495.15 8382.22 
-6.27744e+66 -6.27744e+66 -6.27744e+66 -6.27744e+66 -6.27744e+66 -6.27744e+66 -6.27744e+66 -6.27744e+66 -6.27744e+66 290.614 330.406 498.758 613.544 996.162 1290.78 2020.81 2449.35 2786.05 3337.02 3467.11 4207.86 4354.79 4663.18 4684.6 5361.84 5704.66 7486.9 
-6.27744e+66 -6.27744e+66 -6.27744e+66 -6.27744e+66 -6.27744e+66 -6.27744e+66 -6.27744e+66 -6.27744e+66 -6.27744e+66 -6.27744e+66 290.614 374.79 451.313 738.277 973.97 1582.33 1949.65 2244.26 2734.01 2851.1 3524.5 3659.19 3943.85 3963.75 4595.83 4917.23 6594.63 
-6.27744e+66 -6.27744e+66 -6.27744e+66 -6.27744e+66 -6.27744e+66 -6.27744e+66 -6.27744e+66 -6.27744e+66 -6.27744e+66 -6.27744e+66 -6.27744e+66 290.614 328.876 520.185 696.954 1183.64 1489.74 1742.27 2170.8 2274.87 2880.94 3003.38 3264.32 3282.69 3869.63 4169.6 5742.16 
-6.27744e+66 -6.27744e+66 -6.27744e+66 -6.27744e+66 -6.27744e+66 -6.27744e+66 -6.27744e+66 -6.27744e+66 -6.27744e+66 -6.27744e+66 -6.27744e+66 -6.27744e+66 290.614 386.268 504.115 869.133 1114.01 1324.45 1691.76 1782.83 2321.55 2431.75 2668.97 2685.8 3227.59 3506.14 4973.86 
-6.27744e+66 -6.27744e+66 -6.27744e+66 -6.27744e+66 -6.27744e+66 -6.27744e+66 -6.27744e+66 -6.27744e+66 -6.27744e+66 -6.27744e+66 -6.27744e+66 -6.27744e+66 -6.27744e+66 290.614 349.537 592.882 776.539 944.891 1250.99 1329.04 1800.43 1898.38 2111.88 2127.18 2623.82 2880.94 4243.83 
-6.27744e+66 -6.27744e+66 -6.27744e+66 -6.27744e+66 -6.27744e+66 -6.27744e+66 -6.27744e+66 -6.27744e+66 -6.27744e+66 -6.27744e+66 -6.27744e+66 -6.27744e+66 -6.27744e+66 -6.27744e+66 290.614 412.286 534.724 660.988 905.864 970.909 1374.95 1460.66 1650.44 1664.21 2115.7 2351.4 3609.44 
-6.27744e+66 -6.27744e+66 -6.27744e+66 -6.27744e+66 -6.27744e+66 -6.27744e+66 -6.27744e+66 -6.27744e+66 -6.27744e+66 -6.27744e+66 -6.27744e+66 -6.27744e+66 -6.27744e+66 -6.27744e+66 -6.27744e+66 290.614 351.833 436.009 619.666 671.702 1008.41 1081.87 1247.92 1260.17 1666.51 1880.78 3033.99 
-6.27744e+66 -6.27744e+66 -6.27744e+66 -6.27744e+66 -6.27744e+66 -6.27744e+66 -6.27744e+66 -6.27744e+66 -6.27744e+66 -6.27744e+66 -6.27744e+66 -6.27744e+66 -6.27744e+66 -6.27744e+66 -6.27744e+66 -6.27744e+66 290.614 332.702 455.14 494.167 763.53 824.749 967.083 977.796 1338.99 1531.83 2580.2 
-6.27744e+66 -6.27744e+66 -6.27744e+66 -6.27744e+66 -6.27744e+66 -6.27744e+66 -6.27744e+66 -6.27744e+66 -6.27744e+66 -6.27744e+66 -6.27744e+66 -6.27744e+66 -6.27744e+66 -6.27744e+66 -6.27744e+66 -6.27744e+66 -6.27744e+66 290.614 351.833 377.851 579.873 628.848 747.46 756.643 1072.69 1244.1 2187.64 
-6.27744e+66 -6.27744e+66 -6.27744e+66 -6.27744e+66 -6.27744e+66 -6.27744e+66 -6.27744e+66 -6.27744e+66 -6.27744e+66 -6.27744e+66 -6.27744e+66 -6.27744e+66 -6.27744e+66 -6.27744e+66 -6.27744e+66 -6.27744e+66 -6.27744e+66 -6.27744e+66 290.614 303.623 438.304 475.036 569.925 577.577 848.471 998.458 1837.16 
-6.27744e+66 -6.27744e+66 -6.27744e+66 -6.27744e+66 -6.27744e+66 -6.27744e+66 -6.27744e+66 -6.27744e+66 -6.27744e+66 -6.27744e+66 -6.27744e+66 -6.27744e+66 -6.27744e+66 -6.27744e+66 -6.27744e+66 -6.27744e+66 -6.27744e+66 -6.27744e+66 -6.27744e+66 290.614 357.955 382.442 453.609 459.731 685.476 814.036 1547.9 
-6.27744e+66 -6.27744e+66 -6.27744e+66 -6.27744e+66 -6.27744e+66 -6.27744e+66 -6.27744e+66 -6.27744e+66 -6.27744e+66 -6.27744e+66 -6.27744e+66 -6.27744e+66 -6.27744e+66 -6.27744e+66 -6.27744e+66 -6.27744e+66 -6.27744e+66 -6.27744e+66 -6.27744e+66 -6.27744e+66 290.614 302.858 350.302 354.894 535.489 642.623 1271.65 
-6.27744e+66 -6.27744e+66 -6.27744e+66 -6.27744e+66 -6.27744e+66 -6.27744e+66 -6.27744e+66 -6.27744e+66 -6.27744e+66 -6.27744e+66 -6.27744e+66 -6.27744e+66 -6.27744e+66 -6.27744e+66 -6.27744e+66 -6.27744e+66 -6.27744e+66 -6.27744e+66 -6.27744e+66 -6.27744e+66 -6.27744e+66 290.614 314.336 317.397 452.844 538.55 1062.74 
-6.27744e+66 -6.27744e+66 -6.27744e+66 -6.27744e+66 -6.27744e+66 -6.27744e+66 -6.27744e+66 -6.27744e+66 -6.27744e+66 -6.27744e+66 -6.27744e+66 -6.27744e+66 -6.27744e+66 -6.27744e+66 -6.27744e+66 -6.27744e+66 -6.27744e+66 -6.27744e+66 -6.27744e+66 -6.27744e+66 -6.27744e+66 -6.27744e+66 290.614 292.144 382.442 446.722 866.072 
-6.27744e+66 -6.27744e+66 -6.27744e+66 -6.27744e+66 -6.27744e+66 -6.27744e+66 -6.27744e+66 -6.27744e+66 -6.27744e+66 -6.27744e+66 -6.27744e+66 -6.27744e+66 -6.27744e+66 -6.27744e+66 -6.27744e+66 -6.27744e+66 -6.27744e+66 -6.27744e+66 -6.27744e+66 -6.27744e+66 -6.27744e+66 -6.27744e+66 -6.27744e+66 290.614 335.763 378.616 693.128 
-6.27744e+66 -6.27744e+66 -6.27744e+66 -6.27744e+66 -6.27744e+66 -6.27744e+66 -6.27744e+66 -6.27744e+66 -6.27744e+66 -6.27744e+66 -6.27744e+66 -6.27744e+66 -6.27744e+66 -6.27744e+66 -6.27744e+66 -6.27744e+66 -6.27744e+66 -6.27744e+66 -6.27744e+66 -6.27744e+66 -6.27744e+66 -6.27744e+66 -6.27744e+66 -6.27744e+66 290.614 312.04 521.715 
-6.27744e+66 -6.27744e+66 -6.27744e+66 -6.27744e+66 -6.27744e+66 -6.27744e+66 -6.27744e+66 -6.27744e+66 -6.27744e+66 -6.27744e+66 -6.27744e+66 -6.27744e+66 -6.27744e+66 -6.27744e+66 -6.27744e+66 -6.27744e+66 -6.27744e+66 -6.27744e+66 -6.27744e+66 -6.27744e+66 -6.27744e+66 -6.27744e+66 -6.27744e+66 -6.27744e+66 -6.27744e+66 290.614 395.451 
-6.27744e+66 -6.27744e+66 -6.27744e+66 -6.27744e+66 -6.27744e+66 -6.27744e+66 -6.27744e+66 -6.27744e+66 -6.27744e+66 -6.27744e+66 -6.27744e+66 -6.27744e+66 -6.27744e+66 -6.27744e+66 -6.27744e+66 -6.27744e+66 -6.27744e+66 -6.27744e+66 -6.27744e+66 -6.27744e+66 -6.27744e+66 -6.27744e+66 -6.27744e+66 -6.27744e+66 -6.27744e+66 -6.27744e+66 290.614 
-6.27744e+66 -6.27744e+66 -6.27744e+66 -6.27744e+66 -6.27744e+66 -6.27744e+66 -6.27744e+66 -6.27744e+66 -6.27744e+66 -6.27744e+66 -6.27744e+66 -6.27744e+66 -6.27744e+66 -6.27744e+66 -6.27744e+66 -6.27744e+66 -6.27744e+66 -6.27744e+66 -6.27744e+66 -6.27744e+66 -6.27744e+66 -6.27744e+66 -6.27744e+66 -6.27744e+66 -6.27744e+66 -6.27744e+66 -6.27744e+66 
-6.27744e+66 116.702 164.099 316.343 385.283 465.714 681.153 982.768 1043.09 1284.38 1646.32 1833.04 2164.81 2216.52 3262.12 3523.52 4320.64 4320.64 5297.3 6486.53 6513.81 7950.08 9156.54 10515.2 10746.5 12159.8 12339.3 
-6.27744e+66 -6.27744e+66 116.702 192.824 238.785 299.108 471.459 722.805 774.51 985.641 1307.36 1475.41 1777.02 1824.42 2789.59 3032.31 3776.3 3776.3 4695.51 5818.66 5844.52 7208.97 8357.97 9654.92 9876.1 11230.5 11402.9 
-6.27744e+66 -6.27744e+66 -6.27744e+66 116.702 139.683 179.898 309.162 510.238 553.326 734.295 1015.8 1165.17 1436.63 1479.72 2364.45 2588.51 3279.35 3279.35 4141.11 5198.2 5222.61 6515.25 7606.81 8842 9053.13 10348.6 10513.8 
-6.27744e+66 -6.27744e+66 -6.27744e+66 -6.27744e+66 116.702 136.81 222.986 373.793 408.264 559.071 800.363 931.063 1172.36 1211.13 2015.44 2220.83 2858.53 2858.53 3662.83 4653.85 4676.83 5897.66 6931.77 8105.19 8306.27 9542.89 9700.88 
-6.27744e+66 -6.27744e+66 -6.27744e+66 -6.27744e+66 -6.27744e+66 116.702 159.79 260.329 286.181 406.827 607.904 719.932 931.063 965.533 1689.41 1876.12 2460.68 2460.68 3207.54 4132.49 4154.04 5303.05 6279.7 7391.37 7582.39 8760.13 8910.94 
-6.27744e+66 -6.27744e+66 -6.27744e+66 -6.27744e+66 -6.27744e+66 -6.27744e+66 116.702 166.972 184.207 274.691 435.553 528.91 709.879 740.04 1383.49 1551.53 2082.95 2082.95 2772.35 3631.24 3651.34 4728.54 5647.75 6697.66 6878.62 7997.47 8141.1 
-6.27744e+66 -6.27744e+66 -6.27744e+66 -6.27744e+66 -6.27744e+66 -6.27744e+66 -6.27744e+66 116.702 125.32 185.643 306.289 380.975 531.782 557.635 1120.65 1270.02 1748.3 1748.3 2380.25 3173.07 3191.74 4197.12 5058.88 6047.03 6217.94 7277.91 7414.35 
-6.27744e+66 -6.27744e+66 -6.27744e+66 -6.27744e+66 -6.27744e+66 -6.27744e+66 -6.27744e+66 -6.27744e+66 116.702 146.864 227.295 283.309 403.955 425.499 908.083 1038.78 1463.92 1463.92 2038.42 2765.17 2782.4 3715.98 4520.28 5446.67 5607.53 6608.61 6737.87 
-6.27744e+66 -6.27744e+66 -6.27744e+66 -6.27744e+66 -6.27744e+66 -6.27744e+66 -6.27744e+66 -6.27744e+66 -6.27744e+66 116.702 156.918 194.261 284.745 301.98 704.134 816.162 1188.15 1188.15 1705.21 2365.89 2381.69 3243.45 3990.3 4854.93 5005.74 5947.93 6070.01 
-6.27744e+66 -6.27744e+66 -6.27744e+66 -6.27744e+66 -6.27744e+66 -6.27744e+66 -6.27744e+66 -6.27744e+66 -6.27744e+66 -6.27744e+66 116.702 135.374 195.697 208.623 530.346 623.703 942.553 942.553 1402.16 1996.77 2011.13 2801.08 3490.48 4293.35 4434.11 5317.41 5432.31 
-6.27744e+66 -6.27744e+66 -6.27744e+66 -6.27744e+66 -6.27744e+66 -6.27744e+66 -6.27744e+66 -6.27744e+66 -6.27744e+66 -6.27744e+66 -6.27744e+66 116.702 146.864 155.481 396.773 471.459 737.168 737.168 1139.32 1667.87 1680.79 2398.92 3030.88 3771.99 3902.69 4727.1 4834.82 
-6.27744e+66 -6.27744e+66 -6.27744e+66 -6.27744e+66 -6.27744e+66 -6.27744e+66 -6.27744e+66 -6.27744e+66 -6.27744e+66 -6.27744e+66 -6.27744e+66 -6.27744e+66 116.702 121.011 281.873 337.887 550.454 550.454 895.156 1357.63 1369.12 2015.44 2589.95 3269.3 3389.94 4155.47 4256.01 
-6.27744e+66 -6.27744e+66 -6.27744e+66 -6.27744e+66 -6.27744e+66 -6.27744e+66 -6.27744e+66 -6.27744e+66 -6.27744e+66 -6.27744e+66 -6.27744e+66 -6.27744e+66 -6.27744e+66 116.702 197.133 234.476 393.901 393.901 681.153 1077.56 1087.62 1662.12 2179.17 2796.77 2907.36 3614 3707.36 
-6.27744e+66 -6.27744e+66 -6.27744e+66 -6.27744e+66 -6.27744e+66 -6.27744e+66 -6.27744e+66 -6.27744e+66 -6.27744e+66 -6.27744e+66 -6.27744e+66 -6.27744e+66 -6.27744e+66 -6.27744e+66 116.702 135.374 241.657 241.657 471.459 801.799 810.417 1313.11 1772.71 2328.55 2429.08 3076.84 3163.01 
-6.27744e+66 -6.27744e+66 -6.27744e+66 -6.27744e+66 -6.27744e+66 -6.27744e+66 -6.27744e+66 -6.27744e+66 -6.27744e+66 -6.27744e+66 -6.27744e+66 -6.27744e+66 -6.27744e+66 -6.27744e+66 -6.27744e+66 116.702 169.844 169.844 342.196 606.468 613.649 1044.53 1446.68 1940.76 2031.24 2620.11 2699.1 
-6.27744e+66 -6.27744e+66 -6.27744e+66 -6.27744e+66 -6.27744e+66 -6.27744e+66 -6.27744e+66 -6.27744e+66 -6.27744e+66 -6.27744e+66 -6.27744e+66 -6.27744e+66 -6.27744e+66 -6.27744e+66 -6.27744e+66 -6.27744e+66 116.702 116.702 231.603 429.808 435.553 794.618 1139.32 1571.64 1652.07 2182.05 2253.86 
-6.27744e+66 -6.27744e+66 -6.27744e+66 -6.27744e+66 -6.27744e+66 -6.27744e+66 -6.27744e+66 -6.27744e+66 -6.27744e+66 -6.27744e+66 -6.27744e+66 -6.27744e+66 -6.27744e+66 -6.27744e+66 -6.27744e+66 -6.27744e+66 -6.27744e+66 116.702 174.153 306.289 310.598 597.85 885.103 1255.66 1326.04 1797.13 1861.76 
-6.27744e+66 -6.27744e+66 -6.27744e+66 -6.27744e+66 -6.27744e+66 -6.27744e+66 -6.27744e+66 -6.27744e+66 -6.27744e+66 -6.27744e+66 -6.27744e+66 -6.27744e+66 -6.27744e+66 -6.27744e+66 -6.27744e+66 -6.27744e+66 -6.27744e+66 -6.27744e+66 116.702 182.77 185.643 401.082 630.884 939.681 1000 1412.21 1469.66 
-6.27744e+66 -6.27744e+66 -6.27744e+66 -6.27744e+66 -6.27744e+66 -6.27744e+66 -6.27744e+66 -6.27744e+66 -6.27744e+66 -6.27744e+66 -6.27744e+66 -6.27744e+66 -6.27744e+66 -6.27744e+66 -6.27744e+66 -6.27744e+66 -6.27744e+66 -6.27744e+66 -6.27744e+66 116.702 118.139 261.765 434.116 681.153 731.423 1084.74 1135.01 
-6.27744e+66 -6.27744e+66 -6.27744e+66 -6.27744e+66 -6.27744e+66 -6.27744e+66 -6.27744e+66 -6.27744e+66 -6.27744e+66 -6.27744e+66 -6.27744e+66 -6.27744e+66 -6.27744e+66 -6.27744e+66 -6.27744e+66 -6.27744e+66 -6.27744e+66 -6.27744e+66 -6.27744e+66 -6.27744e+66 116.702 188.515 303.416 488.694 528.91 823.343 866.431 
-6.27744e+66 -6.27744e+66 -6.27744e+66 -6.27744e+66 -6.27744e+66 -6.27744e+66 -6.27744e+66 -6.27744e+66 -6.27744e+66 -6.27744e+66 -6.27744e+66 -6.27744e+66 -6.27744e+66 -6.27744e+66 -6.27744e+66 -6.27744e+66 -6.27744e+66 -6.27744e+66 -6.27744e+66 -6.27744e+66 -6.27744e+66 116.702 174.153 297.671 327.833 563.38 599.286 
-6.27744e+66 -6.27744e+66 -6.27744e+66 -6.27744e+66 -6.27744e+66 -6.27744e+66 -6.27744e+66 -6.27744e+66 -6.27744e+66 -6.27744e+66 -6.27744e+66 -6.27744e+66 -6.27744e+66 -6.27744e+66 -6.27744e+66 -6.27744e+66 -6.27744e+66 -6.27744e+66 -6.27744e+66 -6.27744e+66 -6.27744e+66 -6.27744e+66 116.702 178.462 198.569 375.23 403.955 
-6.27744e+66 -6.27744e+66 -6.27744e+66 -6.27744e+66 -6.27744e+66 -6.27744e+66 -6.27744e+66 -6.27744e+66 -6.27744e+66 -6.27744e+66 -6.27744e+66 -6.27744e+66 -6.27744e+66 -6.27744e+66 -6.27744e+66 -6.27744e+66 -6.27744e+66 -6.27744e+66 -6.27744e+66 -6.27744e+66 -6.27744e+66 -6.27744e+66 -6.27744e+66 116.702 126.756 244.53 266.074 
-6.27744e+66 -6.27744e+66 -6.27744e+66 -6.27744e+66 -6.27744e+66 -6.27744e+66 -6.27744e+66 -6.27744e+66 -6.27744e+66 -6.27744e+66 -6.27744e+66 -6.27744e+66 -6.27744e+66 -6.27744e+66 -6.27744e+66 -6.27744e+66 -6.27744e+66 -6.27744e+66 -6.27744e+66 -6.27744e+66 -6.27744e+66 -6.27744e+66 -6.27744e+66 -6.27744e+66 116.702 175.589 189.952 
-6.27744e+66 -6.27744e+66 -6.27744e+66 -6.27744e+66 -6.27744e+66 -6.27744e+66 -6.27744e+66 -6.27744e+66 -6.27744e+66 -6.27744e+66 -6.27744e+66 -6.27744e+66 -6.27744e+66 -6.27744e+66 -6.27744e+66 -6.27744e+66 -6.27744e+66 -6.27744e+66 -6.27744e+66 -6.27744e+66 -6.27744e+66 -6.27744e+66 -6.27744e+66 -6.27744e+66 -6.27744e+66 116.702 123.884 
-6.27744e+66 -6.27744e+66 -6.27744e+66 -6.27744e+66 -6.27744e+66 -6.27744e+66 -6.27744e+66 -6.27744e+66 -6.27744e+66 -6.27744e+66 -6.27744e+66 -6.27744e+66 -6.27744e+66 -6.27744e+66 -6.27744e+66 -6.27744e+66 -6.27744e+66 -6.27744e+66 -6.27744e+66 -6.27744e+66 -6.27744e+66 -6.27744e+66 -6.27744e+66 -6.27744e+66 -6.27744e+66 -6.27744e+66 116.702 
-6.27744e+66 -6.27744e+66 -6.27744e+66 -6.27744e+66 -6.27744e+66 -6.27744e+66 -6.27744e+66 -6.27744e+66 -6.27744e+66 -6.27744e+66 -6.27744e+66 -6.27744e+66 -6.27744e+66 -6.27744e+66 -6.27744e+66 -6.27744e+66 -6.27744e+66 -6.27744e+66 -6.27744e+66 -6.27744e+66 -6.27744e+66 -6.27744e+66 -6.27744e+66 -6.27744e+66 -6.27744e+66 -6.27744e+66 -6.27744e+66 
