13 10
1000 1000 1000 1000 1000 1000 1000 1000 1000 1000 1000 1000 1000 
item 0
220 40 150 25 185 20 65 60 15 45 175 120 5 
34.6926 34.6926 34.6926 34.6926 34.6926 34.6926 34.6926 34.6926 34.6926 34.6926 34.6926 34.6926 34.6926 
0.17638 0.17638 0.17638 0.17638 0.17638 0.17638 0.17638 0.17638 0.17638 0.17638 0.17638 0.17638 0.17638 
item 1
5 10 25 0 20 55 30 25 60 55 60 10 20 
28.1771 28.1771 28.1771 28.1771 28.1771 28.1771 28.1771 28.1771 28.1771 28.1771 28.1771 28.1771 28.1771 
0.466638 0.466638 0.466638 0.466638 0.466638 0.466638 0.466638 0.466638 0.466638 0.466638 0.466638 0.466638 0.466638 
item 2
220 15 85 120 15 170 100 45 160 35 90 10 115 
123.601 123.601 123.601 123.601 123.601 123.601 123.601 123.601 123.601 123.601 123.601 123.601 123.601 
0.158339 0.158339 0.158339 0.158339 0.158339 0.158339 0.158339 0.158339 0.158339 0.158339 0.158339 0.158339 0.158339 
item 3
80 20 80 45 110 100 70 20 80 95 55 40 85 
150.484 150.484 150.484 150.484 150.484 150.484 150.484 150.484 150.484 150.484 150.484 150.484 150.484 
0.333549 0.333549 0.333549 0.333549 0.333549 0.333549 0.333549 0.333549 0.333549 0.333549 0.333549 0.333549 0.333549 
item 4
120 305 85 345 200 270 125 215 245 70 60 130 215 
170.312 170.312 170.312 170.312 170.312 170.312 170.312 170.312 170.312 170.312 170.312 170.312 170.312 
0.142798 0.142798 0.142798 0.142798 0.142798 0.142798 0.142798 0.142798 0.142798 0.142798 0.142798 0.142798 0.142798 
item 5
155 5 120 150 180 35 140 70 80 110 55 120 20 
164.8 164.8 164.8 164.8 164.8 164.8 164.8 164.8 164.8 164.8 164.8 164.8 164.8 
0.304904 0.304904 0.304904 0.304904 0.304904 0.304904 0.304904 0.304904 0.304904 0.304904 0.304904 0.304904 0.304904 
item 6
40 30 0 10 40 20 20 45 55 0 15 20 0 
16.1065 16.1065 16.1065 16.1065 16.1065 16.1065 16.1065 16.1065 16.1065 16.1065 16.1065 16.1065 16.1065 
0.588328 0.588328 0.588328 0.588328 0.588328 0.588328 0.588328 0.588328 0.588328 0.588328 0.588328 0.588328 0.588328 
item 7
175 10 65 80 85 95 30 130 215 105 145 40 5 
175.168 175.168 175.168 175.168 175.168 175.168 175.168 175.168 175.168 175.168 175.168 175.168 175.168 
0.31272 0.31272 0.31272 0.31272 0.31272 0.31272 0.31272 0.31272 0.31272 0.31272 0.31272 0.31272 0.31272 
item 8
15 70 130 75 20 55 30 10 220 20 100 40 30 
21.5052 21.5052 21.5052 21.5052 21.5052 21.5052 21.5052 21.5052 21.5052 21.5052 21.5052 21.5052 21.5052 
0.145184 0.145184 0.145184 0.145184 0.145184 0.145184 0.145184 0.145184 0.145184 0.145184 0.145184 0.145184 0.145184 
item 9
55 60 90 55 90 35 60 60 45 65 95 30 5 
115.154 115.154 115.154 115.154 115.154 115.154 115.154 115.154 115.154 115.154 115.154 115.154 115.154 
0.361901 0.361901 0.361901 0.361901 0.361901 0.361901 0.361901 0.361901 0.361901 0.361901 0.361901 0.361901 0.361901 
