26 10
1000 1000 1000 1000 1000 1000 1000 1000 1000 1000 1000 1000 1000 1000 1000 1000 1000 1000 1000 1000 1000 1000 1000 1000 1000 1000 
item 0
5 45 10 65 15 20 0 40 10 30 0 25 60 70 20 15 5 20 10 10 0 20 5 60 0 20 
20.0392 20.0392 20.0392 20.0392 20.0392 20.0392 20.0392 20.0392 20.0392 20.0392 20.0392 20.0392 20.0392 20.0392 20.0392 20.0392 20.0392 20.0392 20.0392 20.0392 20.0392 20.0392 20.0392 20.0392 20.0392 20.0392 
0.529554 0.529554 0.529554 0.529554 0.529554 0.529554 0.529554 0.529554 0.529554 0.529554 0.529554 0.529554 0.529554 0.529554 0.529554 0.529554 0.529554 0.529554 0.529554 0.529554 0.529554 0.529554 0.529554 0.529554 0.529554 0.529554 
item 1
35 0 20 60 50 90 55 30 25 30 20 15 35 5 10 5 40 15 75 30 10 0 50 80 15 5 
74.7579 74.7579 74.7579 74.7579 74.7579 74.7579 74.7579 74.7579 74.7579 74.7579 74.7579 74.7579 74.7579 74.7579 74.7579 74.7579 74.7579 74.7579 74.7579 74.7579 74.7579 74.7579 74.7579 74.7579 74.7579 74.7579 
0.530755 0.530755 0.530755 0.530755 0.530755 0.530755 0.530755 0.530755 0.530755 0.530755 0.530755 0.530755 0.530755 0.530755 0.530755 0.530755 0.530755 0.530755 0.530755 0.530755 0.530755 0.530755 0.530755 0.530755 0.530755 0.530755 
item 2
90 115 40 20 90 80 45 70 55 5 30 5 30 30 40 85 90 65 5 110 30 55 60 10 25 5 
20.3267 20.3267 20.3267 20.3267 20.3267 20.3267 20.3267 20.3267 20.3267 20.3267 20.3267 20.3267 20.3267 20.3267 20.3267 20.3267 20.3267 20.3267 20.3267 20.3267 20.3267 20.3267 20.3267 20.3267 20.3267 20.3267 
0.273553 0.273553 0.273553 0.273553 0.273553 0.273553 0.273553 0.273553 0.273553 0.273553 0.273553 0.273553 0.273553 0.273553 0.273553 0.273553 0.273553 0.273553 0.273553 0.273553 0.273553 0.273553 0.273553 0.273553 0.273553 0.273553 
item 3
85 35 10 15 70 30 35 25 10 20 10 30 55 45 40 25 55 110 15 10 50 80 0 30 15 20 
61.1936 61.1936 61.1936 61.1936 61.1936 61.1936 61.1936 61.1936 61.1936 61.1936 61.1936 61.1936 61.1936 61.1936 61.1936 61.1936 61.1936 61.1936 61.1936 61.1936 61.1936 61.1936 61.1936 61.1936 61.1936 61.1936 
0.411569 0.411569 0.411569 0.411569 0.411569 0.411569 0.411569 0.411569 0.411569 0.411569 0.411569 0.411569 0.411569 0.411569 0.411569 0.411569 0.411569 0.411569 0.411569 0.411569 0.411569 0.411569 0.411569 0.411569 0.411569 0.411569 
item 4
25 5 0 30 5 45 0 25 0 10 15 10 15 20 25 5 15 30 5 0 50 5 10 35 40 30 
5.40219 5.40219 5.40219 5.40219 5.40219 5.40219 5.40219 5.40219 5.40219 5.40219 5.40219 5.40219 5.40219 5.40219 5.40219 5.40219 5.40219 5.40219 5.40219 5.40219 5.40219 5.40219 5.40219 5.40219 5.40219 5.40219 
0.509092 0.509092 0.509092 0.509092 0.509092 0.509092 0.509092 0.509092 0.509092 0.509092 0.509092 0.509092 0.509092 0.509092 0.509092 0.509092 0.509092 0.509092 0.509092 0.509092 0.509092 0.509092 0.509092 0.509092 0.509092 0.509092 
item 5
55 0 5 40 90 55 65 0 45 50 25 45 0 75 50 15 70 45 80 20 45 75 20 20 35 85 
88.7179 88.7179 88.7179 88.7179 88.7179 88.7179 88.7179 88.7179 88.7179 88.7179 88.7179 88.7179 88.7179 88.7179 88.7179 88.7179 88.7179 88.7179 88.7179 88.7179 88.7179 88.7179 88.7179 88.7179 88.7179 88.7179 
0.480942 0.480942 0.480942 0.480942 0.480942 0.480942 0.480942 0.480942 0.480942 0.480942 0.480942 0.480942 0.480942 0.480942 0.480942 0.480942 0.480942 0.480942 0.480942 0.480942 0.480942 0.480942 0.480942 0.480942 0.480942 0.480942 
item 6
25 55 150 45 160 35 45 110 130 135 155 245 80 80 205 5 115 105 65 55 105 0 180 285 210 40 
35.366 35.366 35.366 35.366 35.366 35.366 35.366 35.366 35.366 35.366 35.366 35.366 35.366 35.366 35.366 35.366 35.366 35.366 35.366 35.366 35.366 35.366 35.366 35.366 35.366 35.366 
0.138081 0.138081 0.138081 0.138081 0.138081 0.138081 0.138081 0.138081 0.138081 0.138081 0.138081 0.138081 0.138081 0.138081 0.138081 0.138081 0.138081 0.138081 0.138081 0.138081 0.138081 0.138081 0.138081 0.138081 0.138081 0.138081 
item 7
75 60 5 100 0 80 0 30 35 95 50 20 5 60 40 135 80 5 15 60 10 55 65 40 15 110 
88.507 88.507 88.507 88.507 88.507 88.507 88.507 88.507 88.507 88.507 88.507 88.507 88.507 88.507 88.507 88.507 88.507 88.507 88.507 88.507 88.507 88.507 88.507 88.507 88.507 88.507 
0.378886 0.378886 0.378886 0.378886 0.378886 0.378886 0.378886 0.378886 0.378886 0.378886 0.378886 0.378886 0.378886 0.378886 0.378886 0.378886 0.378886 0.378886 0.378886 0.378886 0.378886 0.378886 0.378886 0.378886 0.378886 0.378886 
item 8
220 30 195 0 70 20 185 215 175 65 95 165 80 240 70 10 190 130 25 215 0 120 155 150 180 55 
85.1608 85.1608 85.1608 85.1608 85.1608 85.1608 85.1608 85.1608 85.1608 85.1608 85.1608 85.1608 85.1608 85.1608 85.1608 85.1608 85.1608 85.1608 85.1608 85.1608 85.1608 85.1608 85.1608 85.1608 85.1608 85.1608 
0.115869 0.115869 0.115869 0.115869 0.115869 0.115869 0.115869 0.115869 0.115869 0.115869 0.115869 0.115869 0.115869 0.115869 0.115869 0.115869 0.115869 0.115869 0.115869 0.115869 0.115869 0.115869 0.115869 0.115869 0.115869 0.115869 
item 9
265 70 285 120 150 65 205 25 25 30 100 145 140 80 205 135 65 25 55 85 15 25 105 145 35 85 
20.5286 20.5286 20.5286 20.5286 20.5286 20.5286 20.5286 20.5286 20.5286 20.5286 20.5286 20.5286 20.5286 20.5286 20.5286 20.5286 20.5286 20.5286 20.5286 20.5286 20.5286 20.5286 20.5286 20.5286 20.5286 20.5286 
0.120982 0.120982 0.120982 0.120982 0.120982 0.120982 0.120982 0.120982 0.120982 0.120982 0.120982 0.120982 0.120982 0.120982 0.120982 0.120982 0.120982 0.120982 0.120982 0.120982 0.120982 0.120982 0.120982 0.120982 0.120982 0.120982 
