26 10
1000 1000 1000 1000 1000 1000 1000 1000 1000 1000 1000 1000 1000 1000 1000 1000 1000 1000 1000 1000 1000 1000 1000 1000 1000 1000 
item 0
25 165 105 75 15 110 25 215 25 25 40 75 105 160 15 170 205 10 85 160 45 0 200 185 115 15 
193.777 193.777 193.777 193.777 193.777 193.777 193.777 193.777 193.777 193.777 193.777 193.777 193.777 193.777 193.777 193.777 193.777 193.777 193.777 193.777 193.777 193.777 193.777 193.777 193.777 193.777 
0.287417 0.287417 0.287417 0.287417 0.287417 0.287417 0.287417 0.287417 0.287417 0.287417 0.287417 0.287417 0.287417 0.287417 0.287417 0.287417 0.287417 0.287417 0.287417 0.287417 0.287417 0.287417 0.287417 0.287417 0.287417 0.287417 
item 1
30 95 50 20 145 10 105 230 65 95 165 150 50 150 50 100 15 40 5 45 135 25 10 25 180 80 
68.4322 68.4322 68.4322 68.4322 68.4322 68.4322 68.4322 68.4322 68.4322 68.4322 68.4322 68.4322 68.4322 68.4322 68.4322 68.4322 68.4322 68.4322 68.4322 68.4322 68.4322 68.4322 68.4322 68.4322 68.4322 68.4322 
0.191786 0.191786 0.191786 0.191786 0.191786 0.191786 0.191786 0.191786 0.191786 0.191786 0.191786 0.191786 0.191786 0.191786 0.191786 0.191786 0.191786 0.191786 0.191786 0.191786 0.191786 0.191786 0.191786 0.191786 0.191786 0.191786 
item 2
165 75 20 25 0 95 85 150 125 60 30 5 25 110 100 75 30 155 10 110 65 35 15 35 95 90 
28.2327 28.2327 28.2327 28.2327 28.2327 28.2327 28.2327 28.2327 28.2327 28.2327 28.2327 28.2327 28.2327 28.2327 28.2327 28.2327 28.2327 28.2327 28.2327 28.2327 28.2327 28.2327 28.2327 28.2327 28.2327 28.2327 
0.207341 0.207341 0.207341 0.207341 0.207341 0.207341 0.207341 0.207341 0.207341 0.207341 0.207341 0.207341 0.207341 0.207341 0.207341 0.207341 0.207341 0.207341 0.207341 0.207341 0.207341 0.207341 0.207341 0.207341 0.207341 0.207341 
item 3
0 0 35 10 90 45 200 20 135 5 195 50 75 5 45 70 10 60 5 70 30 15 190 190 150 55 
11.9836 11.9836 11.9836 11.9836 11.9836 11.9836 11.9836 11.9836 11.9836 11.9836 11.9836 11.9836 11.9836 11.9836 11.9836 11.9836 11.9836 11.9836 11.9836 11.9836 11.9836 11.9836 11.9836 11.9836 11.9836 11.9836 
0.139539 0.139539 0.139539 0.139539 0.139539 0.139539 0.139539 0.139539 0.139539 0.139539 0.139539 0.139539 0.139539 0.139539 0.139539 0.139539 0.139539 0.139539 0.139539 0.139539 0.139539 0.139539 0.139539 0.139539 0.139539 0.139539 
item 4
40 70 30 40 0 145 45 30 45 80 10 70 50 55 20 15 75 25 15 85 75 50 35 70 80 60 
170.839 170.839 170.839 170.839 170.839 170.839 170.839 170.839 170.839 170.839 170.839 170.839 170.839 170.839 170.839 170.839 170.839 170.839 170.839 170.839 170.839 170.839 170.839 170.839 170.839 170.839 
0.450682 0.450682 0.450682 0.450682 0.450682 0.450682 0.450682 0.450682 0.450682 0.450682 0.450682 0.450682 0.450682 0.450682 0.450682 0.450682 0.450682 0.450682 0.450682 0.450682 0.450682 0.450682 0.450682 0.450682 0.450682 0.450682 
item 5
35 20 5 5 10 75 5 40 40 20 20 20 35 5 15 25 0 5 20 30 0 10 55 15 50 35 
45.2529 45.2529 45.2529 45.2529 45.2529 45.2529 45.2529 45.2529 45.2529 45.2529 45.2529 45.2529 45.2529 45.2529 45.2529 45.2529 45.2529 45.2529 45.2529 45.2529 45.2529 45.2529 45.2529 45.2529 45.2529 45.2529 
0.573693 0.573693 0.573693 0.573693 0.573693 0.573693 0.573693 0.573693 0.573693 0.573693 0.573693 0.573693 0.573693 0.573693 0.573693 0.573693 0.573693 0.573693 0.573693 0.573693 0.573693 0.573693 0.573693 0.573693 0.573693 0.573693 
item 6
35 15 45 45 55 60 0 10 35 55 45 45 30 30 25 45 50 50 25 40 5 0 25 40 55 40 
92.5202 92.5202 92.5202 92.5202 92.5202 92.5202 92.5202 92.5202 92.5202 92.5202 92.5202 92.5202 92.5202 92.5202 92.5202 92.5202 92.5202 92.5202 92.5202 92.5202 92.5202 92.5202 92.5202 92.5202 92.5202 92.5202 
0.594578 0.594578 0.594578 0.594578 0.594578 0.594578 0.594578 0.594578 0.594578 0.594578 0.594578 0.594578 0.594578 0.594578 0.594578 0.594578 0.594578 0.594578 0.594578 0.594578 0.594578 0.594578 0.594578 0.594578 0.594578 0.594578 
item 7
10 130 125 165 25 100 60 0 125 10 35 155 75 60 130 190 75 65 50 190 190 60 5 175 125 40 
83.6569 83.6569 83.6569 83.6569 83.6569 83.6569 83.6569 83.6569 83.6569 83.6569 83.6569 83.6569 83.6569 83.6569 83.6569 83.6569 83.6569 83.6569 83.6569 83.6569 83.6569 83.6569 83.6569 83.6569 83.6569 83.6569 
0.240231 0.240231 0.240231 0.240231 0.240231 0.240231 0.240231 0.240231 0.240231 0.240231 0.240231 0.240231 0.240231 0.240231 0.240231 0.240231 0.240231 0.240231 0.240231 0.240231 0.240231 0.240231 0.240231 0.240231 0.240231 0.240231 
item 8
70 30 30 45 5 65 10 30 40 10 15 55 20 30 120 0 120 30 50 55 55 25 10 20 55 60 
112.075 112.075 112.075 112.075 112.075 112.075 112.075 112.075 112.075 112.075 112.075 112.075 112.075 112.075 112.075 112.075 112.075 112.075 112.075 112.075 112.075 112.075 112.075 112.075 112.075 112.075 
0.437898 0.437898 0.437898 0.437898 0.437898 0.437898 0.437898 0.437898 0.437898 0.437898 0.437898 0.437898 0.437898 0.437898 0.437898 0.437898 0.437898 0.437898 0.437898 0.437898 0.437898 0.437898 0.437898 0.437898 0.437898 0.437898 
item 9
105 255 210 145 300 60 140 245 250 45 30 100 165 60 5 200 95 120 220 205 170 95 95 180 220 315 
193.23 193.23 193.23 193.23 193.23 193.23 193.23 193.23 193.23 193.23 193.23 193.23 193.23 193.23 193.23 193.23 193.23 193.23 193.23 193.23 193.23 193.23 193.23 193.23 193.23 193.23 
0.173672 0.173672 0.173672 0.173672 0.173672 0.173672 0.173672 0.173672 0.173672 0.173672 0.173672 0.173672 0.173672 0.173672 0.173672 0.173672 0.173672 0.173672 0.173672 0.173672 0.173672 0.173672 0.173672 0.173672 0.173672 0.173672 
