26 10
-6.27744e+66 27.0259 40.7513 40.7513 131.339 164.28 164.28 328.985 521.141 565.062 565.062 702.316 732.512 996.04 1281.53 1281.53 1446.23 1665.84 1805.84 2052.9 2261.52 2316.42 3008.19 3068.58 3131.71 3131.71 3474.85 
-6.27744e+66 -6.27744e+66 27.0259 27.0259 87.4177 112.123 112.123 249.378 414.083 452.514 452.514 576.042 603.493 845.061 1108.59 1108.59 1262.31 1468.19 1599.96 1833.29 2030.94 2083.09 2741.91 2799.56 2859.95 2859.95 3189.36 
-6.27744e+66 -6.27744e+66 -6.27744e+66 27.0259 57.2218 73.6923 73.6923 183.496 320.75 353.691 353.691 463.494 488.2 707.806 949.374 949.374 1092.12 1284.27 1407.8 1627.41 1814.07 1863.49 2489.36 2544.27 2601.91 2601.91 2917.6 
-6.27744e+66 -6.27744e+66 -6.27744e+66 -6.27744e+66 27.0259 35.2612 35.2612 117.614 227.417 254.868 254.868 350.946 372.906 570.552 790.159 790.159 921.923 1100.35 1215.65 1421.53 1597.21 1643.88 2236.82 2288.97 2343.88 2343.88 2645.83 
-6.27744e+66 -6.27744e+66 -6.27744e+66 -6.27744e+66 -6.27744e+66 27.0259 27.0259 81.9276 164.28 186.241 186.241 268.593 287.809 463.494 661.14 661.14 781.924 946.629 1053.69 1245.84 1410.55 1454.47 2014.47 2063.88 2116.03 2116.03 2404.27 
-6.27744e+66 -6.27744e+66 -6.27744e+66 -6.27744e+66 -6.27744e+66 -6.27744e+66 27.0259 54.4767 109.378 125.849 125.849 194.476 210.946 364.671 540.356 540.356 650.16 801.139 899.962 1078.39 1232.12 1273.29 1800.35 1847.02 1896.43 1896.43 2170.94 
-6.27744e+66 -6.27744e+66 -6.27744e+66 -6.27744e+66 -6.27744e+66 -6.27744e+66 -6.27744e+66 27.0259 54.4767 65.4571 65.4571 120.359 134.084 265.848 419.573 419.573 518.396 655.65 746.238 910.943 1053.69 1092.12 1586.23 1630.15 1676.82 1676.82 1937.6 
-6.27744e+66 -6.27744e+66 -6.27744e+66 -6.27744e+66 -6.27744e+66 -6.27744e+66 -6.27744e+66 -6.27744e+66 27.0259 32.5161 32.5161 73.6923 84.6726 194.476 326.24 326.24 414.083 537.611 619.964 770.943 902.707 938.393 1399.57 1440.74 1484.66 1484.66 1731.72 
-6.27744e+66 -6.27744e+66 -6.27744e+66 -6.27744e+66 -6.27744e+66 -6.27744e+66 -6.27744e+66 -6.27744e+66 -6.27744e+66 27.0259 27.0259 54.4767 62.712 150.555 260.358 260.358 337.22 447.024 521.141 658.395 779.179 812.12 1240.35 1278.78 1319.96 1319.96 1553.29 
-6.27744e+66 -6.27744e+66 -6.27744e+66 -6.27744e+66 -6.27744e+66 -6.27744e+66 -6.27744e+66 -6.27744e+66 -6.27744e+66 -6.27744e+66 27.0259 40.7513 46.2415 112.123 199.966 199.966 265.848 361.926 427.808 551.337 661.14 691.336 1086.63 1122.31 1160.75 1160.75 1380.35 
-6.27744e+66 -6.27744e+66 -6.27744e+66 -6.27744e+66 -6.27744e+66 -6.27744e+66 -6.27744e+66 -6.27744e+66 -6.27744e+66 -6.27744e+66 -6.27744e+66 27.0259 29.771 73.6923 139.574 139.574 194.476 276.828 334.475 444.278 543.101 570.552 932.903 965.844 1001.53 1001.53 1207.41 
-6.27744e+66 -6.27744e+66 -6.27744e+66 -6.27744e+66 -6.27744e+66 -6.27744e+66 -6.27744e+66 -6.27744e+66 -6.27744e+66 -6.27744e+66 -6.27744e+66 -6.27744e+66 27.0259 48.9866 92.9079 92.9079 136.829 205.456 254.868 350.946 438.788 463.494 792.904 823.1 856.041 856.041 1048.2 
-6.27744e+66 -6.27744e+66 -6.27744e+66 -6.27744e+66 -6.27744e+66 -6.27744e+66 -6.27744e+66 -6.27744e+66 -6.27744e+66 -6.27744e+66 -6.27744e+66 -6.27744e+66 -6.27744e+66 27.0259 48.9866 48.9866 81.9276 136.829 178.005 260.358 337.22 359.181 655.65 683.101 713.297 713.297 891.727 
-6.27744e+66 -6.27744e+66 -6.27744e+66 -6.27744e+66 -6.27744e+66 -6.27744e+66 -6.27744e+66 -6.27744e+66 -6.27744e+66 -6.27744e+66 -6.27744e+66 -6.27744e+66 -6.27744e+66 -6.27744e+66 27.0259 27.0259 48.9866 90.1628 123.104 191.731 257.613 276.828 540.356 565.062 592.513 592.513 757.218 
-6.27744e+66 -6.27744e+66 -6.27744e+66 -6.27744e+66 -6.27744e+66 -6.27744e+66 -6.27744e+66 -6.27744e+66 -6.27744e+66 -6.27744e+66 -6.27744e+66 -6.27744e+66 -6.27744e+66 -6.27744e+66 -6.27744e+66 27.0259 38.0062 65.4571 90.1628 145.064 199.966 216.437 447.024 468.984 493.69 493.69 644.669 
-6.27744e+66 -6.27744e+66 -6.27744e+66 -6.27744e+66 -6.27744e+66 -6.27744e+66 -6.27744e+66 -6.27744e+66 -6.27744e+66 -6.27744e+66 -6.27744e+66 -6.27744e+66 -6.27744e+66 -6.27744e+66 -6.27744e+66 -6.27744e+66 27.0259 40.7513 57.2218 98.3981 142.319 156.045 353.691 372.906 394.867 394.867 532.121 
-6.27744e+66 -6.27744e+66 -6.27744e+66 -6.27744e+66 -6.27744e+66 -6.27744e+66 -6.27744e+66 -6.27744e+66 -6.27744e+66 -6.27744e+66 -6.27744e+66 -6.27744e+66 -6.27744e+66 -6.27744e+66 -6.27744e+66 -6.27744e+66 -6.27744e+66 27.0259 35.2612 62.712 95.653 106.633 271.338 287.809 307.024 307.024 430.553 
-6.27744e+66 -6.27744e+66 -6.27744e+66 -6.27744e+66 -6.27744e+66 -6.27744e+66 -6.27744e+66 -6.27744e+66 -6.27744e+66 -6.27744e+66 -6.27744e+66 -6.27744e+66 -6.27744e+66 -6.27744e+66 -6.27744e+66 -6.27744e+66 -6.27744e+66 -6.27744e+66 27.0259 40.7513 62.712 70.9472 202.711 216.437 232.907 232.907 342.71 
-6.27744e+66 -6.27744e+66 -6.27744e+66 -6.27744e+66 -6.27744e+66 -6.27744e+66 -6.27744e+66 -6.27744e+66 -6.27744e+66 -6.27744e+66 -6.27744e+66 -6.27744e+66 -6.27744e+66 -6.27744e+66 -6.27744e+66 -6.27744e+66 -6.27744e+66 -6.27744e+66 -6.27744e+66 27.0259 38.0062 43.4964 142.319 153.3 167.025 167.025 263.103 
-6.27744e+66 -6.27744e+66 -6.27744e+66 -6.27744e+66 -6.27744e+66 -6.27744e+66 -6.27744e+66 -6.27744e+66 -6.27744e+66 -6.27744e+66 -6.27744e+66 -6.27744e+66 -6.27744e+66 -6.27744e+66 -6.27744e+66 -6.27744e+66 -6.27744e+66 -6.27744e+66 -6.27744e+66 -6.27744e+66 27.0259 29.771 95.653 103.888 114.869 114.869 197.221 
-6.27744e+66 -6.27744e+66 -6.27744e+66 -6.27744e+66 -6.27744e+66 -6.27744e+66 -6.27744e+66 -6.27744e+66 -6.27744e+66 -6.27744e+66 -6.27744e+66 -6.27744e+66 -6.27744e+66 -6.27744e+66 -6.27744e+66 -6.27744e+66 -6.27744e+66 -6.27744e+66 -6.27744e+66 -6.27744e+66 -6.27744e+66 27.0259 59.9669 65.4571 73.6923 73.6923 142.319 
-6.27744e+66 -6.27744e+66 -6.27744e+66 -6.27744e+66 -6.27744e+66 -6.27744e+66 -6.27744e+66 -6.27744e+66 -6.27744e+66 -6.27744e+66 -6.27744e+66 -6.27744e+66 -6.27744e+66 -6.27744e+66 -6.27744e+66 -6.27744e+66 -6.27744e+66 -6.27744e+66 -6.27744e+66 -6.27744e+66 -6.27744e+66 -6.27744e+66 27.0259 29.771 35.2612 35.2612 90.1628 
-6.27744e+66 -6.27744e+66 -6.27744e+66 -6.27744e+66 -6.27744e+66 -6.27744e+66 -6.27744e+66 -6.27744e+66 -6.27744e+66 -6.27744e+66 -6.27744e+66 -6.27744e+66 -6.27744e+66 -6.27744e+66 -6.27744e+66 -6.27744e+66 -6.27744e+66 -6.27744e+66 -6.27744e+66 -6.27744e+66 -6.27744e+66 -6.27744e+66 -6.27744e+66 27.0259 29.771 29.771 70.9472 
-6.27744e+66 -6.27744e+66 -6.27744e+66 -6.27744e+66 -6.27744e+66 -6.27744e+66 -6.27744e+66 -6.27744e+66 -6.27744e+66 -6.27744e+66 -6.27744e+66 -6.27744e+66 -6.27744e+66 -6.27744e+66 -6.27744e+66 -6.27744e+66 -6.27744e+66 -6.27744e+66 -6.27744e+66 -6.27744e+66 -6.27744e+66 -6.27744e+66 -6.27744e+66 -6.27744e+66 27.0259 27.0259 54.4767 
-6.27744e+66 -6.27744e+66 -6.27744e+66 -6.27744e+66 -6.27744e+66 -6.27744e+66 -6.27744e+66 -6.27744e+66 -6.27744e+66 -6.27744e+66 -6.27744e+66 -6.27744e+66 -6.27744e+66 -6.27744e+66 -6.27744e+66 -6.27744e+66 -6.27744e+66 -6.27744e+66 -6.27744e+66 -6.27744e+66 -6.27744e+66 -6.27744e+66 -6.27744e+66 -6.27744e+66 -6.27744e+66 27.0259 40.7513 
-6.27744e+66 -6.27744e+66 -6.27744e+66 -6.27744e+66 -6.27744e+66 -6.27744e+66 -6.27744e+66 -6.27744e+66 -6.27744e+66 -6.27744e+66 -6.27744e+66 -6.27744e+66 -6.27744e+66 -6.27744e+66 -6.27744e+66 -6.27744e+66 -6.27744e+66 -6.27744e+66 -6.27744e+66 -6.27744e+66 -6.27744e+66 -6.27744e+66 -6.27744e+66 -6.27744e+66 -6.27744e+66 -6.27744e+66 27.0259 
-6.27744e+66 -6.27744e+66 -6.27744e+66 -6.27744e+66 -6.27744e+66 -6.27744e+66 -6.27744e+66 -6.27744e+66 -6.27744e+66 -6.27744e+66 -6.27744e+66 -6.27744e+66 -6.27744e+66 -6.27744e+66 -6.27744e+66 -6.27744e+66 -6.27744e+66 -6.27744e+66 -6.27744e+66 -6.27744e+66 -6.27744e+66 -6.27744e+66 -6.27744e+66 -6.27744e+66 -6.27744e+66 -6.27744e+66 -6.27744e+66 
-6.27744e+66 237.933 298.748 377.7 400.106 485.459 533.471 731.919 873.82 1087.2 1144.82 1902.33 2500.88 3077.02 3784.39 4381.87 4493.89 5245.01 6006.79 6237.25 6379.15 6912.61 7920.85 9211.83 9432.68 9535.11 9561.78 
-6.27744e+66 -6.27744e+66 237.933 277.409 292.346 356.362 394.771 560.144 681.773 868.485 919.698 1601.46 2145.59 2673.72 3326.68 3881.48 3986.04 4690.21 5407.18 5624.83 5759.26 6266.05 7226.29 8458.58 8669.83 8767.99 8793.6 
-6.27744e+66 -6.27744e+66 -6.27744e+66 237.933 245.402 288.079 316.885 449.184 550.542 710.58 755.391 1361.4 1851.12 2331.24 2929.78 3441.91 3539 4196.22 4868.38 5073.23 5200.2 5680.31 6592.53 7766.15 7967.8 8061.69 8086.23 
-6.27744e+66 -6.27744e+66 -6.27744e+66 -6.27744e+66 237.933 259.272 278.476 377.7 458.786 592.152 630.561 1160.82 1596.13 2028.23 2572.36 3041.81 3131.43 3741.71 4369.06 4561.11 4680.6 5134.05 5998.26 7113.19 7305.24 7394.86 7418.33 
-6.27744e+66 -6.27744e+66 -6.27744e+66 -6.27744e+66 -6.27744e+66 237.933 247.535 313.685 374.499 481.192 513.199 967.709 1348.6 1732.69 2222.41 2649.18 2731.33 3294.67 3877.21 4056.45 4168.48 4595.25 5411.45 6467.7 6650.15 6735.5 6757.91 
-6.27744e+66 -6.27744e+66 -6.27744e+66 -6.27744e+66 -6.27744e+66 -6.27744e+66 237.933 271.008 311.551 391.57 417.176 795.934 1122.41 1458.49 1893.8 2277.89 2352.58 2868.97 3406.7 3573.14 3677.7 4077.79 4845.98 5843.55 6016.39 6097.48 6118.82 
-6.27744e+66 -6.27744e+66 -6.27744e+66 -6.27744e+66 -6.27744e+66 -6.27744e+66 -6.27744e+66 237.933 258.205 311.551 330.755 633.762 905.828 1193.9 1574.79 1916.2 1983.42 2452.87 2945.79 3099.42 3196.51 3569.94 4290.11 5229 5392.24 5469.06 5489.33 
-6.27744e+66 -6.27744e+66 -6.27744e+66 -6.27744e+66 -6.27744e+66 -6.27744e+66 -6.27744e+66 -6.27744e+66 237.933 264.606 277.409 504.664 722.317 962.375 1288.85 1587.59 1647.34 2069.84 2517.95 2658.78 2748.41 3095.16 3767.32 4647.53 4801.17 4873.72 4892.92 
-6.27744e+66 -6.27744e+66 -6.27744e+66 -6.27744e+66 -6.27744e+66 -6.27744e+66 -6.27744e+66 -6.27744e+66 -6.27744e+66 237.933 244.335 395.838 559.077 751.124 1023.19 1279.25 1331.53 1707.09 2110.38 2238.42 2320.57 2640.65 3264.8 4086.33 4230.36 4298.65 4316.78 
-6.27744e+66 -6.27744e+66 -6.27744e+66 -6.27744e+66 -6.27744e+66 -6.27744e+66 -6.27744e+66 -6.27744e+66 -6.27744e+66 -6.27744e+66 237.933 313.685 422.511 566.546 784.198 997.583 1042.39 1371.01 1729.49 1844.72 1919.41 2212.81 2788.95 3551.8 3686.23 3750.25 3767.32 
-6.27744e+66 -6.27744e+66 -6.27744e+66 -6.27744e+66 -6.27744e+66 -6.27744e+66 -6.27744e+66 -6.27744e+66 -6.27744e+66 -6.27744e+66 -6.27744e+66 237.933 292.346 388.369 551.609 722.317 759.659 1041.33 1355 1457.43 1524.64 1791.37 2319.5 3023.67 3148.5 3208.25 3224.25 
-6.27744e+66 -6.27744e+66 -6.27744e+66 -6.27744e+66 -6.27744e+66 -6.27744e+66 -6.27744e+66 -6.27744e+66 -6.27744e+66 -6.27744e+66 -6.27744e+66 -6.27744e+66 237.933 285.945 394.771 522.802 552.676 787.399 1056.26 1145.89 1205.63 1445.69 1925.81 2571.3 2686.52 2742 2756.94 
-6.27744e+66 -6.27744e+66 -6.27744e+66 -6.27744e+66 -6.27744e+66 -6.27744e+66 -6.27744e+66 -6.27744e+66 -6.27744e+66 -6.27744e+66 -6.27744e+66 -6.27744e+66 -6.27744e+66 237.933 292.346 377.7 400.106 587.884 811.938 888.757 941.036 1154.42 1586.53 2173.33 2278.96 2330.17 2344.04 
-6.27744e+66 -6.27744e+66 -6.27744e+66 -6.27744e+66 -6.27744e+66 -6.27744e+66 -6.27744e+66 -6.27744e+66 -6.27744e+66 -6.27744e+66 -6.27744e+66 -6.27744e+66 -6.27744e+66 -6.27744e+66 237.933 280.61 295.547 436.381 615.624 679.64 724.45 911.162 1295.25 1823.38 1919.41 1966.35 1979.15 
-6.27744e+66 -6.27744e+66 -6.27744e+66 -6.27744e+66 -6.27744e+66 -6.27744e+66 -6.27744e+66 -6.27744e+66 -6.27744e+66 -6.27744e+66 -6.27744e+66 -6.27744e+66 -6.27744e+66 -6.27744e+66 -6.27744e+66 237.933 245.402 339.291 473.723 524.936 562.278 722.317 1058.4 1527.84 1614.27 1656.94 1668.68 
-6.27744e+66 -6.27744e+66 -6.27744e+66 -6.27744e+66 -6.27744e+66 -6.27744e+66 -6.27744e+66 -6.27744e+66 -6.27744e+66 -6.27744e+66 -6.27744e+66 -6.27744e+66 -6.27744e+66 -6.27744e+66 -6.27744e+66 -6.27744e+66 237.933 284.878 374.499 412.909 442.783 576.148 864.218 1274.98 1351.8 1390.21 1400.88 
-6.27744e+66 -6.27744e+66 -6.27744e+66 -6.27744e+66 -6.27744e+66 -6.27744e+66 -6.27744e+66 -6.27744e+66 -6.27744e+66 -6.27744e+66 -6.27744e+66 -6.27744e+66 -6.27744e+66 -6.27744e+66 -6.27744e+66 -6.27744e+66 -6.27744e+66 237.933 282.744 308.35 330.755 437.448 677.506 1029.59 1096.81 1130.95 1140.55 
-6.27744e+66 -6.27744e+66 -6.27744e+66 -6.27744e+66 -6.27744e+66 -6.27744e+66 -6.27744e+66 -6.27744e+66 -6.27744e+66 -6.27744e+66 -6.27744e+66 -6.27744e+66 -6.27744e+66 -6.27744e+66 -6.27744e+66 -6.27744e+66 -6.27744e+66 -6.27744e+66 237.933 250.736 265.673 345.692 537.739 831.143 888.757 918.631 927.166 
-6.27744e+66 -6.27744e+66 -6.27744e+66 -6.27744e+66 -6.27744e+66 -6.27744e+66 -6.27744e+66 -6.27744e+66 -6.27744e+66 -6.27744e+66 -6.27744e+66 -6.27744e+66 -6.27744e+66 -6.27744e+66 -6.27744e+66 -6.27744e+66 -6.27744e+66 -6.27744e+66 -6.27744e+66 237.933 245.402 298.748 442.783 677.506 725.517 751.124 758.592 
-6.27744e+66 -6.27744e+66 -6.27744e+66 -6.27744e+66 -6.27744e+66 -6.27744e+66 -6.27744e+66 -6.27744e+66 -6.27744e+66 -6.27744e+66 -6.27744e+66 -6.27744e+66 -6.27744e+66 -6.27744e+66 -6.27744e+66 -6.27744e+66 -6.27744e+66 -6.27744e+66 -6.27744e+66 -6.27744e+66 237.933 264.606 360.629 536.672 575.081 596.42 602.821 
-6.27744e+66 -6.27744e+66 -6.27744e+66 -6.27744e+66 -6.27744e+66 -6.27744e+66 -6.27744e+66 -6.27744e+66 -6.27744e+66 -6.27744e+66 -6.27744e+66 -6.27744e+66 -6.27744e+66 -6.27744e+66 -6.27744e+66 -6.27744e+66 -6.27744e+66 -6.27744e+66 -6.27744e+66 -6.27744e+66 -6.27744e+66 237.933 285.945 403.306 432.113 449.184 454.519 
-6.27744e+66 -6.27744e+66 -6.27744e+66 -6.27744e+66 -6.27744e+66 -6.27744e+66 -6.27744e+66 -6.27744e+66 -6.27744e+66 -6.27744e+66 -6.27744e+66 -6.27744e+66 -6.27744e+66 -6.27744e+66 -6.27744e+66 -6.27744e+66 -6.27744e+66 -6.27744e+66 -6.27744e+66 -6.27744e+66 -6.27744e+66 -6.27744e+66 237.933 296.614 315.819 328.622 332.889 
-6.27744e+66 -6.27744e+66 -6.27744e+66 -6.27744e+66 -6.27744e+66 -6.27744e+66 -6.27744e+66 -6.27744e+66 -6.27744e+66 -6.27744e+66 -6.27744e+66 -6.27744e+66 -6.27744e+66 -6.27744e+66 -6.27744e+66 -6.27744e+66 -6.27744e+66 -6.27744e+66 -6.27744e+66 -6.27744e+66 -6.27744e+66 -6.27744e+66 -6.27744e+66 237.933 247.535 256.071 259.272 
-6.27744e+66 -6.27744e+66 -6.27744e+66 -6.27744e+66 -6.27744e+66 -6.27744e+66 -6.27744e+66 -6.27744e+66 -6.27744e+66 -6.27744e+66 -6.27744e+66 -6.27744e+66 -6.27744e+66 -6.27744e+66 -6.27744e+66 -6.27744e+66 -6.27744e+66 -6.27744e+66 -6.27744e+66 -6.27744e+66 -6.27744e+66 -6.27744e+66 -6.27744e+66 -6.27744e+66 237.933 242.201 244.335 
-6.27744e+66 -6.27744e+66 -6.27744e+66 -6.27744e+66 -6.27744e+66 -6.27744e+66 -6.27744e+66 -6.27744e+66 -6.27744e+66 -6.27744e+66 -6.27744e+66 -6.27744e+66 -6.27744e+66 -6.27744e+66 -6.27744e+66 -6.27744e+66 -6.27744e+66 -6.27744e+66 -6.27744e+66 -6.27744e+66 -6.27744e+66 -6.27744e+66 -6.27744e+66 -6.27744e+66 -6.27744e+66 237.933 239 
-6.27744e+66 -6.27744e+66 -6.27744e+66 -6.27744e+66 -6.27744e+66 -6.27744e+66 -6.27744e+66 -6.27744e+66 -6.27744e+66 -6.27744e+66 -6.27744e+66 -6.27744e+66 -6.27744e+66 -6.27744e+66 -6.27744e+66 -6.27744e+66 -6.27744e+66 -6.27744e+66 -6.27744e+66 -6.27744e+66 -6.27744e+66 -6.27744e+66 -6.27744e+66 -6.27744e+66 -6.27744e+66 -6.27744e+66 237.933 
-6.27744e+66 -6.27744e+66 -6.27744e+66 -6.27744e+66 -6.27744e+66 -6.27744e+66 -6.27744e+66 -6.27744e+66 -6.27744e+66 -6.27744e+66 -6.27744e+66 -6.27744e+66 -6.27744e+66 -6.27744e+66 -6.27744e+66 -6.27744e+66 -6.27744e+66 -6.27744e+66 -6.27744e+66 -6.27744e+66 -6.27744e+66 -6.27744e+66 -6.27744e+66 -6.27744e+66 -6.27744e+66 -6.27744e+66 -6.27744e+66 
-6.27744e+66 294.45 326.15 419.87 461.218 670.711 815.427 980.817 1414.97 1977.29 2560.29 3249.41 3325.22 3672.53 3923.38 4000.56 4372.68 5497.33 5614.48 5862.57 6229.18 7662.56 8328.25 9601.75 10616.1 11244.6 12795.2 
-6.27744e+66 -6.27744e+66 294.45 341.31 368.875 525.995 641.768 779.593 1151.72 1643.75 2161.98 2782.19 2851.1 3169.47 3401.02 3472.69 3820.01 4874.37 4984.63 5218.93 5566.25 6927.95 7561.95 8777.56 9747.85 10350.1 11838.7 
-6.27744e+66 -6.27744e+66 -6.27744e+66 294.45 308.232 412.979 499.809 610.069 920.174 1341.92 1795.36 2346.66 2408.68 2698.11 2910.36 2976.52 3299.03 4283.1 4386.47 4606.99 4935.01 6225.05 6827.34 7985.07 8911.25 9487.36 10913.8 
-6.27744e+66 -6.27744e+66 -6.27744e+66 -6.27744e+66 294.45 346.823 404.71 487.405 735.489 1086.94 1475.61 1957.99 2013.12 2273.61 2466.57 2527.21 2824.91 3738.69 3835.17 4041.9 4350.63 5569 6139.6 7239.44 8121.52 8671.44 10035.9 
-6.27744e+66 -6.27744e+66 -6.27744e+66 -6.27744e+66 -6.27744e+66 294.45 323.393 378.523 564.586 845.749 1169.64 1583.11 1631.35 1862.9 2036.55 2091.68 2364.58 3208.06 3297.65 3490.61 3780.04 4926.74 5465.63 6507.59 7345.56 7869.3 9171.74 
-6.27744e+66 -6.27744e+66 -6.27744e+66 -6.27744e+66 -6.27744e+66 -6.27744e+66 294.45 322.015 446.057 656.929 916.039 1260.6 1301.95 1504.55 1658.91 1708.53 1956.62 2729.81 2812.51 2991.68 3261.82 4336.85 4844.04 5828.11 6621.98 7119.53 8359.95 
-6.27744e+66 -6.27744e+66 -6.27744e+66 -6.27744e+66 -6.27744e+66 -6.27744e+66 -6.27744e+66 294.45 356.471 497.052 691.385 967.035 1001.49 1175.15 1310.22 1354.32 1577.6 2280.5 2356.31 2521.7 2772.54 3775.9 4251.4 5177.58 5927.35 6398.71 7577.11 
-6.27744e+66 -6.27744e+66 -6.27744e+66 -6.27744e+66 -6.27744e+66 -6.27744e+66 -6.27744e+66 -6.27744e+66 294.45 364.741 494.296 701.033 728.598 873.314 989.087 1027.68 1226.15 1858.76 1927.67 2079.28 2310.83 3242.52 3686.32 4554.61 5260.28 5705.45 6821.83 
-6.27744e+66 -6.27744e+66 -6.27744e+66 -6.27744e+66 -6.27744e+66 -6.27744e+66 -6.27744e+66 -6.27744e+66 -6.27744e+66 294.45 359.228 497.052 517.726 633.499 729.976 763.054 936.713 1499.04 1561.06 1698.88 1911.13 2771.16 3183.26 3993.67 4655.22 5074.21 6128.57 
-6.27744e+66 -6.27744e+66 -6.27744e+66 -6.27744e+66 -6.27744e+66 -6.27744e+66 -6.27744e+66 -6.27744e+66 -6.27744e+66 -6.27744e+66 294.45 363.362 377.145 463.974 541.156 568.721 717.572 1209.61 1264.74 1388.78 1581.73 2370.09 2750.49 3503.01 4120.46 4513.27 5505.6 
-6.27744e+66 -6.27744e+66 -6.27744e+66 -6.27744e+66 -6.27744e+66 -6.27744e+66 -6.27744e+66 -6.27744e+66 -6.27744e+66 -6.27744e+66 -6.27744e+66 294.45 301.341 359.228 417.114 439.166 563.208 984.952 1033.19 1143.45 1317.11 2033.8 2382.49 3077.13 3650.48 4017.1 4947.41 
-6.27744e+66 -6.27744e+66 -6.27744e+66 -6.27744e+66 -6.27744e+66 -6.27744e+66 -6.27744e+66 -6.27744e+66 -6.27744e+66 -6.27744e+66 -6.27744e+66 -6.27744e+66 294.45 323.393 361.984 378.523 477.757 829.21 870.557 967.035 1121.4 1766.42 2083.42 2720.17 3249.41 3589.84 4458.14 
-6.27744e+66 -6.27744e+66 -6.27744e+66 -6.27744e+66 -6.27744e+66 -6.27744e+66 -6.27744e+66 -6.27744e+66 -6.27744e+66 -6.27744e+66 -6.27744e+66 -6.27744e+66 -6.27744e+66 294.45 313.745 324.771 399.197 680.359 714.815 797.51 932.578 1505.93 1791.23 2370.09 2855.23 3169.47 3975.75 
-6.27744e+66 -6.27744e+66 -6.27744e+66 -6.27744e+66 -6.27744e+66 -6.27744e+66 -6.27744e+66 -6.27744e+66 -6.27744e+66 -6.27744e+66 -6.27744e+66 -6.27744e+66 -6.27744e+66 -6.27744e+66 294.45 299.963 349.58 560.452 588.017 656.929 772.702 1274.38 1527.98 2048.96 2490 2778.05 3522.31 
-6.27744e+66 -6.27744e+66 -6.27744e+66 -6.27744e+66 -6.27744e+66 -6.27744e+66 -6.27744e+66 -6.27744e+66 -6.27744e+66 -6.27744e+66 -6.27744e+66 -6.27744e+66 -6.27744e+66 -6.27744e+66 -6.27744e+66 294.45 319.258 459.84 480.513 535.643 632.121 1062.13 1284.03 1747.12 2144.06 2405.92 3088.16 
-6.27744e+66 -6.27744e+66 -6.27744e+66 -6.27744e+66 -6.27744e+66 -6.27744e+66 -6.27744e+66 -6.27744e+66 -6.27744e+66 -6.27744e+66 -6.27744e+66 -6.27744e+66 -6.27744e+66 -6.27744e+66 -6.27744e+66 -6.27744e+66 294.45 364.741 378.523 419.87 497.052 855.397 1045.59 1450.8 1803.63 2039.31 2659.52 
-6.27744e+66 -6.27744e+66 -6.27744e+66 -6.27744e+66 -6.27744e+66 -6.27744e+66 -6.27744e+66 -6.27744e+66 -6.27744e+66 -6.27744e+66 -6.27744e+66 -6.27744e+66 -6.27744e+66 -6.27744e+66 -6.27744e+66 -6.27744e+66 -6.27744e+66 294.45 301.341 328.906 386.792 673.468 831.966 1179.28 1488.01 1697.51 2255.7 
-6.27744e+66 -6.27744e+66 -6.27744e+66 -6.27744e+66 -6.27744e+66 -6.27744e+66 -6.27744e+66 -6.27744e+66 -6.27744e+66 -6.27744e+66 -6.27744e+66 -6.27744e+66 -6.27744e+66 -6.27744e+66 -6.27744e+66 -6.27744e+66 -6.27744e+66 -6.27744e+66 294.45 308.232 346.823 561.83 688.629 978.061 1242.68 1425.99 1922.16 
-6.27744e+66 -6.27744e+66 -6.27744e+66 -6.27744e+66 -6.27744e+66 -6.27744e+66 -6.27744e+66 -6.27744e+66 -6.27744e+66 -6.27744e+66 -6.27744e+66 -6.27744e+66 -6.27744e+66 -6.27744e+66 -6.27744e+66 -6.27744e+66 -6.27744e+66 -6.27744e+66 -6.27744e+66 294.45 313.745 457.083 552.182 783.728 1004.25 1161.37 1595.52 
-6.27744e+66 -6.27744e+66 -6.27744e+66 -6.27744e+66 -6.27744e+66 -6.27744e+66 -6.27744e+66 -6.27744e+66 -6.27744e+66 -6.27744e+66 -6.27744e+66 -6.27744e+66 -6.27744e+66 -6.27744e+66 -6.27744e+66 -6.27744e+66 -6.27744e+66 -6.27744e+66 -6.27744e+66 -6.27744e+66 294.45 366.119 429.518 603.177 779.593 910.527 1282.65 
-6.27744e+66 -6.27744e+66 -6.27744e+66 -6.27744e+66 -6.27744e+66 -6.27744e+66 -6.27744e+66 -6.27744e+66 -6.27744e+66 -6.27744e+66 -6.27744e+66 -6.27744e+66 -6.27744e+66 -6.27744e+66 -6.27744e+66 -6.27744e+66 -6.27744e+66 -6.27744e+66 -6.27744e+66 -6.27744e+66 -6.27744e+66 294.45 326.15 441.922 574.234 678.981 989.087 
-6.27744e+66 -6.27744e+66 -6.27744e+66 -6.27744e+66 -6.27744e+66 -6.27744e+66 -6.27744e+66 -6.27744e+66 -6.27744e+66 -6.27744e+66 -6.27744e+66 -6.27744e+66 -6.27744e+66 -6.27744e+66 -6.27744e+66 -6.27744e+66 -6.27744e+66 -6.27744e+66 -6.27744e+66 -6.27744e+66 -6.27744e+66 -6.27744e+66 294.45 352.336 440.544 519.104 767.189 
-6.27744e+66 -6.27744e+66 -6.27744e+66 -6.27744e+66 -6.27744e+66 -6.27744e+66 -6.27744e+66 -6.27744e+66 -6.27744e+66 -6.27744e+66 -6.27744e+66 -6.27744e+66 -6.27744e+66 -6.27744e+66 -6.27744e+66 -6.27744e+66 -6.27744e+66 -6.27744e+66 -6.27744e+66 -6.27744e+66 -6.27744e+66 -6.27744e+66 -6.27744e+66 294.45 338.554 390.927 576.991 
-6.27744e+66 -6.27744e+66 -6.27744e+66 -6.27744e+66 -6.27744e+66 -6.27744e+66 -6.27744e+66 -6.27744e+66 -6.27744e+66 -6.27744e+66 -6.27744e+66 -6.27744e+66 -6.27744e+66 -6.27744e+66 -6.27744e+66 -6.27744e+66 -6.27744e+66 -6.27744e+66 -6.27744e+66 -6.27744e+66 -6.27744e+66 -6.27744e+66 -6.27744e+66 -6.27744e+66 294.45 320.637 444.679 
-6.27744e+66 -6.27744e+66 -6.27744e+66 -6.27744e+66 -6.27744e+66 -6.27744e+66 -6.27744e+66 -6.27744e+66 -6.27744e+66 -6.27744e+66 -6.27744e+66 -6.27744e+66 -6.27744e+66 -6.27744e+66 -6.27744e+66 -6.27744e+66 -6.27744e+66 -6.27744e+66 -6.27744e+66 -6.27744e+66 -6.27744e+66 -6.27744e+66 -6.27744e+66 -6.27744e+66 -6.27744e+66 294.45 356.471 
-6.27744e+66 -6.27744e+66 -6.27744e+66 -6.27744e+66 -6.27744e+66 -6.27744e+66 -6.27744e+66 -6.27744e+66 -6.27744e+66 -6.27744e+66 -6.27744e+66 -6.27744e+66 -6.27744e+66 -6.27744e+66 -6.27744e+66 -6.27744e+66 -6.27744e+66 -6.27744e+66 -6.27744e+66 -6.27744e+66 -6.27744e+66 -6.27744e+66 -6.27744e+66 -6.27744e+66 -6.27744e+66 -6.27744e+66 294.45 
-6.27744e+66 -6.27744e+66 -6.27744e+66 -6.27744e+66 -6.27744e+66 -6.27744e+66 -6.27744e+66 -6.27744e+66 -6.27744e+66 -6.27744e+66 -6.27744e+66 -6.27744e+66 -6.27744e+66 -6.27744e+66 -6.27744e+66 -6.27744e+66 -6.27744e+66 -6.27744e+66 -6.27744e+66 -6.27744e+66 -6.27744e+66 -6.27744e+66 -6.27744e+66 -6.27744e+66 -6.27744e+66 -6.27744e+66 -6.27744e+66 
-6.27744e+66 274.791 276.16 310.39 330.928 382.958 489.072 710.883 773.182 871.765 1056.61 1583.75 1869.92 2625.72 2625.72 3200.79 4053.12 4370.77 4778.11 5591.42 5630.44 6287.66 7179.01 7329.63 8132.67 8642.01 9395.07 
-6.27744e+66 -6.27744e+66 274.791 291.906 305.598 344.62 429.511 614.354 667.753 754.013 918.318 1392.75 1652.9 2345.72 2345.72 2879.71 3675.22 3973.02 4356.4 5124.52 5161.49 5785.85 6634.75 6778.52 7546.65 8034.77 8757.71 
-6.27744e+66 -6.27744e+66 -6.27744e+66 274.791 281.637 307.652 371.32 519.194 563.693 637.631 781.397 1203.11 1437.25 2067.08 2067.08 2560 3298.68 3576.63 3936.05 4658.99 4693.9 5285.4 6091.86 6228.79 6962 7428.89 8121.71 
-6.27744e+66 -6.27744e+66 -6.27744e+66 -6.27744e+66 274.791 287.798 330.244 441.15 476.749 538.363 661.592 1030.59 1238.71 1805.56 1805.56 2257.4 2939.27 3197.36 3532.82 4210.57 4243.44 4802.07 5566.09 5696.16 6394.46 6840.14 7502.83 
-6.27744e+66 -6.27744e+66 -6.27744e+66 -6.27744e+66 -6.27744e+66 274.791 296.014 369.951 396.65 445.942 548.632 864.919 1047.02 1550.89 1550.89 1961.65 2586.7 2824.94 3136.43 3769.01 3799.81 4325.59 5047.16 5170.39 5833.77 6258.22 6890.8 
-6.27744e+66 -6.27744e+66 -6.27744e+66 -6.27744e+66 -6.27744e+66 -6.27744e+66 274.791 311.76 329.559 366.528 448.68 712.252 868.342 1309.23 1309.23 1678.91 2247.13 2465.52 2753.05 3340.44 3369.2 3862.11 4541.24 4657.62 5286.09 5689.32 6291.77 
-6.27744e+66 -6.27744e+66 -6.27744e+66 -6.27744e+66 -6.27744e+66 -6.27744e+66 -6.27744e+66 274.791 283.691 308.336 369.951 580.809 710.883 1088.78 1088.78 1417.39 1928.79 2127.33 2390.9 2933.11 2959.8 3419.86 4056.54 4166.08 4759.63 5141.64 5713.96 
-6.27744e+66 -6.27744e+66 -6.27744e+66 -6.27744e+66 -6.27744e+66 -6.27744e+66 -6.27744e+66 -6.27744e+66 274.791 287.114 328.19 486.333 590.393 905.31 905.31 1192.84 1647.42 1826.1 2065.71 2562.73 2587.38 3014.57 3608.81 3711.5 4270.14 4630.92 5173.13 
-6.27744e+66 -6.27744e+66 -6.27744e+66 -6.27744e+66 -6.27744e+66 -6.27744e+66 -6.27744e+66 -6.27744e+66 -6.27744e+66 274.791 295.329 400.758 478.803 730.737 730.737 977.194 1374.95 1533.78 1749.43 2201.26 2223.86 2618.19 3169.98 3265.82 3789.54 4129.11 4641.19 
-6.27744e+66 -6.27744e+66 -6.27744e+66 -6.27744e+66 -6.27744e+66 -6.27744e+66 -6.27744e+66 -6.27744e+66 -6.27744e+66 -6.27744e+66 274.791 327.505 379.535 568.486 568.486 773.867 1114.8 1253.77 1445.46 1852.12 1872.65 2234.13 2743.47 2832.47 3321.28 3639.62 4121.58 
-6.27744e+66 -6.27744e+66 -6.27744e+66 -6.27744e+66 -6.27744e+66 -6.27744e+66 -6.27744e+66 -6.27744e+66 -6.27744e+66 -6.27744e+66 -6.27744e+66 274.791 300.806 426.773 426.773 591.078 875.188 994.309 1162.04 1523.51 1541.99 1870.6 2337.5 2419.65 2873.54 3170.66 3622.5 
-6.27744e+66 -6.27744e+66 -6.27744e+66 -6.27744e+66 -6.27744e+66 -6.27744e+66 -6.27744e+66 -6.27744e+66 -6.27744e+66 -6.27744e+66 -6.27744e+66 -6.27744e+66 274.791 337.774 337.774 461.003 688.291 787.559 931.325 1247.61 1264.04 1559.79 1984.25 2059.55 2478.53 2754.42 3176.14 
-6.27744e+66 -6.27744e+66 -6.27744e+66 -6.27744e+66 -6.27744e+66 -6.27744e+66 -6.27744e+66 -6.27744e+66 -6.27744e+66 -6.27744e+66 -6.27744e+66 -6.27744e+66 -6.27744e+66 274.791 274.791 356.943 527.41 606.823 726.629 997.732 1012.11 1275 1657 1725.47 2109.53 2364.2 2755.79 
-6.27744e+66 -6.27744e+66 -6.27744e+66 -6.27744e+66 -6.27744e+66 -6.27744e+66 -6.27744e+66 -6.27744e+66 -6.27744e+66 -6.27744e+66 -6.27744e+66 -6.27744e+66 -6.27744e+66 -6.27744e+66 274.791 315.867 429.511 489.072 584.916 810.835 823.158 1053.18 1392.75 1454.36 1803.51 2036.96 2398.43 
-6.27744e+66 -6.27744e+66 -6.27744e+66 -6.27744e+66 -6.27744e+66 -6.27744e+66 -6.27744e+66 -6.27744e+66 -6.27744e+66 -6.27744e+66 -6.27744e+66 -6.27744e+66 -6.27744e+66 -6.27744e+66 -6.27744e+66 274.791 331.613 371.32 443.203 623.939 634.208 831.373 1128.49 1183.26 1497.49 1709.72 2041.07 
-6.27744e+66 -6.27744e+66 -6.27744e+66 -6.27744e+66 -6.27744e+66 -6.27744e+66 -6.27744e+66 -6.27744e+66 -6.27744e+66 -6.27744e+66 -6.27744e+66 -6.27744e+66 -6.27744e+66 -6.27744e+66 -6.27744e+66 -6.27744e+66 274.791 294.644 342.567 478.118 486.333 650.638 905.31 953.233 1232.55 1423.56 1724.78 
-6.27744e+66 -6.27744e+66 -6.27744e+66 -6.27744e+66 -6.27744e+66 -6.27744e+66 -6.27744e+66 -6.27744e+66 -6.27744e+66 -6.27744e+66 -6.27744e+66 -6.27744e+66 -6.27744e+66 -6.27744e+66 -6.27744e+66 -6.27744e+66 -6.27744e+66 274.791 298.752 389.12 395.281 526.725 738.952 780.028 1024.43 1194.21 1465.32 
-6.27744e+66 -6.27744e+66 -6.27744e+66 -6.27744e+66 -6.27744e+66 -6.27744e+66 -6.27744e+66 -6.27744e+66 -6.27744e+66 -6.27744e+66 -6.27744e+66 -6.27744e+66 -6.27744e+66 -6.27744e+66 -6.27744e+66 -6.27744e+66 -6.27744e+66 -6.27744e+66 274.791 319.975 324.082 422.665 592.447 626.677 836.166 984.724 1225.7 
-6.27744e+66 -6.27744e+66 -6.27744e+66 -6.27744e+66 -6.27744e+66 -6.27744e+66 -6.27744e+66 -6.27744e+66 -6.27744e+66 -6.27744e+66 -6.27744e+66 -6.27744e+66 -6.27744e+66 -6.27744e+66 -6.27744e+66 -6.27744e+66 -6.27744e+66 -6.27744e+66 -6.27744e+66 274.791 276.845 342.567 469.903 497.287 671.861 799.197 1010.05 
-6.27744e+66 -6.27744e+66 -6.27744e+66 -6.27744e+66 -6.27744e+66 -6.27744e+66 -6.27744e+66 -6.27744e+66 -6.27744e+66 -6.27744e+66 -6.27744e+66 -6.27744e+66 -6.27744e+66 -6.27744e+66 -6.27744e+66 -6.27744e+66 -6.27744e+66 -6.27744e+66 -6.27744e+66 -6.27744e+66 274.791 307.652 392.543 413.081 552.74 658.853 839.589 
-6.27744e+66 -6.27744e+66 -6.27744e+66 -6.27744e+66 -6.27744e+66 -6.27744e+66 -6.27744e+66 -6.27744e+66 -6.27744e+66 -6.27744e+66 -6.27744e+66 -6.27744e+66 -6.27744e+66 -6.27744e+66 -6.27744e+66 -6.27744e+66 -6.27744e+66 -6.27744e+66 -6.27744e+66 -6.27744e+66 -6.27744e+66 274.791 317.236 330.928 435.673 520.563 671.176 
-6.27744e+66 -6.27744e+66 -6.27744e+66 -6.27744e+66 -6.27744e+66 -6.27744e+66 -6.27744e+66 -6.27744e+66 -6.27744e+66 -6.27744e+66 -6.27744e+66 -6.27744e+66 -6.27744e+66 -6.27744e+66 -6.27744e+66 -6.27744e+66 -6.27744e+66 -6.27744e+66 -6.27744e+66 -6.27744e+66 -6.27744e+66 -6.27744e+66 274.791 281.637 351.466 415.135 535.625 
-6.27744e+66 -6.27744e+66 -6.27744e+66 -6.27744e+66 -6.27744e+66 -6.27744e+66 -6.27744e+66 -6.27744e+66 -6.27744e+66 -6.27744e+66 -6.27744e+66 -6.27744e+66 -6.27744e+66 -6.27744e+66 -6.27744e+66 -6.27744e+66 -6.27744e+66 -6.27744e+66 -6.27744e+66 -6.27744e+66 -6.27744e+66 -6.27744e+66 -6.27744e+66 274.791 309.706 352.151 442.519 
-6.27744e+66 -6.27744e+66 -6.27744e+66 -6.27744e+66 -6.27744e+66 -6.27744e+66 -6.27744e+66 -6.27744e+66 -6.27744e+66 -6.27744e+66 -6.27744e+66 -6.27744e+66 -6.27744e+66 -6.27744e+66 -6.27744e+66 -6.27744e+66 -6.27744e+66 -6.27744e+66 -6.27744e+66 -6.27744e+66 -6.27744e+66 -6.27744e+66 -6.27744e+66 -6.27744e+66 274.791 296.014 356.259 
-6.27744e+66 -6.27744e+66 -6.27744e+66 -6.27744e+66 -6.27744e+66 -6.27744e+66 -6.27744e+66 -6.27744e+66 -6.27744e+66 -6.27744e+66 -6.27744e+66 -6.27744e+66 -6.27744e+66 -6.27744e+66 -6.27744e+66 -6.27744e+66 -6.27744e+66 -6.27744e+66 -6.27744e+66 -6.27744e+66 -6.27744e+66 -6.27744e+66 -6.27744e+66 -6.27744e+66 -6.27744e+66 274.791 304.913 
-6.27744e+66 -6.27744e+66 -6.27744e+66 -6.27744e+66 -6.27744e+66 -6.27744e+66 -6.27744e+66 -6.27744e+66 -6.27744e+66 -6.27744e+66 -6.27744e+66 -6.27744e+66 -6.27744e+66 -6.27744e+66 -6.27744e+66 -6.27744e+66 -6.27744e+66 -6.27744e+66 -6.27744e+66 -6.27744e+66 -6.27744e+66 -6.27744e+66 -6.27744e+66 -6.27744e+66 -6.27744e+66 -6.27744e+66 274.791 
-6.27744e+66 -6.27744e+66 -6.27744e+66 -6.27744e+66 -6.27744e+66 -6.27744e+66 -6.27744e+66 -6.27744e+66 -6.27744e+66 -6.27744e+66 -6.27744e+66 -6.27744e+66 -6.27744e+66 -6.27744e+66 -6.27744e+66 -6.27744e+66 -6.27744e+66 -6.27744e+66 -6.27744e+66 -6.27744e+66 -6.27744e+66 -6.27744e+66 -6.27744e+66 -6.27744e+66 -6.27744e+66 -6.27744e+66 -6.27744e+66 
-6.27744e+66 120.85 125.748 162.138 265.007 402.166 542.124 647.093 818.541 986.491 1358.08 1428.06 1805.25 2300.7 2737.37 3530.93 3950.81 4096.36 4215.33 4882.93 5494.54 6180.34 6533.03 7195.04 7742.27 8212.53 8492.45 
-6.27744e+66 -6.27744e+66 120.85 139.044 207.624 310.493 422.46 509.934 656.89 803.846 1134.15 1197.13 1540.03 1994.19 2397.27 3134.15 3526.03 3662.49 3774.46 4404.97 4984.4 5635.9 5971.8 6603.71 7127.16 7577.82 7846.54 
-6.27744e+66 -6.27744e+66 -6.27744e+66 120.85 155.14 223.719 307.694 377.673 500.137 626.099 915.113 971.096 1279.7 1692.58 2062.07 2742.27 3106.16 3233.52 3338.49 3931.91 4479.15 5096.36 5415.47 6017.29 6516.94 6948.01 7205.53 
-6.27744e+66 -6.27744e+66 -6.27744e+66 -6.27744e+66 120.85 155.14 211.123 263.607 361.578 466.547 714.273 763.258 1037.58 1409.17 1745.06 2368.58 2704.48 2822.74 2920.71 3477.05 3992.09 4575.02 4877.33 5449.06 5924.92 6336.39 6582.72 
-6.27744e+66 -6.27744e+66 -6.27744e+66 -6.27744e+66 -6.27744e+66 120.85 148.841 183.831 257.309 341.284 547.722 589.71 829.738 1160.04 1462.35 2029.18 2337.09 2446.26 2537.23 3056.47 3539.33 4087.96 4373.48 4915.12 5367.18 5759.07 5994.2 
-6.27744e+66 -6.27744e+66 -6.27744e+66 -6.27744e+66 -6.27744e+66 -6.27744e+66 120.85 138.345 187.33 250.311 415.462 450.451 656.19 945.204 1213.92 1724.07 2003.99 2104.06 2188.03 2670.19 3120.85 3635.2 3903.92 4415.47 4843.74 5216.03 5439.96 
-6.27744e+66 -6.27744e+66 -6.27744e+66 -6.27744e+66 -6.27744e+66 -6.27744e+66 -6.27744e+66 120.85 145.343 187.33 311.193 339.185 510.633 758.359 993.489 1446.95 1698.88 1789.85 1866.83 2311.9 2730.37 3210.43 3462.35 3943.81 4348.29 4700.98 4913.72 
-6.27744e+66 -6.27744e+66 -6.27744e+66 -6.27744e+66 -6.27744e+66 -6.27744e+66 -6.27744e+66 -6.27744e+66 120.85 141.844 224.419 245.413 382.572 589.01 790.55 1187.33 1411.26 1493.14 1563.12 1971.1 2357.38 2803.15 3038.28 3489.64 3870.33 4203.43 4404.97 
-6.27744e+66 -6.27744e+66 -6.27744e+66 -6.27744e+66 -6.27744e+66 -6.27744e+66 -6.27744e+66 -6.27744e+66 -6.27744e+66 120.85 162.138 176.133 279.003 444.153 612.103 952.202 1148.14 1220.92 1283.9 1654.79 2008.89 2420.36 2638.7 3059.97 3416.87 3730.37 3920.71 
-6.27744e+66 -6.27744e+66 -6.27744e+66 -6.27744e+66 -6.27744e+66 -6.27744e+66 -6.27744e+66 -6.27744e+66 -6.27744e+66 -6.27744e+66 120.85 127.848 196.427 320.29 454.65 738.065 906.015 969.696 1025.68 1359.48 1681.38 2058.57 2260.11 2651.29 2984.39 3278.31 3457.45 
-6.27744e+66 -6.27744e+66 -6.27744e+66 -6.27744e+66 -6.27744e+66 -6.27744e+66 -6.27744e+66 -6.27744e+66 -6.27744e+66 -6.27744e+66 -6.27744e+66 120.85 155.14 237.715 338.485 565.217 705.175 759.759 808.744 1105.46 1395.17 1738.07 1922.81 2283.9 2593.21 2867.53 3035.48 
-6.27744e+66 -6.27744e+66 -6.27744e+66 -6.27744e+66 -6.27744e+66 -6.27744e+66 -6.27744e+66 -6.27744e+66 -6.27744e+66 -6.27744e+66 -6.27744e+66 -6.27744e+66 120.85 162.138 229.317 399.367 511.333 556.82 598.807 858.43 1115.95 1424.56 1592.51 1923.51 2209.03 2463.75 2620.5 
-6.27744e+66 -6.27744e+66 -6.27744e+66 -6.27744e+66 -6.27744e+66 -6.27744e+66 -6.27744e+66 -6.27744e+66 -6.27744e+66 -6.27744e+66 -6.27744e+66 -6.27744e+66 -6.27744e+66 120.85 154.44 267.806 351.781 388.17 423.16 645.693 871.026 1145.34 1296.5 1597.41 1859.13 2094.26 2239.82 
-6.27744e+66 -6.27744e+66 -6.27744e+66 -6.27744e+66 -6.27744e+66 -6.27744e+66 -6.27744e+66 -6.27744e+66 -6.27744e+66 -6.27744e+66 -6.27744e+66 -6.27744e+66 -6.27744e+66 -6.27744e+66 120.85 177.533 233.516 260.808 288.8 474.244 667.387 907.415 1041.77 1312.59 1550.52 1766.06 1900.42 
-6.27744e+66 -6.27744e+66 -6.27744e+66 -6.27744e+66 -6.27744e+66 -6.27744e+66 -6.27744e+66 -6.27744e+66 -6.27744e+66 -6.27744e+66 -6.27744e+66 -6.27744e+66 -6.27744e+66 -6.27744e+66 -6.27744e+66 120.85 148.841 167.036 188.03 336.385 497.337 703.076 820.641 1061.37 1275.5 1471.45 1594.61 
-6.27744e+66 -6.27744e+66 -6.27744e+66 -6.27744e+66 -6.27744e+66 -6.27744e+66 -6.27744e+66 -6.27744e+66 -6.27744e+66 -6.27744e+66 -6.27744e+66 -6.27744e+66 -6.27744e+66 -6.27744e+66 -6.27744e+66 -6.27744e+66 120.85 129.947 143.943 255.21 383.971 555.42 656.19 866.827 1057.17 1233.52 1345.48 
-6.27744e+66 -6.27744e+66 -6.27744e+66 -6.27744e+66 -6.27744e+66 -6.27744e+66 -6.27744e+66 -6.27744e+66 -6.27744e+66 -6.27744e+66 -6.27744e+66 -6.27744e+66 -6.27744e+66 -6.27744e+66 -6.27744e+66 -6.27744e+66 -6.27744e+66 120.85 127.848 202.026 298.597 435.756 519.731 700.277 866.827 1023.58 1124.35 
-6.27744e+66 -6.27744e+66 -6.27744e+66 -6.27744e+66 -6.27744e+66 -6.27744e+66 -6.27744e+66 -6.27744e+66 -6.27744e+66 -6.27744e+66 -6.27744e+66 -6.27744e+66 -6.27744e+66 -6.27744e+66 -6.27744e+66 -6.27744e+66 -6.27744e+66 -6.27744e+66 120.85 157.939 222.32 325.189 392.369 542.824 685.581 822.74 912.313 
-6.27744e+66 -6.27744e+66 -6.27744e+66 -6.27744e+66 -6.27744e+66 -6.27744e+66 -6.27744e+66 -6.27744e+66 -6.27744e+66 -6.27744e+66 -6.27744e+66 -6.27744e+66 -6.27744e+66 -6.27744e+66 -6.27744e+66 -6.27744e+66 -6.27744e+66 -6.27744e+66 -6.27744e+66 120.85 153.04 221.62 272.005 392.369 511.333 628.898 707.275 
-6.27744e+66 -6.27744e+66 -6.27744e+66 -6.27744e+66 -6.27744e+66 -6.27744e+66 -6.27744e+66 -6.27744e+66 -6.27744e+66 -6.27744e+66 -6.27744e+66 -6.27744e+66 -6.27744e+66 -6.27744e+66 -6.27744e+66 -6.27744e+66 -6.27744e+66 -6.27744e+66 -6.27744e+66 -6.27744e+66 120.85 155.14 188.73 279.003 374.174 472.145 539.325 
-6.27744e+66 -6.27744e+66 -6.27744e+66 -6.27744e+66 -6.27744e+66 -6.27744e+66 -6.27744e+66 -6.27744e+66 -6.27744e+66 -6.27744e+66 -6.27744e+66 -6.27744e+66 -6.27744e+66 -6.27744e+66 -6.27744e+66 -6.27744e+66 -6.27744e+66 -6.27744e+66 -6.27744e+66 -6.27744e+66 -6.27744e+66 120.85 137.645 197.827 269.206 347.582 403.565 
-6.27744e+66 -6.27744e+66 -6.27744e+66 -6.27744e+66 -6.27744e+66 -6.27744e+66 -6.27744e+66 -6.27744e+66 -6.27744e+66 -6.27744e+66 -6.27744e+66 -6.27744e+66 -6.27744e+66 -6.27744e+66 -6.27744e+66 -6.27744e+66 -6.27744e+66 -6.27744e+66 -6.27744e+66 -6.27744e+66 -6.27744e+66 -6.27744e+66 120.85 150.941 198.527 257.309 302.096 
-6.27744e+66 -6.27744e+66 -6.27744e+66 -6.27744e+66 -6.27744e+66 -6.27744e+66 -6.27744e+66 -6.27744e+66 -6.27744e+66 -6.27744e+66 -6.27744e+66 -6.27744e+66 -6.27744e+66 -6.27744e+66 -6.27744e+66 -6.27744e+66 -6.27744e+66 -6.27744e+66 -6.27744e+66 -6.27744e+66 -6.27744e+66 -6.27744e+66 -6.27744e+66 120.85 144.643 183.831 217.421 
-6.27744e+66 -6.27744e+66 -6.27744e+66 -6.27744e+66 -6.27744e+66 -6.27744e+66 -6.27744e+66 -6.27744e+66 -6.27744e+66 -6.27744e+66 -6.27744e+66 -6.27744e+66 -6.27744e+66 -6.27744e+66 -6.27744e+66 -6.27744e+66 -6.27744e+66 -6.27744e+66 -6.27744e+66 -6.27744e+66 -6.27744e+66 -6.27744e+66 -6.27744e+66 -6.27744e+66 120.85 140.444 162.837 
-6.27744e+66 -6.27744e+66 -6.27744e+66 -6.27744e+66 -6.27744e+66 -6.27744e+66 -6.27744e+66 -6.27744e+66 -6.27744e+66 -6.27744e+66 -6.27744e+66 -6.27744e+66 -6.27744e+66 -6.27744e+66 -6.27744e+66 -6.27744e+66 -6.27744e+66 -6.27744e+66 -6.27744e+66 -6.27744e+66 -6.27744e+66 -6.27744e+66 -6.27744e+66 -6.27744e+66 -6.27744e+66 120.85 132.047 
-6.27744e+66 -6.27744e+66 -6.27744e+66 -6.27744e+66 -6.27744e+66 -6.27744e+66 -6.27744e+66 -6.27744e+66 -6.27744e+66 -6.27744e+66 -6.27744e+66 -6.27744e+66 -6.27744e+66 -6.27744e+66 -6.27744e+66 -6.27744e+66 -6.27744e+66 -6.27744e+66 -6.27744e+66 -6.27744e+66 -6.27744e+66 -6.27744e+66 -6.27744e+66 -6.27744e+66 -6.27744e+66 -6.27744e+66 120.85 
-6.27744e+66 -6.27744e+66 -6.27744e+66 -6.27744e+66 -6.27744e+66 -6.27744e+66 -6.27744e+66 -6.27744e+66 -6.27744e+66 -6.27744e+66 -6.27744e+66 -6.27744e+66 -6.27744e+66 -6.27744e+66 -6.27744e+66 -6.27744e+66 -6.27744e+66 -6.27744e+66 -6.27744e+66 -6.27744e+66 -6.27744e+66 -6.27744e+66 -6.27744e+66 -6.27744e+66 -6.27744e+66 -6.27744e+66 -6.27744e+66 
-6.27744e+66 135.466 152.558 226.625 252.264 377.609 505.802 779.281 1018.58 1178.11 1588.32 1987.15 2081.16 2286.27 2730.67 2890.2 3018.39 3474.19 4200.62 4303.17 4465.55 4978.33 5636.39 6513.8 7758.7 7963.81 8106.24 
-6.27744e+66 -6.27744e+66 135.466 172.499 189.592 283.6 386.155 614.054 819.164 958.752 1323.39 1682.33 1767.79 1955.81 2366.03 2514.16 2633.81 3061.12 3744.82 3841.68 3995.51 4482.65 5109.37 5946.9 7137.67 7334.24 7470.98 
-6.27744e+66 -6.27744e+66 -6.27744e+66 135.466 144.012 206.684 283.6 465.92 636.844 756.491 1075.55 1394.61 1471.53 1642.45 2018.48 2155.22 2266.32 2665.15 3306.12 3397.27 3542.56 4004.06 4599.44 5397.09 6533.74 6721.76 6852.8 
-6.27744e+66 -6.27744e+66 -6.27744e+66 -6.27744e+66 135.466 166.802 218.079 354.819 491.558 591.264 864.743 1143.92 1212.29 1366.12 1707.97 1833.32 1935.87 2306.21 2904.44 2989.9 3126.64 3562.5 4126.55 4884.32 5966.84 6146.31 6271.66 
-6.27744e+66 -6.27744e+66 -6.27744e+66 -6.27744e+66 -6.27744e+66 135.466 161.104 252.264 354.819 434.583 662.483 901.777 961.601 1098.34 1406 1519.95 1613.96 1955.81 2511.32 2591.08 2719.27 3129.49 3662.21 4380.09 5408.49 5579.41 5699.06 
-6.27744e+66 -6.27744e+66 -6.27744e+66 -6.27744e+66 -6.27744e+66 -6.27744e+66 135.466 181.045 249.415 309.239 491.558 690.97 742.248 861.895 1135.37 1237.93 1323.39 1636.75 2149.53 2223.59 2343.24 2727.82 3229.2 3907.2 4881.47 5043.85 5157.8 
-6.27744e+66 -6.27744e+66 -6.27744e+66 -6.27744e+66 -6.27744e+66 -6.27744e+66 -6.27744e+66 135.466 169.65 209.533 346.272 505.802 548.533 651.088 890.382 981.542 1058.46 1343.33 1813.37 1881.74 1992.85 2351.79 2821.83 3459.95 4380.09 4533.92 4642.17 
-6.27744e+66 -6.27744e+66 -6.27744e+66 -6.27744e+66 -6.27744e+66 -6.27744e+66 -6.27744e+66 -6.27744e+66 135.466 155.407 246.566 366.214 400.399 485.861 690.97 770.735 839.105 1095.49 1522.8 1585.48 1688.03 2021.33 2460.04 3058.27 3924.29 4069.58 4172.13 
-6.27744e+66 -6.27744e+66 -6.27744e+66 -6.27744e+66 -6.27744e+66 -6.27744e+66 -6.27744e+66 -6.27744e+66 -6.27744e+66 135.466 181.045 260.81 286.449 354.819 525.743 594.113 653.937 881.836 1266.42 1323.39 1417.4 1725.06 2132.43 2690.79 3502.68 3639.42 3736.28 
-6.27744e+66 -6.27744e+66 -6.27744e+66 -6.27744e+66 -6.27744e+66 -6.27744e+66 -6.27744e+66 -6.27744e+66 -6.27744e+66 -6.27744e+66 135.466 175.348 192.44 243.718 380.457 437.432 488.71 688.121 1029.97 1081.25 1166.71 1448.74 1824.77 2343.24 3101.01 3229.2 3320.36 
-6.27744e+66 -6.27744e+66 -6.27744e+66 -6.27744e+66 -6.27744e+66 -6.27744e+66 -6.27744e+66 -6.27744e+66 -6.27744e+66 -6.27744e+66 -6.27744e+66 135.466 144.012 178.197 280.751 326.331 369.062 539.987 839.105 884.685 961.601 1217.99 1562.69 2041.27 2744.91 2864.56 2950.02 
-6.27744e+66 -6.27744e+66 -6.27744e+66 -6.27744e+66 -6.27744e+66 -6.27744e+66 -6.27744e+66 -6.27744e+66 -6.27744e+66 -6.27744e+66 -6.27744e+66 -6.27744e+66 135.466 152.558 220.928 255.113 289.298 431.735 688.121 728.004 796.374 1027.12 1340.48 1779.19 2428.7 2539.8 2619.57 
-6.27744e+66 -6.27744e+66 -6.27744e+66 -6.27744e+66 -6.27744e+66 -6.27744e+66 -6.27744e+66 -6.27744e+66 -6.27744e+66 -6.27744e+66 -6.27744e+66 -6.27744e+66 -6.27744e+66 135.466 169.65 192.44 218.079 332.029 545.684 579.869 639.693 844.802 1126.83 1525.65 2121.04 2223.59 2297.66 
-6.27744e+66 -6.27744e+66 -6.27744e+66 -6.27744e+66 -6.27744e+66 -6.27744e+66 -6.27744e+66 -6.27744e+66 -6.27744e+66 -6.27744e+66 -6.27744e+66 -6.27744e+66 -6.27744e+66 -6.27744e+66 135.466 146.861 163.953 249.415 420.34 448.827 500.105 679.575 930.264 1289.21 1830.47 1924.48 1992.85 
-6.27744e+66 -6.27744e+66 -6.27744e+66 -6.27744e+66 -6.27744e+66 -6.27744e+66 -6.27744e+66 -6.27744e+66 -6.27744e+66 -6.27744e+66 -6.27744e+66 -6.27744e+66 -6.27744e+66 -6.27744e+66 -6.27744e+66 135.466 144.012 200.987 329.18 351.97 394.701 548.533 767.886 1086.95 1574.08 1659.54 1722.21 
-6.27744e+66 -6.27744e+66 -6.27744e+66 -6.27744e+66 -6.27744e+66 -6.27744e+66 -6.27744e+66 -6.27744e+66 -6.27744e+66 -6.27744e+66 -6.27744e+66 -6.27744e+66 -6.27744e+66 -6.27744e+66 -6.27744e+66 -6.27744e+66 135.466 163.953 249.415 266.508 300.693 428.886 616.903 896.08 1329.09 1406 1462.98 
-6.27744e+66 -6.27744e+66 -6.27744e+66 -6.27744e+66 -6.27744e+66 -6.27744e+66 -6.27744e+66 -6.27744e+66 -6.27744e+66 -6.27744e+66 -6.27744e+66 -6.27744e+66 -6.27744e+66 -6.27744e+66 -6.27744e+66 -6.27744e+66 -6.27744e+66 135.466 178.197 189.592 215.23 317.785 474.466 713.76 1092.64 1161.01 1212.29 
-6.27744e+66 -6.27744e+66 -6.27744e+66 -6.27744e+66 -6.27744e+66 -6.27744e+66 -6.27744e+66 -6.27744e+66 -6.27744e+66 -6.27744e+66 -6.27744e+66 -6.27744e+66 -6.27744e+66 -6.27744e+66 -6.27744e+66 -6.27744e+66 -6.27744e+66 -6.27744e+66 135.466 141.163 158.255 235.172 360.516 559.928 884.685 944.508 990.088 
-6.27744e+66 -6.27744e+66 -6.27744e+66 -6.27744e+66 -6.27744e+66 -6.27744e+66 -6.27744e+66 -6.27744e+66 -6.27744e+66 -6.27744e+66 -6.27744e+66 -6.27744e+66 -6.27744e+66 -6.27744e+66 -6.27744e+66 -6.27744e+66 -6.27744e+66 -6.27744e+66 -6.27744e+66 135.466 144.012 195.289 289.298 448.827 719.458 770.735 810.617 
-6.27744e+66 -6.27744e+66 -6.27744e+66 -6.27744e+66 -6.27744e+66 -6.27744e+66 -6.27744e+66 -6.27744e+66 -6.27744e+66 -6.27744e+66 -6.27744e+66 -6.27744e+66 -6.27744e+66 -6.27744e+66 -6.27744e+66 -6.27744e+66 -6.27744e+66 -6.27744e+66 -6.27744e+66 -6.27744e+66 135.466 161.104 223.777 343.424 559.928 602.659 636.844 
-6.27744e+66 -6.27744e+66 -6.27744e+66 -6.27744e+66 -6.27744e+66 -6.27744e+66 -6.27744e+66 -6.27744e+66 -6.27744e+66 -6.27744e+66 -6.27744e+66 -6.27744e+66 -6.27744e+66 -6.27744e+66 -6.27744e+66 -6.27744e+66 -6.27744e+66 -6.27744e+66 -6.27744e+66 -6.27744e+66 -6.27744e+66 135.466 166.802 246.566 408.945 443.13 471.617 
-6.27744e+66 -6.27744e+66 -6.27744e+66 -6.27744e+66 -6.27744e+66 -6.27744e+66 -6.27744e+66 -6.27744e+66 -6.27744e+66 -6.27744e+66 -6.27744e+66 -6.27744e+66 -6.27744e+66 -6.27744e+66 -6.27744e+66 -6.27744e+66 -6.27744e+66 -6.27744e+66 -6.27744e+66 -6.27744e+66 -6.27744e+66 -6.27744e+66 135.466 175.348 283.6 309.239 332.029 
-6.27744e+66 -6.27744e+66 -6.27744e+66 -6.27744e+66 -6.27744e+66 -6.27744e+66 -6.27744e+66 -6.27744e+66 -6.27744e+66 -6.27744e+66 -6.27744e+66 -6.27744e+66 -6.27744e+66 -6.27744e+66 -6.27744e+66 -6.27744e+66 -6.27744e+66 -6.27744e+66 -6.27744e+66 -6.27744e+66 -6.27744e+66 -6.27744e+66 -6.27744e+66 135.466 189.592 206.684 223.777 
-6.27744e+66 -6.27744e+66 -6.27744e+66 -6.27744e+66 -6.27744e+66 -6.27744e+66 -6.27744e+66 -6.27744e+66 -6.27744e+66 -6.27744e+66 -6.27744e+66 -6.27744e+66 -6.27744e+66 -6.27744e+66 -6.27744e+66 -6.27744e+66 -6.27744e+66 -6.27744e+66 -6.27744e+66 -6.27744e+66 -6.27744e+66 -6.27744e+66 -6.27744e+66 -6.27744e+66 135.466 144.012 155.407 
-6.27744e+66 -6.27744e+66 -6.27744e+66 -6.27744e+66 -6.27744e+66 -6.27744e+66 -6.27744e+66 -6.27744e+66 -6.27744e+66 -6.27744e+66 -6.27744e+66 -6.27744e+66 -6.27744e+66 -6.27744e+66 -6.27744e+66 -6.27744e+66 -6.27744e+66 -6.27744e+66 -6.27744e+66 -6.27744e+66 -6.27744e+66 -6.27744e+66 -6.27744e+66 -6.27744e+66 -6.27744e+66 135.466 141.163 
-6.27744e+66 -6.27744e+66 -6.27744e+66 -6.27744e+66 -6.27744e+66 -6.27744e+66 -6.27744e+66 -6.27744e+66 -6.27744e+66 -6.27744e+66 -6.27744e+66 -6.27744e+66 -6.27744e+66 -6.27744e+66 -6.27744e+66 -6.27744e+66 -6.27744e+66 -6.27744e+66 -6.27744e+66 -6.27744e+66 -6.27744e+66 -6.27744e+66 -6.27744e+66 -6.27744e+66 -6.27744e+66 -6.27744e+66 135.466 
-6.27744e+66 -6.27744e+66 -6.27744e+66 -6.27744e+66 -6.27744e+66 -6.27744e+66 -6.27744e+66 -6.27744e+66 -6.27744e+66 -6.27744e+66 -6.27744e+66 -6.27744e+66 -6.27744e+66 -6.27744e+66 -6.27744e+66 -6.27744e+66 -6.27744e+66 -6.27744e+66 -6.27744e+66 -6.27744e+66 -6.27744e+66 -6.27744e+66 -6.27744e+66 -6.27744e+66 -6.27744e+66 -6.27744e+66 -6.27744e+66 
-6.27744e+66 344.897 375.809 471.355 572.522 673.688 757.994 1230.1 1485.83 1755.61 2590.23 3124.17 3124.17 3562.56 4074.01 4467.43 4551.74 5451 6454.23 8022.31 9357.15 9469.56 11299 13153.7 13735.4 14072.6 14775.2 
-6.27744e+66 -6.27744e+66 344.897 392.67 460.114 535.989 603.434 996.859 1216.05 1452.11 2194 2674.54 2674.54 3076.39 3548.5 3913.83 3992.51 4835.57 5779.79 7260.75 8525.34 8632.12 10374.4 12144.8 12701.3 13024.4 13698.9 
-6.27744e+66 -6.27744e+66 -6.27744e+66 344.897 378.619 429.203 479.786 794.526 977.188 1179.52 1828.67 2255.82 2255.82 2621.14 3053.91 3391.13 3464.2 4251.05 5136.26 6530.11 7724.43 7825.6 9480.8 11166.9 11698 12007.2 12653.5 
-6.27744e+66 -6.27744e+66 -6.27744e+66 -6.27744e+66 344.897 370.189 403.911 639.966 786.096 954.706 1511.12 1884.88 1884.88 2213.67 2607.09 2916.21 2983.66 3714.3 4540.5 5847.23 6971.31 7066.85 8634.93 10236.7 10742.6 11037.6 11655.9 
-6.27744e+66 -6.27744e+66 -6.27744e+66 -6.27744e+66 -6.27744e+66 344.897 361.758 519.128 628.725 763.614 1227.29 1547.65 1547.65 1839.91 2194 2475.01 2536.84 3211.28 3978.46 5198.08 6251.9 6341.82 7822.79 9340.29 9820.83 10101.8 10692 
-6.27744e+66 -6.27744e+66 -6.27744e+66 -6.27744e+66 -6.27744e+66 -6.27744e+66 344.897 423.582 496.647 597.813 968.757 1235.72 1235.72 1491.45 1806.19 2059.11 2115.31 2733.55 3441.72 4574.22 5557.78 5642.09 7035.94 8469.13 8924.38 9191.35 9753.39 
-6.27744e+66 -6.27744e+66 -6.27744e+66 -6.27744e+66 -6.27744e+66 -6.27744e+66 -6.27744e+66 344.897 381.429 448.874 727.082 940.656 940.656 1159.85 1435.25 1660.06 1710.65 2272.68 2921.83 3967.22 4880.53 4959.22 6265.95 7614.84 8044.79 8297.71 8831.65 
-6.27744e+66 -6.27744e+66 -6.27744e+66 -6.27744e+66 -6.27744e+66 -6.27744e+66 -6.27744e+66 -6.27744e+66 344.897 378.619 564.091 724.272 724.272 906.933 1142.99 1339.7 1384.66 1890.5 2480.64 3438.91 4281.96 4355.03 5574.65 6839.23 7243.89 7482.76 7988.59 
-6.27744e+66 -6.27744e+66 -6.27744e+66 -6.27744e+66 -6.27744e+66 -6.27744e+66 -6.27744e+66 -6.27744e+66 -6.27744e+66 344.897 437.633 544.42 544.42 690.549 887.262 1055.87 1095.22 1544.84 2075.97 2947.13 3719.93 3787.37 4919.87 6100.15 6479.52 6704.34 7182.07 
-6.27744e+66 -6.27744e+66 -6.27744e+66 -6.27744e+66 -6.27744e+66 -6.27744e+66 -6.27744e+66 -6.27744e+66 -6.27744e+66 -6.27744e+66 344.897 398.291 398.291 507.888 665.258 805.767 839.489 1232.91 1705.02 2489.07 3191.61 3253.44 4298.82 5394.79 5748.88 5959.64 6409.27 
-6.27744e+66 -6.27744e+66 -6.27744e+66 -6.27744e+66 -6.27744e+66 -6.27744e+66 -6.27744e+66 -6.27744e+66 -6.27744e+66 -6.27744e+66 -6.27744e+66 344.897 344.897 417.962 535.989 648.397 676.498 1013.72 1426.82 2123.74 2756.03 2812.24 3770.51 4782.17 5110.97 5307.68 5729.21 
-6.27744e+66 -6.27744e+66 -6.27744e+66 -6.27744e+66 -6.27744e+66 -6.27744e+66 -6.27744e+66 -6.27744e+66 -6.27744e+66 -6.27744e+66 -6.27744e+66 -6.27744e+66 344.897 381.429 460.114 544.42 566.901 847.92 1202 1811.81 2373.85 2424.43 3295.59 4222.95 4526.45 4709.11 5102.53 
-6.27744e+66 -6.27744e+66 -6.27744e+66 -6.27744e+66 -6.27744e+66 -6.27744e+66 -6.27744e+66 -6.27744e+66 -6.27744e+66 -6.27744e+66 -6.27744e+66 -6.27744e+66 -6.27744e+66 344.897 384.24 440.443 457.304 682.119 977.188 1499.88 1991.66 2036.63 2820.67 3663.72 3941.93 4110.54 4475.86 
-6.27744e+66 -6.27744e+66 -6.27744e+66 -6.27744e+66 -6.27744e+66 -6.27744e+66 -6.27744e+66 -6.27744e+66 -6.27744e+66 -6.27744e+66 -6.27744e+66 -6.27744e+66 -6.27744e+66 -6.27744e+66 344.897 372.999 384.24 552.85 788.906 1224.48 1646.01 1685.35 2382.28 3141.03 3393.94 3548.5 3885.73 
-6.27744e+66 -6.27744e+66 -6.27744e+66 -6.27744e+66 -6.27744e+66 -6.27744e+66 -6.27744e+66 -6.27744e+66 -6.27744e+66 -6.27744e+66 -6.27744e+66 -6.27744e+66 -6.27744e+66 -6.27744e+66 -6.27744e+66 344.897 350.517 462.925 639.966 988.429 1339.7 1373.42 1983.23 2657.68 2885.3 3025.81 3334.93 
-6.27744e+66 -6.27744e+66 -6.27744e+66 -6.27744e+66 -6.27744e+66 -6.27744e+66 -6.27744e+66 -6.27744e+66 -6.27744e+66 -6.27744e+66 -6.27744e+66 -6.27744e+66 -6.27744e+66 -6.27744e+66 -6.27744e+66 -6.27744e+66 344.897 401.101 519.128 780.475 1061.49 1089.6 1612.29 2202.43 2404.76 2531.22 2812.24 
-6.27744e+66 -6.27744e+66 -6.27744e+66 -6.27744e+66 -6.27744e+66 -6.27744e+66 -6.27744e+66 -6.27744e+66 -6.27744e+66 -6.27744e+66 -6.27744e+66 -6.27744e+66 -6.27744e+66 -6.27744e+66 -6.27744e+66 -6.27744e+66 -6.27744e+66 344.897 403.911 578.142 788.906 811.387 1246.97 1752.8 1929.84 2042.25 2295.16 
-6.27744e+66 -6.27744e+66 -6.27744e+66 -6.27744e+66 -6.27744e+66 -6.27744e+66 -6.27744e+66 -6.27744e+66 -6.27744e+66 -6.27744e+66 -6.27744e+66 -6.27744e+66 -6.27744e+66 -6.27744e+66 -6.27744e+66 -6.27744e+66 -6.27744e+66 -6.27744e+66 344.897 432.013 572.522 589.383 937.845 1359.37 1511.12 1609.48 1834.29 
-6.27744e+66 -6.27744e+66 -6.27744e+66 -6.27744e+66 -6.27744e+66 -6.27744e+66 -6.27744e+66 -6.27744e+66 -6.27744e+66 -6.27744e+66 -6.27744e+66 -6.27744e+66 -6.27744e+66 -6.27744e+66 -6.27744e+66 -6.27744e+66 -6.27744e+66 -6.27744e+66 -6.27744e+66 344.897 415.152 426.392 687.739 1024.96 1151.42 1235.72 1432.44 
-6.27744e+66 -6.27744e+66 -6.27744e+66 -6.27744e+66 -6.27744e+66 -6.27744e+66 -6.27744e+66 -6.27744e+66 -6.27744e+66 -6.27744e+66 -6.27744e+66 -6.27744e+66 -6.27744e+66 -6.27744e+66 -6.27744e+66 -6.27744e+66 -6.27744e+66 -6.27744e+66 -6.27744e+66 -6.27744e+66 344.897 350.517 524.749 777.665 878.832 949.086 1117.7 
-6.27744e+66 -6.27744e+66 -6.27744e+66 -6.27744e+66 -6.27744e+66 -6.27744e+66 -6.27744e+66 -6.27744e+66 -6.27744e+66 -6.27744e+66 -6.27744e+66 -6.27744e+66 -6.27744e+66 -6.27744e+66 -6.27744e+66 -6.27744e+66 -6.27744e+66 -6.27744e+66 -6.27744e+66 -6.27744e+66 -6.27744e+66 344.897 432.013 600.624 676.498 732.702 873.211 
-6.27744e+66 -6.27744e+66 -6.27744e+66 -6.27744e+66 -6.27744e+66 -6.27744e+66 -6.27744e+66 -6.27744e+66 -6.27744e+66 -6.27744e+66 -6.27744e+66 -6.27744e+66 -6.27744e+66 -6.27744e+66 -6.27744e+66 -6.27744e+66 -6.27744e+66 -6.27744e+66 -6.27744e+66 -6.27744e+66 -6.27744e+66 -6.27744e+66 344.897 429.203 479.786 521.938 634.346 
-6.27744e+66 -6.27744e+66 -6.27744e+66 -6.27744e+66 -6.27744e+66 -6.27744e+66 -6.27744e+66 -6.27744e+66 -6.27744e+66 -6.27744e+66 -6.27744e+66 -6.27744e+66 -6.27744e+66 -6.27744e+66 -6.27744e+66 -6.27744e+66 -6.27744e+66 -6.27744e+66 -6.27744e+66 -6.27744e+66 -6.27744e+66 -6.27744e+66 -6.27744e+66 344.897 370.189 398.291 482.596 
-6.27744e+66 -6.27744e+66 -6.27744e+66 -6.27744e+66 -6.27744e+66 -6.27744e+66 -6.27744e+66 -6.27744e+66 -6.27744e+66 -6.27744e+66 -6.27744e+66 -6.27744e+66 -6.27744e+66 -6.27744e+66 -6.27744e+66 -6.27744e+66 -6.27744e+66 -6.27744e+66 -6.27744e+66 -6.27744e+66 -6.27744e+66 -6.27744e+66 -6.27744e+66 -6.27744e+66 344.897 358.948 415.152 
-6.27744e+66 -6.27744e+66 -6.27744e+66 -6.27744e+66 -6.27744e+66 -6.27744e+66 -6.27744e+66 -6.27744e+66 -6.27744e+66 -6.27744e+66 -6.27744e+66 -6.27744e+66 -6.27744e+66 -6.27744e+66 -6.27744e+66 -6.27744e+66 -6.27744e+66 -6.27744e+66 -6.27744e+66 -6.27744e+66 -6.27744e+66 -6.27744e+66 -6.27744e+66 -6.27744e+66 -6.27744e+66 344.897 372.999 
-6.27744e+66 -6.27744e+66 -6.27744e+66 -6.27744e+66 -6.27744e+66 -6.27744e+66 -6.27744e+66 -6.27744e+66 -6.27744e+66 -6.27744e+66 -6.27744e+66 -6.27744e+66 -6.27744e+66 -6.27744e+66 -6.27744e+66 -6.27744e+66 -6.27744e+66 -6.27744e+66 -6.27744e+66 -6.27744e+66 -6.27744e+66 -6.27744e+66 -6.27744e+66 -6.27744e+66 -6.27744e+66 -6.27744e+66 344.897 
-6.27744e+66 -6.27744e+66 -6.27744e+66 -6.27744e+66 -6.27744e+66 -6.27744e+66 -6.27744e+66 -6.27744e+66 -6.27744e+66 -6.27744e+66 -6.27744e+66 -6.27744e+66 -6.27744e+66 -6.27744e+66 -6.27744e+66 -6.27744e+66 -6.27744e+66 -6.27744e+66 -6.27744e+66 -6.27744e+66 -6.27744e+66 -6.27744e+66 -6.27744e+66 -6.27744e+66 -6.27744e+66 -6.27744e+66 -6.27744e+66 
-6.27744e+66 94.4623 119.105 119.105 225.891 269.701 338.154 354.582 373.749 439.463 513.392 568.154 839.227 937.798 1471.73 1548.4 1630.54 2024.83 2536.85 2832.57 3092.69 3421.26 3651.26 3711.5 3900.43 4557.57 5652.81 
-6.27744e+66 -6.27744e+66 94.4623 94.4623 165.653 198.51 253.272 266.963 283.391 340.892 406.606 455.892 702.321 792.679 1285.54 1356.73 1433.4 1803.04 2284.95 2564.23 2810.66 3122.81 3341.85 3399.35 3580.07 4209.83 5261.26 
-6.27744e+66 -6.27744e+66 -6.27744e+66 94.4623 130.058 151.962 193.034 203.986 217.677 266.963 324.463 368.273 590.059 672.202 1123.99 1189.7 1260.89 1605.9 2057.68 2320.54 2553.28 2848.99 3057.09 3111.85 3284.35 3886.74 4894.36 
-6.27744e+66 -6.27744e+66 -6.27744e+66 -6.27744e+66 94.4623 105.415 132.796 141.01 151.962 193.034 242.32 280.653 477.797 551.726 962.441 1022.68 1088.39 1408.75 1830.42 2076.85 2295.9 2575.18 2772.33 2824.35 2988.64 3563.64 4527.45 
-6.27744e+66 -6.27744e+66 -6.27744e+66 -6.27744e+66 -6.27744e+66 94.4623 108.153 113.629 121.843 154.701 195.772 228.629 401.13 466.844 836.488 891.251 951.489 1247.2 1638.75 1868.75 2074.11 2336.97 2523.16 2572.45 2728.52 3276.14 4196.14 
-6.27744e+66 -6.27744e+66 -6.27744e+66 -6.27744e+66 -6.27744e+66 -6.27744e+66 94.4623 97.2004 102.677 127.32 160.177 187.558 335.415 392.916 721.488 770.774 825.536 1096.61 1458.04 1671.61 1863.28 2109.71 2284.95 2331.49 2479.35 2999.59 3875.78 
-6.27744e+66 -6.27744e+66 -6.27744e+66 -6.27744e+66 -6.27744e+66 -6.27744e+66 -6.27744e+66 94.4623 97.2004 113.629 138.272 160.177 283.391 332.677 620.178 663.988 713.274 959.703 1291.01 1488.16 1666.13 1896.13 2060.42 2104.23 2243.87 2736.73 3569.12 
-6.27744e+66 -6.27744e+66 -6.27744e+66 -6.27744e+66 -6.27744e+66 -6.27744e+66 -6.27744e+66 -6.27744e+66 94.4623 102.677 119.105 135.534 234.106 275.177 521.607 559.94 603.75 825.536 1126.73 1307.44 1471.73 1685.3 1838.63 1879.71 2011.14 2476.61 3265.19 
-6.27744e+66 -6.27744e+66 -6.27744e+66 -6.27744e+66 -6.27744e+66 -6.27744e+66 -6.27744e+66 -6.27744e+66 -6.27744e+66 94.4623 102.677 113.629 187.558 220.415 425.773 458.63 496.964 694.107 965.179 1129.47 1280.06 1477.2 1619.59 1657.92 1781.13 2219.23 2964 
-6.27744e+66 -6.27744e+66 -6.27744e+66 -6.27744e+66 -6.27744e+66 -6.27744e+66 -6.27744e+66 -6.27744e+66 -6.27744e+66 -6.27744e+66 94.4623 99.9385 149.224 173.867 338.154 365.535 398.392 570.892 811.846 959.703 1096.61 1277.32 1408.75 1444.35 1559.35 1970.06 2671.02 
-6.27744e+66 -6.27744e+66 -6.27744e+66 -6.27744e+66 -6.27744e+66 -6.27744e+66 -6.27744e+66 -6.27744e+66 -6.27744e+66 -6.27744e+66 -6.27744e+66 94.4623 119.105 135.534 258.749 280.653 308.034 455.892 666.726 798.155 921.37 1085.66 1206.13 1238.99 1345.78 1729.11 2386.26 
-6.27744e+66 -6.27744e+66 -6.27744e+66 -6.27744e+66 -6.27744e+66 -6.27744e+66 -6.27744e+66 -6.27744e+66 -6.27744e+66 -6.27744e+66 -6.27744e+66 -6.27744e+66 94.4623 102.677 184.82 201.248 223.153 346.368 527.083 642.083 751.607 899.465 1008.99 1039.11 1137.68 1493.63 2106.97 
-6.27744e+66 -6.27744e+66 -6.27744e+66 -6.27744e+66 -6.27744e+66 -6.27744e+66 -6.27744e+66 -6.27744e+66 -6.27744e+66 -6.27744e+66 -6.27744e+66 -6.27744e+66 -6.27744e+66 94.4623 135.534 146.486 162.915 261.487 412.082 510.654 606.488 737.917 836.488 863.87 954.227 1282.8 1852.33 
-6.27744e+66 -6.27744e+66 -6.27744e+66 -6.27744e+66 -6.27744e+66 -6.27744e+66 -6.27744e+66 -6.27744e+66 -6.27744e+66 -6.27744e+66 -6.27744e+66 -6.27744e+66 -6.27744e+66 -6.27744e+66 94.4623 99.9385 110.891 184.82 305.296 387.439 469.583 584.583 672.202 696.845 778.988 1080.18 1605.9 
-6.27744e+66 -6.27744e+66 -6.27744e+66 -6.27744e+66 -6.27744e+66 -6.27744e+66 -6.27744e+66 -6.27744e+66 -6.27744e+66 -6.27744e+66 -6.27744e+66 -6.27744e+66 -6.27744e+66 -6.27744e+66 -6.27744e+66 94.4623 99.9385 149.224 239.582 305.296 373.749 472.321 548.988 570.892 644.821 918.632 1400.54 
-6.27744e+66 -6.27744e+66 -6.27744e+66 -6.27744e+66 -6.27744e+66 -6.27744e+66 -6.27744e+66 -6.27744e+66 -6.27744e+66 -6.27744e+66 -6.27744e+66 -6.27744e+66 -6.27744e+66 -6.27744e+66 -6.27744e+66 -6.27744e+66 94.4623 119.105 179.343 228.629 283.391 365.535 431.249 450.416 516.13 762.56 1200.66 
-6.27744e+66 -6.27744e+66 -6.27744e+66 -6.27744e+66 -6.27744e+66 -6.27744e+66 -6.27744e+66 -6.27744e+66 -6.27744e+66 -6.27744e+66 -6.27744e+66 -6.27744e+66 -6.27744e+66 -6.27744e+66 -6.27744e+66 -6.27744e+66 -6.27744e+66 94.4623 124.581 157.439 198.51 264.225 318.987 335.415 392.916 611.964 1006.25 
-6.27744e+66 -6.27744e+66 -6.27744e+66 -6.27744e+66 -6.27744e+66 -6.27744e+66 -6.27744e+66 -6.27744e+66 -6.27744e+66 -6.27744e+66 -6.27744e+66 -6.27744e+66 -6.27744e+66 -6.27744e+66 -6.27744e+66 -6.27744e+66 -6.27744e+66 -6.27744e+66 94.4623 110.891 138.272 187.558 231.367 245.058 294.344 486.011 836.488 
-6.27744e+66 -6.27744e+66 -6.27744e+66 -6.27744e+66 -6.27744e+66 -6.27744e+66 -6.27744e+66 -6.27744e+66 -6.27744e+66 -6.27744e+66 -6.27744e+66 -6.27744e+66 -6.27744e+66 -6.27744e+66 -6.27744e+66 -6.27744e+66 -6.27744e+66 -6.27744e+66 -6.27744e+66 94.4623 108.153 141.01 173.867 184.82 225.891 390.178 696.845 
-6.27744e+66 -6.27744e+66 -6.27744e+66 -6.27744e+66 -6.27744e+66 -6.27744e+66 -6.27744e+66 -6.27744e+66 -6.27744e+66 -6.27744e+66 -6.27744e+66 -6.27744e+66 -6.27744e+66 -6.27744e+66 -6.27744e+66 -6.27744e+66 -6.27744e+66 -6.27744e+66 -6.27744e+66 -6.27744e+66 94.4623 110.891 132.796 141.01 173.867 310.772 573.63 
-6.27744e+66 -6.27744e+66 -6.27744e+66 -6.27744e+66 -6.27744e+66 -6.27744e+66 -6.27744e+66 -6.27744e+66 -6.27744e+66 -6.27744e+66 -6.27744e+66 -6.27744e+66 -6.27744e+66 -6.27744e+66 -6.27744e+66 -6.27744e+66 -6.27744e+66 -6.27744e+66 -6.27744e+66 -6.27744e+66 -6.27744e+66 94.4623 105.415 110.891 135.534 245.058 464.106 
-6.27744e+66 -6.27744e+66 -6.27744e+66 -6.27744e+66 -6.27744e+66 -6.27744e+66 -6.27744e+66 -6.27744e+66 -6.27744e+66 -6.27744e+66 -6.27744e+66 -6.27744e+66 -6.27744e+66 -6.27744e+66 -6.27744e+66 -6.27744e+66 -6.27744e+66 -6.27744e+66 -6.27744e+66 -6.27744e+66 -6.27744e+66 -6.27744e+66 94.4623 97.2004 113.629 195.772 371.011 
-6.27744e+66 -6.27744e+66 -6.27744e+66 -6.27744e+66 -6.27744e+66 -6.27744e+66 -6.27744e+66 -6.27744e+66 -6.27744e+66 -6.27744e+66 -6.27744e+66 -6.27744e+66 -6.27744e+66 -6.27744e+66 -6.27744e+66 -6.27744e+66 -6.27744e+66 -6.27744e+66 -6.27744e+66 -6.27744e+66 -6.27744e+66 -6.27744e+66 -6.27744e+66 94.4623 102.677 157.439 288.868 
-6.27744e+66 -6.27744e+66 -6.27744e+66 -6.27744e+66 -6.27744e+66 -6.27744e+66 -6.27744e+66 -6.27744e+66 -6.27744e+66 -6.27744e+66 -6.27744e+66 -6.27744e+66 -6.27744e+66 -6.27744e+66 -6.27744e+66 -6.27744e+66 -6.27744e+66 -6.27744e+66 -6.27744e+66 -6.27744e+66 -6.27744e+66 -6.27744e+66 -6.27744e+66 -6.27744e+66 94.4623 121.843 209.463 
-6.27744e+66 -6.27744e+66 -6.27744e+66 -6.27744e+66 -6.27744e+66 -6.27744e+66 -6.27744e+66 -6.27744e+66 -6.27744e+66 -6.27744e+66 -6.27744e+66 -6.27744e+66 -6.27744e+66 -6.27744e+66 -6.27744e+66 -6.27744e+66 -6.27744e+66 -6.27744e+66 -6.27744e+66 -6.27744e+66 -6.27744e+66 -6.27744e+66 -6.27744e+66 -6.27744e+66 -6.27744e+66 94.4623 138.272 
-6.27744e+66 -6.27744e+66 -6.27744e+66 -6.27744e+66 -6.27744e+66 -6.27744e+66 -6.27744e+66 -6.27744e+66 -6.27744e+66 -6.27744e+66 -6.27744e+66 -6.27744e+66 -6.27744e+66 -6.27744e+66 -6.27744e+66 -6.27744e+66 -6.27744e+66 -6.27744e+66 -6.27744e+66 -6.27744e+66 -6.27744e+66 -6.27744e+66 -6.27744e+66 -6.27744e+66 -6.27744e+66 -6.27744e+66 94.4623 
-6.27744e+66 -6.27744e+66 -6.27744e+66 -6.27744e+66 -6.27744e+66 -6.27744e+66 -6.27744e+66 -6.27744e+66 -6.27744e+66 -6.27744e+66 -6.27744e+66 -6.27744e+66 -6.27744e+66 -6.27744e+66 -6.27744e+66 -6.27744e+66 -6.27744e+66 -6.27744e+66 -6.27744e+66 -6.27744e+66 -6.27744e+66 -6.27744e+66 -6.27744e+66 -6.27744e+66 -6.27744e+66 -6.27744e+66 -6.27744e+66 
-6.27744e+66 347.248 442.957 454.216 699.117 924.313 924.313 1126.99 1205.81 1453.52 2213.56 2861 2861 3570.37 4302.26 5563.36 5943.37 6934.24 6982.09 7235.44 8091.18 9104.57 10227.7 11156.7 12063.1 12806.2 13932.2 
-6.27744e+66 -6.27744e+66 347.248 352.878 516.145 685.043 685.043 853.94 921.499 1138.25 1813.84 2396.53 2396.53 3046.79 3722.38 4893.4 5248.08 6177.02 6222.05 6461.33 7272.03 8234.75 9304.43 10191.1 11058.1 11770.3 12851.3 
-6.27744e+66 -6.27744e+66 -6.27744e+66 347.248 428.882 541.48 541.48 676.598 732.897 918.684 1509.82 2027.77 2027.77 2618.91 3238.2 4319.15 4648.5 5515.5 5557.73 5782.92 6548.59 7460.63 8476.83 9321.32 10148.9 10830.1 11866 
-6.27744e+66 -6.27744e+66 -6.27744e+66 -6.27744e+66 347.248 403.547 403.547 504.886 549.925 704.747 1211.44 1664.65 1664.65 2196.67 2759.66 3750.53 4054.54 4859.62 4899.03 5110.15 5830.78 6692.15 7654.87 8457.13 9245.31 9895.57 10886.4 
-6.27744e+66 -6.27744e+66 -6.27744e+66 -6.27744e+66 -6.27744e+66 347.248 347.248 414.807 448.586 572.444 994.687 1383.15 1383.15 1856.06 2362.75 3263.54 3542.22 4285.37 4321.96 4519.01 5194.6 6005.3 6914.53 7674.57 8423.35 9042.64 9988.46 
-6.27744e+66 -6.27744e+66 -6.27744e+66 -6.27744e+66 -6.27744e+66 -6.27744e+66 347.248 381.028 403.547 496.441 834.235 1157.95 1157.95 1571.75 2022.15 2832.85 3086.2 3767.42 3801.2 3984.17 4614.72 5374.75 6230.5 6948.31 7657.68 8246.01 9146.79 
-6.27744e+66 -6.27744e+66 -6.27744e+66 -6.27744e+66 -6.27744e+66 -6.27744e+66 -6.27744e+66 347.248 358.508 420.437 673.783 932.758 932.758 1287.44 1681.54 2402.16 2630.17 3249.46 3280.43 3449.33 4034.84 4744.2 5546.47 6222.05 6892.01 7449.37 8305.12 
-6.27744e+66 -6.27744e+66 -6.27744e+66 -6.27744e+66 -6.27744e+66 -6.27744e+66 -6.27744e+66 -6.27744e+66 347.248 378.213 547.11 741.342 741.342 1036.91 1374.71 2005.26 2207.93 2765.29 2793.44 2948.26 3488.74 4147.43 4896.21 5529.58 6160.13 6686.52 7497.23 
-6.27744e+66 -6.27744e+66 -6.27744e+66 -6.27744e+66 -6.27744e+66 -6.27744e+66 -6.27744e+66 -6.27744e+66 -6.27744e+66 347.248 431.697 561.185 561.185 797.641 1079.14 1619.61 1796.95 2292.38 2317.72 2458.46 2953.89 3561.92 4257.22 4848.36 5439.5 5934.93 6700.6 
-6.27744e+66 -6.27744e+66 -6.27744e+66 -6.27744e+66 -6.27744e+66 -6.27744e+66 -6.27744e+66 -6.27744e+66 -6.27744e+66 -6.27744e+66 347.248 411.992 411.992 589.334 814.53 1264.92 1416.93 1850.43 1872.95 1999.63 2450.02 3007.38 3649.19 4198.1 4749.83 5214.3 5934.93 
-6.27744e+66 -6.27744e+66 -6.27744e+66 -6.27744e+66 -6.27744e+66 -6.27744e+66 -6.27744e+66 -6.27744e+66 -6.27744e+66 -6.27744e+66 -6.27744e+66 347.248 347.248 465.476 634.373 994.687 1121.36 1492.93 1512.64 1625.24 2030.59 2537.28 3125.61 3632.3 4144.62 4578.12 5253.71 
-6.27744e+66 -6.27744e+66 -6.27744e+66 -6.27744e+66 -6.27744e+66 -6.27744e+66 -6.27744e+66 -6.27744e+66 -6.27744e+66 -6.27744e+66 -6.27744e+66 -6.27744e+66 347.248 406.362 518.96 789.196 890.534 1200.18 1217.07 1315.59 1675.91 2131.93 2666.77 3131.24 3604.15 4006.69 4637.24 
-6.27744e+66 -6.27744e+66 -6.27744e+66 -6.27744e+66 -6.27744e+66 -6.27744e+66 -6.27744e+66 -6.27744e+66 -6.27744e+66 -6.27744e+66 -6.27744e+66 -6.27744e+66 -6.27744e+66 347.248 403.547 583.704 659.708 907.424 921.499 1005.95 1321.22 1726.58 2207.93 2630.17 3063.68 3435.25 4020.76 
-6.27744e+66 -6.27744e+66 -6.27744e+66 -6.27744e+66 -6.27744e+66 -6.27744e+66 -6.27744e+66 -6.27744e+66 -6.27744e+66 -6.27744e+66 -6.27744e+66 -6.27744e+66 -6.27744e+66 -6.27744e+66 347.248 437.327 487.996 673.783 685.043 755.416 1025.65 1380.34 1808.21 2188.23 2582.32 2922.93 3463.4 
-6.27744e+66 -6.27744e+66 -6.27744e+66 -6.27744e+66 -6.27744e+66 -6.27744e+66 -6.27744e+66 -6.27744e+66 -6.27744e+66 -6.27744e+66 -6.27744e+66 -6.27744e+66 -6.27744e+66 -6.27744e+66 -6.27744e+66 347.248 372.583 496.441 504.886 561.185 786.381 1090.4 1464.78 1802.58 2157.26 2466.91 2962.34 
-6.27744e+66 -6.27744e+66 -6.27744e+66 -6.27744e+66 -6.27744e+66 -6.27744e+66 -6.27744e+66 -6.27744e+66 -6.27744e+66 -6.27744e+66 -6.27744e+66 -6.27744e+66 -6.27744e+66 -6.27744e+66 -6.27744e+66 -6.27744e+66 347.248 409.177 414.807 457.031 637.188 890.534 1211.44 1507.01 1822.28 2100.96 2551.36 
-6.27744e+66 -6.27744e+66 -6.27744e+66 -6.27744e+66 -6.27744e+66 -6.27744e+66 -6.27744e+66 -6.27744e+66 -6.27744e+66 -6.27744e+66 -6.27744e+66 -6.27744e+66 -6.27744e+66 -6.27744e+66 -6.27744e+66 -6.27744e+66 -6.27744e+66 347.248 350.063 378.213 513.33 716.007 983.427 1236.77 1512.64 1760.35 2165.71 
-6.27744e+66 -6.27744e+66 -6.27744e+66 -6.27744e+66 -6.27744e+66 -6.27744e+66 -6.27744e+66 -6.27744e+66 -6.27744e+66 -6.27744e+66 -6.27744e+66 -6.27744e+66 -6.27744e+66 -6.27744e+66 -6.27744e+66 -6.27744e+66 -6.27744e+66 -6.27744e+66 347.248 361.323 451.401 603.409 817.345 1028.47 1264.92 1481.67 1841.99 
-6.27744e+66 -6.27744e+66 -6.27744e+66 -6.27744e+66 -6.27744e+66 -6.27744e+66 -6.27744e+66 -6.27744e+66 -6.27744e+66 -6.27744e+66 -6.27744e+66 -6.27744e+66 -6.27744e+66 -6.27744e+66 -6.27744e+66 -6.27744e+66 -6.27744e+66 -6.27744e+66 -6.27744e+66 347.248 392.287 493.626 654.078 822.975 1020.02 1205.81 1521.08 
-6.27744e+66 -6.27744e+66 -6.27744e+66 -6.27744e+66 -6.27744e+66 -6.27744e+66 -6.27744e+66 -6.27744e+66 -6.27744e+66 -6.27744e+66 -6.27744e+66 -6.27744e+66 -6.27744e+66 -6.27744e+66 -6.27744e+66 -6.27744e+66 -6.27744e+66 -6.27744e+66 -6.27744e+66 -6.27744e+66 347.248 397.917 504.886 631.558 789.196 944.018 1214.25 
-6.27744e+66 -6.27744e+66 -6.27744e+66 -6.27744e+66 -6.27744e+66 -6.27744e+66 -6.27744e+66 -6.27744e+66 -6.27744e+66 -6.27744e+66 -6.27744e+66 -6.27744e+66 -6.27744e+66 -6.27744e+66 -6.27744e+66 -6.27744e+66 -6.27744e+66 -6.27744e+66 -6.27744e+66 -6.27744e+66 -6.27744e+66 347.248 400.732 485.181 603.409 727.267 952.463 
-6.27744e+66 -6.27744e+66 -6.27744e+66 -6.27744e+66 -6.27744e+66 -6.27744e+66 -6.27744e+66 -6.27744e+66 -6.27744e+66 -6.27744e+66 -6.27744e+66 -6.27744e+66 -6.27744e+66 -6.27744e+66 -6.27744e+66 -6.27744e+66 -6.27744e+66 -6.27744e+66 -6.27744e+66 -6.27744e+66 -6.27744e+66 -6.27744e+66 347.248 389.472 468.291 561.185 741.342 
-6.27744e+66 -6.27744e+66 -6.27744e+66 -6.27744e+66 -6.27744e+66 -6.27744e+66 -6.27744e+66 -6.27744e+66 -6.27744e+66 -6.27744e+66 -6.27744e+66 -6.27744e+66 -6.27744e+66 -6.27744e+66 -6.27744e+66 -6.27744e+66 -6.27744e+66 -6.27744e+66 -6.27744e+66 -6.27744e+66 -6.27744e+66 -6.27744e+66 -6.27744e+66 347.248 386.658 448.586 583.704 
-6.27744e+66 -6.27744e+66 -6.27744e+66 -6.27744e+66 -6.27744e+66 -6.27744e+66 -6.27744e+66 -6.27744e+66 -6.27744e+66 -6.27744e+66 -6.27744e+66 -6.27744e+66 -6.27744e+66 -6.27744e+66 -6.27744e+66 -6.27744e+66 -6.27744e+66 -6.27744e+66 -6.27744e+66 -6.27744e+66 -6.27744e+66 -6.27744e+66 -6.27744e+66 -6.27744e+66 347.248 378.213 468.291 
-6.27744e+66 -6.27744e+66 -6.27744e+66 -6.27744e+66 -6.27744e+66 -6.27744e+66 -6.27744e+66 -6.27744e+66 -6.27744e+66 -6.27744e+66 -6.27744e+66 -6.27744e+66 -6.27744e+66 -6.27744e+66 -6.27744e+66 -6.27744e+66 -6.27744e+66 -6.27744e+66 -6.27744e+66 -6.27744e+66 -6.27744e+66 -6.27744e+66 -6.27744e+66 -6.27744e+66 -6.27744e+66 347.248 392.287 
-6.27744e+66 -6.27744e+66 -6.27744e+66 -6.27744e+66 -6.27744e+66 -6.27744e+66 -6.27744e+66 -6.27744e+66 -6.27744e+66 -6.27744e+66 -6.27744e+66 -6.27744e+66 -6.27744e+66 -6.27744e+66 -6.27744e+66 -6.27744e+66 -6.27744e+66 -6.27744e+66 -6.27744e+66 -6.27744e+66 -6.27744e+66 -6.27744e+66 -6.27744e+66 -6.27744e+66 -6.27744e+66 -6.27744e+66 347.248 
-6.27744e+66 -6.27744e+66 -6.27744e+66 -6.27744e+66 -6.27744e+66 -6.27744e+66 -6.27744e+66 -6.27744e+66 -6.27744e+66 -6.27744e+66 -6.27744e+66 -6.27744e+66 -6.27744e+66 -6.27744e+66 -6.27744e+66 -6.27744e+66 -6.27744e+66 -6.27744e+66 -6.27744e+66 -6.27744e+66 -6.27744e+66 -6.27744e+66 -6.27744e+66 -6.27744e+66 -6.27744e+66 -6.27744e+66 -6.27744e+66 
-6.27744e+66 122.877 165.205 199.936 258.545 297.617 471.272 536.392 688.34 1061.7 1413.35 1673.83 1793.22 1858.34 2507.37 2841.66 2874.22 3134.7 3448.36 4112.59 4648.75 5104.59 5104.59 5104.59 5603.85 5968.53 6239.86 
-6.27744e+66 -6.27744e+66 122.877 140.243 179.315 208.619 347.543 401.81 532.051 858.739 1171.32 1405.75 1514.28 1573.98 2173.09 2483.49 2513.88 2758.09 3053.3 3680.63 4188.57 4621.62 4621.62 4621.62 5099.17 5448.65 5709.13 
-6.27744e+66 -6.27744e+66 -6.27744e+66 122.877 142.413 161.949 266.142 309.556 418.09 698.108 971.614 1180 1277.68 1331.95 1881.13 2167.66 2195.88 2423.8 2700.56 3290.99 3770.71 4180.97 4180.97 4180.97 4636.81 4971.1 5220.72 
-6.27744e+66 -6.27744e+66 -6.27744e+66 -6.27744e+66 122.877 132.645 202.107 234.667 321.495 554.843 789.277 971.614 1058.44 1107.28 1606.54 1869.19 1895.24 2106.88 2365.19 2918.72 3370.22 3757.68 3757.68 3757.68 4191.82 4510.91 4749.69 
-6.27744e+66 -6.27744e+66 -6.27744e+66 -6.27744e+66 -6.27744e+66 122.877 157.608 179.315 244.435 431.114 626.476 782.765 858.739 902.152 1351.48 1590.26 1614.14 1809.5 2049.36 2565.98 2989.26 3353.94 3353.94 3353.94 3766.37 4070.26 4298.18 
-6.27744e+66 -6.27744e+66 -6.27744e+66 -6.27744e+66 -6.27744e+66 -6.27744e+66 122.877 133.731 177.144 317.153 473.442 603.683 668.804 706.791 1106.2 1321.09 1342.8 1521.88 1743.29 2223.01 2618.08 2959.96 2959.96 2959.96 3350.68 3639.38 3856.45 
-6.27744e+66 -6.27744e+66 -6.27744e+66 -6.27744e+66 -6.27744e+66 -6.27744e+66 -6.27744e+66 122.877 144.584 237.923 355.14 459.333 513.6 546.16 895.64 1086.66 1106.2 1269 1471.96 1914.78 2281.62 2600.71 2600.71 2600.71 2969.73 3243.23 3449.45 
-6.27744e+66 -6.27744e+66 -6.27744e+66 -6.27744e+66 -6.27744e+66 -6.27744e+66 -6.27744e+66 -6.27744e+66 122.877 169.547 247.691 325.836 369.25 396.383 695.937 863.08 880.445 1026.97 1211.47 1617.39 1956.02 2252.32 2252.32 2252.32 2599.63 2857.94 3053.3 
-6.27744e+66 -6.27744e+66 -6.27744e+66 -6.27744e+66 -6.27744e+66 -6.27744e+66 -6.27744e+66 -6.27744e+66 -6.27744e+66 122.877 161.949 214.046 246.606 268.313 517.941 661.206 676.401 806.642 972.699 1341.72 1652.12 1925.63 1925.63 1925.63 2251.23 2494.35 2678.86 
-6.27744e+66 -6.27744e+66 -6.27744e+66 -6.27744e+66 -6.27744e+66 -6.27744e+66 -6.27744e+66 -6.27744e+66 -6.27744e+66 -6.27744e+66 122.877 148.925 170.632 186.912 386.615 506.003 519.027 632.988 780.594 1112.71 1394.9 1645.61 1645.61 1645.61 1949.51 2177.43 2351.08 
-6.27744e+66 -6.27744e+66 -6.27744e+66 -6.27744e+66 -6.27744e+66 -6.27744e+66 -6.27744e+66 -6.27744e+66 -6.27744e+66 -6.27744e+66 -6.27744e+66 122.877 133.731 144.584 294.361 389.871 400.725 498.405 627.561 922.774 1176.74 1404.67 1404.67 1404.67 1686.85 1899.58 2062.38 
-6.27744e+66 -6.27744e+66 -6.27744e+66 -6.27744e+66 -6.27744e+66 -6.27744e+66 -6.27744e+66 -6.27744e+66 -6.27744e+66 -6.27744e+66 -6.27744e+66 -6.27744e+66 122.877 128.304 228.155 299.788 308.471 389.871 500.576 758.887 984.638 1189.77 1189.77 1189.77 1450.25 1647.78 1799.73 
-6.27744e+66 -6.27744e+66 -6.27744e+66 -6.27744e+66 -6.27744e+66 -6.27744e+66 -6.27744e+66 -6.27744e+66 -6.27744e+66 -6.27744e+66 -6.27744e+66 -6.27744e+66 -6.27744e+66 122.877 172.803 220.558 227.07 292.19 384.444 605.854 803.386 985.723 985.723 985.723 1224.5 1406.84 1547.93 
-6.27744e+66 -6.27744e+66 -6.27744e+66 -6.27744e+66 -6.27744e+66 -6.27744e+66 -6.27744e+66 -6.27744e+66 -6.27744e+66 -6.27744e+66 -6.27744e+66 -6.27744e+66 -6.27744e+66 -6.27744e+66 122.877 146.755 151.096 199.936 273.74 458.248 627.561 787.106 787.106 787.106 1004.17 1171.32 1301.56 
-6.27744e+66 -6.27744e+66 -6.27744e+66 -6.27744e+66 -6.27744e+66 -6.27744e+66 -6.27744e+66 -6.27744e+66 -6.27744e+66 -6.27744e+66 -6.27744e+66 -6.27744e+66 -6.27744e+66 -6.27744e+66 -6.27744e+66 122.877 125.048 157.608 212.961 360.567 501.661 638.414 638.414 638.414 833.776 985.723 1105.11 
-6.27744e+66 -6.27744e+66 -6.27744e+66 -6.27744e+66 -6.27744e+66 -6.27744e+66 -6.27744e+66 -6.27744e+66 -6.27744e+66 -6.27744e+66 -6.27744e+66 -6.27744e+66 -6.27744e+66 -6.27744e+66 -6.27744e+66 -6.27744e+66 122.877 139.157 176.059 286.764 399.639 513.6 513.6 513.6 687.255 824.008 932.542 
-6.27744e+66 -6.27744e+66 -6.27744e+66 -6.27744e+66 -6.27744e+66 -6.27744e+66 -6.27744e+66 -6.27744e+66 -6.27744e+66 -6.27744e+66 -6.27744e+66 -6.27744e+66 -6.27744e+66 -6.27744e+66 -6.27744e+66 -6.27744e+66 -6.27744e+66 122.877 141.328 215.131 299.788 390.956 390.956 390.956 542.904 664.462 762.143 
-6.27744e+66 -6.27744e+66 -6.27744e+66 -6.27744e+66 -6.27744e+66 -6.27744e+66 -6.27744e+66 -6.27744e+66 -6.27744e+66 -6.27744e+66 -6.27744e+66 -6.27744e+66 -6.27744e+66 -6.27744e+66 -6.27744e+66 -6.27744e+66 -6.27744e+66 -6.27744e+66 122.877 159.779 216.217 284.593 284.593 284.593 414.834 521.197 608.025 
-6.27744e+66 -6.27744e+66 -6.27744e+66 -6.27744e+66 -6.27744e+66 -6.27744e+66 -6.27744e+66 -6.27744e+66 -6.27744e+66 -6.27744e+66 -6.27744e+66 -6.27744e+66 -6.27744e+66 -6.27744e+66 -6.27744e+66 -6.27744e+66 -6.27744e+66 -6.27744e+66 -6.27744e+66 122.877 151.096 196.68 196.68 196.68 305.215 396.383 472.357 
-6.27744e+66 -6.27744e+66 -6.27744e+66 -6.27744e+66 -6.27744e+66 -6.27744e+66 -6.27744e+66 -6.27744e+66 -6.27744e+66 -6.27744e+66 -6.27744e+66 -6.27744e+66 -6.27744e+66 -6.27744e+66 -6.27744e+66 -6.27744e+66 -6.27744e+66 -6.27744e+66 -6.27744e+66 -6.27744e+66 122.877 145.669 145.669 145.669 232.497 308.471 373.591 
-6.27744e+66 -6.27744e+66 -6.27744e+66 -6.27744e+66 -6.27744e+66 -6.27744e+66 -6.27744e+66 -6.27744e+66 -6.27744e+66 -6.27744e+66 -6.27744e+66 -6.27744e+66 -6.27744e+66 -6.27744e+66 -6.27744e+66 -6.27744e+66 -6.27744e+66 -6.27744e+66 -6.27744e+66 -6.27744e+66 -6.27744e+66 122.877 122.877 122.877 187.998 248.777 303.044 
-6.27744e+66 -6.27744e+66 -6.27744e+66 -6.27744e+66 -6.27744e+66 -6.27744e+66 -6.27744e+66 -6.27744e+66 -6.27744e+66 -6.27744e+66 -6.27744e+66 -6.27744e+66 -6.27744e+66 -6.27744e+66 -6.27744e+66 -6.27744e+66 -6.27744e+66 -6.27744e+66 -6.27744e+66 -6.27744e+66 -6.27744e+66 -6.27744e+66 122.877 122.877 166.291 211.875 255.289 
-6.27744e+66 -6.27744e+66 -6.27744e+66 -6.27744e+66 -6.27744e+66 -6.27744e+66 -6.27744e+66 -6.27744e+66 -6.27744e+66 -6.27744e+66 -6.27744e+66 -6.27744e+66 -6.27744e+66 -6.27744e+66 -6.27744e+66 -6.27744e+66 -6.27744e+66 -6.27744e+66 -6.27744e+66 -6.27744e+66 -6.27744e+66 -6.27744e+66 -6.27744e+66 122.877 144.584 174.974 207.534 
-6.27744e+66 -6.27744e+66 -6.27744e+66 -6.27744e+66 -6.27744e+66 -6.27744e+66 -6.27744e+66 -6.27744e+66 -6.27744e+66 -6.27744e+66 -6.27744e+66 -6.27744e+66 -6.27744e+66 -6.27744e+66 -6.27744e+66 -6.27744e+66 -6.27744e+66 -6.27744e+66 -6.27744e+66 -6.27744e+66 -6.27744e+66 -6.27744e+66 -6.27744e+66 -6.27744e+66 122.877 138.072 159.779 
-6.27744e+66 -6.27744e+66 -6.27744e+66 -6.27744e+66 -6.27744e+66 -6.27744e+66 -6.27744e+66 -6.27744e+66 -6.27744e+66 -6.27744e+66 -6.27744e+66 -6.27744e+66 -6.27744e+66 -6.27744e+66 -6.27744e+66 -6.27744e+66 -6.27744e+66 -6.27744e+66 -6.27744e+66 -6.27744e+66 -6.27744e+66 -6.27744e+66 -6.27744e+66 -6.27744e+66 -6.27744e+66 122.877 133.731 
-6.27744e+66 -6.27744e+66 -6.27744e+66 -6.27744e+66 -6.27744e+66 -6.27744e+66 -6.27744e+66 -6.27744e+66 -6.27744e+66 -6.27744e+66 -6.27744e+66 -6.27744e+66 -6.27744e+66 -6.27744e+66 -6.27744e+66 -6.27744e+66 -6.27744e+66 -6.27744e+66 -6.27744e+66 -6.27744e+66 -6.27744e+66 -6.27744e+66 -6.27744e+66 -6.27744e+66 -6.27744e+66 -6.27744e+66 122.877 
-6.27744e+66 -6.27744e+66 -6.27744e+66 -6.27744e+66 -6.27744e+66 -6.27744e+66 -6.27744e+66 -6.27744e+66 -6.27744e+66 -6.27744e+66 -6.27744e+66 -6.27744e+66 -6.27744e+66 -6.27744e+66 -6.27744e+66 -6.27744e+66 -6.27744e+66 -6.27744e+66 -6.27744e+66 -6.27744e+66 -6.27744e+66 -6.27744e+66 -6.27744e+66 -6.27744e+66 -6.27744e+66 -6.27744e+66 -6.27744e+66 
