13 20
1000 1000 1000 1000 1000 1000 1000 1000 1000 1000 1000 1000 1000 
item 0
35 0 0 20 15 5 60 5 40 15 35 15 40 
104.043 104.043 104.043 104.043 104.043 104.043 104.043 104.043 104.043 104.043 104.043 104.043 104.043 
0.535358 0.535358 0.535358 0.535358 0.535358 0.535358 0.535358 0.535358 0.535358 0.535358 0.535358 0.535358 0.535358 
item 1
105 105 45 125 145 90 40 115 15 45 140 75 45 
78.7665 78.7665 78.7665 78.7665 78.7665 78.7665 78.7665 78.7665 78.7665 78.7665 78.7665 78.7665 78.7665 
0.172807 0.172807 0.172807 0.172807 0.172807 0.172807 0.172807 0.172807 0.172807 0.172807 0.172807 0.172807 0.172807 
item 2
70 65 145 140 60 30 5 175 190 45 25 20 70 
41.8121 41.8121 41.8121 41.8121 41.8121 41.8121 41.8121 41.8121 41.8121 41.8121 41.8121 41.8121 41.8121 
0.119707 0.119707 0.119707 0.119707 0.119707 0.119707 0.119707 0.119707 0.119707 0.119707 0.119707 0.119707 0.119707 
item 3
20 60 10 5 10 50 5 20 40 0 15 20 0 
2.77554 2.77554 2.77554 2.77554 2.77554 2.77554 2.77554 2.77554 2.77554 2.77554 2.77554 2.77554 2.77554 
0.245247 0.245247 0.245247 0.245247 0.245247 0.245247 0.245247 0.245247 0.245247 0.245247 0.245247 0.245247 0.245247 
item 4
10 0 5 0 10 15 20 0 0 15 20 0 0 
1.48328 1.48328 1.48328 1.48328 1.48328 1.48328 1.48328 1.48328 1.48328 1.48328 1.48328 1.48328 1.48328 
0.516368 0.516368 0.516368 0.516368 0.516368 0.516368 0.516368 0.516368 0.516368 0.516368 0.516368 0.516368 0.516368 
item 5
25 60 40 95 75 60 25 55 40 30 0 75 120 
24.6399 24.6399 24.6399 24.6399 24.6399 24.6399 24.6399 24.6399 24.6399 24.6399 24.6399 24.6399 24.6399 
0.188093 0.188093 0.188093 0.188093 0.188093 0.188093 0.188093 0.188093 0.188093 0.188093 0.188093 0.188093 0.188093 
item 6
20 25 10 35 0 10 55 65 20 35 20 55 5 
38.053 38.053 38.053 38.053 38.053 38.053 38.053 38.053 38.053 38.053 38.053 38.053 38.053 
0.321588 0.321588 0.321588 0.321588 0.321588 0.321588 0.321588 0.321588 0.321588 0.321588 0.321588 0.321588 0.321588 
item 7
0 30 5 10 75 40 20 20 20 25 15 35 20 
46.0382 46.0382 46.0382 46.0382 46.0382 46.0382 46.0382 46.0382 46.0382 46.0382 46.0382 46.0382 46.0382 
0.291458 0.291458 0.291458 0.291458 0.291458 0.291458 0.291458 0.291458 0.291458 0.291458 0.291458 0.291458 0.291458 
item 8
15 40 20 10 0 0 0 0 15 25 15 25 10 
44.4883 44.4883 44.4883 44.4883 44.4883 44.4883 44.4883 44.4883 44.4883 44.4883 44.4883 44.4883 44.4883 
0.585916 0.585916 0.585916 0.585916 0.585916 0.585916 0.585916 0.585916 0.585916 0.585916 0.585916 0.585916 0.585916 
item 9
30 50 55 35 20 35 15 85 45 65 60 30 115 
45.0654 45.0654 45.0654 45.0654 45.0654 45.0654 45.0654 45.0654 45.0654 45.0654 45.0654 45.0654 45.0654 
0.202336 0.202336 0.202336 0.202336 0.202336 0.202336 0.202336 0.202336 0.202336 0.202336 0.202336 0.202336 0.202336 
item 10
60 345 60 125 250 335 0 130 265 310 55 115 120 
131.319 131.319 131.319 131.319 131.319 131.319 131.319 131.319 131.319 131.319 131.319 131.319 131.319 
0.105263 0.105263 0.105263 0.105263 0.105263 0.105263 0.105263 0.105263 0.105263 0.105263 0.105263 0.105263 0.105263 
item 11
25 40 5 45 115 70 60 10 65 35 10 10 20 
77.514 77.514 77.514 77.514 77.514 77.514 77.514 77.514 77.514 77.514 77.514 77.514 77.514 
0.277457 0.277457 0.277457 0.277457 0.277457 0.277457 0.277457 0.277457 0.277457 0.277457 0.277457 0.277457 0.277457 
item 12
30 70 115 155 30 110 120 135 30 85 145 45 85 
82.6779 82.6779 82.6779 82.6779 82.6779 82.6779 82.6779 82.6779 82.6779 82.6779 82.6779 82.6779 82.6779 
0.191152 0.191152 0.191152 0.191152 0.191152 0.191152 0.191152 0.191152 0.191152 0.191152 0.191152 0.191152 0.191152 
item 13
20 30 25 10 15 0 45 0 5 40 15 15 15 
40.3462 40.3462 40.3462 40.3462 40.3462 40.3462 40.3462 40.3462 40.3462 40.3462 40.3462 40.3462 40.3462 
0.332572 0.332572 0.332572 0.332572 0.332572 0.332572 0.332572 0.332572 0.332572 0.332572 0.332572 0.332572 0.332572 
item 14
10 5 0 10 0 35 5 0 10 10 15 0 25 
8.59259 8.59259 8.59259 8.59259 8.59259 8.59259 8.59259 8.59259 8.59259 8.59259 8.59259 8.59259 8.59259 
0.4986 0.4986 0.4986 0.4986 0.4986 0.4986 0.4986 0.4986 0.4986 0.4986 0.4986 0.4986 0.4986 
item 15
45 5 0 5 15 25 0 25 30 60 15 20 30 
52.6449 52.6449 52.6449 52.6449 52.6449 52.6449 52.6449 52.6449 52.6449 52.6449 52.6449 52.6449 52.6449 
0.419097 0.419097 0.419097 0.419097 0.419097 0.419097 0.419097 0.419097 0.419097 0.419097 0.419097 0.419097 0.419097 
item 16
25 75 30 15 20 65 65 50 35 65 20 10 55 
112.527 112.527 112.527 112.527 112.527 112.527 112.527 112.527 112.527 112.527 112.527 112.527 112.527 
0.45452 0.45452 0.45452 0.45452 0.45452 0.45452 0.45452 0.45452 0.45452 0.45452 0.45452 0.45452 0.45452 
item 17
135 30 15 55 50 25 85 15 10 75 30 45 205 
45.7688 45.7688 45.7688 45.7688 45.7688 45.7688 45.7688 45.7688 45.7688 45.7688 45.7688 45.7688 45.7688 
0.10545 0.10545 0.10545 0.10545 0.10545 0.10545 0.10545 0.10545 0.10545 0.10545 0.10545 0.10545 0.10545 
item 18
35 35 15 25 5 0 15 50 5 20 0 10 5 
13.5913 13.5913 13.5913 13.5913 13.5913 13.5913 13.5913 13.5913 13.5913 13.5913 13.5913 13.5913 13.5913 
0.397715 0.397715 0.397715 0.397715 0.397715 0.397715 0.397715 0.397715 0.397715 0.397715 0.397715 0.397715 0.397715 
item 19
15 15 0 5 0 10 20 25 5 5 10 10 0 
7.8532 7.8532 7.8532 7.8532 7.8532 7.8532 7.8532 7.8532 7.8532 7.8532 7.8532 7.8532 7.8532 
0.588352 0.588352 0.588352 0.588352 0.588352 0.588352 0.588352 0.588352 0.588352 0.588352 0.588352 0.588352 0.588352 
