26 10
-6.27744e+66 28.835 34.2267 58.4893 82.752 88.1437 94.8834 167.671 224.284 235.068 429.169 442.648 650.229 747.28 940.033 958.904 1060 1189.4 1258.14 1379.46 1430.68 1673.31 1701.61 2383.66 2445.67 2478.02 2612.81 
-6.27744e+66 -6.27744e+66 28.835 40.9663 57.1414 61.1852 66.5769 127.234 175.759 185.194 357.729 369.86 558.57 647.533 825.46 842.983 937.338 1058.65 1123.35 1237.93 1286.45 1516.95 1543.9 2194.95 2254.26 2285.26 2414.67 
-6.27744e+66 -6.27744e+66 -6.27744e+66 28.835 36.9225 39.6184 43.6622 92.1875 132.625 140.713 291.681 302.464 472.303 553.178 716.278 732.453 820.068 933.294 993.951 1101.78 1147.61 1365.98 1391.59 2011.64 2068.25 2097.9 2221.91 
-6.27744e+66 -6.27744e+66 -6.27744e+66 -6.27744e+66 28.835 30.1829 32.8787 69.2728 101.623 108.363 237.764 247.199 398.167 470.955 619.227 634.054 714.93 820.068 876.681 977.775 1020.91 1227.14 1251.4 1840.45 1894.37 1922.67 2041.29 
-6.27744e+66 -6.27744e+66 -6.27744e+66 -6.27744e+66 -6.27744e+66 28.835 30.1829 54.4456 78.7082 84.1 191.934 200.022 332.118 396.819 530.264 543.743 617.879 714.93 767.499 861.854 902.292 1096.39 1119.31 1677.35 1728.57 1755.53 1868.76 
-6.27744e+66 -6.27744e+66 -6.27744e+66 -6.27744e+66 -6.27744e+66 -6.27744e+66 28.835 40.9663 57.1414 61.1852 147.453 154.192 267.418 324.031 442.648 454.78 522.176 611.139 659.665 747.28 785.022 966.992 988.559 1515.6 1564.12 1589.73 1697.57 
-6.27744e+66 -6.27744e+66 -6.27744e+66 -6.27744e+66 -6.27744e+66 -6.27744e+66 -6.27744e+66 28.835 36.9225 39.6184 104.319 109.711 204.065 252.591 356.381 367.165 427.821 508.697 553.178 634.054 669.1 838.939 859.158 1355.19 1401.02 1425.29 1527.73 
-6.27744e+66 -6.27744e+66 -6.27744e+66 -6.27744e+66 -6.27744e+66 -6.27744e+66 -6.27744e+66 -6.27744e+66 28.835 30.1829 73.3165 77.3603 152.844 193.282 282.245 291.681 345.598 418.386 458.824 532.96 565.31 723.017 741.888 1206.92 1250.06 1272.97 1370.02 
-6.27744e+66 -6.27744e+66 -6.27744e+66 -6.27744e+66 -6.27744e+66 -6.27744e+66 -6.27744e+66 -6.27744e+66 -6.27744e+66 28.835 50.4018 53.0976 109.711 142.061 216.197 224.284 271.462 336.162 372.556 439.953 469.607 615.183 632.706 1066.74 1107.18 1128.74 1220.4 
-6.27744e+66 -6.27744e+66 -6.27744e+66 -6.27744e+66 -6.27744e+66 -6.27744e+66 -6.27744e+66 -6.27744e+66 -6.27744e+66 -6.27744e+66 28.835 30.1829 67.9248 92.1875 151.496 158.236 198.674 255.287 287.637 348.294 375.252 508.697 524.872 927.902 965.644 985.863 1072.13 
-6.27744e+66 -6.27744e+66 -6.27744e+66 -6.27744e+66 -6.27744e+66 -6.27744e+66 -6.27744e+66 -6.27744e+66 -6.27744e+66 -6.27744e+66 -6.27744e+66 28.835 47.7059 63.8811 108.363 113.754 147.453 195.978 224.284 278.201 302.464 423.778 438.605 810.632 845.679 864.55 945.425 
-6.27744e+66 -6.27744e+66 -6.27744e+66 -6.27744e+66 -6.27744e+66 -6.27744e+66 -6.27744e+66 -6.27744e+66 -6.27744e+66 -6.27744e+66 -6.27744e+66 -6.27744e+66 28.835 36.9225 66.5769 70.6207 97.5792 138.017 162.28 209.457 231.024 340.206 353.685 694.711 727.061 744.584 820.068 
-6.27744e+66 -6.27744e+66 -6.27744e+66 -6.27744e+66 -6.27744e+66 -6.27744e+66 -6.27744e+66 -6.27744e+66 -6.27744e+66 -6.27744e+66 -6.27744e+66 -6.27744e+66 -6.27744e+66 28.835 43.6622 46.358 66.5769 98.9271 119.146 159.584 178.455 275.506 287.637 597.66 627.314 643.49 713.582 
-6.27744e+66 -6.27744e+66 -6.27744e+66 -6.27744e+66 -6.27744e+66 -6.27744e+66 -6.27744e+66 -6.27744e+66 -6.27744e+66 -6.27744e+66 -6.27744e+66 -6.27744e+66 -6.27744e+66 -6.27744e+66 28.835 30.1829 43.6622 67.9248 84.1 117.798 133.973 218.893 229.676 508.697 535.655 550.483 615.183 
-6.27744e+66 -6.27744e+66 -6.27744e+66 -6.27744e+66 -6.27744e+66 -6.27744e+66 -6.27744e+66 -6.27744e+66 -6.27744e+66 -6.27744e+66 -6.27744e+66 -6.27744e+66 -6.27744e+66 -6.27744e+66 -6.27744e+66 28.835 35.5746 51.7497 63.8811 90.8396 104.319 177.107 186.542 434.561 458.824 472.303 531.612 
-6.27744e+66 -6.27744e+66 -6.27744e+66 -6.27744e+66 -6.27744e+66 -6.27744e+66 -6.27744e+66 -6.27744e+66 -6.27744e+66 -6.27744e+66 -6.27744e+66 -6.27744e+66 -6.27744e+66 -6.27744e+66 -6.27744e+66 -6.27744e+66 28.835 36.9225 45.0101 65.229 76.0124 136.669 144.757 361.773 383.34 395.471 449.388 
-6.27744e+66 -6.27744e+66 -6.27744e+66 -6.27744e+66 -6.27744e+66 -6.27744e+66 -6.27744e+66 -6.27744e+66 -6.27744e+66 -6.27744e+66 -6.27744e+66 -6.27744e+66 -6.27744e+66 -6.27744e+66 -6.27744e+66 -6.27744e+66 -6.27744e+66 28.835 32.8787 46.358 54.4456 102.971 109.711 295.724 314.595 325.379 373.904 
-6.27744e+66 -6.27744e+66 -6.27744e+66 -6.27744e+66 -6.27744e+66 -6.27744e+66 -6.27744e+66 -6.27744e+66 -6.27744e+66 -6.27744e+66 -6.27744e+66 -6.27744e+66 -6.27744e+66 -6.27744e+66 -6.27744e+66 -6.27744e+66 -6.27744e+66 -6.27744e+66 28.835 35.5746 40.9663 77.3603 82.752 237.764 253.939 263.374 306.508 
-6.27744e+66 -6.27744e+66 -6.27744e+66 -6.27744e+66 -6.27744e+66 -6.27744e+66 -6.27744e+66 -6.27744e+66 -6.27744e+66 -6.27744e+66 -6.27744e+66 -6.27744e+66 -6.27744e+66 -6.27744e+66 -6.27744e+66 -6.27744e+66 -6.27744e+66 -6.27744e+66 -6.27744e+66 28.835 31.5308 55.7935 59.8373 183.847 197.326 205.413 243.155 
-6.27744e+66 -6.27744e+66 -6.27744e+66 -6.27744e+66 -6.27744e+66 -6.27744e+66 -6.27744e+66 -6.27744e+66 -6.27744e+66 -6.27744e+66 -6.27744e+66 -6.27744e+66 -6.27744e+66 -6.27744e+66 -6.27744e+66 -6.27744e+66 -6.27744e+66 -6.27744e+66 -6.27744e+66 -6.27744e+66 28.835 40.9663 43.6622 136.669 147.453 154.192 186.542 
-6.27744e+66 -6.27744e+66 -6.27744e+66 -6.27744e+66 -6.27744e+66 -6.27744e+66 -6.27744e+66 -6.27744e+66 -6.27744e+66 -6.27744e+66 -6.27744e+66 -6.27744e+66 -6.27744e+66 -6.27744e+66 -6.27744e+66 -6.27744e+66 -6.27744e+66 -6.27744e+66 -6.27744e+66 -6.27744e+66 -6.27744e+66 28.835 30.1829 92.1875 100.275 105.667 132.625 
-6.27744e+66 -6.27744e+66 -6.27744e+66 -6.27744e+66 -6.27744e+66 -6.27744e+66 -6.27744e+66 -6.27744e+66 -6.27744e+66 -6.27744e+66 -6.27744e+66 -6.27744e+66 -6.27744e+66 -6.27744e+66 -6.27744e+66 -6.27744e+66 -6.27744e+66 -6.27744e+66 -6.27744e+66 -6.27744e+66 -6.27744e+66 -6.27744e+66 28.835 59.8373 65.229 69.2728 90.8396 
-6.27744e+66 -6.27744e+66 -6.27744e+66 -6.27744e+66 -6.27744e+66 -6.27744e+66 -6.27744e+66 -6.27744e+66 -6.27744e+66 -6.27744e+66 -6.27744e+66 -6.27744e+66 -6.27744e+66 -6.27744e+66 -6.27744e+66 -6.27744e+66 -6.27744e+66 -6.27744e+66 -6.27744e+66 -6.27744e+66 -6.27744e+66 -6.27744e+66 -6.27744e+66 28.835 31.5308 34.2267 50.4018 
-6.27744e+66 -6.27744e+66 -6.27744e+66 -6.27744e+66 -6.27744e+66 -6.27744e+66 -6.27744e+66 -6.27744e+66 -6.27744e+66 -6.27744e+66 -6.27744e+66 -6.27744e+66 -6.27744e+66 -6.27744e+66 -6.27744e+66 -6.27744e+66 -6.27744e+66 -6.27744e+66 -6.27744e+66 -6.27744e+66 -6.27744e+66 -6.27744e+66 -6.27744e+66 -6.27744e+66 28.835 30.1829 40.9663 
-6.27744e+66 -6.27744e+66 -6.27744e+66 -6.27744e+66 -6.27744e+66 -6.27744e+66 -6.27744e+66 -6.27744e+66 -6.27744e+66 -6.27744e+66 -6.27744e+66 -6.27744e+66 -6.27744e+66 -6.27744e+66 -6.27744e+66 -6.27744e+66 -6.27744e+66 -6.27744e+66 -6.27744e+66 -6.27744e+66 -6.27744e+66 -6.27744e+66 -6.27744e+66 -6.27744e+66 -6.27744e+66 28.835 34.2267 
-6.27744e+66 -6.27744e+66 -6.27744e+66 -6.27744e+66 -6.27744e+66 -6.27744e+66 -6.27744e+66 -6.27744e+66 -6.27744e+66 -6.27744e+66 -6.27744e+66 -6.27744e+66 -6.27744e+66 -6.27744e+66 -6.27744e+66 -6.27744e+66 -6.27744e+66 -6.27744e+66 -6.27744e+66 -6.27744e+66 -6.27744e+66 -6.27744e+66 -6.27744e+66 -6.27744e+66 -6.27744e+66 -6.27744e+66 28.835 
-6.27744e+66 -6.27744e+66 -6.27744e+66 -6.27744e+66 -6.27744e+66 -6.27744e+66 -6.27744e+66 -6.27744e+66 -6.27744e+66 -6.27744e+66 -6.27744e+66 -6.27744e+66 -6.27744e+66 -6.27744e+66 -6.27744e+66 -6.27744e+66 -6.27744e+66 -6.27744e+66 -6.27744e+66 -6.27744e+66 -6.27744e+66 -6.27744e+66 -6.27744e+66 -6.27744e+66 -6.27744e+66 -6.27744e+66 -6.27744e+66 
-6.27744e+66 2.35724 5.05776 10.4588 18.5604 83.373 177.891 242.704 242.704 242.704 242.704 323.72 412.837 412.837 763.906 877.328 917.835 917.835 1239.2 1579.46 1579.46 2119.57 2176.28 2176.28 2300.5 2300.5 2368.02 
-6.27744e+66 -6.27744e+66 2.35724 5.05776 10.4588 59.0683 134.683 188.694 188.694 188.694 188.694 261.608 342.623 342.623 666.687 772.007 809.814 809.814 1112.27 1433.64 1433.64 1946.74 2000.75 2000.75 2119.57 2119.57 2184.38 
-6.27744e+66 -6.27744e+66 -6.27744e+66 2.35724 5.05776 37.4641 94.1751 137.384 137.384 137.384 137.384 202.196 275.11 275.11 572.168 669.387 704.494 704.494 988.049 1290.51 1290.51 1776.6 1827.91 1827.91 1941.33 1941.33 2003.45 
-6.27744e+66 -6.27744e+66 -6.27744e+66 -6.27744e+66 2.35724 18.5604 56.3678 88.7741 88.7741 88.7741 88.7741 145.485 210.298 210.298 480.35 569.468 601.874 601.874 866.526 1150.08 1150.08 1609.17 1657.78 1657.78 1765.8 1765.8 1825.21 
-6.27744e+66 -6.27744e+66 -6.27744e+66 -6.27744e+66 -6.27744e+66 2.35724 21.2609 42.8651 42.8651 42.8651 42.8651 91.4746 148.186 148.186 391.233 472.249 501.955 501.955 747.702 1012.35 1012.35 1444.44 1490.35 1490.35 1592.97 1592.97 1649.68 
-6.27744e+66 -6.27744e+66 -6.27744e+66 -6.27744e+66 -6.27744e+66 -6.27744e+66 2.35724 13.1593 13.1593 13.1593 13.1593 53.6672 102.277 102.277 318.319 391.233 418.238 418.238 645.082 890.83 890.83 1295.91 1339.12 1339.12 1436.34 1436.34 1490.35 
-6.27744e+66 -6.27744e+66 -6.27744e+66 -6.27744e+66 -6.27744e+66 -6.27744e+66 -6.27744e+66 2.35724 2.35724 2.35724 2.35724 34.7635 75.2714 75.2714 264.308 329.121 353.426 353.426 561.366 788.21 788.21 1166.28 1206.79 1206.79 1298.61 1298.61 1349.92 
-6.27744e+66 -6.27744e+66 -6.27744e+66 -6.27744e+66 -6.27744e+66 -6.27744e+66 -6.27744e+66 -6.27744e+66 2.35724 2.35724 2.35724 26.662 59.0683 59.0683 221.1 277.811 299.415 299.415 488.452 696.392 696.392 1047.46 1085.27 1085.27 1171.68 1171.68 1220.29 
-6.27744e+66 -6.27744e+66 -6.27744e+66 -6.27744e+66 -6.27744e+66 -6.27744e+66 -6.27744e+66 -6.27744e+66 -6.27744e+66 2.35724 2.35724 18.5604 42.8651 42.8651 177.891 226.501 245.405 245.405 415.538 604.575 604.575 928.638 963.744 963.744 1044.76 1044.76 1090.67 
-6.27744e+66 -6.27744e+66 -6.27744e+66 -6.27744e+66 -6.27744e+66 -6.27744e+66 -6.27744e+66 -6.27744e+66 -6.27744e+66 -6.27744e+66 2.35724 10.4588 26.662 26.662 134.683 175.191 191.394 191.394 342.623 512.757 512.757 809.814 842.221 842.221 917.835 917.835 961.044 
-6.27744e+66 -6.27744e+66 -6.27744e+66 -6.27744e+66 -6.27744e+66 -6.27744e+66 -6.27744e+66 -6.27744e+66 -6.27744e+66 -6.27744e+66 -6.27744e+66 2.35724 10.4588 10.4588 91.4746 123.881 137.384 137.384 269.709 420.939 420.939 690.991 720.697 720.697 790.911 790.911 831.419 
-6.27744e+66 -6.27744e+66 -6.27744e+66 -6.27744e+66 -6.27744e+66 -6.27744e+66 -6.27744e+66 -6.27744e+66 -6.27744e+66 -6.27744e+66 -6.27744e+66 -6.27744e+66 2.35724 2.35724 56.3678 80.6725 91.4746 91.4746 204.897 337.222 337.222 580.27 607.275 607.275 672.088 672.088 709.895 
-6.27744e+66 -6.27744e+66 -6.27744e+66 -6.27744e+66 -6.27744e+66 -6.27744e+66 -6.27744e+66 -6.27744e+66 -6.27744e+66 -6.27744e+66 -6.27744e+66 -6.27744e+66 -6.27744e+66 2.35724 29.3625 45.5656 53.6672 53.6672 148.186 261.608 261.608 477.65 501.955 501.955 561.366 561.366 596.473 
-6.27744e+66 -6.27744e+66 -6.27744e+66 -6.27744e+66 -6.27744e+66 -6.27744e+66 -6.27744e+66 -6.27744e+66 -6.27744e+66 -6.27744e+66 -6.27744e+66 -6.27744e+66 -6.27744e+66 -6.27744e+66 2.35724 10.4588 15.8599 15.8599 91.4746 185.993 185.993 375.03 396.634 396.634 450.645 450.645 483.051 
-6.27744e+66 -6.27744e+66 -6.27744e+66 -6.27744e+66 -6.27744e+66 -6.27744e+66 -6.27744e+66 -6.27744e+66 -6.27744e+66 -6.27744e+66 -6.27744e+66 -6.27744e+66 -6.27744e+66 -6.27744e+66 -6.27744e+66 2.35724 5.05776 5.05776 61.7688 137.384 137.384 299.415 318.319 318.319 366.928 366.928 396.634 
-6.27744e+66 -6.27744e+66 -6.27744e+66 -6.27744e+66 -6.27744e+66 -6.27744e+66 -6.27744e+66 -6.27744e+66 -6.27744e+66 -6.27744e+66 -6.27744e+66 -6.27744e+66 -6.27744e+66 -6.27744e+66 -6.27744e+66 -6.27744e+66 2.35724 2.35724 40.1646 96.8756 96.8756 231.902 248.105 248.105 291.314 291.314 318.319 
-6.27744e+66 -6.27744e+66 -6.27744e+66 -6.27744e+66 -6.27744e+66 -6.27744e+66 -6.27744e+66 -6.27744e+66 -6.27744e+66 -6.27744e+66 -6.27744e+66 -6.27744e+66 -6.27744e+66 -6.27744e+66 -6.27744e+66 -6.27744e+66 -6.27744e+66 2.35724 21.2609 59.0683 59.0683 167.089 180.592 180.592 218.399 218.399 242.704 
-6.27744e+66 -6.27744e+66 -6.27744e+66 -6.27744e+66 -6.27744e+66 -6.27744e+66 -6.27744e+66 -6.27744e+66 -6.27744e+66 -6.27744e+66 -6.27744e+66 -6.27744e+66 -6.27744e+66 -6.27744e+66 -6.27744e+66 -6.27744e+66 -6.27744e+66 -6.27744e+66 2.35724 21.2609 21.2609 102.277 113.079 113.079 145.485 145.485 167.089 
-6.27744e+66 -6.27744e+66 -6.27744e+66 -6.27744e+66 -6.27744e+66 -6.27744e+66 -6.27744e+66 -6.27744e+66 -6.27744e+66 -6.27744e+66 -6.27744e+66 -6.27744e+66 -6.27744e+66 -6.27744e+66 -6.27744e+66 -6.27744e+66 -6.27744e+66 -6.27744e+66 -6.27744e+66 2.35724 2.35724 56.3678 64.4693 64.4693 91.4746 91.4746 110.378 
-6.27744e+66 -6.27744e+66 -6.27744e+66 -6.27744e+66 -6.27744e+66 -6.27744e+66 -6.27744e+66 -6.27744e+66 -6.27744e+66 -6.27744e+66 -6.27744e+66 -6.27744e+66 -6.27744e+66 -6.27744e+66 -6.27744e+66 -6.27744e+66 -6.27744e+66 -6.27744e+66 -6.27744e+66 -6.27744e+66 2.35724 29.3625 34.7635 34.7635 56.3678 56.3678 72.5709 
-6.27744e+66 -6.27744e+66 -6.27744e+66 -6.27744e+66 -6.27744e+66 -6.27744e+66 -6.27744e+66 -6.27744e+66 -6.27744e+66 -6.27744e+66 -6.27744e+66 -6.27744e+66 -6.27744e+66 -6.27744e+66 -6.27744e+66 -6.27744e+66 -6.27744e+66 -6.27744e+66 -6.27744e+66 -6.27744e+66 -6.27744e+66 2.35724 5.05776 5.05776 21.2609 21.2609 34.7635 
-6.27744e+66 -6.27744e+66 -6.27744e+66 -6.27744e+66 -6.27744e+66 -6.27744e+66 -6.27744e+66 -6.27744e+66 -6.27744e+66 -6.27744e+66 -6.27744e+66 -6.27744e+66 -6.27744e+66 -6.27744e+66 -6.27744e+66 -6.27744e+66 -6.27744e+66 -6.27744e+66 -6.27744e+66 -6.27744e+66 -6.27744e+66 -6.27744e+66 2.35724 2.35724 13.1593 13.1593 23.9614 
-6.27744e+66 -6.27744e+66 -6.27744e+66 -6.27744e+66 -6.27744e+66 -6.27744e+66 -6.27744e+66 -6.27744e+66 -6.27744e+66 -6.27744e+66 -6.27744e+66 -6.27744e+66 -6.27744e+66 -6.27744e+66 -6.27744e+66 -6.27744e+66 -6.27744e+66 -6.27744e+66 -6.27744e+66 -6.27744e+66 -6.27744e+66 -6.27744e+66 -6.27744e+66 2.35724 7.75829 7.75829 15.8599 
-6.27744e+66 -6.27744e+66 -6.27744e+66 -6.27744e+66 -6.27744e+66 -6.27744e+66 -6.27744e+66 -6.27744e+66 -6.27744e+66 -6.27744e+66 -6.27744e+66 -6.27744e+66 -6.27744e+66 -6.27744e+66 -6.27744e+66 -6.27744e+66 -6.27744e+66 -6.27744e+66 -6.27744e+66 -6.27744e+66 -6.27744e+66 -6.27744e+66 -6.27744e+66 -6.27744e+66 2.35724 2.35724 7.75829 
-6.27744e+66 -6.27744e+66 -6.27744e+66 -6.27744e+66 -6.27744e+66 -6.27744e+66 -6.27744e+66 -6.27744e+66 -6.27744e+66 -6.27744e+66 -6.27744e+66 -6.27744e+66 -6.27744e+66 -6.27744e+66 -6.27744e+66 -6.27744e+66 -6.27744e+66 -6.27744e+66 -6.27744e+66 -6.27744e+66 -6.27744e+66 -6.27744e+66 -6.27744e+66 -6.27744e+66 -6.27744e+66 2.35724 5.05776 
-6.27744e+66 -6.27744e+66 -6.27744e+66 -6.27744e+66 -6.27744e+66 -6.27744e+66 -6.27744e+66 -6.27744e+66 -6.27744e+66 -6.27744e+66 -6.27744e+66 -6.27744e+66 -6.27744e+66 -6.27744e+66 -6.27744e+66 -6.27744e+66 -6.27744e+66 -6.27744e+66 -6.27744e+66 -6.27744e+66 -6.27744e+66 -6.27744e+66 -6.27744e+66 -6.27744e+66 -6.27744e+66 -6.27744e+66 2.35724 
-6.27744e+66 -6.27744e+66 -6.27744e+66 -6.27744e+66 -6.27744e+66 -6.27744e+66 -6.27744e+66 -6.27744e+66 -6.27744e+66 -6.27744e+66 -6.27744e+66 -6.27744e+66 -6.27744e+66 -6.27744e+66 -6.27744e+66 -6.27744e+66 -6.27744e+66 -6.27744e+66 -6.27744e+66 -6.27744e+66 -6.27744e+66 -6.27744e+66 -6.27744e+66 -6.27744e+66 -6.27744e+66 -6.27744e+66 -6.27744e+66 
-6.27744e+66 59.8447 62.0403 79.6053 184.995 202.56 334.298 347.472 470.426 610.946 828.313 850.27 874.421 900.769 1100.57 1407.96 1704.37 1844.89 1882.21 2475.03 3142.5 3405.98 3774.84 3871.45 4628.94 4787.02 5335.93 
-6.27744e+66 -6.27744e+66 59.8447 68.6272 138.887 152.061 257.451 268.429 373.819 496.774 689.989 709.75 731.706 755.858 940.29 1225.72 1502.37 1634.11 1669.24 2229.12 2861.46 3111.76 3463.06 3555.28 4279.84 4431.33 4958.28 
-6.27744e+66 -6.27744e+66 -6.27744e+66 59.8447 94.9747 103.757 182.8 191.582 279.407 384.797 553.86 571.425 591.186 613.142 782.205 1045.68 1302.57 1425.52 1458.46 1985.41 2582.62 2819.74 3153.48 3241.3 3932.93 4077.84 4582.83 
-6.27744e+66 -6.27744e+66 -6.27744e+66 -6.27744e+66 59.8447 64.2359 116.931 123.518 193.778 281.603 426.514 441.883 459.448 479.209 632.903 874.421 1111.55 1225.72 1256.46 1750.48 2312.56 2536.51 2852.68 2936.11 3594.8 3733.12 4216.16 
-6.27744e+66 -6.27744e+66 -6.27744e+66 -6.27744e+66 -6.27744e+66 59.8447 86.1922 90.5834 143.278 213.538 334.298 347.472 362.841 380.406 518.73 738.293 955.66 1061.05 1089.59 1550.67 2077.62 2288.4 2587.01 2666.05 3291.8 3423.54 3884.62 
-6.27744e+66 -6.27744e+66 -6.27744e+66 -6.27744e+66 -6.27744e+66 -6.27744e+66 59.8447 62.0403 97.1703 149.865 246.473 257.451 270.625 285.994 408.949 606.555 804.161 900.769 927.116 1355.26 1847.08 2044.69 2325.73 2400.38 2993.2 3118.35 3557.47 
-6.27744e+66 -6.27744e+66 -6.27744e+66 -6.27744e+66 -6.27744e+66 -6.27744e+66 -6.27744e+66 59.8447 77.4097 112.54 184.995 193.778 204.756 217.93 325.515 501.165 679.011 766.836 790.988 1186.2 1642.89 1827.32 2090.8 2161.06 2720.94 2839.51 3256.67 
-6.27744e+66 -6.27744e+66 -6.27744e+66 -6.27744e+66 -6.27744e+66 -6.27744e+66 -6.27744e+66 -6.27744e+66 59.8447 77.4097 125.713 132.3 141.083 152.061 244.277 397.971 556.056 635.098 657.055 1019.33 1440.89 1612.15 1858.06 1923.93 2450.88 2562.86 2958.07 
-6.27744e+66 -6.27744e+66 -6.27744e+66 -6.27744e+66 -6.27744e+66 -6.27744e+66 -6.27744e+66 -6.27744e+66 -6.27744e+66 59.8447 83.9965 88.3878 94.9747 103.757 180.604 312.342 450.666 520.926 540.686 870.03 1256.46 1414.55 1642.89 1704.37 2198.38 2303.77 2677.03 
-6.27744e+66 -6.27744e+66 -6.27744e+66 -6.27744e+66 -6.27744e+66 -6.27744e+66 -6.27744e+66 -6.27744e+66 -6.27744e+66 -6.27744e+66 59.8447 62.0403 66.4315 73.0184 134.496 244.277 362.841 424.318 441.883 738.293 1089.59 1234.5 1445.28 1502.37 1963.45 2062.25 2413.55 
-6.27744e+66 -6.27744e+66 -6.27744e+66 -6.27744e+66 -6.27744e+66 -6.27744e+66 -6.27744e+66 -6.27744e+66 -6.27744e+66 -6.27744e+66 -6.27744e+66 59.8447 62.0403 66.4315 112.54 200.365 299.168 351.863 367.232 630.707 946.877 1078.61 1271.83 1324.52 1752.67 1844.89 2174.23 
-6.27744e+66 -6.27744e+66 -6.27744e+66 -6.27744e+66 -6.27744e+66 -6.27744e+66 -6.27744e+66 -6.27744e+66 -6.27744e+66 -6.27744e+66 -6.27744e+66 -6.27744e+66 59.8447 62.0403 92.779 158.648 237.69 281.603 294.777 525.317 806.357 924.921 1100.57 1148.87 1544.09 1629.72 1937.1 
-6.27744e+66 -6.27744e+66 -6.27744e+66 -6.27744e+66 -6.27744e+66 -6.27744e+66 -6.27744e+66 -6.27744e+66 -6.27744e+66 -6.27744e+66 -6.27744e+66 -6.27744e+66 -6.27744e+66 59.8447 75.214 119.127 178.408 213.538 224.517 422.123 668.033 773.423 931.508 975.42 1337.7 1416.74 1702.17 
-6.27744e+66 -6.27744e+66 -6.27744e+66 -6.27744e+66 -6.27744e+66 -6.27744e+66 -6.27744e+66 -6.27744e+66 -6.27744e+66 -6.27744e+66 -6.27744e+66 -6.27744e+66 -6.27744e+66 -6.27744e+66 59.8447 81.8009 121.322 147.67 156.452 321.124 531.904 624.12 764.64 804.161 1133.51 1205.96 1469.44 
-6.27744e+66 -6.27744e+66 -6.27744e+66 -6.27744e+66 -6.27744e+66 -6.27744e+66 -6.27744e+66 -6.27744e+66 -6.27744e+66 -6.27744e+66 -6.27744e+66 -6.27744e+66 -6.27744e+66 -6.27744e+66 -6.27744e+66 59.8447 79.6053 97.1703 103.757 235.495 411.145 490.187 613.142 648.272 944.681 1010.55 1252.07 
-6.27744e+66 -6.27744e+66 -6.27744e+66 -6.27744e+66 -6.27744e+66 -6.27744e+66 -6.27744e+66 -6.27744e+66 -6.27744e+66 -6.27744e+66 -6.27744e+66 -6.27744e+66 -6.27744e+66 -6.27744e+66 -6.27744e+66 -6.27744e+66 59.8447 68.6272 73.0184 171.822 312.342 378.21 483.6 514.339 777.814 837.096 1056.66 
-6.27744e+66 -6.27744e+66 -6.27744e+66 -6.27744e+66 -6.27744e+66 -6.27744e+66 -6.27744e+66 -6.27744e+66 -6.27744e+66 -6.27744e+66 -6.27744e+66 -6.27744e+66 -6.27744e+66 -6.27744e+66 -6.27744e+66 -6.27744e+66 -6.27744e+66 59.8447 62.0403 127.909 233.299 285.994 373.819 400.166 630.707 683.402 881.008 
-6.27744e+66 -6.27744e+66 -6.27744e+66 -6.27744e+66 -6.27744e+66 -6.27744e+66 -6.27744e+66 -6.27744e+66 -6.27744e+66 -6.27744e+66 -6.27744e+66 -6.27744e+66 -6.27744e+66 -6.27744e+66 -6.27744e+66 -6.27744e+66 -6.27744e+66 -6.27744e+66 59.8447 92.779 163.039 202.56 272.82 294.777 492.383 538.491 714.141 
-6.27744e+66 -6.27744e+66 -6.27744e+66 -6.27744e+66 -6.27744e+66 -6.27744e+66 -6.27744e+66 -6.27744e+66 -6.27744e+66 -6.27744e+66 -6.27744e+66 -6.27744e+66 -6.27744e+66 -6.27744e+66 -6.27744e+66 -6.27744e+66 -6.27744e+66 -6.27744e+66 -6.27744e+66 59.8447 94.9747 121.322 174.017 191.582 356.254 395.775 549.469 
-6.27744e+66 -6.27744e+66 -6.27744e+66 -6.27744e+66 -6.27744e+66 -6.27744e+66 -6.27744e+66 -6.27744e+66 -6.27744e+66 -6.27744e+66 -6.27744e+66 -6.27744e+66 -6.27744e+66 -6.27744e+66 -6.27744e+66 -6.27744e+66 -6.27744e+66 -6.27744e+66 -6.27744e+66 -6.27744e+66 59.8447 73.0184 108.148 121.322 253.06 285.994 417.731 
-6.27744e+66 -6.27744e+66 -6.27744e+66 -6.27744e+66 -6.27744e+66 -6.27744e+66 -6.27744e+66 -6.27744e+66 -6.27744e+66 -6.27744e+66 -6.27744e+66 -6.27744e+66 -6.27744e+66 -6.27744e+66 -6.27744e+66 -6.27744e+66 -6.27744e+66 -6.27744e+66 -6.27744e+66 -6.27744e+66 -6.27744e+66 59.8447 77.4097 86.1922 184.995 211.343 321.124 
-6.27744e+66 -6.27744e+66 -6.27744e+66 -6.27744e+66 -6.27744e+66 -6.27744e+66 -6.27744e+66 -6.27744e+66 -6.27744e+66 -6.27744e+66 -6.27744e+66 -6.27744e+66 -6.27744e+66 -6.27744e+66 -6.27744e+66 -6.27744e+66 -6.27744e+66 -6.27744e+66 -6.27744e+66 -6.27744e+66 -6.27744e+66 -6.27744e+66 59.8447 64.2359 130.105 149.865 237.69 
-6.27744e+66 -6.27744e+66 -6.27744e+66 -6.27744e+66 -6.27744e+66 -6.27744e+66 -6.27744e+66 -6.27744e+66 -6.27744e+66 -6.27744e+66 -6.27744e+66 -6.27744e+66 -6.27744e+66 -6.27744e+66 -6.27744e+66 -6.27744e+66 -6.27744e+66 -6.27744e+66 -6.27744e+66 -6.27744e+66 -6.27744e+66 -6.27744e+66 -6.27744e+66 59.8447 92.779 105.953 171.822 
-6.27744e+66 -6.27744e+66 -6.27744e+66 -6.27744e+66 -6.27744e+66 -6.27744e+66 -6.27744e+66 -6.27744e+66 -6.27744e+66 -6.27744e+66 -6.27744e+66 -6.27744e+66 -6.27744e+66 -6.27744e+66 -6.27744e+66 -6.27744e+66 -6.27744e+66 -6.27744e+66 -6.27744e+66 -6.27744e+66 -6.27744e+66 -6.27744e+66 -6.27744e+66 -6.27744e+66 59.8447 66.4315 110.344 
-6.27744e+66 -6.27744e+66 -6.27744e+66 -6.27744e+66 -6.27744e+66 -6.27744e+66 -6.27744e+66 -6.27744e+66 -6.27744e+66 -6.27744e+66 -6.27744e+66 -6.27744e+66 -6.27744e+66 -6.27744e+66 -6.27744e+66 -6.27744e+66 -6.27744e+66 -6.27744e+66 -6.27744e+66 -6.27744e+66 -6.27744e+66 -6.27744e+66 -6.27744e+66 -6.27744e+66 -6.27744e+66 59.8447 81.8009 
-6.27744e+66 -6.27744e+66 -6.27744e+66 -6.27744e+66 -6.27744e+66 -6.27744e+66 -6.27744e+66 -6.27744e+66 -6.27744e+66 -6.27744e+66 -6.27744e+66 -6.27744e+66 -6.27744e+66 -6.27744e+66 -6.27744e+66 -6.27744e+66 -6.27744e+66 -6.27744e+66 -6.27744e+66 -6.27744e+66 -6.27744e+66 -6.27744e+66 -6.27744e+66 -6.27744e+66 -6.27744e+66 -6.27744e+66 59.8447 
-6.27744e+66 -6.27744e+66 -6.27744e+66 -6.27744e+66 -6.27744e+66 -6.27744e+66 -6.27744e+66 -6.27744e+66 -6.27744e+66 -6.27744e+66 -6.27744e+66 -6.27744e+66 -6.27744e+66 -6.27744e+66 -6.27744e+66 -6.27744e+66 -6.27744e+66 -6.27744e+66 -6.27744e+66 -6.27744e+66 -6.27744e+66 -6.27744e+66 -6.27744e+66 -6.27744e+66 -6.27744e+66 -6.27744e+66 -6.27744e+66 
-6.27744e+66 62.9905 72.2636 146.448 252.162 333.765 333.765 456.17 508.099 552.61 736.217 754.763 795.565 1040.37 1040.37 1222.13 1695.05 1724.73 1819.31 2286.68 2815.24 3445.81 3601.6 4254.43 4382.4 4560.44 4699.54 
-6.27744e+66 -6.27744e+66 62.9905 100.083 170.558 231.761 231.761 333.765 378.276 417.223 580.429 597.12 634.213 858.622 858.622 1027.39 1468.79 1496.61 1585.63 2027.03 2527.78 3126.82 3275.19 3898.34 4020.74 4191.37 4324.9 
-6.27744e+66 -6.27744e+66 -6.27744e+66 62.9905 98.2283 139.03 139.03 220.633 257.725 291.109 433.914 448.751 482.134 686.142 686.142 841.93 1251.8 1277.77 1361.22 1776.66 2249.58 2817.1 2958.05 3551.53 3668.37 3831.57 3959.54 
-6.27744e+66 -6.27744e+66 -6.27744e+66 -6.27744e+66 62.9905 83.3913 83.3913 144.594 174.268 202.087 324.492 337.474 367.148 550.755 550.755 693.561 1071.9 1096.01 1173.91 1563.38 2008.48 2544.47 2678 3241.81 3353.08 3508.87 3631.28 
-6.27744e+66 -6.27744e+66 -6.27744e+66 -6.27744e+66 -6.27744e+66 62.9905 62.9905 103.792 126.048 148.303 250.307 261.435 287.399 450.606 450.606 580.429 927.242 949.498 1021.83 1385.33 1802.62 2307.08 2433.19 2967.32 3073.04 3221.4 3338.25 
-6.27744e+66 -6.27744e+66 -6.27744e+66 -6.27744e+66 -6.27744e+66 -6.27744e+66 62.9905 83.3913 98.2283 114.92 196.523 205.796 228.052 370.857 370.857 487.698 802.983 823.384 890.15 1227.69 1617.16 2090.09 2208.78 2713.24 2813.39 2954.34 3065.62 
-6.27744e+66 -6.27744e+66 -6.27744e+66 -6.27744e+66 -6.27744e+66 -6.27744e+66 -6.27744e+66 62.9905 70.409 81.5367 142.739 150.158 168.704 291.109 291.109 394.967 678.724 697.27 758.472 1070.05 1431.7 1873.1 1984.37 2459.16 2553.74 2687.27 2792.99 
-6.27744e+66 -6.27744e+66 -6.27744e+66 -6.27744e+66 -6.27744e+66 -6.27744e+66 -6.27744e+66 -6.27744e+66 62.9905 68.5544 109.356 114.92 129.757 231.761 231.761 322.637 574.865 591.557 647.195 932.806 1266.64 1676.51 1780.37 2225.47 2314.5 2440.61 2540.76 
-6.27744e+66 -6.27744e+66 -6.27744e+66 -6.27744e+66 -6.27744e+66 -6.27744e+66 -6.27744e+66 -6.27744e+66 -6.27744e+66 62.9905 83.3913 87.1006 98.2283 179.831 179.831 257.725 478.425 493.262 543.337 802.983 1108.99 1487.34 1583.78 1999.21 2082.67 2201.36 2295.95 
-6.27744e+66 -6.27744e+66 -6.27744e+66 -6.27744e+66 -6.27744e+66 -6.27744e+66 -6.27744e+66 -6.27744e+66 -6.27744e+66 -6.27744e+66 62.9905 64.8451 72.2636 133.466 133.466 198.378 387.549 400.531 445.042 678.724 956.916 1303.73 1392.75 1778.51 1856.41 1967.68 2056.7 
-6.27744e+66 -6.27744e+66 -6.27744e+66 -6.27744e+66 -6.27744e+66 -6.27744e+66 -6.27744e+66 -6.27744e+66 -6.27744e+66 -6.27744e+66 -6.27744e+66 62.9905 66.6998 107.501 107.501 159.431 317.073 328.201 367.148 574.865 825.238 1140.52 1222.13 1578.21 1650.54 1754.4 1837.86 
-6.27744e+66 -6.27744e+66 -6.27744e+66 -6.27744e+66 -6.27744e+66 -6.27744e+66 -6.27744e+66 -6.27744e+66 -6.27744e+66 -6.27744e+66 -6.27744e+66 -6.27744e+66 62.9905 83.3913 83.3913 122.338 248.452 257.725 291.109 472.861 695.415 979.172 1053.36 1379.77 1446.54 1542.98 1620.87 
-6.27744e+66 -6.27744e+66 -6.27744e+66 -6.27744e+66 -6.27744e+66 -6.27744e+66 -6.27744e+66 -6.27744e+66 -6.27744e+66 -6.27744e+66 -6.27744e+66 -6.27744e+66 -6.27744e+66 62.9905 62.9905 88.9552 183.541 190.959 218.778 374.566 569.301 821.529 888.295 1185.03 1246.24 1335.26 1407.59 
-6.27744e+66 -6.27744e+66 -6.27744e+66 -6.27744e+66 -6.27744e+66 -6.27744e+66 -6.27744e+66 -6.27744e+66 -6.27744e+66 -6.27744e+66 -6.27744e+66 -6.27744e+66 -6.27744e+66 -6.27744e+66 62.9905 75.9728 139.03 144.594 166.849 296.672 463.588 684.287 743.635 1010.7 1066.34 1147.94 1214.71 
-6.27744e+66 -6.27744e+66 -6.27744e+66 -6.27744e+66 -6.27744e+66 -6.27744e+66 -6.27744e+66 -6.27744e+66 -6.27744e+66 -6.27744e+66 -6.27744e+66 -6.27744e+66 -6.27744e+66 -6.27744e+66 -6.27744e+66 62.9905 94.519 98.2283 114.92 218.778 357.875 547.046 598.975 836.366 886.441 960.626 1021.83 
-6.27744e+66 -6.27744e+66 -6.27744e+66 -6.27744e+66 -6.27744e+66 -6.27744e+66 -6.27744e+66 -6.27744e+66 -6.27744e+66 -6.27744e+66 -6.27744e+66 -6.27744e+66 -6.27744e+66 -6.27744e+66 -6.27744e+66 -6.27744e+66 62.9905 64.8451 75.9728 153.867 265.144 422.786 467.297 675.014 719.525 786.291 841.93 
-6.27744e+66 -6.27744e+66 -6.27744e+66 -6.27744e+66 -6.27744e+66 -6.27744e+66 -6.27744e+66 -6.27744e+66 -6.27744e+66 -6.27744e+66 -6.27744e+66 -6.27744e+66 -6.27744e+66 -6.27744e+66 -6.27744e+66 -6.27744e+66 -6.27744e+66 62.9905 68.5544 120.484 203.941 330.055 367.148 545.191 584.138 643.486 693.561 
-6.27744e+66 -6.27744e+66 -6.27744e+66 -6.27744e+66 -6.27744e+66 -6.27744e+66 -6.27744e+66 -6.27744e+66 -6.27744e+66 -6.27744e+66 -6.27744e+66 -6.27744e+66 -6.27744e+66 -6.27744e+66 -6.27744e+66 -6.27744e+66 -6.27744e+66 -6.27744e+66 62.9905 88.9552 144.594 239.179 268.853 417.223 450.606 502.535 547.046 
-6.27744e+66 -6.27744e+66 -6.27744e+66 -6.27744e+66 -6.27744e+66 -6.27744e+66 -6.27744e+66 -6.27744e+66 -6.27744e+66 -6.27744e+66 -6.27744e+66 -6.27744e+66 -6.27744e+66 -6.27744e+66 -6.27744e+66 -6.27744e+66 -6.27744e+66 -6.27744e+66 -6.27744e+66 62.9905 90.8098 153.867 176.122 294.818 322.637 367.148 406.095 
-6.27744e+66 -6.27744e+66 -6.27744e+66 -6.27744e+66 -6.27744e+66 -6.27744e+66 -6.27744e+66 -6.27744e+66 -6.27744e+66 -6.27744e+66 -6.27744e+66 -6.27744e+66 -6.27744e+66 -6.27744e+66 -6.27744e+66 -6.27744e+66 -6.27744e+66 -6.27744e+66 -6.27744e+66 -6.27744e+66 62.9905 94.519 109.356 198.378 220.633 257.725 291.109 
-6.27744e+66 -6.27744e+66 -6.27744e+66 -6.27744e+66 -6.27744e+66 -6.27744e+66 -6.27744e+66 -6.27744e+66 -6.27744e+66 -6.27744e+66 -6.27744e+66 -6.27744e+66 -6.27744e+66 -6.27744e+66 -6.27744e+66 -6.27744e+66 -6.27744e+66 -6.27744e+66 -6.27744e+66 -6.27744e+66 -6.27744e+66 62.9905 70.409 129.757 146.448 176.122 203.941 
-6.27744e+66 -6.27744e+66 -6.27744e+66 -6.27744e+66 -6.27744e+66 -6.27744e+66 -6.27744e+66 -6.27744e+66 -6.27744e+66 -6.27744e+66 -6.27744e+66 -6.27744e+66 -6.27744e+66 -6.27744e+66 -6.27744e+66 -6.27744e+66 -6.27744e+66 -6.27744e+66 -6.27744e+66 -6.27744e+66 -6.27744e+66 -6.27744e+66 62.9905 92.6644 103.792 126.048 148.303 
-6.27744e+66 -6.27744e+66 -6.27744e+66 -6.27744e+66 -6.27744e+66 -6.27744e+66 -6.27744e+66 -6.27744e+66 -6.27744e+66 -6.27744e+66 -6.27744e+66 -6.27744e+66 -6.27744e+66 -6.27744e+66 -6.27744e+66 -6.27744e+66 -6.27744e+66 -6.27744e+66 -6.27744e+66 -6.27744e+66 -6.27744e+66 -6.27744e+66 -6.27744e+66 62.9905 68.5544 83.3913 100.083 
-6.27744e+66 -6.27744e+66 -6.27744e+66 -6.27744e+66 -6.27744e+66 -6.27744e+66 -6.27744e+66 -6.27744e+66 -6.27744e+66 -6.27744e+66 -6.27744e+66 -6.27744e+66 -6.27744e+66 -6.27744e+66 -6.27744e+66 -6.27744e+66 -6.27744e+66 -6.27744e+66 -6.27744e+66 -6.27744e+66 -6.27744e+66 -6.27744e+66 -6.27744e+66 -6.27744e+66 62.9905 70.409 81.5367 
-6.27744e+66 -6.27744e+66 -6.27744e+66 -6.27744e+66 -6.27744e+66 -6.27744e+66 -6.27744e+66 -6.27744e+66 -6.27744e+66 -6.27744e+66 -6.27744e+66 -6.27744e+66 -6.27744e+66 -6.27744e+66 -6.27744e+66 -6.27744e+66 -6.27744e+66 -6.27744e+66 -6.27744e+66 -6.27744e+66 -6.27744e+66 -6.27744e+66 -6.27744e+66 -6.27744e+66 -6.27744e+66 62.9905 68.5544 
-6.27744e+66 -6.27744e+66 -6.27744e+66 -6.27744e+66 -6.27744e+66 -6.27744e+66 -6.27744e+66 -6.27744e+66 -6.27744e+66 -6.27744e+66 -6.27744e+66 -6.27744e+66 -6.27744e+66 -6.27744e+66 -6.27744e+66 -6.27744e+66 -6.27744e+66 -6.27744e+66 -6.27744e+66 -6.27744e+66 -6.27744e+66 -6.27744e+66 -6.27744e+66 -6.27744e+66 -6.27744e+66 -6.27744e+66 62.9905 
-6.27744e+66 -6.27744e+66 -6.27744e+66 -6.27744e+66 -6.27744e+66 -6.27744e+66 -6.27744e+66 -6.27744e+66 -6.27744e+66 -6.27744e+66 -6.27744e+66 -6.27744e+66 -6.27744e+66 -6.27744e+66 -6.27744e+66 -6.27744e+66 -6.27744e+66 -6.27744e+66 -6.27744e+66 -6.27744e+66 -6.27744e+66 -6.27744e+66 -6.27744e+66 -6.27744e+66 -6.27744e+66 -6.27744e+66 -6.27744e+66 
-6.27744e+66 19.1384 21.7575 21.7575 21.7575 21.7575 100.331 131.76 296.765 527.247 597.963 702.728 1048.45 1394.18 1870.85 2310.87 2310.87 2604.21 3004.93 3193.51 3193.51 3298.27 3958.29 4649.74 5191.9 5317.61 5317.61 
-6.27744e+66 -6.27744e+66 19.1384 19.1384 19.1384 19.1384 81.9973 108.188 249.621 451.293 514.152 608.44 922.734 1239.65 1679.66 2088.24 2088.24 2363.25 2740.4 2918.5 2918.5 3018.03 3646.62 4306.63 4825.22 4945.7 4945.7 
-6.27744e+66 -6.27744e+66 -6.27744e+66 19.1384 19.1384 19.1384 66.2825 87.2355 205.096 377.958 432.959 516.771 799.636 1087.74 1491.08 1868.24 1868.24 2124.91 2478.49 2646.11 2646.11 2740.4 3337.56 3966.15 4461.16 4576.4 4576.4 
-6.27744e+66 -6.27744e+66 -6.27744e+66 -6.27744e+66 19.1384 19.1384 50.5678 66.2825 160.571 304.622 351.766 425.102 676.537 935.83 1302.51 1648.23 1648.23 1886.57 2216.58 2373.73 2373.73 2462.78 3028.5 3625.66 4097.11 4207.11 4207.11 
-6.27744e+66 -6.27744e+66 -6.27744e+66 -6.27744e+66 -6.27744e+66 19.1384 34.8531 45.3296 116.046 231.287 270.574 333.433 553.438 783.921 1113.93 1428.22 1428.22 1648.23 1954.67 2101.34 2101.34 2185.15 2719.45 3285.18 3733.05 3837.81 3837.81 
-6.27744e+66 -6.27744e+66 -6.27744e+66 -6.27744e+66 -6.27744e+66 -6.27744e+66 19.1384 24.3767 71.5208 157.952 189.381 241.763 430.34 632.012 925.353 1208.22 1208.22 1409.89 1692.75 1828.95 1828.95 1907.52 2410.39 2944.69 3368.99 3468.52 3468.52 
-6.27744e+66 -6.27744e+66 -6.27744e+66 -6.27744e+66 -6.27744e+66 -6.27744e+66 -6.27744e+66 19.1384 42.7105 100.331 123.903 165.809 322.956 495.818 752.491 1003.93 1003.93 1187.27 1446.56 1572.28 1572.28 1645.61 2117.05 2619.92 3020.65 3114.94 3114.94 
-6.27744e+66 -6.27744e+66 -6.27744e+66 -6.27744e+66 -6.27744e+66 -6.27744e+66 -6.27744e+66 -6.27744e+66 19.1384 47.9487 63.6634 95.0928 220.811 364.862 584.868 804.874 804.874 969.878 1205.6 1320.84 1320.84 1388.94 1828.95 2300.39 2677.54 2766.59 2766.59 
-6.27744e+66 -6.27744e+66 -6.27744e+66 -6.27744e+66 -6.27744e+66 -6.27744e+66 -6.27744e+66 -6.27744e+66 -6.27744e+66 19.1384 26.9958 47.9487 142.237 257.478 440.816 629.393 629.393 776.064 988.212 1092.98 1092.98 1155.84 1564.42 2004.43 2358.01 2441.82 2441.82 
-6.27744e+66 -6.27744e+66 -6.27744e+66 -6.27744e+66 -6.27744e+66 -6.27744e+66 -6.27744e+66 -6.27744e+66 -6.27744e+66 -6.27744e+66 19.1384 29.6149 92.4737 178.905 325.575 482.722 482.722 611.059 799.636 893.924 893.924 951.544 1328.7 1737.28 2067.29 2145.86 2145.86 
-6.27744e+66 -6.27744e+66 -6.27744e+66 -6.27744e+66 -6.27744e+66 -6.27744e+66 -6.27744e+66 -6.27744e+66 -6.27744e+66 -6.27744e+66 -6.27744e+66 19.1384 50.5678 108.188 218.191 343.909 343.909 453.912 618.916 702.728 702.728 755.111 1100.83 1477.99 1784.42 1857.76 1857.76 
-6.27744e+66 -6.27744e+66 -6.27744e+66 -6.27744e+66 -6.27744e+66 -6.27744e+66 -6.27744e+66 -6.27744e+66 -6.27744e+66 -6.27744e+66 -6.27744e+66 -6.27744e+66 19.1384 47.9487 121.284 215.572 215.572 307.241 448.674 522.009 522.009 569.153 883.447 1229.17 1512.04 1580.13 1580.13 
-6.27744e+66 -6.27744e+66 -6.27744e+66 -6.27744e+66 -6.27744e+66 -6.27744e+66 -6.27744e+66 -6.27744e+66 -6.27744e+66 -6.27744e+66 -6.27744e+66 -6.27744e+66 -6.27744e+66 19.1384 55.8061 118.665 118.665 192 309.861 372.719 372.719 414.625 697.49 1011.78 1271.08 1333.94 1333.94 
-6.27744e+66 -6.27744e+66 -6.27744e+66 -6.27744e+66 -6.27744e+66 -6.27744e+66 -6.27744e+66 -6.27744e+66 -6.27744e+66 -6.27744e+66 -6.27744e+66 -6.27744e+66 -6.27744e+66 -6.27744e+66 19.1384 50.5678 50.5678 105.569 199.858 252.24 252.24 288.908 540.343 823.208 1058.93 1116.55 1116.55 
-6.27744e+66 -6.27744e+66 -6.27744e+66 -6.27744e+66 -6.27744e+66 -6.27744e+66 -6.27744e+66 -6.27744e+66 -6.27744e+66 -6.27744e+66 -6.27744e+66 -6.27744e+66 -6.27744e+66 -6.27744e+66 -6.27744e+66 19.1384 19.1384 55.8061 126.522 168.428 168.428 199.858 419.863 671.299 883.447 935.83 935.83 
-6.27744e+66 -6.27744e+66 -6.27744e+66 -6.27744e+66 -6.27744e+66 -6.27744e+66 -6.27744e+66 -6.27744e+66 -6.27744e+66 -6.27744e+66 -6.27744e+66 -6.27744e+66 -6.27744e+66 -6.27744e+66 -6.27744e+66 -6.27744e+66 19.1384 37.4722 84.6164 116.046 116.046 142.237 330.813 550.819 739.396 786.54 786.54 
-6.27744e+66 -6.27744e+66 -6.27744e+66 -6.27744e+66 -6.27744e+66 -6.27744e+66 -6.27744e+66 -6.27744e+66 -6.27744e+66 -6.27744e+66 -6.27744e+66 -6.27744e+66 -6.27744e+66 -6.27744e+66 -6.27744e+66 -6.27744e+66 -6.27744e+66 19.1384 42.7105 63.6634 63.6634 84.6164 241.763 430.34 595.344 637.25 637.25 
-6.27744e+66 -6.27744e+66 -6.27744e+66 -6.27744e+66 -6.27744e+66 -6.27744e+66 -6.27744e+66 -6.27744e+66 -6.27744e+66 -6.27744e+66 -6.27744e+66 -6.27744e+66 -6.27744e+66 -6.27744e+66 -6.27744e+66 -6.27744e+66 -6.27744e+66 -6.27744e+66 19.1384 29.6149 29.6149 45.3296 171.047 328.194 469.627 506.294 506.294 
-6.27744e+66 -6.27744e+66 -6.27744e+66 -6.27744e+66 -6.27744e+66 -6.27744e+66 -6.27744e+66 -6.27744e+66 -6.27744e+66 -6.27744e+66 -6.27744e+66 -6.27744e+66 -6.27744e+66 -6.27744e+66 -6.27744e+66 -6.27744e+66 -6.27744e+66 -6.27744e+66 -6.27744e+66 19.1384 19.1384 29.6149 123.903 249.621 367.481 398.911 398.911 
-6.27744e+66 -6.27744e+66 -6.27744e+66 -6.27744e+66 -6.27744e+66 -6.27744e+66 -6.27744e+66 -6.27744e+66 -6.27744e+66 -6.27744e+66 -6.27744e+66 -6.27744e+66 -6.27744e+66 -6.27744e+66 -6.27744e+66 -6.27744e+66 -6.27744e+66 -6.27744e+66 -6.27744e+66 -6.27744e+66 19.1384 24.3767 87.2355 181.524 275.812 302.003 302.003 
-6.27744e+66 -6.27744e+66 -6.27744e+66 -6.27744e+66 -6.27744e+66 -6.27744e+66 -6.27744e+66 -6.27744e+66 -6.27744e+66 -6.27744e+66 -6.27744e+66 -6.27744e+66 -6.27744e+66 -6.27744e+66 -6.27744e+66 -6.27744e+66 -6.27744e+66 -6.27744e+66 -6.27744e+66 -6.27744e+66 -6.27744e+66 19.1384 50.5678 113.427 184.143 205.096 205.096 
-6.27744e+66 -6.27744e+66 -6.27744e+66 -6.27744e+66 -6.27744e+66 -6.27744e+66 -6.27744e+66 -6.27744e+66 -6.27744e+66 -6.27744e+66 -6.27744e+66 -6.27744e+66 -6.27744e+66 -6.27744e+66 -6.27744e+66 -6.27744e+66 -6.27744e+66 -6.27744e+66 -6.27744e+66 -6.27744e+66 -6.27744e+66 -6.27744e+66 19.1384 50.5678 97.712 113.427 113.427 
-6.27744e+66 -6.27744e+66 -6.27744e+66 -6.27744e+66 -6.27744e+66 -6.27744e+66 -6.27744e+66 -6.27744e+66 -6.27744e+66 -6.27744e+66 -6.27744e+66 -6.27744e+66 -6.27744e+66 -6.27744e+66 -6.27744e+66 -6.27744e+66 -6.27744e+66 -6.27744e+66 -6.27744e+66 -6.27744e+66 -6.27744e+66 -6.27744e+66 -6.27744e+66 19.1384 42.7105 53.187 53.187 
-6.27744e+66 -6.27744e+66 -6.27744e+66 -6.27744e+66 -6.27744e+66 -6.27744e+66 -6.27744e+66 -6.27744e+66 -6.27744e+66 -6.27744e+66 -6.27744e+66 -6.27744e+66 -6.27744e+66 -6.27744e+66 -6.27744e+66 -6.27744e+66 -6.27744e+66 -6.27744e+66 -6.27744e+66 -6.27744e+66 -6.27744e+66 -6.27744e+66 -6.27744e+66 -6.27744e+66 19.1384 24.3767 24.3767 
-6.27744e+66 -6.27744e+66 -6.27744e+66 -6.27744e+66 -6.27744e+66 -6.27744e+66 -6.27744e+66 -6.27744e+66 -6.27744e+66 -6.27744e+66 -6.27744e+66 -6.27744e+66 -6.27744e+66 -6.27744e+66 -6.27744e+66 -6.27744e+66 -6.27744e+66 -6.27744e+66 -6.27744e+66 -6.27744e+66 -6.27744e+66 -6.27744e+66 -6.27744e+66 -6.27744e+66 -6.27744e+66 19.1384 19.1384 
-6.27744e+66 -6.27744e+66 -6.27744e+66 -6.27744e+66 -6.27744e+66 -6.27744e+66 -6.27744e+66 -6.27744e+66 -6.27744e+66 -6.27744e+66 -6.27744e+66 -6.27744e+66 -6.27744e+66 -6.27744e+66 -6.27744e+66 -6.27744e+66 -6.27744e+66 -6.27744e+66 -6.27744e+66 -6.27744e+66 -6.27744e+66 -6.27744e+66 -6.27744e+66 -6.27744e+66 -6.27744e+66 -6.27744e+66 19.1384 
-6.27744e+66 -6.27744e+66 -6.27744e+66 -6.27744e+66 -6.27744e+66 -6.27744e+66 -6.27744e+66 -6.27744e+66 -6.27744e+66 -6.27744e+66 -6.27744e+66 -6.27744e+66 -6.27744e+66 -6.27744e+66 -6.27744e+66 -6.27744e+66 -6.27744e+66 -6.27744e+66 -6.27744e+66 -6.27744e+66 -6.27744e+66 -6.27744e+66 -6.27744e+66 -6.27744e+66 -6.27744e+66 -6.27744e+66 -6.27744e+66 
-6.27744e+66 3.63934 3.63934 3.63934 20.868 55.3253 84.0397 118.497 259.198 259.198 388.412 388.412 388.412 491.784 939.729 939.729 939.729 985.672 985.672 1140.73 1140.73 1715.02 1956.22 2082.56 2214.65 2490.31 2705.67 
-6.27744e+66 -6.27744e+66 3.63934 3.63934 15.1251 40.9681 63.9396 92.654 213.255 213.255 328.112 328.112 328.112 422.87 836.357 836.357 836.357 879.429 879.429 1025.87 1025.87 1571.45 1801.16 1921.76 2048.11 2312.28 2519.02 
-6.27744e+66 -6.27744e+66 -6.27744e+66 3.63934 9.38223 26.6109 43.8395 66.8111 167.311 167.311 267.812 267.812 267.812 353.955 732.985 732.985 732.985 773.186 773.186 911.015 911.015 1427.87 1646.1 1760.96 1881.56 2134.25 2332.38 
-6.27744e+66 -6.27744e+66 -6.27744e+66 -6.27744e+66 3.63934 12.2537 23.7394 40.9681 121.368 121.368 207.512 207.512 207.512 285.041 629.614 629.614 629.614 666.942 666.942 796.157 796.157 1284.3 1491.05 1600.16 1715.02 1956.22 2145.73 
-6.27744e+66 -6.27744e+66 -6.27744e+66 -6.27744e+66 -6.27744e+66 3.63934 9.38223 20.868 81.1683 81.1683 152.954 152.954 152.954 221.869 531.985 531.985 531.985 566.442 566.442 687.042 687.042 1146.47 1341.73 1445.1 1554.22 1783.93 1964.83 
-6.27744e+66 -6.27744e+66 -6.27744e+66 -6.27744e+66 -6.27744e+66 -6.27744e+66 3.63934 9.38223 49.5824 49.5824 107.011 107.011 107.011 167.311 442.97 442.97 442.97 474.556 474.556 586.542 586.542 1017.26 1201.03 1298.66 1402.03 1620.26 1792.55 
-6.27744e+66 -6.27744e+66 -6.27744e+66 -6.27744e+66 -6.27744e+66 -6.27744e+66 -6.27744e+66 3.63934 23.7394 23.7394 66.8111 66.8111 66.8111 118.497 359.698 359.698 359.698 388.412 388.412 491.784 491.784 893.786 1066.07 1157.96 1255.59 1462.33 1626 
-6.27744e+66 -6.27744e+66 -6.27744e+66 -6.27744e+66 -6.27744e+66 -6.27744e+66 -6.27744e+66 -6.27744e+66 3.63934 3.63934 32.3538 32.3538 32.3538 75.4254 282.169 282.169 282.169 308.012 308.012 402.77 402.77 776.057 936.858 1023 1114.89 1310.15 1465.2 
-6.27744e+66 -6.27744e+66 -6.27744e+66 -6.27744e+66 -6.27744e+66 -6.27744e+66 -6.27744e+66 -6.27744e+66 -6.27744e+66 3.63934 17.9966 17.9966 17.9966 52.4538 224.74 224.74 224.74 247.712 247.712 333.855 333.855 678.428 827.743 908.143 994.287 1178.06 1324.5 
-6.27744e+66 -6.27744e+66 -6.27744e+66 -6.27744e+66 -6.27744e+66 -6.27744e+66 -6.27744e+66 -6.27744e+66 -6.27744e+66 -6.27744e+66 3.63934 3.63934 3.63934 29.4823 167.311 167.311 167.311 187.412 187.412 264.94 264.94 580.799 718.628 793.286 873.686 1045.97 1183.8 
-6.27744e+66 -6.27744e+66 -6.27744e+66 -6.27744e+66 -6.27744e+66 -6.27744e+66 -6.27744e+66 -6.27744e+66 -6.27744e+66 -6.27744e+66 -6.27744e+66 3.63934 3.63934 20.868 124.24 124.24 124.24 141.469 141.469 210.383 210.383 497.527 623.871 692.785 767.443 928.243 1057.46 
-6.27744e+66 -6.27744e+66 -6.27744e+66 -6.27744e+66 -6.27744e+66 -6.27744e+66 -6.27744e+66 -6.27744e+66 -6.27744e+66 -6.27744e+66 -6.27744e+66 -6.27744e+66 3.63934 12.2537 81.1683 81.1683 81.1683 95.5255 95.5255 155.826 155.826 414.255 529.113 592.285 661.199 810.514 931.115 
-6.27744e+66 -6.27744e+66 -6.27744e+66 -6.27744e+66 -6.27744e+66 -6.27744e+66 -6.27744e+66 -6.27744e+66 -6.27744e+66 -6.27744e+66 -6.27744e+66 -6.27744e+66 -6.27744e+66 3.63934 38.0966 38.0966 38.0966 49.5824 49.5824 101.268 101.268 330.984 434.356 491.784 554.956 692.785 804.771 
-6.27744e+66 -6.27744e+66 -6.27744e+66 -6.27744e+66 -6.27744e+66 -6.27744e+66 -6.27744e+66 -6.27744e+66 -6.27744e+66 -6.27744e+66 -6.27744e+66 -6.27744e+66 -6.27744e+66 -6.27744e+66 3.63934 3.63934 3.63934 12.2537 12.2537 55.3253 55.3253 256.326 348.212 399.898 457.327 583.67 687.042 
-6.27744e+66 -6.27744e+66 -6.27744e+66 -6.27744e+66 -6.27744e+66 -6.27744e+66 -6.27744e+66 -6.27744e+66 -6.27744e+66 -6.27744e+66 -6.27744e+66 -6.27744e+66 -6.27744e+66 -6.27744e+66 -6.27744e+66 3.63934 3.63934 9.38223 9.38223 43.8395 43.8395 216.126 296.526 342.469 394.155 509.013 603.771 
-6.27744e+66 -6.27744e+66 -6.27744e+66 -6.27744e+66 -6.27744e+66 -6.27744e+66 -6.27744e+66 -6.27744e+66 -6.27744e+66 -6.27744e+66 -6.27744e+66 -6.27744e+66 -6.27744e+66 -6.27744e+66 -6.27744e+66 -6.27744e+66 3.63934 6.51079 6.51079 32.3538 32.3538 175.926 244.84 285.041 330.984 434.356 520.499 
-6.27744e+66 -6.27744e+66 -6.27744e+66 -6.27744e+66 -6.27744e+66 -6.27744e+66 -6.27744e+66 -6.27744e+66 -6.27744e+66 -6.27744e+66 -6.27744e+66 -6.27744e+66 -6.27744e+66 -6.27744e+66 -6.27744e+66 -6.27744e+66 -6.27744e+66 3.63934 3.63934 20.868 20.868 135.726 193.154 227.612 267.812 359.698 437.227 
-6.27744e+66 -6.27744e+66 -6.27744e+66 -6.27744e+66 -6.27744e+66 -6.27744e+66 -6.27744e+66 -6.27744e+66 -6.27744e+66 -6.27744e+66 -6.27744e+66 -6.27744e+66 -6.27744e+66 -6.27744e+66 -6.27744e+66 -6.27744e+66 -6.27744e+66 -6.27744e+66 3.63934 12.2537 12.2537 98.3969 144.34 173.054 207.512 287.912 356.827 
-6.27744e+66 -6.27744e+66 -6.27744e+66 -6.27744e+66 -6.27744e+66 -6.27744e+66 -6.27744e+66 -6.27744e+66 -6.27744e+66 -6.27744e+66 -6.27744e+66 -6.27744e+66 -6.27744e+66 -6.27744e+66 -6.27744e+66 -6.27744e+66 -6.27744e+66 -6.27744e+66 -6.27744e+66 3.63934 3.63934 61.0682 95.5255 118.497 147.211 216.126 276.426 
-6.27744e+66 -6.27744e+66 -6.27744e+66 -6.27744e+66 -6.27744e+66 -6.27744e+66 -6.27744e+66 -6.27744e+66 -6.27744e+66 -6.27744e+66 -6.27744e+66 -6.27744e+66 -6.27744e+66 -6.27744e+66 -6.27744e+66 -6.27744e+66 -6.27744e+66 -6.27744e+66 -6.27744e+66 -6.27744e+66 3.63934 32.3538 55.3253 72.5539 95.5255 152.954 204.64 
-6.27744e+66 -6.27744e+66 -6.27744e+66 -6.27744e+66 -6.27744e+66 -6.27744e+66 -6.27744e+66 -6.27744e+66 -6.27744e+66 -6.27744e+66 -6.27744e+66 -6.27744e+66 -6.27744e+66 -6.27744e+66 -6.27744e+66 -6.27744e+66 -6.27744e+66 -6.27744e+66 -6.27744e+66 -6.27744e+66 -6.27744e+66 3.63934 15.1251 26.6109 43.8395 89.7826 132.854 
-6.27744e+66 -6.27744e+66 -6.27744e+66 -6.27744e+66 -6.27744e+66 -6.27744e+66 -6.27744e+66 -6.27744e+66 -6.27744e+66 -6.27744e+66 -6.27744e+66 -6.27744e+66 -6.27744e+66 -6.27744e+66 -6.27744e+66 -6.27744e+66 -6.27744e+66 -6.27744e+66 -6.27744e+66 -6.27744e+66 -6.27744e+66 -6.27744e+66 3.63934 9.38223 20.868 55.3253 89.7826 
-6.27744e+66 -6.27744e+66 -6.27744e+66 -6.27744e+66 -6.27744e+66 -6.27744e+66 -6.27744e+66 -6.27744e+66 -6.27744e+66 -6.27744e+66 -6.27744e+66 -6.27744e+66 -6.27744e+66 -6.27744e+66 -6.27744e+66 -6.27744e+66 -6.27744e+66 -6.27744e+66 -6.27744e+66 -6.27744e+66 -6.27744e+66 -6.27744e+66 -6.27744e+66 3.63934 9.38223 32.3538 58.1967 
-6.27744e+66 -6.27744e+66 -6.27744e+66 -6.27744e+66 -6.27744e+66 -6.27744e+66 -6.27744e+66 -6.27744e+66 -6.27744e+66 -6.27744e+66 -6.27744e+66 -6.27744e+66 -6.27744e+66 -6.27744e+66 -6.27744e+66 -6.27744e+66 -6.27744e+66 -6.27744e+66 -6.27744e+66 -6.27744e+66 -6.27744e+66 -6.27744e+66 -6.27744e+66 -6.27744e+66 3.63934 15.1251 32.3538 
-6.27744e+66 -6.27744e+66 -6.27744e+66 -6.27744e+66 -6.27744e+66 -6.27744e+66 -6.27744e+66 -6.27744e+66 -6.27744e+66 -6.27744e+66 -6.27744e+66 -6.27744e+66 -6.27744e+66 -6.27744e+66 -6.27744e+66 -6.27744e+66 -6.27744e+66 -6.27744e+66 -6.27744e+66 -6.27744e+66 -6.27744e+66 -6.27744e+66 -6.27744e+66 -6.27744e+66 -6.27744e+66 3.63934 12.2537 
-6.27744e+66 -6.27744e+66 -6.27744e+66 -6.27744e+66 -6.27744e+66 -6.27744e+66 -6.27744e+66 -6.27744e+66 -6.27744e+66 -6.27744e+66 -6.27744e+66 -6.27744e+66 -6.27744e+66 -6.27744e+66 -6.27744e+66 -6.27744e+66 -6.27744e+66 -6.27744e+66 -6.27744e+66 -6.27744e+66 -6.27744e+66 -6.27744e+66 -6.27744e+66 -6.27744e+66 -6.27744e+66 -6.27744e+66 3.63934 
-6.27744e+66 -6.27744e+66 -6.27744e+66 -6.27744e+66 -6.27744e+66 -6.27744e+66 -6.27744e+66 -6.27744e+66 -6.27744e+66 -6.27744e+66 -6.27744e+66 -6.27744e+66 -6.27744e+66 -6.27744e+66 -6.27744e+66 -6.27744e+66 -6.27744e+66 -6.27744e+66 -6.27744e+66 -6.27744e+66 -6.27744e+66 -6.27744e+66 -6.27744e+66 -6.27744e+66 -6.27744e+66 -6.27744e+66 -6.27744e+66 
-6.27744e+66 108.521 114.072 136.275 194.558 283.37 297.247 563.684 641.395 685.801 1010.52 1204.8 1204.8 1637.76 2106.8 2417.64 2750.69 2928.31 3352.95 3452.86 3716.52 4216.09 4915.49 5159.72 5542.73 6608.47 7302.32 
-6.27744e+66 -6.27744e+66 108.521 119.622 158.478 225.087 236.189 458.219 524.829 563.684 852.324 1027.17 1027.17 1424.05 1857.01 2145.65 2456.5 2623.02 3022.68 3117.04 3366.82 3841.41 4507.51 4740.64 5106.99 6128.33 6794.42 
-6.27744e+66 -6.27744e+66 -6.27744e+66 108.521 127.948 172.355 180.681 358.305 413.813 447.118 699.678 855.099 855.099 1215.9 1612.78 1879.22 2167.86 2323.28 2697.96 2786.77 3022.68 3472.29 4105.08 4327.11 4676.81 5653.74 6292.08 
-6.27744e+66 -6.27744e+66 -6.27744e+66 -6.27744e+66 108.521 130.724 136.275 269.493 313.899 341.653 558.133 694.127 694.127 1018.85 1379.65 1623.88 1890.32 2034.64 2384.34 2467.6 2689.63 3114.26 3713.75 3924.68 4257.72 5190.25 5800.84 
-6.27744e+66 -6.27744e+66 -6.27744e+66 -6.27744e+66 -6.27744e+66 108.521 111.296 200.108 233.413 255.616 436.016 552.582 552.582 841.223 1165.94 1387.97 1632.21 1765.43 2090.15 2167.86 2376.01 2775.67 3341.84 3541.67 3858.07 4746.19 5329.02 
-6.27744e+66 -6.27744e+66 -6.27744e+66 -6.27744e+66 -6.27744e+66 -6.27744e+66 108.521 152.927 175.13 191.782 336.102 433.241 433.241 685.801 974.441 1174.27 1396.3 1518.42 1818.16 1890.32 2084.6 2459.27 2992.15 3180.87 3480.61 4324.33 4879.41 
-6.27744e+66 -6.27744e+66 -6.27744e+66 -6.27744e+66 -6.27744e+66 -6.27744e+66 -6.27744e+66 108.521 119.622 130.724 238.964 316.675 316.675 533.155 785.715 963.339 1163.17 1274.18 1548.95 1615.56 1795.96 2145.65 2645.22 2822.85 3105.94 3905.25 4432.57 
-6.27744e+66 -6.27744e+66 -6.27744e+66 -6.27744e+66 -6.27744e+66 -6.27744e+66 -6.27744e+66 -6.27744e+66 108.521 114.072 186.232 244.515 244.515 424.915 641.395 796.816 974.441 1074.35 1324.14 1385.2 1551.72 1876.44 2342.71 2509.23 2775.67 3530.57 4030.14 
-6.27744e+66 -6.27744e+66 -6.27744e+66 -6.27744e+66 -6.27744e+66 -6.27744e+66 -6.27744e+66 -6.27744e+66 -6.27744e+66 108.521 144.601 183.456 183.456 327.776 508.176 641.395 796.816 885.629 1110.43 1165.94 1318.59 1618.33 2051.29 2206.71 2456.5 3167 3638.81 
-6.27744e+66 -6.27744e+66 -6.27744e+66 -6.27744e+66 -6.27744e+66 -6.27744e+66 -6.27744e+66 -6.27744e+66 -6.27744e+66 -6.27744e+66 108.521 127.948 127.948 236.189 380.509 491.524 624.742 702.453 902.281 952.238 1091.01 1365.77 1765.43 1909.75 2142.88 2808.97 3253.03 
-6.27744e+66 -6.27744e+66 -6.27744e+66 -6.27744e+66 -6.27744e+66 -6.27744e+66 -6.27744e+66 -6.27744e+66 -6.27744e+66 -6.27744e+66 -6.27744e+66 108.521 108.521 180.681 288.921 377.733 488.749 555.358 730.207 774.613 899.506 1149.29 1515.64 1648.86 1865.34 2487.03 2903.33 
-6.27744e+66 -6.27744e+66 -6.27744e+66 -6.27744e+66 -6.27744e+66 -6.27744e+66 -6.27744e+66 -6.27744e+66 -6.27744e+66 -6.27744e+66 -6.27744e+66 -6.27744e+66 108.521 144.601 216.761 283.37 372.182 427.69 577.561 616.416 727.432 952.238 1285.28 1407.4 1607.23 2184.51 2573.06 
-6.27744e+66 -6.27744e+66 -6.27744e+66 -6.27744e+66 -6.27744e+66 -6.27744e+66 -6.27744e+66 -6.27744e+66 -6.27744e+66 -6.27744e+66 -6.27744e+66 -6.27744e+66 -6.27744e+66 108.521 144.601 189.007 255.616 300.022 424.915 458.219 555.358 755.186 1054.93 1165.94 1349.12 1881.99 2242.79 
-6.27744e+66 -6.27744e+66 -6.27744e+66 -6.27744e+66 -6.27744e+66 -6.27744e+66 -6.27744e+66 -6.27744e+66 -6.27744e+66 -6.27744e+66 -6.27744e+66 -6.27744e+66 -6.27744e+66 -6.27744e+66 108.521 130.724 175.13 208.435 308.349 336.102 419.364 594.213 860.65 960.564 1127.09 1615.56 1948.6 
-6.27744e+66 -6.27744e+66 -6.27744e+66 -6.27744e+66 -6.27744e+66 -6.27744e+66 -6.27744e+66 -6.27744e+66 -6.27744e+66 -6.27744e+66 -6.27744e+66 -6.27744e+66 -6.27744e+66 -6.27744e+66 -6.27744e+66 108.521 130.724 152.927 227.862 250.065 319.45 469.321 702.453 791.266 941.136 1385.2 1690.49 
-6.27744e+66 -6.27744e+66 -6.27744e+66 -6.27744e+66 -6.27744e+66 -6.27744e+66 -6.27744e+66 -6.27744e+66 -6.27744e+66 -6.27744e+66 -6.27744e+66 -6.27744e+66 -6.27744e+66 -6.27744e+66 -6.27744e+66 -6.27744e+66 108.521 119.622 169.579 186.232 241.739 366.632 566.459 644.17 777.389 1177.04 1454.58 
-6.27744e+66 -6.27744e+66 -6.27744e+66 -6.27744e+66 -6.27744e+66 -6.27744e+66 -6.27744e+66 -6.27744e+66 -6.27744e+66 -6.27744e+66 -6.27744e+66 -6.27744e+66 -6.27744e+66 -6.27744e+66 -6.27744e+66 -6.27744e+66 -6.27744e+66 108.521 133.499 144.601 186.232 286.145 452.669 519.278 635.844 991.093 1240.88 
-6.27744e+66 -6.27744e+66 -6.27744e+66 -6.27744e+66 -6.27744e+66 -6.27744e+66 -6.27744e+66 -6.27744e+66 -6.27744e+66 -6.27744e+66 -6.27744e+66 -6.27744e+66 -6.27744e+66 -6.27744e+66 -6.27744e+66 -6.27744e+66 -6.27744e+66 -6.27744e+66 108.521 114.072 141.825 216.761 349.979 405.487 505.401 816.244 1038.27 
-6.27744e+66 -6.27744e+66 -6.27744e+66 -6.27744e+66 -6.27744e+66 -6.27744e+66 -6.27744e+66 -6.27744e+66 -6.27744e+66 -6.27744e+66 -6.27744e+66 -6.27744e+66 -6.27744e+66 -6.27744e+66 -6.27744e+66 -6.27744e+66 -6.27744e+66 -6.27744e+66 -6.27744e+66 108.521 122.398 172.355 272.269 316.675 399.936 666.373 860.65 
-6.27744e+66 -6.27744e+66 -6.27744e+66 -6.27744e+66 -6.27744e+66 -6.27744e+66 -6.27744e+66 -6.27744e+66 -6.27744e+66 -6.27744e+66 -6.27744e+66 -6.27744e+66 -6.27744e+66 -6.27744e+66 -6.27744e+66 -6.27744e+66 -6.27744e+66 -6.27744e+66 -6.27744e+66 -6.27744e+66 108.521 133.499 200.108 233.413 300.022 522.053 688.576 
-6.27744e+66 -6.27744e+66 -6.27744e+66 -6.27744e+66 -6.27744e+66 -6.27744e+66 -6.27744e+66 -6.27744e+66 -6.27744e+66 -6.27744e+66 -6.27744e+66 -6.27744e+66 -6.27744e+66 -6.27744e+66 -6.27744e+66 -6.27744e+66 -6.27744e+66 -6.27744e+66 -6.27744e+66 -6.27744e+66 -6.27744e+66 108.521 141.825 164.028 213.985 391.61 530.379 
-6.27744e+66 -6.27744e+66 -6.27744e+66 -6.27744e+66 -6.27744e+66 -6.27744e+66 -6.27744e+66 -6.27744e+66 -6.27744e+66 -6.27744e+66 -6.27744e+66 -6.27744e+66 -6.27744e+66 -6.27744e+66 -6.27744e+66 -6.27744e+66 -6.27744e+66 -6.27744e+66 -6.27744e+66 -6.27744e+66 -6.27744e+66 -6.27744e+66 108.521 119.622 152.927 286.145 397.161 
-6.27744e+66 -6.27744e+66 -6.27744e+66 -6.27744e+66 -6.27744e+66 -6.27744e+66 -6.27744e+66 -6.27744e+66 -6.27744e+66 -6.27744e+66 -6.27744e+66 -6.27744e+66 -6.27744e+66 -6.27744e+66 -6.27744e+66 -6.27744e+66 -6.27744e+66 -6.27744e+66 -6.27744e+66 -6.27744e+66 -6.27744e+66 -6.27744e+66 -6.27744e+66 108.521 125.173 213.985 297.247 
-6.27744e+66 -6.27744e+66 -6.27744e+66 -6.27744e+66 -6.27744e+66 -6.27744e+66 -6.27744e+66 -6.27744e+66 -6.27744e+66 -6.27744e+66 -6.27744e+66 -6.27744e+66 -6.27744e+66 -6.27744e+66 -6.27744e+66 -6.27744e+66 -6.27744e+66 -6.27744e+66 -6.27744e+66 -6.27744e+66 -6.27744e+66 -6.27744e+66 -6.27744e+66 -6.27744e+66 108.521 152.927 208.435 
-6.27744e+66 -6.27744e+66 -6.27744e+66 -6.27744e+66 -6.27744e+66 -6.27744e+66 -6.27744e+66 -6.27744e+66 -6.27744e+66 -6.27744e+66 -6.27744e+66 -6.27744e+66 -6.27744e+66 -6.27744e+66 -6.27744e+66 -6.27744e+66 -6.27744e+66 -6.27744e+66 -6.27744e+66 -6.27744e+66 -6.27744e+66 -6.27744e+66 -6.27744e+66 -6.27744e+66 -6.27744e+66 108.521 136.275 
-6.27744e+66 -6.27744e+66 -6.27744e+66 -6.27744e+66 -6.27744e+66 -6.27744e+66 -6.27744e+66 -6.27744e+66 -6.27744e+66 -6.27744e+66 -6.27744e+66 -6.27744e+66 -6.27744e+66 -6.27744e+66 -6.27744e+66 -6.27744e+66 -6.27744e+66 -6.27744e+66 -6.27744e+66 -6.27744e+66 -6.27744e+66 -6.27744e+66 -6.27744e+66 -6.27744e+66 -6.27744e+66 -6.27744e+66 108.521 
-6.27744e+66 -6.27744e+66 -6.27744e+66 -6.27744e+66 -6.27744e+66 -6.27744e+66 -6.27744e+66 -6.27744e+66 -6.27744e+66 -6.27744e+66 -6.27744e+66 -6.27744e+66 -6.27744e+66 -6.27744e+66 -6.27744e+66 -6.27744e+66 -6.27744e+66 -6.27744e+66 -6.27744e+66 -6.27744e+66 -6.27744e+66 -6.27744e+66 -6.27744e+66 -6.27744e+66 -6.27744e+66 -6.27744e+66 -6.27744e+66 
-6.27744e+66 0.331942 6.76592 24.4593 29.2848 35.7188 92.0161 188.526 205.415 250.453 250.453 282.623 309.163 347.767 577.781 825.489 958.19 971.058 1053.09 1096.52 1264.61 1377.2 1512.32 1883.88 1976.37 2207.99 2750.86 
-6.27744e+66 -6.27744e+66 0.331942 9.17866 12.3956 17.2211 62.2589 142.684 157.16 196.568 196.568 225.521 249.648 285.035 497.356 727.371 851.225 863.289 940.496 981.513 1140.75 1247.72 1376.4 1731.07 1819.54 2041.51 2562.66 
-6.27744e+66 -6.27744e+66 -6.27744e+66 0.331942 1.94044 5.15742 38.9358 103.276 115.339 149.118 149.118 174.853 196.568 228.738 423.366 635.687 750.694 761.954 834.336 872.94 1023.33 1124.67 1246.91 1584.7 1669.14 1881.47 2380.9 
-6.27744e+66 -6.27744e+66 -6.27744e+66 -6.27744e+66 0.331942 1.94044 24.4593 72.7142 82.3651 110.514 110.514 133.033 152.335 181.287 358.222 552.849 659.01 669.465 737.022 773.213 914.761 1010.47 1126.28 1447.17 1527.6 1730.27 2207.99 
-6.27744e+66 -6.27744e+66 -6.27744e+66 -6.27744e+66 -6.27744e+66 0.331942 11.5914 43.7613 50.9995 73.5184 73.5184 92.8203 109.71 135.445 294.686 471.621 568.934 578.585 641.317 675.095 807.796 897.871 1007.25 1311.25 1387.66 1580.68 2036.68 
-6.27744e+66 -6.27744e+66 -6.27744e+66 -6.27744e+66 -6.27744e+66 -6.27744e+66 0.331942 16.4169 21.2424 38.1315 38.1315 54.2165 68.6929 91.2118 232.759 392 480.467 489.314 547.22 578.585 702.439 786.885 889.829 1176.94 1249.33 1432.7 1866.99 
-6.27744e+66 -6.27744e+66 -6.27744e+66 -6.27744e+66 -6.27744e+66 -6.27744e+66 -6.27744e+66 0.331942 2.74468 14.0041 14.0041 26.8721 38.9358 58.2377 182.092 323.639 403.26 411.302 464.382 493.335 608.342 687.159 783.668 1053.9 1122.26 1295.97 1708.55 
-6.27744e+66 -6.27744e+66 -6.27744e+66 -6.27744e+66 -6.27744e+66 -6.27744e+66 -6.27744e+66 -6.27744e+66 0.331942 5.96167 5.96167 15.6126 25.2636 41.3485 147.509 271.363 342.137 349.375 397.63 424.17 530.331 603.517 693.593 946.93 1011.27 1175.34 1566.2 
-6.27744e+66 -6.27744e+66 -6.27744e+66 -6.27744e+66 -6.27744e+66 -6.27744e+66 -6.27744e+66 -6.27744e+66 -6.27744e+66 0.331942 0.331942 6.76592 14.0041 26.8721 115.339 221.5 283.427 289.861 333.29 357.418 454.731 522.288 605.93 842.378 902.697 1057.11 1426.26 
-6.27744e+66 -6.27744e+66 -6.27744e+66 -6.27744e+66 -6.27744e+66 -6.27744e+66 -6.27744e+66 -6.27744e+66 -6.27744e+66 -6.27744e+66 0.331942 3.54893 8.37441 18.0254 88.7991 177.266 230.347 235.976 274.58 296.295 384.762 446.689 523.897 743.456 799.753 944.518 1291.95 
-6.27744e+66 -6.27744e+66 -6.27744e+66 -6.27744e+66 -6.27744e+66 -6.27744e+66 -6.27744e+66 -6.27744e+66 -6.27744e+66 -6.27744e+66 -6.27744e+66 0.331942 2.74468 9.17866 62.2589 133.033 177.266 182.092 215.87 235.172 314.792 371.09 441.863 644.534 696.81 831.923 1157.64 
-6.27744e+66 -6.27744e+66 -6.27744e+66 -6.27744e+66 -6.27744e+66 -6.27744e+66 -6.27744e+66 -6.27744e+66 -6.27744e+66 -6.27744e+66 -6.27744e+66 -6.27744e+66 0.331942 3.54893 38.9358 92.0161 127.403 131.424 160.377 177.266 248.04 298.707 363.047 548.828 597.083 722.546 1026.55 
-6.27744e+66 -6.27744e+66 -6.27744e+66 -6.27744e+66 -6.27744e+66 -6.27744e+66 -6.27744e+66 -6.27744e+66 -6.27744e+66 -6.27744e+66 -6.27744e+66 -6.27744e+66 -6.27744e+66 0.331942 18.0254 53.4122 79.9524 83.1694 107.297 121.773 183.7 228.738 286.644 455.536 499.769 615.581 897.871 
-6.27744e+66 -6.27744e+66 -6.27744e+66 -6.27744e+66 -6.27744e+66 -6.27744e+66 -6.27744e+66 -6.27744e+66 -6.27744e+66 -6.27744e+66 -6.27744e+66 -6.27744e+66 -6.27744e+66 -6.27744e+66 0.331942 18.0254 35.7188 38.1315 57.4335 69.4972 122.577 161.986 213.457 365.46 405.672 511.833 772.409 
-6.27744e+66 -6.27744e+66 -6.27744e+66 -6.27744e+66 -6.27744e+66 -6.27744e+66 -6.27744e+66 -6.27744e+66 -6.27744e+66 -6.27744e+66 -6.27744e+66 -6.27744e+66 -6.27744e+66 -6.27744e+66 -6.27744e+66 0.331942 9.17866 10.7871 25.2636 34.9146 79.1481 112.926 157.964 293.078 329.269 425.778 664.64 
-6.27744e+66 -6.27744e+66 -6.27744e+66 -6.27744e+66 -6.27744e+66 -6.27744e+66 -6.27744e+66 -6.27744e+66 -6.27744e+66 -6.27744e+66 -6.27744e+66 -6.27744e+66 -6.27744e+66 -6.27744e+66 -6.27744e+66 -6.27744e+66 0.331942 1.13619 10.7871 18.0254 53.4122 81.5609 120.165 238.389 270.559 357.418 574.564 
-6.27744e+66 -6.27744e+66 -6.27744e+66 -6.27744e+66 -6.27744e+66 -6.27744e+66 -6.27744e+66 -6.27744e+66 -6.27744e+66 -6.27744e+66 -6.27744e+66 -6.27744e+66 -6.27744e+66 -6.27744e+66 -6.27744e+66 -6.27744e+66 -6.27744e+66 0.331942 5.15742 9.9829 36.523 59.042 91.2118 192.547 220.696 297.903 493.335 
-6.27744e+66 -6.27744e+66 -6.27744e+66 -6.27744e+66 -6.27744e+66 -6.27744e+66 -6.27744e+66 -6.27744e+66 -6.27744e+66 -6.27744e+66 -6.27744e+66 -6.27744e+66 -6.27744e+66 -6.27744e+66 -6.27744e+66 -6.27744e+66 -6.27744e+66 -6.27744e+66 0.331942 2.74468 20.4381 37.3273 63.0632 147.509 171.637 239.193 412.911 
-6.27744e+66 -6.27744e+66 -6.27744e+66 -6.27744e+66 -6.27744e+66 -6.27744e+66 -6.27744e+66 -6.27744e+66 -6.27744e+66 -6.27744e+66 -6.27744e+66 -6.27744e+66 -6.27744e+66 -6.27744e+66 -6.27744e+66 -6.27744e+66 -6.27744e+66 -6.27744e+66 -6.27744e+66 0.331942 9.17866 20.4381 39.74 107.297 127.403 185.309 337.311 
-6.27744e+66 -6.27744e+66 -6.27744e+66 -6.27744e+66 -6.27744e+66 -6.27744e+66 -6.27744e+66 -6.27744e+66 -6.27744e+66 -6.27744e+66 -6.27744e+66 -6.27744e+66 -6.27744e+66 -6.27744e+66 -6.27744e+66 -6.27744e+66 -6.27744e+66 -6.27744e+66 -6.27744e+66 -6.27744e+66 0.331942 5.96167 18.8296 69.4972 85.5821 133.837 264.125 
-6.27744e+66 -6.27744e+66 -6.27744e+66 -6.27744e+66 -6.27744e+66 -6.27744e+66 -6.27744e+66 -6.27744e+66 -6.27744e+66 -6.27744e+66 -6.27744e+66 -6.27744e+66 -6.27744e+66 -6.27744e+66 -6.27744e+66 -6.27744e+66 -6.27744e+66 -6.27744e+66 -6.27744e+66 -6.27744e+66 -6.27744e+66 0.331942 6.76592 40.5443 52.608 91.2118 199.785 
-6.27744e+66 -6.27744e+66 -6.27744e+66 -6.27744e+66 -6.27744e+66 -6.27744e+66 -6.27744e+66 -6.27744e+66 -6.27744e+66 -6.27744e+66 -6.27744e+66 -6.27744e+66 -6.27744e+66 -6.27744e+66 -6.27744e+66 -6.27744e+66 -6.27744e+66 -6.27744e+66 -6.27744e+66 -6.27744e+66 -6.27744e+66 -6.27744e+66 0.331942 17.2211 25.2636 54.2165 141.075 
-6.27744e+66 -6.27744e+66 -6.27744e+66 -6.27744e+66 -6.27744e+66 -6.27744e+66 -6.27744e+66 -6.27744e+66 -6.27744e+66 -6.27744e+66 -6.27744e+66 -6.27744e+66 -6.27744e+66 -6.27744e+66 -6.27744e+66 -6.27744e+66 -6.27744e+66 -6.27744e+66 -6.27744e+66 -6.27744e+66 -6.27744e+66 -6.27744e+66 -6.27744e+66 0.331942 4.35318 23.6551 88.7991 
-6.27744e+66 -6.27744e+66 -6.27744e+66 -6.27744e+66 -6.27744e+66 -6.27744e+66 -6.27744e+66 -6.27744e+66 -6.27744e+66 -6.27744e+66 -6.27744e+66 -6.27744e+66 -6.27744e+66 -6.27744e+66 -6.27744e+66 -6.27744e+66 -6.27744e+66 -6.27744e+66 -6.27744e+66 -6.27744e+66 -6.27744e+66 -6.27744e+66 -6.27744e+66 -6.27744e+66 0.331942 9.9829 53.4122 
-6.27744e+66 -6.27744e+66 -6.27744e+66 -6.27744e+66 -6.27744e+66 -6.27744e+66 -6.27744e+66 -6.27744e+66 -6.27744e+66 -6.27744e+66 -6.27744e+66 -6.27744e+66 -6.27744e+66 -6.27744e+66 -6.27744e+66 -6.27744e+66 -6.27744e+66 -6.27744e+66 -6.27744e+66 -6.27744e+66 -6.27744e+66 -6.27744e+66 -6.27744e+66 -6.27744e+66 -6.27744e+66 0.331942 22.0466 
-6.27744e+66 -6.27744e+66 -6.27744e+66 -6.27744e+66 -6.27744e+66 -6.27744e+66 -6.27744e+66 -6.27744e+66 -6.27744e+66 -6.27744e+66 -6.27744e+66 -6.27744e+66 -6.27744e+66 -6.27744e+66 -6.27744e+66 -6.27744e+66 -6.27744e+66 -6.27744e+66 -6.27744e+66 -6.27744e+66 -6.27744e+66 -6.27744e+66 -6.27744e+66 -6.27744e+66 -6.27744e+66 -6.27744e+66 0.331942 
-6.27744e+66 -6.27744e+66 -6.27744e+66 -6.27744e+66 -6.27744e+66 -6.27744e+66 -6.27744e+66 -6.27744e+66 -6.27744e+66 -6.27744e+66 -6.27744e+66 -6.27744e+66 -6.27744e+66 -6.27744e+66 -6.27744e+66 -6.27744e+66 -6.27744e+66 -6.27744e+66 -6.27744e+66 -6.27744e+66 -6.27744e+66 -6.27744e+66 -6.27744e+66 -6.27744e+66 -6.27744e+66 -6.27744e+66 -6.27744e+66 
-6.27744e+66 114.662 114.662 173.163 284.848 359.304 412.486 444.396 649.15 798.062 1276.71 1303.3 1566.56 1789.92 1789.92 2199.43 2358.98 2614.26 2614.26 3092.9 3598.14 4395.89 4675.1 5318.61 5991.37 6310.47 6376.95 
-6.27744e+66 -6.27744e+66 114.662 143.913 218.369 274.211 316.757 343.349 518.852 649.15 1074.61 1098.55 1337.87 1542.62 1542.62 1922.88 2071.79 2311.12 2311.12 2763.17 3241.82 3999.67 4265.59 4879.85 5523.36 5829.16 5892.98 
-6.27744e+66 -6.27744e+66 -6.27744e+66 114.662 151.89 189.118 221.028 242.301 388.554 500.238 872.518 893.792 1109.18 1295.32 1295.32 1646.33 1784.61 2007.97 2007.97 2433.44 2885.49 3603.46 3856.08 4441.09 5055.35 5347.86 5409.02 
-6.27744e+66 -6.27744e+66 -6.27744e+66 -6.27744e+66 114.662 133.276 154.549 170.504 287.507 380.577 699.674 718.288 909.746 1077.27 1077.27 1399.03 1526.67 1734.08 1734.08 2132.95 2558.42 3236.5 3475.82 4031.58 4616.59 4895.8 4954.31 
-6.27744e+66 -6.27744e+66 -6.27744e+66 -6.27744e+66 -6.27744e+66 114.662 125.299 135.935 223.687 298.143 564.058 580.013 747.539 896.451 896.451 1188.96 1305.96 1497.42 1497.42 1869.7 2268.57 2906.76 3132.79 3659.3 4215.06 4480.98 4536.82 
-6.27744e+66 -6.27744e+66 -6.27744e+66 -6.27744e+66 -6.27744e+66 -6.27744e+66 114.662 119.981 178.482 234.324 447.055 460.351 603.945 734.243 734.243 997.498 1103.86 1279.37 1279.37 1625.06 1997.34 2595.64 2808.38 3305.64 3832.15 4084.77 4137.95 
-6.27744e+66 -6.27744e+66 -6.27744e+66 -6.27744e+66 -6.27744e+66 -6.27744e+66 -6.27744e+66 114.662 143.913 181.141 340.69 351.326 470.988 582.672 582.672 816.676 912.406 1071.95 1071.95 1391.05 1736.74 2295.16 2494.6 2962.61 3459.87 3699.19 3749.71 
-6.27744e+66 -6.27744e+66 -6.27744e+66 -6.27744e+66 -6.27744e+66 -6.27744e+66 -6.27744e+66 -6.27744e+66 114.662 133.276 239.642 247.619 343.349 436.419 436.419 641.173 726.266 869.859 869.859 1162.37 1481.46 2000 2186.14 2624.89 3092.9 3318.93 3366.8 
-6.27744e+66 -6.27744e+66 -6.27744e+66 -6.27744e+66 -6.27744e+66 -6.27744e+66 -6.27744e+66 -6.27744e+66 -6.27744e+66 114.662 167.845 173.163 244.96 319.416 319.416 494.92 569.376 697.015 697.015 962.929 1255.44 1734.08 1906.93 2316.43 2755.19 2967.92 3013.13 
-6.27744e+66 -6.27744e+66 -6.27744e+66 -6.27744e+66 -6.27744e+66 -6.27744e+66 -6.27744e+66 -6.27744e+66 -6.27744e+66 -6.27744e+66 114.662 117.321 165.186 221.028 221.028 367.281 431.1 542.785 542.785 782.108 1048.02 1486.78 1646.33 2026.59 2436.1 2635.53 2678.08 
-6.27744e+66 -6.27744e+66 -6.27744e+66 -6.27744e+66 -6.27744e+66 -6.27744e+66 -6.27744e+66 -6.27744e+66 -6.27744e+66 -6.27744e+66 -6.27744e+66 114.662 138.595 175.823 175.823 292.825 346.008 441.737 441.737 654.469 893.792 1292.66 1438.92 1789.92 2170.18 2356.32 2396.21 
-6.27744e+66 -6.27744e+66 -6.27744e+66 -6.27744e+66 -6.27744e+66 -6.27744e+66 -6.27744e+66 -6.27744e+66 -6.27744e+66 -6.27744e+66 -6.27744e+66 -6.27744e+66 114.662 133.276 133.276 221.028 263.574 343.349 343.349 529.489 742.22 1101.2 1234.16 1555.92 1906.93 2079.77 2117 
-6.27744e+66 -6.27744e+66 -6.27744e+66 -6.27744e+66 -6.27744e+66 -6.27744e+66 -6.27744e+66 -6.27744e+66 -6.27744e+66 -6.27744e+66 -6.27744e+66 -6.27744e+66 -6.27744e+66 114.662 114.662 173.163 205.073 268.893 268.893 428.441 614.581 933.679 1053.34 1345.85 1667.6 1827.15 1861.72 
-6.27744e+66 -6.27744e+66 -6.27744e+66 -6.27744e+66 -6.27744e+66 -6.27744e+66 -6.27744e+66 -6.27744e+66 -6.27744e+66 -6.27744e+66 -6.27744e+66 -6.27744e+66 -6.27744e+66 -6.27744e+66 114.662 143.913 165.186 213.051 213.051 346.008 505.557 784.767 891.132 1154.39 1446.89 1593.15 1625.06 
-6.27744e+66 -6.27744e+66 -6.27744e+66 -6.27744e+66 -6.27744e+66 -6.27744e+66 -6.27744e+66 -6.27744e+66 -6.27744e+66 -6.27744e+66 -6.27744e+66 -6.27744e+66 -6.27744e+66 -6.27744e+66 -6.27744e+66 114.662 125.299 157.209 157.209 263.574 396.532 635.855 728.925 962.929 1226.18 1359.14 1388.39 
-6.27744e+66 -6.27744e+66 -6.27744e+66 -6.27744e+66 -6.27744e+66 -6.27744e+66 -6.27744e+66 -6.27744e+66 -6.27744e+66 -6.27744e+66 -6.27744e+66 -6.27744e+66 -6.27744e+66 -6.27744e+66 -6.27744e+66 -6.27744e+66 114.662 130.617 130.617 210.391 316.757 516.193 595.967 800.722 1034.73 1154.39 1180.98 
-6.27744e+66 -6.27744e+66 -6.27744e+66 -6.27744e+66 -6.27744e+66 -6.27744e+66 -6.27744e+66 -6.27744e+66 -6.27744e+66 -6.27744e+66 -6.27744e+66 -6.27744e+66 -6.27744e+66 -6.27744e+66 -6.27744e+66 -6.27744e+66 -6.27744e+66 114.662 114.662 167.845 247.619 407.168 473.647 649.15 853.904 960.27 984.203 
-6.27744e+66 -6.27744e+66 -6.27744e+66 -6.27744e+66 -6.27744e+66 -6.27744e+66 -6.27744e+66 -6.27744e+66 -6.27744e+66 -6.27744e+66 -6.27744e+66 -6.27744e+66 -6.27744e+66 -6.27744e+66 -6.27744e+66 -6.27744e+66 -6.27744e+66 -6.27744e+66 114.662 141.254 194.437 314.098 367.281 513.534 689.037 782.108 803.381 
-6.27744e+66 -6.27744e+66 -6.27744e+66 -6.27744e+66 -6.27744e+66 -6.27744e+66 -6.27744e+66 -6.27744e+66 -6.27744e+66 -6.27744e+66 -6.27744e+66 -6.27744e+66 -6.27744e+66 -6.27744e+66 -6.27744e+66 -6.27744e+66 -6.27744e+66 -6.27744e+66 -6.27744e+66 114.662 141.254 221.028 260.915 377.918 524.171 603.945 622.559 
-6.27744e+66 -6.27744e+66 -6.27744e+66 -6.27744e+66 -6.27744e+66 -6.27744e+66 -6.27744e+66 -6.27744e+66 -6.27744e+66 -6.27744e+66 -6.27744e+66 -6.27744e+66 -6.27744e+66 -6.27744e+66 -6.27744e+66 -6.27744e+66 -6.27744e+66 -6.27744e+66 -6.27744e+66 -6.27744e+66 114.662 154.549 181.141 268.893 385.895 452.374 468.328 
-6.27744e+66 -6.27744e+66 -6.27744e+66 -6.27744e+66 -6.27744e+66 -6.27744e+66 -6.27744e+66 -6.27744e+66 -6.27744e+66 -6.27744e+66 -6.27744e+66 -6.27744e+66 -6.27744e+66 -6.27744e+66 -6.27744e+66 -6.27744e+66 -6.27744e+66 -6.27744e+66 -6.27744e+66 -6.27744e+66 -6.27744e+66 114.662 127.958 186.459 274.211 327.394 340.69 
-6.27744e+66 -6.27744e+66 -6.27744e+66 -6.27744e+66 -6.27744e+66 -6.27744e+66 -6.27744e+66 -6.27744e+66 -6.27744e+66 -6.27744e+66 -6.27744e+66 -6.27744e+66 -6.27744e+66 -6.27744e+66 -6.27744e+66 -6.27744e+66 -6.27744e+66 -6.27744e+66 -6.27744e+66 -6.27744e+66 -6.27744e+66 -6.27744e+66 114.662 143.913 202.414 242.301 252.938 
-6.27744e+66 -6.27744e+66 -6.27744e+66 -6.27744e+66 -6.27744e+66 -6.27744e+66 -6.27744e+66 -6.27744e+66 -6.27744e+66 -6.27744e+66 -6.27744e+66 -6.27744e+66 -6.27744e+66 -6.27744e+66 -6.27744e+66 -6.27744e+66 -6.27744e+66 -6.27744e+66 -6.27744e+66 -6.27744e+66 -6.27744e+66 -6.27744e+66 -6.27744e+66 114.662 143.913 170.504 178.482 
-6.27744e+66 -6.27744e+66 -6.27744e+66 -6.27744e+66 -6.27744e+66 -6.27744e+66 -6.27744e+66 -6.27744e+66 -6.27744e+66 -6.27744e+66 -6.27744e+66 -6.27744e+66 -6.27744e+66 -6.27744e+66 -6.27744e+66 -6.27744e+66 -6.27744e+66 -6.27744e+66 -6.27744e+66 -6.27744e+66 -6.27744e+66 -6.27744e+66 -6.27744e+66 -6.27744e+66 114.662 127.958 133.276 
-6.27744e+66 -6.27744e+66 -6.27744e+66 -6.27744e+66 -6.27744e+66 -6.27744e+66 -6.27744e+66 -6.27744e+66 -6.27744e+66 -6.27744e+66 -6.27744e+66 -6.27744e+66 -6.27744e+66 -6.27744e+66 -6.27744e+66 -6.27744e+66 -6.27744e+66 -6.27744e+66 -6.27744e+66 -6.27744e+66 -6.27744e+66 -6.27744e+66 -6.27744e+66 -6.27744e+66 -6.27744e+66 114.662 117.321 
-6.27744e+66 -6.27744e+66 -6.27744e+66 -6.27744e+66 -6.27744e+66 -6.27744e+66 -6.27744e+66 -6.27744e+66 -6.27744e+66 -6.27744e+66 -6.27744e+66 -6.27744e+66 -6.27744e+66 -6.27744e+66 -6.27744e+66 -6.27744e+66 -6.27744e+66 -6.27744e+66 -6.27744e+66 -6.27744e+66 -6.27744e+66 -6.27744e+66 -6.27744e+66 -6.27744e+66 -6.27744e+66 -6.27744e+66 114.662 
-6.27744e+66 -6.27744e+66 -6.27744e+66 -6.27744e+66 -6.27744e+66 -6.27744e+66 -6.27744e+66 -6.27744e+66 -6.27744e+66 -6.27744e+66 -6.27744e+66 -6.27744e+66 -6.27744e+66 -6.27744e+66 -6.27744e+66 -6.27744e+66 -6.27744e+66 -6.27744e+66 -6.27744e+66 -6.27744e+66 -6.27744e+66 -6.27744e+66 -6.27744e+66 -6.27744e+66 -6.27744e+66 -6.27744e+66 -6.27744e+66 
-6.27744e+66 99.6799 99.6799 104.401 214.158 308.573 308.573 535.169 650.828 698.035 1069.79 1187.81 1421.49 1534.79 1872.32 2202.77 2503.72 2900.27 3421.91 3676.83 4170.15 4358.98 5077.71 5415.25 5713.83 6025.4 6585.99 
-6.27744e+66 -6.27744e+66 99.6799 102.04 175.212 246.023 246.023 434.853 533.989 575.296 905.748 1011.97 1224.4 1328.26 1639.83 1946.67 2227.56 2599.32 3090.28 3331.03 3798.39 3977.78 4662.29 4984.48 5270.08 5568.67 6106.84 
-6.27744e+66 -6.27744e+66 -6.27744e+66 99.6799 136.266 183.473 183.473 334.537 417.15 452.556 741.702 836.117 1027.31 1121.72 1407.33 1690.57 1951.39 2298.37 2758.64 2985.24 3426.63 3596.58 4246.86 4553.71 4826.33 5111.94 5627.68 
-6.27744e+66 -6.27744e+66 -6.27744e+66 -6.27744e+66 99.6799 123.284 123.284 236.582 302.672 332.177 580.016 662.63 832.577 917.55 1177.19 1436.83 1677.59 1999.78 2429.37 2641.8 3057.23 3217.74 3833.79 4125.3 4384.94 4657.57 5150.88 
-6.27744e+66 -6.27744e+66 -6.27744e+66 -6.27744e+66 -6.27744e+66 99.6799 99.6799 175.212 224.78 248.384 454.916 525.728 674.431 749.963 983.641 1219.68 1440.37 1737.78 2136.68 2334.96 2724.42 2875.48 3457.31 3733.48 3980.14 4239.78 4710.67 
-6.27744e+66 -6.27744e+66 -6.27744e+66 -6.27744e+66 -6.27744e+66 -6.27744e+66 99.6799 137.446 170.491 188.194 353.42 412.43 539.89 605.981 813.694 1026.13 1226.76 1499.38 1867.6 2051.71 2415.21 2556.83 3104.44 3365.26 3598.94 3845.6 4294.07 
-6.27744e+66 -6.27744e+66 -6.27744e+66 -6.27744e+66 -6.27744e+66 -6.27744e+66 -6.27744e+66 99.6799 116.203 128.004 251.924 299.132 405.349 461.998 643.747 832.577 1013.15 1260.98 1598.52 1768.47 2106 2238.18 2751.56 2997.04 3217.74 3451.41 3877.46 
-6.27744e+66 -6.27744e+66 -6.27744e+66 -6.27744e+66 -6.27744e+66 -6.27744e+66 -6.27744e+66 -6.27744e+66 99.6799 105.581 188.194 223.6 308.573 355.781 511.565 676.792 837.297 1060.35 1367.2 1522.99 1834.56 1957.3 2436.45 2666.59 2874.3 3095 3498.62 
-6.27744e+66 -6.27744e+66 -6.27744e+66 -6.27744e+66 -6.27744e+66 -6.27744e+66 -6.27744e+66 -6.27744e+66 -6.27744e+66 99.6799 140.986 164.59 228.32 266.086 395.907 537.53 677.972 876.244 1152.41 1294.03 1579.64 1692.93 2137.86 2352.66 2547.39 2755.1 3136.3 
-6.27744e+66 -6.27744e+66 -6.27744e+66 -6.27744e+66 -6.27744e+66 -6.27744e+66 -6.27744e+66 -6.27744e+66 -6.27744e+66 -6.27744e+66 99.6799 111.482 153.969 182.293 286.15 404.168 524.548 698.035 943.514 1070.97 1330.62 1434.47 1845.18 2044.63 2226.38 2421.11 2779.89 
-6.27744e+66 -6.27744e+66 -6.27744e+66 -6.27744e+66 -6.27744e+66 -6.27744e+66 -6.27744e+66 -6.27744e+66 -6.27744e+66 -6.27744e+66 -6.27744e+66 99.6799 120.923 139.806 217.699 312.114 412.43 561.133 775.928 889.226 1122.9 1217.32 1593.8 1777.91 1946.67 2128.42 2464.78 
-6.27744e+66 -6.27744e+66 -6.27744e+66 -6.27744e+66 -6.27744e+66 -6.27744e+66 -6.27744e+66 -6.27744e+66 -6.27744e+66 -6.27744e+66 -6.27744e+66 -6.27744e+66 99.6799 109.121 161.05 231.861 312.114 436.033 620.143 719.279 926.992 1011.97 1354.22 1522.99 1678.77 1847.54 2161.47 
-6.27744e+66 -6.27744e+66 -6.27744e+66 -6.27744e+66 -6.27744e+66 -6.27744e+66 -6.27744e+66 -6.27744e+66 -6.27744e+66 -6.27744e+66 -6.27744e+66 -6.27744e+66 -6.27744e+66 99.6799 125.644 172.852 233.041 332.177 485.601 570.575 752.324 827.856 1135.88 1289.31 1432.11 1587.9 1879.4 
-6.27744e+66 -6.27744e+66 -6.27744e+66 -6.27744e+66 -6.27744e+66 -6.27744e+66 -6.27744e+66 -6.27744e+66 -6.27744e+66 -6.27744e+66 -6.27744e+66 -6.27744e+66 -6.27744e+66 -6.27744e+66 99.6799 123.284 163.41 237.762 360.501 431.313 587.098 653.188 926.992 1065.07 1194.89 1337.7 1606.78 
-6.27744e+66 -6.27744e+66 -6.27744e+66 -6.27744e+66 -6.27744e+66 -6.27744e+66 -6.27744e+66 -6.27744e+66 -6.27744e+66 -6.27744e+66 -6.27744e+66 -6.27744e+66 -6.27744e+66 -6.27744e+66 -6.27744e+66 99.6799 119.743 169.311 261.366 318.015 447.835 504.484 744.062 866.802 983.641 1113.46 1360.12 
-6.27744e+66 -6.27744e+66 -6.27744e+66 -6.27744e+66 -6.27744e+66 -6.27744e+66 -6.27744e+66 -6.27744e+66 -6.27744e+66 -6.27744e+66 -6.27744e+66 -6.27744e+66 -6.27744e+66 -6.27744e+66 -6.27744e+66 -6.27744e+66 99.6799 124.464 185.834 228.32 332.177 379.384 584.737 692.134 795.991 912.829 1137.07 
-6.27744e+66 -6.27744e+66 -6.27744e+66 -6.27744e+66 -6.27744e+66 -6.27744e+66 -6.27744e+66 -6.27744e+66 -6.27744e+66 -6.27744e+66 -6.27744e+66 -6.27744e+66 -6.27744e+66 -6.27744e+66 -6.27744e+66 -6.27744e+66 -6.27744e+66 99.6799 130.365 158.689 236.582 274.348 445.475 537.53 628.404 732.261 934.073 
-6.27744e+66 -6.27744e+66 -6.27744e+66 -6.27744e+66 -6.27744e+66 -6.27744e+66 -6.27744e+66 -6.27744e+66 -6.27744e+66 -6.27744e+66 -6.27744e+66 -6.27744e+66 -6.27744e+66 -6.27744e+66 -6.27744e+66 -6.27744e+66 -6.27744e+66 -6.27744e+66 99.6799 113.842 165.77 194.095 330.997 407.709 485.601 576.476 755.864 
-6.27744e+66 -6.27744e+66 -6.27744e+66 -6.27744e+66 -6.27744e+66 -6.27744e+66 -6.27744e+66 -6.27744e+66 -6.27744e+66 -6.27744e+66 -6.27744e+66 -6.27744e+66 -6.27744e+66 -6.27744e+66 -6.27744e+66 -6.27744e+66 -6.27744e+66 -6.27744e+66 -6.27744e+66 99.6799 125.644 144.527 247.203 308.573 373.483 451.376 608.341 
-6.27744e+66 -6.27744e+66 -6.27744e+66 -6.27744e+66 -6.27744e+66 -6.27744e+66 -6.27744e+66 -6.27744e+66 -6.27744e+66 -6.27744e+66 -6.27744e+66 -6.27744e+66 -6.27744e+66 -6.27744e+66 -6.27744e+66 -6.27744e+66 -6.27744e+66 -6.27744e+66 -6.27744e+66 -6.27744e+66 99.6799 109.121 177.572 223.6 275.528 340.438 474.98 
-6.27744e+66 -6.27744e+66 -6.27744e+66 -6.27744e+66 -6.27744e+66 -6.27744e+66 -6.27744e+66 -6.27744e+66 -6.27744e+66 -6.27744e+66 -6.27744e+66 -6.27744e+66 -6.27744e+66 -6.27744e+66 -6.27744e+66 -6.27744e+66 -6.27744e+66 -6.27744e+66 -6.27744e+66 -6.27744e+66 -6.27744e+66 99.6799 133.905 164.59 203.536 255.465 367.583 
-6.27744e+66 -6.27744e+66 -6.27744e+66 -6.27744e+66 -6.27744e+66 -6.27744e+66 -6.27744e+66 -6.27744e+66 -6.27744e+66 -6.27744e+66 -6.27744e+66 -6.27744e+66 -6.27744e+66 -6.27744e+66 -6.27744e+66 -6.27744e+66 -6.27744e+66 -6.27744e+66 -6.27744e+66 -6.27744e+66 -6.27744e+66 -6.27744e+66 99.6799 115.022 140.986 179.933 269.627 
-6.27744e+66 -6.27744e+66 -6.27744e+66 -6.27744e+66 -6.27744e+66 -6.27744e+66 -6.27744e+66 -6.27744e+66 -6.27744e+66 -6.27744e+66 -6.27744e+66 -6.27744e+66 -6.27744e+66 -6.27744e+66 -6.27744e+66 -6.27744e+66 -6.27744e+66 -6.27744e+66 -6.27744e+66 -6.27744e+66 -6.27744e+66 -6.27744e+66 -6.27744e+66 99.6799 112.662 138.626 205.897 
-6.27744e+66 -6.27744e+66 -6.27744e+66 -6.27744e+66 -6.27744e+66 -6.27744e+66 -6.27744e+66 -6.27744e+66 -6.27744e+66 -6.27744e+66 -6.27744e+66 -6.27744e+66 -6.27744e+66 -6.27744e+66 -6.27744e+66 -6.27744e+66 -6.27744e+66 -6.27744e+66 -6.27744e+66 -6.27744e+66 -6.27744e+66 -6.27744e+66 -6.27744e+66 -6.27744e+66 99.6799 112.662 157.509 
-6.27744e+66 -6.27744e+66 -6.27744e+66 -6.27744e+66 -6.27744e+66 -6.27744e+66 -6.27744e+66 -6.27744e+66 -6.27744e+66 -6.27744e+66 -6.27744e+66 -6.27744e+66 -6.27744e+66 -6.27744e+66 -6.27744e+66 -6.27744e+66 -6.27744e+66 -6.27744e+66 -6.27744e+66 -6.27744e+66 -6.27744e+66 -6.27744e+66 -6.27744e+66 -6.27744e+66 -6.27744e+66 99.6799 122.103 
-6.27744e+66 -6.27744e+66 -6.27744e+66 -6.27744e+66 -6.27744e+66 -6.27744e+66 -6.27744e+66 -6.27744e+66 -6.27744e+66 -6.27744e+66 -6.27744e+66 -6.27744e+66 -6.27744e+66 -6.27744e+66 -6.27744e+66 -6.27744e+66 -6.27744e+66 -6.27744e+66 -6.27744e+66 -6.27744e+66 -6.27744e+66 -6.27744e+66 -6.27744e+66 -6.27744e+66 -6.27744e+66 -6.27744e+66 99.6799 
-6.27744e+66 -6.27744e+66 -6.27744e+66 -6.27744e+66 -6.27744e+66 -6.27744e+66 -6.27744e+66 -6.27744e+66 -6.27744e+66 -6.27744e+66 -6.27744e+66 -6.27744e+66 -6.27744e+66 -6.27744e+66 -6.27744e+66 -6.27744e+66 -6.27744e+66 -6.27744e+66 -6.27744e+66 -6.27744e+66 -6.27744e+66 -6.27744e+66 -6.27744e+66 -6.27744e+66 -6.27744e+66 -6.27744e+66 -6.27744e+66 
