13 10
-6.27744e+66 33.2055 98.4249 186.995 215.981 222.422 262.681 306.161 463.976 541.273 1142.74 1561.43 2154.85 2357.75 
-6.27744e+66 -6.27744e+66 33.2055 77.4903 96.8146 101.646 133.853 170.086 305.356 372.991 907.629 1284.45 1823.92 2009.92 
-6.27744e+66 -6.27744e+66 -6.27744e+66 33.2055 42.8676 46.0884 70.2437 99.2301 211.955 269.928 737.736 1072.69 1558.21 1727.3 
-6.27744e+66 -6.27744e+66 -6.27744e+66 -6.27744e+66 33.2055 34.8159 50.9194 72.6592 162.839 211.15 612.129 905.213 1336.79 1488.97 
-6.27744e+66 -6.27744e+66 -6.27744e+66 -6.27744e+66 -6.27744e+66 33.2055 41.2573 55.7505 123.385 162.034 496.183 747.398 1125.03 1260.3 
-6.27744e+66 -6.27744e+66 -6.27744e+66 -6.27744e+66 -6.27744e+66 -6.27744e+66 33.2055 40.4521 85.5421 114.528 381.848 591.194 914.875 1033.24 
-6.27744e+66 -6.27744e+66 -6.27744e+66 -6.27744e+66 -6.27744e+66 -6.27744e+66 -6.27744e+66 33.2055 55.7505 75.0748 275.564 443.041 712.776 814.228 
-6.27744e+66 -6.27744e+66 -6.27744e+66 -6.27744e+66 -6.27744e+66 -6.27744e+66 -6.27744e+66 -6.27744e+66 33.2055 42.8676 176.527 302.135 517.923 602.466 
-6.27744e+66 -6.27744e+66 -6.27744e+66 -6.27744e+66 -6.27744e+66 -6.27744e+66 -6.27744e+66 -6.27744e+66 -6.27744e+66 33.2055 100.035 183.774 345.615 413.25 
-6.27744e+66 -6.27744e+66 -6.27744e+66 -6.27744e+66 -6.27744e+66 -6.27744e+66 -6.27744e+66 -6.27744e+66 -6.27744e+66 -6.27744e+66 33.2055 75.0748 182.969 233.695 
-6.27744e+66 -6.27744e+66 -6.27744e+66 -6.27744e+66 -6.27744e+66 -6.27744e+66 -6.27744e+66 -6.27744e+66 -6.27744e+66 -6.27744e+66 -6.27744e+66 33.2055 87.1524 120.97 
-6.27744e+66 -6.27744e+66 -6.27744e+66 -6.27744e+66 -6.27744e+66 -6.27744e+66 -6.27744e+66 -6.27744e+66 -6.27744e+66 -6.27744e+66 -6.27744e+66 -6.27744e+66 33.2055 50.1142 
-6.27744e+66 -6.27744e+66 -6.27744e+66 -6.27744e+66 -6.27744e+66 -6.27744e+66 -6.27744e+66 -6.27744e+66 -6.27744e+66 -6.27744e+66 -6.27744e+66 -6.27744e+66 -6.27744e+66 33.2055 
-6.27744e+66 -6.27744e+66 -6.27744e+66 -6.27744e+66 -6.27744e+66 -6.27744e+66 -6.27744e+66 -6.27744e+66 -6.27744e+66 -6.27744e+66 -6.27744e+66 -6.27744e+66 -6.27744e+66 -6.27744e+66 
-6.27744e+66 100.058 136.411 143.682 143.682 180.034 389.063 476.31 781.674 1145.2 1521.45 1884.98 2064.93 2588.41 
-6.27744e+66 -6.27744e+66 100.058 103.694 103.694 130.958 298.181 370.887 632.627 950.714 1285.16 1612.34 1775.92 2255.78 
-6.27744e+66 -6.27744e+66 -6.27744e+66 100.058 100.058 118.235 243.652 301.816 519.933 792.58 1085.22 1376.04 1523.27 1959.51 
-6.27744e+66 -6.27744e+66 -6.27744e+66 -6.27744e+66 100.058 109.146 192.758 236.381 410.875 638.08 888.914 1143.38 1274.25 1666.86 
-6.27744e+66 -6.27744e+66 -6.27744e+66 -6.27744e+66 -6.27744e+66 100.058 141.864 170.946 301.816 483.581 692.609 910.726 1025.24 1374.22 
-6.27744e+66 -6.27744e+66 -6.27744e+66 -6.27744e+66 -6.27744e+66 -6.27744e+66 100.058 114.599 201.846 338.169 505.392 687.156 785.309 1090.67 
-6.27744e+66 -6.27744e+66 -6.27744e+66 -6.27744e+66 -6.27744e+66 -6.27744e+66 -6.27744e+66 100.058 143.682 234.564 359.981 505.392 587.186 848.926 
-6.27744e+66 -6.27744e+66 -6.27744e+66 -6.27744e+66 -6.27744e+66 -6.27744e+66 -6.27744e+66 -6.27744e+66 100.058 145.499 229.111 338.169 403.604 621.721 
-6.27744e+66 -6.27744e+66 -6.27744e+66 -6.27744e+66 -6.27744e+66 -6.27744e+66 -6.27744e+66 -6.27744e+66 -6.27744e+66 100.058 141.864 214.57 263.646 438.14 
-6.27744e+66 -6.27744e+66 -6.27744e+66 -6.27744e+66 -6.27744e+66 -6.27744e+66 -6.27744e+66 -6.27744e+66 -6.27744e+66 -6.27744e+66 100.058 136.411 169.129 299.999 
-6.27744e+66 -6.27744e+66 -6.27744e+66 -6.27744e+66 -6.27744e+66 -6.27744e+66 -6.27744e+66 -6.27744e+66 -6.27744e+66 -6.27744e+66 -6.27744e+66 100.058 116.417 203.664 
-6.27744e+66 -6.27744e+66 -6.27744e+66 -6.27744e+66 -6.27744e+66 -6.27744e+66 -6.27744e+66 -6.27744e+66 -6.27744e+66 -6.27744e+66 -6.27744e+66 -6.27744e+66 100.058 143.682 
-6.27744e+66 -6.27744e+66 -6.27744e+66 -6.27744e+66 -6.27744e+66 -6.27744e+66 -6.27744e+66 -6.27744e+66 -6.27744e+66 -6.27744e+66 -6.27744e+66 -6.27744e+66 -6.27744e+66 100.058 
-6.27744e+66 -6.27744e+66 -6.27744e+66 -6.27744e+66 -6.27744e+66 -6.27744e+66 -6.27744e+66 -6.27744e+66 -6.27744e+66 -6.27744e+66 -6.27744e+66 -6.27744e+66 -6.27744e+66 -6.27744e+66 
-6.27744e+66 1.41676 13.7013 18.615 121.805 121.805 306.072 424.003 647.581 804.823 1158.62 1600.86 1627.88 1627.88 
-6.27744e+66 -6.27744e+66 1.41676 3.87366 72.6668 72.6668 220.081 318.357 509.995 647.581 962.064 1360.08 1384.65 1384.65 
-6.27744e+66 -6.27744e+66 -6.27744e+66 1.41676 35.8133 35.8133 146.374 224.995 384.693 502.624 777.797 1131.59 1153.7 1153.7 
-6.27744e+66 -6.27744e+66 -6.27744e+66 -6.27744e+66 1.41676 1.41676 75.1237 134.089 261.848 360.124 595.986 905.556 925.211 925.211 
-6.27744e+66 -6.27744e+66 -6.27744e+66 -6.27744e+66 -6.27744e+66 1.41676 38.2702 77.5806 173.4 252.02 448.572 713.917 731.116 731.116 
-6.27744e+66 -6.27744e+66 -6.27744e+66 -6.27744e+66 -6.27744e+66 -6.27744e+66 1.41676 21.0719 84.9513 143.917 301.158 522.279 537.021 537.021 
-6.27744e+66 -6.27744e+66 -6.27744e+66 -6.27744e+66 -6.27744e+66 -6.27744e+66 -6.27744e+66 1.41676 33.3564 72.6668 190.598 367.495 379.779 379.779 
-6.27744e+66 -6.27744e+66 -6.27744e+66 -6.27744e+66 -6.27744e+66 -6.27744e+66 -6.27744e+66 -6.27744e+66 1.41676 21.0719 99.6927 232.365 242.193 242.193 
-6.27744e+66 -6.27744e+66 -6.27744e+66 -6.27744e+66 -6.27744e+66 -6.27744e+66 -6.27744e+66 -6.27744e+66 -6.27744e+66 1.41676 40.7271 129.176 136.546 136.546 
-6.27744e+66 -6.27744e+66 -6.27744e+66 -6.27744e+66 -6.27744e+66 -6.27744e+66 -6.27744e+66 -6.27744e+66 -6.27744e+66 -6.27744e+66 1.41676 45.6409 50.5547 50.5547 
-6.27744e+66 -6.27744e+66 -6.27744e+66 -6.27744e+66 -6.27744e+66 -6.27744e+66 -6.27744e+66 -6.27744e+66 -6.27744e+66 -6.27744e+66 -6.27744e+66 1.41676 3.87366 3.87366 
-6.27744e+66 -6.27744e+66 -6.27744e+66 -6.27744e+66 -6.27744e+66 -6.27744e+66 -6.27744e+66 -6.27744e+66 -6.27744e+66 -6.27744e+66 -6.27744e+66 -6.27744e+66 1.41676 1.41676 
-6.27744e+66 -6.27744e+66 -6.27744e+66 -6.27744e+66 -6.27744e+66 -6.27744e+66 -6.27744e+66 -6.27744e+66 -6.27744e+66 -6.27744e+66 -6.27744e+66 -6.27744e+66 -6.27744e+66 1.41676 
-6.27744e+66 -6.27744e+66 -6.27744e+66 -6.27744e+66 -6.27744e+66 -6.27744e+66 -6.27744e+66 -6.27744e+66 -6.27744e+66 -6.27744e+66 -6.27744e+66 -6.27744e+66 -6.27744e+66 -6.27744e+66 
-6.27744e+66 28.0802 38.0996 48.1191 93.2068 153.324 266.043 356.218 426.355 767.018 947.368 1147.76 1643.72 1703.84 
-6.27744e+66 -6.27744e+66 28.0802 33.0899 63.1484 108.236 198.411 273.558 333.675 631.754 792.066 972.417 1423.29 1478.4 
-6.27744e+66 -6.27744e+66 -6.27744e+66 28.0802 43.1094 73.1679 140.799 200.916 251.014 506.511 646.784 807.095 1212.88 1262.98 
-6.27744e+66 -6.27744e+66 -6.27744e+66 -6.27744e+66 28.0802 43.1094 88.1971 133.285 173.363 386.277 506.511 646.784 1007.49 1052.57 
-6.27744e+66 -6.27744e+66 -6.27744e+66 -6.27744e+66 -6.27744e+66 28.0802 50.624 80.6825 110.741 281.072 381.267 501.501 817.115 857.193 
-6.27744e+66 -6.27744e+66 -6.27744e+66 -6.27744e+66 -6.27744e+66 -6.27744e+66 28.0802 43.1094 63.1484 190.897 271.053 371.248 641.774 676.842 
-6.27744e+66 -6.27744e+66 -6.27744e+66 -6.27744e+66 -6.27744e+66 -6.27744e+66 -6.27744e+66 28.0802 38.0996 123.265 183.382 263.538 488.977 519.035 
-6.27744e+66 -6.27744e+66 -6.27744e+66 -6.27744e+66 -6.27744e+66 -6.27744e+66 -6.27744e+66 -6.27744e+66 28.0802 70.663 110.741 170.858 351.209 376.257 
-6.27744e+66 -6.27744e+66 -6.27744e+66 -6.27744e+66 -6.27744e+66 -6.27744e+66 -6.27744e+66 -6.27744e+66 -6.27744e+66 28.0802 48.1191 88.1971 223.46 243.499 
-6.27744e+66 -6.27744e+66 -6.27744e+66 -6.27744e+66 -6.27744e+66 -6.27744e+66 -6.27744e+66 -6.27744e+66 -6.27744e+66 -6.27744e+66 28.0802 48.1191 138.295 153.324 
-6.27744e+66 -6.27744e+66 -6.27744e+66 -6.27744e+66 -6.27744e+66 -6.27744e+66 -6.27744e+66 -6.27744e+66 -6.27744e+66 -6.27744e+66 -6.27744e+66 28.0802 73.1679 83.1873 
-6.27744e+66 -6.27744e+66 -6.27744e+66 -6.27744e+66 -6.27744e+66 -6.27744e+66 -6.27744e+66 -6.27744e+66 -6.27744e+66 -6.27744e+66 -6.27744e+66 -6.27744e+66 28.0802 33.0899 
-6.27744e+66 -6.27744e+66 -6.27744e+66 -6.27744e+66 -6.27744e+66 -6.27744e+66 -6.27744e+66 -6.27744e+66 -6.27744e+66 -6.27744e+66 -6.27744e+66 -6.27744e+66 -6.27744e+66 28.0802 
-6.27744e+66 -6.27744e+66 -6.27744e+66 -6.27744e+66 -6.27744e+66 -6.27744e+66 -6.27744e+66 -6.27744e+66 -6.27744e+66 -6.27744e+66 -6.27744e+66 -6.27744e+66 -6.27744e+66 -6.27744e+66 
-6.27744e+66 35.2505 77.6683 147.396 171.801 250.826 378.661 469.307 884.189 1056.18 1228.76 1391.46 1768.57 1998.67 
-6.27744e+66 -6.27744e+66 35.2505 70.1145 86.3843 145.653 247.921 323.459 679.072 829.568 982.97 1129.4 1472.23 1683.15 
-6.27744e+66 -6.27744e+66 -6.27744e+66 35.2505 43.3854 82.8979 159.599 220.03 516.373 645.37 779.597 909.755 1218.3 1410.05 
-6.27744e+66 -6.27744e+66 -6.27744e+66 -6.27744e+66 35.2505 55.0067 106.141 151.464 388.539 496.036 611.087 724.976 999.24 1171.82 
-6.27744e+66 -6.27744e+66 -6.27744e+66 -6.27744e+66 -6.27744e+66 35.2505 60.8174 91.0329 268.839 354.837 450.713 548.332 788.313 941.714 
-6.27744e+66 -6.27744e+66 -6.27744e+66 -6.27744e+66 -6.27744e+66 -6.27744e+66 35.2505 50.3582 168.896 233.394 310.095 391.444 597.142 731.368 
-6.27744e+66 -6.27744e+66 -6.27744e+66 -6.27744e+66 -6.27744e+66 -6.27744e+66 -6.27744e+66 35.2505 94.5193 137.518 195.044 260.123 431.538 546.589 
-6.27744e+66 -6.27744e+66 -6.27744e+66 -6.27744e+66 -6.27744e+66 -6.27744e+66 -6.27744e+66 -6.27744e+66 35.2505 56.7499 95.1003 143.91 281.042 376.918 
-6.27744e+66 -6.27744e+66 -6.27744e+66 -6.27744e+66 -6.27744e+66 -6.27744e+66 -6.27744e+66 -6.27744e+66 -6.27744e+66 35.2505 54.4257 86.9654 189.814 266.515 
-6.27744e+66 -6.27744e+66 -6.27744e+66 -6.27744e+66 -6.27744e+66 -6.27744e+66 -6.27744e+66 -6.27744e+66 -6.27744e+66 -6.27744e+66 35.2505 51.5203 120.086 177.612 
-6.27744e+66 -6.27744e+66 -6.27744e+66 -6.27744e+66 -6.27744e+66 -6.27744e+66 -6.27744e+66 -6.27744e+66 -6.27744e+66 -6.27744e+66 -6.27744e+66 35.2505 69.5334 107.884 
-6.27744e+66 -6.27744e+66 -6.27744e+66 -6.27744e+66 -6.27744e+66 -6.27744e+66 -6.27744e+66 -6.27744e+66 -6.27744e+66 -6.27744e+66 -6.27744e+66 -6.27744e+66 35.2505 54.4257 
-6.27744e+66 -6.27744e+66 -6.27744e+66 -6.27744e+66 -6.27744e+66 -6.27744e+66 -6.27744e+66 -6.27744e+66 -6.27744e+66 -6.27744e+66 -6.27744e+66 -6.27744e+66 -6.27744e+66 35.2505 
-6.27744e+66 -6.27744e+66 -6.27744e+66 -6.27744e+66 -6.27744e+66 -6.27744e+66 -6.27744e+66 -6.27744e+66 -6.27744e+66 -6.27744e+66 -6.27744e+66 -6.27744e+66 -6.27744e+66 -6.27744e+66 
-6.27744e+66 85.1424 138.225 154.987 205.276 428.779 582.438 716.54 892.55 1317.21 1317.21 1596.59 2149.76 2485.01 
-6.27744e+66 -6.27744e+66 85.1424 93.5238 127.049 294.677 417.604 529.356 680.221 1051.8 1051.8 1303.24 1806.12 2113.44 
-6.27744e+66 -6.27744e+66 -6.27744e+66 85.1424 101.905 213.657 305.852 395.254 520.975 839.468 839.468 1062.97 1515.57 1794.95 
-6.27744e+66 -6.27744e+66 -6.27744e+66 -6.27744e+66 85.1424 141.018 202.482 269.533 370.11 635.52 635.52 831.086 1233.39 1484.83 
-6.27744e+66 -6.27744e+66 -6.27744e+66 -6.27744e+66 -6.27744e+66 85.1424 115.874 160.575 236.007 448.336 448.336 615.964 967.982 1191.49 
-6.27744e+66 -6.27744e+66 -6.27744e+66 -6.27744e+66 -6.27744e+66 -6.27744e+66 85.1424 107.493 157.781 317.028 317.028 456.717 758.447 954.013 
-6.27744e+66 -6.27744e+66 -6.27744e+66 -6.27744e+66 -6.27744e+66 -6.27744e+66 -6.27744e+66 85.1424 110.287 216.451 216.451 328.203 579.644 747.272 
-6.27744e+66 -6.27744e+66 -6.27744e+66 -6.27744e+66 -6.27744e+66 -6.27744e+66 -6.27744e+66 -6.27744e+66 85.1424 138.225 138.225 222.038 423.192 562.882 
-6.27744e+66 -6.27744e+66 -6.27744e+66 -6.27744e+66 -6.27744e+66 -6.27744e+66 -6.27744e+66 -6.27744e+66 -6.27744e+66 85.1424 85.1424 141.018 291.883 403.635 
-6.27744e+66 -6.27744e+66 -6.27744e+66 -6.27744e+66 -6.27744e+66 -6.27744e+66 -6.27744e+66 -6.27744e+66 -6.27744e+66 -6.27744e+66 85.1424 113.08 213.657 297.471 
-6.27744e+66 -6.27744e+66 -6.27744e+66 -6.27744e+66 -6.27744e+66 -6.27744e+66 -6.27744e+66 -6.27744e+66 -6.27744e+66 -6.27744e+66 -6.27744e+66 85.1424 135.431 191.307 
-6.27744e+66 -6.27744e+66 -6.27744e+66 -6.27744e+66 -6.27744e+66 -6.27744e+66 -6.27744e+66 -6.27744e+66 -6.27744e+66 -6.27744e+66 -6.27744e+66 -6.27744e+66 85.1424 113.08 
-6.27744e+66 -6.27744e+66 -6.27744e+66 -6.27744e+66 -6.27744e+66 -6.27744e+66 -6.27744e+66 -6.27744e+66 -6.27744e+66 -6.27744e+66 -6.27744e+66 -6.27744e+66 -6.27744e+66 85.1424 
-6.27744e+66 -6.27744e+66 -6.27744e+66 -6.27744e+66 -6.27744e+66 -6.27744e+66 -6.27744e+66 -6.27744e+66 -6.27744e+66 -6.27744e+66 -6.27744e+66 -6.27744e+66 -6.27744e+66 -6.27744e+66 
-6.27744e+66 88.0931 105.923 107.295 183.416 260.222 404.235 733.406 911.021 943.938 1437.7 1437.7 1498.04 1539.19 
-6.27744e+66 -6.27744e+66 88.0931 88.7789 139.526 197.131 312.341 586.65 738.892 767.695 1206.59 1206.59 1261.45 1299.17 
-6.27744e+66 -6.27744e+66 -6.27744e+66 88.0931 113.467 151.87 238.277 457.725 584.593 609.281 993.314 993.314 1042.69 1076.98 
-6.27744e+66 -6.27744e+66 -6.27744e+66 -6.27744e+66 88.0931 107.295 164.9 329.485 430.98 451.553 780.724 780.724 824.614 855.474 
-6.27744e+66 -6.27744e+66 -6.27744e+66 -6.27744e+66 -6.27744e+66 88.0931 116.896 226.619 302.74 319.199 593.508 593.508 631.911 659.342 
-6.27744e+66 -6.27744e+66 -6.27744e+66 -6.27744e+66 -6.27744e+66 -6.27744e+66 88.0931 142.955 193.702 206.046 425.494 425.494 458.411 482.413 
-6.27744e+66 -6.27744e+66 -6.27744e+66 -6.27744e+66 -6.27744e+66 -6.27744e+66 -6.27744e+66 88.0931 113.467 121.696 286.282 286.282 313.713 334.286 
-6.27744e+66 -6.27744e+66 -6.27744e+66 -6.27744e+66 -6.27744e+66 -6.27744e+66 -6.27744e+66 -6.27744e+66 88.0931 92.2078 201.931 201.931 223.876 241.021 
-6.27744e+66 -6.27744e+66 -6.27744e+66 -6.27744e+66 -6.27744e+66 -6.27744e+66 -6.27744e+66 -6.27744e+66 -6.27744e+66 88.0931 142.955 142.955 159.414 173.129 
-6.27744e+66 -6.27744e+66 -6.27744e+66 -6.27744e+66 -6.27744e+66 -6.27744e+66 -6.27744e+66 -6.27744e+66 -6.27744e+66 -6.27744e+66 88.0931 88.0931 99.0655 109.352 
-6.27744e+66 -6.27744e+66 -6.27744e+66 -6.27744e+66 -6.27744e+66 -6.27744e+66 -6.27744e+66 -6.27744e+66 -6.27744e+66 -6.27744e+66 -6.27744e+66 88.0931 93.5793 100.437 
-6.27744e+66 -6.27744e+66 -6.27744e+66 -6.27744e+66 -6.27744e+66 -6.27744e+66 -6.27744e+66 -6.27744e+66 -6.27744e+66 -6.27744e+66 -6.27744e+66 -6.27744e+66 88.0931 91.522 
-6.27744e+66 -6.27744e+66 -6.27744e+66 -6.27744e+66 -6.27744e+66 -6.27744e+66 -6.27744e+66 -6.27744e+66 -6.27744e+66 -6.27744e+66 -6.27744e+66 -6.27744e+66 -6.27744e+66 88.0931 
-6.27744e+66 -6.27744e+66 -6.27744e+66 -6.27744e+66 -6.27744e+66 -6.27744e+66 -6.27744e+66 -6.27744e+66 -6.27744e+66 -6.27744e+66 -6.27744e+66 -6.27744e+66 -6.27744e+66 -6.27744e+66 
-6.27744e+66 57.6394 91.3968 121.103 129.205 269.636 289.891 411.418 477.582 812.456 994.747 1021.75 1318.82 1448.45 
-6.27744e+66 -6.27744e+66 57.6394 72.4927 77.8938 183.217 199.421 300.693 357.406 650.42 812.456 836.762 1106.82 1225.65 
-6.27744e+66 -6.27744e+66 -6.27744e+66 57.6394 60.34 130.555 142.708 223.726 270.987 522.142 663.923 685.528 928.582 1036.61 
-6.27744e+66 -6.27744e+66 -6.27744e+66 -6.27744e+66 57.6394 92.7471 100.849 161.612 199.421 408.717 530.244 549.148 765.196 862.417 
-6.27744e+66 -6.27744e+66 -6.27744e+66 -6.27744e+66 -6.27744e+66 57.6394 61.6903 102.199 130.555 297.993 399.265 415.468 604.51 690.929 
-6.27744e+66 -6.27744e+66 -6.27744e+66 -6.27744e+66 -6.27744e+66 -6.27744e+66 57.6394 77.8938 96.798 222.376 303.394 316.897 478.933 554.549 
-6.27744e+66 -6.27744e+66 -6.27744e+66 -6.27744e+66 -6.27744e+66 -6.27744e+66 -6.27744e+66 57.6394 67.0915 150.81 211.573 222.376 357.406 422.22 
-6.27744e+66 -6.27744e+66 -6.27744e+66 -6.27744e+66 -6.27744e+66 -6.27744e+66 -6.27744e+66 -6.27744e+66 57.6394 99.4986 140.008 148.109 256.133 310.145 
-6.27744e+66 -6.27744e+66 -6.27744e+66 -6.27744e+66 -6.27744e+66 -6.27744e+66 -6.27744e+66 -6.27744e+66 -6.27744e+66 57.6394 77.8938 83.295 164.313 207.523 
-6.27744e+66 -6.27744e+66 -6.27744e+66 -6.27744e+66 -6.27744e+66 -6.27744e+66 -6.27744e+66 -6.27744e+66 -6.27744e+66 -6.27744e+66 57.6394 60.34 114.352 146.759 
-6.27744e+66 -6.27744e+66 -6.27744e+66 -6.27744e+66 -6.27744e+66 -6.27744e+66 -6.27744e+66 -6.27744e+66 -6.27744e+66 -6.27744e+66 -6.27744e+66 57.6394 84.6453 106.25 
-6.27744e+66 -6.27744e+66 -6.27744e+66 -6.27744e+66 -6.27744e+66 -6.27744e+66 -6.27744e+66 -6.27744e+66 -6.27744e+66 -6.27744e+66 -6.27744e+66 -6.27744e+66 57.6394 68.4418 
-6.27744e+66 -6.27744e+66 -6.27744e+66 -6.27744e+66 -6.27744e+66 -6.27744e+66 -6.27744e+66 -6.27744e+66 -6.27744e+66 -6.27744e+66 -6.27744e+66 -6.27744e+66 -6.27744e+66 57.6394 
-6.27744e+66 -6.27744e+66 -6.27744e+66 -6.27744e+66 -6.27744e+66 -6.27744e+66 -6.27744e+66 -6.27744e+66 -6.27744e+66 -6.27744e+66 -6.27744e+66 -6.27744e+66 -6.27744e+66 -6.27744e+66 
-6.27744e+66 32.4636 39.3526 126.614 126.614 181.727 330.99 330.99 459.586 643.295 829.3 898.191 1277.09 1552.65 
-6.27744e+66 -6.27744e+66 32.4636 76.0944 76.0944 117.429 236.84 236.84 347.065 507.81 673.148 735.15 1079.6 1332.2 
-6.27744e+66 -6.27744e+66 -6.27744e+66 32.4636 32.4636 60.0199 149.578 149.578 241.432 379.214 523.884 578.997 889.006 1118.64 
-6.27744e+66 -6.27744e+66 -6.27744e+66 -6.27744e+66 32.4636 46.2417 105.947 105.947 179.431 294.249 418.252 466.476 742.039 948.711 
-6.27744e+66 -6.27744e+66 -6.27744e+66 -6.27744e+66 -6.27744e+66 32.4636 62.3162 62.3162 117.429 209.283 312.619 353.954 595.072 778.78 
-6.27744e+66 -6.27744e+66 -6.27744e+66 -6.27744e+66 -6.27744e+66 -6.27744e+66 32.4636 32.4636 69.2053 138.096 220.765 255.21 461.883 622.628 
-6.27744e+66 -6.27744e+66 -6.27744e+66 -6.27744e+66 -6.27744e+66 -6.27744e+66 -6.27744e+66 32.4636 50.8344 96.7616 158.763 186.32 358.547 496.328 
-6.27744e+66 -6.27744e+66 -6.27744e+66 -6.27744e+66 -6.27744e+66 -6.27744e+66 -6.27744e+66 -6.27744e+66 32.4636 55.4272 96.7616 117.429 255.21 370.028 
-6.27744e+66 -6.27744e+66 -6.27744e+66 -6.27744e+66 -6.27744e+66 -6.27744e+66 -6.27744e+66 -6.27744e+66 -6.27744e+66 32.4636 53.1308 66.909 170.245 262.1 
-6.27744e+66 -6.27744e+66 -6.27744e+66 -6.27744e+66 -6.27744e+66 -6.27744e+66 -6.27744e+66 -6.27744e+66 -6.27744e+66 -6.27744e+66 32.4636 39.3526 108.243 177.134 
-6.27744e+66 -6.27744e+66 -6.27744e+66 -6.27744e+66 -6.27744e+66 -6.27744e+66 -6.27744e+66 -6.27744e+66 -6.27744e+66 -6.27744e+66 -6.27744e+66 32.4636 66.909 112.836 
-6.27744e+66 -6.27744e+66 -6.27744e+66 -6.27744e+66 -6.27744e+66 -6.27744e+66 -6.27744e+66 -6.27744e+66 -6.27744e+66 -6.27744e+66 -6.27744e+66 -6.27744e+66 32.4636 55.4272 
-6.27744e+66 -6.27744e+66 -6.27744e+66 -6.27744e+66 -6.27744e+66 -6.27744e+66 -6.27744e+66 -6.27744e+66 -6.27744e+66 -6.27744e+66 -6.27744e+66 -6.27744e+66 -6.27744e+66 32.4636 
-6.27744e+66 -6.27744e+66 -6.27744e+66 -6.27744e+66 -6.27744e+66 -6.27744e+66 -6.27744e+66 -6.27744e+66 -6.27744e+66 -6.27744e+66 -6.27744e+66 -6.27744e+66 -6.27744e+66 -6.27744e+66 
-6.27744e+66 38.6504 50.3673 64.4277 89.0333 220.263 542.48 781.505 1011.16 1329.86 1435.31 1669.65 1695.43 1765.73 
-6.27744e+66 -6.27744e+66 38.6504 45.6806 62.0843 160.507 418.28 617.468 814.313 1093.18 1186.91 1397.82 1421.25 1485.69 
-6.27744e+66 -6.27744e+66 -6.27744e+66 38.6504 46.8523 112.467 305.797 465.148 629.185 868.211 950.23 1137.7 1158.79 1217.38 
-6.27744e+66 -6.27744e+66 -6.27744e+66 -6.27744e+66 38.6504 71.4579 200.344 319.857 451.087 650.275 720.577 884.615 903.362 956.088 
-6.27744e+66 -6.27744e+66 -6.27744e+66 -6.27744e+66 -6.27744e+66 38.6504 103.094 182.769 281.191 440.542 499.127 639.73 656.134 703.002 
-6.27744e+66 -6.27744e+66 -6.27744e+66 -6.27744e+66 -6.27744e+66 -6.27744e+66 38.6504 78.488 144.103 263.616 310.484 427.653 441.714 482.723 
-6.27744e+66 -6.27744e+66 -6.27744e+66 -6.27744e+66 -6.27744e+66 -6.27744e+66 -6.27744e+66 38.6504 71.4579 151.133 186.284 280.02 291.737 326.888 
-6.27744e+66 -6.27744e+66 -6.27744e+66 -6.27744e+66 -6.27744e+66 -6.27744e+66 -6.27744e+66 -6.27744e+66 38.6504 78.488 101.922 172.224 181.597 210.89 
-6.27744e+66 -6.27744e+66 -6.27744e+66 -6.27744e+66 -6.27744e+66 -6.27744e+66 -6.27744e+66 -6.27744e+66 -6.27744e+66 38.6504 50.3673 97.2352 104.265 127.699 
-6.27744e+66 -6.27744e+66 -6.27744e+66 -6.27744e+66 -6.27744e+66 -6.27744e+66 -6.27744e+66 -6.27744e+66 -6.27744e+66 -6.27744e+66 38.6504 62.0843 66.7711 84.3465 
-6.27744e+66 -6.27744e+66 -6.27744e+66 -6.27744e+66 -6.27744e+66 -6.27744e+66 -6.27744e+66 -6.27744e+66 -6.27744e+66 -6.27744e+66 -6.27744e+66 38.6504 40.9938 52.7107 
-6.27744e+66 -6.27744e+66 -6.27744e+66 -6.27744e+66 -6.27744e+66 -6.27744e+66 -6.27744e+66 -6.27744e+66 -6.27744e+66 -6.27744e+66 -6.27744e+66 -6.27744e+66 38.6504 44.5089 
-6.27744e+66 -6.27744e+66 -6.27744e+66 -6.27744e+66 -6.27744e+66 -6.27744e+66 -6.27744e+66 -6.27744e+66 -6.27744e+66 -6.27744e+66 -6.27744e+66 -6.27744e+66 -6.27744e+66 38.6504 
-6.27744e+66 -6.27744e+66 -6.27744e+66 -6.27744e+66 -6.27744e+66 -6.27744e+66 -6.27744e+66 -6.27744e+66 -6.27744e+66 -6.27744e+66 -6.27744e+66 -6.27744e+66 -6.27744e+66 -6.27744e+66 
