13 20
1000 1000 1000 1000 1000 1000 1000 1000 1000 1000 1000 1000 1000 
item 0
0 45 135 105 110 240 215 50 35 35 115 185 55 
88.3961 88.3961 88.3961 88.3961 88.3961 88.3961 88.3961 88.3961 88.3961 88.3961 88.3961 88.3961 88.3961 
0.239303 0.239303 0.239303 0.239303 0.239303 0.239303 0.239303 0.239303 0.239303 0.239303 0.239303 0.239303 0.239303 
item 1
130 85 0 80 20 210 190 70 155 110 210 20 35 
100.601 100.601 100.601 100.601 100.601 100.601 100.601 100.601 100.601 100.601 100.601 100.601 100.601 
0.185933 0.185933 0.185933 0.185933 0.185933 0.185933 0.185933 0.185933 0.185933 0.185933 0.185933 0.185933 0.185933 
item 2
25 0 10 5 45 15 20 55 65 0 0 5 10 
60.5239 60.5239 60.5239 60.5239 60.5239 60.5239 60.5239 60.5239 60.5239 60.5239 60.5239 60.5239 60.5239 
0.594155 0.594155 0.594155 0.594155 0.594155 0.594155 0.594155 0.594155 0.594155 0.594155 0.594155 0.594155 0.594155 
item 3
0 55 15 75 35 35 90 60 0 15 0 15 20 
22.7 22.7 22.7 22.7 22.7 22.7 22.7 22.7 22.7 22.7 22.7 22.7 22.7 
0.405345 0.405345 0.405345 0.405345 0.405345 0.405345 0.405345 0.405345 0.405345 0.405345 0.405345 0.405345 0.405345 
item 4
5 130 60 20 75 70 115 135 105 20 25 40 75 
107.224 107.224 107.224 107.224 107.224 107.224 107.224 107.224 107.224 107.224 107.224 107.224 107.224 
0.45983 0.45983 0.45983 0.45983 0.45983 0.45983 0.45983 0.45983 0.45983 0.45983 0.45983 0.45983 0.45983 
item 5
15 0 5 0 5 5 0 15 0 5 0 45 15 
1.57469 1.57469 1.57469 1.57469 1.57469 1.57469 1.57469 1.57469 1.57469 1.57469 1.57469 1.57469 1.57469 
0.587345 0.587345 0.587345 0.587345 0.587345 0.587345 0.587345 0.587345 0.587345 0.587345 0.587345 0.587345 0.587345 
item 6
15 50 15 35 65 0 55 140 95 5 145 5 50 
15.3497 15.3497 15.3497 15.3497 15.3497 15.3497 15.3497 15.3497 15.3497 15.3497 15.3497 15.3497 15.3497 
0.139872 0.139872 0.139872 0.139872 0.139872 0.139872 0.139872 0.139872 0.139872 0.139872 0.139872 0.139872 0.139872 
item 7
245 100 115 35 40 385 210 410 210 240 20 375 130 
94.0363 94.0363 94.0363 94.0363 94.0363 94.0363 94.0363 94.0363 94.0363 94.0363 94.0363 94.0363 94.0363 
0.134709 0.134709 0.134709 0.134709 0.134709 0.134709 0.134709 0.134709 0.134709 0.134709 0.134709 0.134709 0.134709 
item 8
295 25 140 15 135 275 195 200 30 30 115 35 10 
62.5726 62.5726 62.5726 62.5726 62.5726 62.5726 62.5726 62.5726 62.5726 62.5726 62.5726 62.5726 62.5726 
0.168316 0.168316 0.168316 0.168316 0.168316 0.168316 0.168316 0.168316 0.168316 0.168316 0.168316 0.168316 0.168316 
item 9
125 40 25 85 65 150 205 175 20 10 90 85 10 
42.5785 42.5785 42.5785 42.5785 42.5785 42.5785 42.5785 42.5785 42.5785 42.5785 42.5785 42.5785 42.5785 
0.202388 0.202388 0.202388 0.202388 0.202388 0.202388 0.202388 0.202388 0.202388 0.202388 0.202388 0.202388 0.202388 
item 10
75 0 5 145 25 85 65 35 40 5 65 5 20 
42.4311 42.4311 42.4311 42.4311 42.4311 42.4311 42.4311 42.4311 42.4311 42.4311 42.4311 42.4311 42.4311 
0.296981 0.296981 0.296981 0.296981 0.296981 0.296981 0.296981 0.296981 0.296981 0.296981 0.296981 0.296981 0.296981 
item 11
40 15 0 40 40 10 0 70 25 55 10 0 25 
6.29208 6.29208 6.29208 6.29208 6.29208 6.29208 6.29208 6.29208 6.29208 6.29208 6.29208 6.29208 6.29208 
0.286403 0.286403 0.286403 0.286403 0.286403 0.286403 0.286403 0.286403 0.286403 0.286403 0.286403 0.286403 0.286403 
item 12
140 55 75 100 90 45 45 95 10 40 0 100 65 
27.432 27.432 27.432 27.432 27.432 27.432 27.432 27.432 27.432 27.432 27.432 27.432 27.432 
0.168705 0.168705 0.168705 0.168705 0.168705 0.168705 0.168705 0.168705 0.168705 0.168705 0.168705 0.168705 0.168705 
item 13
15 65 15 15 10 60 25 30 35 40 30 10 20 
30.2561 30.2561 30.2561 30.2561 30.2561 30.2561 30.2561 30.2561 30.2561 30.2561 30.2561 30.2561 30.2561 
0.480177 0.480177 0.480177 0.480177 0.480177 0.480177 0.480177 0.480177 0.480177 0.480177 0.480177 0.480177 0.480177 
item 14
20 35 30 20 75 15 40 20 75 30 5 25 35 
14.1533 14.1533 14.1533 14.1533 14.1533 14.1533 14.1533 14.1533 14.1533 14.1533 14.1533 14.1533 14.1533 
0.249982 0.249982 0.249982 0.249982 0.249982 0.249982 0.249982 0.249982 0.249982 0.249982 0.249982 0.249982 0.249982 
item 15
105 10 50 85 95 30 0 15 10 45 80 15 195 
13.9642 13.9642 13.9642 13.9642 13.9642 13.9642 13.9642 13.9642 13.9642 13.9642 13.9642 13.9642 13.9642 
0.123748 0.123748 0.123748 0.123748 0.123748 0.123748 0.123748 0.123748 0.123748 0.123748 0.123748 0.123748 0.123748 
item 16
105 10 85 95 35 30 125 90 120 70 40 65 75 
94.2522 94.2522 94.2522 94.2522 94.2522 94.2522 94.2522 94.2522 94.2522 94.2522 94.2522 94.2522 94.2522 
0.367382 0.367382 0.367382 0.367382 0.367382 0.367382 0.367382 0.367382 0.367382 0.367382 0.367382 0.367382 0.367382 
item 17
135 190 115 55 100 35 205 130 55 60 110 15 35 
89.6187 89.6187 89.6187 89.6187 89.6187 89.6187 89.6187 89.6187 89.6187 89.6187 89.6187 89.6187 89.6187 
0.245587 0.245587 0.245587 0.245587 0.245587 0.245587 0.245587 0.245587 0.245587 0.245587 0.245587 0.245587 0.245587 
item 18
5 15 30 50 25 30 40 35 15 20 10 5 35 
28.1136 28.1136 28.1136 28.1136 28.1136 28.1136 28.1136 28.1136 28.1136 28.1136 28.1136 28.1136 28.1136 
0.544946 0.544946 0.544946 0.544946 0.544946 0.544946 0.544946 0.544946 0.544946 0.544946 0.544946 0.544946 0.544946 
item 19
10 85 110 0 50 100 80 35 120 30 20 140 15 
57.9293 57.9293 57.9293 57.9293 57.9293 57.9293 57.9293 57.9293 57.9293 57.9293 57.9293 57.9293 57.9293 
0.185244 0.185244 0.185244 0.185244 0.185244 0.185244 0.185244 0.185244 0.185244 0.185244 0.185244 0.185244 0.185244 
