13 10
1000 1000 1000 1000 1000 1000 1000 1000 1000 1000 1000 1000 1000 
item 0
110 60 140 135 120 150 130 15 95 210 90 110 95 
122.5 122.5 122.5 122.5 122.5 122.5 122.5 122.5 122.5 122.5 122.5 122.5 122.5 
0.284003 0.284003 0.284003 0.284003 0.284003 0.284003 0.284003 0.284003 0.284003 0.284003 0.284003 0.284003 0.284003 
item 1
60 80 95 70 45 50 20 85 25 75 25 60 85 
37.5286 37.5286 37.5286 37.5286 37.5286 37.5286 37.5286 37.5286 37.5286 37.5286 37.5286 37.5286 37.5286 
0.538817 0.538817 0.538817 0.538817 0.538817 0.538817 0.538817 0.538817 0.538817 0.538817 0.538817 0.538817 0.538817 
item 2
55 55 75 150 35 70 165 55 100 30 20 25 125 
131.582 131.582 131.582 131.582 131.582 131.582 131.582 131.582 131.582 131.582 131.582 131.582 131.582 
0.541068 0.541068 0.541068 0.541068 0.541068 0.541068 0.541068 0.541068 0.541068 0.541068 0.541068 0.541068 0.541068 
item 3
0 90 90 10 55 35 15 55 10 115 35 110 65 
121.171 121.171 121.171 121.171 121.171 121.171 121.171 121.171 121.171 121.171 121.171 121.171 121.171 
0.548008 0.548008 0.548008 0.548008 0.548008 0.548008 0.548008 0.548008 0.548008 0.548008 0.548008 0.548008 0.548008 
item 4
65 15 15 115 25 15 115 90 65 70 100 0 40 
107.255 107.255 107.255 107.255 107.255 107.255 107.255 107.255 107.255 107.255 107.255 107.255 107.255 
0.526432 0.526432 0.526432 0.526432 0.526432 0.526432 0.526432 0.526432 0.526432 0.526432 0.526432 0.526432 0.526432 
item 5
205 95 260 30 330 235 165 80 55 35 0 135 95 
71.2095 71.2095 71.2095 71.2095 71.2095 71.2095 71.2095 71.2095 71.2095 71.2095 71.2095 71.2095 71.2095 
0.19884 0.19884 0.19884 0.19884 0.19884 0.19884 0.19884 0.19884 0.19884 0.19884 0.19884 0.19884 0.19884 
item 6
15 50 135 145 25 15 80 70 95 95 50 50 75 
126.104 126.104 126.104 126.104 126.104 126.104 126.104 126.104 126.104 126.104 126.104 126.104 126.104 
0.512277 0.512277 0.512277 0.512277 0.512277 0.512277 0.512277 0.512277 0.512277 0.512277 0.512277 0.512277 0.512277 
item 7
115 95 65 130 90 95 60 80 20 35 45 10 120 
120.23 120.23 120.23 120.23 120.23 120.23 120.23 120.23 120.23 120.23 120.23 120.23 120.23 
0.556515 0.556515 0.556515 0.556515 0.556515 0.556515 0.556515 0.556515 0.556515 0.556515 0.556515 0.556515 0.556515 
item 8
135 285 350 65 70 310 90 195 110 80 85 95 95 
145.452 145.452 145.452 145.452 145.452 145.452 145.452 145.452 145.452 145.452 145.452 145.452 145.452 
0.242509 0.242509 0.242509 0.242509 0.242509 0.242509 0.242509 0.242509 0.242509 0.242509 0.242509 0.242509 0.242509 
item 9
15 10 120 140 145 5 5 20 75 65 15 30 15 
16.9682 16.9682 16.9682 16.9682 16.9682 16.9682 16.9682 16.9682 16.9682 16.9682 16.9682 16.9682 16.9682 
0.409604 0.409604 0.409604 0.409604 0.409604 0.409604 0.409604 0.409604 0.409604 0.409604 0.409604 0.409604 0.409604 
