26 10
1000 1000 1000 1000 1000 1000 1000 1000 1000 1000 1000 1000 1000 1000 1000 1000 1000 1000 1000 1000 1000 1000 1000 1000 1000 1000 
item 0
75 100 80 25 95 125 40 85 25 145 0 110 20 25 15 105 30 30 50 5 80 150 45 20 0 70 
116.503 116.503 116.503 116.503 116.503 116.503 116.503 116.503 116.503 116.503 116.503 116.503 116.503 116.503 116.503 116.503 116.503 116.503 116.503 116.503 116.503 116.503 116.503 116.503 116.503 116.503 
0.581892 0.581892 0.581892 0.581892 0.581892 0.581892 0.581892 0.581892 0.581892 0.581892 0.581892 0.581892 0.581892 0.581892 0.581892 0.581892 0.581892 0.581892 0.581892 0.581892 0.581892 0.581892 0.581892 0.581892 0.581892 0.581892 
item 1
150 70 125 170 130 5 115 55 105 70 265 60 330 220 95 15 85 100 85 110 95 195 65 30 95 185 
66.3926 66.3926 66.3926 66.3926 66.3926 66.3926 66.3926 66.3926 66.3926 66.3926 66.3926 66.3926 66.3926 66.3926 66.3926 66.3926 66.3926 66.3926 66.3926 66.3926 66.3926 66.3926 66.3926 66.3926 66.3926 66.3926 
0.223033 0.223033 0.223033 0.223033 0.223033 0.223033 0.223033 0.223033 0.223033 0.223033 0.223033 0.223033 0.223033 0.223033 0.223033 0.223033 0.223033 0.223033 0.223033 0.223033 0.223033 0.223033 0.223033 0.223033 0.223033 0.223033 
item 2
255 115 180 215 135 250 35 105 200 45 80 215 15 0 125 55 140 135 25 95 90 110 135 75 120 220 
124.789 124.789 124.789 124.789 124.789 124.789 124.789 124.789 124.789 124.789 124.789 124.789 124.789 124.789 124.789 124.789 124.789 124.789 124.789 124.789 124.789 124.789 124.789 124.789 124.789 124.789 
0.332234 0.332234 0.332234 0.332234 0.332234 0.332234 0.332234 0.332234 0.332234 0.332234 0.332234 0.332234 0.332234 0.332234 0.332234 0.332234 0.332234 0.332234 0.332234 0.332234 0.332234 0.332234 0.332234 0.332234 0.332234 0.332234 
item 3
35 0 20 35 55 35 10 55 65 40 50 10 45 20 55 65 15 55 80 5 15 0 10 35 55 10 
36.8117 36.8117 36.8117 36.8117 36.8117 36.8117 36.8117 36.8117 36.8117 36.8117 36.8117 36.8117 36.8117 36.8117 36.8117 36.8117 36.8117 36.8117 36.8117 36.8117 36.8117 36.8117 36.8117 36.8117 36.8117 36.8117 
0.523498 0.523498 0.523498 0.523498 0.523498 0.523498 0.523498 0.523498 0.523498 0.523498 0.523498 0.523498 0.523498 0.523498 0.523498 0.523498 0.523498 0.523498 0.523498 0.523498 0.523498 0.523498 0.523498 0.523498 0.523498 0.523498 
item 4
175 165 105 15 85 110 170 50 150 100 90 135 165 80 95 70 80 10 185 65 90 20 110 60 0 80 
132.125 132.125 132.125 132.125 132.125 132.125 132.125 132.125 132.125 132.125 132.125 132.125 132.125 132.125 132.125 132.125 132.125 132.125 132.125 132.125 132.125 132.125 132.125 132.125 132.125 132.125 
0.465005 0.465005 0.465005 0.465005 0.465005 0.465005 0.465005 0.465005 0.465005 0.465005 0.465005 0.465005 0.465005 0.465005 0.465005 0.465005 0.465005 0.465005 0.465005 0.465005 0.465005 0.465005 0.465005 0.465005 0.465005 0.465005 
item 5
40 60 100 0 25 35 70 80 60 65 20 25 55 75 5 15 80 10 15 135 20 50 90 45 0 10 
53.1399 53.1399 53.1399 53.1399 53.1399 53.1399 53.1399 53.1399 53.1399 53.1399 53.1399 53.1399 53.1399 53.1399 53.1399 53.1399 53.1399 53.1399 53.1399 53.1399 53.1399 53.1399 53.1399 53.1399 53.1399 53.1399 
0.492319 0.492319 0.492319 0.492319 0.492319 0.492319 0.492319 0.492319 0.492319 0.492319 0.492319 0.492319 0.492319 0.492319 0.492319 0.492319 0.492319 0.492319 0.492319 0.492319 0.492319 0.492319 0.492319 0.492319 0.492319 0.492319 
item 6
35 110 80 205 35 10 305 80 245 250 105 190 90 135 250 170 80 85 200 120 70 40 190 260 225 315 
200.67 200.67 200.67 200.67 200.67 200.67 200.67 200.67 200.67 200.67 200.67 200.67 200.67 200.67 200.67 200.67 200.67 200.67 200.67 200.67 200.67 200.67 200.67 200.67 200.67 200.67 
0.374706 0.374706 0.374706 0.374706 0.374706 0.374706 0.374706 0.374706 0.374706 0.374706 0.374706 0.374706 0.374706 0.374706 0.374706 0.374706 0.374706 0.374706 0.374706 0.374706 0.374706 0.374706 0.374706 0.374706 0.374706 0.374706 
item 7
110 240 30 115 155 115 85 310 320 175 135 300 70 110 40 145 270 325 90 60 300 25 70 70 110 105 
120.242 120.242 120.242 120.242 120.242 120.242 120.242 120.242 120.242 120.242 120.242 120.242 120.242 120.242 120.242 120.242 120.242 120.242 120.242 120.242 120.242 120.242 120.242 120.242 120.242 120.242 
0.243796 0.243796 0.243796 0.243796 0.243796 0.243796 0.243796 0.243796 0.243796 0.243796 0.243796 0.243796 0.243796 0.243796 0.243796 0.243796 0.243796 0.243796 0.243796 0.243796 0.243796 0.243796 0.243796 0.243796 0.243796 0.243796 
item 8
70 50 135 85 100 135 30 45 35 165 25 40 85 20 40 180 25 45 105 10 20 15 40 125 40 95 
135.386 135.386 135.386 135.386 135.386 135.386 135.386 135.386 135.386 135.386 135.386 135.386 135.386 135.386 135.386 135.386 135.386 135.386 135.386 135.386 135.386 135.386 135.386 135.386 135.386 135.386 
0.555673 0.555673 0.555673 0.555673 0.555673 0.555673 0.555673 0.555673 0.555673 0.555673 0.555673 0.555673 0.555673 0.555673 0.555673 0.555673 0.555673 0.555673 0.555673 0.555673 0.555673 0.555673 0.555673 0.555673 0.555673 0.555673 
item 9
265 20 190 135 140 115 10 5 285 105 10 65 110 140 40 60 310 360 35 25 115 60 225 300 175 5 
13.9409 13.9409 13.9409 13.9409 13.9409 13.9409 13.9409 13.9409 13.9409 13.9409 13.9409 13.9409 13.9409 13.9409 13.9409 13.9409 13.9409 13.9409 13.9409 13.9409 13.9409 13.9409 13.9409 13.9409 13.9409 13.9409 
0.17444 0.17444 0.17444 0.17444 0.17444 0.17444 0.17444 0.17444 0.17444 0.17444 0.17444 0.17444 0.17444 0.17444 0.17444 0.17444 0.17444 0.17444 0.17444 0.17444 0.17444 0.17444 0.17444 0.17444 0.17444 0.17444 
