13 10
1000 1000 1000 1000 1000 1000 1000 1000 1000 1000 1000 1000 1000 
item 0
25 95 120 115 65 80 65 80 75 80 70 70 90 
190.572 190.572 190.572 190.572 190.572 190.572 190.572 190.572 190.572 190.572 190.572 190.572 190.572 
0.531914 0.531914 0.531914 0.531914 0.531914 0.531914 0.531914 0.531914 0.531914 0.531914 0.531914 0.531914 0.531914 
item 1
605 235 755 95 650 160 195 390 490 70 400 200 90 
351.182 351.182 351.182 351.182 351.182 351.182 351.182 351.182 351.182 351.182 351.182 351.182 351.182 
0.13548 0.13548 0.13548 0.13548 0.13548 0.13548 0.13548 0.13548 0.13548 0.13548 0.13548 0.13548 0.13548 
item 2
45 90 40 75 85 20 80 65 45 35 20 20 5 
54.1146 54.1146 54.1146 54.1146 54.1146 54.1146 54.1146 54.1146 54.1146 54.1146 54.1146 54.1146 54.1146 
0.354535 0.354535 0.354535 0.354535 0.354535 0.354535 0.354535 0.354535 0.354535 0.354535 0.354535 0.354535 0.354535 
item 3
60 40 55 25 5 100 10 65 15 45 5 65 10 
200.693 200.693 200.693 200.693 200.693 200.693 200.693 200.693 200.693 200.693 200.693 200.693 200.693 
0.587991 0.587991 0.587991 0.587991 0.587991 0.587991 0.587991 0.587991 0.587991 0.587991 0.587991 0.587991 0.587991 
item 4
55 35 45 65 85 240 235 60 205 255 320 85 380 
283.787 283.787 283.787 283.787 283.787 283.787 283.787 283.787 283.787 283.787 283.787 283.787 283.787 
0.194026 0.194026 0.194026 0.194026 0.194026 0.194026 0.194026 0.194026 0.194026 0.194026 0.194026 0.194026 0.194026 
item 5
20 5 10 15 25 60 10 90 85 90 70 30 10 
11.5997 11.5997 11.5997 11.5997 11.5997 11.5997 11.5997 11.5997 11.5997 11.5997 11.5997 11.5997 11.5997 
0.30562 0.30562 0.30562 0.30562 0.30562 0.30562 0.30562 0.30562 0.30562 0.30562 0.30562 0.30562 0.30562 
item 6
30 140 100 60 75 130 145 75 115 35 85 160 105 
244.005 244.005 244.005 244.005 244.005 244.005 244.005 244.005 244.005 244.005 244.005 244.005 244.005 
0.411875 0.411875 0.411875 0.411875 0.411875 0.411875 0.411875 0.411875 0.411875 0.411875 0.411875 0.411875 0.411875 
item 7
5 95 90 10 140 45 10 40 50 30 95 20 30 
227.685 227.685 227.685 227.685 227.685 227.685 227.685 227.685 227.685 227.685 227.685 227.685 227.685 
0.401043 0.401043 0.401043 0.401043 0.401043 0.401043 0.401043 0.401043 0.401043 0.401043 0.401043 0.401043 0.401043 
item 8
120 150 50 265 345 10 195 285 45 265 35 135 280 
358.852 358.852 358.852 358.852 358.852 358.852 358.852 358.852 358.852 358.852 358.852 358.852 358.852 
0.282597 0.282597 0.282597 0.282597 0.282597 0.282597 0.282597 0.282597 0.282597 0.282597 0.282597 0.282597 0.282597 
item 9
115 65 15 85 170 20 70 160 140 90 195 50 65 
77.5099 77.5099 77.5099 77.5099 77.5099 77.5099 77.5099 77.5099 77.5099 77.5099 77.5099 77.5099 77.5099 
0.221346 0.221346 0.221346 0.221346 0.221346 0.221346 0.221346 0.221346 0.221346 0.221346 0.221346 0.221346 0.221346 
