13 20
-6.27744e+66 55.3302 58.6904 92.2923 127.574 147.735 168.737 168.737 192.258 192.258 388.829 514.836 607.241 859.255 
-6.27744e+66 -6.27744e+66 55.3302 72.1312 95.6525 110.773 127.574 127.574 147.735 147.735 322.465 435.872 519.876 750.889 
-6.27744e+66 -6.27744e+66 -6.27744e+66 55.3302 67.0909 77.1715 89.7722 89.7722 106.573 106.573 259.462 360.267 435.872 645.883 
-6.27744e+66 -6.27744e+66 -6.27744e+66 -6.27744e+66 55.3302 60.3705 68.771 68.771 82.2117 82.2117 213.259 301.464 368.668 557.678 
-6.27744e+66 -6.27744e+66 -6.27744e+66 -6.27744e+66 -6.27744e+66 55.3302 59.5305 59.5305 69.611 69.611 178.817 254.421 313.225 481.234 
-6.27744e+66 -6.27744e+66 -6.27744e+66 -6.27744e+66 -6.27744e+66 -6.27744e+66 55.3302 55.3302 62.0506 62.0506 149.416 212.419 262.822 409.83 
-6.27744e+66 -6.27744e+66 -6.27744e+66 -6.27744e+66 -6.27744e+66 -6.27744e+66 -6.27744e+66 55.3302 58.6904 58.6904 124.214 174.617 216.619 342.626 
-6.27744e+66 -6.27744e+66 -6.27744e+66 -6.27744e+66 -6.27744e+66 -6.27744e+66 -6.27744e+66 -6.27744e+66 55.3302 55.3302 99.0127 136.815 170.417 275.423 
-6.27744e+66 -6.27744e+66 -6.27744e+66 -6.27744e+66 -6.27744e+66 -6.27744e+66 -6.27744e+66 -6.27744e+66 -6.27744e+66 55.3302 77.1715 102.373 127.574 211.579 
-6.27744e+66 -6.27744e+66 -6.27744e+66 -6.27744e+66 -6.27744e+66 -6.27744e+66 -6.27744e+66 -6.27744e+66 -6.27744e+66 -6.27744e+66 55.3302 67.9309 84.7319 147.735 
-6.27744e+66 -6.27744e+66 -6.27744e+66 -6.27744e+66 -6.27744e+66 -6.27744e+66 -6.27744e+66 -6.27744e+66 -6.27744e+66 -6.27744e+66 -6.27744e+66 55.3302 63.7307 105.733 
-6.27744e+66 -6.27744e+66 -6.27744e+66 -6.27744e+66 -6.27744e+66 -6.27744e+66 -6.27744e+66 -6.27744e+66 -6.27744e+66 -6.27744e+66 -6.27744e+66 -6.27744e+66 55.3302 76.3314 
-6.27744e+66 -6.27744e+66 -6.27744e+66 -6.27744e+66 -6.27744e+66 -6.27744e+66 -6.27744e+66 -6.27744e+66 -6.27744e+66 -6.27744e+66 -6.27744e+66 -6.27744e+66 -6.27744e+66 55.3302 
-6.27744e+66 -6.27744e+66 -6.27744e+66 -6.27744e+66 -6.27744e+66 -6.27744e+66 -6.27744e+66 -6.27744e+66 -6.27744e+66 -6.27744e+66 -6.27744e+66 -6.27744e+66 -6.27744e+66 -6.27744e+66 
-6.27744e+66 20.6663 26.4059 26.4059 52.2339 63.713 92.4108 144.067 164.155 210.072 261.728 319.123 413.826 482.701 
-6.27744e+66 -6.27744e+66 20.6663 20.6663 37.885 46.4943 69.4526 112.499 129.718 169.895 215.811 267.467 353.561 416.696 
-6.27744e+66 -6.27744e+66 -6.27744e+66 20.6663 29.2757 35.0152 52.2339 86.6713 101.02 135.458 175.634 221.551 299.035 356.431 
-6.27744e+66 -6.27744e+66 -6.27744e+66 -6.27744e+66 20.6663 23.5361 35.0152 60.8432 72.3224 101.02 135.458 175.634 244.509 296.165 
-6.27744e+66 -6.27744e+66 -6.27744e+66 -6.27744e+66 -6.27744e+66 20.6663 26.4059 43.6246 52.2339 75.1921 103.89 138.327 198.593 244.509 
-6.27744e+66 -6.27744e+66 -6.27744e+66 -6.27744e+66 -6.27744e+66 -6.27744e+66 20.6663 29.2757 35.0152 52.2339 75.1921 103.89 155.546 195.723 
-6.27744e+66 -6.27744e+66 -6.27744e+66 -6.27744e+66 -6.27744e+66 -6.27744e+66 -6.27744e+66 20.6663 23.5361 35.0152 52.2339 75.1921 118.239 152.676 
-6.27744e+66 -6.27744e+66 -6.27744e+66 -6.27744e+66 -6.27744e+66 -6.27744e+66 -6.27744e+66 -6.27744e+66 20.6663 26.4059 37.885 55.1037 89.541 118.239 
-6.27744e+66 -6.27744e+66 -6.27744e+66 -6.27744e+66 -6.27744e+66 -6.27744e+66 -6.27744e+66 -6.27744e+66 -6.27744e+66 20.6663 26.4059 37.885 63.713 86.6713 
-6.27744e+66 -6.27744e+66 -6.27744e+66 -6.27744e+66 -6.27744e+66 -6.27744e+66 -6.27744e+66 -6.27744e+66 -6.27744e+66 -6.27744e+66 20.6663 26.4059 43.6246 60.8432 
-6.27744e+66 -6.27744e+66 -6.27744e+66 -6.27744e+66 -6.27744e+66 -6.27744e+66 -6.27744e+66 -6.27744e+66 -6.27744e+66 -6.27744e+66 -6.27744e+66 20.6663 29.2757 40.7548 
-6.27744e+66 -6.27744e+66 -6.27744e+66 -6.27744e+66 -6.27744e+66 -6.27744e+66 -6.27744e+66 -6.27744e+66 -6.27744e+66 -6.27744e+66 -6.27744e+66 -6.27744e+66 20.6663 26.4059 
-6.27744e+66 -6.27744e+66 -6.27744e+66 -6.27744e+66 -6.27744e+66 -6.27744e+66 -6.27744e+66 -6.27744e+66 -6.27744e+66 -6.27744e+66 -6.27744e+66 -6.27744e+66 -6.27744e+66 20.6663 
-6.27744e+66 -6.27744e+66 -6.27744e+66 -6.27744e+66 -6.27744e+66 -6.27744e+66 -6.27744e+66 -6.27744e+66 -6.27744e+66 -6.27744e+66 -6.27744e+66 -6.27744e+66 -6.27744e+66 -6.27744e+66 
-6.27744e+66 229.648 280.387 365.722 414.155 427.993 554.842 665.546 665.546 997.66 1215.61 1273.27 1362.06 1680.34 
-6.27744e+66 -6.27744e+66 229.648 272.315 304.604 314.982 416.462 508.715 508.715 799.314 993.047 1044.94 1125.66 1417.41 
-6.27744e+66 -6.27744e+66 -6.27744e+66 229.648 245.792 252.711 328.821 402.623 402.623 651.708 821.225 867.351 940.001 1205.23 
-6.27744e+66 -6.27744e+66 -6.27744e+66 -6.27744e+66 229.648 233.107 283.847 339.199 339.199 546.77 692.069 732.43 797.008 1035.71 
-6.27744e+66 -6.27744e+66 -6.27744e+66 -6.27744e+66 -6.27744e+66 229.648 255.018 291.919 291.919 457.976 579.059 613.654 670.159 882.343 
-6.27744e+66 -6.27744e+66 -6.27744e+66 -6.27744e+66 -6.27744e+66 -6.27744e+66 229.648 248.099 248.099 372.641 469.507 498.337 546.77 732.43 
-6.27744e+66 -6.27744e+66 -6.27744e+66 -6.27744e+66 -6.27744e+66 -6.27744e+66 -6.27744e+66 229.648 229.648 312.676 385.326 408.389 448.75 607.888 
-6.27744e+66 -6.27744e+66 -6.27744e+66 -6.27744e+66 -6.27744e+66 -6.27744e+66 -6.27744e+66 -6.27744e+66 229.648 271.162 319.595 336.893 369.182 501.796 
-6.27744e+66 -6.27744e+66 -6.27744e+66 -6.27744e+66 -6.27744e+66 -6.27744e+66 -6.27744e+66 -6.27744e+66 -6.27744e+66 229.648 253.864 265.396 289.613 395.704 
-6.27744e+66 -6.27744e+66 -6.27744e+66 -6.27744e+66 -6.27744e+66 -6.27744e+66 -6.27744e+66 -6.27744e+66 -6.27744e+66 -6.27744e+66 229.648 235.414 251.558 331.127 
-6.27744e+66 -6.27744e+66 -6.27744e+66 -6.27744e+66 -6.27744e+66 -6.27744e+66 -6.27744e+66 -6.27744e+66 -6.27744e+66 -6.27744e+66 -6.27744e+66 229.648 237.72 290.766 
-6.27744e+66 -6.27744e+66 -6.27744e+66 -6.27744e+66 -6.27744e+66 -6.27744e+66 -6.27744e+66 -6.27744e+66 -6.27744e+66 -6.27744e+66 -6.27744e+66 -6.27744e+66 229.648 256.171 
-6.27744e+66 -6.27744e+66 -6.27744e+66 -6.27744e+66 -6.27744e+66 -6.27744e+66 -6.27744e+66 -6.27744e+66 -6.27744e+66 -6.27744e+66 -6.27744e+66 -6.27744e+66 -6.27744e+66 229.648 
-6.27744e+66 -6.27744e+66 -6.27744e+66 -6.27744e+66 -6.27744e+66 -6.27744e+66 -6.27744e+66 -6.27744e+66 -6.27744e+66 -6.27744e+66 -6.27744e+66 -6.27744e+66 -6.27744e+66 -6.27744e+66 
-6.27744e+66 89.599 119.695 126.031 130.784 206.816 266.217 385.019 457.092 457.092 542.629 645.59 750.135 959.226 
-6.27744e+66 -6.27744e+66 89.599 92.767 95.9351 152.96 200.48 299.482 361.258 361.258 437.291 529.956 624.998 816.664 
-6.27744e+66 -6.27744e+66 -6.27744e+66 89.599 91.183 129.199 164.84 244.041 295.522 295.522 362.05 444.419 529.956 704.199 
-6.27744e+66 -6.27744e+66 -6.27744e+66 -6.27744e+66 89.599 108.607 132.368 191.768 232.953 232.953 289.977 362.05 438.083 594.901 
-6.27744e+66 -6.27744e+66 -6.27744e+66 -6.27744e+66 -6.27744e+66 89.599 101.479 141.08 171.968 171.968 219.489 281.265 347.794 487.188 
-6.27744e+66 -6.27744e+66 -6.27744e+66 -6.27744e+66 -6.27744e+66 -6.27744e+66 89.599 109.399 129.991 129.991 168.008 219.489 276.513 398.483 
-6.27744e+66 -6.27744e+66 -6.27744e+66 -6.27744e+66 -6.27744e+66 -6.27744e+66 -6.27744e+66 89.599 99.8951 99.8951 128.407 169.592 217.113 321.658 
-6.27744e+66 -6.27744e+66 -6.27744e+66 -6.27744e+66 -6.27744e+66 -6.27744e+66 -6.27744e+66 -6.27744e+66 89.599 89.599 108.607 139.496 177.512 264.633 
-6.27744e+66 -6.27744e+66 -6.27744e+66 -6.27744e+66 -6.27744e+66 -6.27744e+66 -6.27744e+66 -6.27744e+66 -6.27744e+66 89.599 99.1031 119.695 148.208 217.905 
-6.27744e+66 -6.27744e+66 -6.27744e+66 -6.27744e+66 -6.27744e+66 -6.27744e+66 -6.27744e+66 -6.27744e+66 -6.27744e+66 -6.27744e+66 89.599 99.8951 118.903 171.176 
-6.27744e+66 -6.27744e+66 -6.27744e+66 -6.27744e+66 -6.27744e+66 -6.27744e+66 -6.27744e+66 -6.27744e+66 -6.27744e+66 -6.27744e+66 -6.27744e+66 89.599 99.1031 133.952 
-6.27744e+66 -6.27744e+66 -6.27744e+66 -6.27744e+66 -6.27744e+66 -6.27744e+66 -6.27744e+66 -6.27744e+66 -6.27744e+66 -6.27744e+66 -6.27744e+66 -6.27744e+66 89.599 107.023 
-6.27744e+66 -6.27744e+66 -6.27744e+66 -6.27744e+66 -6.27744e+66 -6.27744e+66 -6.27744e+66 -6.27744e+66 -6.27744e+66 -6.27744e+66 -6.27744e+66 -6.27744e+66 -6.27744e+66 89.599 
-6.27744e+66 -6.27744e+66 -6.27744e+66 -6.27744e+66 -6.27744e+66 -6.27744e+66 -6.27744e+66 -6.27744e+66 -6.27744e+66 -6.27744e+66 -6.27744e+66 -6.27744e+66 -6.27744e+66 -6.27744e+66 
-6.27744e+66 170.98 215.466 219.703 232.413 257.833 437.895 526.867 749.296 935.713 1126.37 1444.12 1653.84 1806.36 
-6.27744e+66 -6.27744e+66 170.98 173.099 181.572 200.637 344.687 418.83 609.483 772.598 942.068 1228.05 1418.7 1558.51 
-6.27744e+66 -6.27744e+66 -6.27744e+66 170.98 175.217 187.927 295.964 355.279 514.157 653.969 802.255 1056.46 1228.05 1355.15 
-6.27744e+66 -6.27744e+66 -6.27744e+66 -6.27744e+66 170.98 177.335 249.36 293.846 420.948 537.459 664.561 886.99 1039.51 1153.91 
-6.27744e+66 -6.27744e+66 -6.27744e+66 -6.27744e+66 -6.27744e+66 170.98 206.992 236.65 331.976 425.185 531.104 721.757 855.215 956.896 
-6.27744e+66 -6.27744e+66 -6.27744e+66 -6.27744e+66 -6.27744e+66 -6.27744e+66 170.98 185.809 249.36 319.266 404.001 562.879 677.271 766.243 
-6.27744e+66 -6.27744e+66 -6.27744e+66 -6.27744e+66 -6.27744e+66 -6.27744e+66 -6.27744e+66 170.98 202.756 249.36 312.911 440.013 535.34 611.602 
-6.27744e+66 -6.27744e+66 -6.27744e+66 -6.27744e+66 -6.27744e+66 -6.27744e+66 -6.27744e+66 -6.27744e+66 170.98 194.282 236.65 331.976 408.238 471.789 
-6.27744e+66 -6.27744e+66 -6.27744e+66 -6.27744e+66 -6.27744e+66 -6.27744e+66 -6.27744e+66 -6.27744e+66 -6.27744e+66 170.98 192.164 255.715 312.911 363.752 
-6.27744e+66 -6.27744e+66 -6.27744e+66 -6.27744e+66 -6.27744e+66 -6.27744e+66 -6.27744e+66 -6.27744e+66 -6.27744e+66 -6.27744e+66 170.98 202.756 240.886 279.017 
-6.27744e+66 -6.27744e+66 -6.27744e+66 -6.27744e+66 -6.27744e+66 -6.27744e+66 -6.27744e+66 -6.27744e+66 -6.27744e+66 -6.27744e+66 -6.27744e+66 170.98 190.045 215.466 
-6.27744e+66 -6.27744e+66 -6.27744e+66 -6.27744e+66 -6.27744e+66 -6.27744e+66 -6.27744e+66 -6.27744e+66 -6.27744e+66 -6.27744e+66 -6.27744e+66 -6.27744e+66 170.98 183.69 
-6.27744e+66 -6.27744e+66 -6.27744e+66 -6.27744e+66 -6.27744e+66 -6.27744e+66 -6.27744e+66 -6.27744e+66 -6.27744e+66 -6.27744e+66 -6.27744e+66 -6.27744e+66 -6.27744e+66 170.98 
-6.27744e+66 -6.27744e+66 -6.27744e+66 -6.27744e+66 -6.27744e+66 -6.27744e+66 -6.27744e+66 -6.27744e+66 -6.27744e+66 -6.27744e+66 -6.27744e+66 -6.27744e+66 -6.27744e+66 -6.27744e+66 
-6.27744e+66 102.051 108.995 134.455 179.588 239.767 326.562 514.041 651.756 670.273 899.413 910.986 1051.02 1273.21 
-6.27744e+66 -6.27744e+66 102.051 114.781 144.87 190.004 259.44 415.672 533.714 549.916 753.596 764.012 891.312 1094.99 
-6.27744e+66 -6.27744e+66 -6.27744e+66 102.051 117.096 147.185 199.262 324.248 422.616 436.503 614.724 623.982 738.552 923.716 
-6.27744e+66 -6.27744e+66 -6.27744e+66 -6.27744e+66 102.051 117.096 151.814 245.553 324.248 335.82 488.581 496.682 598.522 765.169 
-6.27744e+66 -6.27744e+66 -6.27744e+66 -6.27744e+66 -6.27744e+66 102.051 119.41 181.903 240.924 250.182 377.482 384.426 473.536 621.667 
-6.27744e+66 -6.27744e+66 -6.27744e+66 -6.27744e+66 -6.27744e+66 -6.27744e+66 102.051 133.297 172.645 179.588 281.429 287.215 363.595 493.21 
-6.27744e+66 -6.27744e+66 -6.27744e+66 -6.27744e+66 -6.27744e+66 -6.27744e+66 -6.27744e+66 102.051 121.725 126.354 202.734 207.363 271.013 382.111 
-6.27744e+66 -6.27744e+66 -6.27744e+66 -6.27744e+66 -6.27744e+66 -6.27744e+66 -6.27744e+66 -6.27744e+66 102.051 104.366 155.286 158.757 209.678 302.259 
-6.27744e+66 -6.27744e+66 -6.27744e+66 -6.27744e+66 -6.27744e+66 -6.27744e+66 -6.27744e+66 -6.27744e+66 -6.27744e+66 102.051 127.511 129.826 168.016 242.081 
-6.27744e+66 -6.27744e+66 -6.27744e+66 -6.27744e+66 -6.27744e+66 -6.27744e+66 -6.27744e+66 -6.27744e+66 -6.27744e+66 -6.27744e+66 102.051 103.208 128.668 184.218 
-6.27744e+66 -6.27744e+66 -6.27744e+66 -6.27744e+66 -6.27744e+66 -6.27744e+66 -6.27744e+66 -6.27744e+66 -6.27744e+66 -6.27744e+66 -6.27744e+66 102.051 114.781 151.814 
-6.27744e+66 -6.27744e+66 -6.27744e+66 -6.27744e+66 -6.27744e+66 -6.27744e+66 -6.27744e+66 -6.27744e+66 -6.27744e+66 -6.27744e+66 -6.27744e+66 -6.27744e+66 102.051 120.567 
-6.27744e+66 -6.27744e+66 -6.27744e+66 -6.27744e+66 -6.27744e+66 -6.27744e+66 -6.27744e+66 -6.27744e+66 -6.27744e+66 -6.27744e+66 -6.27744e+66 -6.27744e+66 -6.27744e+66 102.051 
-6.27744e+66 -6.27744e+66 -6.27744e+66 -6.27744e+66 -6.27744e+66 -6.27744e+66 -6.27744e+66 -6.27744e+66 -6.27744e+66 -6.27744e+66 -6.27744e+66 -6.27744e+66 -6.27744e+66 -6.27744e+66 
-6.27744e+66 214.324 222.618 284.817 398.849 606.18 851.522 1179.11 1362.94 1584.09 2075.47 2483.22 2673.27 3121.11 
-6.27744e+66 -6.27744e+66 214.324 245.424 321.446 476.944 673.217 946.204 1103.78 1297.28 1734.06 2101.04 2273.81 2684.33 
-6.27744e+66 -6.27744e+66 -6.27744e+66 214.324 252.335 356.001 503.206 721.595 852.905 1018.77 1400.95 1727.15 1882.65 2255.85 
-6.27744e+66 -6.27744e+66 -6.27744e+66 -6.27744e+66 214.324 266.157 364.294 528.086 633.133 771.354 1098.94 1384.36 1522.58 1858.46 
-6.27744e+66 -6.27744e+66 -6.27744e+66 -6.27744e+66 -6.27744e+66 214.324 263.393 372.587 451.373 561.95 834.936 1079.59 1200.53 1499.09 
-6.27744e+66 -6.27744e+66 -6.27744e+66 -6.27744e+66 -6.27744e+66 -6.27744e+66 214.324 268.922 321.446 404.378 622.767 826.643 930.308 1191.55 
-6.27744e+66 -6.27744e+66 -6.27744e+66 -6.27744e+66 -6.27744e+66 -6.27744e+66 -6.27744e+66 214.324 240.586 295.875 459.666 622.767 709.155 933.073 
-6.27744e+66 -6.27744e+66 -6.27744e+66 -6.27744e+66 -6.27744e+66 -6.27744e+66 -6.27744e+66 -6.27744e+66 214.324 241.969 351.163 473.488 542.599 729.197 
-6.27744e+66 -6.27744e+66 -6.27744e+66 -6.27744e+66 -6.27744e+66 -6.27744e+66 -6.27744e+66 -6.27744e+66 -6.27744e+66 214.324 268.922 350.472 402.305 551.583 
-6.27744e+66 -6.27744e+66 -6.27744e+66 -6.27744e+66 -6.27744e+66 -6.27744e+66 -6.27744e+66 -6.27744e+66 -6.27744e+66 -6.27744e+66 214.324 255.1 289.655 401.614 
-6.27744e+66 -6.27744e+66 -6.27744e+66 -6.27744e+66 -6.27744e+66 -6.27744e+66 -6.27744e+66 -6.27744e+66 -6.27744e+66 -6.27744e+66 -6.27744e+66 214.324 231.602 306.241 
-6.27744e+66 -6.27744e+66 -6.27744e+66 -6.27744e+66 -6.27744e+66 -6.27744e+66 -6.27744e+66 -6.27744e+66 -6.27744e+66 -6.27744e+66 -6.27744e+66 -6.27744e+66 214.324 251.644 
-6.27744e+66 -6.27744e+66 -6.27744e+66 -6.27744e+66 -6.27744e+66 -6.27744e+66 -6.27744e+66 -6.27744e+66 -6.27744e+66 -6.27744e+66 -6.27744e+66 -6.27744e+66 -6.27744e+66 214.324 
-6.27744e+66 -6.27744e+66 -6.27744e+66 -6.27744e+66 -6.27744e+66 -6.27744e+66 -6.27744e+66 -6.27744e+66 -6.27744e+66 -6.27744e+66 -6.27744e+66 -6.27744e+66 -6.27744e+66 -6.27744e+66 
-6.27744e+66 44.7714 55.7549 83.2137 99.6889 121.656 135.385 250.712 250.712 316.613 415.465 580.217 761.445 893.247 
-6.27744e+66 -6.27744e+66 44.7714 58.5008 69.4843 85.9596 96.9431 193.049 193.049 250.712 338.58 486.858 651.61 772.429 
-6.27744e+66 -6.27744e+66 -6.27744e+66 44.7714 50.2632 61.2467 69.4843 146.369 146.369 195.795 272.679 404.481 552.759 662.594 
-6.27744e+66 -6.27744e+66 -6.27744e+66 -6.27744e+66 44.7714 50.2632 55.7549 113.418 113.418 154.606 220.508 335.834 467.636 566.488 
-6.27744e+66 -6.27744e+66 -6.27744e+66 -6.27744e+66 -6.27744e+66 44.7714 47.5173 85.9596 85.9596 118.91 173.828 272.679 388.006 475.874 
-6.27744e+66 -6.27744e+66 -6.27744e+66 -6.27744e+66 -6.27744e+66 -6.27744e+66 44.7714 63.9925 63.9925 88.7054 132.639 215.016 313.867 390.752 
-6.27744e+66 -6.27744e+66 -6.27744e+66 -6.27744e+66 -6.27744e+66 -6.27744e+66 -6.27744e+66 44.7714 44.7714 61.2467 94.1972 160.098 242.475 308.376 
-6.27744e+66 -6.27744e+66 -6.27744e+66 -6.27744e+66 -6.27744e+66 -6.27744e+66 -6.27744e+66 -6.27744e+66 44.7714 53.009 74.976 124.402 190.303 245.22 
-6.27744e+66 -6.27744e+66 -6.27744e+66 -6.27744e+66 -6.27744e+66 -6.27744e+66 -6.27744e+66 -6.27744e+66 -6.27744e+66 44.7714 55.7549 88.7054 138.131 182.065 
-6.27744e+66 -6.27744e+66 -6.27744e+66 -6.27744e+66 -6.27744e+66 -6.27744e+66 -6.27744e+66 -6.27744e+66 -6.27744e+66 -6.27744e+66 44.7714 61.2467 94.1972 127.148 
-6.27744e+66 -6.27744e+66 -6.27744e+66 -6.27744e+66 -6.27744e+66 -6.27744e+66 -6.27744e+66 -6.27744e+66 -6.27744e+66 -6.27744e+66 -6.27744e+66 44.7714 61.2467 83.2137 
-6.27744e+66 -6.27744e+66 -6.27744e+66 -6.27744e+66 -6.27744e+66 -6.27744e+66 -6.27744e+66 -6.27744e+66 -6.27744e+66 -6.27744e+66 -6.27744e+66 -6.27744e+66 44.7714 55.7549 
-6.27744e+66 -6.27744e+66 -6.27744e+66 -6.27744e+66 -6.27744e+66 -6.27744e+66 -6.27744e+66 -6.27744e+66 -6.27744e+66 -6.27744e+66 -6.27744e+66 -6.27744e+66 -6.27744e+66 44.7714 
-6.27744e+66 -6.27744e+66 -6.27744e+66 -6.27744e+66 -6.27744e+66 -6.27744e+66 -6.27744e+66 -6.27744e+66 -6.27744e+66 -6.27744e+66 -6.27744e+66 -6.27744e+66 -6.27744e+66 -6.27744e+66 
-6.27744e+66 43.2236 48.6564 81.2535 97.552 97.552 124.716 168.179 180.856 180.856 327.542 472.418 651.702 825.553 
-6.27744e+66 -6.27744e+66 43.2236 59.5221 70.3878 70.3878 92.1192 128.338 139.204 139.204 269.592 399.98 562.965 722.329 
-6.27744e+66 -6.27744e+66 -6.27744e+66 43.2236 48.6564 48.6564 64.955 93.9301 102.985 102.985 217.075 332.975 479.662 624.538 
-6.27744e+66 -6.27744e+66 -6.27744e+66 -6.27744e+66 43.2236 43.2236 54.0893 75.8207 83.0644 83.0644 180.856 282.269 412.657 543.045 
-6.27744e+66 -6.27744e+66 -6.27744e+66 -6.27744e+66 -6.27744e+66 43.2236 48.6564 63.144 68.5769 68.5769 150.069 236.995 351.085 466.985 
-6.27744e+66 -6.27744e+66 -6.27744e+66 -6.27744e+66 -6.27744e+66 -6.27744e+66 43.2236 50.4674 54.0893 54.0893 119.283 191.721 289.512 390.925 
-6.27744e+66 -6.27744e+66 -6.27744e+66 -6.27744e+66 -6.27744e+66 -6.27744e+66 -6.27744e+66 43.2236 45.0346 45.0346 93.9301 151.88 233.373 320.298 
-6.27744e+66 -6.27744e+66 -6.27744e+66 -6.27744e+66 -6.27744e+66 -6.27744e+66 -6.27744e+66 -6.27744e+66 43.2236 43.2236 75.8207 119.283 184.477 256.915 
-6.27744e+66 -6.27744e+66 -6.27744e+66 -6.27744e+66 -6.27744e+66 -6.27744e+66 -6.27744e+66 -6.27744e+66 -6.27744e+66 43.2236 59.5221 88.4973 137.393 195.343 
-6.27744e+66 -6.27744e+66 -6.27744e+66 -6.27744e+66 -6.27744e+66 -6.27744e+66 -6.27744e+66 -6.27744e+66 -6.27744e+66 -6.27744e+66 43.2236 57.7112 90.3082 133.771 
-6.27744e+66 -6.27744e+66 -6.27744e+66 -6.27744e+66 -6.27744e+66 -6.27744e+66 -6.27744e+66 -6.27744e+66 -6.27744e+66 -6.27744e+66 -6.27744e+66 43.2236 59.5221 88.4973 
-6.27744e+66 -6.27744e+66 -6.27744e+66 -6.27744e+66 -6.27744e+66 -6.27744e+66 -6.27744e+66 -6.27744e+66 -6.27744e+66 -6.27744e+66 -6.27744e+66 -6.27744e+66 43.2236 57.7112 
-6.27744e+66 -6.27744e+66 -6.27744e+66 -6.27744e+66 -6.27744e+66 -6.27744e+66 -6.27744e+66 -6.27744e+66 -6.27744e+66 -6.27744e+66 -6.27744e+66 -6.27744e+66 -6.27744e+66 43.2236 
-6.27744e+66 -6.27744e+66 -6.27744e+66 -6.27744e+66 -6.27744e+66 -6.27744e+66 -6.27744e+66 -6.27744e+66 -6.27744e+66 -6.27744e+66 -6.27744e+66 -6.27744e+66 -6.27744e+66 -6.27744e+66 
-6.27744e+66 181.914 206.689 214.947 283.078 357.403 429.664 528.764 745.545 811.612 1071.75 1133.69 1451.63 1798.48 
-6.27744e+66 -6.27744e+66 181.914 186.043 231.464 287.207 345.016 427.599 613.412 671.22 902.453 958.197 1247.24 1565.18 
-6.27744e+66 -6.27744e+66 -6.27744e+66 181.914 204.624 241.787 285.143 351.21 506.053 555.603 757.932 807.482 1067.62 1356.66 
-6.27744e+66 -6.27744e+66 -6.27744e+66 -6.27744e+66 181.914 200.495 229.399 278.949 402.824 444.116 617.541 660.897 892.13 1152.27 
-6.27744e+66 -6.27744e+66 -6.27744e+66 -6.27744e+66 -6.27744e+66 181.914 196.366 229.399 322.305 355.339 499.86 537.022 739.351 970.585 
-6.27744e+66 -6.27744e+66 -6.27744e+66 -6.27744e+66 -6.27744e+66 -6.27744e+66 181.914 198.43 260.368 285.143 400.76 431.728 605.153 807.482 
-6.27744e+66 -6.27744e+66 -6.27744e+66 -6.27744e+66 -6.27744e+66 -6.27744e+66 -6.27744e+66 181.914 212.882 229.399 316.112 340.887 485.407 658.832 
-6.27744e+66 -6.27744e+66 -6.27744e+66 -6.27744e+66 -6.27744e+66 -6.27744e+66 -6.27744e+66 -6.27744e+66 181.914 190.172 247.98 266.562 382.178 526.699 
-6.27744e+66 -6.27744e+66 -6.27744e+66 -6.27744e+66 -6.27744e+66 -6.27744e+66 -6.27744e+66 -6.27744e+66 -6.27744e+66 181.914 210.818 223.205 309.918 425.535 
-6.27744e+66 -6.27744e+66 -6.27744e+66 -6.27744e+66 -6.27744e+66 -6.27744e+66 -6.27744e+66 -6.27744e+66 -6.27744e+66 -6.27744e+66 181.914 188.107 245.916 332.628 
-6.27744e+66 -6.27744e+66 -6.27744e+66 -6.27744e+66 -6.27744e+66 -6.27744e+66 -6.27744e+66 -6.27744e+66 -6.27744e+66 -6.27744e+66 -6.27744e+66 181.914 210.818 268.626 
-6.27744e+66 -6.27744e+66 -6.27744e+66 -6.27744e+66 -6.27744e+66 -6.27744e+66 -6.27744e+66 -6.27744e+66 -6.27744e+66 -6.27744e+66 -6.27744e+66 -6.27744e+66 181.914 210.818 
-6.27744e+66 -6.27744e+66 -6.27744e+66 -6.27744e+66 -6.27744e+66 -6.27744e+66 -6.27744e+66 -6.27744e+66 -6.27744e+66 -6.27744e+66 -6.27744e+66 -6.27744e+66 -6.27744e+66 181.914 
-6.27744e+66 -6.27744e+66 -6.27744e+66 -6.27744e+66 -6.27744e+66 -6.27744e+66 -6.27744e+66 -6.27744e+66 -6.27744e+66 -6.27744e+66 -6.27744e+66 -6.27744e+66 -6.27744e+66 -6.27744e+66 
-6.27744e+66 91.7984 103.438 103.438 173.275 208.194 280.942 385.698 548.652 665.048 822.182 938.578 1130.63 1235.39 
-6.27744e+66 -6.27744e+66 91.7984 91.7984 138.357 164.546 222.744 310.041 449.716 551.562 691.237 795.993 970.587 1066.61 
-6.27744e+66 -6.27744e+66 -6.27744e+66 91.7984 115.078 132.537 176.185 246.023 362.419 449.716 571.931 665.048 822.182 909.479 
-6.27744e+66 -6.27744e+66 -6.27744e+66 -6.27744e+66 91.7984 100.528 129.627 182.005 275.122 347.869 452.626 534.103 673.778 752.345 
-6.27744e+66 -6.27744e+66 -6.27744e+66 -6.27744e+66 -6.27744e+66 91.7984 106.348 141.267 211.104 269.302 356.599 426.436 548.652 618.49 
-6.27744e+66 -6.27744e+66 -6.27744e+66 -6.27744e+66 -6.27744e+66 -6.27744e+66 91.7984 109.258 155.816 199.465 269.302 327.5 432.256 493.364 
-6.27744e+66 -6.27744e+66 -6.27744e+66 -6.27744e+66 -6.27744e+66 -6.27744e+66 -6.27744e+66 91.7984 115.078 144.177 196.555 243.113 330.41 382.788 
-6.27744e+66 -6.27744e+66 -6.27744e+66 -6.27744e+66 -6.27744e+66 -6.27744e+66 -6.27744e+66 -6.27744e+66 91.7984 106.348 141.267 176.185 246.023 289.671 
-6.27744e+66 -6.27744e+66 -6.27744e+66 -6.27744e+66 -6.27744e+66 -6.27744e+66 -6.27744e+66 -6.27744e+66 -6.27744e+66 91.7984 109.258 132.537 184.915 219.834 
-6.27744e+66 -6.27744e+66 -6.27744e+66 -6.27744e+66 -6.27744e+66 -6.27744e+66 -6.27744e+66 -6.27744e+66 -6.27744e+66 -6.27744e+66 91.7984 103.438 138.357 164.546 
-6.27744e+66 -6.27744e+66 -6.27744e+66 -6.27744e+66 -6.27744e+66 -6.27744e+66 -6.27744e+66 -6.27744e+66 -6.27744e+66 -6.27744e+66 -6.27744e+66 91.7984 109.258 126.717 
-6.27744e+66 -6.27744e+66 -6.27744e+66 -6.27744e+66 -6.27744e+66 -6.27744e+66 -6.27744e+66 -6.27744e+66 -6.27744e+66 -6.27744e+66 -6.27744e+66 -6.27744e+66 91.7984 100.528 
-6.27744e+66 -6.27744e+66 -6.27744e+66 -6.27744e+66 -6.27744e+66 -6.27744e+66 -6.27744e+66 -6.27744e+66 -6.27744e+66 -6.27744e+66 -6.27744e+66 -6.27744e+66 -6.27744e+66 91.7984 
-6.27744e+66 -6.27744e+66 -6.27744e+66 -6.27744e+66 -6.27744e+66 -6.27744e+66 -6.27744e+66 -6.27744e+66 -6.27744e+66 -6.27744e+66 -6.27744e+66 -6.27744e+66 -6.27744e+66 -6.27744e+66 
-6.27744e+66 113.494 148.06 189.539 231.018 251.758 260.4 343.358 512.732 609.518 811.73 846.296 1112.45 1485.77 
-6.27744e+66 -6.27744e+66 113.494 134.233 161.886 177.441 184.354 253.486 398.664 483.351 663.095 694.205 936.168 1278.37 
-6.27744e+66 -6.27744e+66 -6.27744e+66 113.494 127.32 137.69 142.875 198.181 319.162 391.751 549.027 576.68 794.446 1105.54 
-6.27744e+66 -6.27744e+66 -6.27744e+66 -6.27744e+66 113.494 118.679 122.135 163.615 260.4 320.89 455.698 479.895 673.465 953.451 
-6.27744e+66 -6.27744e+66 -6.27744e+66 -6.27744e+66 -6.27744e+66 113.494 115.222 142.875 215.464 263.856 376.196 396.936 566.31 815.186 
-6.27744e+66 -6.27744e+66 -6.27744e+66 -6.27744e+66 -6.27744e+66 -6.27744e+66 113.494 127.32 175.713 212.007 301.879 319.162 464.34 682.107 
-6.27744e+66 -6.27744e+66 -6.27744e+66 -6.27744e+66 -6.27744e+66 -6.27744e+66 -6.27744e+66 113.494 137.69 161.886 229.29 243.117 364.098 550.755 
-6.27744e+66 -6.27744e+66 -6.27744e+66 -6.27744e+66 -6.27744e+66 -6.27744e+66 -6.27744e+66 -6.27744e+66 113.494 125.592 170.528 180.898 277.683 433.23 
-6.27744e+66 -6.27744e+66 -6.27744e+66 -6.27744e+66 -6.27744e+66 -6.27744e+66 -6.27744e+66 -6.27744e+66 -6.27744e+66 113.494 135.962 142.875 215.464 339.902 
-6.27744e+66 -6.27744e+66 -6.27744e+66 -6.27744e+66 -6.27744e+66 -6.27744e+66 -6.27744e+66 -6.27744e+66 -6.27744e+66 -6.27744e+66 113.494 116.95 165.343 258.671 
-6.27744e+66 -6.27744e+66 -6.27744e+66 -6.27744e+66 -6.27744e+66 -6.27744e+66 -6.27744e+66 -6.27744e+66 -6.27744e+66 -6.27744e+66 -6.27744e+66 113.494 137.69 199.909 
-6.27744e+66 -6.27744e+66 -6.27744e+66 -6.27744e+66 -6.27744e+66 -6.27744e+66 -6.27744e+66 -6.27744e+66 -6.27744e+66 -6.27744e+66 -6.27744e+66 -6.27744e+66 113.494 144.603 
-6.27744e+66 -6.27744e+66 -6.27744e+66 -6.27744e+66 -6.27744e+66 -6.27744e+66 -6.27744e+66 -6.27744e+66 -6.27744e+66 -6.27744e+66 -6.27744e+66 -6.27744e+66 -6.27744e+66 113.494 
-6.27744e+66 -6.27744e+66 -6.27744e+66 -6.27744e+66 -6.27744e+66 -6.27744e+66 -6.27744e+66 -6.27744e+66 -6.27744e+66 -6.27744e+66 -6.27744e+66 -6.27744e+66 -6.27744e+66 -6.27744e+66 
-6.27744e+66 161.72 173.51 200.038 235.408 247.198 460.893 531.633 799.857 1129.98 1289.15 1333.36 1560.32 1648.74 
-6.27744e+66 -6.27744e+66 161.72 174.984 198.564 207.406 378.362 437.313 667.219 956.076 1097.56 1137.35 1343.67 1424.73 
-6.27744e+66 -6.27744e+66 -6.27744e+66 161.72 173.51 179.405 307.622 354.782 546.371 793.962 917.758 953.128 1138.82 1212.51 
-6.27744e+66 -6.27744e+66 -6.27744e+66 -6.27744e+66 161.72 164.667 250.145 285.516 438.786 645.113 751.223 782.172 947.233 1013.55 
-6.27744e+66 -6.27744e+66 -6.27744e+66 -6.27744e+66 -6.27744e+66 161.72 204.459 228.039 342.992 508.053 596.479 623.006 767.435 826.385 
-6.27744e+66 -6.27744e+66 -6.27744e+66 -6.27744e+66 -6.27744e+66 -6.27744e+66 161.72 173.51 250.145 373.941 444.681 466.788 590.584 642.165 
-6.27744e+66 -6.27744e+66 -6.27744e+66 -6.27744e+66 -6.27744e+66 -6.27744e+66 -6.27744e+66 161.72 200.038 282.568 335.623 353.308 456.472 500.684 
-6.27744e+66 -6.27744e+66 -6.27744e+66 -6.27744e+66 -6.27744e+66 -6.27744e+66 -6.27744e+66 -6.27744e+66 161.72 202.985 238.355 251.619 334.15 370.994 
-6.27744e+66 -6.27744e+66 -6.27744e+66 -6.27744e+66 -6.27744e+66 -6.27744e+66 -6.27744e+66 -6.27744e+66 -6.27744e+66 161.72 179.405 188.248 250.145 279.621 
-6.27744e+66 -6.27744e+66 -6.27744e+66 -6.27744e+66 -6.27744e+66 -6.27744e+66 -6.27744e+66 -6.27744e+66 -6.27744e+66 -6.27744e+66 161.72 166.141 207.406 229.513 
-6.27744e+66 -6.27744e+66 -6.27744e+66 -6.27744e+66 -6.27744e+66 -6.27744e+66 -6.27744e+66 -6.27744e+66 -6.27744e+66 -6.27744e+66 -6.27744e+66 161.72 182.353 197.09 
-6.27744e+66 -6.27744e+66 -6.27744e+66 -6.27744e+66 -6.27744e+66 -6.27744e+66 -6.27744e+66 -6.27744e+66 -6.27744e+66 -6.27744e+66 -6.27744e+66 -6.27744e+66 161.72 169.089 
-6.27744e+66 -6.27744e+66 -6.27744e+66 -6.27744e+66 -6.27744e+66 -6.27744e+66 -6.27744e+66 -6.27744e+66 -6.27744e+66 -6.27744e+66 -6.27744e+66 -6.27744e+66 -6.27744e+66 161.72 
-6.27744e+66 -6.27744e+66 -6.27744e+66 -6.27744e+66 -6.27744e+66 -6.27744e+66 -6.27744e+66 -6.27744e+66 -6.27744e+66 -6.27744e+66 -6.27744e+66 -6.27744e+66 -6.27744e+66 -6.27744e+66 
-6.27744e+66 111.647 141.297 197.004 242.828 325.49 392.878 425.224 431.514 740.599 1015.54 1231.18 1310.25 1666.06 
-6.27744e+66 -6.27744e+66 111.647 139.5 170.049 232.046 285.956 312.911 318.302 588.752 833.145 1027.22 1099.1 1425.26 
-6.27744e+66 -6.27744e+66 -6.27744e+66 111.647 126.921 168.252 208.685 230.249 234.742 466.555 680.399 852.912 917.604 1214.11 
-6.27744e+66 -6.27744e+66 -6.27744e+66 -6.27744e+66 111.647 132.312 159.267 175.44 179.034 372.213 555.507 706.456 763.96 1030.82 
-6.27744e+66 -6.27744e+66 -6.27744e+66 -6.27744e+66 -6.27744e+66 111.647 125.124 135.906 138.602 293.144 445.89 575.274 625.591 862.795 
-6.27744e+66 -6.27744e+66 -6.27744e+66 -6.27744e+66 -6.27744e+66 -6.27744e+66 111.647 117.038 118.835 234.742 356.938 464.758 507.887 715.441 
-6.27744e+66 -6.27744e+66 -6.27744e+66 -6.27744e+66 -6.27744e+66 -6.27744e+66 -6.27744e+66 111.647 112.545 189.816 281.464 367.72 403.66 581.564 
-6.27744e+66 -6.27744e+66 -6.27744e+66 -6.27744e+66 -6.27744e+66 -6.27744e+66 -6.27744e+66 -6.27744e+66 111.647 150.282 211.381 276.073 304.825 453.078 
-6.27744e+66 -6.27744e+66 -6.27744e+66 -6.27744e+66 -6.27744e+66 -6.27744e+66 -6.27744e+66 -6.27744e+66 -6.27744e+66 111.647 142.196 185.324 206.888 325.49 
-6.27744e+66 -6.27744e+66 -6.27744e+66 -6.27744e+66 -6.27744e+66 -6.27744e+66 -6.27744e+66 -6.27744e+66 -6.27744e+66 -6.27744e+66 111.647 133.211 147.587 236.539 
-6.27744e+66 -6.27744e+66 -6.27744e+66 -6.27744e+66 -6.27744e+66 -6.27744e+66 -6.27744e+66 -6.27744e+66 -6.27744e+66 -6.27744e+66 -6.27744e+66 111.647 118.835 178.136 
-6.27744e+66 -6.27744e+66 -6.27744e+66 -6.27744e+66 -6.27744e+66 -6.27744e+66 -6.27744e+66 -6.27744e+66 -6.27744e+66 -6.27744e+66 -6.27744e+66 -6.27744e+66 111.647 141.297 
-6.27744e+66 -6.27744e+66 -6.27744e+66 -6.27744e+66 -6.27744e+66 -6.27744e+66 -6.27744e+66 -6.27744e+66 -6.27744e+66 -6.27744e+66 -6.27744e+66 -6.27744e+66 -6.27744e+66 111.647 
-6.27744e+66 -6.27744e+66 -6.27744e+66 -6.27744e+66 -6.27744e+66 -6.27744e+66 -6.27744e+66 -6.27744e+66 -6.27744e+66 -6.27744e+66 -6.27744e+66 -6.27744e+66 -6.27744e+66 -6.27744e+66 
-6.27744e+66 23.0965 28.6669 28.6669 37.0225 81.5854 81.5854 131.719 151.215 195.778 296.045 296.045 357.319 424.163 
-6.27744e+66 -6.27744e+66 23.0965 23.0965 28.6669 62.0891 62.0891 103.867 120.578 159.571 248.697 248.697 304.4 365.674 
-6.27744e+66 -6.27744e+66 -6.27744e+66 23.0965 25.8817 48.1632 48.1632 81.5854 95.5114 128.934 206.919 206.919 257.052 312.756 
-6.27744e+66 -6.27744e+66 -6.27744e+66 -6.27744e+66 23.0965 34.2373 34.2373 59.304 70.4447 98.2966 165.141 165.141 209.704 259.837 
-6.27744e+66 -6.27744e+66 -6.27744e+66 -6.27744e+66 -6.27744e+66 23.0965 23.0965 39.8077 48.1632 70.4447 126.148 126.148 165.141 209.704 
-6.27744e+66 -6.27744e+66 -6.27744e+66 -6.27744e+66 -6.27744e+66 -6.27744e+66 23.0965 31.4521 37.0225 53.7336 98.2966 98.2966 131.719 170.711 
-6.27744e+66 -6.27744e+66 -6.27744e+66 -6.27744e+66 -6.27744e+66 -6.27744e+66 -6.27744e+66 23.0965 25.8817 37.0225 70.4447 70.4447 98.2966 131.719 
-6.27744e+66 -6.27744e+66 -6.27744e+66 -6.27744e+66 -6.27744e+66 -6.27744e+66 -6.27744e+66 -6.27744e+66 23.0965 28.6669 50.9484 50.9484 73.2299 101.082 
-6.27744e+66 -6.27744e+66 -6.27744e+66 -6.27744e+66 -6.27744e+66 -6.27744e+66 -6.27744e+66 -6.27744e+66 -6.27744e+66 23.0965 34.2373 34.2373 50.9484 73.2299 
-6.27744e+66 -6.27744e+66 -6.27744e+66 -6.27744e+66 -6.27744e+66 -6.27744e+66 -6.27744e+66 -6.27744e+66 -6.27744e+66 -6.27744e+66 23.0965 23.0965 34.2373 50.9484 
-6.27744e+66 -6.27744e+66 -6.27744e+66 -6.27744e+66 -6.27744e+66 -6.27744e+66 -6.27744e+66 -6.27744e+66 -6.27744e+66 -6.27744e+66 -6.27744e+66 23.0965 28.6669 39.8077 
-6.27744e+66 -6.27744e+66 -6.27744e+66 -6.27744e+66 -6.27744e+66 -6.27744e+66 -6.27744e+66 -6.27744e+66 -6.27744e+66 -6.27744e+66 -6.27744e+66 -6.27744e+66 23.0965 28.6669 
-6.27744e+66 -6.27744e+66 -6.27744e+66 -6.27744e+66 -6.27744e+66 -6.27744e+66 -6.27744e+66 -6.27744e+66 -6.27744e+66 -6.27744e+66 -6.27744e+66 -6.27744e+66 -6.27744e+66 23.0965 
-6.27744e+66 -6.27744e+66 -6.27744e+66 -6.27744e+66 -6.27744e+66 -6.27744e+66 -6.27744e+66 -6.27744e+66 -6.27744e+66 -6.27744e+66 -6.27744e+66 -6.27744e+66 -6.27744e+66 -6.27744e+66 
-6.27744e+66 86.2415 104.619 104.619 152.86 230.965 276.909 442.308 546.831 758.173 871.885 1193.49 1281.94 1419.77 
-6.27744e+66 -6.27744e+66 86.2415 86.2415 118.402 176.981 213.736 351.568 441.159 626.084 727.161 1016.61 1097.01 1223.36 
-6.27744e+66 -6.27744e+66 -6.27744e+66 86.2415 102.322 141.374 168.941 279.207 353.866 512.373 600.815 858.102 930.464 1045.32 
-6.27744e+66 -6.27744e+66 -6.27744e+66 -6.27744e+66 86.2415 105.768 124.145 206.845 266.572 398.661 474.469 699.595 763.916 867.291 
-6.27744e+66 -6.27744e+66 -6.27744e+66 -6.27744e+66 -6.27744e+66 86.2415 95.4303 150.563 195.359 301.03 364.203 557.168 613.45 705.338 
-6.27744e+66 -6.27744e+66 -6.27744e+66 -6.27744e+66 -6.27744e+66 -6.27744e+66 86.2415 113.808 143.672 222.925 273.464 434.268 482.509 562.911 
-6.27744e+66 -6.27744e+66 -6.27744e+66 -6.27744e+66 -6.27744e+66 -6.27744e+66 -6.27744e+66 86.2415 101.173 154.009 191.913 320.556 360.757 429.673 
-6.27744e+66 -6.27744e+66 -6.27744e+66 -6.27744e+66 -6.27744e+66 -6.27744e+66 -6.27744e+66 -6.27744e+66 86.2415 112.659 137.929 234.411 266.572 324.002 
-6.27744e+66 -6.27744e+66 -6.27744e+66 -6.27744e+66 -6.27744e+66 -6.27744e+66 -6.27744e+66 -6.27744e+66 -6.27744e+66 86.2415 98.8761 163.198 187.318 233.262 
-6.27744e+66 -6.27744e+66 -6.27744e+66 -6.27744e+66 -6.27744e+66 -6.27744e+66 -6.27744e+66 -6.27744e+66 -6.27744e+66 -6.27744e+66 86.2415 118.402 134.483 168.941 
-6.27744e+66 -6.27744e+66 -6.27744e+66 -6.27744e+66 -6.27744e+66 -6.27744e+66 -6.27744e+66 -6.27744e+66 -6.27744e+66 -6.27744e+66 -6.27744e+66 86.2415 94.2817 117.254 
-6.27744e+66 -6.27744e+66 -6.27744e+66 -6.27744e+66 -6.27744e+66 -6.27744e+66 -6.27744e+66 -6.27744e+66 -6.27744e+66 -6.27744e+66 -6.27744e+66 -6.27744e+66 86.2415 97.7275 
-6.27744e+66 -6.27744e+66 -6.27744e+66 -6.27744e+66 -6.27744e+66 -6.27744e+66 -6.27744e+66 -6.27744e+66 -6.27744e+66 -6.27744e+66 -6.27744e+66 -6.27744e+66 -6.27744e+66 86.2415 
-6.27744e+66 -6.27744e+66 -6.27744e+66 -6.27744e+66 -6.27744e+66 -6.27744e+66 -6.27744e+66 -6.27744e+66 -6.27744e+66 -6.27744e+66 -6.27744e+66 -6.27744e+66 -6.27744e+66 -6.27744e+66 
-6.27744e+66 90.7407 107.707 138.247 148.427 209.506 277.372 389.35 484.363 497.936 513.206 784.669 1045.95 1290.27 
-6.27744e+66 -6.27744e+66 90.7407 106.01 112.797 158.607 212.899 306.215 387.654 399.53 413.103 657.421 894.951 1118.91 
-6.27744e+66 -6.27744e+66 -6.27744e+66 90.7407 94.1339 124.674 165.393 240.046 307.911 318.091 329.968 547.139 760.916 964.514 
-6.27744e+66 -6.27744e+66 -6.27744e+66 -6.27744e+66 90.7407 106.01 133.157 189.146 243.439 251.922 262.102 452.126 642.151 825.389 
-6.27744e+66 -6.27744e+66 -6.27744e+66 -6.27744e+66 -6.27744e+66 90.7407 104.314 141.64 182.36 189.146 197.629 360.507 526.779 689.657 
-6.27744e+66 -6.27744e+66 -6.27744e+66 -6.27744e+66 -6.27744e+66 -6.27744e+66 90.7407 109.404 136.55 141.64 148.427 284.158 426.677 569.195 
-6.27744e+66 -6.27744e+66 -6.27744e+66 -6.27744e+66 -6.27744e+66 -6.27744e+66 -6.27744e+66 90.7407 104.314 107.707 112.797 221.382 340.148 462.306 
-6.27744e+66 -6.27744e+66 -6.27744e+66 -6.27744e+66 -6.27744e+66 -6.27744e+66 -6.27744e+66 -6.27744e+66 90.7407 92.4373 95.8306 177.27 272.282 374.081 
-6.27744e+66 -6.27744e+66 -6.27744e+66 -6.27744e+66 -6.27744e+66 -6.27744e+66 -6.27744e+66 -6.27744e+66 -6.27744e+66 90.7407 92.4373 146.73 217.989 299.428 
-6.27744e+66 -6.27744e+66 -6.27744e+66 -6.27744e+66 -6.27744e+66 -6.27744e+66 -6.27744e+66 -6.27744e+66 -6.27744e+66 -6.27744e+66 90.7407 117.887 165.393 226.472 
-6.27744e+66 -6.27744e+66 -6.27744e+66 -6.27744e+66 -6.27744e+66 -6.27744e+66 -6.27744e+66 -6.27744e+66 -6.27744e+66 -6.27744e+66 -6.27744e+66 90.7407 114.494 155.213 
-6.27744e+66 -6.27744e+66 -6.27744e+66 -6.27744e+66 -6.27744e+66 -6.27744e+66 -6.27744e+66 -6.27744e+66 -6.27744e+66 -6.27744e+66 -6.27744e+66 -6.27744e+66 90.7407 111.1 
-6.27744e+66 -6.27744e+66 -6.27744e+66 -6.27744e+66 -6.27744e+66 -6.27744e+66 -6.27744e+66 -6.27744e+66 -6.27744e+66 -6.27744e+66 -6.27744e+66 -6.27744e+66 -6.27744e+66 90.7407 
-6.27744e+66 -6.27744e+66 -6.27744e+66 -6.27744e+66 -6.27744e+66 -6.27744e+66 -6.27744e+66 -6.27744e+66 -6.27744e+66 -6.27744e+66 -6.27744e+66 -6.27744e+66 -6.27744e+66 -6.27744e+66 
-6.27744e+66 46.4596 52.9371 52.9371 52.9371 89.2114 115.122 247.263 319.812 350.904 420.862 511.547 568.55 584.096 
-6.27744e+66 -6.27744e+66 46.4596 46.4596 46.4596 73.6652 94.3934 204.512 266.696 293.902 356.086 437.703 489.524 503.774 
-6.27744e+66 -6.27744e+66 -6.27744e+66 46.4596 46.4596 64.5967 80.1428 168.237 220.058 243.377 297.788 370.337 416.975 429.93 
-6.27744e+66 -6.27744e+66 -6.27744e+66 -6.27744e+66 46.4596 55.5281 65.8922 131.963 173.419 192.852 239.49 302.97 344.427 356.086 
-6.27744e+66 -6.27744e+66 -6.27744e+66 -6.27744e+66 -6.27744e+66 46.4596 51.6416 95.6889 126.781 142.327 181.192 235.604 271.878 282.242 
-6.27744e+66 -6.27744e+66 -6.27744e+66 -6.27744e+66 -6.27744e+66 -6.27744e+66 46.4596 68.4832 89.2114 100.871 131.963 177.306 208.398 217.467 
-6.27744e+66 -6.27744e+66 -6.27744e+66 -6.27744e+66 -6.27744e+66 -6.27744e+66 -6.27744e+66 46.4596 56.8236 64.5967 87.9158 124.19 150.1 157.873 
-6.27744e+66 -6.27744e+66 -6.27744e+66 -6.27744e+66 -6.27744e+66 -6.27744e+66 -6.27744e+66 -6.27744e+66 46.4596 50.3461 65.8922 93.0979 113.826 120.304 
-6.27744e+66 -6.27744e+66 -6.27744e+66 -6.27744e+66 -6.27744e+66 -6.27744e+66 -6.27744e+66 -6.27744e+66 -6.27744e+66 46.4596 54.2326 72.3697 87.9158 93.0979 
-6.27744e+66 -6.27744e+66 -6.27744e+66 -6.27744e+66 -6.27744e+66 -6.27744e+66 -6.27744e+66 -6.27744e+66 -6.27744e+66 -6.27744e+66 46.4596 55.5281 65.8922 69.7787 
-6.27744e+66 -6.27744e+66 -6.27744e+66 -6.27744e+66 -6.27744e+66 -6.27744e+66 -6.27744e+66 -6.27744e+66 -6.27744e+66 -6.27744e+66 -6.27744e+66 46.4596 51.6416 54.2326 
-6.27744e+66 -6.27744e+66 -6.27744e+66 -6.27744e+66 -6.27744e+66 -6.27744e+66 -6.27744e+66 -6.27744e+66 -6.27744e+66 -6.27744e+66 -6.27744e+66 -6.27744e+66 46.4596 47.7551 
-6.27744e+66 -6.27744e+66 -6.27744e+66 -6.27744e+66 -6.27744e+66 -6.27744e+66 -6.27744e+66 -6.27744e+66 -6.27744e+66 -6.27744e+66 -6.27744e+66 -6.27744e+66 -6.27744e+66 46.4596 
-6.27744e+66 -6.27744e+66 -6.27744e+66 -6.27744e+66 -6.27744e+66 -6.27744e+66 -6.27744e+66 -6.27744e+66 -6.27744e+66 -6.27744e+66 -6.27744e+66 -6.27744e+66 -6.27744e+66 -6.27744e+66 
-6.27744e+66 120.027 149.324 170.632 218.573 293.149 346.417 394.359 562.154 775.227 990.963 1150.77 1180.07 1339.87 
-6.27744e+66 -6.27744e+66 120.027 130.681 162.642 218.573 261.188 301.139 444.963 631.402 823.168 966.993 993.627 1140.11 
-6.27744e+66 -6.27744e+66 -6.27744e+66 120.027 136.007 173.295 205.256 237.217 357.071 516.876 684.671 812.515 836.485 969.656 
-6.27744e+66 -6.27744e+66 -6.27744e+66 -6.27744e+66 120.027 138.671 159.978 183.949 279.832 413.002 556.827 668.69 689.998 809.851 
-6.27744e+66 -6.27744e+66 -6.27744e+66 -6.27744e+66 -6.27744e+66 120.027 130.681 146.661 218.573 325.11 444.963 540.846 559.49 666.027 
-6.27744e+66 -6.27744e+66 -6.27744e+66 -6.27744e+66 -6.27744e+66 -6.27744e+66 120.027 128.017 175.959 255.861 351.744 431.646 447.627 540.846 
-6.27744e+66 -6.27744e+66 -6.27744e+66 -6.27744e+66 -6.27744e+66 -6.27744e+66 -6.27744e+66 120.027 143.998 197.266 269.178 333.1 346.417 426.32 
-6.27744e+66 -6.27744e+66 -6.27744e+66 -6.27744e+66 -6.27744e+66 -6.27744e+66 -6.27744e+66 -6.27744e+66 120.027 146.661 194.603 242.544 253.198 319.783 
-6.27744e+66 -6.27744e+66 -6.27744e+66 -6.27744e+66 -6.27744e+66 -6.27744e+66 -6.27744e+66 -6.27744e+66 -6.27744e+66 120.027 143.998 175.959 183.949 237.217 
-6.27744e+66 -6.27744e+66 -6.27744e+66 -6.27744e+66 -6.27744e+66 -6.27744e+66 -6.27744e+66 -6.27744e+66 -6.27744e+66 -6.27744e+66 120.027 136.007 141.334 181.285 
-6.27744e+66 -6.27744e+66 -6.27744e+66 -6.27744e+66 -6.27744e+66 -6.27744e+66 -6.27744e+66 -6.27744e+66 -6.27744e+66 -6.27744e+66 -6.27744e+66 120.027 122.69 149.324 
-6.27744e+66 -6.27744e+66 -6.27744e+66 -6.27744e+66 -6.27744e+66 -6.27744e+66 -6.27744e+66 -6.27744e+66 -6.27744e+66 -6.27744e+66 -6.27744e+66 -6.27744e+66 120.027 133.344 
-6.27744e+66 -6.27744e+66 -6.27744e+66 -6.27744e+66 -6.27744e+66 -6.27744e+66 -6.27744e+66 -6.27744e+66 -6.27744e+66 -6.27744e+66 -6.27744e+66 -6.27744e+66 -6.27744e+66 120.027 
-6.27744e+66 -6.27744e+66 -6.27744e+66 -6.27744e+66 -6.27744e+66 -6.27744e+66 -6.27744e+66 -6.27744e+66 -6.27744e+66 -6.27744e+66 -6.27744e+66 -6.27744e+66 -6.27744e+66 -6.27744e+66 
-6.27744e+66 2.26863 7.21203 7.21203 7.21203 26.9857 51.7027 51.7027 172.816 251.911 363.137 387.854 387.854 387.854 
-6.27744e+66 -6.27744e+66 2.26863 2.26863 2.26863 17.0988 36.8725 36.8725 140.684 209.892 308.76 331.005 331.005 331.005 
-6.27744e+66 -6.27744e+66 -6.27744e+66 2.26863 2.26863 12.1554 26.9857 26.9857 113.495 172.816 259.326 279.099 279.099 279.099 
-6.27744e+66 -6.27744e+66 -6.27744e+66 -6.27744e+66 2.26863 7.21203 17.0988 17.0988 86.3065 135.741 209.892 227.194 227.194 227.194 
-6.27744e+66 -6.27744e+66 -6.27744e+66 -6.27744e+66 -6.27744e+66 2.26863 7.21203 7.21203 59.1178 98.665 160.458 175.288 175.288 175.288 
-6.27744e+66 -6.27744e+66 -6.27744e+66 -6.27744e+66 -6.27744e+66 -6.27744e+66 2.26863 2.26863 36.8725 66.5329 115.967 128.325 128.325 128.325 
-6.27744e+66 -6.27744e+66 -6.27744e+66 -6.27744e+66 -6.27744e+66 -6.27744e+66 -6.27744e+66 2.26863 19.5705 39.3442 76.4197 86.3065 86.3065 86.3065 
-6.27744e+66 -6.27744e+66 -6.27744e+66 -6.27744e+66 -6.27744e+66 -6.27744e+66 -6.27744e+66 -6.27744e+66 2.26863 12.1554 36.8725 44.2876 44.2876 44.2876 
-6.27744e+66 -6.27744e+66 -6.27744e+66 -6.27744e+66 -6.27744e+66 -6.27744e+66 -6.27744e+66 -6.27744e+66 -6.27744e+66 2.26863 14.6271 19.5705 19.5705 19.5705 
-6.27744e+66 -6.27744e+66 -6.27744e+66 -6.27744e+66 -6.27744e+66 -6.27744e+66 -6.27744e+66 -6.27744e+66 -6.27744e+66 -6.27744e+66 2.26863 4.74033 4.74033 4.74033 
-6.27744e+66 -6.27744e+66 -6.27744e+66 -6.27744e+66 -6.27744e+66 -6.27744e+66 -6.27744e+66 -6.27744e+66 -6.27744e+66 -6.27744e+66 -6.27744e+66 2.26863 2.26863 2.26863 
-6.27744e+66 -6.27744e+66 -6.27744e+66 -6.27744e+66 -6.27744e+66 -6.27744e+66 -6.27744e+66 -6.27744e+66 -6.27744e+66 -6.27744e+66 -6.27744e+66 -6.27744e+66 2.26863 2.26863 
-6.27744e+66 -6.27744e+66 -6.27744e+66 -6.27744e+66 -6.27744e+66 -6.27744e+66 -6.27744e+66 -6.27744e+66 -6.27744e+66 -6.27744e+66 -6.27744e+66 -6.27744e+66 -6.27744e+66 2.26863 
-6.27744e+66 -6.27744e+66 -6.27744e+66 -6.27744e+66 -6.27744e+66 -6.27744e+66 -6.27744e+66 -6.27744e+66 -6.27744e+66 -6.27744e+66 -6.27744e+66 -6.27744e+66 -6.27744e+66 -6.27744e+66 
