13 10
-6.27744e+66 67.1267 112.091 195.358 310.266 436.832 557.569 587.545 686.633 1306.14 1538.45 2013.08 2104.67 2664.22 
-6.27744e+66 -6.27744e+66 67.1267 108.76 185.366 280.29 376.88 401.86 486.792 1028.86 1235.36 1662.52 1745.79 2258.71 
-6.27744e+66 -6.27744e+66 -6.27744e+66 67.1267 105.43 168.712 241.155 261.139 331.916 796.546 977.235 1356.93 1431.87 1898.17 
-6.27744e+66 -6.27744e+66 -6.27744e+66 -6.27744e+66 67.1267 98.7682 147.063 162.051 218.673 605.864 760.741 1092.98 1159.59 1579.26 
-6.27744e+66 -6.27744e+66 -6.27744e+66 -6.27744e+66 -6.27744e+66 67.1267 91.2741 101.266 143.732 453.486 582.549 867.323 925.61 1298.65 
-6.27744e+66 -6.27744e+66 -6.27744e+66 -6.27744e+66 -6.27744e+66 -6.27744e+66 67.1267 72.1227 100.434 332.748 436 673.31 723.271 1049.68 
-6.27744e+66 -6.27744e+66 -6.27744e+66 -6.27744e+66 -6.27744e+66 -6.27744e+66 -6.27744e+66 67.1267 81.2821 236.159 313.597 503.446 545.079 824.856 
-6.27744e+66 -6.27744e+66 -6.27744e+66 -6.27744e+66 -6.27744e+66 -6.27744e+66 -6.27744e+66 -6.27744e+66 67.1267 144.565 196.191 338.577 371.884 605.032 
-6.27744e+66 -6.27744e+66 -6.27744e+66 -6.27744e+66 -6.27744e+66 -6.27744e+66 -6.27744e+66 -6.27744e+66 -6.27744e+66 67.1267 92.9395 187.864 212.844 399.362 
-6.27744e+66 -6.27744e+66 -6.27744e+66 -6.27744e+66 -6.27744e+66 -6.27744e+66 -6.27744e+66 -6.27744e+66 -6.27744e+66 -6.27744e+66 67.1267 114.589 131.242 271.131 
-6.27744e+66 -6.27744e+66 -6.27744e+66 -6.27744e+66 -6.27744e+66 -6.27744e+66 -6.27744e+66 -6.27744e+66 -6.27744e+66 -6.27744e+66 -6.27744e+66 67.1267 75.4534 168.712 
-6.27744e+66 -6.27744e+66 -6.27744e+66 -6.27744e+66 -6.27744e+66 -6.27744e+66 -6.27744e+66 -6.27744e+66 -6.27744e+66 -6.27744e+66 -6.27744e+66 -6.27744e+66 67.1267 113.756 
-6.27744e+66 -6.27744e+66 -6.27744e+66 -6.27744e+66 -6.27744e+66 -6.27744e+66 -6.27744e+66 -6.27744e+66 -6.27744e+66 -6.27744e+66 -6.27744e+66 -6.27744e+66 -6.27744e+66 67.1267 
-6.27744e+66 -6.27744e+66 -6.27744e+66 -6.27744e+66 -6.27744e+66 -6.27744e+66 -6.27744e+66 -6.27744e+66 -6.27744e+66 -6.27744e+66 -6.27744e+66 -6.27744e+66 -6.27744e+66 -6.27744e+66 
-6.27744e+66 144.062 227.086 320.235 496.408 654.357 730.293 888.241 923.678 1344.87 2082.98 2538.6 2638.83 3683.72 
-6.27744e+66 -6.27744e+66 144.062 190.637 308.086 426.547 487.296 618.919 649.294 1017.84 1673.93 2083.99 2175.11 3132.93 
-6.27744e+66 -6.27744e+66 -6.27744e+66 144.062 202.787 281.761 327.323 432.622 457.934 773.83 1347.91 1712.41 1794.42 2665.16 
-6.27744e+66 -6.27744e+66 -6.27744e+66 -6.27744e+66 144.062 183.549 213.924 292.898 313.148 576.395 1068.46 1387.4 1460.3 2243.96 
-6.27744e+66 -6.27744e+66 -6.27744e+66 -6.27744e+66 -6.27744e+66 144.062 159.25 211.899 227.086 437.684 847.742 1121.11 1184.9 1881.49 
-6.27744e+66 -6.27744e+66 -6.27744e+66 -6.27744e+66 -6.27744e+66 -6.27744e+66 144.062 170.387 180.512 338.46 666.506 894.316 948.991 1558.51 
-6.27744e+66 -6.27744e+66 -6.27744e+66 -6.27744e+66 -6.27744e+66 -6.27744e+66 -6.27744e+66 144.062 149.125 254.424 500.458 682.706 728.268 1250.71 
-6.27744e+66 -6.27744e+66 -6.27744e+66 -6.27744e+66 -6.27744e+66 -6.27744e+66 -6.27744e+66 -6.27744e+66 144.062 196.712 360.735 497.421 533.87 969.24 
-6.27744e+66 -6.27744e+66 -6.27744e+66 -6.27744e+66 -6.27744e+66 -6.27744e+66 -6.27744e+66 -6.27744e+66 -6.27744e+66 144.062 226.074 317.198 344.535 692.831 
-6.27744e+66 -6.27744e+66 -6.27744e+66 -6.27744e+66 -6.27744e+66 -6.27744e+66 -6.27744e+66 -6.27744e+66 -6.27744e+66 -6.27744e+66 144.062 189.624 207.849 469.071 
-6.27744e+66 -6.27744e+66 -6.27744e+66 -6.27744e+66 -6.27744e+66 -6.27744e+66 -6.27744e+66 -6.27744e+66 -6.27744e+66 -6.27744e+66 -6.27744e+66 144.062 153.175 327.323 
-6.27744e+66 -6.27744e+66 -6.27744e+66 -6.27744e+66 -6.27744e+66 -6.27744e+66 -6.27744e+66 -6.27744e+66 -6.27744e+66 -6.27744e+66 -6.27744e+66 -6.27744e+66 144.062 231.136 
-6.27744e+66 -6.27744e+66 -6.27744e+66 -6.27744e+66 -6.27744e+66 -6.27744e+66 -6.27744e+66 -6.27744e+66 -6.27744e+66 -6.27744e+66 -6.27744e+66 -6.27744e+66 -6.27744e+66 144.062 
-6.27744e+66 -6.27744e+66 -6.27744e+66 -6.27744e+66 -6.27744e+66 -6.27744e+66 -6.27744e+66 -6.27744e+66 -6.27744e+66 -6.27744e+66 -6.27744e+66 -6.27744e+66 -6.27744e+66 -6.27744e+66 
-6.27744e+66 135.065 200.112 220.927 353.624 416.07 741.307 1287.71 1396.98 1459.43 2091.69 3054.39 3226.12 3288.56 
-6.27744e+66 -6.27744e+66 135.065 145.472 233.937 280.771 540.961 996.293 1089.96 1144.6 1706.61 2573.04 2729.16 2786.4 
-6.27744e+66 -6.27744e+66 -6.27744e+66 135.065 179.297 210.52 405.662 769.928 847.985 894.819 1386.58 2156.74 2297.24 2349.28 
-6.27744e+66 -6.27744e+66 -6.27744e+66 -6.27744e+66 135.065 150.676 280.771 553.97 616.416 655.444 1076.95 1750.84 1875.73 1922.57 
-6.27744e+66 -6.27744e+66 -6.27744e+66 -6.27744e+66 -6.27744e+66 135.065 200.112 382.245 429.079 460.302 811.558 1389.18 1498.46 1540.09 
-6.27744e+66 -6.27744e+66 -6.27744e+66 -6.27744e+66 -6.27744e+66 -6.27744e+66 135.065 226.131 257.354 280.771 561.776 1043.13 1136.8 1173.22 
-6.27744e+66 -6.27744e+66 -6.27744e+66 -6.27744e+66 -6.27744e+66 -6.27744e+66 -6.27744e+66 135.065 150.676 166.288 377.041 762.122 840.179 871.402 
-6.27744e+66 -6.27744e+66 -6.27744e+66 -6.27744e+66 -6.27744e+66 -6.27744e+66 -6.27744e+66 -6.27744e+66 135.065 142.871 283.373 572.184 634.629 660.648 
-6.27744e+66 -6.27744e+66 -6.27744e+66 -6.27744e+66 -6.27744e+66 -6.27744e+66 -6.27744e+66 -6.27744e+66 -6.27744e+66 135.065 205.316 397.856 444.691 465.506 
-6.27744e+66 -6.27744e+66 -6.27744e+66 -6.27744e+66 -6.27744e+66 -6.27744e+66 -6.27744e+66 -6.27744e+66 -6.27744e+66 -6.27744e+66 135.065 231.335 262.558 278.169 
-6.27744e+66 -6.27744e+66 -6.27744e+66 -6.27744e+66 -6.27744e+66 -6.27744e+66 -6.27744e+66 -6.27744e+66 -6.27744e+66 -6.27744e+66 -6.27744e+66 135.065 150.676 161.084 
-6.27744e+66 -6.27744e+66 -6.27744e+66 -6.27744e+66 -6.27744e+66 -6.27744e+66 -6.27744e+66 -6.27744e+66 -6.27744e+66 -6.27744e+66 -6.27744e+66 -6.27744e+66 135.065 140.269 
-6.27744e+66 -6.27744e+66 -6.27744e+66 -6.27744e+66 -6.27744e+66 -6.27744e+66 -6.27744e+66 -6.27744e+66 -6.27744e+66 -6.27744e+66 -6.27744e+66 -6.27744e+66 -6.27744e+66 135.065 
-6.27744e+66 -6.27744e+66 -6.27744e+66 -6.27744e+66 -6.27744e+66 -6.27744e+66 -6.27744e+66 -6.27744e+66 -6.27744e+66 -6.27744e+66 -6.27744e+66 -6.27744e+66 -6.27744e+66 -6.27744e+66 
-6.27744e+66 84.8324 94.1762 238.339 266.37 549.356 629.446 829.672 988.518 1148.7 1160.71 1601.21 2364.74 2540.93 
-6.27744e+66 -6.27744e+66 84.8324 156.914 175.601 387.841 451.913 618.768 754.921 895.079 905.758 1302.2 1996.32 2157.84 
-6.27744e+66 -6.27744e+66 -6.27744e+66 84.8324 94.1762 235.669 283.723 417.207 530.668 650.804 660.148 1012.54 1637.25 1784.08 
-6.27744e+66 -6.27744e+66 -6.27744e+66 -6.27744e+66 84.8324 155.579 187.615 287.728 378.497 478.61 486.619 794.966 1350.26 1482.41 
-6.27744e+66 -6.27744e+66 -6.27744e+66 -6.27744e+66 -6.27744e+66 84.8324 100.85 167.592 235.669 315.759 322.434 586.732 1072.61 1190.08 
-6.27744e+66 -6.27744e+66 -6.27744e+66 -6.27744e+66 -6.27744e+66 -6.27744e+66 84.8324 118.203 163.588 223.656 228.995 449.243 865.713 968.495 
-6.27744e+66 -6.27744e+66 -6.27744e+66 -6.27744e+66 -6.27744e+66 -6.27744e+66 -6.27744e+66 84.8324 107.525 147.57 151.574 327.773 674.831 762.93 
-6.27744e+66 -6.27744e+66 -6.27744e+66 -6.27744e+66 -6.27744e+66 -6.27744e+66 -6.27744e+66 -6.27744e+66 84.8324 104.855 107.525 239.674 517.32 590.736 
-6.27744e+66 -6.27744e+66 -6.27744e+66 -6.27744e+66 -6.27744e+66 -6.27744e+66 -6.27744e+66 -6.27744e+66 -6.27744e+66 84.8324 86.1672 174.267 382.501 441.234 
-6.27744e+66 -6.27744e+66 -6.27744e+66 -6.27744e+66 -6.27744e+66 -6.27744e+66 -6.27744e+66 -6.27744e+66 -6.27744e+66 -6.27744e+66 84.8324 128.882 267.705 311.755 
-6.27744e+66 -6.27744e+66 -6.27744e+66 -6.27744e+66 -6.27744e+66 -6.27744e+66 -6.27744e+66 -6.27744e+66 -6.27744e+66 -6.27744e+66 -6.27744e+66 84.8324 154.244 183.61 
-6.27744e+66 -6.27744e+66 -6.27744e+66 -6.27744e+66 -6.27744e+66 -6.27744e+66 -6.27744e+66 -6.27744e+66 -6.27744e+66 -6.27744e+66 -6.27744e+66 -6.27744e+66 84.8324 99.5156 
-6.27744e+66 -6.27744e+66 -6.27744e+66 -6.27744e+66 -6.27744e+66 -6.27744e+66 -6.27744e+66 -6.27744e+66 -6.27744e+66 -6.27744e+66 -6.27744e+66 -6.27744e+66 -6.27744e+66 84.8324 
-6.27744e+66 -6.27744e+66 -6.27744e+66 -6.27744e+66 -6.27744e+66 -6.27744e+66 -6.27744e+66 -6.27744e+66 -6.27744e+66 -6.27744e+66 -6.27744e+66 -6.27744e+66 -6.27744e+66 -6.27744e+66 
-6.27744e+66 65.1298 80.711 83.3079 153.423 257.297 348.188 379.35 924.691 1028.56 1285.65 1493.4 1493.4 1851.77 
-6.27744e+66 -6.27744e+66 65.1298 66.4283 113.172 191.078 263.79 289.758 757.193 848.083 1076.61 1263.58 1263.58 1592.08 
-6.27744e+66 -6.27744e+66 -6.27744e+66 65.1298 88.5016 140.439 194.973 215.748 605.277 683.183 883.141 1049.34 1049.34 1347.98 
-6.27744e+66 -6.27744e+66 -6.27744e+66 -6.27744e+66 65.1298 91.0984 127.454 143.036 454.659 519.58 690.973 836.397 836.397 1105.17 
-6.27744e+66 -6.27744e+66 -6.27744e+66 -6.27744e+66 -6.27744e+66 65.1298 83.3079 93.6953 327.413 379.35 522.177 646.826 646.826 885.738 
-6.27744e+66 -6.27744e+66 -6.27744e+66 -6.27744e+66 -6.27744e+66 -6.27744e+66 65.1298 70.3236 226.135 265.088 379.35 483.224 483.224 692.272 
-6.27744e+66 -6.27744e+66 -6.27744e+66 -6.27744e+66 -6.27744e+66 -6.27744e+66 -6.27744e+66 65.1298 143.036 169.004 254.701 337.8 337.8 516.983 
-6.27744e+66 -6.27744e+66 -6.27744e+66 -6.27744e+66 -6.27744e+66 -6.27744e+66 -6.27744e+66 -6.27744e+66 65.1298 78.1141 135.245 197.57 197.57 346.889 
-6.27744e+66 -6.27744e+66 -6.27744e+66 -6.27744e+66 -6.27744e+66 -6.27744e+66 -6.27744e+66 -6.27744e+66 -6.27744e+66 65.1298 93.6953 135.245 135.245 254.701 
-6.27744e+66 -6.27744e+66 -6.27744e+66 -6.27744e+66 -6.27744e+66 -6.27744e+66 -6.27744e+66 -6.27744e+66 -6.27744e+66 -6.27744e+66 65.1298 85.9047 85.9047 175.496 
-6.27744e+66 -6.27744e+66 -6.27744e+66 -6.27744e+66 -6.27744e+66 -6.27744e+66 -6.27744e+66 -6.27744e+66 -6.27744e+66 -6.27744e+66 -6.27744e+66 65.1298 65.1298 124.858 
-6.27744e+66 -6.27744e+66 -6.27744e+66 -6.27744e+66 -6.27744e+66 -6.27744e+66 -6.27744e+66 -6.27744e+66 -6.27744e+66 -6.27744e+66 -6.27744e+66 -6.27744e+66 65.1298 94.9937 
-6.27744e+66 -6.27744e+66 -6.27744e+66 -6.27744e+66 -6.27744e+66 -6.27744e+66 -6.27744e+66 -6.27744e+66 -6.27744e+66 -6.27744e+66 -6.27744e+66 -6.27744e+66 -6.27744e+66 65.1298 
-6.27744e+66 -6.27744e+66 -6.27744e+66 -6.27744e+66 -6.27744e+66 -6.27744e+66 -6.27744e+66 -6.27744e+66 -6.27744e+66 -6.27744e+66 -6.27744e+66 -6.27744e+66 -6.27744e+66 -6.27744e+66 
-6.27744e+66 56.2264 80.5932 151.478 319.831 402.53 587.127 821.935 1054.53 1184.48 1822.45 2221.18 2537.95 2945.54 
-6.27744e+66 -6.27744e+66 56.2264 91.6691 203.904 265.929 413.606 609.279 808.644 922.355 1489.44 1848.29 2136.27 2509.89 
-6.27744e+66 -6.27744e+66 -6.27744e+66 56.2264 112.344 153.694 264.452 420.99 587.127 684.595 1180.79 1499.77 1758.95 2098.61 
-6.27744e+66 -6.27744e+66 -6.27744e+66 -6.27744e+66 56.2264 76.9013 150.74 268.144 401.054 482.276 907.588 1186.7 1417.08 1722.77 
-6.27744e+66 -6.27744e+66 -6.27744e+66 -6.27744e+66 -6.27744e+66 56.2264 93.1458 171.415 271.097 336.075 690.502 929.739 1131.32 1403.05 
-6.27744e+66 -6.27744e+66 -6.27744e+66 -6.27744e+66 -6.27744e+66 -6.27744e+66 56.2264 95.361 161.816 210.55 494.09 693.455 866.238 1104 
-6.27744e+66 -6.27744e+66 -6.27744e+66 -6.27744e+66 -6.27744e+66 -6.27744e+66 -6.27744e+66 56.2264 89.4539 121.943 334.599 494.09 638.076 841.871 
-6.27744e+66 -6.27744e+66 -6.27744e+66 -6.27744e+66 -6.27744e+66 -6.27744e+66 -6.27744e+66 -6.27744e+66 56.2264 72.471 214.241 333.86 449.049 618.878 
-6.27744e+66 -6.27744e+66 -6.27744e+66 -6.27744e+66 -6.27744e+66 -6.27744e+66 -6.27744e+66 -6.27744e+66 -6.27744e+66 56.2264 127.112 206.858 293.249 429.112 
-6.27744e+66 -6.27744e+66 -6.27744e+66 -6.27744e+66 -6.27744e+66 -6.27744e+66 -6.27744e+66 -6.27744e+66 -6.27744e+66 -6.27744e+66 56.2264 96.0994 153.694 255.591 
-6.27744e+66 -6.27744e+66 -6.27744e+66 -6.27744e+66 -6.27744e+66 -6.27744e+66 -6.27744e+66 -6.27744e+66 -6.27744e+66 -6.27744e+66 -6.27744e+66 56.2264 85.0236 152.955 
-6.27744e+66 -6.27744e+66 -6.27744e+66 -6.27744e+66 -6.27744e+66 -6.27744e+66 -6.27744e+66 -6.27744e+66 -6.27744e+66 -6.27744e+66 -6.27744e+66 -6.27744e+66 56.2264 90.1923 
-6.27744e+66 -6.27744e+66 -6.27744e+66 -6.27744e+66 -6.27744e+66 -6.27744e+66 -6.27744e+66 -6.27744e+66 -6.27744e+66 -6.27744e+66 -6.27744e+66 -6.27744e+66 -6.27744e+66 56.2264 
-6.27744e+66 -6.27744e+66 -6.27744e+66 -6.27744e+66 -6.27744e+66 -6.27744e+66 -6.27744e+66 -6.27744e+66 -6.27744e+66 -6.27744e+66 -6.27744e+66 -6.27744e+66 -6.27744e+66 -6.27744e+66 
-6.27744e+66 110.576 140.599 205.866 307.681 620.961 823.287 917.271 1237.08 1383.27 1641.73 1720.05 2782.59 3127.2 
-6.27744e+66 -6.27744e+66 110.576 143.21 211.087 446.047 607.908 686.228 960.347 1088.27 1318.01 1388.5 2354.44 2670.33 
-6.27744e+66 -6.27744e+66 -6.27744e+66 110.576 144.515 301.155 422.551 485.207 713.639 823.287 1024.31 1086.96 1956.31 2243.49 
-6.27744e+66 -6.27744e+66 -6.27744e+66 -6.27744e+66 110.576 188.896 269.827 316.819 499.565 590.938 763.242 818.066 1590.82 1849.28 
-6.27744e+66 -6.27744e+66 -6.27744e+66 -6.27744e+66 -6.27744e+66 110.576 151.042 182.37 319.429 392.528 536.114 583.106 1259.27 1489.01 
-6.27744e+66 -6.27744e+66 -6.27744e+66 -6.27744e+66 -6.27744e+66 -6.27744e+66 110.576 126.24 217.614 272.438 387.307 426.467 1006.03 1207.05 
-6.27744e+66 -6.27744e+66 -6.27744e+66 -6.27744e+66 -6.27744e+66 -6.27744e+66 -6.27744e+66 110.576 156.263 192.812 278.964 310.292 793.265 965.568 
-6.27744e+66 -6.27744e+66 -6.27744e+66 -6.27744e+66 -6.27744e+66 -6.27744e+66 -6.27744e+66 -6.27744e+66 110.576 128.851 186.286 209.782 596.16 739.746 
-6.27744e+66 -6.27744e+66 -6.27744e+66 -6.27744e+66 -6.27744e+66 -6.27744e+66 -6.27744e+66 -6.27744e+66 -6.27744e+66 110.576 139.294 154.958 444.741 559.61 
-6.27744e+66 -6.27744e+66 -6.27744e+66 -6.27744e+66 -6.27744e+66 -6.27744e+66 -6.27744e+66 -6.27744e+66 -6.27744e+66 -6.27744e+66 110.576 118.408 311.597 397.749 
-6.27744e+66 -6.27744e+66 -6.27744e+66 -6.27744e+66 -6.27744e+66 -6.27744e+66 -6.27744e+66 -6.27744e+66 -6.27744e+66 -6.27744e+66 -6.27744e+66 110.576 207.171 264.606 
-6.27744e+66 -6.27744e+66 -6.27744e+66 -6.27744e+66 -6.27744e+66 -6.27744e+66 -6.27744e+66 -6.27744e+66 -6.27744e+66 -6.27744e+66 -6.27744e+66 -6.27744e+66 110.576 139.294 
-6.27744e+66 -6.27744e+66 -6.27744e+66 -6.27744e+66 -6.27744e+66 -6.27744e+66 -6.27744e+66 -6.27744e+66 -6.27744e+66 -6.27744e+66 -6.27744e+66 -6.27744e+66 -6.27744e+66 110.576 
-6.27744e+66 -6.27744e+66 -6.27744e+66 -6.27744e+66 -6.27744e+66 -6.27744e+66 -6.27744e+66 -6.27744e+66 -6.27744e+66 -6.27744e+66 -6.27744e+66 -6.27744e+66 -6.27744e+66 -6.27744e+66 
-6.27744e+66 151.202 191.906 277.837 379.597 569.548 626.081 1019.55 1288.65 1994.19 2055.24 2507.51 3179.12 3369.07 
-6.27744e+66 -6.27744e+66 151.202 194.168 262.008 404.471 449.698 777.59 1008.25 1625.59 1679.86 2086.9 2697.46 2871.58 
-6.27744e+66 -6.27744e+66 -6.27744e+66 151.202 185.122 280.098 314.018 576.332 768.545 1297.7 1345.18 1707 2256.5 2414.79 
-6.27744e+66 -6.27744e+66 -6.27744e+66 -6.27744e+66 151.202 198.69 221.304 418.039 571.81 1012.77 1053.47 1370.06 1858.51 2000.97 
-6.27744e+66 -6.27744e+66 -6.27744e+66 -6.27744e+66 -6.27744e+66 151.202 162.509 293.666 408.994 761.761 795.681 1067.04 1494.43 1621.07 
-6.27744e+66 -6.27744e+66 -6.27744e+66 -6.27744e+66 -6.27744e+66 -6.27744e+66 151.202 216.781 293.666 558.242 585.378 811.51 1177.85 1288.65 
-6.27744e+66 -6.27744e+66 -6.27744e+66 -6.27744e+66 -6.27744e+66 -6.27744e+66 -6.27744e+66 151.202 189.645 366.029 386.381 567.287 872.566 967.542 
-6.27744e+66 -6.27744e+66 -6.27744e+66 -6.27744e+66 -6.27744e+66 -6.27744e+66 -6.27744e+66 -6.27744e+66 151.202 239.394 252.962 388.642 632.865 712.012 
-6.27744e+66 -6.27744e+66 -6.27744e+66 -6.27744e+66 -6.27744e+66 -6.27744e+66 -6.27744e+66 -6.27744e+66 -6.27744e+66 151.202 157.986 248.44 431.607 494.924 
-6.27744e+66 -6.27744e+66 -6.27744e+66 -6.27744e+66 -6.27744e+66 -6.27744e+66 -6.27744e+66 -6.27744e+66 -6.27744e+66 -6.27744e+66 151.202 196.429 318.541 366.029 
-6.27744e+66 -6.27744e+66 -6.27744e+66 -6.27744e+66 -6.27744e+66 -6.27744e+66 -6.27744e+66 -6.27744e+66 -6.27744e+66 -6.27744e+66 -6.27744e+66 151.202 212.258 243.917 
-6.27744e+66 -6.27744e+66 -6.27744e+66 -6.27744e+66 -6.27744e+66 -6.27744e+66 -6.27744e+66 -6.27744e+66 -6.27744e+66 -6.27744e+66 -6.27744e+66 -6.27744e+66 151.202 167.032 
-6.27744e+66 -6.27744e+66 -6.27744e+66 -6.27744e+66 -6.27744e+66 -6.27744e+66 -6.27744e+66 -6.27744e+66 -6.27744e+66 -6.27744e+66 -6.27744e+66 -6.27744e+66 -6.27744e+66 151.202 
-6.27744e+66 -6.27744e+66 -6.27744e+66 -6.27744e+66 -6.27744e+66 -6.27744e+66 -6.27744e+66 -6.27744e+66 -6.27744e+66 -6.27744e+66 -6.27744e+66 -6.27744e+66 -6.27744e+66 -6.27744e+66 
-6.27744e+66 140.448 147.845 179.547 190.642 235.025 314.28 881.744 1355.16 1667.95 1862.92 2095.4 2200.01 2840.39 
-6.27744e+66 -6.27744e+66 140.448 156.299 163.696 196.983 260.387 733.273 1139.06 1412.75 1586.05 1795.29 1890.39 2477.41 
-6.27744e+66 -6.27744e+66 -6.27744e+66 140.448 144.146 166.338 213.891 592.2 930.353 1164.95 1316.59 1502.57 1588.17 2121.82 
-6.27744e+66 -6.27744e+66 -6.27744e+66 -6.27744e+66 140.448 151.543 183.245 466.977 737.5 932.995 1062.97 1225.71 1301.79 1782.08 
-6.27744e+66 -6.27744e+66 -6.27744e+66 -6.27744e+66 -6.27744e+66 140.448 156.299 345.453 548.345 704.741 813.056 952.545 1019.12 1446.04 
-6.27744e+66 -6.27744e+66 -6.27744e+66 -6.27744e+66 -6.27744e+66 -6.27744e+66 140.448 235.025 370.287 487.584 574.235 690.476 747.539 1121.09 
-6.27744e+66 -6.27744e+66 -6.27744e+66 -6.27744e+66 -6.27744e+66 -6.27744e+66 -6.27744e+66 140.448 208.078 286.276 351.265 444.258 491.81 812 
-6.27744e+66 -6.27744e+66 -6.27744e+66 -6.27744e+66 -6.27744e+66 -6.27744e+66 -6.27744e+66 -6.27744e+66 140.448 179.547 222.873 292.617 330.659 597.483 
-6.27744e+66 -6.27744e+66 -6.27744e+66 -6.27744e+66 -6.27744e+66 -6.27744e+66 -6.27744e+66 -6.27744e+66 -6.27744e+66 140.448 162.111 208.607 237.139 450.598 
-6.27744e+66 -6.27744e+66 -6.27744e+66 -6.27744e+66 -6.27744e+66 -6.27744e+66 -6.27744e+66 -6.27744e+66 -6.27744e+66 -6.27744e+66 140.448 163.696 182.717 342.812 
-6.27744e+66 -6.27744e+66 -6.27744e+66 -6.27744e+66 -6.27744e+66 -6.27744e+66 -6.27744e+66 -6.27744e+66 -6.27744e+66 -6.27744e+66 -6.27744e+66 140.448 149.958 256.688 
-6.27744e+66 -6.27744e+66 -6.27744e+66 -6.27744e+66 -6.27744e+66 -6.27744e+66 -6.27744e+66 -6.27744e+66 -6.27744e+66 -6.27744e+66 -6.27744e+66 -6.27744e+66 140.448 193.813 
-6.27744e+66 -6.27744e+66 -6.27744e+66 -6.27744e+66 -6.27744e+66 -6.27744e+66 -6.27744e+66 -6.27744e+66 -6.27744e+66 -6.27744e+66 -6.27744e+66 -6.27744e+66 -6.27744e+66 140.448 
-6.27744e+66 -6.27744e+66 -6.27744e+66 -6.27744e+66 -6.27744e+66 -6.27744e+66 -6.27744e+66 -6.27744e+66 -6.27744e+66 -6.27744e+66 -6.27744e+66 -6.27744e+66 -6.27744e+66 -6.27744e+66 
-6.27744e+66 45.3307 45.3307 151.867 177.099 266.813 378.956 496.707 614.457 726.6 852.761 992.94 1116.3 1250.87 
-6.27744e+66 -6.27744e+66 45.3307 98.5987 115.42 182.706 272.42 370.546 471.474 569.6 681.743 807.904 920.047 1043.4 
-6.27744e+66 -6.27744e+66 -6.27744e+66 45.3307 53.7415 98.5987 165.885 244.385 328.492 412.599 510.724 622.868 723.796 835.939 
-6.27744e+66 -6.27744e+66 -6.27744e+66 -6.27744e+66 45.3307 67.7593 112.617 171.492 238.778 308.867 392.974 491.099 580.814 681.743 
-6.27744e+66 -6.27744e+66 -6.27744e+66 -6.27744e+66 -6.27744e+66 45.3307 67.7593 107.009 157.474 213.545 283.635 367.742 446.242 535.957 
-6.27744e+66 -6.27744e+66 -6.27744e+66 -6.27744e+66 -6.27744e+66 -6.27744e+66 45.3307 64.9558 98.5987 140.652 196.724 266.813 334.099 412.599 
-6.27744e+66 -6.27744e+66 -6.27744e+66 -6.27744e+66 -6.27744e+66 -6.27744e+66 -6.27744e+66 45.3307 62.1522 90.188 132.242 188.313 244.385 311.671 
-6.27744e+66 -6.27744e+66 -6.27744e+66 -6.27744e+66 -6.27744e+66 -6.27744e+66 -6.27744e+66 -6.27744e+66 45.3307 59.3486 87.3844 129.438 174.295 230.367 
-6.27744e+66 -6.27744e+66 -6.27744e+66 -6.27744e+66 -6.27744e+66 -6.27744e+66 -6.27744e+66 -6.27744e+66 -6.27744e+66 45.3307 59.3486 87.3844 121.027 165.885 
-6.27744e+66 -6.27744e+66 -6.27744e+66 -6.27744e+66 -6.27744e+66 -6.27744e+66 -6.27744e+66 -6.27744e+66 -6.27744e+66 -6.27744e+66 45.3307 59.3486 81.7772 115.42 
-6.27744e+66 -6.27744e+66 -6.27744e+66 -6.27744e+66 -6.27744e+66 -6.27744e+66 -6.27744e+66 -6.27744e+66 -6.27744e+66 -6.27744e+66 -6.27744e+66 45.3307 56.545 78.9737 
-6.27744e+66 -6.27744e+66 -6.27744e+66 -6.27744e+66 -6.27744e+66 -6.27744e+66 -6.27744e+66 -6.27744e+66 -6.27744e+66 -6.27744e+66 -6.27744e+66 -6.27744e+66 45.3307 56.545 
-6.27744e+66 -6.27744e+66 -6.27744e+66 -6.27744e+66 -6.27744e+66 -6.27744e+66 -6.27744e+66 -6.27744e+66 -6.27744e+66 -6.27744e+66 -6.27744e+66 -6.27744e+66 -6.27744e+66 45.3307 
-6.27744e+66 -6.27744e+66 -6.27744e+66 -6.27744e+66 -6.27744e+66 -6.27744e+66 -6.27744e+66 -6.27744e+66 -6.27744e+66 -6.27744e+66 -6.27744e+66 -6.27744e+66 -6.27744e+66 -6.27744e+66 
