13 10
1000 1000 1000 1000 1000 1000 1000 1000 1000 1000 1000 1000 1000 
item 0
85 75 130 30 90 135 20 120 15 35 15 55 60 
157.229 157.229 157.229 157.229 157.229 157.229 157.229 157.229 157.229 157.229 157.229 157.229 157.229 
0.431505 0.431505 0.431505 0.431505 0.431505 0.431505 0.431505 0.431505 0.431505 0.431505 0.431505 0.431505 0.431505 
item 1
40 35 50 80 5 75 120 60 85 70 90 25 0 
176.006 176.006 176.006 176.006 176.006 176.006 176.006 176.006 176.006 176.006 176.006 176.006 176.006 
0.377871 0.377871 0.377871 0.377871 0.377871 0.377871 0.377871 0.377871 0.377871 0.377871 0.377871 0.377871 0.377871 
item 2
30 140 105 180 35 105 170 50 25 60 0 140 145 
289.571 289.571 289.571 289.571 289.571 289.571 289.571 289.571 289.571 289.571 289.571 289.571 289.571 
0.431165 0.431165 0.431165 0.431165 0.431165 0.431165 0.431165 0.431165 0.431165 0.431165 0.431165 0.431165 0.431165 
item 3
15 5 50 45 235 145 175 15 55 40 330 45 15 
206.173 206.173 206.173 206.173 206.173 206.173 206.173 206.173 206.173 206.173 206.173 206.173 206.173 
0.22822 0.22822 0.22822 0.22822 0.22822 0.22822 0.22822 0.22822 0.22822 0.22822 0.22822 0.22822 0.22822 
item 4
30 310 240 20 295 100 280 320 35 220 295 85 285 
197.113 197.113 197.113 197.113 197.113 197.113 197.113 197.113 197.113 197.113 197.113 197.113 197.113 
0.182135 0.182135 0.182135 0.182135 0.182135 0.182135 0.182135 0.182135 0.182135 0.182135 0.182135 0.182135 0.182135 
item 5
85 230 175 160 160 390 95 300 200 190 365 60 185 
217.207 217.207 217.207 217.207 217.207 217.207 217.207 217.207 217.207 217.207 217.207 217.207 217.207 
0.164982 0.164982 0.164982 0.164982 0.164982 0.164982 0.164982 0.164982 0.164982 0.164982 0.164982 0.164982 0.164982 
item 6
25 35 75 100 25 15 60 0 20 0 0 55 40 
41.0687 41.0687 41.0687 41.0687 41.0687 41.0687 41.0687 41.0687 41.0687 41.0687 41.0687 41.0687 41.0687 
0.442233 0.442233 0.442233 0.442233 0.442233 0.442233 0.442233 0.442233 0.442233 0.442233 0.442233 0.442233 0.442233 
item 7
415 85 420 285 5 240 275 345 375 400 360 160 365 
277.265 277.265 277.265 277.265 277.265 277.265 277.265 277.265 277.265 277.265 277.265 277.265 277.265 
0.160437 0.160437 0.160437 0.160437 0.160437 0.160437 0.160437 0.160437 0.160437 0.160437 0.160437 0.160437 0.160437 
item 8
340 55 100 130 175 40 55 230 35 200 125 200 250 
288.318 288.318 288.318 288.318 288.318 288.318 288.318 288.318 288.318 288.318 288.318 288.318 288.318 
0.249917 0.249917 0.249917 0.249917 0.249917 0.249917 0.249917 0.249917 0.249917 0.249917 0.249917 0.249917 0.249917 
item 9
55 15 90 95 10 35 65 60 80 85 15 80 85 
150.05 150.05 150.05 150.05 150.05 150.05 150.05 150.05 150.05 150.05 150.05 150.05 150.05 
0.385877 0.385877 0.385877 0.385877 0.385877 0.385877 0.385877 0.385877 0.385877 0.385877 0.385877 0.385877 0.385877 
