26 10
-6.27744e+66 110.091 136.171 159.353 228.9 298.446 312.935 538.962 1167.78 1422.78 1813.98 2683.32 3002.07 3106.39 4048.17 4129.31 4824.78 5056.6 6041.84 7137.2 8018.13 8076.08 9962.54 10663.8 10797.1 12048.9 12918.3 
-6.27744e+66 -6.27744e+66 110.091 121.682 168.046 220.206 231.797 420.153 959.14 1182.27 1530 2312.4 2602.18 2697.81 3567.14 3642.48 4291.58 4508.92 5436.21 6470.71 7305.27 7360.33 9156.95 9826.34 9953.84 11153.5 11988.1 
-6.27744e+66 -6.27744e+66 -6.27744e+66 110.091 133.273 168.046 176.74 327.424 776.58 967.833 1272.1 1967.57 2228.37 2315.3 3112.19 3181.74 3784.47 3987.32 4856.65 5830.31 6618.5 6670.66 8377.45 9014.96 9136.67 10284.2 11084 
-6.27744e+66 -6.27744e+66 -6.27744e+66 -6.27744e+66 110.091 127.477 133.273 246.286 605.611 764.989 1025.79 1634.32 1866.14 1944.38 2668.83 2732.58 3288.95 3477.31 4288.69 5201.49 5943.32 5992.58 7609.54 8215.18 8331.09 9426.45 10191.5 
-6.27744e+66 -6.27744e+66 -6.27744e+66 -6.27744e+66 -6.27744e+66 110.091 112.988 188.331 457.824 585.326 802.66 1324.26 1527.1 1596.65 2248.65 2306.61 2816.62 2990.48 3743.9 4595.85 5291.32 5337.68 6864.81 7438.57 7548.69 8591.89 9322.13 
-6.27744e+66 -6.27744e+66 -6.27744e+66 -6.27744e+66 -6.27744e+66 -6.27744e+66 110.091 147.762 327.424 423.051 596.917 1031.58 1205.45 1266.3 1845.86 1898.02 2361.66 2521.04 3216.51 4007.6 4656.71 4700.17 6137.47 6679.35 6783.67 7774.71 8470.18 
-6.27744e+66 -6.27744e+66 -6.27744e+66 -6.27744e+66 -6.27744e+66 -6.27744e+66 -6.27744e+66 110.091 199.922 263.673 394.073 741.806 886.695 938.855 1445.97 1492.33 1909.61 2054.5 2692.01 3422.25 4024.99 4065.56 5413.03 5923.03 6021.56 6960.44 7621.13 
-6.27744e+66 -6.27744e+66 -6.27744e+66 -6.27744e+66 -6.27744e+66 -6.27744e+66 -6.27744e+66 -6.27744e+66 110.091 141.966 228.9 489.7 605.611 649.077 1083.74 1124.31 1495.23 1625.63 2205.18 2874.57 3430.94 3468.62 4726.25 5204.39 5297.11 6183.83 6809.75 
-6.27744e+66 -6.27744e+66 -6.27744e+66 -6.27744e+66 -6.27744e+66 -6.27744e+66 -6.27744e+66 -6.27744e+66 -6.27744e+66 110.091 153.557 327.424 414.357 449.131 811.353 846.126 1170.68 1286.59 1808.19 2416.72 2926.73 2961.5 4129.31 4575.57 4662.5 5497.06 6088.21 
-6.27744e+66 -6.27744e+66 -6.27744e+66 -6.27744e+66 -6.27744e+66 -6.27744e+66 -6.27744e+66 -6.27744e+66 -6.27744e+66 -6.27744e+66 110.091 197.024 254.98 281.06 570.837 599.815 878.002 979.424 1443.07 1990.75 2454.39 2486.27 3564.24 3978.62 4059.76 4842.16 5398.54 
-6.27744e+66 -6.27744e+66 -6.27744e+66 -6.27744e+66 -6.27744e+66 -6.27744e+66 -6.27744e+66 -6.27744e+66 -6.27744e+66 -6.27744e+66 -6.27744e+66 110.091 139.068 156.455 373.789 396.971 628.793 715.726 1121.42 1608.24 2025.52 2054.5 3042.64 3425.15 3500.49 4230.73 4752.33 
-6.27744e+66 -6.27744e+66 -6.27744e+66 -6.27744e+66 -6.27744e+66 -6.27744e+66 -6.27744e+66 -6.27744e+66 -6.27744e+66 -6.27744e+66 -6.27744e+66 -6.27744e+66 110.091 118.784 263.673 281.06 466.517 538.962 886.695 1312.67 1683.58 1709.66 2607.98 2958.61 3028.15 3706.23 4193.06 
-6.27744e+66 -6.27744e+66 -6.27744e+66 -6.27744e+66 -6.27744e+66 -6.27744e+66 -6.27744e+66 -6.27744e+66 -6.27744e+66 -6.27744e+66 -6.27744e+66 -6.27744e+66 -6.27744e+66 110.091 182.535 194.126 333.22 391.175 680.953 1046.07 1370.62 1393.81 2202.29 2521.04 2584.79 3210.71 3662.77 
-6.27744e+66 -6.27744e+66 -6.27744e+66 -6.27744e+66 -6.27744e+66 -6.27744e+66 -6.27744e+66 -6.27744e+66 -6.27744e+66 -6.27744e+66 -6.27744e+66 -6.27744e+66 -6.27744e+66 -6.27744e+66 110.091 115.886 208.615 252.082 483.904 788.171 1066.36 1086.64 1805.29 2092.17 2150.13 2723.89 3141.17 
-6.27744e+66 -6.27744e+66 -6.27744e+66 -6.27744e+66 -6.27744e+66 -6.27744e+66 -6.27744e+66 -6.27744e+66 -6.27744e+66 -6.27744e+66 -6.27744e+66 -6.27744e+66 -6.27744e+66 -6.27744e+66 -6.27744e+66 110.091 156.455 185.433 359.3 602.713 834.535 851.922 1480.74 1735.74 1787.9 2309.5 2692.01 
-6.27744e+66 -6.27744e+66 -6.27744e+66 -6.27744e+66 -6.27744e+66 -6.27744e+66 -6.27744e+66 -6.27744e+66 -6.27744e+66 -6.27744e+66 -6.27744e+66 -6.27744e+66 -6.27744e+66 -6.27744e+66 -6.27744e+66 -6.27744e+66 110.091 124.58 240.491 423.051 608.509 622.997 1161.98 1385.11 1431.48 1900.92 2248.65 
-6.27744e+66 -6.27744e+66 -6.27744e+66 -6.27744e+66 -6.27744e+66 -6.27744e+66 -6.27744e+66 -6.27744e+66 -6.27744e+66 -6.27744e+66 -6.27744e+66 -6.27744e+66 -6.27744e+66 -6.27744e+66 -6.27744e+66 -6.27744e+66 -6.27744e+66 110.091 168.046 289.753 428.846 440.437 889.593 1080.85 1121.42 1538.7 1851.66 
-6.27744e+66 -6.27744e+66 -6.27744e+66 -6.27744e+66 -6.27744e+66 -6.27744e+66 -6.27744e+66 -6.27744e+66 -6.27744e+66 -6.27744e+66 -6.27744e+66 -6.27744e+66 -6.27744e+66 -6.27744e+66 -6.27744e+66 -6.27744e+66 -6.27744e+66 -6.27744e+66 110.091 170.944 263.673 272.366 631.691 791.069 825.842 1190.96 1469.15 
-6.27744e+66 -6.27744e+66 -6.27744e+66 -6.27744e+66 -6.27744e+66 -6.27744e+66 -6.27744e+66 -6.27744e+66 -6.27744e+66 -6.27744e+66 -6.27744e+66 -6.27744e+66 -6.27744e+66 -6.27744e+66 -6.27744e+66 -6.27744e+66 -6.27744e+66 -6.27744e+66 -6.27744e+66 110.091 156.455 162.251 431.744 559.246 588.224 901.184 1144.6 
-6.27744e+66 -6.27744e+66 -6.27744e+66 -6.27744e+66 -6.27744e+66 -6.27744e+66 -6.27744e+66 -6.27744e+66 -6.27744e+66 -6.27744e+66 -6.27744e+66 -6.27744e+66 -6.27744e+66 -6.27744e+66 -6.27744e+66 -6.27744e+66 -6.27744e+66 -6.27744e+66 -6.27744e+66 -6.27744e+66 110.091 112.988 292.651 388.277 411.46 672.26 880.9 
-6.27744e+66 -6.27744e+66 -6.27744e+66 -6.27744e+66 -6.27744e+66 -6.27744e+66 -6.27744e+66 -6.27744e+66 -6.27744e+66 -6.27744e+66 -6.27744e+66 -6.27744e+66 -6.27744e+66 -6.27744e+66 -6.27744e+66 -6.27744e+66 -6.27744e+66 -6.27744e+66 -6.27744e+66 -6.27744e+66 -6.27744e+66 110.091 199.922 263.673 281.06 489.7 663.566 
-6.27744e+66 -6.27744e+66 -6.27744e+66 -6.27744e+66 -6.27744e+66 -6.27744e+66 -6.27744e+66 -6.27744e+66 -6.27744e+66 -6.27744e+66 -6.27744e+66 -6.27744e+66 -6.27744e+66 -6.27744e+66 -6.27744e+66 -6.27744e+66 -6.27744e+66 -6.27744e+66 -6.27744e+66 -6.27744e+66 -6.27744e+66 -6.27744e+66 110.091 141.966 153.557 310.037 449.131 
-6.27744e+66 -6.27744e+66 -6.27744e+66 -6.27744e+66 -6.27744e+66 -6.27744e+66 -6.27744e+66 -6.27744e+66 -6.27744e+66 -6.27744e+66 -6.27744e+66 -6.27744e+66 -6.27744e+66 -6.27744e+66 -6.27744e+66 -6.27744e+66 -6.27744e+66 -6.27744e+66 -6.27744e+66 -6.27744e+66 -6.27744e+66 -6.27744e+66 -6.27744e+66 110.091 115.886 220.206 324.526 
-6.27744e+66 -6.27744e+66 -6.27744e+66 -6.27744e+66 -6.27744e+66 -6.27744e+66 -6.27744e+66 -6.27744e+66 -6.27744e+66 -6.27744e+66 -6.27744e+66 -6.27744e+66 -6.27744e+66 -6.27744e+66 -6.27744e+66 -6.27744e+66 -6.27744e+66 -6.27744e+66 -6.27744e+66 -6.27744e+66 -6.27744e+66 -6.27744e+66 -6.27744e+66 -6.27744e+66 110.091 162.251 231.797 
-6.27744e+66 -6.27744e+66 -6.27744e+66 -6.27744e+66 -6.27744e+66 -6.27744e+66 -6.27744e+66 -6.27744e+66 -6.27744e+66 -6.27744e+66 -6.27744e+66 -6.27744e+66 -6.27744e+66 -6.27744e+66 -6.27744e+66 -6.27744e+66 -6.27744e+66 -6.27744e+66 -6.27744e+66 -6.27744e+66 -6.27744e+66 -6.27744e+66 -6.27744e+66 -6.27744e+66 -6.27744e+66 110.091 144.864 
-6.27744e+66 -6.27744e+66 -6.27744e+66 -6.27744e+66 -6.27744e+66 -6.27744e+66 -6.27744e+66 -6.27744e+66 -6.27744e+66 -6.27744e+66 -6.27744e+66 -6.27744e+66 -6.27744e+66 -6.27744e+66 -6.27744e+66 -6.27744e+66 -6.27744e+66 -6.27744e+66 -6.27744e+66 -6.27744e+66 -6.27744e+66 -6.27744e+66 -6.27744e+66 -6.27744e+66 -6.27744e+66 -6.27744e+66 110.091 
-6.27744e+66 -6.27744e+66 -6.27744e+66 -6.27744e+66 -6.27744e+66 -6.27744e+66 -6.27744e+66 -6.27744e+66 -6.27744e+66 -6.27744e+66 -6.27744e+66 -6.27744e+66 -6.27744e+66 -6.27744e+66 -6.27744e+66 -6.27744e+66 -6.27744e+66 -6.27744e+66 -6.27744e+66 -6.27744e+66 -6.27744e+66 -6.27744e+66 -6.27744e+66 -6.27744e+66 -6.27744e+66 -6.27744e+66 -6.27744e+66 
-6.27744e+66 91.8827 140.141 257.638 276.522 494.732 610.131 635.31 987.803 1407.44 1785.11 1952.96 2414.56 2817.41 3308.38 3719.62 3876.99 4145.55 4644.92 5060.36 5897.53 5897.53 6558.45 7573.97 8732.16 8933.58 9405.67 
-6.27744e+66 -6.27744e+66 91.8827 150.632 163.221 326.878 419.198 440.179 742.316 1109.5 1445.2 1596.27 2015.91 2385.19 2838.39 3220.26 3367.13 3618.91 4088.9 4481.26 5274.37 5274.37 5903.82 6873.18 7981.01 8174.05 8627.25 
-6.27744e+66 -6.27744e+66 -6.27744e+66 91.8827 98.1772 207.282 276.522 293.307 545.088 859.814 1153.56 1287.84 1665.51 2001.22 2416.66 2769.15 2905.53 3140.53 3581.14 3950.42 4699.47 4699.47 5297.45 6220.65 7278.13 7462.76 7897.09 
-6.27744e+66 -6.27744e+66 -6.27744e+66 -6.27744e+66 91.8827 146.435 192.595 205.184 406.609 668.88 920.661 1038.16 1373.87 1676 2053.67 2376.79 2502.68 2720.89 3132.14 3478.33 4183.32 4183.32 4749.83 5626.86 6633.99 6810.23 7225.67 
-6.27744e+66 -6.27744e+66 -6.27744e+66 -6.27744e+66 -6.27744e+66 91.8827 114.963 123.355 274.424 484.241 694.058 794.771 1088.51 1357.08 1696.99 1990.73 2106.13 2307.55 2689.42 3012.54 3673.46 3673.46 4208.5 5039.37 5996.14 6164 6560.55 
-6.27744e+66 -6.27744e+66 -6.27744e+66 -6.27744e+66 -6.27744e+66 -6.27744e+66 91.8827 96.079 196.791 354.154 522.008 605.935 857.716 1092.71 1394.85 1659.22 1764.13 1948.77 2301.26 2601.3 3218.16 3218.16 3721.72 4506.44 5412.85 5572.31 5949.98 
-6.27744e+66 -6.27744e+66 -6.27744e+66 -6.27744e+66 -6.27744e+66 -6.27744e+66 -6.27744e+66 91.8827 142.239 247.147 373.038 440.179 649.997 851.421 1115.79 1350.79 1445.2 1613.06 1936.18 2213.14 2785.94 2785.94 3258.03 3996.58 4852.64 5003.71 5362.49 
-6.27744e+66 -6.27744e+66 -6.27744e+66 -6.27744e+66 -6.27744e+66 -6.27744e+66 -6.27744e+66 -6.27744e+66 91.8827 144.337 228.264 278.62 446.474 614.328 840.93 1046.55 1130.48 1281.55 1575.29 1829.17 2357.91 2357.91 2798.53 3490.92 4296.62 4439.3 4779.2 
-6.27744e+66 -6.27744e+66 -6.27744e+66 -6.27744e+66 -6.27744e+66 -6.27744e+66 -6.27744e+66 -6.27744e+66 -6.27744e+66 91.8827 133.846 167.417 293.307 427.59 616.426 792.672 866.109 1000.39 1264.76 1495.56 1980.24 1980.24 2389.38 3035.62 3790.96 3925.24 4246.27 
-6.27744e+66 -6.27744e+66 -6.27744e+66 -6.27744e+66 -6.27744e+66 -6.27744e+66 -6.27744e+66 -6.27744e+66 -6.27744e+66 -6.27744e+66 91.8827 108.668 192.595 293.307 444.376 591.248 654.193 771.691 1006.69 1214.41 1655.02 1655.02 2032.69 2632.77 3337.76 3463.65 3765.78 
-6.27744e+66 -6.27744e+66 -6.27744e+66 -6.27744e+66 -6.27744e+66 -6.27744e+66 -6.27744e+66 -6.27744e+66 -6.27744e+66 -6.27744e+66 -6.27744e+66 91.8827 133.846 200.988 314.289 431.787 484.241 584.953 790.574 975.214 1371.77 1371.77 1717.97 2271.88 2926.51 3044.01 3327.27 
-6.27744e+66 -6.27744e+66 -6.27744e+66 -6.27744e+66 -6.27744e+66 -6.27744e+66 -6.27744e+66 -6.27744e+66 -6.27744e+66 -6.27744e+66 -6.27744e+66 -6.27744e+66 91.8827 125.453 200.988 289.111 331.074 415.001 591.248 752.807 1105.3 1105.3 1420.03 1927.78 2532.06 2641.16 2905.53 
-6.27744e+66 -6.27744e+66 -6.27744e+66 -6.27744e+66 -6.27744e+66 -6.27744e+66 -6.27744e+66 -6.27744e+66 -6.27744e+66 -6.27744e+66 -6.27744e+66 -6.27744e+66 -6.27744e+66 91.8827 129.65 188.399 219.871 287.013 433.885 572.364 880.796 880.796 1164.05 1625.65 2179.56 2280.28 2525.76 
-6.27744e+66 -6.27744e+66 -6.27744e+66 -6.27744e+66 -6.27744e+66 -6.27744e+66 -6.27744e+66 -6.27744e+66 -6.27744e+66 -6.27744e+66 -6.27744e+66 -6.27744e+66 -6.27744e+66 -6.27744e+66 91.8827 121.257 142.239 192.595 310.093 425.492 689.862 689.862 941.643 1357.08 1860.64 1952.96 2179.56 
-6.27744e+66 -6.27744e+66 -6.27744e+66 -6.27744e+66 -6.27744e+66 -6.27744e+66 -6.27744e+66 -6.27744e+66 -6.27744e+66 -6.27744e+66 -6.27744e+66 -6.27744e+66 -6.27744e+66 -6.27744e+66 -6.27744e+66 91.8827 102.374 135.944 224.068 316.387 536.695 536.695 757.004 1126.28 1579.49 1663.41 1871.13 
-6.27744e+66 -6.27744e+66 -6.27744e+66 -6.27744e+66 -6.27744e+66 -6.27744e+66 -6.27744e+66 -6.27744e+66 -6.27744e+66 -6.27744e+66 -6.27744e+66 -6.27744e+66 -6.27744e+66 -6.27744e+66 -6.27744e+66 -6.27744e+66 91.8827 108.668 167.417 236.657 412.903 412.903 601.739 924.857 1327.71 1403.24 1592.08 
-6.27744e+66 -6.27744e+66 -6.27744e+66 -6.27744e+66 -6.27744e+66 -6.27744e+66 -6.27744e+66 -6.27744e+66 -6.27744e+66 -6.27744e+66 -6.27744e+66 -6.27744e+66 -6.27744e+66 -6.27744e+66 -6.27744e+66 -6.27744e+66 -6.27744e+66 91.8827 121.257 167.417 299.602 299.602 456.965 733.924 1086.42 1153.56 1323.51 
-6.27744e+66 -6.27744e+66 -6.27744e+66 -6.27744e+66 -6.27744e+66 -6.27744e+66 -6.27744e+66 -6.27744e+66 -6.27744e+66 -6.27744e+66 -6.27744e+66 -6.27744e+66 -6.27744e+66 -6.27744e+66 -6.27744e+66 -6.27744e+66 -6.27744e+66 -6.27744e+66 91.8827 114.963 203.086 203.086 328.976 559.775 861.912 920.661 1071.73 
-6.27744e+66 -6.27744e+66 -6.27744e+66 -6.27744e+66 -6.27744e+66 -6.27744e+66 -6.27744e+66 -6.27744e+66 -6.27744e+66 -6.27744e+66 -6.27744e+66 -6.27744e+66 -6.27744e+66 -6.27744e+66 -6.27744e+66 -6.27744e+66 -6.27744e+66 -6.27744e+66 -6.27744e+66 91.8827 135.944 135.944 230.362 415.001 666.782 717.138 849.323 
-6.27744e+66 -6.27744e+66 -6.27744e+66 -6.27744e+66 -6.27744e+66 -6.27744e+66 -6.27744e+66 -6.27744e+66 -6.27744e+66 -6.27744e+66 -6.27744e+66 -6.27744e+66 -6.27744e+66 -6.27744e+66 -6.27744e+66 -6.27744e+66 -6.27744e+66 -6.27744e+66 -6.27744e+66 -6.27744e+66 91.8827 91.8827 154.828 293.307 494.732 536.695 649.997 
-6.27744e+66 -6.27744e+66 -6.27744e+66 -6.27744e+66 -6.27744e+66 -6.27744e+66 -6.27744e+66 -6.27744e+66 -6.27744e+66 -6.27744e+66 -6.27744e+66 -6.27744e+66 -6.27744e+66 -6.27744e+66 -6.27744e+66 -6.27744e+66 -6.27744e+66 -6.27744e+66 -6.27744e+66 -6.27744e+66 -6.27744e+66 91.8827 123.355 215.675 366.743 400.314 494.732 
-6.27744e+66 -6.27744e+66 -6.27744e+66 -6.27744e+66 -6.27744e+66 -6.27744e+66 -6.27744e+66 -6.27744e+66 -6.27744e+66 -6.27744e+66 -6.27744e+66 -6.27744e+66 -6.27744e+66 -6.27744e+66 -6.27744e+66 -6.27744e+66 -6.27744e+66 -6.27744e+66 -6.27744e+66 -6.27744e+66 -6.27744e+66 -6.27744e+66 91.8827 138.042 238.755 263.933 339.467 
-6.27744e+66 -6.27744e+66 -6.27744e+66 -6.27744e+66 -6.27744e+66 -6.27744e+66 -6.27744e+66 -6.27744e+66 -6.27744e+66 -6.27744e+66 -6.27744e+66 -6.27744e+66 -6.27744e+66 -6.27744e+66 -6.27744e+66 -6.27744e+66 -6.27744e+66 -6.27744e+66 -6.27744e+66 -6.27744e+66 -6.27744e+66 -6.27744e+66 -6.27744e+66 91.8827 142.239 159.024 215.675 
-6.27744e+66 -6.27744e+66 -6.27744e+66 -6.27744e+66 -6.27744e+66 -6.27744e+66 -6.27744e+66 -6.27744e+66 -6.27744e+66 -6.27744e+66 -6.27744e+66 -6.27744e+66 -6.27744e+66 -6.27744e+66 -6.27744e+66 -6.27744e+66 -6.27744e+66 -6.27744e+66 -6.27744e+66 -6.27744e+66 -6.27744e+66 -6.27744e+66 -6.27744e+66 -6.27744e+66 91.8827 100.275 138.042 
-6.27744e+66 -6.27744e+66 -6.27744e+66 -6.27744e+66 -6.27744e+66 -6.27744e+66 -6.27744e+66 -6.27744e+66 -6.27744e+66 -6.27744e+66 -6.27744e+66 -6.27744e+66 -6.27744e+66 -6.27744e+66 -6.27744e+66 -6.27744e+66 -6.27744e+66 -6.27744e+66 -6.27744e+66 -6.27744e+66 -6.27744e+66 -6.27744e+66 -6.27744e+66 -6.27744e+66 -6.27744e+66 91.8827 110.766 
-6.27744e+66 -6.27744e+66 -6.27744e+66 -6.27744e+66 -6.27744e+66 -6.27744e+66 -6.27744e+66 -6.27744e+66 -6.27744e+66 -6.27744e+66 -6.27744e+66 -6.27744e+66 -6.27744e+66 -6.27744e+66 -6.27744e+66 -6.27744e+66 -6.27744e+66 -6.27744e+66 -6.27744e+66 -6.27744e+66 -6.27744e+66 -6.27744e+66 -6.27744e+66 -6.27744e+66 -6.27744e+66 -6.27744e+66 91.8827 
-6.27744e+66 -6.27744e+66 -6.27744e+66 -6.27744e+66 -6.27744e+66 -6.27744e+66 -6.27744e+66 -6.27744e+66 -6.27744e+66 -6.27744e+66 -6.27744e+66 -6.27744e+66 -6.27744e+66 -6.27744e+66 -6.27744e+66 -6.27744e+66 -6.27744e+66 -6.27744e+66 -6.27744e+66 -6.27744e+66 -6.27744e+66 -6.27744e+66 -6.27744e+66 -6.27744e+66 -6.27744e+66 -6.27744e+66 -6.27744e+66 
-6.27744e+66 125.056 194.776 227.586 473.657 695.122 1012.96 1259.04 1546.12 2103.88 2380.71 2462.74 3139.43 3902.25 4168.83 4714.29 5421.75 5651.41 6453.2 7006.86 8136.74 8341.79 8514.05 8784.72 9020.54 10103.3 11231.1 
-6.27744e+66 -6.27744e+66 125.056 141.461 305.509 471.607 725.881 930.94 1177.01 1665.05 1911.13 1984.95 2600.13 3299.38 3545.45 4051.95 4712.24 4927.55 5682.17 6205.07 7275.48 7470.29 7634.34 7892.71 8118.28 9155.88 10238.6 
-6.27744e+66 -6.27744e+66 -6.27744e+66 125.056 207.08 317.812 508.518 672.565 877.625 1295.95 1511.26 1576.88 2130.54 2766.22 2991.79 3459.33 4072.45 4273.41 4980.87 5473.01 6483.95 6668.51 6824.35 7070.43 7285.74 8278.23 9315.83 
-6.27744e+66 -6.27744e+66 -6.27744e+66 -6.27744e+66 125.056 180.422 307.559 430.595 594.643 943.244 1127.8 1185.21 1677.36 2249.47 2454.53 2883.11 3449.07 3635.68 4295.97 4757.35 5708.83 5883.13 6030.77 6264.54 6469.6 7416.98 8409.46 
-6.27744e+66 -6.27744e+66 -6.27744e+66 -6.27744e+66 -6.27744e+66 125.056 188.625 270.648 393.684 672.565 826.36 875.574 1306.2 1814.75 1999.3 2388.91 2907.72 3079.97 3693.09 4123.72 5015.73 5179.78 5319.22 5540.68 5735.49 6637.75 7585.12 
-6.27744e+66 -6.27744e+66 -6.27744e+66 -6.27744e+66 -6.27744e+66 -6.27744e+66 125.056 166.068 248.092 457.253 580.288 621.3 990.408 1435.39 1599.43 1950.09 2421.72 2579.62 3145.58 3545.45 4377.99 4531.79 4663.03 4872.19 5056.74 5913.89 6816.15 
-6.27744e+66 -6.27744e+66 -6.27744e+66 -6.27744e+66 -6.27744e+66 -6.27744e+66 -6.27744e+66 125.056 166.068 305.509 397.785 430.595 738.184 1119.6 1263.14 1574.83 1999.3 2142.84 2661.64 3030.75 3803.83 3947.37 4070.4 4267.26 4441.56 5253.6 6110.75 
-6.27744e+66 -6.27744e+66 -6.27744e+66 -6.27744e+66 -6.27744e+66 -6.27744e+66 -6.27744e+66 -6.27744e+66 125.056 194.776 256.294 280.901 526.973 844.815 967.851 1240.58 1617.89 1747.08 2218.71 2557.06 3270.67 3403.96 3518.79 3703.35 3867.39 4634.32 5446.35 
-6.27744e+66 -6.27744e+66 -6.27744e+66 -6.27744e+66 -6.27744e+66 -6.27744e+66 -6.27744e+66 -6.27744e+66 -6.27744e+66 125.056 155.815 172.22 356.773 611.047 713.577 947.345 1277.49 1392.32 1816.8 2124.39 2778.53 2901.56 3008.19 3180.44 3334.24 4056.05 4822.97 
-6.27744e+66 -6.27744e+66 -6.27744e+66 -6.27744e+66 -6.27744e+66 -6.27744e+66 -6.27744e+66 -6.27744e+66 -6.27744e+66 -6.27744e+66 125.056 133.259 256.294 447 529.024 723.83 1006.81 1107.29 1484.6 1761.43 2356.1 2468.89 2567.32 2727.26 2870.8 3547.5 4269.31 
-6.27744e+66 -6.27744e+66 -6.27744e+66 -6.27744e+66 -6.27744e+66 -6.27744e+66 -6.27744e+66 -6.27744e+66 -6.27744e+66 -6.27744e+66 -6.27744e+66 125.056 186.574 313.711 375.229 531.074 766.893 853.018 1183.16 1429.24 1964.44 2066.97 2157.2 2304.84 2438.13 3069.71 3746.41 
-6.27744e+66 -6.27744e+66 -6.27744e+66 -6.27744e+66 -6.27744e+66 -6.27744e+66 -6.27744e+66 -6.27744e+66 -6.27744e+66 -6.27744e+66 -6.27744e+66 -6.27744e+66 125.056 188.625 229.637 346.521 535.175 606.946 889.928 1105.24 1580.98 1673.26 1755.28 1890.62 2013.66 2600.13 3231.71 
-6.27744e+66 -6.27744e+66 -6.27744e+66 -6.27744e+66 -6.27744e+66 -6.27744e+66 -6.27744e+66 -6.27744e+66 -6.27744e+66 -6.27744e+66 -6.27744e+66 -6.27744e+66 -6.27744e+66 125.056 145.562 223.485 364.976 422.393 658.211 842.765 1259.04 1341.06 1414.88 1537.92 1650.7 2192.06 2778.53 
-6.27744e+66 -6.27744e+66 -6.27744e+66 -6.27744e+66 -6.27744e+66 -6.27744e+66 -6.27744e+66 -6.27744e+66 -6.27744e+66 -6.27744e+66 -6.27744e+66 -6.27744e+66 -6.27744e+66 -6.27744e+66 125.056 164.017 258.345 301.407 490.062 643.857 1000.66 1072.43 1138.05 1248.78 1351.31 1847.56 2388.91 
-6.27744e+66 -6.27744e+66 -6.27744e+66 -6.27744e+66 -6.27744e+66 -6.27744e+66 -6.27744e+66 -6.27744e+66 -6.27744e+66 -6.27744e+66 -6.27744e+66 -6.27744e+66 -6.27744e+66 -6.27744e+66 -6.27744e+66 125.056 172.22 200.928 342.419 465.455 762.792 824.309 881.726 980.155 1072.43 1523.56 2019.81 
-6.27744e+66 -6.27744e+66 -6.27744e+66 -6.27744e+66 -6.27744e+66 -6.27744e+66 -6.27744e+66 -6.27744e+66 -6.27744e+66 -6.27744e+66 -6.27744e+66 -6.27744e+66 -6.27744e+66 -6.27744e+66 -6.27744e+66 -6.27744e+66 125.056 139.41 233.738 326.015 563.884 615.149 664.363 750.488 832.512 1238.53 1689.66 
-6.27744e+66 -6.27744e+66 -6.27744e+66 -6.27744e+66 -6.27744e+66 -6.27744e+66 -6.27744e+66 -6.27744e+66 -6.27744e+66 -6.27744e+66 -6.27744e+66 -6.27744e+66 -6.27744e+66 -6.27744e+66 -6.27744e+66 -6.27744e+66 -6.27744e+66 125.056 172.22 233.738 412.14 453.152 494.163 567.985 639.756 1000.66 1406.68 
-6.27744e+66 -6.27744e+66 -6.27744e+66 -6.27744e+66 -6.27744e+66 -6.27744e+66 -6.27744e+66 -6.27744e+66 -6.27744e+66 -6.27744e+66 -6.27744e+66 -6.27744e+66 -6.27744e+66 -6.27744e+66 -6.27744e+66 -6.27744e+66 -6.27744e+66 -6.27744e+66 125.056 155.815 274.75 305.509 338.318 399.836 461.354 777.146 1138.05 
-6.27744e+66 -6.27744e+66 -6.27744e+66 -6.27744e+66 -6.27744e+66 -6.27744e+66 -6.27744e+66 -6.27744e+66 -6.27744e+66 -6.27744e+66 -6.27744e+66 -6.27744e+66 -6.27744e+66 -6.27744e+66 -6.27744e+66 -6.27744e+66 -6.27744e+66 -6.27744e+66 -6.27744e+66 125.056 184.523 205.029 229.637 278.851 330.116 600.794 916.586 
-6.27744e+66 -6.27744e+66 -6.27744e+66 -6.27744e+66 -6.27744e+66 -6.27744e+66 -6.27744e+66 -6.27744e+66 -6.27744e+66 -6.27744e+66 -6.27744e+66 -6.27744e+66 -6.27744e+66 -6.27744e+66 -6.27744e+66 -6.27744e+66 -6.27744e+66 -6.27744e+66 -6.27744e+66 -6.27744e+66 125.056 135.309 151.714 188.625 229.637 455.202 725.881 
-6.27744e+66 -6.27744e+66 -6.27744e+66 -6.27744e+66 -6.27744e+66 -6.27744e+66 -6.27744e+66 -6.27744e+66 -6.27744e+66 -6.27744e+66 -6.27744e+66 -6.27744e+66 -6.27744e+66 -6.27744e+66 -6.27744e+66 -6.27744e+66 -6.27744e+66 -6.27744e+66 -6.27744e+66 -6.27744e+66 -6.27744e+66 125.056 133.259 157.866 188.625 369.077 594.643 
-6.27744e+66 -6.27744e+66 -6.27744e+66 -6.27744e+66 -6.27744e+66 -6.27744e+66 -6.27744e+66 -6.27744e+66 -6.27744e+66 -6.27744e+66 -6.27744e+66 -6.27744e+66 -6.27744e+66 -6.27744e+66 -6.27744e+66 -6.27744e+66 -6.27744e+66 -6.27744e+66 -6.27744e+66 -6.27744e+66 -6.27744e+66 -6.27744e+66 125.056 137.36 157.866 293.205 473.657 
-6.27744e+66 -6.27744e+66 -6.27744e+66 -6.27744e+66 -6.27744e+66 -6.27744e+66 -6.27744e+66 -6.27744e+66 -6.27744e+66 -6.27744e+66 -6.27744e+66 -6.27744e+66 -6.27744e+66 -6.27744e+66 -6.27744e+66 -6.27744e+66 -6.27744e+66 -6.27744e+66 -6.27744e+66 -6.27744e+66 -6.27744e+66 -6.27744e+66 -6.27744e+66 125.056 135.309 225.535 360.875 
-6.27744e+66 -6.27744e+66 -6.27744e+66 -6.27744e+66 -6.27744e+66 -6.27744e+66 -6.27744e+66 -6.27744e+66 -6.27744e+66 -6.27744e+66 -6.27744e+66 -6.27744e+66 -6.27744e+66 -6.27744e+66 -6.27744e+66 -6.27744e+66 -6.27744e+66 -6.27744e+66 -6.27744e+66 -6.27744e+66 -6.27744e+66 -6.27744e+66 -6.27744e+66 -6.27744e+66 125.056 170.169 260.395 
-6.27744e+66 -6.27744e+66 -6.27744e+66 -6.27744e+66 -6.27744e+66 -6.27744e+66 -6.27744e+66 -6.27744e+66 -6.27744e+66 -6.27744e+66 -6.27744e+66 -6.27744e+66 -6.27744e+66 -6.27744e+66 -6.27744e+66 -6.27744e+66 -6.27744e+66 -6.27744e+66 -6.27744e+66 -6.27744e+66 -6.27744e+66 -6.27744e+66 -6.27744e+66 -6.27744e+66 -6.27744e+66 125.056 170.169 
-6.27744e+66 -6.27744e+66 -6.27744e+66 -6.27744e+66 -6.27744e+66 -6.27744e+66 -6.27744e+66 -6.27744e+66 -6.27744e+66 -6.27744e+66 -6.27744e+66 -6.27744e+66 -6.27744e+66 -6.27744e+66 -6.27744e+66 -6.27744e+66 -6.27744e+66 -6.27744e+66 -6.27744e+66 -6.27744e+66 -6.27744e+66 -6.27744e+66 -6.27744e+66 -6.27744e+66 -6.27744e+66 -6.27744e+66 125.056 
-6.27744e+66 -6.27744e+66 -6.27744e+66 -6.27744e+66 -6.27744e+66 -6.27744e+66 -6.27744e+66 -6.27744e+66 -6.27744e+66 -6.27744e+66 -6.27744e+66 -6.27744e+66 -6.27744e+66 -6.27744e+66 -6.27744e+66 -6.27744e+66 -6.27744e+66 -6.27744e+66 -6.27744e+66 -6.27744e+66 -6.27744e+66 -6.27744e+66 -6.27744e+66 -6.27744e+66 -6.27744e+66 -6.27744e+66 -6.27744e+66 
-6.27744e+66 94.6488 147.312 222.795 328.121 454.512 480.843 791.554 1221.63 1699.11 1817.6 2063.36 2285.43 2390.75 2607.55 3209.66 4078.6 4879.07 5222.26 5791.02 7125.14 7739.55 8292.51 8543.53 8906.91 9875.9 10446.4 
-6.27744e+66 -6.27744e+66 94.6488 132.391 202.608 297.401 318.466 577.392 946.032 1363.82 1469.15 1690.33 1892.21 1988.76 2188.88 2747.98 3558.99 4309.44 4632.43 5169.6 6433.51 7017.19 7543.81 7783.43 8131.01 9059.63 9607.32 
-6.27744e+66 -6.27744e+66 -6.27744e+66 94.6488 129.757 192.953 208.752 415.892 723.093 1081.2 1173.36 1369.97 1551.66 1639.43 1822.87 2338.97 3092.04 3792.46 4095.27 4600.84 5794.53 6347.49 6847.79 7075.99 7407.77 8296.02 8820.89 
-6.27744e+66 -6.27744e+66 -6.27744e+66 -6.27744e+66 94.6488 126.247 136.779 292.135 537.895 836.318 915.312 1087.34 1248.84 1327.84 1494.6 1967.69 2662.84 3313.23 3595.85 4069.82 5193.29 5715.53 6189.5 6406.3 6722.27 7570.15 8072.2 
-6.27744e+66 -6.27744e+66 -6.27744e+66 -6.27744e+66 -6.27744e+66 94.6488 99.9151 203.485 387.806 626.544 692.373 839.829 981.141 1051.36 1201.45 1631.53 2268.75 2869.11 3131.54 3573.91 4627.17 5118.69 5566.32 5771.71 6071.89 6879.38 7358.62 
-6.27744e+66 -6.27744e+66 -6.27744e+66 -6.27744e+66 -6.27744e+66 -6.27744e+66 94.6488 146.434 269.314 448.368 501.031 623.911 745.035 806.476 939.888 1326.96 1906.25 2456.58 2698.83 3109.6 4092.64 4553.44 4974.74 5168.72 5453.1 6220.22 6676.63 
-6.27744e+66 -6.27744e+66 -6.27744e+66 -6.27744e+66 -6.27744e+66 -6.27744e+66 -6.27744e+66 94.6488 156.089 275.458 314.955 413.259 514.196 566.859 683.595 1027.66 1549.02 2049.32 2271.38 2650.55 3563.38 3993.46 4388.43 4570.99 4839.58 5566.32 5999.91 
-6.27744e+66 -6.27744e+66 -6.27744e+66 -6.27744e+66 -6.27744e+66 -6.27744e+66 -6.27744e+66 -6.27744e+66 94.6488 154.333 180.665 254.393 335.143 379.028 479.088 780.144 1243.58 1693.85 1895.72 2243.29 3085.9 3485.26 3853.9 4025.06 4277.84 4964.21 5374.98 
-6.27744e+66 -6.27744e+66 -6.27744e+66 -6.27744e+66 -6.27744e+66 -6.27744e+66 -6.27744e+66 -6.27744e+66 -6.27744e+66 94.6488 107.815 156.967 217.529 252.637 336.02 594.069 999.573 1399.81 1581.5 1897.48 2669.86 3038.5 3380.81 3540.56 3777.54 4423.54 4811.49 
-6.27744e+66 -6.27744e+66 -6.27744e+66 -6.27744e+66 -6.27744e+66 -6.27744e+66 -6.27744e+66 -6.27744e+66 -6.27744e+66 -6.27744e+66 94.6488 119.225 159.6 185.931 252.637 467.678 815.253 1165.46 1326.96 1611.34 2313.51 2651.43 2967.41 3115.74 3336.93 3942.55 4307.68 
-6.27744e+66 -6.27744e+66 -6.27744e+66 -6.27744e+66 -6.27744e+66 -6.27744e+66 -6.27744e+66 -6.27744e+66 -6.27744e+66 -6.27744e+66 -6.27744e+66 94.6488 114.836 132.391 182.42 354.452 644.098 944.277 1085.59 1338.37 1970.33 2277.53 2567.17 2704.1 2909.48 3474.73 3817.04 
-6.27744e+66 -6.27744e+66 -6.27744e+66 -6.27744e+66 -6.27744e+66 -6.27744e+66 -6.27744e+66 -6.27744e+66 -6.27744e+66 -6.27744e+66 -6.27744e+66 -6.27744e+66 94.6488 103.426 136.779 265.803 497.52 747.669 868.793 1089.98 1651.71 1928.2 2191.51 2317.02 2506.61 3031.48 3350.97 
-6.27744e+66 -6.27744e+66 -6.27744e+66 -6.27744e+66 -6.27744e+66 -6.27744e+66 -6.27744e+66 -6.27744e+66 -6.27744e+66 -6.27744e+66 -6.27744e+66 -6.27744e+66 -6.27744e+66 94.6488 111.325 197.341 371.129 571.248 672.185 861.772 1353.29 1599.05 1836.04 1950.14 2123.93 2608.42 2905.09 
-6.27744e+66 -6.27744e+66 -6.27744e+66 -6.27744e+66 -6.27744e+66 -6.27744e+66 -6.27744e+66 -6.27744e+66 -6.27744e+66 -6.27744e+66 -6.27744e+66 -6.27744e+66 -6.27744e+66 -6.27744e+66 94.6488 137.657 253.515 403.604 484.354 642.343 1063.65 1278.69 1489.34 1592.03 1750.02 2194.14 2467.99 
-6.27744e+66 -6.27744e+66 -6.27744e+66 -6.27744e+66 -6.27744e+66 -6.27744e+66 -6.27744e+66 -6.27744e+66 -6.27744e+66 -6.27744e+66 -6.27744e+66 -6.27744e+66 -6.27744e+66 -6.27744e+66 -6.27744e+66 94.6488 152.578 252.637 313.2 439.591 790.677 974.997 1159.32 1250.6 1392.79 1796.54 2047.56 
-6.27744e+66 -6.27744e+66 -6.27744e+66 -6.27744e+66 -6.27744e+66 -6.27744e+66 -6.27744e+66 -6.27744e+66 -6.27744e+66 -6.27744e+66 -6.27744e+66 -6.27744e+66 -6.27744e+66 -6.27744e+66 -6.27744e+66 -6.27744e+66 94.6488 144.679 185.053 279.847 560.715 714.315 872.304 952.176 1078.57 1441.94 1670.15 
-6.27744e+66 -6.27744e+66 -6.27744e+66 -6.27744e+66 -6.27744e+66 -6.27744e+66 -6.27744e+66 -6.27744e+66 -6.27744e+66 -6.27744e+66 -6.27744e+66 -6.27744e+66 -6.27744e+66 -6.27744e+66 -6.27744e+66 -6.27744e+66 -6.27744e+66 94.6488 114.836 178.032 388.683 511.563 643.221 711.682 822.274 1145.27 1350.66 
-6.27744e+66 -6.27744e+66 -6.27744e+66 -6.27744e+66 -6.27744e+66 -6.27744e+66 -6.27744e+66 -6.27744e+66 -6.27744e+66 -6.27744e+66 -6.27744e+66 -6.27744e+66 -6.27744e+66 -6.27744e+66 -6.27744e+66 -6.27744e+66 -6.27744e+66 -6.27744e+66 94.6488 126.247 266.681 358.841 464.167 521.218 616.011 898.636 1081.2 
-6.27744e+66 -6.27744e+66 -6.27744e+66 -6.27744e+66 -6.27744e+66 -6.27744e+66 -6.27744e+66 -6.27744e+66 -6.27744e+66 -6.27744e+66 -6.27744e+66 -6.27744e+66 -6.27744e+66 -6.27744e+66 -6.27744e+66 -6.27744e+66 -6.27744e+66 -6.27744e+66 -6.27744e+66 94.6488 164.866 226.306 305.3 350.942 429.936 672.185 831.929 
-6.27744e+66 -6.27744e+66 -6.27744e+66 -6.27744e+66 -6.27744e+66 -6.27744e+66 -6.27744e+66 -6.27744e+66 -6.27744e+66 -6.27744e+66 -6.27744e+66 -6.27744e+66 -6.27744e+66 -6.27744e+66 -6.27744e+66 -6.27744e+66 -6.27744e+66 -6.27744e+66 -6.27744e+66 -6.27744e+66 94.6488 125.369 178.032 212.263 275.458 477.332 614.256 
-6.27744e+66 -6.27744e+66 -6.27744e+66 -6.27744e+66 -6.27744e+66 -6.27744e+66 -6.27744e+66 -6.27744e+66 -6.27744e+66 -6.27744e+66 -6.27744e+66 -6.27744e+66 -6.27744e+66 -6.27744e+66 -6.27744e+66 -6.27744e+66 -6.27744e+66 -6.27744e+66 -6.27744e+66 -6.27744e+66 -6.27744e+66 94.6488 120.98 143.801 191.197 352.697 466.8 
-6.27744e+66 -6.27744e+66 -6.27744e+66 -6.27744e+66 -6.27744e+66 -6.27744e+66 -6.27744e+66 -6.27744e+66 -6.27744e+66 -6.27744e+66 -6.27744e+66 -6.27744e+66 -6.27744e+66 -6.27744e+66 -6.27744e+66 -6.27744e+66 -6.27744e+66 -6.27744e+66 -6.27744e+66 -6.27744e+66 -6.27744e+66 -6.27744e+66 94.6488 106.059 137.657 258.781 350.064 
-6.27744e+66 -6.27744e+66 -6.27744e+66 -6.27744e+66 -6.27744e+66 -6.27744e+66 -6.27744e+66 -6.27744e+66 -6.27744e+66 -6.27744e+66 -6.27744e+66 -6.27744e+66 -6.27744e+66 -6.27744e+66 -6.27744e+66 -6.27744e+66 -6.27744e+66 -6.27744e+66 -6.27744e+66 -6.27744e+66 -6.27744e+66 -6.27744e+66 -6.27744e+66 94.6488 110.448 191.197 259.659 
-6.27744e+66 -6.27744e+66 -6.27744e+66 -6.27744e+66 -6.27744e+66 -6.27744e+66 -6.27744e+66 -6.27744e+66 -6.27744e+66 -6.27744e+66 -6.27744e+66 -6.27744e+66 -6.27744e+66 -6.27744e+66 -6.27744e+66 -6.27744e+66 -6.27744e+66 -6.27744e+66 -6.27744e+66 -6.27744e+66 -6.27744e+66 -6.27744e+66 -6.27744e+66 -6.27744e+66 94.6488 135.024 180.665 
-6.27744e+66 -6.27744e+66 -6.27744e+66 -6.27744e+66 -6.27744e+66 -6.27744e+66 -6.27744e+66 -6.27744e+66 -6.27744e+66 -6.27744e+66 -6.27744e+66 -6.27744e+66 -6.27744e+66 -6.27744e+66 -6.27744e+66 -6.27744e+66 -6.27744e+66 -6.27744e+66 -6.27744e+66 -6.27744e+66 -6.27744e+66 -6.27744e+66 -6.27744e+66 -6.27744e+66 -6.27744e+66 94.6488 117.469 
-6.27744e+66 -6.27744e+66 -6.27744e+66 -6.27744e+66 -6.27744e+66 -6.27744e+66 -6.27744e+66 -6.27744e+66 -6.27744e+66 -6.27744e+66 -6.27744e+66 -6.27744e+66 -6.27744e+66 -6.27744e+66 -6.27744e+66 -6.27744e+66 -6.27744e+66 -6.27744e+66 -6.27744e+66 -6.27744e+66 -6.27744e+66 -6.27744e+66 -6.27744e+66 -6.27744e+66 -6.27744e+66 -6.27744e+66 94.6488 
-6.27744e+66 -6.27744e+66 -6.27744e+66 -6.27744e+66 -6.27744e+66 -6.27744e+66 -6.27744e+66 -6.27744e+66 -6.27744e+66 -6.27744e+66 -6.27744e+66 -6.27744e+66 -6.27744e+66 -6.27744e+66 -6.27744e+66 -6.27744e+66 -6.27744e+66 -6.27744e+66 -6.27744e+66 -6.27744e+66 -6.27744e+66 -6.27744e+66 -6.27744e+66 -6.27744e+66 -6.27744e+66 -6.27744e+66 -6.27744e+66 
-6.27744e+66 127.684 168.262 298.112 409.026 582.16 681.351 800.381 1305.35 1745.4 2272.92 2940.21 3336.97 3899.65 4474.06 5673.37 6079.16 7161.24 7191.9 7857.38 8594.1 10379.5 10701.5 11633.9 12422 14326.5 15679.1 
-6.27744e+66 -6.27744e+66 127.684 192.609 266.552 396.402 475.755 574.946 1007.78 1392.82 1861.73 2462.28 2822.98 3338.77 3869 4982.64 5361.37 6375.83 6404.68 7033.19 7731.14 9427.31 9733.9 10623.9 11377.8 13202.9 14501.4 
-6.27744e+66 -6.27744e+66 -6.27744e+66 127.684 164.655 251.222 310.737 390.09 750.785 1080.82 1491.11 2024.94 2349.57 2818.47 3304.51 4332.49 4684.17 5630.99 5658.04 6249.58 6908.75 8515.65 8806.91 9654.55 10374.1 12119.9 13364.3 
-6.27744e+66 -6.27744e+66 -6.27744e+66 -6.27744e+66 127.684 170.967 210.644 270.159 558.715 833.745 1185.42 1652.52 1941.08 2363.09 2804.94 3747.26 4071.89 4951.08 4976.33 5530.9 6151.29 7668.92 7944.85 8750.1 9435.43 11101.8 12292.1 
-6.27744e+66 -6.27744e+66 -6.27744e+66 -6.27744e+66 -6.27744e+66 127.684 147.522 187.199 403.616 623.64 916.705 1317.08 1569.56 1944.69 2342.35 3199 3496.58 4308.14 4331.59 4849.18 5430.81 6859.16 7119.76 7882.63 8533.69 10120.7 11256.9 
-6.27744e+66 -6.27744e+66 -6.27744e+66 -6.27744e+66 -6.27744e+66 -6.27744e+66 127.684 147.522 291.8 456.818 691.27 1024.91 1241.33 1569.56 1923.04 2694.03 2964.55 3708.49 3730.13 4210.75 4753.6 6092.68 6337.95 7058.44 7675.23 9182.94 10265 
-6.27744e+66 -6.27744e+66 -6.27744e+66 -6.27744e+66 -6.27744e+66 -6.27744e+66 -6.27744e+66 127.684 199.823 309.835 485.674 752.588 932.936 1214.28 1523.57 2208.9 2452.36 3128.67 3148.51 3592.16 4096.23 5346.04 5575.99 6254.09 6836.62 8264.97 9292.95 
-6.27744e+66 -6.27744e+66 -6.27744e+66 -6.27744e+66 -6.27744e+66 -6.27744e+66 -6.27744e+66 -6.27744e+66 127.684 182.69 299.916 500.102 644.38 878.832 1143.94 1743.6 1960.02 2568.69 2586.72 2993.41 3458.7 4619.24 4833.86 5469.58 6017.84 7366.84 8340.72 
-6.27744e+66 -6.27744e+66 -6.27744e+66 -6.27744e+66 -6.27744e+66 -6.27744e+66 -6.27744e+66 -6.27744e+66 -6.27744e+66 127.684 186.297 319.754 427.963 615.524 836.45 1350.44 1539.81 2080.85 2097.08 2466.79 2893.31 3964.58 4163.86 4757.21 5271.2 6540.85 7460.62 
-6.27744e+66 -6.27744e+66 -6.27744e+66 -6.27744e+66 -6.27744e+66 -6.27744e+66 -6.27744e+66 -6.27744e+66 -6.27744e+66 -6.27744e+66 127.684 194.413 266.552 407.223 583.963 1012.29 1174.6 1648.01 1662.44 1995.18 2382.93 3364.92 3548.88 4099.84 4579.57 5769.86 6635.53 
-6.27744e+66 -6.27744e+66 -6.27744e+66 -6.27744e+66 -6.27744e+66 -6.27744e+66 -6.27744e+66 -6.27744e+66 -6.27744e+66 -6.27744e+66 -6.27744e+66 127.684 163.753 257.534 390.09 732.75 868.011 1273.79 1286.42 1582.19 1931.16 2823.88 2992.51 3501.09 3946.55 5057.49 5869.05 
-6.27744e+66 -6.27744e+66 -6.27744e+66 -6.27744e+66 -6.27744e+66 -6.27744e+66 -6.27744e+66 -6.27744e+66 -6.27744e+66 -6.27744e+66 -6.27744e+66 -6.27744e+66 127.684 174.574 262.945 519.94 628.149 966.3 977.121 1235.92 1546.12 2349.57 2502.86 2969.06 3380.25 4411.84 5169.3 
-6.27744e+66 -6.27744e+66 -6.27744e+66 -6.27744e+66 -6.27744e+66 -6.27744e+66 -6.27744e+66 -6.27744e+66 -6.27744e+66 -6.27744e+66 -6.27744e+66 -6.27744e+66 -6.27744e+66 127.684 171.869 343.199 424.356 694.877 703.895 925.722 1197.15 1911.32 2049.29 2473.1 2850.03 3802.27 4505.62 
-6.27744e+66 -6.27744e+66 -6.27744e+66 -6.27744e+66 -6.27744e+66 -6.27744e+66 -6.27744e+66 -6.27744e+66 -6.27744e+66 -6.27744e+66 -6.27744e+66 -6.27744e+66 -6.27744e+66 -6.27744e+66 127.684 213.349 267.453 470.344 477.558 662.415 895.063 1519.97 1642.6 2024.04 2366.7 3239.58 3888.83 
-6.27744e+66 -6.27744e+66 -6.27744e+66 -6.27744e+66 -6.27744e+66 -6.27744e+66 -6.27744e+66 -6.27744e+66 -6.27744e+66 -6.27744e+66 -6.27744e+66 -6.27744e+66 -6.27744e+66 -6.27744e+66 -6.27744e+66 127.684 154.736 289.997 295.407 443.292 637.166 1172.8 1280.11 1619.16 1927.55 2721.08 3316.23 
-6.27744e+66 -6.27744e+66 -6.27744e+66 -6.27744e+66 -6.27744e+66 -6.27744e+66 -6.27744e+66 -6.27744e+66 -6.27744e+66 -6.27744e+66 -6.27744e+66 -6.27744e+66 -6.27744e+66 -6.27744e+66 -6.27744e+66 -6.27744e+66 127.684 195.314 198.921 309.835 464.934 911.294 1003.27 1299.94 1574.07 2288.25 2829.29 
-6.27744e+66 -6.27744e+66 -6.27744e+66 -6.27744e+66 -6.27744e+66 -6.27744e+66 -6.27744e+66 -6.27744e+66 -6.27744e+66 -6.27744e+66 -6.27744e+66 -6.27744e+66 -6.27744e+66 -6.27744e+66 -6.27744e+66 -6.27744e+66 -6.27744e+66 127.684 129.487 203.43 319.754 676.842 753.49 1007.78 1247.64 1882.47 2369.4 
-6.27744e+66 -6.27744e+66 -6.27744e+66 -6.27744e+66 -6.27744e+66 -6.27744e+66 -6.27744e+66 -6.27744e+66 -6.27744e+66 -6.27744e+66 -6.27744e+66 -6.27744e+66 -6.27744e+66 -6.27744e+66 -6.27744e+66 -6.27744e+66 -6.27744e+66 -6.27744e+66 127.684 164.655 242.205 510.021 571.339 783.248 988.844 1544.31 1977.15 
-6.27744e+66 -6.27744e+66 -6.27744e+66 -6.27744e+66 -6.27744e+66 -6.27744e+66 -6.27744e+66 -6.27744e+66 -6.27744e+66 -6.27744e+66 -6.27744e+66 -6.27744e+66 -6.27744e+66 -6.27744e+66 -6.27744e+66 -6.27744e+66 -6.27744e+66 -6.27744e+66 -6.27744e+66 127.684 166.459 345.003 390.991 560.518 731.848 1207.97 1586.7 
-6.27744e+66 -6.27744e+66 -6.27744e+66 -6.27744e+66 -6.27744e+66 -6.27744e+66 -6.27744e+66 -6.27744e+66 -6.27744e+66 -6.27744e+66 -6.27744e+66 -6.27744e+66 -6.27744e+66 -6.27744e+66 -6.27744e+66 -6.27744e+66 -6.27744e+66 -6.27744e+66 -6.27744e+66 -6.27744e+66 127.684 216.956 247.615 374.76 511.824 908.589 1233.21 
-6.27744e+66 -6.27744e+66 -6.27744e+66 -6.27744e+66 -6.27744e+66 -6.27744e+66 -6.27744e+66 -6.27744e+66 -6.27744e+66 -6.27744e+66 -6.27744e+66 -6.27744e+66 -6.27744e+66 -6.27744e+66 -6.27744e+66 -6.27744e+66 -6.27744e+66 -6.27744e+66 -6.27744e+66 -6.27744e+66 -6.27744e+66 127.684 143.013 227.777 330.575 647.987 918.508 
-6.27744e+66 -6.27744e+66 -6.27744e+66 -6.27744e+66 -6.27744e+66 -6.27744e+66 -6.27744e+66 -6.27744e+66 -6.27744e+66 -6.27744e+66 -6.27744e+66 -6.27744e+66 -6.27744e+66 -6.27744e+66 -6.27744e+66 -6.27744e+66 -6.27744e+66 -6.27744e+66 -6.27744e+66 -6.27744e+66 -6.27744e+66 -6.27744e+66 127.684 170.066 238.598 476.657 693.074 
-6.27744e+66 -6.27744e+66 -6.27744e+66 -6.27744e+66 -6.27744e+66 -6.27744e+66 -6.27744e+66 -6.27744e+66 -6.27744e+66 -6.27744e+66 -6.27744e+66 -6.27744e+66 -6.27744e+66 -6.27744e+66 -6.27744e+66 -6.27744e+66 -6.27744e+66 -6.27744e+66 -6.27744e+66 -6.27744e+66 -6.27744e+66 -6.27744e+66 -6.27744e+66 127.684 161.95 320.656 482.969 
-6.27744e+66 -6.27744e+66 -6.27744e+66 -6.27744e+66 -6.27744e+66 -6.27744e+66 -6.27744e+66 -6.27744e+66 -6.27744e+66 -6.27744e+66 -6.27744e+66 -6.27744e+66 -6.27744e+66 -6.27744e+66 -6.27744e+66 -6.27744e+66 -6.27744e+66 -6.27744e+66 -6.27744e+66 -6.27744e+66 -6.27744e+66 -6.27744e+66 -6.27744e+66 -6.27744e+66 127.684 207.037 315.245 
-6.27744e+66 -6.27744e+66 -6.27744e+66 -6.27744e+66 -6.27744e+66 -6.27744e+66 -6.27744e+66 -6.27744e+66 -6.27744e+66 -6.27744e+66 -6.27744e+66 -6.27744e+66 -6.27744e+66 -6.27744e+66 -6.27744e+66 -6.27744e+66 -6.27744e+66 -6.27744e+66 -6.27744e+66 -6.27744e+66 -6.27744e+66 -6.27744e+66 -6.27744e+66 -6.27744e+66 -6.27744e+66 127.684 181.788 
-6.27744e+66 -6.27744e+66 -6.27744e+66 -6.27744e+66 -6.27744e+66 -6.27744e+66 -6.27744e+66 -6.27744e+66 -6.27744e+66 -6.27744e+66 -6.27744e+66 -6.27744e+66 -6.27744e+66 -6.27744e+66 -6.27744e+66 -6.27744e+66 -6.27744e+66 -6.27744e+66 -6.27744e+66 -6.27744e+66 -6.27744e+66 -6.27744e+66 -6.27744e+66 -6.27744e+66 -6.27744e+66 -6.27744e+66 127.684 
-6.27744e+66 -6.27744e+66 -6.27744e+66 -6.27744e+66 -6.27744e+66 -6.27744e+66 -6.27744e+66 -6.27744e+66 -6.27744e+66 -6.27744e+66 -6.27744e+66 -6.27744e+66 -6.27744e+66 -6.27744e+66 -6.27744e+66 -6.27744e+66 -6.27744e+66 -6.27744e+66 -6.27744e+66 -6.27744e+66 -6.27744e+66 -6.27744e+66 -6.27744e+66 -6.27744e+66 -6.27744e+66 -6.27744e+66 -6.27744e+66 
-6.27744e+66 100.54 118.727 191.476 300.598 404.524 729.294 916.361 1025.48 1129.41 1269.71 1685.42 2085.53 2272.6 2475.25 2693.5 3395 4101.7 4940.9 6484.21 6681.67 6733.63 8370.47 8999.22 10612.7 12046.9 13151.1 
-6.27744e+66 -6.27744e+66 100.54 136.914 209.663 287.607 547.423 703.312 796.846 887.781 1012.49 1386.63 1750.37 1921.85 2108.91 2311.57 2966.31 3628.84 4418.67 5876.24 6063.31 6112.67 7671.57 8271.74 9815.04 11189.5 12249.5 
-6.27744e+66 -6.27744e+66 -6.27744e+66 100.54 136.914 188.878 383.739 508.451 586.395 664.34 773.463 1106.03 1433.39 1589.28 1760.76 1947.83 2555.8 3174.16 3914.63 5286.46 5463.13 5509.9 6990.85 7562.44 9035.6 10350.3 11366.1 
-6.27744e+66 -6.27744e+66 -6.27744e+66 -6.27744e+66 100.54 126.522 256.43 349.963 412.319 477.273 570.806 861.8 1152.79 1293.09 1448.98 1620.46 2181.66 2755.86 3446.96 4733.05 4899.33 4943.5 6346.51 6889.52 8292.52 9547.43 10519.1 
-6.27744e+66 -6.27744e+66 -6.27744e+66 -6.27744e+66 -6.27744e+66 100.54 165.494 227.85 274.617 326.58 404.524 653.947 908.567 1033.28 1173.58 1329.47 1843.9 2373.93 3015.67 4216.02 4371.91 4413.48 5738.54 6252.97 7585.83 8780.98 9708.52 
-6.27744e+66 -6.27744e+66 -6.27744e+66 -6.27744e+66 -6.27744e+66 -6.27744e+66 100.54 131.718 162.896 201.868 264.224 472.076 690.322 799.444 924.156 1064.46 1532.12 2017.98 2610.36 3724.97 3870.46 3909.44 5156.55 5642.41 6905.11 8040.5 8923.88 
-6.27744e+66 -6.27744e+66 -6.27744e+66 -6.27744e+66 -6.27744e+66 -6.27744e+66 -6.27744e+66 100.54 116.129 142.111 188.878 355.159 537.03 630.564 739.687 864.398 1285.3 1726.99 2270 3298.87 3433.97 3470.35 4639.52 5096.79 6289.35 7364.98 8204.19 
-6.27744e+66 -6.27744e+66 -6.27744e+66 -6.27744e+66 -6.27744e+66 -6.27744e+66 -6.27744e+66 -6.27744e+66 100.54 113.531 144.709 269.42 414.917 492.862 586.395 695.518 1069.65 1467.17 1960.82 2903.95 3028.66 3062.44 4153.66 4582.36 5704.76 6720.64 7515.68 
-6.27744e+66 -6.27744e+66 -6.27744e+66 -6.27744e+66 -6.27744e+66 -6.27744e+66 -6.27744e+66 -6.27744e+66 -6.27744e+66 100.54 116.129 199.27 308.393 370.748 448.693 542.227 869.594 1222.94 1667.23 2524.62 2638.94 2670.12 3683.4 4083.51 5135.77 6091.89 6842.75 
-6.27744e+66 -6.27744e+66 -6.27744e+66 -6.27744e+66 -6.27744e+66 -6.27744e+66 -6.27744e+66 -6.27744e+66 -6.27744e+66 -6.27744e+66 100.54 142.111 214.859 261.626 323.982 401.926 682.527 991.708 1386.63 2158.28 2262.21 2290.79 3226.12 3597.66 4579.76 5476.12 6182.82 
-6.27744e+66 -6.27744e+66 -6.27744e+66 -6.27744e+66 -6.27744e+66 -6.27744e+66 -6.27744e+66 -6.27744e+66 -6.27744e+66 -6.27744e+66 -6.27744e+66 100.54 136.914 168.092 214.859 277.215 511.049 776.061 1121.62 1807.53 1901.06 1927.04 2784.44 3127.39 4039.34 4875.95 5538.48 
-6.27744e+66 -6.27744e+66 -6.27744e+66 -6.27744e+66 -6.27744e+66 -6.27744e+66 -6.27744e+66 -6.27744e+66 -6.27744e+66 -6.27744e+66 -6.27744e+66 -6.27744e+66 100.54 116.129 147.307 194.074 381.141 601.984 898.174 1498.35 1581.49 1604.87 2384.32 2698.7 3540.5 4317.35 4935.71 
-6.27744e+66 -6.27744e+66 -6.27744e+66 -6.27744e+66 -6.27744e+66 -6.27744e+66 -6.27744e+66 -6.27744e+66 -6.27744e+66 -6.27744e+66 -6.27744e+66 -6.27744e+66 -6.27744e+66 100.54 116.129 147.307 287.607 464.282 711.107 1225.54 1298.29 1319.08 2020.58 2306.37 3078.03 3795.12 4369.31 
-6.27744e+66 -6.27744e+66 -6.27744e+66 -6.27744e+66 -6.27744e+66 -6.27744e+66 -6.27744e+66 -6.27744e+66 -6.27744e+66 -6.27744e+66 -6.27744e+66 -6.27744e+66 -6.27744e+66 -6.27744e+66 100.54 116.129 209.663 342.169 539.629 968.324 1030.68 1048.87 1672.42 1929.64 2631.14 3288.48 3818.5 
-6.27744e+66 -6.27744e+66 -6.27744e+66 -6.27744e+66 -6.27744e+66 -6.27744e+66 -6.27744e+66 -6.27744e+66 -6.27744e+66 -6.27744e+66 -6.27744e+66 -6.27744e+66 -6.27744e+66 -6.27744e+66 -6.27744e+66 100.54 147.307 235.644 383.739 726.696 778.659 794.248 1339.86 1568.5 2199.85 2797.43 3283.28 
-6.27744e+66 -6.27744e+66 -6.27744e+66 -6.27744e+66 -6.27744e+66 -6.27744e+66 -6.27744e+66 -6.27744e+66 -6.27744e+66 -6.27744e+66 -6.27744e+66 -6.27744e+66 -6.27744e+66 -6.27744e+66 -6.27744e+66 -6.27744e+66 100.54 144.709 243.439 500.656 542.227 555.217 1022.89 1222.94 1784.15 2321.96 2763.65 
-6.27744e+66 -6.27744e+66 -6.27744e+66 -6.27744e+66 -6.27744e+66 -6.27744e+66 -6.27744e+66 -6.27744e+66 -6.27744e+66 -6.27744e+66 -6.27744e+66 -6.27744e+66 -6.27744e+66 -6.27744e+66 -6.27744e+66 -6.27744e+66 -6.27744e+66 100.54 149.905 321.383 352.561 362.954 752.677 924.156 1415.21 1893.27 2290.79 
-6.27744e+66 -6.27744e+66 -6.27744e+66 -6.27744e+66 -6.27744e+66 -6.27744e+66 -6.27744e+66 -6.27744e+66 -6.27744e+66 -6.27744e+66 -6.27744e+66 -6.27744e+66 -6.27744e+66 -6.27744e+66 -6.27744e+66 -6.27744e+66 -6.27744e+66 -6.27744e+66 100.54 186.279 207.065 214.859 526.638 669.536 1090.44 1508.74 1862.09 
-6.27744e+66 -6.27744e+66 -6.27744e+66 -6.27744e+66 -6.27744e+66 -6.27744e+66 -6.27744e+66 -6.27744e+66 -6.27744e+66 -6.27744e+66 -6.27744e+66 -6.27744e+66 -6.27744e+66 -6.27744e+66 -6.27744e+66 -6.27744e+66 -6.27744e+66 -6.27744e+66 -6.27744e+66 100.54 110.933 116.129 349.963 464.282 815.033 1173.58 1482.76 
-6.27744e+66 -6.27744e+66 -6.27744e+66 -6.27744e+66 -6.27744e+66 -6.27744e+66 -6.27744e+66 -6.27744e+66 -6.27744e+66 -6.27744e+66 -6.27744e+66 -6.27744e+66 -6.27744e+66 -6.27744e+66 -6.27744e+66 -6.27744e+66 -6.27744e+66 -6.27744e+66 -6.27744e+66 -6.27744e+66 100.54 103.138 259.028 344.767 625.368 924.156 1189.17 
-6.27744e+66 -6.27744e+66 -6.27744e+66 -6.27744e+66 -6.27744e+66 -6.27744e+66 -6.27744e+66 -6.27744e+66 -6.27744e+66 -6.27744e+66 -6.27744e+66 -6.27744e+66 -6.27744e+66 -6.27744e+66 -6.27744e+66 -6.27744e+66 -6.27744e+66 -6.27744e+66 -6.27744e+66 -6.27744e+66 -6.27744e+66 100.54 178.485 235.644 446.095 685.125 905.968 
-6.27744e+66 -6.27744e+66 -6.27744e+66 -6.27744e+66 -6.27744e+66 -6.27744e+66 -6.27744e+66 -6.27744e+66 -6.27744e+66 -6.27744e+66 -6.27744e+66 -6.27744e+66 -6.27744e+66 -6.27744e+66 -6.27744e+66 -6.27744e+66 -6.27744e+66 -6.27744e+66 -6.27744e+66 -6.27744e+66 -6.27744e+66 -6.27744e+66 100.54 129.12 269.42 448.693 625.368 
-6.27744e+66 -6.27744e+66 -6.27744e+66 -6.27744e+66 -6.27744e+66 -6.27744e+66 -6.27744e+66 -6.27744e+66 -6.27744e+66 -6.27744e+66 -6.27744e+66 -6.27744e+66 -6.27744e+66 -6.27744e+66 -6.27744e+66 -6.27744e+66 -6.27744e+66 -6.27744e+66 -6.27744e+66 -6.27744e+66 -6.27744e+66 -6.27744e+66 -6.27744e+66 100.54 170.69 290.206 422.712 
-6.27744e+66 -6.27744e+66 -6.27744e+66 -6.27744e+66 -6.27744e+66 -6.27744e+66 -6.27744e+66 -6.27744e+66 -6.27744e+66 -6.27744e+66 -6.27744e+66 -6.27744e+66 -6.27744e+66 -6.27744e+66 -6.27744e+66 -6.27744e+66 -6.27744e+66 -6.27744e+66 -6.27744e+66 -6.27744e+66 -6.27744e+66 -6.27744e+66 -6.27744e+66 -6.27744e+66 100.54 160.298 248.635 
-6.27744e+66 -6.27744e+66 -6.27744e+66 -6.27744e+66 -6.27744e+66 -6.27744e+66 -6.27744e+66 -6.27744e+66 -6.27744e+66 -6.27744e+66 -6.27744e+66 -6.27744e+66 -6.27744e+66 -6.27744e+66 -6.27744e+66 -6.27744e+66 -6.27744e+66 -6.27744e+66 -6.27744e+66 -6.27744e+66 -6.27744e+66 -6.27744e+66 -6.27744e+66 -6.27744e+66 -6.27744e+66 100.54 144.709 
-6.27744e+66 -6.27744e+66 -6.27744e+66 -6.27744e+66 -6.27744e+66 -6.27744e+66 -6.27744e+66 -6.27744e+66 -6.27744e+66 -6.27744e+66 -6.27744e+66 -6.27744e+66 -6.27744e+66 -6.27744e+66 -6.27744e+66 -6.27744e+66 -6.27744e+66 -6.27744e+66 -6.27744e+66 -6.27744e+66 -6.27744e+66 -6.27744e+66 -6.27744e+66 -6.27744e+66 -6.27744e+66 -6.27744e+66 100.54 
-6.27744e+66 -6.27744e+66 -6.27744e+66 -6.27744e+66 -6.27744e+66 -6.27744e+66 -6.27744e+66 -6.27744e+66 -6.27744e+66 -6.27744e+66 -6.27744e+66 -6.27744e+66 -6.27744e+66 -6.27744e+66 -6.27744e+66 -6.27744e+66 -6.27744e+66 -6.27744e+66 -6.27744e+66 -6.27744e+66 -6.27744e+66 -6.27744e+66 -6.27744e+66 -6.27744e+66 -6.27744e+66 -6.27744e+66 -6.27744e+66 
-6.27744e+66 105.676 156.067 261.886 405.498 415.576 528.954 785.944 1173.95 1859.26 2698.25 3202.15 4005.88 4912.9 5436.96 5613.33 5726.7 6049.2 6948.67 7674.28 7913.64 8921.44 9344.72 9344.72 10793.4 11700.5 12645.3 
-6.27744e+66 -6.27744e+66 105.676 158.586 254.328 261.886 352.588 566.747 899.322 1498.97 2244.74 2698.25 3428.91 4260.35 4744.09 4907.86 5013.68 5316.02 6162.58 6847.89 7074.64 8032.05 8435.18 8435.18 9820.91 10690.1 11597.2 
-6.27744e+66 -6.27744e+66 -6.27744e+66 105.676 153.547 158.586 226.613 397.94 675.086 1189.07 1841.62 2244.74 2902.33 3658.19 4101.62 4252.79 4351.05 4633.24 5426.88 6071.88 6286.03 7193.06 7576.02 7576.02 8898.77 9730.2 10599.4 
-6.27744e+66 -6.27744e+66 -6.27744e+66 -6.27744e+66 105.676 108.196 153.547 282.042 503.759 932.076 1491.41 1844.14 2428.66 3108.93 3512.05 3650.63 3741.33 4003.36 4744.09 5348.78 5550.34 6406.97 6769.78 6769.78 8029.54 8823.18 9654.62 
-6.27744e+66 -6.27744e+66 -6.27744e+66 -6.27744e+66 -6.27744e+66 105.676 128.352 214.015 380.303 722.956 1189.07 1491.41 2002.87 2607.55 2970.36 3096.33 3179.48 3421.35 4109.18 4673.55 4862.51 5668.75 6011.41 6011.41 7208.18 7964.03 8757.67 
-6.27744e+66 -6.27744e+66 -6.27744e+66 -6.27744e+66 -6.27744e+66 -6.27744e+66 105.676 148.508 259.367 516.357 889.244 1141.2 1579.59 2108.69 2431.18 2544.56 2620.15 2841.86 3476.78 4000.84 4177.2 4933.06 5255.55 5255.55 6389.33 7107.39 7863.25 
-6.27744e+66 -6.27744e+66 -6.27744e+66 -6.27744e+66 -6.27744e+66 -6.27744e+66 -6.27744e+66 105.676 161.106 332.432 612.098 813.659 1178.99 1632.5 1914.68 2015.47 2083.49 2285.05 2867.06 3350.81 3514.57 4220.04 4522.38 4522.38 5593.17 6273.44 6991.5 
-6.27744e+66 -6.27744e+66 -6.27744e+66 -6.27744e+66 -6.27744e+66 -6.27744e+66 -6.27744e+66 -6.27744e+66 105.676 191.34 377.784 528.954 821.217 1199.14 1441.02 1529.2 1589.67 1771.07 2300.17 2743.6 2894.77 3549.85 3832.03 3832.03 4839.84 5482.31 6162.58 
-6.27744e+66 -6.27744e+66 -6.27744e+66 -6.27744e+66 -6.27744e+66 -6.27744e+66 -6.27744e+66 -6.27744e+66 -6.27744e+66 105.676 198.898 299.679 518.876 821.217 1022.78 1098.36 1151.27 1312.52 1788.71 2191.83 2330.4 2935.09 3197.12 3197.12 4141.93 4746.61 5389.09 
-6.27744e+66 -6.27744e+66 -6.27744e+66 -6.27744e+66 -6.27744e+66 -6.27744e+66 -6.27744e+66 -6.27744e+66 -6.27744e+66 -6.27744e+66 105.676 156.067 302.198 528.954 690.203 753.191 798.542 939.634 1362.91 1725.72 1851.7 2405.99 2647.86 2647.86 3529.69 4096.58 4701.26 
-6.27744e+66 -6.27744e+66 -6.27744e+66 -6.27744e+66 -6.27744e+66 -6.27744e+66 -6.27744e+66 -6.27744e+66 -6.27744e+66 -6.27744e+66 -6.27744e+66 105.676 178.742 329.913 450.849 501.24 539.032 659.969 1030.34 1352.83 1466.21 1970.11 2191.83 2191.83 3010.67 3539.77 4106.66 
-6.27744e+66 -6.27744e+66 -6.27744e+66 -6.27744e+66 -6.27744e+66 -6.27744e+66 -6.27744e+66 -6.27744e+66 -6.27744e+66 -6.27744e+66 -6.27744e+66 -6.27744e+66 105.676 181.262 261.886 299.679 329.913 430.693 748.151 1030.34 1131.12 1584.63 1786.19 1786.19 2542.04 3033.35 3562.44 
-6.27744e+66 -6.27744e+66 -6.27744e+66 -6.27744e+66 -6.27744e+66 -6.27744e+66 -6.27744e+66 -6.27744e+66 -6.27744e+66 -6.27744e+66 -6.27744e+66 -6.27744e+66 -6.27744e+66 105.676 145.989 171.184 193.859 274.484 539.032 780.905 869.088 1272.21 1453.61 1453.61 2146.48 2599.99 3091.3 
-6.27744e+66 -6.27744e+66 -6.27744e+66 -6.27744e+66 -6.27744e+66 -6.27744e+66 -6.27744e+66 -6.27744e+66 -6.27744e+66 -6.27744e+66 -6.27744e+66 -6.27744e+66 -6.27744e+66 -6.27744e+66 105.676 118.274 133.391 193.859 405.498 607.059 682.644 1035.38 1196.62 1196.62 1826.5 2242.22 2695.73 
-6.27744e+66 -6.27744e+66 -6.27744e+66 -6.27744e+66 -6.27744e+66 -6.27744e+66 -6.27744e+66 -6.27744e+66 -6.27744e+66 -6.27744e+66 -6.27744e+66 -6.27744e+66 -6.27744e+66 -6.27744e+66 -6.27744e+66 105.676 113.235 153.547 312.276 473.525 536.513 838.854 979.946 979.946 1546.84 1924.76 2340.48 
-6.27744e+66 -6.27744e+66 -6.27744e+66 -6.27744e+66 -6.27744e+66 -6.27744e+66 -6.27744e+66 -6.27744e+66 -6.27744e+66 -6.27744e+66 -6.27744e+66 -6.27744e+66 -6.27744e+66 -6.27744e+66 -6.27744e+66 -6.27744e+66 105.676 125.833 231.652 352.588 402.979 654.93 775.866 775.866 1279.77 1619.9 1997.83 
-6.27744e+66 -6.27744e+66 -6.27744e+66 -6.27744e+66 -6.27744e+66 -6.27744e+66 -6.27744e+66 -6.27744e+66 -6.27744e+66 -6.27744e+66 -6.27744e+66 -6.27744e+66 -6.27744e+66 -6.27744e+66 -6.27744e+66 -6.27744e+66 -6.27744e+66 105.676 158.586 239.21 277.003 478.564 579.344 579.344 1020.26 1322.6 1662.73 
-6.27744e+66 -6.27744e+66 -6.27744e+66 -6.27744e+66 -6.27744e+66 -6.27744e+66 -6.27744e+66 -6.27744e+66 -6.27744e+66 -6.27744e+66 -6.27744e+66 -6.27744e+66 -6.27744e+66 -6.27744e+66 -6.27744e+66 -6.27744e+66 -6.27744e+66 -6.27744e+66 105.676 145.989 171.184 322.354 402.979 402.979 780.905 1045.45 1347.79 
-6.27744e+66 -6.27744e+66 -6.27744e+66 -6.27744e+66 -6.27744e+66 -6.27744e+66 -6.27744e+66 -6.27744e+66 -6.27744e+66 -6.27744e+66 -6.27744e+66 -6.27744e+66 -6.27744e+66 -6.27744e+66 -6.27744e+66 -6.27744e+66 -6.27744e+66 -6.27744e+66 -6.27744e+66 105.676 118.274 219.054 279.523 279.523 594.461 821.217 1085.77 
-6.27744e+66 -6.27744e+66 -6.27744e+66 -6.27744e+66 -6.27744e+66 -6.27744e+66 -6.27744e+66 -6.27744e+66 -6.27744e+66 -6.27744e+66 -6.27744e+66 -6.27744e+66 -6.27744e+66 -6.27744e+66 -6.27744e+66 -6.27744e+66 -6.27744e+66 -6.27744e+66 -6.27744e+66 -6.27744e+66 105.676 156.067 196.379 196.379 448.33 637.293 864.049 
-6.27744e+66 -6.27744e+66 -6.27744e+66 -6.27744e+66 -6.27744e+66 -6.27744e+66 -6.27744e+66 -6.27744e+66 -6.27744e+66 -6.27744e+66 -6.27744e+66 -6.27744e+66 -6.27744e+66 -6.27744e+66 -6.27744e+66 -6.27744e+66 -6.27744e+66 -6.27744e+66 -6.27744e+66 -6.27744e+66 -6.27744e+66 105.676 125.833 125.833 314.796 465.966 654.93 
-6.27744e+66 -6.27744e+66 -6.27744e+66 -6.27744e+66 -6.27744e+66 -6.27744e+66 -6.27744e+66 -6.27744e+66 -6.27744e+66 -6.27744e+66 -6.27744e+66 -6.27744e+66 -6.27744e+66 -6.27744e+66 -6.27744e+66 -6.27744e+66 -6.27744e+66 -6.27744e+66 -6.27744e+66 -6.27744e+66 -6.27744e+66 -6.27744e+66 105.676 105.676 231.652 345.03 496.2 
-6.27744e+66 -6.27744e+66 -6.27744e+66 -6.27744e+66 -6.27744e+66 -6.27744e+66 -6.27744e+66 -6.27744e+66 -6.27744e+66 -6.27744e+66 -6.27744e+66 -6.27744e+66 -6.27744e+66 -6.27744e+66 -6.27744e+66 -6.27744e+66 -6.27744e+66 -6.27744e+66 -6.27744e+66 -6.27744e+66 -6.27744e+66 -6.27744e+66 -6.27744e+66 105.676 168.664 244.249 357.627 
-6.27744e+66 -6.27744e+66 -6.27744e+66 -6.27744e+66 -6.27744e+66 -6.27744e+66 -6.27744e+66 -6.27744e+66 -6.27744e+66 -6.27744e+66 -6.27744e+66 -6.27744e+66 -6.27744e+66 -6.27744e+66 -6.27744e+66 -6.27744e+66 -6.27744e+66 -6.27744e+66 -6.27744e+66 -6.27744e+66 -6.27744e+66 -6.27744e+66 -6.27744e+66 -6.27744e+66 105.676 143.469 219.054 
-6.27744e+66 -6.27744e+66 -6.27744e+66 -6.27744e+66 -6.27744e+66 -6.27744e+66 -6.27744e+66 -6.27744e+66 -6.27744e+66 -6.27744e+66 -6.27744e+66 -6.27744e+66 -6.27744e+66 -6.27744e+66 -6.27744e+66 -6.27744e+66 -6.27744e+66 -6.27744e+66 -6.27744e+66 -6.27744e+66 -6.27744e+66 -6.27744e+66 -6.27744e+66 -6.27744e+66 -6.27744e+66 105.676 143.469 
-6.27744e+66 -6.27744e+66 -6.27744e+66 -6.27744e+66 -6.27744e+66 -6.27744e+66 -6.27744e+66 -6.27744e+66 -6.27744e+66 -6.27744e+66 -6.27744e+66 -6.27744e+66 -6.27744e+66 -6.27744e+66 -6.27744e+66 -6.27744e+66 -6.27744e+66 -6.27744e+66 -6.27744e+66 -6.27744e+66 -6.27744e+66 -6.27744e+66 -6.27744e+66 -6.27744e+66 -6.27744e+66 -6.27744e+66 105.676 
-6.27744e+66 -6.27744e+66 -6.27744e+66 -6.27744e+66 -6.27744e+66 -6.27744e+66 -6.27744e+66 -6.27744e+66 -6.27744e+66 -6.27744e+66 -6.27744e+66 -6.27744e+66 -6.27744e+66 -6.27744e+66 -6.27744e+66 -6.27744e+66 -6.27744e+66 -6.27744e+66 -6.27744e+66 -6.27744e+66 -6.27744e+66 -6.27744e+66 -6.27744e+66 -6.27744e+66 -6.27744e+66 -6.27744e+66 -6.27744e+66 
-6.27744e+66 93.5458 95.7799 131.525 312.487 464.406 598.452 866.544 1179.32 1358.04 1478.69 1746.78 1771.35 1905.4 2805.74 3243.62 3980.88 4409.82 4447.8 4970.58 6328.91 7088.51 8308.32 8947.27 9306.96 9414.2 9749.32 
-6.27744e+66 -6.27744e+66 93.5458 111.419 232.06 345.999 453.235 676.645 944.737 1101.12 1208.36 1449.64 1471.98 1594.86 2425.94 2832.55 3520.65 3922.79 3958.53 4452.27 5739.11 6460.72 7622.45 8232.36 8576.41 8679.18 9000.89 
-6.27744e+66 -6.27744e+66 -6.27744e+66 93.5458 153.866 229.826 310.253 488.981 712.391 846.437 940.269 1154.74 1174.85 1286.55 2048.38 2423.71 3062.66 3437.99 3471.5 3936.19 5151.54 5835.18 6938.82 7519.69 7848.1 7946.4 8254.7 
-6.27744e+66 -6.27744e+66 -6.27744e+66 -6.27744e+66 93.5458 131.525 185.144 319.19 497.917 609.622 690.05 877.714 895.587 996.121 1688.69 2032.74 2622.54 2971.06 3002.34 3437.99 4581.85 5227.5 6273.06 6824.88 7137.66 7231.49 7526.39 
-6.27744e+66 -6.27744e+66 -6.27744e+66 -6.27744e+66 -6.27744e+66 93.5458 120.355 209.719 343.765 433.129 500.152 661.007 676.645 766.009 1389.32 1702.1 2242.75 2564.46 2593.5 3000.11 4072.47 4680.15 5667.62 6190.4 6487.53 6576.9 6858.39 
-6.27744e+66 -6.27744e+66 -6.27744e+66 -6.27744e+66 -6.27744e+66 -6.27744e+66 93.5458 138.228 227.592 294.615 348.233 482.279 495.683 573.877 1127.93 1409.43 1900.93 2195.83 2222.64 2600.2 3601.08 4170.77 5100.16 5593.89 5875.39 5960.29 6228.38 
-6.27744e+66 -6.27744e+66 -6.27744e+66 -6.27744e+66 -6.27744e+66 -6.27744e+66 -6.27744e+66 93.5458 138.228 182.91 223.123 330.36 341.531 408.554 893.353 1143.57 1585.92 1854.01 1878.59 2227.11 3156.49 3688.21 4559.51 5024.2 5290.06 5370.48 5625.17 
-6.27744e+66 -6.27744e+66 -6.27744e+66 -6.27744e+66 -6.27744e+66 -6.27744e+66 -6.27744e+66 -6.27744e+66 93.5458 115.887 142.696 223.123 232.06 287.912 703.454 922.396 1315.6 1556.88 1579.22 1898.7 2756.59 3250.33 4063.54 4499.19 4749.4 4825.36 5066.65 
-6.27744e+66 -6.27744e+66 -6.27744e+66 -6.27744e+66 -6.27744e+66 -6.27744e+66 -6.27744e+66 -6.27744e+66 -6.27744e+66 93.5458 106.95 160.569 167.271 211.953 558.238 745.902 1089.95 1304.43 1324.53 1614.97 2401.37 2857.12 3612.25 4018.86 4253.44 4324.93 4552.8 
-6.27744e+66 -6.27744e+66 -6.27744e+66 -6.27744e+66 -6.27744e+66 -6.27744e+66 -6.27744e+66 -6.27744e+66 -6.27744e+66 -6.27744e+66 93.5458 120.355 124.823 158.335 435.363 591.75 886.65 1074.31 1092.19 1353.58 2068.49 2486.26 3183.3 3560.87 3779.81 3846.83 4061.3 
-6.27744e+66 -6.27744e+66 -6.27744e+66 -6.27744e+66 -6.27744e+66 -6.27744e+66 -6.27744e+66 -6.27744e+66 -6.27744e+66 -6.27744e+66 -6.27744e+66 93.5458 95.7799 118.121 325.892 451.001 696.752 857.607 873.246 1105.59 1749.01 2128.81 2767.76 3116.28 3319.58 3382.14 3583.21 
-6.27744e+66 -6.27744e+66 -6.27744e+66 -6.27744e+66 -6.27744e+66 -6.27744e+66 -6.27744e+66 -6.27744e+66 -6.27744e+66 -6.27744e+66 -6.27744e+66 -6.27744e+66 93.5458 104.716 243.23 337.062 533.663 667.709 681.113 884.416 1456.35 1798.16 2379.03 2698.5 2886.17 2944.25 3131.92 
-6.27744e+66 -6.27744e+66 -6.27744e+66 -6.27744e+66 -6.27744e+66 -6.27744e+66 -6.27744e+66 -6.27744e+66 -6.27744e+66 -6.27744e+66 -6.27744e+66 -6.27744e+66 -6.27744e+66 93.5458 162.803 225.358 372.808 480.045 491.215 665.475 1165.91 1469.75 1992.53 2282.96 2454.99 2508.61 2682.86 
-6.27744e+66 -6.27744e+66 -6.27744e+66 -6.27744e+66 -6.27744e+66 -6.27744e+66 -6.27744e+66 -6.27744e+66 -6.27744e+66 -6.27744e+66 -6.27744e+66 -6.27744e+66 -6.27744e+66 -6.27744e+66 93.5458 124.823 223.123 303.551 312.487 457.704 886.65 1152.51 1617.2 1878.59 2034.98 2084.13 2244.98 
-6.27744e+66 -6.27744e+66 -6.27744e+66 -6.27744e+66 -6.27744e+66 -6.27744e+66 -6.27744e+66 -6.27744e+66 -6.27744e+66 -6.27744e+66 -6.27744e+66 -6.27744e+66 -6.27744e+66 -6.27744e+66 -6.27744e+66 93.5458 142.696 196.314 203.017 319.19 676.645 904.523 1311.13 1543.48 1684.22 1728.91 1876.36 
-6.27744e+66 -6.27744e+66 -6.27744e+66 -6.27744e+66 -6.27744e+66 -6.27744e+66 -6.27744e+66 -6.27744e+66 -6.27744e+66 -6.27744e+66 -6.27744e+66 -6.27744e+66 -6.27744e+66 -6.27744e+66 -6.27744e+66 -6.27744e+66 93.5458 120.355 124.823 211.953 497.917 687.816 1036.33 1239.64 1364.75 1404.96 1539.01 
-6.27744e+66 -6.27744e+66 -6.27744e+66 -6.27744e+66 -6.27744e+66 -6.27744e+66 -6.27744e+66 -6.27744e+66 -6.27744e+66 -6.27744e+66 -6.27744e+66 -6.27744e+66 -6.27744e+66 -6.27744e+66 -6.27744e+66 -6.27744e+66 -6.27744e+66 93.5458 95.7799 153.866 368.34 520.258 810.691 984.951 1094.42 1130.17 1250.81 
-6.27744e+66 -6.27744e+66 -6.27744e+66 -6.27744e+66 -6.27744e+66 -6.27744e+66 -6.27744e+66 -6.27744e+66 -6.27744e+66 -6.27744e+66 -6.27744e+66 -6.27744e+66 -6.27744e+66 -6.27744e+66 -6.27744e+66 -6.27744e+66 -6.27744e+66 -6.27744e+66 93.5458 122.589 265.571 379.51 611.856 757.073 850.905 882.182 989.419 
-6.27744e+66 -6.27744e+66 -6.27744e+66 -6.27744e+66 -6.27744e+66 -6.27744e+66 -6.27744e+66 -6.27744e+66 -6.27744e+66 -6.27744e+66 -6.27744e+66 -6.27744e+66 -6.27744e+66 -6.27744e+66 -6.27744e+66 -6.27744e+66 -6.27744e+66 -6.27744e+66 -6.27744e+66 93.5458 165.037 240.996 415.256 531.429 609.622 636.431 730.264 
-6.27744e+66 -6.27744e+66 -6.27744e+66 -6.27744e+66 -6.27744e+66 -6.27744e+66 -6.27744e+66 -6.27744e+66 -6.27744e+66 -6.27744e+66 -6.27744e+66 -6.27744e+66 -6.27744e+66 -6.27744e+66 -6.27744e+66 -6.27744e+66 -6.27744e+66 -6.27744e+66 -6.27744e+66 -6.27744e+66 93.5458 131.525 247.699 334.828 397.383 419.724 500.152 
-6.27744e+66 -6.27744e+66 -6.27744e+66 -6.27744e+66 -6.27744e+66 -6.27744e+66 -6.27744e+66 -6.27744e+66 -6.27744e+66 -6.27744e+66 -6.27744e+66 -6.27744e+66 -6.27744e+66 -6.27744e+66 -6.27744e+66 -6.27744e+66 -6.27744e+66 -6.27744e+66 -6.27744e+66 -6.27744e+66 -6.27744e+66 93.5458 151.632 209.719 256.635 274.508 341.531 
-6.27744e+66 -6.27744e+66 -6.27744e+66 -6.27744e+66 -6.27744e+66 -6.27744e+66 -6.27744e+66 -6.27744e+66 -6.27744e+66 -6.27744e+66 -6.27744e+66 -6.27744e+66 -6.27744e+66 -6.27744e+66 -6.27744e+66 -6.27744e+66 -6.27744e+66 -6.27744e+66 -6.27744e+66 -6.27744e+66 -6.27744e+66 -6.27744e+66 93.5458 122.589 153.866 167.271 220.889 
-6.27744e+66 -6.27744e+66 -6.27744e+66 -6.27744e+66 -6.27744e+66 -6.27744e+66 -6.27744e+66 -6.27744e+66 -6.27744e+66 -6.27744e+66 -6.27744e+66 -6.27744e+66 -6.27744e+66 -6.27744e+66 -6.27744e+66 -6.27744e+66 -6.27744e+66 -6.27744e+66 -6.27744e+66 -6.27744e+66 -6.27744e+66 -6.27744e+66 -6.27744e+66 93.5458 109.184 118.121 158.335 
-6.27744e+66 -6.27744e+66 -6.27744e+66 -6.27744e+66 -6.27744e+66 -6.27744e+66 -6.27744e+66 -6.27744e+66 -6.27744e+66 -6.27744e+66 -6.27744e+66 -6.27744e+66 -6.27744e+66 -6.27744e+66 -6.27744e+66 -6.27744e+66 -6.27744e+66 -6.27744e+66 -6.27744e+66 -6.27744e+66 -6.27744e+66 -6.27744e+66 -6.27744e+66 -6.27744e+66 93.5458 98.014 124.823 
-6.27744e+66 -6.27744e+66 -6.27744e+66 -6.27744e+66 -6.27744e+66 -6.27744e+66 -6.27744e+66 -6.27744e+66 -6.27744e+66 -6.27744e+66 -6.27744e+66 -6.27744e+66 -6.27744e+66 -6.27744e+66 -6.27744e+66 -6.27744e+66 -6.27744e+66 -6.27744e+66 -6.27744e+66 -6.27744e+66 -6.27744e+66 -6.27744e+66 -6.27744e+66 -6.27744e+66 -6.27744e+66 93.5458 106.95 
-6.27744e+66 -6.27744e+66 -6.27744e+66 -6.27744e+66 -6.27744e+66 -6.27744e+66 -6.27744e+66 -6.27744e+66 -6.27744e+66 -6.27744e+66 -6.27744e+66 -6.27744e+66 -6.27744e+66 -6.27744e+66 -6.27744e+66 -6.27744e+66 -6.27744e+66 -6.27744e+66 -6.27744e+66 -6.27744e+66 -6.27744e+66 -6.27744e+66 -6.27744e+66 -6.27744e+66 -6.27744e+66 -6.27744e+66 93.5458 
-6.27744e+66 -6.27744e+66 -6.27744e+66 -6.27744e+66 -6.27744e+66 -6.27744e+66 -6.27744e+66 -6.27744e+66 -6.27744e+66 -6.27744e+66 -6.27744e+66 -6.27744e+66 -6.27744e+66 -6.27744e+66 -6.27744e+66 -6.27744e+66 -6.27744e+66 -6.27744e+66 -6.27744e+66 -6.27744e+66 -6.27744e+66 -6.27744e+66 -6.27744e+66 -6.27744e+66 -6.27744e+66 -6.27744e+66 -6.27744e+66 
-6.27744e+66 123.156 179.018 240.466 315.879 472.292 681.773 882.875 1176.15 1511.32 1662.15 1745.94 1868.83 2438.62 2946.97 2946.97 3659.2 4374.23 5323.88 6379.67 7547.18 8105.79 8399.07 8829.2 10049.8 10720.1 10929.6 
-6.27744e+66 -6.27744e+66 123.156 153.88 204.156 321.465 489.05 656.636 908.013 1201.29 1335.36 1410.77 1522.49 2044.8 2514.04 2514.04 3178.79 3849.13 4742.92 5740.05 6846.11 7376.8 7656.11 8066.69 9234.2 9876.61 10077.7 
-6.27744e+66 -6.27744e+66 -6.27744e+66 123.156 148.294 226.5 352.189 486.257 695.739 947.116 1064.43 1131.46 1232.01 1706.84 2136.97 2136.97 2754.24 3379.89 4217.82 5156.3 6200.91 6703.66 6969.01 7360.04 8474.48 9088.96 9281.68 
-6.27744e+66 -6.27744e+66 -6.27744e+66 -6.27744e+66 123.156 162.259 246.052 346.603 514.188 723.67 824.221 882.875 972.254 1399.6 1790.63 1790.63 2360.42 2941.38 3723.44 4603.26 5586.43 6061.26 6312.63 6684.11 7745.49 8332.03 8516.38 
-6.27744e+66 -6.27744e+66 -6.27744e+66 -6.27744e+66 -6.27744e+66 123.156 165.053 232.087 357.775 525.361 609.153 659.429 737.635 1117.49 1469.42 1469.42 1991.73 2528 3254.2 4075.37 4997.09 5443.98 5681.4 6033.32 7041.63 7600.25 7776.21 
-6.27744e+66 -6.27744e+66 -6.27744e+66 -6.27744e+66 -6.27744e+66 -6.27744e+66 123.156 156.673 240.466 366.155 433.189 475.085 542.119 874.496 1187.32 1187.32 1662.15 2153.73 2824.07 3586.58 4446.85 4865.81 5089.26 5421.64 6376.87 6907.56 7075.15 
-6.27744e+66 -6.27744e+66 -6.27744e+66 -6.27744e+66 -6.27744e+66 -6.27744e+66 -6.27744e+66 123.156 165.053 248.845 299.121 332.638 388.499 673.394 947.116 947.116 1374.46 1821.35 2435.83 3139.69 3938.51 4329.54 4539.02 4851.85 5754.02 6256.77 6415.98 
-6.27744e+66 -6.27744e+66 -6.27744e+66 -6.27744e+66 -6.27744e+66 -6.27744e+66 -6.27744e+66 -6.27744e+66 123.156 165.053 198.57 223.707 268.397 505.809 740.428 740.428 1120.29 1522.49 2081.11 2726.31 3463.69 3826.79 4022.3 4315.58 5164.67 5639.5 5790.33 
-6.27744e+66 -6.27744e+66 -6.27744e+66 -6.27744e+66 -6.27744e+66 -6.27744e+66 -6.27744e+66 -6.27744e+66 -6.27744e+66 123.156 139.915 156.673 190.19 380.12 575.636 575.636 908.013 1265.53 1768.28 2354.83 3030.76 3365.93 3547.48 3821.2 4617.23 5064.12 5206.57 
-6.27744e+66 -6.27744e+66 -6.27744e+66 -6.27744e+66 -6.27744e+66 -6.27744e+66 -6.27744e+66 -6.27744e+66 -6.27744e+66 -6.27744e+66 123.156 131.536 153.88 296.328 452.74 452.74 737.635 1050.46 1497.35 2025.25 2639.73 2946.97 3114.55 3368.72 4111.68 4530.64 4664.71 
-6.27744e+66 -6.27744e+66 -6.27744e+66 -6.27744e+66 -6.27744e+66 -6.27744e+66 -6.27744e+66 -6.27744e+66 -6.27744e+66 -6.27744e+66 -6.27744e+66 123.156 134.329 229.294 346.603 346.603 584.015 852.151 1243.18 1712.42 2265.45 2544.76 2698.38 2933 3622.89 4013.92 4139.61 
-6.27744e+66 -6.27744e+66 -6.27744e+66 -6.27744e+66 -6.27744e+66 -6.27744e+66 -6.27744e+66 -6.27744e+66 -6.27744e+66 -6.27744e+66 -6.27744e+66 -6.27744e+66 123.156 170.639 248.845 248.845 438.775 662.222 997.392 1407.98 1899.56 2150.94 2290.59 2505.66 3142.48 3505.58 3622.89 
-6.27744e+66 -6.27744e+66 -6.27744e+66 -6.27744e+66 -6.27744e+66 -6.27744e+66 -6.27744e+66 -6.27744e+66 -6.27744e+66 -6.27744e+66 -6.27744e+66 -6.27744e+66 -6.27744e+66 123.156 162.259 162.259 304.707 483.464 762.773 1114.7 1544.84 1768.28 1893.97 2089.49 2673.24 3008.41 3117.34 
-6.27744e+66 -6.27744e+66 -6.27744e+66 -6.27744e+66 -6.27744e+66 -6.27744e+66 -6.27744e+66 -6.27744e+66 -6.27744e+66 -6.27744e+66 -6.27744e+66 -6.27744e+66 -6.27744e+66 -6.27744e+66 123.156 123.156 218.121 352.189 575.636 868.91 1237.6 1433.11 1544.84 1720.8 2251.49 2558.73 2659.28 
-6.27744e+66 -6.27744e+66 -6.27744e+66 -6.27744e+66 -6.27744e+66 -6.27744e+66 -6.27744e+66 -6.27744e+66 -6.27744e+66 -6.27744e+66 -6.27744e+66 -6.27744e+66 -6.27744e+66 -6.27744e+66 -6.27744e+66 123.156 170.639 260.017 427.603 662.222 969.461 1137.05 1234.8 1391.22 1868.83 2148.14 2240.31 
-6.27744e+66 -6.27744e+66 -6.27744e+66 -6.27744e+66 -6.27744e+66 -6.27744e+66 -6.27744e+66 -6.27744e+66 -6.27744e+66 -6.27744e+66 -6.27744e+66 -6.27744e+66 -6.27744e+66 -6.27744e+66 -6.27744e+66 -6.27744e+66 123.156 167.846 279.569 455.533 701.325 840.979 924.772 1061.63 1486.18 1737.56 1821.35 
-6.27744e+66 -6.27744e+66 -6.27744e+66 -6.27744e+66 -6.27744e+66 -6.27744e+66 -6.27744e+66 -6.27744e+66 -6.27744e+66 -6.27744e+66 -6.27744e+66 -6.27744e+66 -6.27744e+66 -6.27744e+66 -6.27744e+66 -6.27744e+66 -6.27744e+66 123.156 179.018 296.328 480.671 592.395 662.222 779.531 1151.01 1374.46 1449.87 
-6.27744e+66 -6.27744e+66 -6.27744e+66 -6.27744e+66 -6.27744e+66 -6.27744e+66 -6.27744e+66 -6.27744e+66 -6.27744e+66 -6.27744e+66 -6.27744e+66 -6.27744e+66 -6.27744e+66 -6.27744e+66 -6.27744e+66 -6.27744e+66 -6.27744e+66 -6.27744e+66 123.156 181.811 304.707 388.499 444.361 542.119 860.531 1056.05 1123.08 
-6.27744e+66 -6.27744e+66 -6.27744e+66 -6.27744e+66 -6.27744e+66 -6.27744e+66 -6.27744e+66 -6.27744e+66 -6.27744e+66 -6.27744e+66 -6.27744e+66 -6.27744e+66 -6.27744e+66 -6.27744e+66 -6.27744e+66 -6.27744e+66 -6.27744e+66 -6.27744e+66 -6.27744e+66 123.156 184.604 240.466 282.362 360.569 625.912 793.497 852.151 
-6.27744e+66 -6.27744e+66 -6.27744e+66 -6.27744e+66 -6.27744e+66 -6.27744e+66 -6.27744e+66 -6.27744e+66 -6.27744e+66 -6.27744e+66 -6.27744e+66 -6.27744e+66 -6.27744e+66 -6.27744e+66 -6.27744e+66 -6.27744e+66 -6.27744e+66 -6.27744e+66 -6.27744e+66 -6.27744e+66 123.156 151.087 179.018 237.673 449.947 589.601 639.877 
-6.27744e+66 -6.27744e+66 -6.27744e+66 -6.27744e+66 -6.27744e+66 -6.27744e+66 -6.27744e+66 -6.27744e+66 -6.27744e+66 -6.27744e+66 -6.27744e+66 -6.27744e+66 -6.27744e+66 -6.27744e+66 -6.27744e+66 -6.27744e+66 -6.27744e+66 -6.27744e+66 -6.27744e+66 -6.27744e+66 -6.27744e+66 123.156 137.122 176.225 335.431 447.154 489.05 
-6.27744e+66 -6.27744e+66 -6.27744e+66 -6.27744e+66 -6.27744e+66 -6.27744e+66 -6.27744e+66 -6.27744e+66 -6.27744e+66 -6.27744e+66 -6.27744e+66 -6.27744e+66 -6.27744e+66 -6.27744e+66 -6.27744e+66 -6.27744e+66 -6.27744e+66 -6.27744e+66 -6.27744e+66 -6.27744e+66 -6.27744e+66 -6.27744e+66 123.156 142.708 248.845 332.638 366.155 
-6.27744e+66 -6.27744e+66 -6.27744e+66 -6.27744e+66 -6.27744e+66 -6.27744e+66 -6.27744e+66 -6.27744e+66 -6.27744e+66 -6.27744e+66 -6.27744e+66 -6.27744e+66 -6.27744e+66 -6.27744e+66 -6.27744e+66 -6.27744e+66 -6.27744e+66 -6.27744e+66 -6.27744e+66 -6.27744e+66 -6.27744e+66 -6.27744e+66 -6.27744e+66 123.156 176.225 232.087 257.224 
-6.27744e+66 -6.27744e+66 -6.27744e+66 -6.27744e+66 -6.27744e+66 -6.27744e+66 -6.27744e+66 -6.27744e+66 -6.27744e+66 -6.27744e+66 -6.27744e+66 -6.27744e+66 -6.27744e+66 -6.27744e+66 -6.27744e+66 -6.27744e+66 -6.27744e+66 -6.27744e+66 -6.27744e+66 -6.27744e+66 -6.27744e+66 -6.27744e+66 -6.27744e+66 -6.27744e+66 123.156 151.087 167.846 
-6.27744e+66 -6.27744e+66 -6.27744e+66 -6.27744e+66 -6.27744e+66 -6.27744e+66 -6.27744e+66 -6.27744e+66 -6.27744e+66 -6.27744e+66 -6.27744e+66 -6.27744e+66 -6.27744e+66 -6.27744e+66 -6.27744e+66 -6.27744e+66 -6.27744e+66 -6.27744e+66 -6.27744e+66 -6.27744e+66 -6.27744e+66 -6.27744e+66 -6.27744e+66 -6.27744e+66 -6.27744e+66 123.156 131.536 
-6.27744e+66 -6.27744e+66 -6.27744e+66 -6.27744e+66 -6.27744e+66 -6.27744e+66 -6.27744e+66 -6.27744e+66 -6.27744e+66 -6.27744e+66 -6.27744e+66 -6.27744e+66 -6.27744e+66 -6.27744e+66 -6.27744e+66 -6.27744e+66 -6.27744e+66 -6.27744e+66 -6.27744e+66 -6.27744e+66 -6.27744e+66 -6.27744e+66 -6.27744e+66 -6.27744e+66 -6.27744e+66 -6.27744e+66 123.156 
-6.27744e+66 -6.27744e+66 -6.27744e+66 -6.27744e+66 -6.27744e+66 -6.27744e+66 -6.27744e+66 -6.27744e+66 -6.27744e+66 -6.27744e+66 -6.27744e+66 -6.27744e+66 -6.27744e+66 -6.27744e+66 -6.27744e+66 -6.27744e+66 -6.27744e+66 -6.27744e+66 -6.27744e+66 -6.27744e+66 -6.27744e+66 -6.27744e+66 -6.27744e+66 -6.27744e+66 -6.27744e+66 -6.27744e+66 -6.27744e+66 
-6.27744e+66 27.7191 35.4343 43.6638 82.2398 129.56 335.299 409.364 765.807 1012.69 1096.02 1368.62 1510.07 1627.34 2035.22 2179.23 3297.94 3520.13 4184.67 4258.74 4307.6 5192.28 5591.92 6089.81 7071.7 7244.52 8504.67 
-6.27744e+66 -6.27744e+66 27.7191 31.8338 57.5512 93.0411 257.632 319.354 624.876 840.902 914.968 1160.31 1288.9 1396.4 1772.9 1906.63 2950.75 3159.06 3784.51 3854.46 3900.75 4741.19 5121.81 5597.07 6536.27 6701.88 7911.63 
-6.27744e+66 -6.27744e+66 -6.27744e+66 27.7191 40.5777 64.2377 187.681 237.058 491.66 676.825 741.633 959.716 1075.44 1173.17 1518.3 1641.74 2611.28 2805.71 3392.06 3457.9 3501.62 4297.83 4659.41 5112.04 6008.55 6166.96 7326.3 
-6.27744e+66 -6.27744e+66 -6.27744e+66 -6.27744e+66 27.7191 39.549 121.845 158.878 362.559 516.863 572.412 763.235 866.105 954.058 1267.81 1380.97 2275.93 2456.47 3003.73 3065.45 3106.6 3858.57 4201.13 4631.12 5484.94 5636.16 6745.09 
-6.27744e+66 -6.27744e+66 -6.27744e+66 -6.27744e+66 -6.27744e+66 27.7191 68.8668 93.5555 246.317 369.76 416.051 579.613 669.624 747.805 1030.18 1133.05 1953.43 2120.08 2628.26 2685.86 2724.44 3432.18 3755.71 4163.07 4974.19 5118.21 6176.74 
-6.27744e+66 -6.27744e+66 -6.27744e+66 -6.27744e+66 -6.27744e+66 -6.27744e+66 27.7191 40.0634 141.904 234.487 271.52 407.821 484.973 553.382 804.383 896.965 1642.77 1795.53 2264.61 2318.11 2354.11 3017.62 3322.11 3706.84 4475.28 4612.09 5620.21 
-6.27744e+66 -6.27744e+66 -6.27744e+66 -6.27744e+66 -6.27744e+66 -6.27744e+66 -6.27744e+66 27.7191 78.6394 140.361 168.136 277.177 341.471 400.106 619.732 702.028 1373.25 1512.12 1942.12 1991.5 2024.93 2644.2 2929.66 3291.76 4017.51 4147.12 5104.84 
-6.27744e+66 -6.27744e+66 -6.27744e+66 -6.27744e+66 -6.27744e+66 -6.27744e+66 -6.27744e+66 -6.27744e+66 27.7191 58.5799 77.0964 158.878 210.312 259.175 447.426 519.435 1116.08 1241.06 1631.97 1677.23 1708.09 2283.13 2549.56 2889.03 3572.08 3694.5 4601.81 
-6.27744e+66 -6.27744e+66 -6.27744e+66 -6.27744e+66 -6.27744e+66 -6.27744e+66 -6.27744e+66 -6.27744e+66 -6.27744e+66 27.7191 36.9773 91.4981 130.074 169.164 326.04 387.762 909.824 1020.92 1372.74 1413.88 1442.17 1972.98 2220.38 2537.22 3177.58 3292.79 4149.7 
-6.27744e+66 -6.27744e+66 -6.27744e+66 -6.27744e+66 -6.27744e+66 -6.27744e+66 -6.27744e+66 -6.27744e+66 -6.27744e+66 -6.27744e+66 27.7191 54.9795 80.6968 110.015 235.515 286.95 734.432 831.643 1144.37 1181.4 1207.12 1693.69 1922.06 2216.27 2813.94 2921.95 3728.45 
-6.27744e+66 -6.27744e+66 -6.27744e+66 -6.27744e+66 -6.27744e+66 -6.27744e+66 -6.27744e+66 -6.27744e+66 -6.27744e+66 -6.27744e+66 -6.27744e+66 27.7191 40.5777 60.1229 154.248 195.396 568.298 651.622 925.254 958.173 981.318 1423.66 1633 1904.57 2459.55 2560.36 3316.45 
-6.27744e+66 -6.27744e+66 -6.27744e+66 -6.27744e+66 -6.27744e+66 -6.27744e+66 -6.27744e+66 -6.27744e+66 -6.27744e+66 -6.27744e+66 -6.27744e+66 -6.27744e+66 27.7191 37.4917 100.242 131.103 429.424 498.861 733.403 762.206 782.78 1180.88 1371.19 1620.14 2132.43 2226.04 2931.72 
-6.27744e+66 -6.27744e+66 -6.27744e+66 -6.27744e+66 -6.27744e+66 -6.27744e+66 -6.27744e+66 -6.27744e+66 -6.27744e+66 -6.27744e+66 -6.27744e+66 -6.27744e+66 -6.27744e+66 27.7191 59.0942 79.6681 303.409 358.958 554.41 579.099 597.101 950.972 1122.25 1348.56 1818.16 1904.57 2559.85 
-6.27744e+66 -6.27744e+66 -6.27744e+66 -6.27744e+66 -6.27744e+66 -6.27744e+66 -6.27744e+66 -6.27744e+66 -6.27744e+66 -6.27744e+66 -6.27744e+66 -6.27744e+66 -6.27744e+66 -6.27744e+66 27.7191 38.006 187.167 228.829 385.19 405.764 421.194 730.831 883.078 1086.76 1513.67 1592.88 2197.75 
-6.27744e+66 -6.27744e+66 -6.27744e+66 -6.27744e+66 -6.27744e+66 -6.27744e+66 -6.27744e+66 -6.27744e+66 -6.27744e+66 -6.27744e+66 -6.27744e+66 -6.27744e+66 -6.27744e+66 -6.27744e+66 -6.27744e+66 27.7191 102.299 130.074 247.345 263.804 276.663 542.066 675.282 856.332 1240.55 1312.56 1867.02 
-6.27744e+66 -6.27744e+66 -6.27744e+66 -6.27744e+66 -6.27744e+66 -6.27744e+66 -6.27744e+66 -6.27744e+66 -6.27744e+66 -6.27744e+66 -6.27744e+66 -6.27744e+66 -6.27744e+66 -6.27744e+66 -6.27744e+66 -6.27744e+66 27.7191 41.6064 119.787 132.131 142.418 363.588 477.773 636.191 977.718 1042.53 1546.59 
-6.27744e+66 -6.27744e+66 -6.27744e+66 -6.27744e+66 -6.27744e+66 -6.27744e+66 -6.27744e+66 -6.27744e+66 -6.27744e+66 -6.27744e+66 -6.27744e+66 -6.27744e+66 -6.27744e+66 -6.27744e+66 -6.27744e+66 -6.27744e+66 -6.27744e+66 27.7191 66.8094 75.039 82.7542 259.69 354.844 490.631 789.467 847.074 1300.73 
-6.27744e+66 -6.27744e+66 -6.27744e+66 -6.27744e+66 -6.27744e+66 -6.27744e+66 -6.27744e+66 -6.27744e+66 -6.27744e+66 -6.27744e+66 -6.27744e+66 -6.27744e+66 -6.27744e+66 -6.27744e+66 -6.27744e+66 -6.27744e+66 -6.27744e+66 -6.27744e+66 27.7191 31.8338 36.9773 169.679 245.802 358.958 615.103 665.509 1068.76 
-6.27744e+66 -6.27744e+66 -6.27744e+66 -6.27744e+66 -6.27744e+66 -6.27744e+66 -6.27744e+66 -6.27744e+66 -6.27744e+66 -6.27744e+66 -6.27744e+66 -6.27744e+66 -6.27744e+66 -6.27744e+66 -6.27744e+66 -6.27744e+66 -6.27744e+66 -6.27744e+66 -6.27744e+66 27.7191 30.2908 118.758 175.851 266.376 479.83 523.035 875.877 
-6.27744e+66 -6.27744e+66 -6.27744e+66 -6.27744e+66 -6.27744e+66 -6.27744e+66 -6.27744e+66 -6.27744e+66 -6.27744e+66 -6.27744e+66 -6.27744e+66 -6.27744e+66 -6.27744e+66 -6.27744e+66 -6.27744e+66 -6.27744e+66 -6.27744e+66 -6.27744e+66 -6.27744e+66 -6.27744e+66 27.7191 71.9529 110.015 177.908 348.672 384.676 687.112 
-6.27744e+66 -6.27744e+66 -6.27744e+66 -6.27744e+66 -6.27744e+66 -6.27744e+66 -6.27744e+66 -6.27744e+66 -6.27744e+66 -6.27744e+66 -6.27744e+66 -6.27744e+66 -6.27744e+66 -6.27744e+66 -6.27744e+66 -6.27744e+66 -6.27744e+66 -6.27744e+66 -6.27744e+66 -6.27744e+66 -6.27744e+66 27.7191 46.7499 92.0124 220.085 248.888 500.918 
-6.27744e+66 -6.27744e+66 -6.27744e+66 -6.27744e+66 -6.27744e+66 -6.27744e+66 -6.27744e+66 -6.27744e+66 -6.27744e+66 -6.27744e+66 -6.27744e+66 -6.27744e+66 -6.27744e+66 -6.27744e+66 -6.27744e+66 -6.27744e+66 -6.27744e+66 -6.27744e+66 -6.27744e+66 -6.27744e+66 -6.27744e+66 -6.27744e+66 27.7191 50.3503 135.732 157.334 358.958 
-6.27744e+66 -6.27744e+66 -6.27744e+66 -6.27744e+66 -6.27744e+66 -6.27744e+66 -6.27744e+66 -6.27744e+66 -6.27744e+66 -6.27744e+66 -6.27744e+66 -6.27744e+66 -6.27744e+66 -6.27744e+66 -6.27744e+66 -6.27744e+66 -6.27744e+66 -6.27744e+66 -6.27744e+66 -6.27744e+66 -6.27744e+66 -6.27744e+66 -6.27744e+66 27.7191 70.4099 84.8116 236.03 
-6.27744e+66 -6.27744e+66 -6.27744e+66 -6.27744e+66 -6.27744e+66 -6.27744e+66 -6.27744e+66 -6.27744e+66 -6.27744e+66 -6.27744e+66 -6.27744e+66 -6.27744e+66 -6.27744e+66 -6.27744e+66 -6.27744e+66 -6.27744e+66 -6.27744e+66 -6.27744e+66 -6.27744e+66 -6.27744e+66 -6.27744e+66 -6.27744e+66 -6.27744e+66 -6.27744e+66 27.7191 34.9199 135.732 
-6.27744e+66 -6.27744e+66 -6.27744e+66 -6.27744e+66 -6.27744e+66 -6.27744e+66 -6.27744e+66 -6.27744e+66 -6.27744e+66 -6.27744e+66 -6.27744e+66 -6.27744e+66 -6.27744e+66 -6.27744e+66 -6.27744e+66 -6.27744e+66 -6.27744e+66 -6.27744e+66 -6.27744e+66 -6.27744e+66 -6.27744e+66 -6.27744e+66 -6.27744e+66 -6.27744e+66 -6.27744e+66 27.7191 78.1251 
-6.27744e+66 -6.27744e+66 -6.27744e+66 -6.27744e+66 -6.27744e+66 -6.27744e+66 -6.27744e+66 -6.27744e+66 -6.27744e+66 -6.27744e+66 -6.27744e+66 -6.27744e+66 -6.27744e+66 -6.27744e+66 -6.27744e+66 -6.27744e+66 -6.27744e+66 -6.27744e+66 -6.27744e+66 -6.27744e+66 -6.27744e+66 -6.27744e+66 -6.27744e+66 -6.27744e+66 -6.27744e+66 -6.27744e+66 27.7191 
-6.27744e+66 -6.27744e+66 -6.27744e+66 -6.27744e+66 -6.27744e+66 -6.27744e+66 -6.27744e+66 -6.27744e+66 -6.27744e+66 -6.27744e+66 -6.27744e+66 -6.27744e+66 -6.27744e+66 -6.27744e+66 -6.27744e+66 -6.27744e+66 -6.27744e+66 -6.27744e+66 -6.27744e+66 -6.27744e+66 -6.27744e+66 -6.27744e+66 -6.27744e+66 -6.27744e+66 -6.27744e+66 -6.27744e+66 -6.27744e+66 
