26 10
-6.27744e+66 212.073 247.808 325.777 325.777 520.698 861.809 1095.71 1357.23 1734.08 2231.13 2296.1 2992.95 3382.79 3889.58 4730.99 5364.49 6326.1 7016.44 7308.82 7710.03 7937.44 8073.89 8645.66 9280.77 9826.55 11369.7 
-6.27744e+66 -6.27744e+66 212.073 251.057 251.057 397.248 670.137 865.058 1089.22 1418.96 1860.78 1919.26 2552.75 2910.1 3377.92 4159.22 4750.48 5651.99 6301.73 6577.87 6957.96 7174 7303.95 7849.73 8457.23 8980.27 10461.7 
-6.27744e+66 -6.27744e+66 -6.27744e+66 212.073 212.073 309.533 514.2 670.137 856.936 1139.57 1526.17 1578.14 2148.29 2473.16 2901.98 3623.19 4172.22 5013.63 5622.76 5882.65 6241.63 6446.3 6569.75 7089.54 7669.43 8169.72 9589.4 
-6.27744e+66 -6.27744e+66 -6.27744e+66 -6.27744e+66 212.073 260.803 397.248 514.2 663.64 899.169 1230.54 1276.02 1782.81 2075.19 2465.03 3126.14 3632.94 4414.25 4982.76 5226.42 5564.28 5757.58 5874.53 6368.33 6920.6 7398.16 8756.11 
-6.27744e+66 -6.27744e+66 -6.27744e+66 -6.27744e+66 -6.27744e+66 212.073 280.295 358.264 470.343 658.767 934.905 973.889 1417.33 1677.23 2028.09 2629.09 3093.66 3814.86 4342.77 4570.18 4886.93 5068.85 5179.31 5647.12 6171.78 6626.6 7922.82 
-6.27744e+66 -6.27744e+66 -6.27744e+66 -6.27744e+66 -6.27744e+66 -6.27744e+66 212.073 251.057 325.777 467.094 688.005 720.492 1100.59 1328 1639.87 2180.78 2603.1 3264.21 3751.51 3962.68 4258.31 4428.86 4532.82 4974.64 5471.69 5903.77 7138.27 
-6.27744e+66 -6.27744e+66 -6.27744e+66 -6.27744e+66 -6.27744e+66 -6.27744e+66 -6.27744e+66 212.073 249.433 343.644 509.327 535.317 852.063 1046.98 1319.87 1800.68 2180.78 2781.78 3228.48 3423.4 3697.91 3857.1 3954.56 4370.39 4839.82 5249.16 6421.93 
-6.27744e+66 -6.27744e+66 -6.27744e+66 -6.27744e+66 -6.27744e+66 -6.27744e+66 -6.27744e+66 -6.27744e+66 212.073 259.179 369.634 389.126 642.523 804.958 1038.86 1459.57 1797.43 2338.34 2744.42 2923.1 3176.5 3324.31 3415.27 3805.12 4246.94 4633.53 5744.58 
-6.27744e+66 -6.27744e+66 -6.27744e+66 -6.27744e+66 -6.27744e+66 -6.27744e+66 -6.27744e+66 -6.27744e+66 -6.27744e+66 212.073 267.3 280.295 470.343 600.29 795.211 1155.82 1451.45 1932.25 2297.73 2460.16 2692.44 2828.89 2913.35 3277.21 3691.41 4055.27 5104.59 
-6.27744e+66 -6.27744e+66 -6.27744e+66 -6.27744e+66 -6.27744e+66 -6.27744e+66 -6.27744e+66 -6.27744e+66 -6.27744e+66 -6.27744e+66 212.073 218.57 345.269 442.729 598.666 899.169 1152.57 1573.27 1898.14 2044.33 2255.49 2380.57 2458.54 2796.4 3182.99 3524.11 4511.71 
-6.27744e+66 -6.27744e+66 -6.27744e+66 -6.27744e+66 -6.27744e+66 -6.27744e+66 -6.27744e+66 -6.27744e+66 -6.27744e+66 -6.27744e+66 -6.27744e+66 212.073 275.422 340.396 457.348 697.751 908.915 1269.52 1553.78 1683.73 1873.77 1987.48 2058.95 2370.82 2729.8 3048.17 3974.05 
-6.27744e+66 -6.27744e+66 -6.27744e+66 -6.27744e+66 -6.27744e+66 -6.27744e+66 -6.27744e+66 -6.27744e+66 -6.27744e+66 -6.27744e+66 -6.27744e+66 -6.27744e+66 212.073 244.56 322.528 502.83 671.761 972.265 1215.92 1329.62 1498.55 1600.89 1665.86 1951.74 2283.11 2578.74 3442.89 
-6.27744e+66 -6.27744e+66 -6.27744e+66 -6.27744e+66 -6.27744e+66 -6.27744e+66 -6.27744e+66 -6.27744e+66 -6.27744e+66 -6.27744e+66 -6.27744e+66 -6.27744e+66 -6.27744e+66 212.073 251.057 371.258 497.957 738.36 941.402 1038.86 1186.68 1277.64 1336.12 1596.01 1899.76 2172.65 2975.08 
-6.27744e+66 -6.27744e+66 -6.27744e+66 -6.27744e+66 -6.27744e+66 -6.27744e+66 -6.27744e+66 -6.27744e+66 -6.27744e+66 -6.27744e+66 -6.27744e+66 -6.27744e+66 -6.27744e+66 -6.27744e+66 212.073 272.173 356.639 536.941 699.375 780.592 907.291 986.884 1038.86 1272.77 1548.91 1799.05 2539.75 
-6.27744e+66 -6.27744e+66 -6.27744e+66 -6.27744e+66 -6.27744e+66 -6.27744e+66 -6.27744e+66 -6.27744e+66 -6.27744e+66 -6.27744e+66 -6.27744e+66 -6.27744e+66 -6.27744e+66 -6.27744e+66 -6.27744e+66 212.073 254.306 374.507 496.333 561.306 666.888 735.111 780.592 988.508 1237.03 1464.44 2143.42 
-6.27744e+66 -6.27744e+66 -6.27744e+66 -6.27744e+66 -6.27744e+66 -6.27744e+66 -6.27744e+66 -6.27744e+66 -6.27744e+66 -6.27744e+66 -6.27744e+66 -6.27744e+66 -6.27744e+66 -6.27744e+66 -6.27744e+66 -6.27744e+66 212.073 272.173 353.39 402.121 486.587 543.438 582.423 764.349 985.259 1189.93 1807.18 
-6.27744e+66 -6.27744e+66 -6.27744e+66 -6.27744e+66 -6.27744e+66 -6.27744e+66 -6.27744e+66 -6.27744e+66 -6.27744e+66 -6.27744e+66 -6.27744e+66 -6.27744e+66 -6.27744e+66 -6.27744e+66 -6.27744e+66 -6.27744e+66 -6.27744e+66 212.073 252.681 285.168 348.517 393.999 426.486 582.423 775.719 957.646 1513.17 
-6.27744e+66 -6.27744e+66 -6.27744e+66 -6.27744e+66 -6.27744e+66 -6.27744e+66 -6.27744e+66 -6.27744e+66 -6.27744e+66 -6.27744e+66 -6.27744e+66 -6.27744e+66 -6.27744e+66 -6.27744e+66 -6.27744e+66 -6.27744e+66 -6.27744e+66 -6.27744e+66 212.073 228.316 270.549 304.66 330.65 460.597 626.28 785.465 1279.27 
-6.27744e+66 -6.27744e+66 -6.27744e+66 -6.27744e+66 -6.27744e+66 -6.27744e+66 -6.27744e+66 -6.27744e+66 -6.27744e+66 -6.27744e+66 -6.27744e+66 -6.27744e+66 -6.27744e+66 -6.27744e+66 -6.27744e+66 -6.27744e+66 -6.27744e+66 -6.27744e+66 -6.27744e+66 212.073 233.189 255.93 275.422 379.38 517.449 653.894 1085.97 
-6.27744e+66 -6.27744e+66 -6.27744e+66 -6.27744e+66 -6.27744e+66 -6.27744e+66 -6.27744e+66 -6.27744e+66 -6.27744e+66 -6.27744e+66 -6.27744e+66 -6.27744e+66 -6.27744e+66 -6.27744e+66 -6.27744e+66 -6.27744e+66 -6.27744e+66 -6.27744e+66 -6.27744e+66 -6.27744e+66 212.073 223.443 236.438 314.406 424.862 538.565 908.915 
-6.27744e+66 -6.27744e+66 -6.27744e+66 -6.27744e+66 -6.27744e+66 -6.27744e+66 -6.27744e+66 -6.27744e+66 -6.27744e+66 -6.27744e+66 -6.27744e+66 -6.27744e+66 -6.27744e+66 -6.27744e+66 -6.27744e+66 -6.27744e+66 -6.27744e+66 -6.27744e+66 -6.27744e+66 -6.27744e+66 -6.27744e+66 212.073 218.57 270.549 353.39 444.354 752.979 
-6.27744e+66 -6.27744e+66 -6.27744e+66 -6.27744e+66 -6.27744e+66 -6.27744e+66 -6.27744e+66 -6.27744e+66 -6.27744e+66 -6.27744e+66 -6.27744e+66 -6.27744e+66 -6.27744e+66 -6.27744e+66 -6.27744e+66 -6.27744e+66 -6.27744e+66 -6.27744e+66 -6.27744e+66 -6.27744e+66 -6.27744e+66 -6.27744e+66 212.073 238.062 293.29 361.512 608.412 
-6.27744e+66 -6.27744e+66 -6.27744e+66 -6.27744e+66 -6.27744e+66 -6.27744e+66 -6.27744e+66 -6.27744e+66 -6.27744e+66 -6.27744e+66 -6.27744e+66 -6.27744e+66 -6.27744e+66 -6.27744e+66 -6.27744e+66 -6.27744e+66 -6.27744e+66 -6.27744e+66 -6.27744e+66 -6.27744e+66 -6.27744e+66 -6.27744e+66 -6.27744e+66 212.073 239.687 285.168 470.343 
-6.27744e+66 -6.27744e+66 -6.27744e+66 -6.27744e+66 -6.27744e+66 -6.27744e+66 -6.27744e+66 -6.27744e+66 -6.27744e+66 -6.27744e+66 -6.27744e+66 -6.27744e+66 -6.27744e+66 -6.27744e+66 -6.27744e+66 -6.27744e+66 -6.27744e+66 -6.27744e+66 -6.27744e+66 -6.27744e+66 -6.27744e+66 -6.27744e+66 -6.27744e+66 -6.27744e+66 212.073 234.814 358.264 
-6.27744e+66 -6.27744e+66 -6.27744e+66 -6.27744e+66 -6.27744e+66 -6.27744e+66 -6.27744e+66 -6.27744e+66 -6.27744e+66 -6.27744e+66 -6.27744e+66 -6.27744e+66 -6.27744e+66 -6.27744e+66 -6.27744e+66 -6.27744e+66 -6.27744e+66 -6.27744e+66 -6.27744e+66 -6.27744e+66 -6.27744e+66 -6.27744e+66 -6.27744e+66 -6.27744e+66 -6.27744e+66 212.073 273.798 
-6.27744e+66 -6.27744e+66 -6.27744e+66 -6.27744e+66 -6.27744e+66 -6.27744e+66 -6.27744e+66 -6.27744e+66 -6.27744e+66 -6.27744e+66 -6.27744e+66 -6.27744e+66 -6.27744e+66 -6.27744e+66 -6.27744e+66 -6.27744e+66 -6.27744e+66 -6.27744e+66 -6.27744e+66 -6.27744e+66 -6.27744e+66 -6.27744e+66 -6.27744e+66 -6.27744e+66 -6.27744e+66 -6.27744e+66 212.073 
-6.27744e+66 -6.27744e+66 -6.27744e+66 -6.27744e+66 -6.27744e+66 -6.27744e+66 -6.27744e+66 -6.27744e+66 -6.27744e+66 -6.27744e+66 -6.27744e+66 -6.27744e+66 -6.27744e+66 -6.27744e+66 -6.27744e+66 -6.27744e+66 -6.27744e+66 -6.27744e+66 -6.27744e+66 -6.27744e+66 -6.27744e+66 -6.27744e+66 -6.27744e+66 -6.27744e+66 -6.27744e+66 -6.27744e+66 -6.27744e+66 
-6.27744e+66 57.0732 72.1438 90.2284 162.567 240.934 353.963 363.005 363.005 423.287 721.684 977.883 1292.86 1455.62 1475.21 1665.1 1665.1 2123.24 2148.86 2203.12 2403.56 2614.54 2772.79 3004.87 3247.51 3790.05 3790.05 
-6.27744e+66 -6.27744e+66 57.0732 66.1155 114.341 173.116 263.54 271.075 271.075 323.822 589.063 819.643 1105.98 1255.18 1273.27 1449.59 1449.59 1879.1 1903.21 1954.45 2144.34 2344.78 2495.49 2717.02 2949.11 3469.04 3469.04 
-6.27744e+66 -6.27744e+66 -6.27744e+66 57.0732 81.1861 120.369 188.187 194.215 194.215 239.427 471.513 676.473 934.179 1069.81 1086.39 1249.15 1249.15 1650.03 1672.64 1720.86 1900.2 2090.09 2233.26 2444.25 2665.78 3163.11 3163.11 
-6.27744e+66 -6.27744e+66 -6.27744e+66 -6.27744e+66 57.0732 76.6649 121.877 126.398 126.398 164.074 363.005 542.345 771.417 893.488 908.559 1057.76 1057.76 1430 1451.1 1496.31 1665.1 1844.44 1980.07 2180.51 2391.5 2866.22 2866.22 
-6.27744e+66 -6.27744e+66 -6.27744e+66 -6.27744e+66 -6.27744e+66 57.0732 79.679 82.6931 82.6931 112.834 278.61 432.33 632.768 741.276 754.839 890.474 890.474 1234.08 1253.67 1295.87 1454.11 1622.9 1751 1940.89 2141.33 2593.45 2593.45 
-6.27744e+66 -6.27744e+66 -6.27744e+66 -6.27744e+66 -6.27744e+66 -6.27744e+66 57.0732 58.5803 58.5803 81.1861 213.807 341.906 513.711 608.655 620.712 742.783 742.783 1057.76 1075.84 1115.03 1262.72 1420.96 1541.52 1720.86 1910.75 2340.26 2340.26 
-6.27744e+66 -6.27744e+66 -6.27744e+66 -6.27744e+66 -6.27744e+66 -6.27744e+66 -6.27744e+66 57.0732 57.0732 72.1438 171.609 274.089 417.259 498.64 509.19 617.697 617.697 904.038 920.615 956.785 1093.93 1241.62 1354.65 1523.44 1702.78 2109.68 2109.68 
-6.27744e+66 -6.27744e+66 -6.27744e+66 -6.27744e+66 -6.27744e+66 -6.27744e+66 -6.27744e+66 -6.27744e+66 57.0732 64.6085 130.919 207.779 322.315 390.132 399.175 494.119 494.119 751.825 766.896 800.051 926.644 1063.79 1169.28 1327.52 1496.31 1880.61 1880.61 
-6.27744e+66 -6.27744e+66 -6.27744e+66 -6.27744e+66 -6.27744e+66 -6.27744e+66 -6.27744e+66 -6.27744e+66 -6.27744e+66 57.0732 90.2284 141.468 227.37 281.624 289.16 370.541 370.541 599.613 613.176 643.317 759.361 885.953 983.912 1131.6 1289.84 1651.54 1651.54 
-6.27744e+66 -6.27744e+66 -6.27744e+66 -6.27744e+66 -6.27744e+66 -6.27744e+66 -6.27744e+66 -6.27744e+66 -6.27744e+66 -6.27744e+66 57.0732 82.6931 139.961 180.652 186.68 254.497 254.497 454.936 466.992 494.119 599.613 715.656 806.079 943.221 1090.91 1430 1430 
-6.27744e+66 -6.27744e+66 -6.27744e+66 -6.27744e+66 -6.27744e+66 -6.27744e+66 -6.27744e+66 -6.27744e+66 -6.27744e+66 -6.27744e+66 -6.27744e+66 57.0732 85.7072 112.834 117.355 171.609 171.609 343.414 353.963 378.076 473.02 578.514 661.402 787.995 925.137 1241.62 1241.62 
-6.27744e+66 -6.27744e+66 -6.27744e+66 -6.27744e+66 -6.27744e+66 -6.27744e+66 -6.27744e+66 -6.27744e+66 -6.27744e+66 -6.27744e+66 -6.27744e+66 -6.27744e+66 57.0732 70.6367 73.6508 114.341 114.341 257.511 266.554 287.653 372.048 466.992 542.345 658.388 784.98 1078.86 1078.86 
-6.27744e+66 -6.27744e+66 -6.27744e+66 -6.27744e+66 -6.27744e+66 -6.27744e+66 -6.27744e+66 -6.27744e+66 -6.27744e+66 -6.27744e+66 -6.27744e+66 -6.27744e+66 -6.27744e+66 57.0732 58.5803 85.7072 85.7072 200.243 207.779 225.863 299.709 384.104 451.921 557.415 673.458 944.728 944.728 
-6.27744e+66 -6.27744e+66 -6.27744e+66 -6.27744e+66 -6.27744e+66 -6.27744e+66 -6.27744e+66 -6.27744e+66 -6.27744e+66 -6.27744e+66 -6.27744e+66 -6.27744e+66 -6.27744e+66 -6.27744e+66 57.0732 70.6367 70.6367 156.539 162.567 177.638 240.934 314.78 375.062 470.006 575.5 824.164 824.164 
-6.27744e+66 -6.27744e+66 -6.27744e+66 -6.27744e+66 -6.27744e+66 -6.27744e+66 -6.27744e+66 -6.27744e+66 -6.27744e+66 -6.27744e+66 -6.27744e+66 -6.27744e+66 -6.27744e+66 -6.27744e+66 -6.27744e+66 57.0732 57.0732 114.341 118.862 130.919 183.666 246.962 299.709 384.104 479.048 705.107 705.107 
-6.27744e+66 -6.27744e+66 -6.27744e+66 -6.27744e+66 -6.27744e+66 -6.27744e+66 -6.27744e+66 -6.27744e+66 -6.27744e+66 -6.27744e+66 -6.27744e+66 -6.27744e+66 -6.27744e+66 -6.27744e+66 -6.27744e+66 -6.27744e+66 57.0732 85.7072 88.7214 97.7637 139.961 192.708 237.92 311.765 396.16 599.613 599.613 
-6.27744e+66 -6.27744e+66 -6.27744e+66 -6.27744e+66 -6.27744e+66 -6.27744e+66 -6.27744e+66 -6.27744e+66 -6.27744e+66 -6.27744e+66 -6.27744e+66 -6.27744e+66 -6.27744e+66 -6.27744e+66 -6.27744e+66 -6.27744e+66 -6.27744e+66 57.0732 58.5803 64.6085 96.2566 138.454 176.131 239.427 313.272 494.119 494.119 
-6.27744e+66 -6.27744e+66 -6.27744e+66 -6.27744e+66 -6.27744e+66 -6.27744e+66 -6.27744e+66 -6.27744e+66 -6.27744e+66 -6.27744e+66 -6.27744e+66 -6.27744e+66 -6.27744e+66 -6.27744e+66 -6.27744e+66 -6.27744e+66 -6.27744e+66 -6.27744e+66 57.0732 60.0873 81.1861 112.834 142.975 195.722 259.018 417.259 417.259 
-6.27744e+66 -6.27744e+66 -6.27744e+66 -6.27744e+66 -6.27744e+66 -6.27744e+66 -6.27744e+66 -6.27744e+66 -6.27744e+66 -6.27744e+66 -6.27744e+66 -6.27744e+66 -6.27744e+66 -6.27744e+66 -6.27744e+66 -6.27744e+66 -6.27744e+66 -6.27744e+66 -6.27744e+66 57.0732 67.6226 88.7214 111.327 153.525 206.272 341.906 341.906 
-6.27744e+66 -6.27744e+66 -6.27744e+66 -6.27744e+66 -6.27744e+66 -6.27744e+66 -6.27744e+66 -6.27744e+66 -6.27744e+66 -6.27744e+66 -6.27744e+66 -6.27744e+66 -6.27744e+66 -6.27744e+66 -6.27744e+66 -6.27744e+66 -6.27744e+66 -6.27744e+66 -6.27744e+66 -6.27744e+66 57.0732 67.6226 82.6931 114.341 156.539 269.568 269.568 
-6.27744e+66 -6.27744e+66 -6.27744e+66 -6.27744e+66 -6.27744e+66 -6.27744e+66 -6.27744e+66 -6.27744e+66 -6.27744e+66 -6.27744e+66 -6.27744e+66 -6.27744e+66 -6.27744e+66 -6.27744e+66 -6.27744e+66 -6.27744e+66 -6.27744e+66 -6.27744e+66 -6.27744e+66 -6.27744e+66 -6.27744e+66 57.0732 64.6085 85.7072 117.355 207.779 207.779 
-6.27744e+66 -6.27744e+66 -6.27744e+66 -6.27744e+66 -6.27744e+66 -6.27744e+66 -6.27744e+66 -6.27744e+66 -6.27744e+66 -6.27744e+66 -6.27744e+66 -6.27744e+66 -6.27744e+66 -6.27744e+66 -6.27744e+66 -6.27744e+66 -6.27744e+66 -6.27744e+66 -6.27744e+66 -6.27744e+66 -6.27744e+66 -6.27744e+66 57.0732 67.6226 88.7214 156.539 156.539 
-6.27744e+66 -6.27744e+66 -6.27744e+66 -6.27744e+66 -6.27744e+66 -6.27744e+66 -6.27744e+66 -6.27744e+66 -6.27744e+66 -6.27744e+66 -6.27744e+66 -6.27744e+66 -6.27744e+66 -6.27744e+66 -6.27744e+66 -6.27744e+66 -6.27744e+66 -6.27744e+66 -6.27744e+66 -6.27744e+66 -6.27744e+66 -6.27744e+66 -6.27744e+66 57.0732 67.6226 112.834 112.834 
-6.27744e+66 -6.27744e+66 -6.27744e+66 -6.27744e+66 -6.27744e+66 -6.27744e+66 -6.27744e+66 -6.27744e+66 -6.27744e+66 -6.27744e+66 -6.27744e+66 -6.27744e+66 -6.27744e+66 -6.27744e+66 -6.27744e+66 -6.27744e+66 -6.27744e+66 -6.27744e+66 -6.27744e+66 -6.27744e+66 -6.27744e+66 -6.27744e+66 -6.27744e+66 -6.27744e+66 57.0732 79.679 79.679 
-6.27744e+66 -6.27744e+66 -6.27744e+66 -6.27744e+66 -6.27744e+66 -6.27744e+66 -6.27744e+66 -6.27744e+66 -6.27744e+66 -6.27744e+66 -6.27744e+66 -6.27744e+66 -6.27744e+66 -6.27744e+66 -6.27744e+66 -6.27744e+66 -6.27744e+66 -6.27744e+66 -6.27744e+66 -6.27744e+66 -6.27744e+66 -6.27744e+66 -6.27744e+66 -6.27744e+66 -6.27744e+66 57.0732 57.0732 
-6.27744e+66 -6.27744e+66 -6.27744e+66 -6.27744e+66 -6.27744e+66 -6.27744e+66 -6.27744e+66 -6.27744e+66 -6.27744e+66 -6.27744e+66 -6.27744e+66 -6.27744e+66 -6.27744e+66 -6.27744e+66 -6.27744e+66 -6.27744e+66 -6.27744e+66 -6.27744e+66 -6.27744e+66 -6.27744e+66 -6.27744e+66 -6.27744e+66 -6.27744e+66 -6.27744e+66 -6.27744e+66 -6.27744e+66 57.0732 
-6.27744e+66 -6.27744e+66 -6.27744e+66 -6.27744e+66 -6.27744e+66 -6.27744e+66 -6.27744e+66 -6.27744e+66 -6.27744e+66 -6.27744e+66 -6.27744e+66 -6.27744e+66 -6.27744e+66 -6.27744e+66 -6.27744e+66 -6.27744e+66 -6.27744e+66 -6.27744e+66 -6.27744e+66 -6.27744e+66 -6.27744e+66 -6.27744e+66 -6.27744e+66 -6.27744e+66 -6.27744e+66 -6.27744e+66 -6.27744e+66 
-6.27744e+66 60.2619 72.3032 77.1198 183.084 215.194 239.276 258.543 449.598 590.884 879.876 1289.28 1306.94 1875.29 1958.78 2206.03 2507.06 3085.05 3180.57 3686.31 3732.07 3796.29 3863.72 4199.27 4346.98 4539.64 4760.4 
-6.27744e+66 -6.27744e+66 60.2619 62.6702 133.313 157.395 176.661 192.717 356.479 480.103 736.985 1105.45 1121.51 1642.49 1719.56 1949.15 2230.11 2771.97 2861.88 3339.52 3382.87 3443.88 3508.1 3828.4 3969.68 4154.32 4366.24 
-6.27744e+66 -6.27744e+66 -6.27744e+66 60.2619 95.5831 111.638 126.088 138.932 275.4 381.364 606.136 933.66 948.11 1421.74 1492.38 1704.31 1965.2 2470.94 2555.23 3004.77 3045.71 3103.51 3164.52 3469.57 3604.43 3781.04 3984.13 
-6.27744e+66 -6.27744e+66 -6.27744e+66 -6.27744e+66 60.2619 68.2894 77.9225 87.5556 196.73 285.034 477.695 764.279 777.123 1203.39 1267.61 1461.87 1702.7 2172.31 2250.98 2672.43 2710.96 2765.55 2823.35 3113.14 3241.58 3410.16 3604.43 
-6.27744e+66 -6.27744e+66 -6.27744e+66 -6.27744e+66 -6.27744e+66 60.2619 65.0784 71.5005 153.382 224.024 384.575 630.219 641.457 1020.36 1078.16 1254.76 1475.52 1909.01 1982.06 2375.41 2411.53 2462.91 2517.5 2792.04 2914.06 3074.61 3260.05 
-6.27744e+66 -6.27744e+66 -6.27744e+66 -6.27744e+66 -6.27744e+66 -6.27744e+66 60.2619 63.4729 118.06 171.042 299.483 504.186 513.819 845.357 896.734 1055.68 1256.37 1653.73 1721.16 2086.42 2120.13 2168.3 2219.68 2478.97 2594.56 2747.09 2923.69 
-6.27744e+66 -6.27744e+66 -6.27744e+66 -6.27744e+66 -6.27744e+66 -6.27744e+66 -6.27744e+66 60.2619 87.5556 122.877 219.208 382.97 390.997 675.173 720.127 861.412 1042.03 1403.27 1465.08 1802.24 1833.55 1878.5 1926.67 2170.71 2279.88 2424.38 2592.15 
-6.27744e+66 -6.27744e+66 -6.27744e+66 -6.27744e+66 -6.27744e+66 -6.27744e+66 -6.27744e+66 -6.27744e+66 60.2619 77.9225 142.143 264.965 271.387 508.2 546.732 670.356 830.908 1156.02 1212.22 1521.28 1550.18 1591.92 1636.87 1865.66 1968.41 2104.88 2263.83 
-6.27744e+66 -6.27744e+66 -6.27744e+66 -6.27744e+66 -6.27744e+66 -6.27744e+66 -6.27744e+66 -6.27744e+66 -6.27744e+66 60.2619 92.3721 174.253 179.07 368.52 400.63 506.594 647.076 936.069 986.642 1267.61 1294.1 1332.63 1374.37 1587.91 1684.24 1812.68 1962.79 
-6.27744e+66 -6.27744e+66 -6.27744e+66 -6.27744e+66 -6.27744e+66 -6.27744e+66 -6.27744e+66 -6.27744e+66 -6.27744e+66 -6.27744e+66 60.2619 101.202 104.413 246.501 272.189 360.493 480.906 733.774 778.728 1031.6 1055.68 1091 1129.53 1327.81 1417.72 1538.14 1679.42 
-6.27744e+66 -6.27744e+66 -6.27744e+66 -6.27744e+66 -6.27744e+66 -6.27744e+66 -6.27744e+66 -6.27744e+66 -6.27744e+66 -6.27744e+66 -6.27744e+66 60.2619 61.8674 156.593 175.859 246.501 346.846 563.59 602.925 827.696 849.371 881.481 916.802 1099.83 1183.32 1295.7 1428.16 
-6.27744e+66 -6.27744e+66 -6.27744e+66 -6.27744e+66 -6.27744e+66 -6.27744e+66 -6.27744e+66 -6.27744e+66 -6.27744e+66 -6.27744e+66 -6.27744e+66 -6.27744e+66 60.2619 107.624 120.469 173.45 253.726 434.346 468.062 664.737 684.003 712.902 745.013 912.789 989.853 1094.21 1217.84 
-6.27744e+66 -6.27744e+66 -6.27744e+66 -6.27744e+66 -6.27744e+66 -6.27744e+66 -6.27744e+66 -6.27744e+66 -6.27744e+66 -6.27744e+66 -6.27744e+66 -6.27744e+66 -6.27744e+66 60.2619 66.6839 102.005 162.212 306.708 334.804 503.383 520.241 545.929 574.828 727.352 797.995 894.325 1009.12 
-6.27744e+66 -6.27744e+66 -6.27744e+66 -6.27744e+66 -6.27744e+66 -6.27744e+66 -6.27744e+66 -6.27744e+66 -6.27744e+66 -6.27744e+66 -6.27744e+66 -6.27744e+66 -6.27744e+66 -6.27744e+66 60.2619 77.9225 118.06 226.432 248.91 389.392 403.841 426.319 452.007 589.278 653.498 741.802 847.765 
-6.27744e+66 -6.27744e+66 -6.27744e+66 -6.27744e+66 -6.27744e+66 -6.27744e+66 -6.27744e+66 -6.27744e+66 -6.27744e+66 -6.27744e+66 -6.27744e+66 -6.27744e+66 -6.27744e+66 -6.27744e+66 -6.27744e+66 60.2619 80.3308 152.579 169.437 281.823 293.864 313.13 335.607 457.626 515.424 595.7 692.834 
-6.27744e+66 -6.27744e+66 -6.27744e+66 -6.27744e+66 -6.27744e+66 -6.27744e+66 -6.27744e+66 -6.27744e+66 -6.27744e+66 -6.27744e+66 -6.27744e+66 -6.27744e+66 -6.27744e+66 -6.27744e+66 -6.27744e+66 -6.27744e+66 60.2619 96.3859 107.624 191.914 201.547 217.602 236.868 343.635 395.011 467.259 555.562 
-6.27744e+66 -6.27744e+66 -6.27744e+66 -6.27744e+66 -6.27744e+66 -6.27744e+66 -6.27744e+66 -6.27744e+66 -6.27744e+66 -6.27744e+66 -6.27744e+66 -6.27744e+66 -6.27744e+66 -6.27744e+66 -6.27744e+66 -6.27744e+66 -6.27744e+66 60.2619 65.8812 122.074 129.299 142.143 158.198 249.712 294.667 358.887 438.36 
-6.27744e+66 -6.27744e+66 -6.27744e+66 -6.27744e+66 -6.27744e+66 -6.27744e+66 -6.27744e+66 -6.27744e+66 -6.27744e+66 -6.27744e+66 -6.27744e+66 -6.27744e+66 -6.27744e+66 -6.27744e+66 -6.27744e+66 -6.27744e+66 -6.27744e+66 -6.27744e+66 60.2619 88.3583 93.1749 102.808 115.652 191.914 230.446 286.639 357.282 
-6.27744e+66 -6.27744e+66 -6.27744e+66 -6.27744e+66 -6.27744e+66 -6.27744e+66 -6.27744e+66 -6.27744e+66 -6.27744e+66 -6.27744e+66 -6.27744e+66 -6.27744e+66 -6.27744e+66 -6.27744e+66 -6.27744e+66 -6.27744e+66 -6.27744e+66 -6.27744e+66 -6.27744e+66 60.2619 62.6702 69.0922 78.7253 139.735 171.845 220.01 281.823 
-6.27744e+66 -6.27744e+66 -6.27744e+66 -6.27744e+66 -6.27744e+66 -6.27744e+66 -6.27744e+66 -6.27744e+66 -6.27744e+66 -6.27744e+66 -6.27744e+66 -6.27744e+66 -6.27744e+66 -6.27744e+66 -6.27744e+66 -6.27744e+66 -6.27744e+66 -6.27744e+66 -6.27744e+66 -6.27744e+66 60.2619 63.4729 69.895 115.652 141.34 181.478 234.46 
-6.27744e+66 -6.27744e+66 -6.27744e+66 -6.27744e+66 -6.27744e+66 -6.27744e+66 -6.27744e+66 -6.27744e+66 -6.27744e+66 -6.27744e+66 -6.27744e+66 -6.27744e+66 -6.27744e+66 -6.27744e+66 -6.27744e+66 -6.27744e+66 -6.27744e+66 -6.27744e+66 -6.27744e+66 -6.27744e+66 -6.27744e+66 60.2619 63.4729 93.9776 113.244 145.354 189.506 
-6.27744e+66 -6.27744e+66 -6.27744e+66 -6.27744e+66 -6.27744e+66 -6.27744e+66 -6.27744e+66 -6.27744e+66 -6.27744e+66 -6.27744e+66 -6.27744e+66 -6.27744e+66 -6.27744e+66 -6.27744e+66 -6.27744e+66 -6.27744e+66 -6.27744e+66 -6.27744e+66 -6.27744e+66 -6.27744e+66 -6.27744e+66 -6.27744e+66 60.2619 75.5142 88.3583 112.441 147.762 
-6.27744e+66 -6.27744e+66 -6.27744e+66 -6.27744e+66 -6.27744e+66 -6.27744e+66 -6.27744e+66 -6.27744e+66 -6.27744e+66 -6.27744e+66 -6.27744e+66 -6.27744e+66 -6.27744e+66 -6.27744e+66 -6.27744e+66 -6.27744e+66 -6.27744e+66 -6.27744e+66 -6.27744e+66 -6.27744e+66 -6.27744e+66 -6.27744e+66 -6.27744e+66 60.2619 66.6839 82.7391 109.23 
-6.27744e+66 -6.27744e+66 -6.27744e+66 -6.27744e+66 -6.27744e+66 -6.27744e+66 -6.27744e+66 -6.27744e+66 -6.27744e+66 -6.27744e+66 -6.27744e+66 -6.27744e+66 -6.27744e+66 -6.27744e+66 -6.27744e+66 -6.27744e+66 -6.27744e+66 -6.27744e+66 -6.27744e+66 -6.27744e+66 -6.27744e+66 -6.27744e+66 -6.27744e+66 -6.27744e+66 60.2619 68.2894 85.9501 
-6.27744e+66 -6.27744e+66 -6.27744e+66 -6.27744e+66 -6.27744e+66 -6.27744e+66 -6.27744e+66 -6.27744e+66 -6.27744e+66 -6.27744e+66 -6.27744e+66 -6.27744e+66 -6.27744e+66 -6.27744e+66 -6.27744e+66 -6.27744e+66 -6.27744e+66 -6.27744e+66 -6.27744e+66 -6.27744e+66 -6.27744e+66 -6.27744e+66 -6.27744e+66 -6.27744e+66 -6.27744e+66 60.2619 69.0922 
-6.27744e+66 -6.27744e+66 -6.27744e+66 -6.27744e+66 -6.27744e+66 -6.27744e+66 -6.27744e+66 -6.27744e+66 -6.27744e+66 -6.27744e+66 -6.27744e+66 -6.27744e+66 -6.27744e+66 -6.27744e+66 -6.27744e+66 -6.27744e+66 -6.27744e+66 -6.27744e+66 -6.27744e+66 -6.27744e+66 -6.27744e+66 -6.27744e+66 -6.27744e+66 -6.27744e+66 -6.27744e+66 -6.27744e+66 60.2619 
-6.27744e+66 -6.27744e+66 -6.27744e+66 -6.27744e+66 -6.27744e+66 -6.27744e+66 -6.27744e+66 -6.27744e+66 -6.27744e+66 -6.27744e+66 -6.27744e+66 -6.27744e+66 -6.27744e+66 -6.27744e+66 -6.27744e+66 -6.27744e+66 -6.27744e+66 -6.27744e+66 -6.27744e+66 -6.27744e+66 -6.27744e+66 -6.27744e+66 -6.27744e+66 -6.27744e+66 -6.27744e+66 -6.27744e+66 -6.27744e+66 
-6.27744e+66 156.919 212.476 312.906 434.705 639.839 842.837 1028.74 1357.81 1400.55 1746.71 2195.44 2324.72 2465.75 2632.42 3155.94 3252.1 3764.93 4200.84 4450.85 4552.35 4787.4 5572.68 5784.22 6570.57 8083.44 8537.51 
-6.27744e+66 -6.27744e+66 156.919 207.134 288.333 442.184 604.582 759.501 1041.56 1078.95 1386.66 1790.51 1908.04 2037.32 2191.17 2677.29 2767.04 3247.82 3658.09 3894.21 3990.37 4213.66 4961.55 5163.48 5915.64 7365.47 7801.38 
-6.27744e+66 -6.27744e+66 -6.27744e+66 156.919 197.518 300.085 421.884 545.819 780.869 812.921 1082.16 1441.15 1546.92 1664.44 1805.47 2254.2 2337.54 2786.27 3170.9 3393.13 3483.94 3695.49 4405.98 4598.29 5316.26 6703.05 7120.8 
-6.27744e+66 -6.27744e+66 -6.27744e+66 -6.27744e+66 156.919 208.202 289.401 382.353 570.393 597.103 827.879 1141.99 1236.01 1341.78 1469.99 1881.33 1958.25 2374.93 2733.92 2942.26 3027.73 3227.52 3900.62 4083.32 4767.1 6090.86 6490.44 
-6.27744e+66 -6.27744e+66 -6.27744e+66 -6.27744e+66 -6.27744e+66 156.919 197.518 259.486 400.516 421.884 614.197 883.436 965.704 1059.72 1175.11 1549.05 1619.57 2004.2 2337.54 2531.99 2612.12 2800.16 3435.86 3608.94 4258.54 5519.26 5900.68 
-6.27744e+66 -6.27744e+66 -6.27744e+66 -6.27744e+66 -6.27744e+66 -6.27744e+66 156.919 187.902 281.922 297.949 451.799 676.165 746.68 828.947 931.514 1268.06 1332.17 1684.74 1992.44 2173 2247.79 2424.08 3022.39 3185.86 3801.26 4998.94 5362.2 
-6.27744e+66 -6.27744e+66 -6.27744e+66 -6.27744e+66 -6.27744e+66 -6.27744e+66 -6.27744e+66 156.919 203.929 214.613 330.001 509.493 568.256 638.771 728.517 1027.67 1085.37 1405.89 1687.95 1854.62 1924.07 2088.6 2649.51 2803.37 3384.58 4519.23 4864.32 
-6.27744e+66 -6.27744e+66 -6.27744e+66 -6.27744e+66 -6.27744e+66 -6.27744e+66 -6.27744e+66 -6.27744e+66 156.919 162.261 239.186 373.805 420.815 479.578 556.503 818.263 869.547 1158.02 1414.43 1567.22 1631.32 1784.1 2307.62 2451.86 2998.88 4070.5 4397.43 
-6.27744e+66 -6.27744e+66 -6.27744e+66 -6.27744e+66 -6.27744e+66 -6.27744e+66 -6.27744e+66 -6.27744e+66 -6.27744e+66 156.919 195.381 285.128 320.385 367.395 431.5 655.865 700.738 957.156 1187.93 1326.83 1385.59 1526.62 2012.74 2147.36 2660.2 3668.78 3977.55 
-6.27744e+66 -6.27744e+66 -6.27744e+66 -6.27744e+66 -6.27744e+66 -6.27744e+66 -6.27744e+66 -6.27744e+66 -6.27744e+66 -6.27744e+66 156.919 201.792 225.297 260.554 311.838 498.809 537.272 761.638 966.772 1091.78 1145.2 1274.47 1723.2 1848.21 2326.86 3272.4 3563 
-6.27744e+66 -6.27744e+66 -6.27744e+66 -6.27744e+66 -6.27744e+66 -6.27744e+66 -6.27744e+66 -6.27744e+66 -6.27744e+66 -6.27744e+66 -6.27744e+66 156.919 168.671 192.176 230.639 380.216 412.268 604.582 784.074 895.189 943.267 1060.79 1472.13 1587.52 2031.97 2914.48 3186.92 
-6.27744e+66 -6.27744e+66 -6.27744e+66 -6.27744e+66 -6.27744e+66 -6.27744e+66 -6.27744e+66 -6.27744e+66 -6.27744e+66 -6.27744e+66 -6.27744e+66 -6.27744e+66 156.919 168.671 194.313 306.496 332.138 492.399 646.25 743.475 786.211 891.983 1265.93 1371.7 1781.97 2601.44 2855.72 
-6.27744e+66 -6.27744e+66 -6.27744e+66 -6.27744e+66 -6.27744e+66 -6.27744e+66 -6.27744e+66 -6.27744e+66 -6.27744e+66 -6.27744e+66 -6.27744e+66 -6.27744e+66 -6.27744e+66 156.919 169.74 244.528 263.759 391.968 520.177 603.513 640.907 734.927 1071.48 1167.63 1543.71 2300.15 2536.26 
-6.27744e+66 -6.27744e+66 -6.27744e+66 -6.27744e+66 -6.27744e+66 -6.27744e+66 -6.27744e+66 -6.27744e+66 -6.27744e+66 -6.27744e+66 -6.27744e+66 -6.27744e+66 -6.27744e+66 -6.27744e+66 156.919 194.313 207.134 303.291 405.858 475.304 507.356 589.624 888.778 975.319 1317.21 2010.61 2228.56 
-6.27744e+66 -6.27744e+66 -6.27744e+66 -6.27744e+66 -6.27744e+66 -6.27744e+66 -6.27744e+66 -6.27744e+66 -6.27744e+66 -6.27744e+66 -6.27744e+66 -6.27744e+66 -6.27744e+66 -6.27744e+66 -6.27744e+66 156.919 163.329 227.434 304.359 359.916 386.626 457.141 718.901 795.827 1103.53 1733.89 1933.68 
-6.27744e+66 -6.27744e+66 -6.27744e+66 -6.27744e+66 -6.27744e+66 -6.27744e+66 -6.27744e+66 -6.27744e+66 -6.27744e+66 -6.27744e+66 -6.27744e+66 -6.27744e+66 -6.27744e+66 -6.27744e+66 -6.27744e+66 -6.27744e+66 156.919 188.971 240.254 281.922 303.291 362.053 586.419 653.728 927.241 1494.57 1676.19 
-6.27744e+66 -6.27744e+66 -6.27744e+66 -6.27744e+66 -6.27744e+66 -6.27744e+66 -6.27744e+66 -6.27744e+66 -6.27744e+66 -6.27744e+66 -6.27744e+66 -6.27744e+66 -6.27744e+66 -6.27744e+66 -6.27744e+66 -6.27744e+66 -6.27744e+66 156.919 182.56 210.339 226.365 273.375 460.347 518.041 757.364 1261.65 1425.12 
-6.27744e+66 -6.27744e+66 -6.27744e+66 -6.27744e+66 -6.27744e+66 -6.27744e+66 -6.27744e+66 -6.27744e+66 -6.27744e+66 -6.27744e+66 -6.27744e+66 -6.27744e+66 -6.27744e+66 -6.27744e+66 -6.27744e+66 -6.27744e+66 -6.27744e+66 -6.27744e+66 156.919 170.808 181.492 216.75 366.327 414.405 619.539 1060.79 1206.1 
-6.27744e+66 -6.27744e+66 -6.27744e+66 -6.27744e+66 -6.27744e+66 -6.27744e+66 -6.27744e+66 -6.27744e+66 -6.27744e+66 -6.27744e+66 -6.27744e+66 -6.27744e+66 -6.27744e+66 -6.27744e+66 -6.27744e+66 -6.27744e+66 -6.27744e+66 -6.27744e+66 -6.27744e+66 156.919 162.261 185.766 297.949 336.411 507.356 885.573 1012.71 
-6.27744e+66 -6.27744e+66 -6.27744e+66 -6.27744e+66 -6.27744e+66 -6.27744e+66 -6.27744e+66 -6.27744e+66 -6.27744e+66 -6.27744e+66 -6.27744e+66 -6.27744e+66 -6.27744e+66 -6.27744e+66 -6.27744e+66 -6.27744e+66 -6.27744e+66 -6.27744e+66 -6.27744e+66 -6.27744e+66 156.919 168.671 243.46 272.307 409.063 724.243 833.221 
-6.27744e+66 -6.27744e+66 -6.27744e+66 -6.27744e+66 -6.27744e+66 -6.27744e+66 -6.27744e+66 -6.27744e+66 -6.27744e+66 -6.27744e+66 -6.27744e+66 -6.27744e+66 -6.27744e+66 -6.27744e+66 -6.27744e+66 -6.27744e+66 -6.27744e+66 -6.27744e+66 -6.27744e+66 -6.27744e+66 -6.27744e+66 156.919 194.313 213.544 316.111 568.256 659.07 
-6.27744e+66 -6.27744e+66 -6.27744e+66 -6.27744e+66 -6.27744e+66 -6.27744e+66 -6.27744e+66 -6.27744e+66 -6.27744e+66 -6.27744e+66 -6.27744e+66 -6.27744e+66 -6.27744e+66 -6.27744e+66 -6.27744e+66 -6.27744e+66 -6.27744e+66 -6.27744e+66 -6.27744e+66 -6.27744e+66 -6.27744e+66 -6.27744e+66 156.919 166.534 234.912 424.021 496.672 
-6.27744e+66 -6.27744e+66 -6.27744e+66 -6.27744e+66 -6.27744e+66 -6.27744e+66 -6.27744e+66 -6.27744e+66 -6.27744e+66 -6.27744e+66 -6.27744e+66 -6.27744e+66 -6.27744e+66 -6.27744e+66 -6.27744e+66 -6.27744e+66 -6.27744e+66 -6.27744e+66 -6.27744e+66 -6.27744e+66 -6.27744e+66 -6.27744e+66 -6.27744e+66 156.919 191.108 317.18 371.669 
-6.27744e+66 -6.27744e+66 -6.27744e+66 -6.27744e+66 -6.27744e+66 -6.27744e+66 -6.27744e+66 -6.27744e+66 -6.27744e+66 -6.27744e+66 -6.27744e+66 -6.27744e+66 -6.27744e+66 -6.27744e+66 -6.27744e+66 -6.27744e+66 -6.27744e+66 -6.27744e+66 -6.27744e+66 -6.27744e+66 -6.27744e+66 -6.27744e+66 -6.27744e+66 -6.27744e+66 156.919 219.955 256.281 
-6.27744e+66 -6.27744e+66 -6.27744e+66 -6.27744e+66 -6.27744e+66 -6.27744e+66 -6.27744e+66 -6.27744e+66 -6.27744e+66 -6.27744e+66 -6.27744e+66 -6.27744e+66 -6.27744e+66 -6.27744e+66 -6.27744e+66 -6.27744e+66 -6.27744e+66 -6.27744e+66 -6.27744e+66 -6.27744e+66 -6.27744e+66 -6.27744e+66 -6.27744e+66 -6.27744e+66 -6.27744e+66 156.919 175.082 
-6.27744e+66 -6.27744e+66 -6.27744e+66 -6.27744e+66 -6.27744e+66 -6.27744e+66 -6.27744e+66 -6.27744e+66 -6.27744e+66 -6.27744e+66 -6.27744e+66 -6.27744e+66 -6.27744e+66 -6.27744e+66 -6.27744e+66 -6.27744e+66 -6.27744e+66 -6.27744e+66 -6.27744e+66 -6.27744e+66 -6.27744e+66 -6.27744e+66 -6.27744e+66 -6.27744e+66 -6.27744e+66 -6.27744e+66 156.919 
-6.27744e+66 -6.27744e+66 -6.27744e+66 -6.27744e+66 -6.27744e+66 -6.27744e+66 -6.27744e+66 -6.27744e+66 -6.27744e+66 -6.27744e+66 -6.27744e+66 -6.27744e+66 -6.27744e+66 -6.27744e+66 -6.27744e+66 -6.27744e+66 -6.27744e+66 -6.27744e+66 -6.27744e+66 -6.27744e+66 -6.27744e+66 -6.27744e+66 -6.27744e+66 -6.27744e+66 -6.27744e+66 -6.27744e+66 -6.27744e+66 
-6.27744e+66 66.3672 84.8402 97.1555 238.782 279.833 355.093 576.769 773.13 970.175 1179.54 1323.21 1533.94 1903.4 2170.23 2189.39 2281.76 2971.41 3320.35 4046.95 4410.94 4753.03 5083.49 5670.52 6488.81 6620.17 6945.16 
-6.27744e+66 -6.27744e+66 66.3672 72.5249 166.942 197.731 257.939 442.669 610.978 783.393 969.491 1098.8 1290.37 1629.04 1875.35 1893.14 1979.35 2625.9 2954.31 3640.55 3985.38 4310.36 4625.09 5185.44 5968.14 6094.03 6406.02 
-6.27744e+66 -6.27744e+66 -6.27744e+66 66.3672 113.576 134.101 179.258 327.042 467.299 615.083 777.919 892.862 1065.28 1373.16 1598.94 1615.36 1695.41 2298.86 2606.74 3252.61 3578.29 3886.17 4185.16 4718.82 5465.95 5586.37 5885.36 
-6.27744e+66 -6.27744e+66 -6.27744e+66 -6.27744e+66 66.3672 76.63 106.734 217.572 329.778 452.931 592.505 693.08 846.337 1123.43 1328.69 1343.74 1417.63 1977.98 2265.34 2870.84 3177.35 3468.13 3751.38 4258.37 4969.92 5084.86 5370.85 
-6.27744e+66 -6.27744e+66 -6.27744e+66 -6.27744e+66 -6.27744e+66 66.3672 81.4193 155.311 239.466 337.988 454.3 540.507 674.607 920.914 1105.64 1119.33 1187.06 1704.3 1971.14 2536.27 2823.63 3097.3 3364.82 3845.12 4521.09 4630.56 4903.55 
-6.27744e+66 -6.27744e+66 -6.27744e+66 -6.27744e+66 -6.27744e+66 -6.27744e+66 66.3672 103.313 159.416 233.308 326.357 398.197 513.14 728.658 892.862 905.177 966.754 1440.89 1687.2 2211.97 2480.17 2736.74 2988.52 3442.13 4082.53 4186.53 4446.52 
-6.27744e+66 -6.27744e+66 -6.27744e+66 -6.27744e+66 -6.27744e+66 -6.27744e+66 -6.27744e+66 66.3672 94.4188 143.68 213.467 270.938 366.724 551.454 695.133 706.08 761.499 1192.53 1418.32 1902.72 2151.76 2391.23 2627.27 3054.2 3659.02 3757.54 4004.53 
-6.27744e+66 -6.27744e+66 -6.27744e+66 -6.27744e+66 -6.27744e+66 -6.27744e+66 -6.27744e+66 -6.27744e+66 66.3672 90.9979 137.522 180.626 257.255 411.196 534.349 543.928 593.189 981.122 1186.38 1630.41 1860.3 2082.66 2302.97 2703.21 3272.46 3365.5 3599.5 
-6.27744e+66 -6.27744e+66 -6.27744e+66 -6.27744e+66 -6.27744e+66 -6.27744e+66 -6.27744e+66 -6.27744e+66 -6.27744e+66 66.3672 89.6295 118.365 175.837 298.99 401.618 409.828 452.931 797.76 982.49 1386.16 1596.89 1802.14 2006.71 2380.28 2913.94 3001.52 3222.51 
-6.27744e+66 -6.27744e+66 -6.27744e+66 -6.27744e+66 -6.27744e+66 -6.27744e+66 -6.27744e+66 -6.27744e+66 -6.27744e+66 -6.27744e+66 66.3672 80.7351 119.049 211.414 293.516 300.358 337.304 639.03 803.234 1166.54 1358.11 1546.26 1735.09 2081.97 2580.06 2662.16 2870.16 
-6.27744e+66 -6.27744e+66 -6.27744e+66 -6.27744e+66 -6.27744e+66 -6.27744e+66 -6.27744e+66 -6.27744e+66 -6.27744e+66 -6.27744e+66 -6.27744e+66 66.3672 85.5244 147.101 208.678 214.151 244.939 503.561 647.24 970.175 1142.59 1313.64 1486.73 1806.93 2269.44 2346.07 2541.06 
-6.27744e+66 -6.27744e+66 -6.27744e+66 -6.27744e+66 -6.27744e+66 -6.27744e+66 -6.27744e+66 -6.27744e+66 -6.27744e+66 -6.27744e+66 -6.27744e+66 -6.27744e+66 66.3672 97.1555 138.207 142.312 166.942 382.46 505.614 788.182 941.439 1095.38 1252.74 1546.26 1973.19 2044.34 2226.34 
-6.27744e+66 -6.27744e+66 -6.27744e+66 -6.27744e+66 -6.27744e+66 -6.27744e+66 -6.27744e+66 -6.27744e+66 -6.27744e+66 -6.27744e+66 -6.27744e+66 -6.27744e+66 -6.27744e+66 66.3672 86.8928 89.6295 108.102 280.517 383.145 625.346 759.446 896.283 1037.91 1304.74 1696.09 1761.78 1930.77 
-6.27744e+66 -6.27744e+66 -6.27744e+66 -6.27744e+66 -6.27744e+66 -6.27744e+66 -6.27744e+66 -6.27744e+66 -6.27744e+66 -6.27744e+66 -6.27744e+66 -6.27744e+66 -6.27744e+66 -6.27744e+66 66.3672 67.7356 80.0509 209.362 291.464 493.298 608.241 727.974 853.864 1094.01 1449.79 1510 1665.99 
-6.27744e+66 -6.27744e+66 -6.27744e+66 -6.27744e+66 -6.27744e+66 -6.27744e+66 -6.27744e+66 -6.27744e+66 -6.27744e+66 -6.27744e+66 -6.27744e+66 -6.27744e+66 -6.27744e+66 -6.27744e+66 -6.27744e+66 66.3672 72.5249 158.732 220.309 381.776 477.562 580.19 690.343 903.809 1224.01 1278.74 1421.74 
-6.27744e+66 -6.27744e+66 -6.27744e+66 -6.27744e+66 -6.27744e+66 -6.27744e+66 -6.27744e+66 -6.27744e+66 -6.27744e+66 -6.27744e+66 -6.27744e+66 -6.27744e+66 -6.27744e+66 -6.27744e+66 -6.27744e+66 -6.27744e+66 66.3672 109.471 150.522 271.623 348.251 433.774 528.192 714.974 999.595 1048.86 1178.85 
-6.27744e+66 -6.27744e+66 -6.27744e+66 -6.27744e+66 -6.27744e+66 -6.27744e+66 -6.27744e+66 -6.27744e+66 -6.27744e+66 -6.27744e+66 -6.27744e+66 -6.27744e+66 -6.27744e+66 -6.27744e+66 -6.27744e+66 -6.27744e+66 -6.27744e+66 66.3672 86.8928 167.627 225.098 293.516 372.198 532.297 781.34 825.128 942.123 
-6.27744e+66 -6.27744e+66 -6.27744e+66 -6.27744e+66 -6.27744e+66 -6.27744e+66 -6.27744e+66 -6.27744e+66 -6.27744e+66 -6.27744e+66 -6.27744e+66 -6.27744e+66 -6.27744e+66 -6.27744e+66 -6.27744e+66 -6.27744e+66 -6.27744e+66 -6.27744e+66 66.3672 106.734 145.048 196.362 259.307 392.723 606.189 644.503 748.499 
-6.27744e+66 -6.27744e+66 -6.27744e+66 -6.27744e+66 -6.27744e+66 -6.27744e+66 -6.27744e+66 -6.27744e+66 -6.27744e+66 -6.27744e+66 -6.27744e+66 -6.27744e+66 -6.27744e+66 -6.27744e+66 -6.27744e+66 -6.27744e+66 -6.27744e+66 -6.27744e+66 -6.27744e+66 66.3672 85.5244 119.734 166.942 273.675 451.563 484.404 575.4 
-6.27744e+66 -6.27744e+66 -6.27744e+66 -6.27744e+66 -6.27744e+66 -6.27744e+66 -6.27744e+66 -6.27744e+66 -6.27744e+66 -6.27744e+66 -6.27744e+66 -6.27744e+66 -6.27744e+66 -6.27744e+66 -6.27744e+66 -6.27744e+66 -6.27744e+66 -6.27744e+66 -6.27744e+66 -6.27744e+66 66.3672 83.4719 114.944 194.994 337.304 364.672 442.669 
-6.27744e+66 -6.27744e+66 -6.27744e+66 -6.27744e+66 -6.27744e+66 -6.27744e+66 -6.27744e+66 -6.27744e+66 -6.27744e+66 -6.27744e+66 -6.27744e+66 -6.27744e+66 -6.27744e+66 -6.27744e+66 -6.27744e+66 -6.27744e+66 -6.27744e+66 -6.27744e+66 -6.27744e+66 -6.27744e+66 -6.27744e+66 66.3672 82.1035 135.47 242.203 264.097 329.094 
-6.27744e+66 -6.27744e+66 -6.27744e+66 -6.27744e+66 -6.27744e+66 -6.27744e+66 -6.27744e+66 -6.27744e+66 -6.27744e+66 -6.27744e+66 -6.27744e+66 -6.27744e+66 -6.27744e+66 -6.27744e+66 -6.27744e+66 -6.27744e+66 -6.27744e+66 -6.27744e+66 -6.27744e+66 -6.27744e+66 -6.27744e+66 -6.27744e+66 66.3672 93.0504 164.206 180.626 232.624 
-6.27744e+66 -6.27744e+66 -6.27744e+66 -6.27744e+66 -6.27744e+66 -6.27744e+66 -6.27744e+66 -6.27744e+66 -6.27744e+66 -6.27744e+66 -6.27744e+66 -6.27744e+66 -6.27744e+66 -6.27744e+66 -6.27744e+66 -6.27744e+66 -6.27744e+66 -6.27744e+66 -6.27744e+66 -6.27744e+66 -6.27744e+66 -6.27744e+66 -6.27744e+66 66.3672 101.945 112.892 151.89 
-6.27744e+66 -6.27744e+66 -6.27744e+66 -6.27744e+66 -6.27744e+66 -6.27744e+66 -6.27744e+66 -6.27744e+66 -6.27744e+66 -6.27744e+66 -6.27744e+66 -6.27744e+66 -6.27744e+66 -6.27744e+66 -6.27744e+66 -6.27744e+66 -6.27744e+66 -6.27744e+66 -6.27744e+66 -6.27744e+66 -6.27744e+66 -6.27744e+66 -6.27744e+66 -6.27744e+66 66.3672 71.8407 97.8397 
-6.27744e+66 -6.27744e+66 -6.27744e+66 -6.27744e+66 -6.27744e+66 -6.27744e+66 -6.27744e+66 -6.27744e+66 -6.27744e+66 -6.27744e+66 -6.27744e+66 -6.27744e+66 -6.27744e+66 -6.27744e+66 -6.27744e+66 -6.27744e+66 -6.27744e+66 -6.27744e+66 -6.27744e+66 -6.27744e+66 -6.27744e+66 -6.27744e+66 -6.27744e+66 -6.27744e+66 -6.27744e+66 66.3672 79.3667 
-6.27744e+66 -6.27744e+66 -6.27744e+66 -6.27744e+66 -6.27744e+66 -6.27744e+66 -6.27744e+66 -6.27744e+66 -6.27744e+66 -6.27744e+66 -6.27744e+66 -6.27744e+66 -6.27744e+66 -6.27744e+66 -6.27744e+66 -6.27744e+66 -6.27744e+66 -6.27744e+66 -6.27744e+66 -6.27744e+66 -6.27744e+66 -6.27744e+66 -6.27744e+66 -6.27744e+66 -6.27744e+66 -6.27744e+66 66.3672 
-6.27744e+66 -6.27744e+66 -6.27744e+66 -6.27744e+66 -6.27744e+66 -6.27744e+66 -6.27744e+66 -6.27744e+66 -6.27744e+66 -6.27744e+66 -6.27744e+66 -6.27744e+66 -6.27744e+66 -6.27744e+66 -6.27744e+66 -6.27744e+66 -6.27744e+66 -6.27744e+66 -6.27744e+66 -6.27744e+66 -6.27744e+66 -6.27744e+66 -6.27744e+66 -6.27744e+66 -6.27744e+66 -6.27744e+66 -6.27744e+66 
-6.27744e+66 3.11507 20.0902 59.2635 90.6022 90.6022 123.247 326.948 363.51 384.402 454.914 546.319 747.408 919.771 1106.5 1398.99 1398.99 1628.81 1850.79 2414.89 2563.75 2798.79 3018.16 3563.97 4194.66 4915.45 4948.1 
-6.27744e+66 -6.27744e+66 3.11507 22.7017 43.5942 43.5942 69.7097 239.461 270.8 289.08 351.758 434.022 616.831 774.83 947.192 1218.79 1218.79 1434.25 1643.17 2175.93 2316.95 2540.24 2749.17 3270.17 3873.44 4564.2 4595.54 
-6.27744e+66 -6.27744e+66 -6.27744e+66 3.11507 13.5613 13.5613 33.148 168.949 195.064 210.734 265.576 338.7 503.228 646.864 804.863 1055.57 1055.57 1256.66 1452.53 1953.95 2087.14 2298.67 2497.15 2993.35 3569.19 4229.92 4259.95 
-6.27744e+66 -6.27744e+66 -6.27744e+66 -6.27744e+66 3.11507 3.11507 16.1729 118.024 138.916 151.974 198.982 262.965 409.212 538.484 682.12 911.936 911.936 1098.66 1281.47 1751.55 1876.91 2076.69 2264.72 2736.11 3284.53 3915.23 3943.95 
-6.27744e+66 -6.27744e+66 -6.27744e+66 -6.27744e+66 -6.27744e+66 3.11507 9.64396 77.5444 93.2137 103.66 142.833 197.676 325.642 440.551 569.823 778.747 778.747 951.11 1120.86 1559.6 1677.12 1865.15 2042.74 2489.32 3010.32 3610.98 3638.4 
-6.27744e+66 -6.27744e+66 -6.27744e+66 -6.27744e+66 -6.27744e+66 -6.27744e+66 3.11507 37.0653 47.5115 55.3462 86.6849 132.387 242.072 342.617 457.526 645.558 645.558 803.557 960.25 1367.65 1477.34 1653.62 1820.76 2242.52 2736.11 3306.73 3332.85 
-6.27744e+66 -6.27744e+66 -6.27744e+66 -6.27744e+66 -6.27744e+66 -6.27744e+66 -6.27744e+66 3.11507 8.33818 13.5613 37.0653 73.6271 165.032 251.213 351.758 518.897 518.897 662.533 806.168 1182.23 1284.08 1448.61 1605.3 2002.26 2468.42 3009.02 3033.83 
-6.27744e+66 -6.27744e+66 -6.27744e+66 -6.27744e+66 -6.27744e+66 -6.27744e+66 -6.27744e+66 -6.27744e+66 3.11507 5.72663 21.396 48.8173 121.941 193.759 279.94 426.187 426.187 555.459 686.037 1030.76 1124.78 1277.55 1423.8 1795.95 2234.69 2745.25 2768.75 
-6.27744e+66 -6.27744e+66 -6.27744e+66 -6.27744e+66 -6.27744e+66 -6.27744e+66 -6.27744e+66 -6.27744e+66 -6.27744e+66 3.11507 10.9497 29.2306 84.0733 141.528 213.345 338.7 338.7 453.608 571.128 884.515 970.696 1111.72 1247.52 1594.86 2006.18 2486.7 2508.9 
-6.27744e+66 -6.27744e+66 -6.27744e+66 -6.27744e+66 -6.27744e+66 -6.27744e+66 -6.27744e+66 -6.27744e+66 -6.27744e+66 -6.27744e+66 3.11507 12.2555 48.8173 91.908 149.362 253.824 253.824 354.369 458.832 740.88 819.226 948.498 1073.85 1396.38 1780.28 2230.77 2251.66 
-6.27744e+66 -6.27744e+66 -6.27744e+66 -6.27744e+66 -6.27744e+66 -6.27744e+66 -6.27744e+66 -6.27744e+66 -6.27744e+66 -6.27744e+66 -6.27744e+66 3.11507 21.396 50.1231 93.2137 176.784 176.784 262.965 354.369 605.079 675.591 793.111 908.019 1205.74 1562.21 1982.67 2002.26 
-6.27744e+66 -6.27744e+66 -6.27744e+66 -6.27744e+66 -6.27744e+66 -6.27744e+66 -6.27744e+66 -6.27744e+66 -6.27744e+66 -6.27744e+66 -6.27744e+66 -6.27744e+66 3.11507 17.4786 46.2057 108.883 108.883 180.701 259.048 478.418 541.096 646.864 751.326 1024.23 1353.29 1743.72 1762 
-6.27744e+66 -6.27744e+66 -6.27744e+66 -6.27744e+66 -6.27744e+66 -6.27744e+66 -6.27744e+66 -6.27744e+66 -6.27744e+66 -6.27744e+66 -6.27744e+66 -6.27744e+66 -6.27744e+66 3.11507 17.4786 59.2635 59.2635 116.718 182.007 370.039 424.881 518.897 612.913 861.011 1162.65 1523.04 1540.02 
-6.27744e+66 -6.27744e+66 -6.27744e+66 -6.27744e+66 -6.27744e+66 -6.27744e+66 -6.27744e+66 -6.27744e+66 -6.27744e+66 -6.27744e+66 -6.27744e+66 -6.27744e+66 -6.27744e+66 -6.27744e+66 3.11507 24.0075 24.0075 67.0982 119.329 276.023 323.031 405.295 488.864 712.152 986.366 1316.73 1332.4 
-6.27744e+66 -6.27744e+66 -6.27744e+66 -6.27744e+66 -6.27744e+66 -6.27744e+66 -6.27744e+66 -6.27744e+66 -6.27744e+66 -6.27744e+66 -6.27744e+66 -6.27744e+66 -6.27744e+66 -6.27744e+66 -6.27744e+66 3.11507 3.11507 31.8422 71.0155 196.37 235.544 306.056 379.179 577.657 824.449 1124.78 1139.14 
-6.27744e+66 -6.27744e+66 -6.27744e+66 -6.27744e+66 -6.27744e+66 -6.27744e+66 -6.27744e+66 -6.27744e+66 -6.27744e+66 -6.27744e+66 -6.27744e+66 -6.27744e+66 -6.27744e+66 -6.27744e+66 -6.27744e+66 -6.27744e+66 3.11507 17.4786 43.5942 137.61 168.949 227.709 290.386 464.055 683.425 953.721 966.779 
-6.27744e+66 -6.27744e+66 -6.27744e+66 -6.27744e+66 -6.27744e+66 -6.27744e+66 -6.27744e+66 -6.27744e+66 -6.27744e+66 -6.27744e+66 -6.27744e+66 -6.27744e+66 -6.27744e+66 -6.27744e+66 -6.27744e+66 -6.27744e+66 -6.27744e+66 3.11507 16.1729 78.8502 102.354 149.362 201.593 350.452 542.401 782.664 794.416 
-6.27744e+66 -6.27744e+66 -6.27744e+66 -6.27744e+66 -6.27744e+66 -6.27744e+66 -6.27744e+66 -6.27744e+66 -6.27744e+66 -6.27744e+66 -6.27744e+66 -6.27744e+66 -6.27744e+66 -6.27744e+66 -6.27744e+66 -6.27744e+66 -6.27744e+66 -6.27744e+66 3.11507 34.4537 50.1231 85.3791 127.164 251.213 415.741 625.971 636.417 
-6.27744e+66 -6.27744e+66 -6.27744e+66 -6.27744e+66 -6.27744e+66 -6.27744e+66 -6.27744e+66 -6.27744e+66 -6.27744e+66 -6.27744e+66 -6.27744e+66 -6.27744e+66 -6.27744e+66 -6.27744e+66 -6.27744e+66 -6.27744e+66 -6.27744e+66 -6.27744e+66 -6.27744e+66 3.11507 10.9497 34.4537 65.7924 165.032 302.138 482.336 491.476 
-6.27744e+66 -6.27744e+66 -6.27744e+66 -6.27744e+66 -6.27744e+66 -6.27744e+66 -6.27744e+66 -6.27744e+66 -6.27744e+66 -6.27744e+66 -6.27744e+66 -6.27744e+66 -6.27744e+66 -6.27744e+66 -6.27744e+66 -6.27744e+66 -6.27744e+66 -6.27744e+66 -6.27744e+66 -6.27744e+66 3.11507 14.8671 35.7595 110.189 219.874 370.039 377.873 
-6.27744e+66 -6.27744e+66 -6.27744e+66 -6.27744e+66 -6.27744e+66 -6.27744e+66 -6.27744e+66 -6.27744e+66 -6.27744e+66 -6.27744e+66 -6.27744e+66 -6.27744e+66 -6.27744e+66 -6.27744e+66 -6.27744e+66 -6.27744e+66 -6.27744e+66 -6.27744e+66 -6.27744e+66 -6.27744e+66 -6.27744e+66 3.11507 13.5613 63.1809 145.445 265.576 272.105 
-6.27744e+66 -6.27744e+66 -6.27744e+66 -6.27744e+66 -6.27744e+66 -6.27744e+66 -6.27744e+66 -6.27744e+66 -6.27744e+66 -6.27744e+66 -6.27744e+66 -6.27744e+66 -6.27744e+66 -6.27744e+66 -6.27744e+66 -6.27744e+66 -6.27744e+66 -6.27744e+66 -6.27744e+66 -6.27744e+66 -6.27744e+66 -6.27744e+66 3.11507 27.9249 82.7675 172.866 178.089 
-6.27744e+66 -6.27744e+66 -6.27744e+66 -6.27744e+66 -6.27744e+66 -6.27744e+66 -6.27744e+66 -6.27744e+66 -6.27744e+66 -6.27744e+66 -6.27744e+66 -6.27744e+66 -6.27744e+66 -6.27744e+66 -6.27744e+66 -6.27744e+66 -6.27744e+66 -6.27744e+66 -6.27744e+66 -6.27744e+66 -6.27744e+66 -6.27744e+66 -6.27744e+66 3.11507 30.5364 90.6022 94.5195 
-6.27744e+66 -6.27744e+66 -6.27744e+66 -6.27744e+66 -6.27744e+66 -6.27744e+66 -6.27744e+66 -6.27744e+66 -6.27744e+66 -6.27744e+66 -6.27744e+66 -6.27744e+66 -6.27744e+66 -6.27744e+66 -6.27744e+66 -6.27744e+66 -6.27744e+66 -6.27744e+66 -6.27744e+66 -6.27744e+66 -6.27744e+66 -6.27744e+66 -6.27744e+66 -6.27744e+66 3.11507 33.148 35.7595 
-6.27744e+66 -6.27744e+66 -6.27744e+66 -6.27744e+66 -6.27744e+66 -6.27744e+66 -6.27744e+66 -6.27744e+66 -6.27744e+66 -6.27744e+66 -6.27744e+66 -6.27744e+66 -6.27744e+66 -6.27744e+66 -6.27744e+66 -6.27744e+66 -6.27744e+66 -6.27744e+66 -6.27744e+66 -6.27744e+66 -6.27744e+66 -6.27744e+66 -6.27744e+66 -6.27744e+66 -6.27744e+66 3.11507 4.42085 
-6.27744e+66 -6.27744e+66 -6.27744e+66 -6.27744e+66 -6.27744e+66 -6.27744e+66 -6.27744e+66 -6.27744e+66 -6.27744e+66 -6.27744e+66 -6.27744e+66 -6.27744e+66 -6.27744e+66 -6.27744e+66 -6.27744e+66 -6.27744e+66 -6.27744e+66 -6.27744e+66 -6.27744e+66 -6.27744e+66 -6.27744e+66 -6.27744e+66 -6.27744e+66 -6.27744e+66 -6.27744e+66 -6.27744e+66 3.11507 
-6.27744e+66 -6.27744e+66 -6.27744e+66 -6.27744e+66 -6.27744e+66 -6.27744e+66 -6.27744e+66 -6.27744e+66 -6.27744e+66 -6.27744e+66 -6.27744e+66 -6.27744e+66 -6.27744e+66 -6.27744e+66 -6.27744e+66 -6.27744e+66 -6.27744e+66 -6.27744e+66 -6.27744e+66 -6.27744e+66 -6.27744e+66 -6.27744e+66 -6.27744e+66 -6.27744e+66 -6.27744e+66 -6.27744e+66 -6.27744e+66 
-6.27744e+66 200.257 265.772 344.843 382.119 382.119 619.33 1025.98 1105.05 1159.27 1535.42 1975.95 2000.8 2529.44 3190.25 3838.62 4025 4494.91 5378.24 5561.23 5947.54 6376.78 6447.94 7566.23 7955.93 8687.89 9111.49 
-6.27744e+66 -6.27744e+66 200.257 239.792 264.643 264.643 454.412 793.284 861.059 908.501 1242.86 1639.34 1661.93 2146.52 2756.49 3358.55 3532.51 3973.04 4804.41 4977.24 5343.22 5751 5818.77 6886.22 7258.98 7960.45 8367.09 
-6.27744e+66 -6.27744e+66 -6.27744e+66 200.257 212.682 212.682 355.009 626.107 682.586 723.251 1015.81 1368.24 1388.57 1829.11 2388.25 2944 3105.53 3516.69 4296.1 4458.76 4804.41 5190.73 5255.11 6271.73 6627.55 7298.52 7688.22 
-6.27744e+66 -6.27744e+66 -6.27744e+66 -6.27744e+66 200.257 200.257 295.141 498.465 543.648 577.535 828.301 1136.68 1154.75 1551.23 2059.54 2568.98 2718.08 3099.88 3827.33 3979.82 4305.14 4669.99 4730.99 5696.78 6035.65 6676.12 7048.88 
-6.27744e+66 -6.27744e+66 -6.27744e+66 -6.27744e+66 -6.27744e+66 200.257 247.699 383.248 417.136 444.245 653.217 917.538 933.352 1285.78 1743.26 2206.38 2343.06 2695.49 3370.98 3513.3 3818.29 4161.68 4219.29 5134.25 5456.18 6066.15 6421.96 
-6.27744e+66 -6.27744e+66 -6.27744e+66 -6.27744e+66 -6.27744e+66 -6.27744e+66 200.257 268.031 290.623 310.955 478.133 698.4 711.955 1020.33 1426.98 1843.79 1968.04 2291.1 2914.63 3046.79 3331.44 3653.37 3707.59 4571.72 4876.7 5456.18 5795.05 
-6.27744e+66 -6.27744e+66 -6.27744e+66 -6.27744e+66 -6.27744e+66 -6.27744e+66 -6.27744e+66 200.257 211.553 225.108 350.491 526.704 538 802.321 1158.14 1528.64 1640.47 1934.16 2505.72 2627.72 2892.04 3192.5 3243.34 4056.63 4344.67 4893.65 5215.58 
-6.27744e+66 -6.27744e+66 -6.27744e+66 -6.27744e+66 -6.27744e+66 -6.27744e+66 -6.27744e+66 -6.27744e+66 200.257 207.034 290.623 422.783 431.82 652.087 957.073 1281.26 1380.66 1644.99 2164.59 2276.42 2520.41 2799.41 2846.85 3609.32 3880.42 4398.89 4703.88 
-6.27744e+66 -6.27744e+66 -6.27744e+66 -6.27744e+66 -6.27744e+66 -6.27744e+66 -6.27744e+66 -6.27744e+66 -6.27744e+66 200.257 242.051 330.158 336.936 513.15 767.304 1045.18 1132.16 1367.11 1834.75 1936.42 2160.07 2417.62 2461.67 3173.3 3427.46 3915.43 4203.48 
-6.27744e+66 -6.27744e+66 -6.27744e+66 -6.27744e+66 -6.27744e+66 -6.27744e+66 -6.27744e+66 -6.27744e+66 -6.27744e+66 -6.27744e+66 200.257 244.31 248.829 380.989 584.313 815.876 890.428 1096.01 1511.7 1603.19 1806.51 2042.6 2083.26 2744.06 2981.27 3438.75 3709.85 
-6.27744e+66 -6.27744e+66 -6.27744e+66 -6.27744e+66 -6.27744e+66 -6.27744e+66 -6.27744e+66 -6.27744e+66 -6.27744e+66 -6.27744e+66 -6.27744e+66 200.257 202.516 290.623 443.116 628.366 690.493 866.707 1230.43 1311.76 1494.75 1709.37 1746.65 2356.62 2576.89 3003.87 3258.02 
-6.27744e+66 -6.27744e+66 -6.27744e+66 -6.27744e+66 -6.27744e+66 -6.27744e+66 -6.27744e+66 -6.27744e+66 -6.27744e+66 -6.27744e+66 -6.27744e+66 -6.27744e+66 200.257 244.31 345.972 484.91 534.611 681.456 993.22 1064.38 1227.04 1420.2 1454.09 2013.23 2216.55 2613.03 2850.24 
-6.27744e+66 -6.27744e+66 -6.27744e+66 -6.27744e+66 -6.27744e+66 -6.27744e+66 -6.27744e+66 -6.27744e+66 -6.27744e+66 -6.27744e+66 -6.27744e+66 -6.27744e+66 -6.27744e+66 200.257 251.088 343.713 380.989 498.465 758.268 819.265 961.591 1133.29 1163.79 1672.09 1858.48 2224.46 2444.73 
-6.27744e+66 -6.27744e+66 -6.27744e+66 -6.27744e+66 -6.27744e+66 -6.27744e+66 -6.27744e+66 -6.27744e+66 -6.27744e+66 -6.27744e+66 -6.27744e+66 -6.27744e+66 -6.27744e+66 -6.27744e+66 200.257 246.569 271.42 359.527 567.369 618.2 740.194 890.428 917.538 1375.02 1544.45 1879.94 2083.26 
-6.27744e+66 -6.27744e+66 -6.27744e+66 -6.27744e+66 -6.27744e+66 -6.27744e+66 -6.27744e+66 -6.27744e+66 -6.27744e+66 -6.27744e+66 -6.27744e+66 -6.27744e+66 -6.27744e+66 -6.27744e+66 -6.27744e+66 200.257 212.682 271.42 427.302 467.966 569.628 698.4 722.121 1128.77 1281.26 1586.25 1772.63 
-6.27744e+66 -6.27744e+66 -6.27744e+66 -6.27744e+66 -6.27744e+66 -6.27744e+66 -6.27744e+66 -6.27744e+66 -6.27744e+66 -6.27744e+66 -6.27744e+66 -6.27744e+66 -6.27744e+66 -6.27744e+66 -6.27744e+66 -6.27744e+66 200.257 229.626 333.547 364.045 445.375 552.685 573.017 928.834 1064.38 1338.87 1508.31 
-6.27744e+66 -6.27744e+66 -6.27744e+66 -6.27744e+66 -6.27744e+66 -6.27744e+66 -6.27744e+66 -6.27744e+66 -6.27744e+66 -6.27744e+66 -6.27744e+66 -6.27744e+66 -6.27744e+66 -6.27744e+66 -6.27744e+66 -6.27744e+66 -6.27744e+66 200.257 252.217 272.55 333.547 419.395 436.338 741.324 859.929 1103.92 1256.41 
-6.27744e+66 -6.27744e+66 -6.27744e+66 -6.27744e+66 -6.27744e+66 -6.27744e+66 -6.27744e+66 -6.27744e+66 -6.27744e+66 -6.27744e+66 -6.27744e+66 -6.27744e+66 -6.27744e+66 -6.27744e+66 -6.27744e+66 -6.27744e+66 -6.27744e+66 -6.27744e+66 200.257 210.423 251.088 315.474 329.029 583.183 684.845 898.335 1033.88 
-6.27744e+66 -6.27744e+66 -6.27744e+66 -6.27744e+66 -6.27744e+66 -6.27744e+66 -6.27744e+66 -6.27744e+66 -6.27744e+66 -6.27744e+66 -6.27744e+66 -6.27744e+66 -6.27744e+66 -6.27744e+66 -6.27744e+66 -6.27744e+66 -6.27744e+66 -6.27744e+66 -6.27744e+66 200.257 220.589 263.513 273.679 477.003 561.721 744.713 863.318 
-6.27744e+66 -6.27744e+66 -6.27744e+66 -6.27744e+66 -6.27744e+66 -6.27744e+66 -6.27744e+66 -6.27744e+66 -6.27744e+66 -6.27744e+66 -6.27744e+66 -6.27744e+66 -6.27744e+66 -6.27744e+66 -6.27744e+66 -6.27744e+66 -6.27744e+66 -6.27744e+66 -6.27744e+66 -6.27744e+66 200.257 221.719 228.496 380.989 448.764 601.256 702.918 
-6.27744e+66 -6.27744e+66 -6.27744e+66 -6.27744e+66 -6.27744e+66 -6.27744e+66 -6.27744e+66 -6.27744e+66 -6.27744e+66 -6.27744e+66 -6.27744e+66 -6.27744e+66 -6.27744e+66 -6.27744e+66 -6.27744e+66 -6.27744e+66 -6.27744e+66 -6.27744e+66 -6.27744e+66 -6.27744e+66 -6.27744e+66 200.257 203.646 305.307 356.138 478.133 562.851 
-6.27744e+66 -6.27744e+66 -6.27744e+66 -6.27744e+66 -6.27744e+66 -6.27744e+66 -6.27744e+66 -6.27744e+66 -6.27744e+66 -6.27744e+66 -6.27744e+66 -6.27744e+66 -6.27744e+66 -6.27744e+66 -6.27744e+66 -6.27744e+66 -6.27744e+66 -6.27744e+66 -6.27744e+66 -6.27744e+66 -6.27744e+66 -6.27744e+66 200.257 251.088 284.975 376.471 444.245 
-6.27744e+66 -6.27744e+66 -6.27744e+66 -6.27744e+66 -6.27744e+66 -6.27744e+66 -6.27744e+66 -6.27744e+66 -6.27744e+66 -6.27744e+66 -6.27744e+66 -6.27744e+66 -6.27744e+66 -6.27744e+66 -6.27744e+66 -6.27744e+66 -6.27744e+66 -6.27744e+66 -6.27744e+66 -6.27744e+66 -6.27744e+66 -6.27744e+66 -6.27744e+66 200.257 217.2 278.198 329.029 
-6.27744e+66 -6.27744e+66 -6.27744e+66 -6.27744e+66 -6.27744e+66 -6.27744e+66 -6.27744e+66 -6.27744e+66 -6.27744e+66 -6.27744e+66 -6.27744e+66 -6.27744e+66 -6.27744e+66 -6.27744e+66 -6.27744e+66 -6.27744e+66 -6.27744e+66 -6.27744e+66 -6.27744e+66 -6.27744e+66 -6.27744e+66 -6.27744e+66 -6.27744e+66 -6.27744e+66 200.257 230.755 264.643 
-6.27744e+66 -6.27744e+66 -6.27744e+66 -6.27744e+66 -6.27744e+66 -6.27744e+66 -6.27744e+66 -6.27744e+66 -6.27744e+66 -6.27744e+66 -6.27744e+66 -6.27744e+66 -6.27744e+66 -6.27744e+66 -6.27744e+66 -6.27744e+66 -6.27744e+66 -6.27744e+66 -6.27744e+66 -6.27744e+66 -6.27744e+66 -6.27744e+66 -6.27744e+66 -6.27744e+66 -6.27744e+66 200.257 217.2 
-6.27744e+66 -6.27744e+66 -6.27744e+66 -6.27744e+66 -6.27744e+66 -6.27744e+66 -6.27744e+66 -6.27744e+66 -6.27744e+66 -6.27744e+66 -6.27744e+66 -6.27744e+66 -6.27744e+66 -6.27744e+66 -6.27744e+66 -6.27744e+66 -6.27744e+66 -6.27744e+66 -6.27744e+66 -6.27744e+66 -6.27744e+66 -6.27744e+66 -6.27744e+66 -6.27744e+66 -6.27744e+66 -6.27744e+66 200.257 
-6.27744e+66 -6.27744e+66 -6.27744e+66 -6.27744e+66 -6.27744e+66 -6.27744e+66 -6.27744e+66 -6.27744e+66 -6.27744e+66 -6.27744e+66 -6.27744e+66 -6.27744e+66 -6.27744e+66 -6.27744e+66 -6.27744e+66 -6.27744e+66 -6.27744e+66 -6.27744e+66 -6.27744e+66 -6.27744e+66 -6.27744e+66 -6.27744e+66 -6.27744e+66 -6.27744e+66 -6.27744e+66 -6.27744e+66 -6.27744e+66 
-6.27744e+66 80.4252 105.39 133.921 182.068 303.326 374.654 481.646 593.988 779.441 1052.27 1462.41 1521.25 1585.45 1654.99 1904.64 2198.87 2484.18 2544.81 2609.01 2642.89 2678.55 3165.37 3832.29 4693.57 4907.56 4952.14 
-6.27744e+66 -6.27744e+66 80.4252 94.6909 126.789 217.732 274.794 363.955 460.248 622.519 865.035 1234.16 1287.65 1346.5 1410.7 1642.51 1917.13 2184.61 2241.67 2302.3 2334.4 2368.28 2831.91 3468.51 4292.35 4497.42 4540.22 
-6.27744e+66 -6.27744e+66 -6.27744e+66 80.4252 96.4741 157.103 199.9 271.228 351.472 490.562 702.764 1030.87 1079.02 1132.52 1191.36 1405.35 1660.34 1909.99 1963.49 2020.55 2050.87 2082.96 2523.42 3129.7 3916.1 4112.25 4153.26 
-6.27744e+66 -6.27744e+66 -6.27744e+66 -6.27744e+66 80.4252 110.74 139.271 192.767 256.962 372.871 554.758 841.853 884.65 932.797 986.293 1182.45 1417.83 1649.64 1699.57 1753.07 1781.6 1811.92 2229.19 2805.16 3554.11 3741.34 3780.57 
-6.27744e+66 -6.27744e+66 -6.27744e+66 -6.27744e+66 -6.27744e+66 80.4252 94.6909 130.355 178.501 271.228 422.8 668.883 706.33 749.127 797.273 975.594 1191.36 1405.35 1451.71 1501.64 1528.39 1556.92 1951.01 2496.67 3208.17 3386.49 3423.93 
-6.27744e+66 -6.27744e+66 -6.27744e+66 -6.27744e+66 -6.27744e+66 -6.27744e+66 80.4252 98.2573 130.355 199.9 321.158 526.226 558.324 595.771 638.568 799.057 995.209 1191.36 1234.16 1280.52 1305.49 1332.23 1703.14 2218.49 2892.54 3061.94 3097.61 
-6.27744e+66 -6.27744e+66 -6.27744e+66 -6.27744e+66 -6.27744e+66 -6.27744e+66 -6.27744e+66 80.4252 96.4741 142.837 233.781 397.836 424.584 456.681 494.129 636.785 813.322 991.643 1030.87 1073.67 1096.85 1121.82 1469.54 1954.57 2591.18 2751.67 2785.55 
-6.27744e+66 -6.27744e+66 -6.27744e+66 -6.27744e+66 -6.27744e+66 -6.27744e+66 -6.27744e+66 -6.27744e+66 80.4252 103.607 164.236 287.277 308.675 335.423 367.521 492.345 649.267 809.756 845.42 884.65 906.049 929.23 1253.77 1708.49 2307.65 2459.22 2491.32 
-6.27744e+66 -6.27744e+66 -6.27744e+66 -6.27744e+66 -6.27744e+66 -6.27744e+66 -6.27744e+66 -6.27744e+66 -6.27744e+66 80.4252 110.74 192.767 208.816 230.214 256.962 363.955 501.261 643.918 676.015 711.68 731.295 752.693 1054.05 1478.46 2040.17 2182.82 2213.14 
-6.27744e+66 -6.27744e+66 -6.27744e+66 -6.27744e+66 -6.27744e+66 -6.27744e+66 -6.27744e+66 -6.27744e+66 -6.27744e+66 -6.27744e+66 80.4252 121.439 132.138 148.187 169.585 258.746 376.437 501.261 529.793 561.89 579.722 599.338 877.518 1271.61 1795.87 1929.61 1958.14 
-6.27744e+66 -6.27744e+66 -6.27744e+66 -6.27744e+66 -6.27744e+66 -6.27744e+66 -6.27744e+66 -6.27744e+66 -6.27744e+66 -6.27744e+66 -6.27744e+66 80.4252 85.7748 96.4741 112.523 183.851 281.927 388.92 413.884 442.416 458.465 476.297 731.295 1095.07 1581.88 1706.71 1733.46 
-6.27744e+66 -6.27744e+66 -6.27744e+66 -6.27744e+66 -6.27744e+66 -6.27744e+66 -6.27744e+66 -6.27744e+66 -6.27744e+66 -6.27744e+66 -6.27744e+66 -6.27744e+66 80.4252 85.7748 96.4741 149.97 228.431 317.591 338.99 363.955 378.22 394.269 626.086 959.545 1408.91 1524.82 1549.79 
-6.27744e+66 -6.27744e+66 -6.27744e+66 -6.27744e+66 -6.27744e+66 -6.27744e+66 -6.27744e+66 -6.27744e+66 -6.27744e+66 -6.27744e+66 -6.27744e+66 -6.27744e+66 -6.27744e+66 80.4252 85.7748 121.439 180.285 251.613 269.445 290.843 303.326 317.591 526.226 829.371 1241.29 1348.28 1371.47 
-6.27744e+66 -6.27744e+66 -6.27744e+66 -6.27744e+66 -6.27744e+66 -6.27744e+66 -6.27744e+66 -6.27744e+66 -6.27744e+66 -6.27744e+66 -6.27744e+66 -6.27744e+66 -6.27744e+66 -6.27744e+66 80.4252 98.2573 137.488 190.984 205.25 223.082 233.781 246.263 431.716 704.547 1079.02 1177.1 1198.49 
-6.27744e+66 -6.27744e+66 -6.27744e+66 -6.27744e+66 -6.27744e+66 -6.27744e+66 -6.27744e+66 -6.27744e+66 -6.27744e+66 -6.27744e+66 -6.27744e+66 -6.27744e+66 -6.27744e+66 -6.27744e+66 -6.27744e+66 80.4252 100.04 135.705 146.404 160.669 169.585 180.285 342.556 585.072 922.098 1011.26 1030.87 
-6.27744e+66 -6.27744e+66 -6.27744e+66 -6.27744e+66 -6.27744e+66 -6.27744e+66 -6.27744e+66 -6.27744e+66 -6.27744e+66 -6.27744e+66 -6.27744e+66 -6.27744e+66 -6.27744e+66 -6.27744e+66 -6.27744e+66 -6.27744e+66 80.4252 98.2573 105.39 116.089 123.222 132.138 271.228 483.429 783.008 863.252 881.084 
-6.27744e+66 -6.27744e+66 -6.27744e+66 -6.27744e+66 -6.27744e+66 -6.27744e+66 -6.27744e+66 -6.27744e+66 -6.27744e+66 -6.27744e+66 -6.27744e+66 -6.27744e+66 -6.27744e+66 -6.27744e+66 -6.27744e+66 -6.27744e+66 -6.27744e+66 80.4252 83.9916 91.1245 96.4741 103.607 219.515 401.402 663.533 734.861 750.91 
-6.27744e+66 -6.27744e+66 -6.27744e+66 -6.27744e+66 -6.27744e+66 -6.27744e+66 -6.27744e+66 -6.27744e+66 -6.27744e+66 -6.27744e+66 -6.27744e+66 -6.27744e+66 -6.27744e+66 -6.27744e+66 -6.27744e+66 -6.27744e+66 -6.27744e+66 -6.27744e+66 80.4252 83.9916 87.558 92.9077 185.634 337.207 561.89 624.303 638.568 
-6.27744e+66 -6.27744e+66 -6.27744e+66 -6.27744e+66 -6.27744e+66 -6.27744e+66 -6.27744e+66 -6.27744e+66 -6.27744e+66 -6.27744e+66 -6.27744e+66 -6.27744e+66 -6.27744e+66 -6.27744e+66 -6.27744e+66 -6.27744e+66 -6.27744e+66 -6.27744e+66 -6.27744e+66 80.4252 82.2084 85.7748 155.32 276.578 463.814 517.31 529.793 
-6.27744e+66 -6.27744e+66 -6.27744e+66 -6.27744e+66 -6.27744e+66 -6.27744e+66 -6.27744e+66 -6.27744e+66 -6.27744e+66 -6.27744e+66 -6.27744e+66 -6.27744e+66 -6.27744e+66 -6.27744e+66 -6.27744e+66 -6.27744e+66 -6.27744e+66 -6.27744e+66 -6.27744e+66 -6.27744e+66 80.4252 82.2084 128.572 219.515 369.304 413.884 424.584 
-6.27744e+66 -6.27744e+66 -6.27744e+66 -6.27744e+66 -6.27744e+66 -6.27744e+66 -6.27744e+66 -6.27744e+66 -6.27744e+66 -6.27744e+66 -6.27744e+66 -6.27744e+66 -6.27744e+66 -6.27744e+66 -6.27744e+66 -6.27744e+66 -6.27744e+66 -6.27744e+66 -6.27744e+66 -6.27744e+66 -6.27744e+66 80.4252 103.607 164.236 276.578 312.242 321.158 
-6.27744e+66 -6.27744e+66 -6.27744e+66 -6.27744e+66 -6.27744e+66 -6.27744e+66 -6.27744e+66 -6.27744e+66 -6.27744e+66 -6.27744e+66 -6.27744e+66 -6.27744e+66 -6.27744e+66 -6.27744e+66 -6.27744e+66 -6.27744e+66 -6.27744e+66 -6.27744e+66 -6.27744e+66 -6.27744e+66 -6.27744e+66 -6.27744e+66 80.4252 110.74 185.634 212.382 219.515 
-6.27744e+66 -6.27744e+66 -6.27744e+66 -6.27744e+66 -6.27744e+66 -6.27744e+66 -6.27744e+66 -6.27744e+66 -6.27744e+66 -6.27744e+66 -6.27744e+66 -6.27744e+66 -6.27744e+66 -6.27744e+66 -6.27744e+66 -6.27744e+66 -6.27744e+66 -6.27744e+66 -6.27744e+66 -6.27744e+66 -6.27744e+66 -6.27744e+66 -6.27744e+66 80.4252 117.873 135.705 141.054 
-6.27744e+66 -6.27744e+66 -6.27744e+66 -6.27744e+66 -6.27744e+66 -6.27744e+66 -6.27744e+66 -6.27744e+66 -6.27744e+66 -6.27744e+66 -6.27744e+66 -6.27744e+66 -6.27744e+66 -6.27744e+66 -6.27744e+66 -6.27744e+66 -6.27744e+66 -6.27744e+66 -6.27744e+66 -6.27744e+66 -6.27744e+66 -6.27744e+66 -6.27744e+66 -6.27744e+66 80.4252 89.3412 92.9077 
-6.27744e+66 -6.27744e+66 -6.27744e+66 -6.27744e+66 -6.27744e+66 -6.27744e+66 -6.27744e+66 -6.27744e+66 -6.27744e+66 -6.27744e+66 -6.27744e+66 -6.27744e+66 -6.27744e+66 -6.27744e+66 -6.27744e+66 -6.27744e+66 -6.27744e+66 -6.27744e+66 -6.27744e+66 -6.27744e+66 -6.27744e+66 -6.27744e+66 -6.27744e+66 -6.27744e+66 -6.27744e+66 80.4252 82.2084 
-6.27744e+66 -6.27744e+66 -6.27744e+66 -6.27744e+66 -6.27744e+66 -6.27744e+66 -6.27744e+66 -6.27744e+66 -6.27744e+66 -6.27744e+66 -6.27744e+66 -6.27744e+66 -6.27744e+66 -6.27744e+66 -6.27744e+66 -6.27744e+66 -6.27744e+66 -6.27744e+66 -6.27744e+66 -6.27744e+66 -6.27744e+66 -6.27744e+66 -6.27744e+66 -6.27744e+66 -6.27744e+66 -6.27744e+66 80.4252 
-6.27744e+66 -6.27744e+66 -6.27744e+66 -6.27744e+66 -6.27744e+66 -6.27744e+66 -6.27744e+66 -6.27744e+66 -6.27744e+66 -6.27744e+66 -6.27744e+66 -6.27744e+66 -6.27744e+66 -6.27744e+66 -6.27744e+66 -6.27744e+66 -6.27744e+66 -6.27744e+66 -6.27744e+66 -6.27744e+66 -6.27744e+66 -6.27744e+66 -6.27744e+66 -6.27744e+66 -6.27744e+66 -6.27744e+66 -6.27744e+66 
-6.27744e+66 87.1249 96.8672 108.774 162.357 235.966 338.801 355.039 408.08 494.679 567.746 843.778 843.778 1045.12 1206.95 1282.72 1713.01 2016.1 2448.55 2760.31 3130.52 3292.89 4088.51 4695.78 4770.47 5199.14 5605.07 
-6.27744e+66 -6.27744e+66 87.1249 93.0785 128.8 184.007 266.275 279.806 325.27 401.044 465.993 714.422 714.422 898.985 1048.37 1118.73 1520.33 1804.48 2211.49 2505.93 2856.65 3010.9 3768.64 4348.31 4419.75 4830.55 5220.24 
-6.27744e+66 -6.27744e+66 -6.27744e+66 87.1249 104.986 141.79 203.491 214.316 252.203 317.152 373.982 594.808 594.808 762.592 899.526 964.475 1337.39 1602.6 1984.17 2261.29 2592.52 2738.66 3458.51 4010.57 4078.77 4471.71 4845.17 
-6.27744e+66 -6.27744e+66 -6.27744e+66 -6.27744e+66 87.1249 105.527 146.661 154.78 185.089 239.213 287.925 481.148 481.148 632.154 756.639 816.175 1160.4 1406.67 1762.8 2022.6 2334.35 2472.37 3154.33 3678.79 3743.74 4118.82 4476.04 
-6.27744e+66 -6.27744e+66 -6.27744e+66 -6.27744e+66 -6.27744e+66 87.1249 107.692 113.104 135.836 179.136 219.729 385.348 385.348 519.576 631.612 685.736 1001.28 1228.6 1559.3 1801.77 2094.04 2223.94 2868.02 3364.87 3426.58 3783.79 4124.77 
-6.27744e+66 -6.27744e+66 -6.27744e+66 -6.27744e+66 -6.27744e+66 -6.27744e+66 87.1249 89.8311 104.986 137.46 169.935 307.951 307.951 425.4 524.988 573.7 860.557 1068.93 1374.19 1599.35 1872.13 1993.91 2600.1 3069.36 3127.81 3467.17 3791.91 
-6.27744e+66 -6.27744e+66 -6.27744e+66 -6.27744e+66 -6.27744e+66 -6.27744e+66 -6.27744e+66 87.1249 94.7022 116.352 140.708 251.121 251.121 351.791 438.931 482.23 740.401 929.835 1209.66 1417.49 1670.79 1784.45 2352.76 2794.41 2849.61 3171.11 3479.62 
-6.27744e+66 -6.27744e+66 -6.27744e+66 -6.27744e+66 -6.27744e+66 -6.27744e+66 -6.27744e+66 -6.27744e+66 87.1249 97.9497 114.187 196.997 196.997 280.889 355.58 393.467 622.952 793.443 1047.83 1238.34 1472.16 1577.7 2108.11 2522.16 2574.12 2877.76 3170.03 
-6.27744e+66 -6.27744e+66 -6.27744e+66 -6.27744e+66 -6.27744e+66 -6.27744e+66 -6.27744e+66 -6.27744e+66 -6.27744e+66 87.1249 95.2435 150.45 150.45 217.564 279.806 312.281 513.081 664.628 893.572 1066.77 1281.1 1378.52 1871.05 2257.5 2306.21 2591.98 2868.02 
-6.27744e+66 -6.27744e+66 -6.27744e+66 -6.27744e+66 -6.27744e+66 -6.27744e+66 -6.27744e+66 -6.27744e+66 -6.27744e+66 -6.27744e+66 87.1249 114.728 114.728 165.063 214.857 241.919 414.034 546.638 750.144 906.021 1100.87 1190.17 1644.81 2003.66 2049.12 2317.03 2576.83 
-6.27744e+66 -6.27744e+66 -6.27744e+66 -6.27744e+66 -6.27744e+66 -6.27744e+66 -6.27744e+66 -6.27744e+66 -6.27744e+66 -6.27744e+66 -6.27744e+66 87.1249 87.1249 120.682 158.027 179.677 323.105 436.766 614.834 753.391 928.753 1009.94 1426.69 1757.93 1800.15 2050.2 2293.76 
-6.27744e+66 -6.27744e+66 -6.27744e+66 -6.27744e+66 -6.27744e+66 -6.27744e+66 -6.27744e+66 -6.27744e+66 -6.27744e+66 -6.27744e+66 -6.27744e+66 -6.27744e+66 87.1249 103.903 128.8 145.038 259.78 354.497 507.127 628.365 784.242 857.309 1236.18 1539.81 1578.78 1810.97 2038.29 
-6.27744e+66 -6.27744e+66 -6.27744e+66 -6.27744e+66 -6.27744e+66 -6.27744e+66 -6.27744e+66 -6.27744e+66 -6.27744e+66 -6.27744e+66 -6.27744e+66 -6.27744e+66 -6.27744e+66 87.1249 99.5734 110.398 196.455 272.229 399.42 503.338 639.731 704.68 1045.66 1321.69 1357.42 1571.75 1782.83 
-6.27744e+66 -6.27744e+66 -6.27744e+66 -6.27744e+66 -6.27744e+66 -6.27744e+66 -6.27744e+66 -6.27744e+66 -6.27744e+66 -6.27744e+66 -6.27744e+66 -6.27744e+66 -6.27744e+66 -6.27744e+66 87.1249 92.5373 149.909 206.739 308.492 395.09 511.998 568.828 871.923 1120.35 1152.83 1349.3 1544.14 
-6.27744e+66 -6.27744e+66 -6.27744e+66 -6.27744e+66 -6.27744e+66 -6.27744e+66 -6.27744e+66 -6.27744e+66 -6.27744e+66 -6.27744e+66 -6.27744e+66 -6.27744e+66 -6.27744e+66 -6.27744e+66 -6.27744e+66 87.1249 115.811 153.697 230.012 299.291 396.714 445.426 710.633 931.459 960.686 1139.3 1317.9 
-6.27744e+66 -6.27744e+66 -6.27744e+66 -6.27744e+66 -6.27744e+66 -6.27744e+66 -6.27744e+66 -6.27744e+66 -6.27744e+66 -6.27744e+66 -6.27744e+66 -6.27744e+66 -6.27744e+66 -6.27744e+66 -6.27744e+66 -6.27744e+66 87.1249 106.068 156.945 208.904 286.842 327.435 554.756 747.979 773.958 934.707 1097.08 
-6.27744e+66 -6.27744e+66 -6.27744e+66 -6.27744e+66 -6.27744e+66 -6.27744e+66 -6.27744e+66 -6.27744e+66 -6.27744e+66 -6.27744e+66 -6.27744e+66 -6.27744e+66 -6.27744e+66 -6.27744e+66 -6.27744e+66 -6.27744e+66 -6.27744e+66 87.1249 112.563 147.202 205.656 238.131 427.565 593.184 615.916 758.804 904.938 
-6.27744e+66 -6.27744e+66 -6.27744e+66 -6.27744e+66 -6.27744e+66 -6.27744e+66 -6.27744e+66 -6.27744e+66 -6.27744e+66 -6.27744e+66 -6.27744e+66 -6.27744e+66 -6.27744e+66 -6.27744e+66 -6.27744e+66 -6.27744e+66 -6.27744e+66 -6.27744e+66 87.1249 104.445 143.414 167.77 319.317 457.333 476.818 601.844 731.742 
-6.27744e+66 -6.27744e+66 -6.27744e+66 -6.27744e+66 -6.27744e+66 -6.27744e+66 -6.27744e+66 -6.27744e+66 -6.27744e+66 -6.27744e+66 -6.27744e+66 -6.27744e+66 -6.27744e+66 -6.27744e+66 -6.27744e+66 -6.27744e+66 -6.27744e+66 -6.27744e+66 -6.27744e+66 87.1249 106.61 122.847 236.507 346.92 363.157 470.323 583.983 
-6.27744e+66 -6.27744e+66 -6.27744e+66 -6.27744e+66 -6.27744e+66 -6.27744e+66 -6.27744e+66 -6.27744e+66 -6.27744e+66 -6.27744e+66 -6.27744e+66 -6.27744e+66 -6.27744e+66 -6.27744e+66 -6.27744e+66 -6.27744e+66 -6.27744e+66 -6.27744e+66 -6.27744e+66 -6.27744e+66 87.1249 95.2435 171.017 253.827 266.817 356.121 453.544 
-6.27744e+66 -6.27744e+66 -6.27744e+66 -6.27744e+66 -6.27744e+66 -6.27744e+66 -6.27744e+66 -6.27744e+66 -6.27744e+66 -6.27744e+66 -6.27744e+66 -6.27744e+66 -6.27744e+66 -6.27744e+66 -6.27744e+66 -6.27744e+66 -6.27744e+66 -6.27744e+66 -6.27744e+66 -6.27744e+66 -6.27744e+66 87.1249 125.012 180.218 189.96 261.404 342.59 
-6.27744e+66 -6.27744e+66 -6.27744e+66 -6.27744e+66 -6.27744e+66 -6.27744e+66 -6.27744e+66 -6.27744e+66 -6.27744e+66 -6.27744e+66 -6.27744e+66 -6.27744e+66 -6.27744e+66 -6.27744e+66 -6.27744e+66 -6.27744e+66 -6.27744e+66 -6.27744e+66 -6.27744e+66 -6.27744e+66 -6.27744e+66 -6.27744e+66 87.1249 114.728 121.223 174.806 239.755 
-6.27744e+66 -6.27744e+66 -6.27744e+66 -6.27744e+66 -6.27744e+66 -6.27744e+66 -6.27744e+66 -6.27744e+66 -6.27744e+66 -6.27744e+66 -6.27744e+66 -6.27744e+66 -6.27744e+66 -6.27744e+66 -6.27744e+66 -6.27744e+66 -6.27744e+66 -6.27744e+66 -6.27744e+66 -6.27744e+66 -6.27744e+66 -6.27744e+66 -6.27744e+66 87.1249 90.3723 126.094 174.806 
-6.27744e+66 -6.27744e+66 -6.27744e+66 -6.27744e+66 -6.27744e+66 -6.27744e+66 -6.27744e+66 -6.27744e+66 -6.27744e+66 -6.27744e+66 -6.27744e+66 -6.27744e+66 -6.27744e+66 -6.27744e+66 -6.27744e+66 -6.27744e+66 -6.27744e+66 -6.27744e+66 -6.27744e+66 -6.27744e+66 -6.27744e+66 -6.27744e+66 -6.27744e+66 -6.27744e+66 87.1249 104.986 137.46 
-6.27744e+66 -6.27744e+66 -6.27744e+66 -6.27744e+66 -6.27744e+66 -6.27744e+66 -6.27744e+66 -6.27744e+66 -6.27744e+66 -6.27744e+66 -6.27744e+66 -6.27744e+66 -6.27744e+66 -6.27744e+66 -6.27744e+66 -6.27744e+66 -6.27744e+66 -6.27744e+66 -6.27744e+66 -6.27744e+66 -6.27744e+66 -6.27744e+66 -6.27744e+66 -6.27744e+66 -6.27744e+66 87.1249 103.362 
-6.27744e+66 -6.27744e+66 -6.27744e+66 -6.27744e+66 -6.27744e+66 -6.27744e+66 -6.27744e+66 -6.27744e+66 -6.27744e+66 -6.27744e+66 -6.27744e+66 -6.27744e+66 -6.27744e+66 -6.27744e+66 -6.27744e+66 -6.27744e+66 -6.27744e+66 -6.27744e+66 -6.27744e+66 -6.27744e+66 -6.27744e+66 -6.27744e+66 -6.27744e+66 -6.27744e+66 -6.27744e+66 -6.27744e+66 87.1249 
-6.27744e+66 -6.27744e+66 -6.27744e+66 -6.27744e+66 -6.27744e+66 -6.27744e+66 -6.27744e+66 -6.27744e+66 -6.27744e+66 -6.27744e+66 -6.27744e+66 -6.27744e+66 -6.27744e+66 -6.27744e+66 -6.27744e+66 -6.27744e+66 -6.27744e+66 -6.27744e+66 -6.27744e+66 -6.27744e+66 -6.27744e+66 -6.27744e+66 -6.27744e+66 -6.27744e+66 -6.27744e+66 -6.27744e+66 -6.27744e+66 
-6.27744e+66 76.3843 94.1516 113.893 149.428 323.152 392.247 415.937 443.575 459.368 583.739 761.412 1108.86 1464.21 1489.87 2014.99 2222.28 2411.8 2713.84 3033.65 3596.28 3833.18 4123.38 5209.16 5481.59 5908 6105.42 
-6.27744e+66 -6.27744e+66 76.3843 86.255 109.945 240.238 295.514 315.256 338.945 352.764 463.316 623.222 939.085 1264.82 1288.51 1776.12 1969.59 2147.26 2431.54 2733.58 3266.6 3491.65 3768.03 4804.46 5065.04 5473.69 5663.21 
-6.27744e+66 -6.27744e+66 -6.27744e+66 76.3843 88.2291 175.091 216.548 232.342 252.083 263.928 360.661 502.799 787.076 1083.2 1104.91 1555.02 1734.66 1900.49 2167 2451.28 2954.68 3167.89 3430.45 4417.52 4666.27 5057.15 5238.77 
-6.27744e+66 -6.27744e+66 -6.27744e+66 -6.27744e+66 76.3843 119.815 147.453 159.298 175.091 184.962 267.876 392.247 644.937 911.447 931.188 1343.78 1509.61 1663.6 1912.34 2178.85 2652.64 2854 3102.75 4040.46 4277.36 4650.47 4824.2 
-6.27744e+66 -6.27744e+66 -6.27744e+66 -6.27744e+66 -6.27744e+66 76.3843 90.2033 98.0999 109.945 117.841 186.936 293.54 514.644 751.541 769.308 1144.4 1296.4 1438.54 1669.52 1918.26 2362.44 2551.96 2786.88 3675.25 3900.3 4255.64 4421.47 
-6.27744e+66 -6.27744e+66 -6.27744e+66 -6.27744e+66 -6.27744e+66 -6.27744e+66 76.3843 80.3326 88.2291 94.1516 149.428 238.264 427.782 635.067 650.86 988.438 1126.63 1256.92 1470.13 1701.1 2115.67 2293.35 2514.45 3353.46 3566.67 3904.25 4062.18 
-6.27744e+66 -6.27744e+66 -6.27744e+66 -6.27744e+66 -6.27744e+66 -6.27744e+66 -6.27744e+66 76.3843 80.3326 84.2809 125.738 196.807 354.738 532.411 546.23 846.3 970.671 1089.12 1284.56 1497.77 1882.72 2048.55 2255.84 3045.5 3246.86 3566.67 3716.7 
-6.27744e+66 -6.27744e+66 -6.27744e+66 -6.27744e+66 -6.27744e+66 -6.27744e+66 -6.27744e+66 -6.27744e+66 76.3843 78.3584 105.996 159.298 285.643 433.704 445.549 708.11 818.662 925.266 1102.94 1298.38 1653.72 1807.71 2001.17 2741.48 2930.99 3233.04 3375.18 
-6.27744e+66 -6.27744e+66 -6.27744e+66 -6.27744e+66 -6.27744e+66 -6.27744e+66 -6.27744e+66 -6.27744e+66 -6.27744e+66 76.3843 90.2033 125.738 220.497 338.945 348.816 573.868 670.601 765.36 925.266 1102.94 1428.67 1570.81 1750.46 2441.41 2619.08 2903.36 3037.6 
-6.27744e+66 -6.27744e+66 -6.27744e+66 -6.27744e+66 -6.27744e+66 -6.27744e+66 -6.27744e+66 -6.27744e+66 -6.27744e+66 -6.27744e+66 76.3843 94.1516 157.324 246.161 254.057 441.601 524.515 607.429 749.567 909.473 1205.59 1335.89 1501.72 2143.31 2309.14 2575.65 2701.99 
-6.27744e+66 -6.27744e+66 -6.27744e+66 -6.27744e+66 -6.27744e+66 -6.27744e+66 -6.27744e+66 -6.27744e+66 -6.27744e+66 -6.27744e+66 -6.27744e+66 76.3843 107.971 167.195 173.117 323.152 392.247 463.316 587.687 729.826 996.335 1114.78 1266.79 1859.04 2013.02 2261.76 2380.21 
-6.27744e+66 -6.27744e+66 -6.27744e+66 -6.27744e+66 -6.27744e+66 -6.27744e+66 -6.27744e+66 -6.27744e+66 -6.27744e+66 -6.27744e+66 -6.27744e+66 -6.27744e+66 76.3843 105.996 109.945 222.471 277.747 336.971 443.575 567.946 804.843 911.447 1049.64 1592.53 1734.66 1965.64 2076.19 
-6.27744e+66 -6.27744e+66 -6.27744e+66 -6.27744e+66 -6.27744e+66 -6.27744e+66 -6.27744e+66 -6.27744e+66 -6.27744e+66 -6.27744e+66 -6.27744e+66 -6.27744e+66 -6.27744e+66 76.3843 78.3584 153.376 194.833 242.212 331.049 437.652 644.937 739.696 864.067 1357.6 1487.9 1701.1 1803.76 
-6.27744e+66 -6.27744e+66 -6.27744e+66 -6.27744e+66 -6.27744e+66 -6.27744e+66 -6.27744e+66 -6.27744e+66 -6.27744e+66 -6.27744e+66 -6.27744e+66 -6.27744e+66 -6.27744e+66 -6.27744e+66 76.3843 113.893 141.531 177.066 248.135 336.971 514.644 597.558 708.11 1152.29 1270.74 1466.18 1560.94 
-6.27744e+66 -6.27744e+66 -6.27744e+66 -6.27744e+66 -6.27744e+66 -6.27744e+66 -6.27744e+66 -6.27744e+66 -6.27744e+66 -6.27744e+66 -6.27744e+66 -6.27744e+66 -6.27744e+66 -6.27744e+66 -6.27744e+66 76.3843 90.2033 113.893 167.195 238.264 386.325 457.394 554.127 948.955 1055.56 1233.23 1320.09 
-6.27744e+66 -6.27744e+66 -6.27744e+66 -6.27744e+66 -6.27744e+66 -6.27744e+66 -6.27744e+66 -6.27744e+66 -6.27744e+66 -6.27744e+66 -6.27744e+66 -6.27744e+66 -6.27744e+66 -6.27744e+66 -6.27744e+66 -6.27744e+66 76.3843 88.2291 123.764 177.066 295.514 354.738 437.652 783.127 877.886 1037.79 1116.76 
-6.27744e+66 -6.27744e+66 -6.27744e+66 -6.27744e+66 -6.27744e+66 -6.27744e+66 -6.27744e+66 -6.27744e+66 -6.27744e+66 -6.27744e+66 -6.27744e+66 -6.27744e+66 -6.27744e+66 -6.27744e+66 -6.27744e+66 -6.27744e+66 -6.27744e+66 76.3843 94.1516 129.686 218.523 265.902 334.997 631.118 714.032 856.171 927.24 
-6.27744e+66 -6.27744e+66 -6.27744e+66 -6.27744e+66 -6.27744e+66 -6.27744e+66 -6.27744e+66 -6.27744e+66 -6.27744e+66 -6.27744e+66 -6.27744e+66 -6.27744e+66 -6.27744e+66 -6.27744e+66 -6.27744e+66 -6.27744e+66 -6.27744e+66 -6.27744e+66 76.3843 94.1516 153.376 188.91 244.186 490.954 562.023 686.394 749.567 
-6.27744e+66 -6.27744e+66 -6.27744e+66 -6.27744e+66 -6.27744e+66 -6.27744e+66 -6.27744e+66 -6.27744e+66 -6.27744e+66 -6.27744e+66 -6.27744e+66 -6.27744e+66 -6.27744e+66 -6.27744e+66 -6.27744e+66 -6.27744e+66 -6.27744e+66 -6.27744e+66 -6.27744e+66 76.3843 105.996 129.686 171.143 368.557 427.782 534.385 589.661 
-6.27744e+66 -6.27744e+66 -6.27744e+66 -6.27744e+66 -6.27744e+66 -6.27744e+66 -6.27744e+66 -6.27744e+66 -6.27744e+66 -6.27744e+66 -6.27744e+66 -6.27744e+66 -6.27744e+66 -6.27744e+66 -6.27744e+66 -6.27744e+66 -6.27744e+66 -6.27744e+66 -6.27744e+66 -6.27744e+66 76.3843 88.2291 115.867 263.928 311.307 400.144 447.523 
-6.27744e+66 -6.27744e+66 -6.27744e+66 -6.27744e+66 -6.27744e+66 -6.27744e+66 -6.27744e+66 -6.27744e+66 -6.27744e+66 -6.27744e+66 -6.27744e+66 -6.27744e+66 -6.27744e+66 -6.27744e+66 -6.27744e+66 -6.27744e+66 -6.27744e+66 -6.27744e+66 -6.27744e+66 -6.27744e+66 -6.27744e+66 76.3843 90.2033 188.91 224.445 295.514 334.997 
-6.27744e+66 -6.27744e+66 -6.27744e+66 -6.27744e+66 -6.27744e+66 -6.27744e+66 -6.27744e+66 -6.27744e+66 -6.27744e+66 -6.27744e+66 -6.27744e+66 -6.27744e+66 -6.27744e+66 -6.27744e+66 -6.27744e+66 -6.27744e+66 -6.27744e+66 -6.27744e+66 -6.27744e+66 -6.27744e+66 -6.27744e+66 -6.27744e+66 76.3843 125.738 149.428 202.729 234.316 
-6.27744e+66 -6.27744e+66 -6.27744e+66 -6.27744e+66 -6.27744e+66 -6.27744e+66 -6.27744e+66 -6.27744e+66 -6.27744e+66 -6.27744e+66 -6.27744e+66 -6.27744e+66 -6.27744e+66 -6.27744e+66 -6.27744e+66 -6.27744e+66 -6.27744e+66 -6.27744e+66 -6.27744e+66 -6.27744e+66 -6.27744e+66 -6.27744e+66 -6.27744e+66 76.3843 88.2291 123.764 147.453 
-6.27744e+66 -6.27744e+66 -6.27744e+66 -6.27744e+66 -6.27744e+66 -6.27744e+66 -6.27744e+66 -6.27744e+66 -6.27744e+66 -6.27744e+66 -6.27744e+66 -6.27744e+66 -6.27744e+66 -6.27744e+66 -6.27744e+66 -6.27744e+66 -6.27744e+66 -6.27744e+66 -6.27744e+66 -6.27744e+66 -6.27744e+66 -6.27744e+66 -6.27744e+66 -6.27744e+66 76.3843 94.1516 109.945 
-6.27744e+66 -6.27744e+66 -6.27744e+66 -6.27744e+66 -6.27744e+66 -6.27744e+66 -6.27744e+66 -6.27744e+66 -6.27744e+66 -6.27744e+66 -6.27744e+66 -6.27744e+66 -6.27744e+66 -6.27744e+66 -6.27744e+66 -6.27744e+66 -6.27744e+66 -6.27744e+66 -6.27744e+66 -6.27744e+66 -6.27744e+66 -6.27744e+66 -6.27744e+66 -6.27744e+66 -6.27744e+66 76.3843 84.2809 
-6.27744e+66 -6.27744e+66 -6.27744e+66 -6.27744e+66 -6.27744e+66 -6.27744e+66 -6.27744e+66 -6.27744e+66 -6.27744e+66 -6.27744e+66 -6.27744e+66 -6.27744e+66 -6.27744e+66 -6.27744e+66 -6.27744e+66 -6.27744e+66 -6.27744e+66 -6.27744e+66 -6.27744e+66 -6.27744e+66 -6.27744e+66 -6.27744e+66 -6.27744e+66 -6.27744e+66 -6.27744e+66 -6.27744e+66 76.3843 
-6.27744e+66 -6.27744e+66 -6.27744e+66 -6.27744e+66 -6.27744e+66 -6.27744e+66 -6.27744e+66 -6.27744e+66 -6.27744e+66 -6.27744e+66 -6.27744e+66 -6.27744e+66 -6.27744e+66 -6.27744e+66 -6.27744e+66 -6.27744e+66 -6.27744e+66 -6.27744e+66 -6.27744e+66 -6.27744e+66 -6.27744e+66 -6.27744e+66 -6.27744e+66 -6.27744e+66 -6.27744e+66 -6.27744e+66 -6.27744e+66 
