26 20
1000 1000 1000 1000 1000 1000 1000 1000 1000 1000 1000 1000 1000 1000 1000 1000 1000 1000 1000 1000 1000 1000 1000 1000 1000 1000 
item 0
30 65 30 50 15 60 0 35 5 15 20 10 0 20 5 15 5 10 10 5 30 20 25 10 25 15 
33.7617 33.7617 33.7617 33.7617 33.7617 33.7617 33.7617 33.7617 33.7617 33.7617 33.7617 33.7617 33.7617 33.7617 33.7617 33.7617 33.7617 33.7617 33.7617 33.7617 33.7617 33.7617 33.7617 33.7617 33.7617 33.7617 
0.570833 0.570833 0.570833 0.570833 0.570833 0.570833 0.570833 0.570833 0.570833 0.570833 0.570833 0.570833 0.570833 0.570833 0.570833 0.570833 0.570833 0.570833 0.570833 0.570833 0.570833 0.570833 0.570833 0.570833 0.570833 0.570833 
item 1
65 60 40 20 10 50 40 30 105 55 10 45 50 80 35 0 25 80 70 100 5 55 35 30 0 60 
73.6107 73.6107 73.6107 73.6107 73.6107 73.6107 73.6107 73.6107 73.6107 73.6107 73.6107 73.6107 73.6107 73.6107 73.6107 73.6107 73.6107 73.6107 73.6107 73.6107 73.6107 73.6107 73.6107 73.6107 73.6107 73.6107 
0.490269 0.490269 0.490269 0.490269 0.490269 0.490269 0.490269 0.490269 0.490269 0.490269 0.490269 0.490269 0.490269 0.490269 0.490269 0.490269 0.490269 0.490269 0.490269 0.490269 0.490269 0.490269 0.490269 0.490269 0.490269 0.490269 
item 2
120 130 50 10 40 50 5 5 110 85 125 5 120 35 20 125 0 70 0 0 40 120 0 60 70 45 
78.0534 78.0534 78.0534 78.0534 78.0534 78.0534 78.0534 78.0534 78.0534 78.0534 78.0534 78.0534 78.0534 78.0534 78.0534 78.0534 78.0534 78.0534 78.0534 78.0534 78.0534 78.0534 78.0534 78.0534 78.0534 78.0534 
0.240325 0.240325 0.240325 0.240325 0.240325 0.240325 0.240325 0.240325 0.240325 0.240325 0.240325 0.240325 0.240325 0.240325 0.240325 0.240325 0.240325 0.240325 0.240325 0.240325 0.240325 0.240325 0.240325 0.240325 0.240325 0.240325 
item 3
70 85 0 30 25 55 0 60 0 5 0 5 45 20 35 0 45 85 35 10 0 0 45 50 20 10 
4.70582 4.70582 4.70582 4.70582 4.70582 4.70582 4.70582 4.70582 4.70582 4.70582 4.70582 4.70582 4.70582 4.70582 4.70582 4.70582 4.70582 4.70582 4.70582 4.70582 4.70582 4.70582 4.70582 4.70582 4.70582 4.70582 
0.302164 0.302164 0.302164 0.302164 0.302164 0.302164 0.302164 0.302164 0.302164 0.302164 0.302164 0.302164 0.302164 0.302164 0.302164 0.302164 0.302164 0.302164 0.302164 0.302164 0.302164 0.302164 0.302164 0.302164 0.302164 0.302164 
item 4
100 45 95 50 20 105 20 30 30 30 5 75 30 0 65 40 150 0 40 95 70 20 30 15 0 70 
75.6671 75.6671 75.6671 75.6671 75.6671 75.6671 75.6671 75.6671 75.6671 75.6671 75.6671 75.6671 75.6671 75.6671 75.6671 75.6671 75.6671 75.6671 75.6671 75.6671 75.6671 75.6671 75.6671 75.6671 75.6671 75.6671 
0.338506 0.338506 0.338506 0.338506 0.338506 0.338506 0.338506 0.338506 0.338506 0.338506 0.338506 0.338506 0.338506 0.338506 0.338506 0.338506 0.338506 0.338506 0.338506 0.338506 0.338506 0.338506 0.338506 0.338506 0.338506 0.338506 
item 5
75 55 30 80 95 45 155 80 0 180 35 45 85 125 65 70 10 45 80 190 5 55 45 105 165 15 
3.04014 3.04014 3.04014 3.04014 3.04014 3.04014 3.04014 3.04014 3.04014 3.04014 3.04014 3.04014 3.04014 3.04014 3.04014 3.04014 3.04014 3.04014 3.04014 3.04014 3.04014 3.04014 3.04014 3.04014 3.04014 3.04014 
0.131549 0.131549 0.131549 0.131549 0.131549 0.131549 0.131549 0.131549 0.131549 0.131549 0.131549 0.131549 0.131549 0.131549 0.131549 0.131549 0.131549 0.131549 0.131549 0.131549 0.131549 0.131549 0.131549 0.131549 0.131549 0.131549 
item 6
10 190 65 10 50 140 85 220 150 125 260 50 65 30 170 170 45 235 115 85 10 160 20 85 95 85 
90.0255 90.0255 90.0255 90.0255 90.0255 90.0255 90.0255 90.0255 90.0255 90.0255 90.0255 90.0255 90.0255 90.0255 90.0255 90.0255 90.0255 90.0255 90.0255 90.0255 90.0255 90.0255 90.0255 90.0255 90.0255 90.0255 
0.199415 0.199415 0.199415 0.199415 0.199415 0.199415 0.199415 0.199415 0.199415 0.199415 0.199415 0.199415 0.199415 0.199415 0.199415 0.199415 0.199415 0.199415 0.199415 0.199415 0.199415 0.199415 0.199415 0.199415 0.199415 0.199415 
item 7
50 80 60 125 35 40 90 140 65 125 10 145 75 120 55 135 35 20 0 10 175 45 40 75 80 55 
61.5219 61.5219 61.5219 61.5219 61.5219 61.5219 61.5219 61.5219 61.5219 61.5219 61.5219 61.5219 61.5219 61.5219 61.5219 61.5219 61.5219 61.5219 61.5219 61.5219 61.5219 61.5219 61.5219 61.5219 61.5219 61.5219 
0.239184 0.239184 0.239184 0.239184 0.239184 0.239184 0.239184 0.239184 0.239184 0.239184 0.239184 0.239184 0.239184 0.239184 0.239184 0.239184 0.239184 0.239184 0.239184 0.239184 0.239184 0.239184 0.239184 0.239184 0.239184 0.239184 
item 8
45 55 50 40 30 15 55 20 20 20 25 15 65 20 25 30 0 70 45 40 25 70 5 80 25 30 
89.9654 89.9654 89.9654 89.9654 89.9654 89.9654 89.9654 89.9654 89.9654 89.9654 89.9654 89.9654 89.9654 89.9654 89.9654 89.9654 89.9654 89.9654 89.9654 89.9654 89.9654 89.9654 89.9654 89.9654 89.9654 89.9654 
0.598535 0.598535 0.598535 0.598535 0.598535 0.598535 0.598535 0.598535 0.598535 0.598535 0.598535 0.598535 0.598535 0.598535 0.598535 0.598535 0.598535 0.598535 0.598535 0.598535 0.598535 0.598535 0.598535 0.598535 0.598535 0.598535 
item 9
30 50 45 20 25 0 80 60 65 80 65 45 40 10 10 20 10 10 75 20 5 25 30 0 45 20 
60.0391 60.0391 60.0391 60.0391 60.0391 60.0391 60.0391 60.0391 60.0391 60.0391 60.0391 60.0391 60.0391 60.0391 60.0391 60.0391 60.0391 60.0391 60.0391 60.0391 60.0391 60.0391 60.0391 60.0391 60.0391 60.0391 
0.475616 0.475616 0.475616 0.475616 0.475616 0.475616 0.475616 0.475616 0.475616 0.475616 0.475616 0.475616 0.475616 0.475616 0.475616 0.475616 0.475616 0.475616 0.475616 0.475616 0.475616 0.475616 0.475616 0.475616 0.475616 0.475616 
item 10
55 0 0 5 25 20 85 10 25 70 15 50 10 45 55 45 70 40 20 10 0 55 110 100 35 5 
72.6263 72.6263 72.6263 72.6263 72.6263 72.6263 72.6263 72.6263 72.6263 72.6263 72.6263 72.6263 72.6263 72.6263 72.6263 72.6263 72.6263 72.6263 72.6263 72.6263 72.6263 72.6263 72.6263 72.6263 72.6263 72.6263 
0.472651 0.472651 0.472651 0.472651 0.472651 0.472651 0.472651 0.472651 0.472651 0.472651 0.472651 0.472651 0.472651 0.472651 0.472651 0.472651 0.472651 0.472651 0.472651 0.472651 0.472651 0.472651 0.472651 0.472651 0.472651 0.472651 
item 11
30 10 30 20 5 10 65 25 90 60 30 60 30 45 25 5 40 40 60 40 20 40 60 95 30 80 
86.0673 86.0673 86.0673 86.0673 86.0673 86.0673 86.0673 86.0673 86.0673 86.0673 86.0673 86.0673 86.0673 86.0673 86.0673 86.0673 86.0673 86.0673 86.0673 86.0673 86.0673 86.0673 86.0673 86.0673 86.0673 86.0673 
0.560045 0.560045 0.560045 0.560045 0.560045 0.560045 0.560045 0.560045 0.560045 0.560045 0.560045 0.560045 0.560045 0.560045 0.560045 0.560045 0.560045 0.560045 0.560045 0.560045 0.560045 0.560045 0.560045 0.560045 0.560045 0.560045 
item 12
175 205 135 135 120 150 120 25 200 95 255 310 35 20 25 315 15 125 45 130 115 30 125 80 30 85 
73.404 73.404 73.404 73.404 73.404 73.404 73.404 73.404 73.404 73.404 73.404 73.404 73.404 73.404 73.404 73.404 73.404 73.404 73.404 73.404 73.404 73.404 73.404 73.404 73.404 73.404 
0.158155 0.158155 0.158155 0.158155 0.158155 0.158155 0.158155 0.158155 0.158155 0.158155 0.158155 0.158155 0.158155 0.158155 0.158155 0.158155 0.158155 0.158155 0.158155 0.158155 0.158155 0.158155 0.158155 0.158155 0.158155 0.158155 
item 13
15 25 10 0 40 0 35 15 15 5 25 25 65 35 5 0 50 35 5 5 10 5 0 5 20 5 
16.6413 16.6413 16.6413 16.6413 16.6413 16.6413 16.6413 16.6413 16.6413 16.6413 16.6413 16.6413 16.6413 16.6413 16.6413 16.6413 16.6413 16.6413 16.6413 16.6413 16.6413 16.6413 16.6413 16.6413 16.6413 16.6413 
0.42884 0.42884 0.42884 0.42884 0.42884 0.42884 0.42884 0.42884 0.42884 0.42884 0.42884 0.42884 0.42884 0.42884 0.42884 0.42884 0.42884 0.42884 0.42884 0.42884 0.42884 0.42884 0.42884 0.42884 0.42884 0.42884 
item 14
15 20 15 5 0 5 5 15 0 15 20 35 10 5 10 20 5 0 15 0 10 40 30 15 15 15 
4.71498 4.71498 4.71498 4.71498 4.71498 4.71498 4.71498 4.71498 4.71498 4.71498 4.71498 4.71498 4.71498 4.71498 4.71498 4.71498 4.71498 4.71498 4.71498 4.71498 4.71498 4.71498 4.71498 4.71498 4.71498 4.71498 
0.580655 0.580655 0.580655 0.580655 0.580655 0.580655 0.580655 0.580655 0.580655 0.580655 0.580655 0.580655 0.580655 0.580655 0.580655 0.580655 0.580655 0.580655 0.580655 0.580655 0.580655 0.580655 0.580655 0.580655 0.580655 0.580655 
item 15
80 0 25 80 70 15 55 25 45 0 80 80 60 80 0 55 45 40 100 95 40 85 135 0 85 35 
61.0658 61.0658 61.0658 61.0658 61.0658 61.0658 61.0658 61.0658 61.0658 61.0658 61.0658 61.0658 61.0658 61.0658 61.0658 61.0658 61.0658 61.0658 61.0658 61.0658 61.0658 61.0658 61.0658 61.0658 61.0658 61.0658 
0.304214 0.304214 0.304214 0.304214 0.304214 0.304214 0.304214 0.304214 0.304214 0.304214 0.304214 0.304214 0.304214 0.304214 0.304214 0.304214 0.304214 0.304214 0.304214 0.304214 0.304214 0.304214 0.304214 0.304214 0.304214 0.304214 
item 16
15 0 10 25 0 55 45 5 55 5 20 10 10 20 15 5 0 25 0 15 15 5 0 45 0 10 
3.52618 3.52618 3.52618 3.52618 3.52618 3.52618 3.52618 3.52618 3.52618 3.52618 3.52618 3.52618 3.52618 3.52618 3.52618 3.52618 3.52618 3.52618 3.52618 3.52618 3.52618 3.52618 3.52618 3.52618 3.52618 3.52618 
0.544602 0.544602 0.544602 0.544602 0.544602 0.544602 0.544602 0.544602 0.544602 0.544602 0.544602 0.544602 0.544602 0.544602 0.544602 0.544602 0.544602 0.544602 0.544602 0.544602 0.544602 0.544602 0.544602 0.544602 0.544602 0.544602 
item 17
15 30 75 5 50 50 15 25 55 45 35 10 0 5 55 90 30 0 55 0 40 45 0 20 25 45 
45.1061 45.1061 45.1061 45.1061 45.1061 45.1061 45.1061 45.1061 45.1061 45.1061 45.1061 45.1061 45.1061 45.1061 45.1061 45.1061 45.1061 45.1061 45.1061 45.1061 45.1061 45.1061 45.1061 45.1061 45.1061 45.1061 
0.358549 0.358549 0.358549 0.358549 0.358549 0.358549 0.358549 0.358549 0.358549 0.358549 0.358549 0.358549 0.358549 0.358549 0.358549 0.358549 0.358549 0.358549 0.358549 0.358549 0.358549 0.358549 0.358549 0.358549 0.358549 0.358549 
item 18
85 30 10 35 30 25 40 20 60 30 35 0 45 75 30 15 20 40 60 105 45 40 55 85 35 30 
63.0016 63.0016 63.0016 63.0016 63.0016 63.0016 63.0016 63.0016 63.0016 63.0016 63.0016 63.0016 63.0016 63.0016 63.0016 63.0016 63.0016 63.0016 63.0016 63.0016 63.0016 63.0016 63.0016 63.0016 63.0016 63.0016 
0.377245 0.377245 0.377245 0.377245 0.377245 0.377245 0.377245 0.377245 0.377245 0.377245 0.377245 0.377245 0.377245 0.377245 0.377245 0.377245 0.377245 0.377245 0.377245 0.377245 0.377245 0.377245 0.377245 0.377245 0.377245 0.377245 
item 19
60 45 10 0 45 25 25 20 20 65 25 70 5 75 5 90 10 65 20 0 5 30 10 5 35 25 
3.45584 3.45584 3.45584 3.45584 3.45584 3.45584 3.45584 3.45584 3.45584 3.45584 3.45584 3.45584 3.45584 3.45584 3.45584 3.45584 3.45584 3.45584 3.45584 3.45584 3.45584 3.45584 3.45584 3.45584 3.45584 3.45584 
0.247043 0.247043 0.247043 0.247043 0.247043 0.247043 0.247043 0.247043 0.247043 0.247043 0.247043 0.247043 0.247043 0.247043 0.247043 0.247043 0.247043 0.247043 0.247043 0.247043 0.247043 0.247043 0.247043 0.247043 0.247043 0.247043 
