26 20
1000 1000 1000 1000 1000 1000 1000 1000 1000 1000 1000 1000 1000 1000 1000 1000 1000 1000 1000 1000 1000 1000 1000 1000 1000 1000 
item 0
25 10 15 5 15 20 0 5 0 15 25 0 25 5 15 20 0 35 10 0 0 25 40 30 5 20 
22.2125 22.2125 22.2125 22.2125 22.2125 22.2125 22.2125 22.2125 22.2125 22.2125 22.2125 22.2125 22.2125 22.2125 22.2125 22.2125 22.2125 22.2125 22.2125 22.2125 22.2125 22.2125 22.2125 22.2125 22.2125 22.2125 
0.419811 0.419811 0.419811 0.419811 0.419811 0.419811 0.419811 0.419811 0.419811 0.419811 0.419811 0.419811 0.419811 0.419811 0.419811 0.419811 0.419811 0.419811 0.419811 0.419811 0.419811 0.419811 0.419811 0.419811 0.419811 0.419811 
item 1
35 20 5 10 5 25 15 30 20 15 0 30 0 10 10 25 0 0 10 10 30 40 20 20 30 10 
16.0666 16.0666 16.0666 16.0666 16.0666 16.0666 16.0666 16.0666 16.0666 16.0666 16.0666 16.0666 16.0666 16.0666 16.0666 16.0666 16.0666 16.0666 16.0666 16.0666 16.0666 16.0666 16.0666 16.0666 16.0666 16.0666 
0.351058 0.351058 0.351058 0.351058 0.351058 0.351058 0.351058 0.351058 0.351058 0.351058 0.351058 0.351058 0.351058 0.351058 0.351058 0.351058 0.351058 0.351058 0.351058 0.351058 0.351058 0.351058 0.351058 0.351058 0.351058 0.351058 
item 2
20 15 45 0 65 65 15 20 45 60 35 80 0 85 90 0 15 140 85 145 50 30 35 40 165 70 
21.2175 21.2175 21.2175 21.2175 21.2175 21.2175 21.2175 21.2175 21.2175 21.2175 21.2175 21.2175 21.2175 21.2175 21.2175 21.2175 21.2175 21.2175 21.2175 21.2175 21.2175 21.2175 21.2175 21.2175 21.2175 21.2175 
0.127663 0.127663 0.127663 0.127663 0.127663 0.127663 0.127663 0.127663 0.127663 0.127663 0.127663 0.127663 0.127663 0.127663 0.127663 0.127663 0.127663 0.127663 0.127663 0.127663 0.127663 0.127663 0.127663 0.127663 0.127663 0.127663 
item 3
25 5 0 25 45 5 5 0 15 20 15 35 5 0 10 25 20 10 20 0 0 15 30 40 20 5 
48.1644 48.1644 48.1644 48.1644 48.1644 48.1644 48.1644 48.1644 48.1644 48.1644 48.1644 48.1644 48.1644 48.1644 48.1644 48.1644 48.1644 48.1644 48.1644 48.1644 48.1644 48.1644 48.1644 48.1644 48.1644 48.1644 
0.494422 0.494422 0.494422 0.494422 0.494422 0.494422 0.494422 0.494422 0.494422 0.494422 0.494422 0.494422 0.494422 0.494422 0.494422 0.494422 0.494422 0.494422 0.494422 0.494422 0.494422 0.494422 0.494422 0.494422 0.494422 0.494422 
item 4
130 70 70 165 10 5 10 65 100 125 95 90 110 55 0 15 10 60 5 35 15 45 90 40 50 20 
39.9288 39.9288 39.9288 39.9288 39.9288 39.9288 39.9288 39.9288 39.9288 39.9288 39.9288 39.9288 39.9288 39.9288 39.9288 39.9288 39.9288 39.9288 39.9288 39.9288 39.9288 39.9288 39.9288 39.9288 39.9288 39.9288 
0.149935 0.149935 0.149935 0.149935 0.149935 0.149935 0.149935 0.149935 0.149935 0.149935 0.149935 0.149935 0.149935 0.149935 0.149935 0.149935 0.149935 0.149935 0.149935 0.149935 0.149935 0.149935 0.149935 0.149935 0.149935 0.149935 
item 5
75 105 75 180 75 5 20 40 30 95 65 155 90 0 5 105 35 50 100 55 40 30 25 60 65 75 
37.239 37.239 37.239 37.239 37.239 37.239 37.239 37.239 37.239 37.239 37.239 37.239 37.239 37.239 37.239 37.239 37.239 37.239 37.239 37.239 37.239 37.239 37.239 37.239 37.239 37.239 
0.125204 0.125204 0.125204 0.125204 0.125204 0.125204 0.125204 0.125204 0.125204 0.125204 0.125204 0.125204 0.125204 0.125204 0.125204 0.125204 0.125204 0.125204 0.125204 0.125204 0.125204 0.125204 0.125204 0.125204 0.125204 0.125204 
item 6
10 10 15 30 0 15 5 5 10 5 5 0 0 30 15 0 10 10 20 5 5 0 20 5 0 20 
18.9421 18.9421 18.9421 18.9421 18.9421 18.9421 18.9421 18.9421 18.9421 18.9421 18.9421 18.9421 18.9421 18.9421 18.9421 18.9421 18.9421 18.9421 18.9421 18.9421 18.9421 18.9421 18.9421 18.9421 18.9421 18.9421 
0.567986 0.567986 0.567986 0.567986 0.567986 0.567986 0.567986 0.567986 0.567986 0.567986 0.567986 0.567986 0.567986 0.567986 0.567986 0.567986 0.567986 0.567986 0.567986 0.567986 0.567986 0.567986 0.567986 0.567986 0.567986 0.567986 
item 7
30 5 70 40 45 60 80 45 5 15 80 60 45 45 10 20 5 5 35 5 40 0 25 45 15 30 
16.6973 16.6973 16.6973 16.6973 16.6973 16.6973 16.6973 16.6973 16.6973 16.6973 16.6973 16.6973 16.6973 16.6973 16.6973 16.6973 16.6973 16.6973 16.6973 16.6973 16.6973 16.6973 16.6973 16.6973 16.6973 16.6973 
0.217113 0.217113 0.217113 0.217113 0.217113 0.217113 0.217113 0.217113 0.217113 0.217113 0.217113 0.217113 0.217113 0.217113 0.217113 0.217113 0.217113 0.217113 0.217113 0.217113 0.217113 0.217113 0.217113 0.217113 0.217113 0.217113 
item 8
10 0 25 30 10 20 20 15 10 0 15 40 35 35 45 50 0 20 10 10 45 0 45 5 5 15 
39.9691 39.9691 39.9691 39.9691 39.9691 39.9691 39.9691 39.9691 39.9691 39.9691 39.9691 39.9691 39.9691 39.9691 39.9691 39.9691 39.9691 39.9691 39.9691 39.9691 39.9691 39.9691 39.9691 39.9691 39.9691 39.9691 
0.412811 0.412811 0.412811 0.412811 0.412811 0.412811 0.412811 0.412811 0.412811 0.412811 0.412811 0.412811 0.412811 0.412811 0.412811 0.412811 0.412811 0.412811 0.412811 0.412811 0.412811 0.412811 0.412811 0.412811 0.412811 0.412811 
item 9
15 5 40 90 35 0 55 70 5 55 10 75 10 65 35 30 35 30 65 20 5 25 10 10 40 40 
34.4496 34.4496 34.4496 34.4496 34.4496 34.4496 34.4496 34.4496 34.4496 34.4496 34.4496 34.4496 34.4496 34.4496 34.4496 34.4496 34.4496 34.4496 34.4496 34.4496 34.4496 34.4496 34.4496 34.4496 34.4496 34.4496 
0.258652 0.258652 0.258652 0.258652 0.258652 0.258652 0.258652 0.258652 0.258652 0.258652 0.258652 0.258652 0.258652 0.258652 0.258652 0.258652 0.258652 0.258652 0.258652 0.258652 0.258652 0.258652 0.258652 0.258652 0.258652 0.258652 
item 10
120 30 75 25 5 95 20 20 40 80 15 30 35 20 55 65 10 120 15 10 20 30 115 10 95 90 
45.6147 45.6147 45.6147 45.6147 45.6147 45.6147 45.6147 45.6147 45.6147 45.6147 45.6147 45.6147 45.6147 45.6147 45.6147 45.6147 45.6147 45.6147 45.6147 45.6147 45.6147 45.6147 45.6147 45.6147 45.6147 45.6147 
0.15511 0.15511 0.15511 0.15511 0.15511 0.15511 0.15511 0.15511 0.15511 0.15511 0.15511 0.15511 0.15511 0.15511 0.15511 0.15511 0.15511 0.15511 0.15511 0.15511 0.15511 0.15511 0.15511 0.15511 0.15511 0.15511 
item 11
10 0 20 5 25 20 15 5 10 10 10 0 10 15 0 30 0 15 10 10 0 25 15 0 0 0 
5.68551 5.68551 5.68551 5.68551 5.68551 5.68551 5.68551 5.68551 5.68551 5.68551 5.68551 5.68551 5.68551 5.68551 5.68551 5.68551 5.68551 5.68551 5.68551 5.68551 5.68551 5.68551 5.68551 5.68551 5.68551 5.68551 
0.540718 0.540718 0.540718 0.540718 0.540718 0.540718 0.540718 0.540718 0.540718 0.540718 0.540718 0.540718 0.540718 0.540718 0.540718 0.540718 0.540718 0.540718 0.540718 0.540718 0.540718 0.540718 0.540718 0.540718 0.540718 0.540718 
item 12
5 25 30 10 0 0 10 10 10 10 30 0 20 20 15 5 10 0 0 25 10 5 30 15 20 10 
36.3883 36.3883 36.3883 36.3883 36.3883 36.3883 36.3883 36.3883 36.3883 36.3883 36.3883 36.3883 36.3883 36.3883 36.3883 36.3883 36.3883 36.3883 36.3883 36.3883 36.3883 36.3883 36.3883 36.3883 36.3883 36.3883 
0.531633 0.531633 0.531633 0.531633 0.531633 0.531633 0.531633 0.531633 0.531633 0.531633 0.531633 0.531633 0.531633 0.531633 0.531633 0.531633 0.531633 0.531633 0.531633 0.531633 0.531633 0.531633 0.531633 0.531633 0.531633 0.531633 
item 13
20 5 25 0 45 5 0 30 5 5 35 0 0 40 5 30 5 15 25 0 10 5 25 0 5 10 
4.91738 4.91738 4.91738 4.91738 4.91738 4.91738 4.91738 4.91738 4.91738 4.91738 4.91738 4.91738 4.91738 4.91738 4.91738 4.91738 4.91738 4.91738 4.91738 4.91738 4.91738 4.91738 4.91738 4.91738 4.91738 4.91738 
0.376786 0.376786 0.376786 0.376786 0.376786 0.376786 0.376786 0.376786 0.376786 0.376786 0.376786 0.376786 0.376786 0.376786 0.376786 0.376786 0.376786 0.376786 0.376786 0.376786 0.376786 0.376786 0.376786 0.376786 0.376786 0.376786 
item 14
15 5 20 45 0 15 25 5 55 35 55 20 0 15 60 5 10 35 5 20 5 5 0 0 5 5 
1.91475 1.91475 1.91475 1.91475 1.91475 1.91475 1.91475 1.91475 1.91475 1.91475 1.91475 1.91475 1.91475 1.91475 1.91475 1.91475 1.91475 1.91475 1.91475 1.91475 1.91475 1.91475 1.91475 1.91475 1.91475 1.91475 
0.218693 0.218693 0.218693 0.218693 0.218693 0.218693 0.218693 0.218693 0.218693 0.218693 0.218693 0.218693 0.218693 0.218693 0.218693 0.218693 0.218693 0.218693 0.218693 0.218693 0.218693 0.218693 0.218693 0.218693 0.218693 0.218693 
item 15
5 10 0 0 5 15 30 10 30 0 30 25 5 10 5 0 0 10 0 5 5 0 10 15 20 25 
10.2 10.2 10.2 10.2 10.2 10.2 10.2 10.2 10.2 10.2 10.2 10.2 10.2 10.2 10.2 10.2 10.2 10.2 10.2 10.2 10.2 10.2 10.2 10.2 10.2 10.2 
0.471998 0.471998 0.471998 0.471998 0.471998 0.471998 0.471998 0.471998 0.471998 0.471998 0.471998 0.471998 0.471998 0.471998 0.471998 0.471998 0.471998 0.471998 0.471998 0.471998 0.471998 0.471998 0.471998 0.471998 0.471998 0.471998 
item 16
80 25 15 25 10 5 25 15 75 20 20 30 15 55 50 0 5 80 85 100 10 95 0 60 20 5 
1.63144 1.63144 1.63144 1.63144 1.63144 1.63144 1.63144 1.63144 1.63144 1.63144 1.63144 1.63144 1.63144 1.63144 1.63144 1.63144 1.63144 1.63144 1.63144 1.63144 1.63144 1.63144 1.63144 1.63144 1.63144 1.63144 
0.141253 0.141253 0.141253 0.141253 0.141253 0.141253 0.141253 0.141253 0.141253 0.141253 0.141253 0.141253 0.141253 0.141253 0.141253 0.141253 0.141253 0.141253 0.141253 0.141253 0.141253 0.141253 0.141253 0.141253 0.141253 0.141253 
item 17
55 30 15 10 5 20 40 0 20 30 15 20 20 15 15 15 20 30 15 10 15 5 15 45 5 50 
41.2526 41.2526 41.2526 41.2526 41.2526 41.2526 41.2526 41.2526 41.2526 41.2526 41.2526 41.2526 41.2526 41.2526 41.2526 41.2526 41.2526 41.2526 41.2526 41.2526 41.2526 41.2526 41.2526 41.2526 41.2526 41.2526 
0.431947 0.431947 0.431947 0.431947 0.431947 0.431947 0.431947 0.431947 0.431947 0.431947 0.431947 0.431947 0.431947 0.431947 0.431947 0.431947 0.431947 0.431947 0.431947 0.431947 0.431947 0.431947 0.431947 0.431947 0.431947 0.431947 
item 18
35 0 20 0 0 10 10 10 15 25 0 15 0 25 25 25 5 0 45 10 5 25 5 0 5 15 
10.3385 10.3385 10.3385 10.3385 10.3385 10.3385 10.3385 10.3385 10.3385 10.3385 10.3385 10.3385 10.3385 10.3385 10.3385 10.3385 10.3385 10.3385 10.3385 10.3385 10.3385 10.3385 10.3385 10.3385 10.3385 10.3385 
0.423716 0.423716 0.423716 0.423716 0.423716 0.423716 0.423716 0.423716 0.423716 0.423716 0.423716 0.423716 0.423716 0.423716 0.423716 0.423716 0.423716 0.423716 0.423716 0.423716 0.423716 0.423716 0.423716 0.423716 0.423716 0.423716 
item 19
45 75 20 75 20 70 45 20 20 25 20 15 0 60 20 40 75 15 75 0 105 10 50 85 25 55 
47.1698 47.1698 47.1698 47.1698 47.1698 47.1698 47.1698 47.1698 47.1698 47.1698 47.1698 47.1698 47.1698 47.1698 47.1698 47.1698 47.1698 47.1698 47.1698 47.1698 47.1698 47.1698 47.1698 47.1698 47.1698 47.1698 
0.198951 0.198951 0.198951 0.198951 0.198951 0.198951 0.198951 0.198951 0.198951 0.198951 0.198951 0.198951 0.198951 0.198951 0.198951 0.198951 0.198951 0.198951 0.198951 0.198951 0.198951 0.198951 0.198951 0.198951 0.198951 0.198951 
