26 10
1000 1000 1000 1000 1000 1000 1000 1000 1000 1000 1000 1000 1000 1000 1000 1000 1000 1000 1000 1000 1000 1000 1000 1000 1000 1000 
item 0
30 0 65 30 60 95 65 75 5 120 65 50 120 30 15 95 75 75 75 45 40 15 105 70 25 70 
238.09 238.09 238.09 238.09 238.09 238.09 238.09 238.09 238.09 238.09 238.09 238.09 238.09 238.09 238.09 238.09 238.09 238.09 238.09 238.09 238.09 238.09 238.09 238.09 238.09 238.09 
0.522518 0.522518 0.522518 0.522518 0.522518 0.522518 0.522518 0.522518 0.522518 0.522518 0.522518 0.522518 0.522518 0.522518 0.522518 0.522518 0.522518 0.522518 0.522518 0.522518 0.522518 0.522518 0.522518 0.522518 0.522518 0.522518 
item 1
30 10 10 5 45 20 35 15 5 50 15 0 40 60 30 25 20 40 35 0 40 10 5 0 5 30 
25.7201 25.7201 25.7201 25.7201 25.7201 25.7201 25.7201 25.7201 25.7201 25.7201 25.7201 25.7201 25.7201 25.7201 25.7201 25.7201 25.7201 25.7201 25.7201 25.7201 25.7201 25.7201 25.7201 25.7201 25.7201 25.7201 
0.592666 0.592666 0.592666 0.592666 0.592666 0.592666 0.592666 0.592666 0.592666 0.592666 0.592666 0.592666 0.592666 0.592666 0.592666 0.592666 0.592666 0.592666 0.592666 0.592666 0.592666 0.592666 0.592666 0.592666 0.592666 0.592666 
item 2
45 65 135 65 30 145 65 30 100 15 35 45 15 80 25 105 125 20 60 200 125 60 155 220 35 60 
254.886 254.886 254.886 254.886 254.886 254.886 254.886 254.886 254.886 254.886 254.886 254.886 254.886 254.886 254.886 254.886 254.886 254.886 254.886 254.886 254.886 254.886 254.886 254.886 254.886 254.886 
0.371068 0.371068 0.371068 0.371068 0.371068 0.371068 0.371068 0.371068 0.371068 0.371068 0.371068 0.371068 0.371068 0.371068 0.371068 0.371068 0.371068 0.371068 0.371068 0.371068 0.371068 0.371068 0.371068 0.371068 0.371068 0.371068 
item 3
200 140 90 115 175 255 80 120 215 330 140 40 240 190 90 195 210 35 120 190 250 250 210 245 215 130 
266.635 266.635 266.635 266.635 266.635 266.635 266.635 266.635 266.635 266.635 266.635 266.635 266.635 266.635 266.635 266.635 266.635 266.635 266.635 266.635 266.635 266.635 266.635 266.635 266.635 266.635 
0.262741 0.262741 0.262741 0.262741 0.262741 0.262741 0.262741 0.262741 0.262741 0.262741 0.262741 0.262741 0.262741 0.262741 0.262741 0.262741 0.262741 0.262741 0.262741 0.262741 0.262741 0.262741 0.262741 0.262741 0.262741 0.262741 
item 4
110 165 175 105 100 130 85 80 130 180 160 200 90 165 205 25 190 5 10 125 95 225 5 30 55 100 
258.252 258.252 258.252 258.252 258.252 258.252 258.252 258.252 258.252 258.252 258.252 258.252 258.252 258.252 258.252 258.252 258.252 258.252 258.252 258.252 258.252 258.252 258.252 258.252 258.252 258.252 
0.375983 0.375983 0.375983 0.375983 0.375983 0.375983 0.375983 0.375983 0.375983 0.375983 0.375983 0.375983 0.375983 0.375983 0.375983 0.375983 0.375983 0.375983 0.375983 0.375983 0.375983 0.375983 0.375983 0.375983 0.375983 0.375983 
item 5
55 60 45 55 25 140 165 85 45 5 80 105 50 75 80 180 15 55 90 150 230 35 80 15 0 125 
177.005 177.005 177.005 177.005 177.005 177.005 177.005 177.005 177.005 177.005 177.005 177.005 177.005 177.005 177.005 177.005 177.005 177.005 177.005 177.005 177.005 177.005 177.005 177.005 177.005 177.005 
0.298395 0.298395 0.298395 0.298395 0.298395 0.298395 0.298395 0.298395 0.298395 0.298395 0.298395 0.298395 0.298395 0.298395 0.298395 0.298395 0.298395 0.298395 0.298395 0.298395 0.298395 0.298395 0.298395 0.298395 0.298395 0.298395 
item 6
245 70 225 50 165 295 60 325 50 195 185 285 160 195 295 20 180 60 265 60 80 20 230 285 50 105 
290.878 290.878 290.878 290.878 290.878 290.878 290.878 290.878 290.878 290.878 290.878 290.878 290.878 290.878 290.878 290.878 290.878 290.878 290.878 290.878 290.878 290.878 290.878 290.878 290.878 290.878 
0.226219 0.226219 0.226219 0.226219 0.226219 0.226219 0.226219 0.226219 0.226219 0.226219 0.226219 0.226219 0.226219 0.226219 0.226219 0.226219 0.226219 0.226219 0.226219 0.226219 0.226219 0.226219 0.226219 0.226219 0.226219 0.226219 
item 7
40 100 25 40 100 80 55 95 55 15 85 30 10 115 10 20 80 65 75 20 45 75 80 145 0 50 
218.375 218.375 218.375 218.375 218.375 218.375 218.375 218.375 218.375 218.375 218.375 218.375 218.375 218.375 218.375 218.375 218.375 218.375 218.375 218.375 218.375 218.375 218.375 218.375 218.375 218.375 
0.543616 0.543616 0.543616 0.543616 0.543616 0.543616 0.543616 0.543616 0.543616 0.543616 0.543616 0.543616 0.543616 0.543616 0.543616 0.543616 0.543616 0.543616 0.543616 0.543616 0.543616 0.543616 0.543616 0.543616 0.543616 0.543616 
item 8
115 35 30 15 165 25 15 55 25 140 40 45 10 145 5 205 185 65 0 95 5 15 90 25 70 5 
16.8737 16.8737 16.8737 16.8737 16.8737 16.8737 16.8737 16.8737 16.8737 16.8737 16.8737 16.8737 16.8737 16.8737 16.8737 16.8737 16.8737 16.8737 16.8737 16.8737 16.8737 16.8737 16.8737 16.8737 16.8737 16.8737 
0.173554 0.173554 0.173554 0.173554 0.173554 0.173554 0.173554 0.173554 0.173554 0.173554 0.173554 0.173554 0.173554 0.173554 0.173554 0.173554 0.173554 0.173554 0.173554 0.173554 0.173554 0.173554 0.173554 0.173554 0.173554 0.173554 
item 9
35 80 40 60 85 20 60 130 40 100 80 60 90 0 10 5 50 90 80 75 85 105 110 20 70 65 
253.285 253.285 253.285 253.285 253.285 253.285 253.285 253.285 253.285 253.285 253.285 253.285 253.285 253.285 253.285 253.285 253.285 253.285 253.285 253.285 253.285 253.285 253.285 253.285 253.285 253.285 
0.580368 0.580368 0.580368 0.580368 0.580368 0.580368 0.580368 0.580368 0.580368 0.580368 0.580368 0.580368 0.580368 0.580368 0.580368 0.580368 0.580368 0.580368 0.580368 0.580368 0.580368 0.580368 0.580368 0.580368 0.580368 0.580368 
