13 10
1000 1000 1000 1000 1000 1000 1000 1000 1000 1000 1000 1000 1000 
item 0
225 125 190 425 65 5 35 150 230 35 270 275 70 
27.1811 27.1811 27.1811 27.1811 27.1811 27.1811 27.1811 27.1811 27.1811 27.1811 27.1811 27.1811 27.1811 
0.104072 0.104072 0.104072 0.104072 0.104072 0.104072 0.104072 0.104072 0.104072 0.104072 0.104072 0.104072 0.104072 
item 1
115 100 10 185 85 25 170 25 115 90 120 80 25 
149.322 149.322 149.322 149.322 149.322 149.322 149.322 149.322 149.322 149.322 149.322 149.322 149.322 
0.396774 0.396774 0.396774 0.396774 0.396774 0.396774 0.396774 0.396774 0.396774 0.396774 0.396774 0.396774 0.396774 
item 2
10 65 5 85 55 5 15 70 5 40 15 100 25 
24.1378 24.1378 24.1378 24.1378 24.1378 24.1378 24.1378 24.1378 24.1378 24.1378 24.1378 24.1378 24.1378 
0.551034 0.551034 0.551034 0.551034 0.551034 0.551034 0.551034 0.551034 0.551034 0.551034 0.551034 0.551034 0.551034 
item 3
40 20 155 60 5 15 75 150 140 270 40 10 190 
6.46106 6.46106 6.46106 6.46106 6.46106 6.46106 6.46106 6.46106 6.46106 6.46106 6.46106 6.46106 6.46106 
0.225246 0.225246 0.225246 0.225246 0.225246 0.225246 0.225246 0.225246 0.225246 0.225246 0.225246 0.225246 0.225246 
item 4
55 130 235 5 95 25 60 65 150 235 145 45 100 
6.92949 6.92949 6.92949 6.92949 6.92949 6.92949 6.92949 6.92949 6.92949 6.92949 6.92949 6.92949 6.92949 
0.252107 0.252107 0.252107 0.252107 0.252107 0.252107 0.252107 0.252107 0.252107 0.252107 0.252107 0.252107 0.252107 
item 5
15 90 10 50 95 150 15 110 10 45 225 45 150 
163.573 163.573 163.573 163.573 163.573 163.573 163.573 163.573 163.573 163.573 163.573 163.573 163.573 
0.443913 0.443913 0.443913 0.443913 0.443913 0.443913 0.443913 0.443913 0.443913 0.443913 0.443913 0.443913 0.443913 
item 6
535 100 425 335 90 560 295 75 305 5 395 205 460 
86.0557 86.0557 86.0557 86.0557 86.0557 86.0557 86.0557 86.0557 86.0557 86.0557 86.0557 86.0557 86.0557 
0.1341 0.1341 0.1341 0.1341 0.1341 0.1341 0.1341 0.1341 0.1341 0.1341 0.1341 0.1341 0.1341 
item 7
590 85 45 105 465 300 160 195 405 70 0 20 295 
17.1886 17.1886 17.1886 17.1886 17.1886 17.1886 17.1886 17.1886 17.1886 17.1886 17.1886 17.1886 17.1886 
0.102444 0.102444 0.102444 0.102444 0.102444 0.102444 0.102444 0.102444 0.102444 0.102444 0.102444 0.102444 0.102444 
item 8
25 25 30 30 55 25 35 50 5 35 10 75 5 
13.7515 13.7515 13.7515 13.7515 13.7515 13.7515 13.7515 13.7515 13.7515 13.7515 13.7515 13.7515 13.7515 
0.415832 0.415832 0.415832 0.415832 0.415832 0.415832 0.415832 0.415832 0.415832 0.415832 0.415832 0.415832 0.415832 
item 9
25 35 5 15 55 90 125 5 5 0 65 20 15 
5.39978 5.39978 5.39978 5.39978 5.39978 5.39978 5.39978 5.39978 5.39978 5.39978 5.39978 5.39978 5.39978 
0.394586 0.394586 0.394586 0.394586 0.394586 0.394586 0.394586 0.394586 0.394586 0.394586 0.394586 0.394586 0.394586 
