26 20
1000 1000 1000 1000 1000 1000 1000 1000 1000 1000 1000 1000 1000 1000 1000 1000 1000 1000 1000 1000 1000 1000 1000 1000 1000 1000 
item 0
45 15 50 50 10 35 10 15 35 5 45 10 30 45 40 10 5 60 10 45 10 0 0 40 30 75 
40.4841 40.4841 40.4841 40.4841 40.4841 40.4841 40.4841 40.4841 40.4841 40.4841 40.4841 40.4841 40.4841 40.4841 40.4841 40.4841 40.4841 40.4841 40.4841 40.4841 40.4841 40.4841 40.4841 40.4841 40.4841 40.4841 
0.310965 0.310965 0.310965 0.310965 0.310965 0.310965 0.310965 0.310965 0.310965 0.310965 0.310965 0.310965 0.310965 0.310965 0.310965 0.310965 0.310965 0.310965 0.310965 0.310965 0.310965 0.310965 0.310965 0.310965 0.310965 0.310965 
item 1
45 35 20 50 50 60 55 25 35 0 45 65 45 35 5 45 70 10 95 45 35 45 75 30 35 55 
88.7473 88.7473 88.7473 88.7473 88.7473 88.7473 88.7473 88.7473 88.7473 88.7473 88.7473 88.7473 88.7473 88.7473 88.7473 88.7473 88.7473 88.7473 88.7473 88.7473 88.7473 88.7473 88.7473 88.7473 88.7473 88.7473 
0.361747 0.361747 0.361747 0.361747 0.361747 0.361747 0.361747 0.361747 0.361747 0.361747 0.361747 0.361747 0.361747 0.361747 0.361747 0.361747 0.361747 0.361747 0.361747 0.361747 0.361747 0.361747 0.361747 0.361747 0.361747 0.361747 
item 2
5 30 30 5 5 25 0 10 20 50 15 45 35 35 0 5 20 0 25 5 40 5 10 15 30 30 
52.2619 52.2619 52.2619 52.2619 52.2619 52.2619 52.2619 52.2619 52.2619 52.2619 52.2619 52.2619 52.2619 52.2619 52.2619 52.2619 52.2619 52.2619 52.2619 52.2619 52.2619 52.2619 52.2619 52.2619 52.2619 52.2619 
0.492262 0.492262 0.492262 0.492262 0.492262 0.492262 0.492262 0.492262 0.492262 0.492262 0.492262 0.492262 0.492262 0.492262 0.492262 0.492262 0.492262 0.492262 0.492262 0.492262 0.492262 0.492262 0.492262 0.492262 0.492262 0.492262 
item 3
25 75 85 10 15 75 165 30 130 15 75 20 180 130 145 155 85 35 195 160 20 0 35 70 20 85 
204.34 204.34 204.34 204.34 204.34 204.34 204.34 204.34 204.34 204.34 204.34 204.34 204.34 204.34 204.34 204.34 204.34 204.34 204.34 204.34 204.34 204.34 204.34 204.34 204.34 204.34 
0.275405 0.275405 0.275405 0.275405 0.275405 0.275405 0.275405 0.275405 0.275405 0.275405 0.275405 0.275405 0.275405 0.275405 0.275405 0.275405 0.275405 0.275405 0.275405 0.275405 0.275405 0.275405 0.275405 0.275405 0.275405 0.275405 
item 4
135 65 85 200 110 160 155 0 210 200 70 60 110 160 135 100 200 55 70 55 225 10 145 25 40 185 
108.521 108.521 108.521 108.521 108.521 108.521 108.521 108.521 108.521 108.521 108.521 108.521 108.521 108.521 108.521 108.521 108.521 108.521 108.521 108.521 108.521 108.521 108.521 108.521 108.521 108.521 
0.121819 0.121819 0.121819 0.121819 0.121819 0.121819 0.121819 0.121819 0.121819 0.121819 0.121819 0.121819 0.121819 0.121819 0.121819 0.121819 0.121819 0.121819 0.121819 0.121819 0.121819 0.121819 0.121819 0.121819 0.121819 0.121819 
item 5
0 40 45 45 0 5 25 0 25 30 0 10 20 35 15 5 5 10 10 0 20 5 15 25 25 20 
61.5232 61.5232 61.5232 61.5232 61.5232 61.5232 61.5232 61.5232 61.5232 61.5232 61.5232 61.5232 61.5232 61.5232 61.5232 61.5232 61.5232 61.5232 61.5232 61.5232 61.5232 61.5232 61.5232 61.5232 61.5232 61.5232 
0.51663 0.51663 0.51663 0.51663 0.51663 0.51663 0.51663 0.51663 0.51663 0.51663 0.51663 0.51663 0.51663 0.51663 0.51663 0.51663 0.51663 0.51663 0.51663 0.51663 0.51663 0.51663 0.51663 0.51663 0.51663 0.51663 
item 6
15 35 50 5 25 45 0 0 20 10 15 5 40 15 25 25 20 25 0 10 15 50 25 25 0 15 
72.815 72.815 72.815 72.815 72.815 72.815 72.815 72.815 72.815 72.815 72.815 72.815 72.815 72.815 72.815 72.815 72.815 72.815 72.815 72.815 72.815 72.815 72.815 72.815 72.815 72.815 
0.519147 0.519147 0.519147 0.519147 0.519147 0.519147 0.519147 0.519147 0.519147 0.519147 0.519147 0.519147 0.519147 0.519147 0.519147 0.519147 0.519147 0.519147 0.519147 0.519147 0.519147 0.519147 0.519147 0.519147 0.519147 0.519147 
item 7
120 65 135 0 15 125 170 125 35 85 30 170 45 10 65 165 100 165 140 90 25 60 150 110 130 10 
203.299 203.299 203.299 203.299 203.299 203.299 203.299 203.299 203.299 203.299 203.299 203.299 203.299 203.299 203.299 203.299 203.299 203.299 203.299 203.299 203.299 203.299 203.299 203.299 203.299 203.299 
0.284798 0.284798 0.284798 0.284798 0.284798 0.284798 0.284798 0.284798 0.284798 0.284798 0.284798 0.284798 0.284798 0.284798 0.284798 0.284798 0.284798 0.284798 0.284798 0.284798 0.284798 0.284798 0.284798 0.284798 0.284798 0.284798 
item 8
5 0 10 0 10 30 15 0 10 20 15 10 0 15 25 10 0 10 15 0 15 25 15 10 15 5 
19.1004 19.1004 19.1004 19.1004 19.1004 19.1004 19.1004 19.1004 19.1004 19.1004 19.1004 19.1004 19.1004 19.1004 19.1004 19.1004 19.1004 19.1004 19.1004 19.1004 19.1004 19.1004 19.1004 19.1004 19.1004 19.1004 
0.532787 0.532787 0.532787 0.532787 0.532787 0.532787 0.532787 0.532787 0.532787 0.532787 0.532787 0.532787 0.532787 0.532787 0.532787 0.532787 0.532787 0.532787 0.532787 0.532787 0.532787 0.532787 0.532787 0.532787 0.532787 0.532787 
item 9
0 15 5 5 0 10 15 30 15 40 5 25 0 0 0 0 0 0 30 0 10 0 5 0 10 35 
28.2573 28.2573 28.2573 28.2573 28.2573 28.2573 28.2573 28.2573 28.2573 28.2573 28.2573 28.2573 28.2573 28.2573 28.2573 28.2573 28.2573 28.2573 28.2573 28.2573 28.2573 28.2573 28.2573 28.2573 28.2573 28.2573 
0.552428 0.552428 0.552428 0.552428 0.552428 0.552428 0.552428 0.552428 0.552428 0.552428 0.552428 0.552428 0.552428 0.552428 0.552428 0.552428 0.552428 0.552428 0.552428 0.552428 0.552428 0.552428 0.552428 0.552428 0.552428 0.552428 
item 10
15 5 55 20 20 25 20 20 35 30 20 35 40 5 20 15 0 45 10 5 30 15 25 60 15 5 
37.5124 37.5124 37.5124 37.5124 37.5124 37.5124 37.5124 37.5124 37.5124 37.5124 37.5124 37.5124 37.5124 37.5124 37.5124 37.5124 37.5124 37.5124 37.5124 37.5124 37.5124 37.5124 37.5124 37.5124 37.5124 37.5124 
0.396986 0.396986 0.396986 0.396986 0.396986 0.396986 0.396986 0.396986 0.396986 0.396986 0.396986 0.396986 0.396986 0.396986 0.396986 0.396986 0.396986 0.396986 0.396986 0.396986 0.396986 0.396986 0.396986 0.396986 0.396986 0.396986 
item 11
10 20 15 35 30 80 60 45 50 60 5 5 35 30 10 50 15 20 5 15 55 30 55 35 0 55 
166.373 166.373 166.373 166.373 166.373 166.373 166.373 166.373 166.373 166.373 166.373 166.373 166.373 166.373 166.373 166.373 166.373 166.373 166.373 166.373 166.373 166.373 166.373 166.373 166.373 166.373 
0.565537 0.565537 0.565537 0.565537 0.565537 0.565537 0.565537 0.565537 0.565537 0.565537 0.565537 0.565537 0.565537 0.565537 0.565537 0.565537 0.565537 0.565537 0.565537 0.565537 0.565537 0.565537 0.565537 0.565537 0.565537 0.565537 
item 12
15 0 0 20 20 25 0 5 15 5 0 20 40 10 5 30 10 10 15 50 20 45 10 35 5 5 
29.2674 29.2674 29.2674 29.2674 29.2674 29.2674 29.2674 29.2674 29.2674 29.2674 29.2674 29.2674 29.2674 29.2674 29.2674 29.2674 29.2674 29.2674 29.2674 29.2674 29.2674 29.2674 29.2674 29.2674 29.2674 29.2674 
0.461425 0.461425 0.461425 0.461425 0.461425 0.461425 0.461425 0.461425 0.461425 0.461425 0.461425 0.461425 0.461425 0.461425 0.461425 0.461425 0.461425 0.461425 0.461425 0.461425 0.461425 0.461425 0.461425 0.461425 0.461425 0.461425 
item 13
60 30 65 25 55 0 15 15 80 55 30 75 35 60 0 65 40 5 25 30 40 30 85 90 55 30 
197.195 197.195 197.195 197.195 197.195 197.195 197.195 197.195 197.195 197.195 197.195 197.195 197.195 197.195 197.195 197.195 197.195 197.195 197.195 197.195 197.195 197.195 197.195 197.195 197.195 197.195 
0.562307 0.562307 0.562307 0.562307 0.562307 0.562307 0.562307 0.562307 0.562307 0.562307 0.562307 0.562307 0.562307 0.562307 0.562307 0.562307 0.562307 0.562307 0.562307 0.562307 0.562307 0.562307 0.562307 0.562307 0.562307 0.562307 
item 14
10 60 60 65 65 45 90 85 30 110 65 15 10 30 15 60 80 50 0 45 10 70 70 20 85 5 
144.819 144.819 144.819 144.819 144.819 144.819 144.819 144.819 144.819 144.819 144.819 144.819 144.819 144.819 144.819 144.819 144.819 144.819 144.819 144.819 144.819 144.819 144.819 144.819 144.819 144.819 
0.387177 0.387177 0.387177 0.387177 0.387177 0.387177 0.387177 0.387177 0.387177 0.387177 0.387177 0.387177 0.387177 0.387177 0.387177 0.387177 0.387177 0.387177 0.387177 0.387177 0.387177 0.387177 0.387177 0.387177 0.387177 0.387177 
item 15
15 40 50 40 15 5 0 45 0 105 10 110 40 65 25 70 35 40 85 65 50 10 45 0 55 15 
152.164 152.164 152.164 152.164 152.164 152.164 152.164 152.164 152.164 152.164 152.164 152.164 152.164 152.164 152.164 152.164 152.164 152.164 152.164 152.164 152.164 152.164 152.164 152.164 152.164 152.164 
0.414963 0.414963 0.414963 0.414963 0.414963 0.414963 0.414963 0.414963 0.414963 0.414963 0.414963 0.414963 0.414963 0.414963 0.414963 0.414963 0.414963 0.414963 0.414963 0.414963 0.414963 0.414963 0.414963 0.414963 0.414963 0.414963 
item 16
215 50 20 110 115 195 185 140 170 195 265 125 20 80 225 50 140 40 55 15 250 45 100 220 90 180 
149.976 149.976 149.976 149.976 149.976 149.976 149.976 149.976 149.976 149.976 149.976 149.976 149.976 149.976 149.976 149.976 149.976 149.976 149.976 149.976 149.976 149.976 149.976 149.976 149.976 149.976 
0.15825 0.15825 0.15825 0.15825 0.15825 0.15825 0.15825 0.15825 0.15825 0.15825 0.15825 0.15825 0.15825 0.15825 0.15825 0.15825 0.15825 0.15825 0.15825 0.15825 0.15825 0.15825 0.15825 0.15825 0.15825 0.15825 
item 17
15 15 20 50 0 20 30 15 25 5 0 15 15 55 20 5 20 0 25 15 30 25 40 10 20 15 
46.7512 46.7512 46.7512 46.7512 46.7512 46.7512 46.7512 46.7512 46.7512 46.7512 46.7512 46.7512 46.7512 46.7512 46.7512 46.7512 46.7512 46.7512 46.7512 46.7512 46.7512 46.7512 46.7512 46.7512 46.7512 46.7512 
0.439026 0.439026 0.439026 0.439026 0.439026 0.439026 0.439026 0.439026 0.439026 0.439026 0.439026 0.439026 0.439026 0.439026 0.439026 0.439026 0.439026 0.439026 0.439026 0.439026 0.439026 0.439026 0.439026 0.439026 0.439026 0.439026 
item 18
115 0 65 140 100 0 120 95 20 70 15 5 90 130 10 95 25 30 85 85 35 70 25 90 15 0 
192.548 192.548 192.548 192.548 192.548 192.548 192.548 192.548 192.548 192.548 192.548 192.548 192.548 192.548 192.548 192.548 192.548 192.548 192.548 192.548 192.548 192.548 192.548 192.548 192.548 192.548 
0.343077 0.343077 0.343077 0.343077 0.343077 0.343077 0.343077 0.343077 0.343077 0.343077 0.343077 0.343077 0.343077 0.343077 0.343077 0.343077 0.343077 0.343077 0.343077 0.343077 0.343077 0.343077 0.343077 0.343077 0.343077 0.343077 
item 19
70 20 5 80 15 0 65 35 20 25 20 5 50 5 50 45 0 20 15 0 10 30 0 25 55 5 
4.04523 4.04523 4.04523 4.04523 4.04523 4.04523 4.04523 4.04523 4.04523 4.04523 4.04523 4.04523 4.04523 4.04523 4.04523 4.04523 4.04523 4.04523 4.04523 4.04523 4.04523 4.04523 4.04523 4.04523 4.04523 4.04523 
0.192397 0.192397 0.192397 0.192397 0.192397 0.192397 0.192397 0.192397 0.192397 0.192397 0.192397 0.192397 0.192397 0.192397 0.192397 0.192397 0.192397 0.192397 0.192397 0.192397 0.192397 0.192397 0.192397 0.192397 0.192397 0.192397 
