26 10
1000 1000 1000 1000 1000 1000 1000 1000 1000 1000 1000 1000 1000 1000 1000 1000 1000 1000 1000 1000 1000 1000 1000 1000 1000 1000 
item 0
50 80 40 75 165 120 70 25 40 30 90 100 55 145 75 25 155 95 85 110 35 200 115 35 125 135 
23.7679 23.7679 23.7679 23.7679 23.7679 23.7679 23.7679 23.7679 23.7679 23.7679 23.7679 23.7679 23.7679 23.7679 23.7679 23.7679 23.7679 23.7679 23.7679 23.7679 23.7679 23.7679 23.7679 23.7679 23.7679 23.7679 
0.213719 0.213719 0.213719 0.213719 0.213719 0.213719 0.213719 0.213719 0.213719 0.213719 0.213719 0.213719 0.213719 0.213719 0.213719 0.213719 0.213719 0.213719 0.213719 0.213719 0.213719 0.213719 0.213719 0.213719 0.213719 0.213719 
item 1
10 95 65 10 105 85 95 10 25 15 90 110 90 25 45 30 60 60 5 25 20 70 85 10 30 10 
38.5536 38.5536 38.5536 38.5536 38.5536 38.5536 38.5536 38.5536 38.5536 38.5536 38.5536 38.5536 38.5536 38.5536 38.5536 38.5536 38.5536 38.5536 38.5536 38.5536 38.5536 38.5536 38.5536 38.5536 38.5536 38.5536 
0.477797 0.477797 0.477797 0.477797 0.477797 0.477797 0.477797 0.477797 0.477797 0.477797 0.477797 0.477797 0.477797 0.477797 0.477797 0.477797 0.477797 0.477797 0.477797 0.477797 0.477797 0.477797 0.477797 0.477797 0.477797 0.477797 
item 2
0 5 85 20 95 10 105 55 20 45 15 50 0 65 30 30 10 10 85 50 60 20 50 10 60 90 
43.7687 43.7687 43.7687 43.7687 43.7687 43.7687 43.7687 43.7687 43.7687 43.7687 43.7687 43.7687 43.7687 43.7687 43.7687 43.7687 43.7687 43.7687 43.7687 43.7687 43.7687 43.7687 43.7687 43.7687 43.7687 43.7687 
0.438914 0.438914 0.438914 0.438914 0.438914 0.438914 0.438914 0.438914 0.438914 0.438914 0.438914 0.438914 0.438914 0.438914 0.438914 0.438914 0.438914 0.438914 0.438914 0.438914 0.438914 0.438914 0.438914 0.438914 0.438914 0.438914 
item 3
70 115 40 70 50 65 5 40 40 50 55 130 70 0 145 120 50 145 20 80 40 120 85 15 150 105 
69.6887 69.6887 69.6887 69.6887 69.6887 69.6887 69.6887 69.6887 69.6887 69.6887 69.6887 69.6887 69.6887 69.6887 69.6887 69.6887 69.6887 69.6887 69.6887 69.6887 69.6887 69.6887 69.6887 69.6887 69.6887 69.6887 
0.436545 0.436545 0.436545 0.436545 0.436545 0.436545 0.436545 0.436545 0.436545 0.436545 0.436545 0.436545 0.436545 0.436545 0.436545 0.436545 0.436545 0.436545 0.436545 0.436545 0.436545 0.436545 0.436545 0.436545 0.436545 0.436545 
item 4
150 65 30 70 80 130 65 115 5 85 50 45 120 110 100 170 90 55 145 0 100 40 55 155 10 25 
103.533 103.533 103.533 103.533 103.533 103.533 103.533 103.533 103.533 103.533 103.533 103.533 103.533 103.533 103.533 103.533 103.533 103.533 103.533 103.533 103.533 103.533 103.533 103.533 103.533 103.533 
0.442059 0.442059 0.442059 0.442059 0.442059 0.442059 0.442059 0.442059 0.442059 0.442059 0.442059 0.442059 0.442059 0.442059 0.442059 0.442059 0.442059 0.442059 0.442059 0.442059 0.442059 0.442059 0.442059 0.442059 0.442059 0.442059 
item 5
5 90 10 30 50 25 10 5 15 100 50 85 90 20 20 55 25 50 65 50 20 60 50 60 10 5 
10.484 10.484 10.484 10.484 10.484 10.484 10.484 10.484 10.484 10.484 10.484 10.484 10.484 10.484 10.484 10.484 10.484 10.484 10.484 10.484 10.484 10.484 10.484 10.484 10.484 10.484 
0.513076 0.513076 0.513076 0.513076 0.513076 0.513076 0.513076 0.513076 0.513076 0.513076 0.513076 0.513076 0.513076 0.513076 0.513076 0.513076 0.513076 0.513076 0.513076 0.513076 0.513076 0.513076 0.513076 0.513076 0.513076 0.513076 
item 6
140 50 150 60 170 110 30 135 120 15 60 65 45 240 90 290 115 185 120 75 35 105 20 35 75 100 
29.5278 29.5278 29.5278 29.5278 29.5278 29.5278 29.5278 29.5278 29.5278 29.5278 29.5278 29.5278 29.5278 29.5278 29.5278 29.5278 29.5278 29.5278 29.5278 29.5278 29.5278 29.5278 29.5278 29.5278 29.5278 29.5278 
0.22039 0.22039 0.22039 0.22039 0.22039 0.22039 0.22039 0.22039 0.22039 0.22039 0.22039 0.22039 0.22039 0.22039 0.22039 0.22039 0.22039 0.22039 0.22039 0.22039 0.22039 0.22039 0.22039 0.22039 0.22039 0.22039 
item 7
80 115 40 250 270 140 320 75 100 120 335 390 360 70 135 35 140 255 55 365 155 340 345 35 90 180 
50.8965 50.8965 50.8965 50.8965 50.8965 50.8965 50.8965 50.8965 50.8965 50.8965 50.8965 50.8965 50.8965 50.8965 50.8965 50.8965 50.8965 50.8965 50.8965 50.8965 50.8965 50.8965 50.8965 50.8965 50.8965 50.8965 
0.172673 0.172673 0.172673 0.172673 0.172673 0.172673 0.172673 0.172673 0.172673 0.172673 0.172673 0.172673 0.172673 0.172673 0.172673 0.172673 0.172673 0.172673 0.172673 0.172673 0.172673 0.172673 0.172673 0.172673 0.172673 0.172673 
item 8
20 0 40 15 65 55 140 40 45 105 55 45 110 30 20 0 55 30 55 30 105 170 55 90 95 10 
31.9479 31.9479 31.9479 31.9479 31.9479 31.9479 31.9479 31.9479 31.9479 31.9479 31.9479 31.9479 31.9479 31.9479 31.9479 31.9479 31.9479 31.9479 31.9479 31.9479 31.9479 31.9479 31.9479 31.9479 31.9479 31.9479 
0.391905 0.391905 0.391905 0.391905 0.391905 0.391905 0.391905 0.391905 0.391905 0.391905 0.391905 0.391905 0.391905 0.391905 0.391905 0.391905 0.391905 0.391905 0.391905 0.391905 0.391905 0.391905 0.391905 0.391905 0.391905 0.391905 
item 9
25 100 125 85 20 35 35 10 60 75 40 20 90 60 135 95 25 115 25 120 170 20 40 90 50 65 
97.8321 97.8321 97.8321 97.8321 97.8321 97.8321 97.8321 97.8321 97.8321 97.8321 97.8321 97.8321 97.8321 97.8321 97.8321 97.8321 97.8321 97.8321 97.8321 97.8321 97.8321 97.8321 97.8321 97.8321 97.8321 97.8321 
0.466924 0.466924 0.466924 0.466924 0.466924 0.466924 0.466924 0.466924 0.466924 0.466924 0.466924 0.466924 0.466924 0.466924 0.466924 0.466924 0.466924 0.466924 0.466924 0.466924 0.466924 0.466924 0.466924 0.466924 0.466924 0.466924 
