26 20
1000 1000 1000 1000 1000 1000 1000 1000 1000 1000 1000 1000 1000 1000 1000 1000 1000 1000 1000 1000 1000 1000 1000 1000 1000 1000 
item 0
50 20 15 80 0 90 0 130 40 130 140 105 15 30 145 140 45 115 25 0 0 35 75 75 95 85 
21.0204 21.0204 21.0204 21.0204 21.0204 21.0204 21.0204 21.0204 21.0204 21.0204 21.0204 21.0204 21.0204 21.0204 21.0204 21.0204 21.0204 21.0204 21.0204 21.0204 21.0204 21.0204 21.0204 21.0204 21.0204 21.0204 
0.227499 0.227499 0.227499 0.227499 0.227499 0.227499 0.227499 0.227499 0.227499 0.227499 0.227499 0.227499 0.227499 0.227499 0.227499 0.227499 0.227499 0.227499 0.227499 0.227499 0.227499 0.227499 0.227499 0.227499 0.227499 0.227499 
item 1
30 80 55 30 10 110 0 35 0 80 90 90 45 10 35 0 0 40 25 15 5 5 95 70 40 0 
12.7451 12.7451 12.7451 12.7451 12.7451 12.7451 12.7451 12.7451 12.7451 12.7451 12.7451 12.7451 12.7451 12.7451 12.7451 12.7451 12.7451 12.7451 12.7451 12.7451 12.7451 12.7451 12.7451 12.7451 12.7451 12.7451 
0.314515 0.314515 0.314515 0.314515 0.314515 0.314515 0.314515 0.314515 0.314515 0.314515 0.314515 0.314515 0.314515 0.314515 0.314515 0.314515 0.314515 0.314515 0.314515 0.314515 0.314515 0.314515 0.314515 0.314515 0.314515 0.314515 
item 2
45 20 0 20 0 50 50 35 15 55 30 25 10 55 35 0 30 0 10 45 15 10 5 45 60 55 
52.1407 52.1407 52.1407 52.1407 52.1407 52.1407 52.1407 52.1407 52.1407 52.1407 52.1407 52.1407 52.1407 52.1407 52.1407 52.1407 52.1407 52.1407 52.1407 52.1407 52.1407 52.1407 52.1407 52.1407 52.1407 52.1407 
0.446769 0.446769 0.446769 0.446769 0.446769 0.446769 0.446769 0.446769 0.446769 0.446769 0.446769 0.446769 0.446769 0.446769 0.446769 0.446769 0.446769 0.446769 0.446769 0.446769 0.446769 0.446769 0.446769 0.446769 0.446769 0.446769 
item 3
10 220 475 300 180 160 40 0 355 185 160 100 15 180 165 260 30 80 50 150 265 265 230 180 105 230 
99.737 99.737 99.737 99.737 99.737 99.737 99.737 99.737 99.737 99.737 99.737 99.737 99.737 99.737 99.737 99.737 99.737 99.737 99.737 99.737 99.737 99.737 99.737 99.737 99.737 99.737 
0.13525 0.13525 0.13525 0.13525 0.13525 0.13525 0.13525 0.13525 0.13525 0.13525 0.13525 0.13525 0.13525 0.13525 0.13525 0.13525 0.13525 0.13525 0.13525 0.13525 0.13525 0.13525 0.13525 0.13525 0.13525 0.13525 
item 4
70 55 75 95 145 35 190 225 80 95 240 165 100 140 125 85 20 70 45 200 160 40 145 170 240 35 
113.872 113.872 113.872 113.872 113.872 113.872 113.872 113.872 113.872 113.872 113.872 113.872 113.872 113.872 113.872 113.872 113.872 113.872 113.872 113.872 113.872 113.872 113.872 113.872 113.872 113.872 
0.237961 0.237961 0.237961 0.237961 0.237961 0.237961 0.237961 0.237961 0.237961 0.237961 0.237961 0.237961 0.237961 0.237961 0.237961 0.237961 0.237961 0.237961 0.237961 0.237961 0.237961 0.237961 0.237961 0.237961 0.237961 0.237961 
item 5
80 5 40 75 10 25 85 65 35 35 45 110 65 55 70 85 95 75 95 95 40 5 95 85 115 130 
126.333 126.333 126.333 126.333 126.333 126.333 126.333 126.333 126.333 126.333 126.333 126.333 126.333 126.333 126.333 126.333 126.333 126.333 126.333 126.333 126.333 126.333 126.333 126.333 126.333 126.333 
0.556699 0.556699 0.556699 0.556699 0.556699 0.556699 0.556699 0.556699 0.556699 0.556699 0.556699 0.556699 0.556699 0.556699 0.556699 0.556699 0.556699 0.556699 0.556699 0.556699 0.556699 0.556699 0.556699 0.556699 0.556699 0.556699 
item 6
10 35 15 25 180 15 0 25 30 40 55 105 85 140 170 80 60 5 55 30 50 125 25 110 130 60 
99.0832 99.0832 99.0832 99.0832 99.0832 99.0832 99.0832 99.0832 99.0832 99.0832 99.0832 99.0832 99.0832 99.0832 99.0832 99.0832 99.0832 99.0832 99.0832 99.0832 99.0832 99.0832 99.0832 99.0832 99.0832 99.0832 
0.337258 0.337258 0.337258 0.337258 0.337258 0.337258 0.337258 0.337258 0.337258 0.337258 0.337258 0.337258 0.337258 0.337258 0.337258 0.337258 0.337258 0.337258 0.337258 0.337258 0.337258 0.337258 0.337258 0.337258 0.337258 0.337258 
item 7
140 340 195 210 70 405 435 175 285 105 465 10 75 90 120 380 15 105 155 80 430 65 70 360 430 475 
143.027 143.027 143.027 143.027 143.027 143.027 143.027 143.027 143.027 143.027 143.027 143.027 143.027 143.027 143.027 143.027 143.027 143.027 143.027 143.027 143.027 143.027 143.027 143.027 143.027 143.027 
0.138273 0.138273 0.138273 0.138273 0.138273 0.138273 0.138273 0.138273 0.138273 0.138273 0.138273 0.138273 0.138273 0.138273 0.138273 0.138273 0.138273 0.138273 0.138273 0.138273 0.138273 0.138273 0.138273 0.138273 0.138273 0.138273 
item 8
125 250 55 200 180 125 40 60 160 55 120 25 35 200 135 325 10 20 115 260 325 55 90 70 250 240 
125.442 125.442 125.442 125.442 125.442 125.442 125.442 125.442 125.442 125.442 125.442 125.442 125.442 125.442 125.442 125.442 125.442 125.442 125.442 125.442 125.442 125.442 125.442 125.442 125.442 125.442 
0.219734 0.219734 0.219734 0.219734 0.219734 0.219734 0.219734 0.219734 0.219734 0.219734 0.219734 0.219734 0.219734 0.219734 0.219734 0.219734 0.219734 0.219734 0.219734 0.219734 0.219734 0.219734 0.219734 0.219734 0.219734 0.219734 
item 9
10 0 75 30 70 65 40 0 0 20 15 25 25 65 0 85 75 85 105 25 10 75 25 35 15 50 
114.684 114.684 114.684 114.684 114.684 114.684 114.684 114.684 114.684 114.684 114.684 114.684 114.684 114.684 114.684 114.684 114.684 114.684 114.684 114.684 114.684 114.684 114.684 114.684 114.684 114.684 
0.556687 0.556687 0.556687 0.556687 0.556687 0.556687 0.556687 0.556687 0.556687 0.556687 0.556687 0.556687 0.556687 0.556687 0.556687 0.556687 0.556687 0.556687 0.556687 0.556687 0.556687 0.556687 0.556687 0.556687 0.556687 0.556687 
item 10
10 50 85 85 20 20 95 60 25 25 30 140 145 110 160 80 155 100 25 30 140 40 70 115 160 110 
106.454 106.454 106.454 106.454 106.454 106.454 106.454 106.454 106.454 106.454 106.454 106.454 106.454 106.454 106.454 106.454 106.454 106.454 106.454 106.454 106.454 106.454 106.454 106.454 106.454 106.454 
0.322827 0.322827 0.322827 0.322827 0.322827 0.322827 0.322827 0.322827 0.322827 0.322827 0.322827 0.322827 0.322827 0.322827 0.322827 0.322827 0.322827 0.322827 0.322827 0.322827 0.322827 0.322827 0.322827 0.322827 0.322827 0.322827 
item 11
345 125 260 290 180 35 165 335 195 215 35 305 385 115 410 10 140 510 0 275 240 515 330 90 140 170 
94.1195 94.1195 94.1195 94.1195 94.1195 94.1195 94.1195 94.1195 94.1195 94.1195 94.1195 94.1195 94.1195 94.1195 94.1195 94.1195 94.1195 94.1195 94.1195 94.1195 94.1195 94.1195 94.1195 94.1195 94.1195 94.1195 
0.10054 0.10054 0.10054 0.10054 0.10054 0.10054 0.10054 0.10054 0.10054 0.10054 0.10054 0.10054 0.10054 0.10054 0.10054 0.10054 0.10054 0.10054 0.10054 0.10054 0.10054 0.10054 0.10054 0.10054 0.10054 0.10054 
item 12
230 55 320 260 365 130 245 130 70 260 80 340 5 215 280 345 245 125 180 150 75 190 185 255 240 305 
148.978 148.978 148.978 148.978 148.978 148.978 148.978 148.978 148.978 148.978 148.978 148.978 148.978 148.978 148.978 148.978 148.978 148.978 148.978 148.978 148.978 148.978 148.978 148.978 148.978 148.978 
0.199805 0.199805 0.199805 0.199805 0.199805 0.199805 0.199805 0.199805 0.199805 0.199805 0.199805 0.199805 0.199805 0.199805 0.199805 0.199805 0.199805 0.199805 0.199805 0.199805 0.199805 0.199805 0.199805 0.199805 0.199805 0.199805 
item 13
235 195 120 25 75 490 330 485 280 550 240 325 410 225 200 105 160 210 220 150 445 105 360 145 340 340 
115.703 115.703 115.703 115.703 115.703 115.703 115.703 115.703 115.703 115.703 115.703 115.703 115.703 115.703 115.703 115.703 115.703 115.703 115.703 115.703 115.703 115.703 115.703 115.703 115.703 115.703 
0.113676 0.113676 0.113676 0.113676 0.113676 0.113676 0.113676 0.113676 0.113676 0.113676 0.113676 0.113676 0.113676 0.113676 0.113676 0.113676 0.113676 0.113676 0.113676 0.113676 0.113676 0.113676 0.113676 0.113676 0.113676 0.113676 
item 14
65 95 35 50 55 85 70 50 70 105 0 75 15 95 95 75 105 75 0 140 0 60 25 80 75 15 
97.5896 97.5896 97.5896 97.5896 97.5896 97.5896 97.5896 97.5896 97.5896 97.5896 97.5896 97.5896 97.5896 97.5896 97.5896 97.5896 97.5896 97.5896 97.5896 97.5896 97.5896 97.5896 97.5896 97.5896 97.5896 97.5896 
0.447763 0.447763 0.447763 0.447763 0.447763 0.447763 0.447763 0.447763 0.447763 0.447763 0.447763 0.447763 0.447763 0.447763 0.447763 0.447763 0.447763 0.447763 0.447763 0.447763 0.447763 0.447763 0.447763 0.447763 0.447763 0.447763 
item 15
80 30 40 70 40 50 55 110 65 85 30 50 65 15 25 40 40 25 50 15 60 5 70 30 5 35 
97.4461 97.4461 97.4461 97.4461 97.4461 97.4461 97.4461 97.4461 97.4461 97.4461 97.4461 97.4461 97.4461 97.4461 97.4461 97.4461 97.4461 97.4461 97.4461 97.4461 97.4461 97.4461 97.4461 97.4461 97.4461 97.4461 
0.575223 0.575223 0.575223 0.575223 0.575223 0.575223 0.575223 0.575223 0.575223 0.575223 0.575223 0.575223 0.575223 0.575223 0.575223 0.575223 0.575223 0.575223 0.575223 0.575223 0.575223 0.575223 0.575223 0.575223 0.575223 0.575223 
item 16
0 40 15 40 5 5 20 15 40 10 30 0 10 5 60 45 20 0 25 25 5 15 5 45 15 0 
6.75494 6.75494 6.75494 6.75494 6.75494 6.75494 6.75494 6.75494 6.75494 6.75494 6.75494 6.75494 6.75494 6.75494 6.75494 6.75494 6.75494 6.75494 6.75494 6.75494 6.75494 6.75494 6.75494 6.75494 6.75494 6.75494 
0.461399 0.461399 0.461399 0.461399 0.461399 0.461399 0.461399 0.461399 0.461399 0.461399 0.461399 0.461399 0.461399 0.461399 0.461399 0.461399 0.461399 0.461399 0.461399 0.461399 0.461399 0.461399 0.461399 0.461399 0.461399 0.461399 
item 17
180 210 25 130 190 50 115 240 235 275 325 350 295 100 185 290 170 400 165 215 40 155 295 15 160 100 
149.403 149.403 149.403 149.403 149.403 149.403 149.403 149.403 149.403 149.403 149.403 149.403 149.403 149.403 149.403 149.403 149.403 149.403 149.403 149.403 149.403 149.403 149.403 149.403 149.403 149.403 
0.196941 0.196941 0.196941 0.196941 0.196941 0.196941 0.196941 0.196941 0.196941 0.196941 0.196941 0.196941 0.196941 0.196941 0.196941 0.196941 0.196941 0.196941 0.196941 0.196941 0.196941 0.196941 0.196941 0.196941 0.196941 0.196941 
item 18
0 100 160 160 165 250 155 140 195 80 60 120 50 25 165 80 120 235 20 45 150 190 75 230 85 155 
157.73 157.73 157.73 157.73 157.73 157.73 157.73 157.73 157.73 157.73 157.73 157.73 157.73 157.73 157.73 157.73 157.73 157.73 157.73 157.73 157.73 157.73 157.73 157.73 157.73 157.73 
0.326013 0.326013 0.326013 0.326013 0.326013 0.326013 0.326013 0.326013 0.326013 0.326013 0.326013 0.326013 0.326013 0.326013 0.326013 0.326013 0.326013 0.326013 0.326013 0.326013 0.326013 0.326013 0.326013 0.326013 0.326013 0.326013 
item 19
180 45 170 240 160 0 70 155 215 145 20 150 95 40 265 55 85 140 245 200 225 85 185 70 150 105 
117.737 117.737 117.737 117.737 117.737 117.737 117.737 117.737 117.737 117.737 117.737 117.737 117.737 117.737 117.737 117.737 117.737 117.737 117.737 117.737 117.737 117.737 117.737 117.737 117.737 117.737 
0.225467 0.225467 0.225467 0.225467 0.225467 0.225467 0.225467 0.225467 0.225467 0.225467 0.225467 0.225467 0.225467 0.225467 0.225467 0.225467 0.225467 0.225467 0.225467 0.225467 0.225467 0.225467 0.225467 0.225467 0.225467 0.225467 
