13 20
1000 1000 1000 1000 1000 1000 1000 1000 1000 1000 1000 1000 1000 
item 0
15 5 15 0 5 0 0 0 15 10 20 15 25 
34.2086 34.2086 34.2086 34.2086 34.2086 34.2086 34.2086 34.2086 34.2086 34.2086 34.2086 34.2086 34.2086 
0.531741 0.531741 0.531741 0.531741 0.531741 0.531741 0.531741 0.531741 0.531741 0.531741 0.531741 0.531741 0.531741 
item 1
10 0 20 20 20 5 10 30 10 25 15 10 10 
32.0083 32.0083 32.0083 32.0083 32.0083 32.0083 32.0083 32.0083 32.0083 32.0083 32.0083 32.0083 32.0083 
0.4834 0.4834 0.4834 0.4834 0.4834 0.4834 0.4834 0.4834 0.4834 0.4834 0.4834 0.4834 0.4834 
item 2
25 25 10 15 15 50 0 40 10 65 70 20 15 
6.0951 6.0951 6.0951 6.0951 6.0951 6.0951 6.0951 6.0951 6.0951 6.0951 6.0951 6.0951 6.0951 
0.151399 0.151399 0.151399 0.151399 0.151399 0.151399 0.151399 0.151399 0.151399 0.151399 0.151399 0.151399 0.151399 
item 3
20 10 5 35 25 10 75 25 25 65 20 65 55 
37.2513 37.2513 37.2513 37.2513 37.2513 37.2513 37.2513 37.2513 37.2513 37.2513 37.2513 37.2513 37.2513 
0.293894 0.293894 0.293894 0.293894 0.293894 0.293894 0.293894 0.293894 0.293894 0.293894 0.293894 0.293894 0.293894 
item 4
5 30 15 10 45 25 20 0 0 35 40 5 0 
21.1231 21.1231 21.1231 21.1231 21.1231 21.1231 21.1231 21.1231 21.1231 21.1231 21.1231 21.1231 21.1231 
0.404264 0.404264 0.404264 0.404264 0.404264 0.404264 0.404264 0.404264 0.404264 0.404264 0.404264 0.404264 0.404264 
item 5
10 15 15 30 15 15 5 5 10 5 5 35 20 
28.5622 28.5622 28.5622 28.5622 28.5622 28.5622 28.5622 28.5622 28.5622 28.5622 28.5622 28.5622 28.5622 
0.372747 0.372747 0.372747 0.372747 0.372747 0.372747 0.372747 0.372747 0.372747 0.372747 0.372747 0.372747 0.372747 
item 6
15 0 5 10 15 5 30 20 20 10 35 25 0 
39.0023 39.0023 39.0023 39.0023 39.0023 39.0023 39.0023 39.0023 39.0023 39.0023 39.0023 39.0023 39.0023 
0.569935 0.569935 0.569935 0.569935 0.569935 0.569935 0.569935 0.569935 0.569935 0.569935 0.569935 0.569935 0.569935 
item 7
30 50 20 15 50 10 15 0 40 10 10 10 5 
21.6309 21.6309 21.6309 21.6309 21.6309 21.6309 21.6309 21.6309 21.6309 21.6309 21.6309 21.6309 21.6309 
0.413386 0.413386 0.413386 0.413386 0.413386 0.413386 0.413386 0.413386 0.413386 0.413386 0.413386 0.413386 0.413386 
item 8
80 40 0 10 20 145 15 45 50 30 65 105 45 
38.2616 38.2616 38.2616 38.2616 38.2616 38.2616 38.2616 38.2616 38.2616 38.2616 38.2616 38.2616 38.2616 
0.165951 0.165951 0.165951 0.165951 0.165951 0.165951 0.165951 0.165951 0.165951 0.165951 0.165951 0.165951 0.165951 
item 9
0 30 5 10 5 25 5 0 25 0 15 5 20 
5.08813 5.08813 5.08813 5.08813 5.08813 5.08813 5.08813 5.08813 5.08813 5.08813 5.08813 5.08813 5.08813 
0.561262 0.561262 0.561262 0.561262 0.561262 0.561262 0.561262 0.561262 0.561262 0.561262 0.561262 0.561262 0.561262 
item 10
40 5 15 5 20 50 5 80 70 65 0 20 0 
11.3817 11.3817 11.3817 11.3817 11.3817 11.3817 11.3817 11.3817 11.3817 11.3817 11.3817 11.3817 11.3817 
0.19492 0.19492 0.19492 0.19492 0.19492 0.19492 0.19492 0.19492 0.19492 0.19492 0.19492 0.19492 0.19492 
item 11
20 0 5 35 40 50 5 15 5 15 15 0 20 
26.6418 26.6418 26.6418 26.6418 26.6418 26.6418 26.6418 26.6418 26.6418 26.6418 26.6418 26.6418 26.6418 
0.372183 0.372183 0.372183 0.372183 0.372183 0.372183 0.372183 0.372183 0.372183 0.372183 0.372183 0.372183 0.372183 
item 12
0 15 5 15 20 10 15 5 15 30 0 40 15 
39.9844 39.9844 39.9844 39.9844 39.9844 39.9844 39.9844 39.9844 39.9844 39.9844 39.9844 39.9844 39.9844 
0.459241 0.459241 0.459241 0.459241 0.459241 0.459241 0.459241 0.459241 0.459241 0.459241 0.459241 0.459241 0.459241 
item 13
5 5 30 5 20 40 40 10 20 10 0 0 20 
32.4144 32.4144 32.4144 32.4144 32.4144 32.4144 32.4144 32.4144 32.4144 32.4144 32.4144 32.4144 32.4144 
0.471898 0.471898 0.471898 0.471898 0.471898 0.471898 0.471898 0.471898 0.471898 0.471898 0.471898 0.471898 0.471898 
item 14
20 0 10 10 0 35 5 10 10 0 15 0 15 
0.18324 0.18324 0.18324 0.18324 0.18324 0.18324 0.18324 0.18324 0.18324 0.18324 0.18324 0.18324 0.18324 
0.315556 0.315556 0.315556 0.315556 0.315556 0.315556 0.315556 0.315556 0.315556 0.315556 0.315556 0.315556 0.315556 
item 15
5 20 10 0 20 15 25 5 20 0 5 25 10 
21.0297 21.0297 21.0297 21.0297 21.0297 21.0297 21.0297 21.0297 21.0297 21.0297 21.0297 21.0297 21.0297 
0.432823 0.432823 0.432823 0.432823 0.432823 0.432823 0.432823 0.432823 0.432823 0.432823 0.432823 0.432823 0.432823 
item 16
25 0 35 85 20 5 15 90 30 55 40 80 65 
28.0093 28.0093 28.0093 28.0093 28.0093 28.0093 28.0093 28.0093 28.0093 28.0093 28.0093 28.0093 28.0093 
0.225577 0.225577 0.225577 0.225577 0.225577 0.225577 0.225577 0.225577 0.225577 0.225577 0.225577 0.225577 0.225577 
item 17
45 30 10 15 25 45 15 15 15 0 5 5 5 
12.2061 12.2061 12.2061 12.2061 12.2061 12.2061 12.2061 12.2061 12.2061 12.2061 12.2061 12.2061 12.2061 
0.421341 0.421341 0.421341 0.421341 0.421341 0.421341 0.421341 0.421341 0.421341 0.421341 0.421341 0.421341 0.421341 
item 18
10 5 20 10 0 20 15 40 5 20 20 0 0 
34.1986 34.1986 34.1986 34.1986 34.1986 34.1986 34.1986 34.1986 34.1986 34.1986 34.1986 34.1986 34.1986 
0.58535 0.58535 0.58535 0.58535 0.58535 0.58535 0.58535 0.58535 0.58535 0.58535 0.58535 0.58535 0.58535 
item 19
5 40 10 15 45 5 40 10 40 0 20 10 50 
30.7194 30.7194 30.7194 30.7194 30.7194 30.7194 30.7194 30.7194 30.7194 30.7194 30.7194 30.7194 30.7194 
0.387631 0.387631 0.387631 0.387631 0.387631 0.387631 0.387631 0.387631 0.387631 0.387631 0.387631 0.387631 0.387631 
