13 10
-6.27744e+66 203.255 216.867 232.629 249.824 407.442 547.149 577.24 998.51 1497.16 2038.79 2525.97 3266.78 3283.97 
-6.27744e+66 -6.27744e+66 203.255 211.135 222.599 340.812 452.578 477.653 838.742 1275.06 1756.51 2194.98 2868.43 2884.2 
-6.27744e+66 -6.27744e+66 -6.27744e+66 203.255 208.986 287.795 371.619 391.68 692.587 1066.57 1487.84 1877.59 2483.7 2498.03 
-6.27744e+66 -6.27744e+66 -6.27744e+66 -6.27744e+66 203.255 242.659 298.542 313.587 554.313 865.967 1227.06 1568.08 2106.85 2119.75 
-6.27744e+66 -6.27744e+66 -6.27744e+66 -6.27744e+66 -6.27744e+66 203.255 231.196 241.226 421.771 671.094 972.001 1264.31 1735.73 1747.2 
-6.27744e+66 -6.27744e+66 -6.27744e+66 -6.27744e+66 -6.27744e+66 -6.27744e+66 203.255 208.27 328.633 515.625 756.351 999.943 1404.02 1414.05 
-6.27744e+66 -6.27744e+66 -6.27744e+66 -6.27744e+66 -6.27744e+66 -6.27744e+66 -6.27744e+66 203.255 263.436 388.098 568.642 763.516 1100.25 1108.84 
-6.27744e+66 -6.27744e+66 -6.27744e+66 -6.27744e+66 -6.27744e+66 -6.27744e+66 -6.27744e+66 -6.27744e+66 203.255 265.585 385.948 532.103 801.487 808.652 
-6.27744e+66 -6.27744e+66 -6.27744e+66 -6.27744e+66 -6.27744e+66 -6.27744e+66 -6.27744e+66 -6.27744e+66 -6.27744e+66 203.255 263.436 360.873 562.911 568.642 
-6.27744e+66 -6.27744e+66 -6.27744e+66 -6.27744e+66 -6.27744e+66 -6.27744e+66 -6.27744e+66 -6.27744e+66 -6.27744e+66 -6.27744e+66 203.255 251.973 386.665 390.963 
-6.27744e+66 -6.27744e+66 -6.27744e+66 -6.27744e+66 -6.27744e+66 -6.27744e+66 -6.27744e+66 -6.27744e+66 -6.27744e+66 -6.27744e+66 -6.27744e+66 203.255 270.6 273.466 
-6.27744e+66 -6.27744e+66 -6.27744e+66 -6.27744e+66 -6.27744e+66 -6.27744e+66 -6.27744e+66 -6.27744e+66 -6.27744e+66 -6.27744e+66 -6.27744e+66 -6.27744e+66 203.255 204.687 
-6.27744e+66 -6.27744e+66 -6.27744e+66 -6.27744e+66 -6.27744e+66 -6.27744e+66 -6.27744e+66 -6.27744e+66 -6.27744e+66 -6.27744e+66 -6.27744e+66 -6.27744e+66 -6.27744e+66 203.255 
-6.27744e+66 -6.27744e+66 -6.27744e+66 -6.27744e+66 -6.27744e+66 -6.27744e+66 -6.27744e+66 -6.27744e+66 -6.27744e+66 -6.27744e+66 -6.27744e+66 -6.27744e+66 -6.27744e+66 -6.27744e+66 
-6.27744e+66 324.702 343.227 458.083 552.562 648.893 852.671 1108.32 1510.32 2206.86 2540.32 2818.2 3103.49 4170.54 
-6.27744e+66 -6.27744e+66 324.702 382.13 445.116 517.364 680.386 893.426 1238 1847.48 2143.88 2393.97 2653.32 3631.45 
-6.27744e+66 -6.27744e+66 -6.27744e+66 324.702 356.195 404.36 526.627 697.059 984.2 1506.61 1765.96 1988.27 2221.69 3110.9 
-6.27744e+66 -6.27744e+66 -6.27744e+66 -6.27744e+66 324.702 348.785 430.296 558.12 787.833 1223.18 1445.48 1639.99 1847.48 2647.77 
-6.27744e+66 -6.27744e+66 -6.27744e+66 -6.27744e+66 -6.27744e+66 324.702 365.457 450.673 622.958 971.232 1156.48 1323.21 1504.76 2216.13 
-6.27744e+66 -6.27744e+66 -6.27744e+66 -6.27744e+66 -6.27744e+66 -6.27744e+66 324.702 367.31 482.166 743.372 891.574 1030.51 1186.12 1808.57 
-6.27744e+66 -6.27744e+66 -6.27744e+66 -6.27744e+66 -6.27744e+66 -6.27744e+66 -6.27744e+66 324.702 382.13 556.267 667.419 778.57 908.246 1441.77 
-6.27744e+66 -6.27744e+66 -6.27744e+66 -6.27744e+66 -6.27744e+66 -6.27744e+66 -6.27744e+66 -6.27744e+66 324.702 411.77 485.871 569.235 672.976 1117.58 
-6.27744e+66 -6.27744e+66 -6.27744e+66 -6.27744e+66 -6.27744e+66 -6.27744e+66 -6.27744e+66 -6.27744e+66 -6.27744e+66 324.702 361.752 417.328 495.134 850.818 
-6.27744e+66 -6.27744e+66 -6.27744e+66 -6.27744e+66 -6.27744e+66 -6.27744e+66 -6.27744e+66 -6.27744e+66 -6.27744e+66 -6.27744e+66 324.702 352.49 404.36 671.124 
-6.27744e+66 -6.27744e+66 -6.27744e+66 -6.27744e+66 -6.27744e+66 -6.27744e+66 -6.27744e+66 -6.27744e+66 -6.27744e+66 -6.27744e+66 -6.27744e+66 324.702 350.637 528.479 
-6.27744e+66 -6.27744e+66 -6.27744e+66 -6.27744e+66 -6.27744e+66 -6.27744e+66 -6.27744e+66 -6.27744e+66 -6.27744e+66 -6.27744e+66 -6.27744e+66 -6.27744e+66 324.702 413.623 
-6.27744e+66 -6.27744e+66 -6.27744e+66 -6.27744e+66 -6.27744e+66 -6.27744e+66 -6.27744e+66 -6.27744e+66 -6.27744e+66 -6.27744e+66 -6.27744e+66 -6.27744e+66 -6.27744e+66 324.702 
-6.27744e+66 -6.27744e+66 -6.27744e+66 -6.27744e+66 -6.27744e+66 -6.27744e+66 -6.27744e+66 -6.27744e+66 -6.27744e+66 -6.27744e+66 -6.27744e+66 -6.27744e+66 -6.27744e+66 -6.27744e+66 
-6.27744e+66 290.315 332.545 449.848 562.459 862.755 1050.44 1613.5 1695.61 1770.68 2129.63 2458.08 2716.15 3307.36 
-6.27744e+66 -6.27744e+66 290.315 348.967 424.041 649.263 799.412 1268.62 1339.01 1404.7 1723.76 2019.37 2253.97 2795.91 
-6.27744e+66 -6.27744e+66 -6.27744e+66 290.315 327.852 478.001 590.612 965.982 1024.63 1080.94 1360.12 1622.88 1834.03 2326.7 
-6.27744e+66 -6.27744e+66 -6.27744e+66 -6.27744e+66 290.315 365.389 440.464 721.991 768.913 815.834 1055.13 1285.05 1472.73 1916.14 
-6.27744e+66 -6.27744e+66 -6.27744e+66 -6.27744e+66 -6.27744e+66 290.315 327.852 515.538 550.729 588.266 787.681 984.751 1148.98 1543.11 
-6.27744e+66 -6.27744e+66 -6.27744e+66 -6.27744e+66 -6.27744e+66 -6.27744e+66 290.315 384.158 407.619 435.771 595.304 759.528 900.292 1245.16 
-6.27744e+66 -6.27744e+66 -6.27744e+66 -6.27744e+66 -6.27744e+66 -6.27744e+66 -6.27744e+66 290.315 302.046 320.814 440.464 571.843 689.147 984.751 
-6.27744e+66 -6.27744e+66 -6.27744e+66 -6.27744e+66 -6.27744e+66 -6.27744e+66 -6.27744e+66 -6.27744e+66 290.315 299.7 379.466 478.001 571.843 818.18 
-6.27744e+66 -6.27744e+66 -6.27744e+66 -6.27744e+66 -6.27744e+66 -6.27744e+66 -6.27744e+66 -6.27744e+66 -6.27744e+66 290.315 330.199 395.888 466.27 663.34 
-6.27744e+66 -6.27744e+66 -6.27744e+66 -6.27744e+66 -6.27744e+66 -6.27744e+66 -6.27744e+66 -6.27744e+66 -6.27744e+66 -6.27744e+66 290.315 323.16 370.082 517.884 
-6.27744e+66 -6.27744e+66 -6.27744e+66 -6.27744e+66 -6.27744e+66 -6.27744e+66 -6.27744e+66 -6.27744e+66 -6.27744e+66 -6.27744e+66 -6.27744e+66 290.315 313.776 412.311 
-6.27744e+66 -6.27744e+66 -6.27744e+66 -6.27744e+66 -6.27744e+66 -6.27744e+66 -6.27744e+66 -6.27744e+66 -6.27744e+66 -6.27744e+66 -6.27744e+66 -6.27744e+66 290.315 339.583 
-6.27744e+66 -6.27744e+66 -6.27744e+66 -6.27744e+66 -6.27744e+66 -6.27744e+66 -6.27744e+66 -6.27744e+66 -6.27744e+66 -6.27744e+66 -6.27744e+66 -6.27744e+66 -6.27744e+66 290.315 
-6.27744e+66 -6.27744e+66 -6.27744e+66 -6.27744e+66 -6.27744e+66 -6.27744e+66 -6.27744e+66 -6.27744e+66 -6.27744e+66 -6.27744e+66 -6.27744e+66 -6.27744e+66 -6.27744e+66 -6.27744e+66 
-6.27744e+66 198.973 234.935 370.486 391.233 667.867 854.595 1086.97 1183.79 1670.66 2168.61 2569.72 2904.45 3584.97 
-6.27744e+66 -6.27744e+66 198.973 266.748 280.58 488.055 637.438 831.081 914.071 1340.09 1782.7 2143.71 2448.01 3071.81 
-6.27744e+66 -6.27744e+66 -6.27744e+66 198.973 205.889 344.206 456.242 611.157 680.316 1045.47 1432.76 1753.65 2027.52 2594.62 
-6.27744e+66 -6.27744e+66 -6.27744e+66 -6.27744e+66 198.973 268.131 342.823 459.009 514.336 818.633 1150.59 1431.38 1674.81 2185.2 
-6.27744e+66 -6.27744e+66 -6.27744e+66 -6.27744e+66 -6.27744e+66 198.973 236.319 313.776 355.271 598.709 875.343 1116.01 1329.02 1782.7 
-6.27744e+66 -6.27744e+66 -6.27744e+66 -6.27744e+66 -6.27744e+66 -6.27744e+66 198.973 237.702 265.365 447.943 669.25 869.81 1052.39 1449.36 
-6.27744e+66 -6.27744e+66 -6.27744e+66 -6.27744e+66 -6.27744e+66 -6.27744e+66 -6.27744e+66 198.973 212.805 334.524 500.504 660.951 813.1 1153.36 
-6.27744e+66 -6.27744e+66 -6.27744e+66 -6.27744e+66 -6.27744e+66 -6.27744e+66 -6.27744e+66 -6.27744e+66 198.973 259.832 370.486 490.822 612.54 896.09 
-6.27744e+66 -6.27744e+66 -6.27744e+66 -6.27744e+66 -6.27744e+66 -6.27744e+66 -6.27744e+66 -6.27744e+66 -6.27744e+66 198.973 254.3 334.524 425.813 652.652 
-6.27744e+66 -6.27744e+66 -6.27744e+66 -6.27744e+66 -6.27744e+66 -6.27744e+66 -6.27744e+66 -6.27744e+66 -6.27744e+66 -6.27744e+66 198.973 239.085 299.944 470.074 
-6.27744e+66 -6.27744e+66 -6.27744e+66 -6.27744e+66 -6.27744e+66 -6.27744e+66 -6.27744e+66 -6.27744e+66 -6.27744e+66 -6.27744e+66 -6.27744e+66 198.973 229.403 342.823 
-6.27744e+66 -6.27744e+66 -6.27744e+66 -6.27744e+66 -6.27744e+66 -6.27744e+66 -6.27744e+66 -6.27744e+66 -6.27744e+66 -6.27744e+66 -6.27744e+66 -6.27744e+66 198.973 255.683 
-6.27744e+66 -6.27744e+66 -6.27744e+66 -6.27744e+66 -6.27744e+66 -6.27744e+66 -6.27744e+66 -6.27744e+66 -6.27744e+66 -6.27744e+66 -6.27744e+66 -6.27744e+66 -6.27744e+66 198.973 
-6.27744e+66 -6.27744e+66 -6.27744e+66 -6.27744e+66 -6.27744e+66 -6.27744e+66 -6.27744e+66 -6.27744e+66 -6.27744e+66 -6.27744e+66 -6.27744e+66 -6.27744e+66 -6.27744e+66 -6.27744e+66 
-6.27744e+66 327.345 389.493 457.504 538.414 871.434 1105.96 1570.31 1701.64 2339.54 2782.78 3650.51 4050.37 4641.36 
-6.27744e+66 -6.27744e+66 327.345 361.35 415.29 665.055 852.672 1239.63 1352.2 1910.36 2304.36 3085.31 3448.82 3990.56 
-6.27744e+66 -6.27744e+66 -6.27744e+66 327.345 354.315 520.825 661.537 971.105 1064.91 1543.34 1888.08 2582.27 2909.42 3401.92 
-6.27744e+66 -6.27744e+66 -6.27744e+66 -6.27744e+66 327.345 410.6 504.408 736.584 811.631 1210.32 1505.81 2113.22 2404.03 2847.27 
-6.27744e+66 -6.27744e+66 -6.27744e+66 -6.27744e+66 -6.27744e+66 327.345 374.249 529.033 585.318 904.267 1150.51 1671.15 1925.61 2319.6 
-6.27744e+66 -6.27744e+66 -6.27744e+66 -6.27744e+66 -6.27744e+66 -6.27744e+66 327.345 404.737 442.26 681.472 878.47 1312.33 1530.44 1875.18 
-6.27744e+66 -6.27744e+66 -6.27744e+66 -6.27744e+66 -6.27744e+66 -6.27744e+66 -6.27744e+66 327.345 346.107 505.581 653.329 1000.42 1182.17 1477.67 
-6.27744e+66 -6.27744e+66 -6.27744e+66 -6.27744e+66 -6.27744e+66 -6.27744e+66 -6.27744e+66 -6.27744e+66 327.345 407.082 505.581 765.899 911.302 1157.55 
-6.27744e+66 -6.27744e+66 -6.27744e+66 -6.27744e+66 -6.27744e+66 -6.27744e+66 -6.27744e+66 -6.27744e+66 -6.27744e+66 327.345 376.594 550.14 659.192 856.19 
-6.27744e+66 -6.27744e+66 -6.27744e+66 -6.27744e+66 -6.27744e+66 -6.27744e+66 -6.27744e+66 -6.27744e+66 -6.27744e+66 -6.27744e+66 327.345 414.118 486.819 634.568 
-6.27744e+66 -6.27744e+66 -6.27744e+66 -6.27744e+66 -6.27744e+66 -6.27744e+66 -6.27744e+66 -6.27744e+66 -6.27744e+66 -6.27744e+66 -6.27744e+66 327.345 363.696 462.195 
-6.27744e+66 -6.27744e+66 -6.27744e+66 -6.27744e+66 -6.27744e+66 -6.27744e+66 -6.27744e+66 -6.27744e+66 -6.27744e+66 -6.27744e+66 -6.27744e+66 -6.27744e+66 327.345 376.594 
-6.27744e+66 -6.27744e+66 -6.27744e+66 -6.27744e+66 -6.27744e+66 -6.27744e+66 -6.27744e+66 -6.27744e+66 -6.27744e+66 -6.27744e+66 -6.27744e+66 -6.27744e+66 -6.27744e+66 327.345 
-6.27744e+66 -6.27744e+66 -6.27744e+66 -6.27744e+66 -6.27744e+66 -6.27744e+66 -6.27744e+66 -6.27744e+66 -6.27744e+66 -6.27744e+66 -6.27744e+66 -6.27744e+66 -6.27744e+66 -6.27744e+66 
-6.27744e+66 195.071 210.512 236.982 389.183 450.946 715.644 728.879 1084.02 1560.47 1917.82 2248.69 2709.7 3053.81 
-6.27744e+66 -6.27744e+66 195.071 208.306 309.774 356.096 567.854 578.884 883.287 1300.19 1617.82 1915.61 2334.72 2650.15 
-6.27744e+66 -6.27744e+66 -6.27744e+66 195.071 245.805 276.686 435.505 444.329 697.998 1055.34 1333.27 1597.97 1975.17 2261.92 
-6.27744e+66 -6.27744e+66 -6.27744e+66 -6.27744e+66 195.071 210.512 316.391 323.009 525.944 823.729 1061.96 1293.57 1628.85 1886.93 
-6.27744e+66 -6.27744e+66 -6.27744e+66 -6.27744e+66 -6.27744e+66 195.071 248.011 252.422 404.624 642.852 841.376 1039.9 1333.27 1562.68 
-6.27744e+66 -6.27744e+66 -6.27744e+66 -6.27744e+66 -6.27744e+66 -6.27744e+66 195.071 197.277 298.744 477.416 636.235 801.671 1053.13 1253.86 
-6.27744e+66 -6.27744e+66 -6.27744e+66 -6.27744e+66 -6.27744e+66 -6.27744e+66 -6.27744e+66 195.071 245.805 364.919 484.033 616.382 825.935 997.989 
-6.27744e+66 -6.27744e+66 -6.27744e+66 -6.27744e+66 -6.27744e+66 -6.27744e+66 -6.27744e+66 -6.27744e+66 195.071 254.628 334.038 433.299 600.942 744.32 
-6.27744e+66 -6.27744e+66 -6.27744e+66 -6.27744e+66 -6.27744e+66 -6.27744e+66 -6.27744e+66 -6.27744e+66 -6.27744e+66 195.071 234.776 300.95 426.682 541.385 
-6.27744e+66 -6.27744e+66 -6.27744e+66 -6.27744e+66 -6.27744e+66 -6.27744e+66 -6.27744e+66 -6.27744e+66 -6.27744e+66 -6.27744e+66 195.071 228.158 311.979 398.006 
-6.27744e+66 -6.27744e+66 -6.27744e+66 -6.27744e+66 -6.27744e+66 -6.27744e+66 -6.27744e+66 -6.27744e+66 -6.27744e+66 -6.27744e+66 -6.27744e+66 195.071 236.982 294.333 
-6.27744e+66 -6.27744e+66 -6.27744e+66 -6.27744e+66 -6.27744e+66 -6.27744e+66 -6.27744e+66 -6.27744e+66 -6.27744e+66 -6.27744e+66 -6.27744e+66 -6.27744e+66 195.071 223.747 
-6.27744e+66 -6.27744e+66 -6.27744e+66 -6.27744e+66 -6.27744e+66 -6.27744e+66 -6.27744e+66 -6.27744e+66 -6.27744e+66 -6.27744e+66 -6.27744e+66 -6.27744e+66 -6.27744e+66 195.071 
-6.27744e+66 -6.27744e+66 -6.27744e+66 -6.27744e+66 -6.27744e+66 -6.27744e+66 -6.27744e+66 -6.27744e+66 -6.27744e+66 -6.27744e+66 -6.27744e+66 -6.27744e+66 -6.27744e+66 -6.27744e+66 
-6.27744e+66 34.5431 35.9708 78.8032 95.9361 175.89 368.635 394.335 524.259 615.635 667.034 795.531 936.877 1056.81 
-6.27744e+66 -6.27744e+66 34.5431 55.9593 67.3812 127.346 281.543 302.959 414.323 494.277 539.964 655.612 784.109 894.045 
-6.27744e+66 -6.27744e+66 -6.27744e+66 34.5431 40.2541 80.2309 195.878 213.011 305.814 374.346 414.323 517.121 632.768 732.71 
-6.27744e+66 -6.27744e+66 -6.27744e+66 -6.27744e+66 34.5431 54.5315 131.63 144.479 218.722 275.832 310.098 400.046 502.843 592.791 
-6.27744e+66 -6.27744e+66 -6.27744e+66 -6.27744e+66 -6.27744e+66 34.5431 73.0922 81.6586 137.341 183.028 211.583 288.681 378.629 458.583 
-6.27744e+66 -6.27744e+66 -6.27744e+66 -6.27744e+66 -6.27744e+66 -6.27744e+66 34.5431 38.8263 75.9477 110.214 133.057 197.306 274.404 344.364 
-6.27744e+66 -6.27744e+66 -6.27744e+66 -6.27744e+66 -6.27744e+66 -6.27744e+66 -6.27744e+66 34.5431 53.1038 75.9477 93.0806 144.479 208.728 268.693 
-6.27744e+66 -6.27744e+66 -6.27744e+66 -6.27744e+66 -6.27744e+66 -6.27744e+66 -6.27744e+66 -6.27744e+66 34.5431 45.965 57.387 95.9361 147.335 197.306 
-6.27744e+66 -6.27744e+66 -6.27744e+66 -6.27744e+66 -6.27744e+66 -6.27744e+66 -6.27744e+66 -6.27744e+66 -6.27744e+66 34.5431 40.2541 65.9535 104.503 144.479 
-6.27744e+66 -6.27744e+66 -6.27744e+66 -6.27744e+66 -6.27744e+66 -6.27744e+66 -6.27744e+66 -6.27744e+66 -6.27744e+66 -6.27744e+66 34.5431 47.3928 73.0922 103.075 
-6.27744e+66 -6.27744e+66 -6.27744e+66 -6.27744e+66 -6.27744e+66 -6.27744e+66 -6.27744e+66 -6.27744e+66 -6.27744e+66 -6.27744e+66 -6.27744e+66 34.5431 47.3928 67.3812 
-6.27744e+66 -6.27744e+66 -6.27744e+66 -6.27744e+66 -6.27744e+66 -6.27744e+66 -6.27744e+66 -6.27744e+66 -6.27744e+66 -6.27744e+66 -6.27744e+66 -6.27744e+66 34.5431 44.5373 
-6.27744e+66 -6.27744e+66 -6.27744e+66 -6.27744e+66 -6.27744e+66 -6.27744e+66 -6.27744e+66 -6.27744e+66 -6.27744e+66 -6.27744e+66 -6.27744e+66 -6.27744e+66 -6.27744e+66 34.5431 
-6.27744e+66 -6.27744e+66 -6.27744e+66 -6.27744e+66 -6.27744e+66 -6.27744e+66 -6.27744e+66 -6.27744e+66 -6.27744e+66 -6.27744e+66 -6.27744e+66 -6.27744e+66 -6.27744e+66 -6.27744e+66 
-6.27744e+66 40.1523 47.3157 104.622 147.602 147.602 171.48 286.094 352.951 639.485 897.365 1207.78 1286.57 1429.84 
-6.27744e+66 -6.27744e+66 40.1523 68.8057 97.459 97.459 116.561 212.072 269.379 520.096 749.323 1028.69 1100.33 1231.65 
-6.27744e+66 -6.27744e+66 -6.27744e+66 40.1523 54.479 54.479 68.8057 145.215 192.97 407.87 608.444 856.773 921.243 1040.63 
-6.27744e+66 -6.27744e+66 -6.27744e+66 -6.27744e+66 40.1523 40.1523 49.7035 107.01 145.215 324.298 496.218 713.506 770.813 878.263 
-6.27744e+66 -6.27744e+66 -6.27744e+66 -6.27744e+66 -6.27744e+66 40.1523 44.9279 83.1324 111.786 255.052 398.319 584.566 634.709 730.22 
-6.27744e+66 -6.27744e+66 -6.27744e+66 -6.27744e+66 -6.27744e+66 -6.27744e+66 40.1523 59.2546 78.3568 185.807 300.42 455.626 498.606 582.178 
-6.27744e+66 -6.27744e+66 -6.27744e+66 -6.27744e+66 -6.27744e+66 -6.27744e+66 -6.27744e+66 40.1523 49.7035 121.337 207.297 331.461 367.278 438.911 
-6.27744e+66 -6.27744e+66 -6.27744e+66 -6.27744e+66 -6.27744e+66 -6.27744e+66 -6.27744e+66 -6.27744e+66 40.1523 75.969 133.276 226.399 255.052 314.747 
-6.27744e+66 -6.27744e+66 -6.27744e+66 -6.27744e+66 -6.27744e+66 -6.27744e+66 -6.27744e+66 -6.27744e+66 -6.27744e+66 40.1523 68.8057 130.888 152.378 200.133 
-6.27744e+66 -6.27744e+66 -6.27744e+66 -6.27744e+66 -6.27744e+66 -6.27744e+66 -6.27744e+66 -6.27744e+66 -6.27744e+66 -6.27744e+66 40.1523 71.1935 85.5201 121.337 
-6.27744e+66 -6.27744e+66 -6.27744e+66 -6.27744e+66 -6.27744e+66 -6.27744e+66 -6.27744e+66 -6.27744e+66 -6.27744e+66 -6.27744e+66 -6.27744e+66 40.1523 47.3157 71.1935 
-6.27744e+66 -6.27744e+66 -6.27744e+66 -6.27744e+66 -6.27744e+66 -6.27744e+66 -6.27744e+66 -6.27744e+66 -6.27744e+66 -6.27744e+66 -6.27744e+66 -6.27744e+66 40.1523 52.0912 
-6.27744e+66 -6.27744e+66 -6.27744e+66 -6.27744e+66 -6.27744e+66 -6.27744e+66 -6.27744e+66 -6.27744e+66 -6.27744e+66 -6.27744e+66 -6.27744e+66 -6.27744e+66 -6.27744e+66 40.1523 
-6.27744e+66 -6.27744e+66 -6.27744e+66 -6.27744e+66 -6.27744e+66 -6.27744e+66 -6.27744e+66 -6.27744e+66 -6.27744e+66 -6.27744e+66 -6.27744e+66 -6.27744e+66 -6.27744e+66 -6.27744e+66 
-6.27744e+66 323.075 329.788 410.348 423.775 558.042 882.521 1043.64 1341.27 1770.92 2415.4 2773.45 3019.6 3905.77 
-6.27744e+66 -6.27744e+66 323.075 363.355 372.306 473.006 732.589 866.856 1121.96 1497.91 2070.78 2393.02 2616.8 3429.12 
-6.27744e+66 -6.27744e+66 -6.27744e+66 323.075 327.55 394.684 589.371 696.785 909.374 1231.61 1732.88 2019.31 2220.72 2959.18 
-6.27744e+66 -6.27744e+66 -6.27744e+66 -6.27744e+66 323.075 356.642 486.433 566.993 737.065 1005.6 1435.25 1685.88 1864.91 2529.53 
-6.27744e+66 -6.27744e+66 -6.27744e+66 -6.27744e+66 -6.27744e+66 323.075 387.971 441.677 569.231 784.058 1142.1 1356.93 1513.58 2104.35 
-6.27744e+66 -6.27744e+66 -6.27744e+66 -6.27744e+66 -6.27744e+66 -6.27744e+66 323.075 349.928 434.964 596.084 882.521 1061.54 1195.81 1712.74 
-6.27744e+66 -6.27744e+66 -6.27744e+66 -6.27744e+66 -6.27744e+66 -6.27744e+66 -6.27744e+66 323.075 365.593 473.006 687.834 831.052 942.941 1386.02 
-6.27744e+66 -6.27744e+66 -6.27744e+66 -6.27744e+66 -6.27744e+66 -6.27744e+66 -6.27744e+66 -6.27744e+66 323.075 376.782 520 627.413 716.925 1086.16 
-6.27744e+66 -6.27744e+66 -6.27744e+66 -6.27744e+66 -6.27744e+66 -6.27744e+66 -6.27744e+66 -6.27744e+66 -6.27744e+66 323.075 394.684 466.293 533.427 828.814 
-6.27744e+66 -6.27744e+66 -6.27744e+66 -6.27744e+66 -6.27744e+66 -6.27744e+66 -6.27744e+66 -6.27744e+66 -6.27744e+66 -6.27744e+66 323.075 358.879 403.635 625.176 
-6.27744e+66 -6.27744e+66 -6.27744e+66 -6.27744e+66 -6.27744e+66 -6.27744e+66 -6.27744e+66 -6.27744e+66 -6.27744e+66 -6.27744e+66 -6.27744e+66 323.075 345.453 493.146 
-6.27744e+66 -6.27744e+66 -6.27744e+66 -6.27744e+66 -6.27744e+66 -6.27744e+66 -6.27744e+66 -6.27744e+66 -6.27744e+66 -6.27744e+66 -6.27744e+66 -6.27744e+66 323.075 396.922 
-6.27744e+66 -6.27744e+66 -6.27744e+66 -6.27744e+66 -6.27744e+66 -6.27744e+66 -6.27744e+66 -6.27744e+66 -6.27744e+66 -6.27744e+66 -6.27744e+66 -6.27744e+66 -6.27744e+66 323.075 
-6.27744e+66 -6.27744e+66 -6.27744e+66 -6.27744e+66 -6.27744e+66 -6.27744e+66 -6.27744e+66 -6.27744e+66 -6.27744e+66 -6.27744e+66 -6.27744e+66 -6.27744e+66 -6.27744e+66 -6.27744e+66 
-6.27744e+66 62.569 62.569 101.888 193.632 211.107 243.873 335.617 396.78 431.73 451.389 451.389 691.672 822.735 
-6.27744e+66 -6.27744e+66 62.569 82.2285 143.391 156.498 182.71 259.164 311.589 342.17 359.645 359.645 578.084 698.225 
-6.27744e+66 -6.27744e+66 -6.27744e+66 62.569 93.1504 101.888 121.547 182.71 226.398 252.61 267.901 267.901 464.496 573.715 
-6.27744e+66 -6.27744e+66 -6.27744e+66 -6.27744e+66 62.569 66.9378 80.0441 125.916 160.866 182.71 195.816 195.816 370.567 468.865 
-6.27744e+66 -6.27744e+66 -6.27744e+66 -6.27744e+66 -6.27744e+66 62.569 69.1222 99.7036 125.916 143.391 154.313 154.313 307.22 394.595 
-6.27744e+66 -6.27744e+66 -6.27744e+66 -6.27744e+66 -6.27744e+66 -6.27744e+66 62.569 77.8597 95.3348 108.441 117.179 117.179 248.242 324.695 
-6.27744e+66 -6.27744e+66 -6.27744e+66 -6.27744e+66 -6.27744e+66 -6.27744e+66 -6.27744e+66 62.569 71.3066 80.0441 86.5973 86.5973 195.816 261.348 
-6.27744e+66 -6.27744e+66 -6.27744e+66 -6.27744e+66 -6.27744e+66 -6.27744e+66 -6.27744e+66 -6.27744e+66 62.569 66.9378 71.3066 71.3066 158.682 213.292 
-6.27744e+66 -6.27744e+66 -6.27744e+66 -6.27744e+66 -6.27744e+66 -6.27744e+66 -6.27744e+66 -6.27744e+66 -6.27744e+66 62.569 64.7534 64.7534 130.285 173.973 
-6.27744e+66 -6.27744e+66 -6.27744e+66 -6.27744e+66 -6.27744e+66 -6.27744e+66 -6.27744e+66 -6.27744e+66 -6.27744e+66 -6.27744e+66 62.569 62.569 106.257 139.022 
-6.27744e+66 -6.27744e+66 -6.27744e+66 -6.27744e+66 -6.27744e+66 -6.27744e+66 -6.27744e+66 -6.27744e+66 -6.27744e+66 -6.27744e+66 -6.27744e+66 62.569 84.4129 106.257 
-6.27744e+66 -6.27744e+66 -6.27744e+66 -6.27744e+66 -6.27744e+66 -6.27744e+66 -6.27744e+66 -6.27744e+66 -6.27744e+66 -6.27744e+66 -6.27744e+66 -6.27744e+66 62.569 73.491 
-6.27744e+66 -6.27744e+66 -6.27744e+66 -6.27744e+66 -6.27744e+66 -6.27744e+66 -6.27744e+66 -6.27744e+66 -6.27744e+66 -6.27744e+66 -6.27744e+66 -6.27744e+66 -6.27744e+66 62.569 
-6.27744e+66 -6.27744e+66 -6.27744e+66 -6.27744e+66 -6.27744e+66 -6.27744e+66 -6.27744e+66 -6.27744e+66 -6.27744e+66 -6.27744e+66 -6.27744e+66 -6.27744e+66 -6.27744e+66 -6.27744e+66 
