26 20
1000 1000 1000 1000 1000 1000 1000 1000 1000 1000 1000 1000 1000 1000 1000 1000 1000 1000 1000 1000 1000 1000 1000 1000 1000 1000 
item 0
175 0 205 135 230 85 20 250 315 160 70 205 270 85 85 20 215 415 390 125 180 155 5 285 150 245 
173.731 173.731 173.731 173.731 173.731 173.731 173.731 173.731 173.731 173.731 173.731 173.731 173.731 173.731 173.731 173.731 173.731 173.731 173.731 173.731 173.731 173.731 173.731 173.731 173.731 173.731 
0.116055 0.116055 0.116055 0.116055 0.116055 0.116055 0.116055 0.116055 0.116055 0.116055 0.116055 0.116055 0.116055 0.116055 0.116055 0.116055 0.116055 0.116055 0.116055 0.116055 0.116055 0.116055 0.116055 0.116055 0.116055 0.116055 
item 1
5 50 50 45 55 60 5 130 70 75 105 95 50 35 20 5 80 120 75 75 10 70 65 25 50 0 
166.801 166.801 166.801 166.801 166.801 166.801 166.801 166.801 166.801 166.801 166.801 166.801 166.801 166.801 166.801 166.801 166.801 166.801 166.801 166.801 166.801 166.801 166.801 166.801 166.801 166.801 
0.34551 0.34551 0.34551 0.34551 0.34551 0.34551 0.34551 0.34551 0.34551 0.34551 0.34551 0.34551 0.34551 0.34551 0.34551 0.34551 0.34551 0.34551 0.34551 0.34551 0.34551 0.34551 0.34551 0.34551 0.34551 0.34551 
item 2
65 15 25 50 45 50 60 25 90 60 10 20 20 45 35 40 90 35 25 60 45 115 90 55 15 70 
70.6345 70.6345 70.6345 70.6345 70.6345 70.6345 70.6345 70.6345 70.6345 70.6345 70.6345 70.6345 70.6345 70.6345 70.6345 70.6345 70.6345 70.6345 70.6345 70.6345 70.6345 70.6345 70.6345 70.6345 70.6345 70.6345 
0.280466 0.280466 0.280466 0.280466 0.280466 0.280466 0.280466 0.280466 0.280466 0.280466 0.280466 0.280466 0.280466 0.280466 0.280466 0.280466 0.280466 0.280466 0.280466 0.280466 0.280466 0.280466 0.280466 0.280466 0.280466 0.280466 
item 3
30 10 35 25 50 5 15 20 0 35 35 40 15 15 10 60 0 60 10 60 10 40 25 0 35 55 
127.653 127.653 127.653 127.653 127.653 127.653 127.653 127.653 127.653 127.653 127.653 127.653 127.653 127.653 127.653 127.653 127.653 127.653 127.653 127.653 127.653 127.653 127.653 127.653 127.653 127.653 
0.565959 0.565959 0.565959 0.565959 0.565959 0.565959 0.565959 0.565959 0.565959 0.565959 0.565959 0.565959 0.565959 0.565959 0.565959 0.565959 0.565959 0.565959 0.565959 0.565959 0.565959 0.565959 0.565959 0.565959 0.565959 0.565959 
item 4
60 40 45 10 55 25 70 55 15 25 30 70 65 0 30 65 30 70 40 30 25 45 70 50 80 30 
158.192 158.192 158.192 158.192 158.192 158.192 158.192 158.192 158.192 158.192 158.192 158.192 158.192 158.192 158.192 158.192 158.192 158.192 158.192 158.192 158.192 158.192 158.192 158.192 158.192 158.192 
0.535738 0.535738 0.535738 0.535738 0.535738 0.535738 0.535738 0.535738 0.535738 0.535738 0.535738 0.535738 0.535738 0.535738 0.535738 0.535738 0.535738 0.535738 0.535738 0.535738 0.535738 0.535738 0.535738 0.535738 0.535738 0.535738 
item 5
15 10 55 80 95 85 60 5 75 0 15 40 65 35 30 20 35 5 30 65 85 105 70 35 30 75 
101.254 101.254 101.254 101.254 101.254 101.254 101.254 101.254 101.254 101.254 101.254 101.254 101.254 101.254 101.254 101.254 101.254 101.254 101.254 101.254 101.254 101.254 101.254 101.254 101.254 101.254 
0.303566 0.303566 0.303566 0.303566 0.303566 0.303566 0.303566 0.303566 0.303566 0.303566 0.303566 0.303566 0.303566 0.303566 0.303566 0.303566 0.303566 0.303566 0.303566 0.303566 0.303566 0.303566 0.303566 0.303566 0.303566 0.303566 
item 6
45 50 60 85 40 45 0 80 40 10 50 10 45 65 45 20 70 50 10 75 30 75 60 25 5 65 
171.178 171.178 171.178 171.178 171.178 171.178 171.178 171.178 171.178 171.178 171.178 171.178 171.178 171.178 171.178 171.178 171.178 171.178 171.178 171.178 171.178 171.178 171.178 171.178 171.178 171.178 
0.480249 0.480249 0.480249 0.480249 0.480249 0.480249 0.480249 0.480249 0.480249 0.480249 0.480249 0.480249 0.480249 0.480249 0.480249 0.480249 0.480249 0.480249 0.480249 0.480249 0.480249 0.480249 0.480249 0.480249 0.480249 0.480249 
item 7
25 15 75 15 45 10 60 40 25 65 20 45 45 5 5 5 15 35 10 40 0 0 5 30 70 25 
68.1454 68.1454 68.1454 68.1454 68.1454 68.1454 68.1454 68.1454 68.1454 68.1454 68.1454 68.1454 68.1454 68.1454 68.1454 68.1454 68.1454 68.1454 68.1454 68.1454 68.1454 68.1454 68.1454 68.1454 68.1454 68.1454 
0.258068 0.258068 0.258068 0.258068 0.258068 0.258068 0.258068 0.258068 0.258068 0.258068 0.258068 0.258068 0.258068 0.258068 0.258068 0.258068 0.258068 0.258068 0.258068 0.258068 0.258068 0.258068 0.258068 0.258068 0.258068 0.258068 
item 8
60 40 75 60 45 5 40 0 100 5 45 5 85 5 95 30 45 60 50 20 15 80 100 0 105 90 
35.8992 35.8992 35.8992 35.8992 35.8992 35.8992 35.8992 35.8992 35.8992 35.8992 35.8992 35.8992 35.8992 35.8992 35.8992 35.8992 35.8992 35.8992 35.8992 35.8992 35.8992 35.8992 35.8992 35.8992 35.8992 35.8992 
0.187617 0.187617 0.187617 0.187617 0.187617 0.187617 0.187617 0.187617 0.187617 0.187617 0.187617 0.187617 0.187617 0.187617 0.187617 0.187617 0.187617 0.187617 0.187617 0.187617 0.187617 0.187617 0.187617 0.187617 0.187617 0.187617 
item 9
70 20 15 70 5 65 10 0 35 40 15 5 15 50 5 0 45 0 30 45 45 5 30 65 25 50 
143.486 143.486 143.486 143.486 143.486 143.486 143.486 143.486 143.486 143.486 143.486 143.486 143.486 143.486 143.486 143.486 143.486 143.486 143.486 143.486 143.486 143.486 143.486 143.486 143.486 143.486 
0.576486 0.576486 0.576486 0.576486 0.576486 0.576486 0.576486 0.576486 0.576486 0.576486 0.576486 0.576486 0.576486 0.576486 0.576486 0.576486 0.576486 0.576486 0.576486 0.576486 0.576486 0.576486 0.576486 0.576486 0.576486 0.576486 
item 10
100 20 60 0 30 10 100 75 55 5 35 65 30 50 55 45 30 60 20 0 110 60 35 45 50 35 
97.7393 97.7393 97.7393 97.7393 97.7393 97.7393 97.7393 97.7393 97.7393 97.7393 97.7393 97.7393 97.7393 97.7393 97.7393 97.7393 97.7393 97.7393 97.7393 97.7393 97.7393 97.7393 97.7393 97.7393 97.7393 97.7393 
0.286924 0.286924 0.286924 0.286924 0.286924 0.286924 0.286924 0.286924 0.286924 0.286924 0.286924 0.286924 0.286924 0.286924 0.286924 0.286924 0.286924 0.286924 0.286924 0.286924 0.286924 0.286924 0.286924 0.286924 0.286924 0.286924 
item 11
0 0 20 5 5 20 5 5 25 5 10 0 0 5 5 10 30 10 0 20 0 20 5 10 20 10 
36.3774 36.3774 36.3774 36.3774 36.3774 36.3774 36.3774 36.3774 36.3774 36.3774 36.3774 36.3774 36.3774 36.3774 36.3774 36.3774 36.3774 36.3774 36.3774 36.3774 36.3774 36.3774 36.3774 36.3774 36.3774 36.3774 
0.567355 0.567355 0.567355 0.567355 0.567355 0.567355 0.567355 0.567355 0.567355 0.567355 0.567355 0.567355 0.567355 0.567355 0.567355 0.567355 0.567355 0.567355 0.567355 0.567355 0.567355 0.567355 0.567355 0.567355 0.567355 0.567355 
item 12
105 0 40 35 50 95 15 100 0 90 145 105 40 70 45 15 45 45 35 70 45 25 40 150 20 0 
26.1906 26.1906 26.1906 26.1906 26.1906 26.1906 26.1906 26.1906 26.1906 26.1906 26.1906 26.1906 26.1906 26.1906 26.1906 26.1906 26.1906 26.1906 26.1906 26.1906 26.1906 26.1906 26.1906 26.1906 26.1906 26.1906 
0.116158 0.116158 0.116158 0.116158 0.116158 0.116158 0.116158 0.116158 0.116158 0.116158 0.116158 0.116158 0.116158 0.116158 0.116158 0.116158 0.116158 0.116158 0.116158 0.116158 0.116158 0.116158 0.116158 0.116158 0.116158 0.116158 
item 13
0 15 15 10 15 0 10 5 5 10 5 0 20 0 5 35 45 0 10 30 5 5 15 25 0 10 
25.7129 25.7129 25.7129 25.7129 25.7129 25.7129 25.7129 25.7129 25.7129 25.7129 25.7129 25.7129 25.7129 25.7129 25.7129 25.7129 25.7129 25.7129 25.7129 25.7129 25.7129 25.7129 25.7129 25.7129 25.7129 25.7129 
0.435474 0.435474 0.435474 0.435474 0.435474 0.435474 0.435474 0.435474 0.435474 0.435474 0.435474 0.435474 0.435474 0.435474 0.435474 0.435474 0.435474 0.435474 0.435474 0.435474 0.435474 0.435474 0.435474 0.435474 0.435474 0.435474 
item 14
100 10 90 15 100 65 155 30 100 35 15 10 110 65 55 15 80 195 50 30 115 90 45 85 0 95 
33.4522 33.4522 33.4522 33.4522 33.4522 33.4522 33.4522 33.4522 33.4522 33.4522 33.4522 33.4522 33.4522 33.4522 33.4522 33.4522 33.4522 33.4522 33.4522 33.4522 33.4522 33.4522 33.4522 33.4522 33.4522 33.4522 
0.109602 0.109602 0.109602 0.109602 0.109602 0.109602 0.109602 0.109602 0.109602 0.109602 0.109602 0.109602 0.109602 0.109602 0.109602 0.109602 0.109602 0.109602 0.109602 0.109602 0.109602 0.109602 0.109602 0.109602 0.109602 0.109602 
item 15
10 115 85 10 95 0 15 115 45 170 45 60 75 140 70 15 65 55 85 45 15 95 5 95 45 115 
64.723 64.723 64.723 64.723 64.723 64.723 64.723 64.723 64.723 64.723 64.723 64.723 64.723 64.723 64.723 64.723 64.723 64.723 64.723 64.723 64.723 64.723 64.723 64.723 64.723 64.723 
0.172517 0.172517 0.172517 0.172517 0.172517 0.172517 0.172517 0.172517 0.172517 0.172517 0.172517 0.172517 0.172517 0.172517 0.172517 0.172517 0.172517 0.172517 0.172517 0.172517 0.172517 0.172517 0.172517 0.172517 0.172517 0.172517 
item 16
130 60 145 20 110 80 180 210 270 95 45 90 75 135 175 40 135 65 25 185 10 115 10 145 115 75 
145.842 145.842 145.842 145.842 145.842 145.842 145.842 145.842 145.842 145.842 145.842 145.842 145.842 145.842 145.842 145.842 145.842 145.842 145.842 145.842 145.842 145.842 145.842 145.842 145.842 145.842 
0.174377 0.174377 0.174377 0.174377 0.174377 0.174377 0.174377 0.174377 0.174377 0.174377 0.174377 0.174377 0.174377 0.174377 0.174377 0.174377 0.174377 0.174377 0.174377 0.174377 0.174377 0.174377 0.174377 0.174377 0.174377 0.174377 
item 17
215 115 75 125 220 65 55 110 60 50 190 115 55 15 210 40 140 130 35 195 30 60 35 65 50 230 
90.0228 90.0228 90.0228 90.0228 90.0228 90.0228 90.0228 90.0228 90.0228 90.0228 90.0228 90.0228 90.0228 90.0228 90.0228 90.0228 90.0228 90.0228 90.0228 90.0228 90.0228 90.0228 90.0228 90.0228 90.0228 90.0228 
0.128031 0.128031 0.128031 0.128031 0.128031 0.128031 0.128031 0.128031 0.128031 0.128031 0.128031 0.128031 0.128031 0.128031 0.128031 0.128031 0.128031 0.128031 0.128031 0.128031 0.128031 0.128031 0.128031 0.128031 0.128031 0.128031 
item 18
0 50 30 15 25 10 95 15 60 15 5 35 100 75 20 105 25 90 90 95 5 95 20 70 25 20 
163.489 163.489 163.489 163.489 163.489 163.489 163.489 163.489 163.489 163.489 163.489 163.489 163.489 163.489 163.489 163.489 163.489 163.489 163.489 163.489 163.489 163.489 163.489 163.489 163.489 163.489 
0.416598 0.416598 0.416598 0.416598 0.416598 0.416598 0.416598 0.416598 0.416598 0.416598 0.416598 0.416598 0.416598 0.416598 0.416598 0.416598 0.416598 0.416598 0.416598 0.416598 0.416598 0.416598 0.416598 0.416598 0.416598 0.416598 
item 19
90 155 115 45 140 105 30 35 125 35 40 40 25 15 90 50 5 45 20 65 20 80 80 55 170 85 
99.4779 99.4779 99.4779 99.4779 99.4779 99.4779 99.4779 99.4779 99.4779 99.4779 99.4779 99.4779 99.4779 99.4779 99.4779 99.4779 99.4779 99.4779 99.4779 99.4779 99.4779 99.4779 99.4779 99.4779 99.4779 99.4779 
0.180091 0.180091 0.180091 0.180091 0.180091 0.180091 0.180091 0.180091 0.180091 0.180091 0.180091 0.180091 0.180091 0.180091 0.180091 0.180091 0.180091 0.180091 0.180091 0.180091 0.180091 0.180091 0.180091 0.180091 0.180091 0.180091 
