13 10
1000 1000 1000 1000 1000 1000 1000 1000 1000 1000 1000 1000 1000 
item 0
5 150 130 0 60 165 95 25 150 80 30 45 65 
73.4877 73.4877 73.4877 73.4877 73.4877 73.4877 73.4877 73.4877 73.4877 73.4877 73.4877 73.4877 73.4877 
0.406189 0.406189 0.406189 0.406189 0.406189 0.406189 0.406189 0.406189 0.406189 0.406189 0.406189 0.406189 0.406189 
item 1
40 15 90 20 70 25 75 135 15 5 35 30 0 
61.8567 61.8567 61.8567 61.8567 61.8567 61.8567 61.8567 61.8567 61.8567 61.8567 61.8567 61.8567 61.8567 
0.437213 0.437213 0.437213 0.437213 0.437213 0.437213 0.437213 0.437213 0.437213 0.437213 0.437213 0.437213 0.437213 
item 2
75 55 30 10 0 45 115 40 5 70 5 15 55 
11.6606 11.6606 11.6606 11.6606 11.6606 11.6606 11.6606 11.6606 11.6606 11.6606 11.6606 11.6606 11.6606 
0.507013 0.507013 0.507013 0.507013 0.507013 0.507013 0.507013 0.507013 0.507013 0.507013 0.507013 0.507013 0.507013 
item 3
100 55 45 95 10 120 35 150 20 25 145 45 60 
27.8885 27.8885 27.8885 27.8885 27.8885 27.8885 27.8885 27.8885 27.8885 27.8885 27.8885 27.8885 27.8885 
0.486431 0.486431 0.486431 0.486431 0.486431 0.486431 0.486431 0.486431 0.486431 0.486431 0.486431 0.486431 0.486431 
item 4
0 40 20 15 100 75 55 0 110 5 25 110 10 
20.4414 20.4414 20.4414 20.4414 20.4414 20.4414 20.4414 20.4414 20.4414 20.4414 20.4414 20.4414 20.4414 
0.436803 0.436803 0.436803 0.436803 0.436803 0.436803 0.436803 0.436803 0.436803 0.436803 0.436803 0.436803 0.436803 
item 5
35 55 75 15 5 20 15 10 10 100 30 15 60 
27.8415 27.8415 27.8415 27.8415 27.8415 27.8415 27.8415 27.8415 27.8415 27.8415 27.8415 27.8415 27.8415 
0.475404 0.475404 0.475404 0.475404 0.475404 0.475404 0.475404 0.475404 0.475404 0.475404 0.475404 0.475404 0.475404 
item 6
105 55 40 15 20 75 50 30 5 80 10 0 15 
39.2815 39.2815 39.2815 39.2815 39.2815 39.2815 39.2815 39.2815 39.2815 39.2815 39.2815 39.2815 39.2815 
0.585411 0.585411 0.585411 0.585411 0.585411 0.585411 0.585411 0.585411 0.585411 0.585411 0.585411 0.585411 0.585411 
item 7
55 30 120 65 30 60 60 10 130 25 305 60 70 
52.6014 52.6014 52.6014 52.6014 52.6014 52.6014 52.6014 52.6014 52.6014 52.6014 52.6014 52.6014 52.6014 
0.222638 0.222638 0.222638 0.222638 0.222638 0.222638 0.222638 0.222638 0.222638 0.222638 0.222638 0.222638 0.222638 
item 8
185 35 80 80 125 20 20 70 90 0 155 100 65 
91.1492 91.1492 91.1492 91.1492 91.1492 91.1492 91.1492 91.1492 91.1492 91.1492 91.1492 91.1492 91.1492 
0.346312 0.346312 0.346312 0.346312 0.346312 0.346312 0.346312 0.346312 0.346312 0.346312 0.346312 0.346312 0.346312 
item 9
5 120 140 10 25 125 35 85 110 50 0 20 35 
93.7915 93.7915 93.7915 93.7915 93.7915 93.7915 93.7915 93.7915 93.7915 93.7915 93.7915 93.7915 93.7915 
0.476833 0.476833 0.476833 0.476833 0.476833 0.476833 0.476833 0.476833 0.476833 0.476833 0.476833 0.476833 0.476833 
