26 10
1000 1000 1000 1000 1000 1000 1000 1000 1000 1000 1000 1000 1000 1000 1000 1000 1000 1000 1000 1000 1000 1000 1000 1000 1000 1000 
item 0
65 60 80 30 35 15 100 50 150 125 0 10 15 40 80 40 80 35 0 10 45 50 65 80 15 20 
160.157 160.157 160.157 160.157 160.157 160.157 160.157 160.157 160.157 160.157 160.157 160.157 160.157 160.157 160.157 160.157 160.157 160.157 160.157 160.157 160.157 160.157 160.157 160.157 160.157 160.157 
0.409864 0.409864 0.409864 0.409864 0.409864 0.409864 0.409864 0.409864 0.409864 0.409864 0.409864 0.409864 0.409864 0.409864 0.409864 0.409864 0.409864 0.409864 0.409864 0.409864 0.409864 0.409864 0.409864 0.409864 0.409864 0.409864 
item 1
0 0 105 70 0 10 0 0 15 40 10 50 0 25 95 45 30 10 40 90 30 45 0 0 5 35 
1.97288 1.97288 1.97288 1.97288 1.97288 1.97288 1.97288 1.97288 1.97288 1.97288 1.97288 1.97288 1.97288 1.97288 1.97288 1.97288 1.97288 1.97288 1.97288 1.97288 1.97288 1.97288 1.97288 1.97288 1.97288 1.97288 
0.278244 0.278244 0.278244 0.278244 0.278244 0.278244 0.278244 0.278244 0.278244 0.278244 0.278244 0.278244 0.278244 0.278244 0.278244 0.278244 0.278244 0.278244 0.278244 0.278244 0.278244 0.278244 0.278244 0.278244 0.278244 0.278244 
item 2
85 5 40 95 55 10 55 10 30 10 0 70 5 40 35 95 0 25 40 15 95 5 60 40 25 40 
114.13 114.13 114.13 114.13 114.13 114.13 114.13 114.13 114.13 114.13 114.13 114.13 114.13 114.13 114.13 114.13 114.13 114.13 114.13 114.13 114.13 114.13 114.13 114.13 114.13 114.13 
0.540859 0.540859 0.540859 0.540859 0.540859 0.540859 0.540859 0.540859 0.540859 0.540859 0.540859 0.540859 0.540859 0.540859 0.540859 0.540859 0.540859 0.540859 0.540859 0.540859 0.540859 0.540859 0.540859 0.540859 0.540859 0.540859 
item 3
30 30 95 35 45 50 30 105 20 85 90 25 140 80 150 25 80 20 35 125 95 70 35 30 30 15 
40.6918 40.6918 40.6918 40.6918 40.6918 40.6918 40.6918 40.6918 40.6918 40.6918 40.6918 40.6918 40.6918 40.6918 40.6918 40.6918 40.6918 40.6918 40.6918 40.6918 40.6918 40.6918 40.6918 40.6918 40.6918 40.6918 
0.245519 0.245519 0.245519 0.245519 0.245519 0.245519 0.245519 0.245519 0.245519 0.245519 0.245519 0.245519 0.245519 0.245519 0.245519 0.245519 0.245519 0.245519 0.245519 0.245519 0.245519 0.245519 0.245519 0.245519 0.245519 0.245519 
item 4
40 25 85 15 60 85 0 35 235 150 105 70 70 150 45 50 70 55 105 110 5 15 305 255 10 100 
33.8119 33.8119 33.8119 33.8119 33.8119 33.8119 33.8119 33.8119 33.8119 33.8119 33.8119 33.8119 33.8119 33.8119 33.8119 33.8119 33.8119 33.8119 33.8119 33.8119 33.8119 33.8119 33.8119 33.8119 33.8119 33.8119 
0.132515 0.132515 0.132515 0.132515 0.132515 0.132515 0.132515 0.132515 0.132515 0.132515 0.132515 0.132515 0.132515 0.132515 0.132515 0.132515 0.132515 0.132515 0.132515 0.132515 0.132515 0.132515 0.132515 0.132515 0.132515 0.132515 
item 5
25 15 0 5 65 50 20 25 25 0 50 10 0 10 25 20 5 35 10 0 0 0 45 20 50 0 
0.895797 0.895797 0.895797 0.895797 0.895797 0.895797 0.895797 0.895797 0.895797 0.895797 0.895797 0.895797 0.895797 0.895797 0.895797 0.895797 0.895797 0.895797 0.895797 0.895797 0.895797 0.895797 0.895797 0.895797 0.895797 0.895797 
0.42623 0.42623 0.42623 0.42623 0.42623 0.42623 0.42623 0.42623 0.42623 0.42623 0.42623 0.42623 0.42623 0.42623 0.42623 0.42623 0.42623 0.42623 0.42623 0.42623 0.42623 0.42623 0.42623 0.42623 0.42623 0.42623 
item 6
55 55 90 40 45 55 110 100 0 20 65 130 15 125 25 35 45 30 30 5 140 80 100 10 25 145 
153.555 153.555 153.555 153.555 153.555 153.555 153.555 153.555 153.555 153.555 153.555 153.555 153.555 153.555 153.555 153.555 153.555 153.555 153.555 153.555 153.555 153.555 153.555 153.555 153.555 153.555 
0.388633 0.388633 0.388633 0.388633 0.388633 0.388633 0.388633 0.388633 0.388633 0.388633 0.388633 0.388633 0.388633 0.388633 0.388633 0.388633 0.388633 0.388633 0.388633 0.388633 0.388633 0.388633 0.388633 0.388633 0.388633 0.388633 
item 7
45 70 5 85 60 55 20 20 60 30 25 70 110 70 50 45 75 25 35 40 40 80 10 40 5 60 
161.209 161.209 161.209 161.209 161.209 161.209 161.209 161.209 161.209 161.209 161.209 161.209 161.209 161.209 161.209 161.209 161.209 161.209 161.209 161.209 161.209 161.209 161.209 161.209 161.209 161.209 
0.526847 0.526847 0.526847 0.526847 0.526847 0.526847 0.526847 0.526847 0.526847 0.526847 0.526847 0.526847 0.526847 0.526847 0.526847 0.526847 0.526847 0.526847 0.526847 0.526847 0.526847 0.526847 0.526847 0.526847 0.526847 0.526847 
item 8
295 340 225 205 295 215 265 85 40 65 305 45 5 355 85 330 40 260 225 0 75 225 75 240 305 270 
157.125 157.125 157.125 157.125 157.125 157.125 157.125 157.125 157.125 157.125 157.125 157.125 157.125 157.125 157.125 157.125 157.125 157.125 157.125 157.125 157.125 157.125 157.125 157.125 157.125 157.125 
0.144681 0.144681 0.144681 0.144681 0.144681 0.144681 0.144681 0.144681 0.144681 0.144681 0.144681 0.144681 0.144681 0.144681 0.144681 0.144681 0.144681 0.144681 0.144681 0.144681 0.144681 0.144681 0.144681 0.144681 0.144681 0.144681 
item 9
30 45 175 175 150 140 130 40 165 145 130 160 155 235 0 45 170 145 125 155 70 115 150 45 55 105 
176.452 176.452 176.452 176.452 176.452 176.452 176.452 176.452 176.452 176.452 176.452 176.452 176.452 176.452 176.452 176.452 176.452 176.452 176.452 176.452 176.452 176.452 176.452 176.452 176.452 176.452 
0.295197 0.295197 0.295197 0.295197 0.295197 0.295197 0.295197 0.295197 0.295197 0.295197 0.295197 0.295197 0.295197 0.295197 0.295197 0.295197 0.295197 0.295197 0.295197 0.295197 0.295197 0.295197 0.295197 0.295197 0.295197 0.295197 
