26 10
-6.27744e+66 19.5451 32.3725 38.7863 101.32 133.389 157.44 330.611 599.988 638.47 681.763 713.832 854.934 893.416 997.639 1020.09 1020.09 1250.98 1768.89 2374.99 2710.11 2838.38 3141.43 3317.81 3465.32 4042.56 4242.99 
-6.27744e+66 -6.27744e+66 19.5451 22.7519 64.4412 88.4927 107.734 252.043 482.937 516.609 555.092 583.954 712.228 747.504 843.71 864.554 864.554 1081.02 1568.46 2140.89 2458.37 2580.23 2868.85 3037.21 3178.31 3731.49 3923.9 
-6.27744e+66 -6.27744e+66 -6.27744e+66 19.5451 40.3897 56.424 70.8549 186.302 378.714 407.576 441.248 466.903 582.35 614.419 702.608 721.849 721.849 923.881 1380.86 1919.61 2219.46 2334.9 2609.09 2769.43 2904.12 3433.25 3617.65 
-6.27744e+66 -6.27744e+66 -6.27744e+66 -6.27744e+66 19.5451 27.5622 37.1828 123.768 277.698 301.749 330.611 353.059 455.679 484.541 564.712 582.35 582.35 769.952 1196.46 1701.55 1983.75 2092.78 2352.54 2504.87 2633.14 3138.22 3314.6 
-6.27744e+66 -6.27744e+66 -6.27744e+66 -6.27744e+66 -6.27744e+66 19.5451 24.3554 82.079 197.526 216.767 240.819 260.06 349.852 375.507 447.662 463.696 463.696 636.867 1032.91 1504.32 1768.89 1871.51 2116.84 2261.14 2383.01 2864.04 3032.4 
-6.27744e+66 -6.27744e+66 -6.27744e+66 -6.27744e+66 -6.27744e+66 -6.27744e+66 19.5451 48.4069 125.372 139.803 159.044 175.078 252.043 274.491 338.628 353.059 353.059 511.799 877.382 1315.12 1562.05 1658.25 1889.15 2025.44 2140.89 2597.87 2758.21 
-6.27744e+66 -6.27744e+66 -6.27744e+66 -6.27744e+66 -6.27744e+66 -6.27744e+66 -6.27744e+66 19.5451 58.0275 67.6481 82.079 94.9064 159.044 178.285 234.405 247.233 247.233 391.542 726.659 1130.72 1360.02 1449.81 1666.27 1794.55 1903.58 2336.51 2488.83 
-6.27744e+66 -6.27744e+66 -6.27744e+66 -6.27744e+66 -6.27744e+66 -6.27744e+66 -6.27744e+66 -6.27744e+66 19.5451 24.3554 33.976 43.5966 94.9064 110.941 159.044 170.268 170.268 300.146 604.798 975.191 1186.84 1270.22 1472.26 1592.51 1695.13 2104.01 2248.32 
-6.27744e+66 -6.27744e+66 -6.27744e+66 -6.27744e+66 -6.27744e+66 -6.27744e+66 -6.27744e+66 -6.27744e+66 -6.27744e+66 19.5451 24.3554 30.7691 69.2515 82.079 122.165 131.785 131.785 247.233 521.42 858.141 1052.16 1129.12 1316.72 1428.96 1525.17 1909.99 2046.28 
-6.27744e+66 -6.27744e+66 -6.27744e+66 -6.27744e+66 -6.27744e+66 -6.27744e+66 -6.27744e+66 -6.27744e+66 -6.27744e+66 -6.27744e+66 19.5451 22.7519 48.4069 58.0275 90.0961 98.1133 98.1133 199.13 442.851 745.9 922.278 992.829 1166 1270.22 1360.02 1720.79 1849.06 
-6.27744e+66 -6.27744e+66 -6.27744e+66 -6.27744e+66 -6.27744e+66 -6.27744e+66 -6.27744e+66 -6.27744e+66 -6.27744e+66 -6.27744e+66 -6.27744e+66 19.5451 32.3725 38.7863 62.8378 69.2515 69.2515 155.837 369.093 638.47 797.21 861.347 1020.09 1116.29 1199.67 1536.39 1656.65 
-6.27744e+66 -6.27744e+66 -6.27744e+66 -6.27744e+66 -6.27744e+66 -6.27744e+66 -6.27744e+66 -6.27744e+66 -6.27744e+66 -6.27744e+66 -6.27744e+66 -6.27744e+66 19.5451 22.7519 38.7863 43.5966 43.5966 115.751 298.542 534.247 675.349 733.073 877.382 965.571 1042.54 1355.2 1467.45 
-6.27744e+66 -6.27744e+66 -6.27744e+66 -6.27744e+66 -6.27744e+66 -6.27744e+66 -6.27744e+66 -6.27744e+66 -6.27744e+66 -6.27744e+66 -6.27744e+66 -6.27744e+66 -6.27744e+66 19.5451 27.5622 30.7691 30.7691 88.4927 240.819 442.851 566.316 617.626 747.504 827.675 898.226 1186.84 1291.07 
-6.27744e+66 -6.27744e+66 -6.27744e+66 -6.27744e+66 -6.27744e+66 -6.27744e+66 -6.27744e+66 -6.27744e+66 -6.27744e+66 -6.27744e+66 -6.27744e+66 -6.27744e+66 -6.27744e+66 -6.27744e+66 19.5451 21.1485 21.1485 64.4412 186.302 354.663 460.489 505.385 620.832 692.987 757.124 1021.69 1117.9 
-6.27744e+66 -6.27744e+66 -6.27744e+66 -6.27744e+66 -6.27744e+66 -6.27744e+66 -6.27744e+66 -6.27744e+66 -6.27744e+66 -6.27744e+66 -6.27744e+66 -6.27744e+66 -6.27744e+66 -6.27744e+66 -6.27744e+66 19.5451 19.5451 48.4069 139.803 274.491 362.68 401.162 502.178 566.316 624.039 864.554 952.743 
-6.27744e+66 -6.27744e+66 -6.27744e+66 -6.27744e+66 -6.27744e+66 -6.27744e+66 -6.27744e+66 -6.27744e+66 -6.27744e+66 -6.27744e+66 -6.27744e+66 -6.27744e+66 -6.27744e+66 -6.27744e+66 -6.27744e+66 -6.27744e+66 19.5451 33.976 94.9064 195.923 266.474 298.542 385.128 441.248 492.558 709.021 789.193 
-6.27744e+66 -6.27744e+66 -6.27744e+66 -6.27744e+66 -6.27744e+66 -6.27744e+66 -6.27744e+66 -6.27744e+66 -6.27744e+66 -6.27744e+66 -6.27744e+66 -6.27744e+66 -6.27744e+66 -6.27744e+66 -6.27744e+66 -6.27744e+66 -6.27744e+66 19.5451 50.0103 117.354 170.268 195.923 268.077 316.18 361.076 553.488 625.643 
-6.27744e+66 -6.27744e+66 -6.27744e+66 -6.27744e+66 -6.27744e+66 -6.27744e+66 -6.27744e+66 -6.27744e+66 -6.27744e+66 -6.27744e+66 -6.27744e+66 -6.27744e+66 -6.27744e+66 -6.27744e+66 -6.27744e+66 -6.27744e+66 -6.27744e+66 -6.27744e+66 19.5451 53.2172 88.4927 107.734 165.457 205.543 244.026 412.386 476.523 
-6.27744e+66 -6.27744e+66 -6.27744e+66 -6.27744e+66 -6.27744e+66 -6.27744e+66 -6.27744e+66 -6.27744e+66 -6.27744e+66 -6.27744e+66 -6.27744e+66 -6.27744e+66 -6.27744e+66 -6.27744e+66 -6.27744e+66 -6.27744e+66 -6.27744e+66 -6.27744e+66 -6.27744e+66 19.5451 37.1828 50.0103 93.303 125.372 157.44 301.749 357.869 
-6.27744e+66 -6.27744e+66 -6.27744e+66 -6.27744e+66 -6.27744e+66 -6.27744e+66 -6.27744e+66 -6.27744e+66 -6.27744e+66 -6.27744e+66 -6.27744e+66 -6.27744e+66 -6.27744e+66 -6.27744e+66 -6.27744e+66 -6.27744e+66 -6.27744e+66 -6.27744e+66 -6.27744e+66 -6.27744e+66 19.5451 25.9588 54.8206 78.8721 104.527 224.785 272.888 
-6.27744e+66 -6.27744e+66 -6.27744e+66 -6.27744e+66 -6.27744e+66 -6.27744e+66 -6.27744e+66 -6.27744e+66 -6.27744e+66 -6.27744e+66 -6.27744e+66 -6.27744e+66 -6.27744e+66 -6.27744e+66 -6.27744e+66 -6.27744e+66 -6.27744e+66 -6.27744e+66 -6.27744e+66 -6.27744e+66 -6.27744e+66 19.5451 33.976 50.0103 69.2515 165.457 205.543 
-6.27744e+66 -6.27744e+66 -6.27744e+66 -6.27744e+66 -6.27744e+66 -6.27744e+66 -6.27744e+66 -6.27744e+66 -6.27744e+66 -6.27744e+66 -6.27744e+66 -6.27744e+66 -6.27744e+66 -6.27744e+66 -6.27744e+66 -6.27744e+66 -6.27744e+66 -6.27744e+66 -6.27744e+66 -6.27744e+66 -6.27744e+66 -6.27744e+66 19.5451 27.5622 40.3897 112.544 144.613 
-6.27744e+66 -6.27744e+66 -6.27744e+66 -6.27744e+66 -6.27744e+66 -6.27744e+66 -6.27744e+66 -6.27744e+66 -6.27744e+66 -6.27744e+66 -6.27744e+66 -6.27744e+66 -6.27744e+66 -6.27744e+66 -6.27744e+66 -6.27744e+66 -6.27744e+66 -6.27744e+66 -6.27744e+66 -6.27744e+66 -6.27744e+66 -6.27744e+66 -6.27744e+66 19.5451 25.9588 74.0618 98.1133 
-6.27744e+66 -6.27744e+66 -6.27744e+66 -6.27744e+66 -6.27744e+66 -6.27744e+66 -6.27744e+66 -6.27744e+66 -6.27744e+66 -6.27744e+66 -6.27744e+66 -6.27744e+66 -6.27744e+66 -6.27744e+66 -6.27744e+66 -6.27744e+66 -6.27744e+66 -6.27744e+66 -6.27744e+66 -6.27744e+66 -6.27744e+66 -6.27744e+66 -6.27744e+66 -6.27744e+66 19.5451 43.5966 59.6309 
-6.27744e+66 -6.27744e+66 -6.27744e+66 -6.27744e+66 -6.27744e+66 -6.27744e+66 -6.27744e+66 -6.27744e+66 -6.27744e+66 -6.27744e+66 -6.27744e+66 -6.27744e+66 -6.27744e+66 -6.27744e+66 -6.27744e+66 -6.27744e+66 -6.27744e+66 -6.27744e+66 -6.27744e+66 -6.27744e+66 -6.27744e+66 -6.27744e+66 -6.27744e+66 -6.27744e+66 -6.27744e+66 19.5451 27.5622 
-6.27744e+66 -6.27744e+66 -6.27744e+66 -6.27744e+66 -6.27744e+66 -6.27744e+66 -6.27744e+66 -6.27744e+66 -6.27744e+66 -6.27744e+66 -6.27744e+66 -6.27744e+66 -6.27744e+66 -6.27744e+66 -6.27744e+66 -6.27744e+66 -6.27744e+66 -6.27744e+66 -6.27744e+66 -6.27744e+66 -6.27744e+66 -6.27744e+66 -6.27744e+66 -6.27744e+66 -6.27744e+66 -6.27744e+66 19.5451 
-6.27744e+66 -6.27744e+66 -6.27744e+66 -6.27744e+66 -6.27744e+66 -6.27744e+66 -6.27744e+66 -6.27744e+66 -6.27744e+66 -6.27744e+66 -6.27744e+66 -6.27744e+66 -6.27744e+66 -6.27744e+66 -6.27744e+66 -6.27744e+66 -6.27744e+66 -6.27744e+66 -6.27744e+66 -6.27744e+66 -6.27744e+66 -6.27744e+66 -6.27744e+66 -6.27744e+66 -6.27744e+66 -6.27744e+66 -6.27744e+66 
-6.27744e+66 74.6701 84.6095 102.003 161.64 251.095 263.519 338.065 477.217 755.521 800.249 949.34 1017.67 1330.77 1411.52 1498.49 1908.5 1988.01 2241.47 2465.1 2630.35 2804.29 3039.11 3449.11 3734.87 4331.23 4548.66 
-6.27744e+66 -6.27744e+66 74.6701 83.3671 123.125 190.216 200.155 262.277 381.55 625.066 664.824 799.006 861.128 1148.13 1222.67 1303.43 1686.1 1760.65 1999.19 2210.41 2366.95 2532.19 2755.83 3147.2 3420.53 3992.05 4200.78 
-6.27744e+66 -6.27744e+66 -6.27744e+66 74.6701 94.5489 139.276 146.731 196.428 295.822 504.55 539.338 658.612 714.521 975.431 1043.76 1118.31 1473.65 1543.22 1766.86 1965.65 2113.5 2270.04 2482.5 2855.23 3116.14 3662.8 3862.84 
-6.27744e+66 -6.27744e+66 -6.27744e+66 -6.27744e+66 74.6701 97.0338 102.003 139.276 218.792 392.732 422.55 526.914 576.611 811.43 873.552 941.885 1269.89 1334.49 1543.22 1729.59 1868.74 2016.59 2217.86 2571.95 2820.44 3342.26 3533.59 
-6.27744e+66 -6.27744e+66 -6.27744e+66 -6.27744e+66 -6.27744e+66 74.6701 77.1549 102.003 161.64 300.792 325.641 415.096 458.581 667.309 723.218 785.339 1086.01 1145.64 1339.46 1513.4 1643.86 1783.01 1973.1 2308.56 2544.62 3041.59 3224.23 
-6.27744e+66 -6.27744e+66 -6.27744e+66 -6.27744e+66 -6.27744e+66 -6.27744e+66 74.6701 87.0943 126.852 231.216 251.095 325.641 362.914 545.551 595.248 651.157 924.491 979.158 1158.07 1319.58 1441.34 1571.8 1750.71 2067.53 2291.16 2763.29 2937.23 
-6.27744e+66 -6.27744e+66 -6.27744e+66 -6.27744e+66 -6.27744e+66 -6.27744e+66 -6.27744e+66 74.6701 94.5489 164.125 179.034 238.671 269.731 426.277 469.762 519.46 765.461 815.158 979.158 1128.25 1241.31 1363.07 1530.8 1828.98 2040.19 2487.47 2652.71 
-6.27744e+66 -6.27744e+66 -6.27744e+66 -6.27744e+66 -6.27744e+66 -6.27744e+66 -6.27744e+66 -6.27744e+66 74.6701 109.458 119.397 164.125 188.974 319.429 356.701 400.186 618.854 663.581 812.673 949.34 1053.7 1166.77 1323.31 1602.86 1801.65 2224.07 2380.62 
-6.27744e+66 -6.27744e+66 -6.27744e+66 -6.27744e+66 -6.27744e+66 -6.27744e+66 -6.27744e+66 -6.27744e+66 -6.27744e+66 74.6701 79.6398 109.458 128.095 232.459 263.519 300.792 492.126 531.884 666.066 790.309 885.976 990.34 1135.7 1396.61 1582.98 1980.56 2128.41 
-6.27744e+66 -6.27744e+66 -6.27744e+66 -6.27744e+66 -6.27744e+66 -6.27744e+66 -6.27744e+66 -6.27744e+66 -6.27744e+66 -6.27744e+66 74.6701 89.5792 102.003 180.277 205.125 236.186 400.186 434.974 554.248 666.066 753.036 848.703 982.886 1225.16 1399.1 1771.83 1910.98 
-6.27744e+66 -6.27744e+66 -6.27744e+66 -6.27744e+66 -6.27744e+66 -6.27744e+66 -6.27744e+66 -6.27744e+66 -6.27744e+66 -6.27744e+66 -6.27744e+66 74.6701 80.8822 133.064 151.701 176.549 313.216 343.035 447.399 546.793 625.066 712.036 835.037 1058.67 1220.19 1568.07 1698.52 
-6.27744e+66 -6.27744e+66 -6.27744e+66 -6.27744e+66 -6.27744e+66 -6.27744e+66 -6.27744e+66 -6.27744e+66 -6.27744e+66 -6.27744e+66 -6.27744e+66 -6.27744e+66 74.6701 100.761 113.185 131.822 241.156 266.004 355.459 442.429 512.005 590.278 702.097 907.097 1056.19 1379.22 1500.98 
-6.27744e+66 -6.27744e+66 -6.27744e+66 -6.27744e+66 -6.27744e+66 -6.27744e+66 -6.27744e+66 -6.27744e+66 -6.27744e+66 -6.27744e+66 -6.27744e+66 -6.27744e+66 -6.27744e+66 74.6701 80.8822 93.3065 175.307 195.186 269.731 344.277 405.156 474.732 575.369 761.733 898.4 1196.58 1309.64 
-6.27744e+66 -6.27744e+66 -6.27744e+66 -6.27744e+66 -6.27744e+66 -6.27744e+66 -6.27744e+66 -6.27744e+66 -6.27744e+66 -6.27744e+66 -6.27744e+66 -6.27744e+66 -6.27744e+66 -6.27744e+66 74.6701 80.8822 135.549 150.458 210.095 272.216 324.398 385.277 474.732 642.46 766.703 1040.04 1144.4 
-6.27744e+66 -6.27744e+66 -6.27744e+66 -6.27744e+66 -6.27744e+66 -6.27744e+66 -6.27744e+66 -6.27744e+66 -6.27744e+66 -6.27744e+66 -6.27744e+66 -6.27744e+66 -6.27744e+66 -6.27744e+66 -6.27744e+66 74.6701 102.003 111.943 156.67 206.368 249.853 302.035 380.308 529.399 641.218 889.703 985.371 
-6.27744e+66 -6.27744e+66 -6.27744e+66 -6.27744e+66 -6.27744e+66 -6.27744e+66 -6.27744e+66 -6.27744e+66 -6.27744e+66 -6.27744e+66 -6.27744e+66 -6.27744e+66 -6.27744e+66 -6.27744e+66 -6.27744e+66 -6.27744e+66 74.6701 79.6398 109.458 146.731 181.519 225.004 292.095 422.55 521.944 745.582 832.552 
-6.27744e+66 -6.27744e+66 -6.27744e+66 -6.27744e+66 -6.27744e+66 -6.27744e+66 -6.27744e+66 -6.27744e+66 -6.27744e+66 -6.27744e+66 -6.27744e+66 -6.27744e+66 -6.27744e+66 -6.27744e+66 -6.27744e+66 -6.27744e+66 -6.27744e+66 74.6701 89.5792 114.428 140.519 175.307 231.216 343.035 430.005 628.793 707.066 
-6.27744e+66 -6.27744e+66 -6.27744e+66 -6.27744e+66 -6.27744e+66 -6.27744e+66 -6.27744e+66 -6.27744e+66 -6.27744e+66 -6.27744e+66 -6.27744e+66 -6.27744e+66 -6.27744e+66 -6.27744e+66 -6.27744e+66 -6.27744e+66 -6.27744e+66 -6.27744e+66 74.6701 87.0943 104.488 130.579 175.307 268.489 343.035 516.975 586.551 
-6.27744e+66 -6.27744e+66 -6.27744e+66 -6.27744e+66 -6.27744e+66 -6.27744e+66 -6.27744e+66 -6.27744e+66 -6.27744e+66 -6.27744e+66 -6.27744e+66 -6.27744e+66 -6.27744e+66 -6.27744e+66 -6.27744e+66 -6.27744e+66 -6.27744e+66 -6.27744e+66 -6.27744e+66 74.6701 83.3671 100.761 134.307 208.852 270.974 420.065 480.944 
-6.27744e+66 -6.27744e+66 -6.27744e+66 -6.27744e+66 -6.27744e+66 -6.27744e+66 -6.27744e+66 -6.27744e+66 -6.27744e+66 -6.27744e+66 -6.27744e+66 -6.27744e+66 -6.27744e+66 -6.27744e+66 -6.27744e+66 -6.27744e+66 -6.27744e+66 -6.27744e+66 -6.27744e+66 -6.27744e+66 74.6701 83.3671 105.731 161.64 211.337 335.58 387.762 
-6.27744e+66 -6.27744e+66 -6.27744e+66 -6.27744e+66 -6.27744e+66 -6.27744e+66 -6.27744e+66 -6.27744e+66 -6.27744e+66 -6.27744e+66 -6.27744e+66 -6.27744e+66 -6.27744e+66 -6.27744e+66 -6.27744e+66 -6.27744e+66 -6.27744e+66 -6.27744e+66 -6.27744e+66 -6.27744e+66 -6.27744e+66 74.6701 85.8519 123.125 160.398 259.792 303.277 
-6.27744e+66 -6.27744e+66 -6.27744e+66 -6.27744e+66 -6.27744e+66 -6.27744e+66 -6.27744e+66 -6.27744e+66 -6.27744e+66 -6.27744e+66 -6.27744e+66 -6.27744e+66 -6.27744e+66 -6.27744e+66 -6.27744e+66 -6.27744e+66 -6.27744e+66 -6.27744e+66 -6.27744e+66 -6.27744e+66 -6.27744e+66 -6.27744e+66 74.6701 93.3065 118.155 192.701 227.489 
-6.27744e+66 -6.27744e+66 -6.27744e+66 -6.27744e+66 -6.27744e+66 -6.27744e+66 -6.27744e+66 -6.27744e+66 -6.27744e+66 -6.27744e+66 -6.27744e+66 -6.27744e+66 -6.27744e+66 -6.27744e+66 -6.27744e+66 -6.27744e+66 -6.27744e+66 -6.27744e+66 -6.27744e+66 -6.27744e+66 -6.27744e+66 -6.27744e+66 -6.27744e+66 74.6701 87.0943 136.792 162.883 
-6.27744e+66 -6.27744e+66 -6.27744e+66 -6.27744e+66 -6.27744e+66 -6.27744e+66 -6.27744e+66 -6.27744e+66 -6.27744e+66 -6.27744e+66 -6.27744e+66 -6.27744e+66 -6.27744e+66 -6.27744e+66 -6.27744e+66 -6.27744e+66 -6.27744e+66 -6.27744e+66 -6.27744e+66 -6.27744e+66 -6.27744e+66 -6.27744e+66 -6.27744e+66 -6.27744e+66 74.6701 99.5186 116.913 
-6.27744e+66 -6.27744e+66 -6.27744e+66 -6.27744e+66 -6.27744e+66 -6.27744e+66 -6.27744e+66 -6.27744e+66 -6.27744e+66 -6.27744e+66 -6.27744e+66 -6.27744e+66 -6.27744e+66 -6.27744e+66 -6.27744e+66 -6.27744e+66 -6.27744e+66 -6.27744e+66 -6.27744e+66 -6.27744e+66 -6.27744e+66 -6.27744e+66 -6.27744e+66 -6.27744e+66 -6.27744e+66 74.6701 83.3671 
-6.27744e+66 -6.27744e+66 -6.27744e+66 -6.27744e+66 -6.27744e+66 -6.27744e+66 -6.27744e+66 -6.27744e+66 -6.27744e+66 -6.27744e+66 -6.27744e+66 -6.27744e+66 -6.27744e+66 -6.27744e+66 -6.27744e+66 -6.27744e+66 -6.27744e+66 -6.27744e+66 -6.27744e+66 -6.27744e+66 -6.27744e+66 -6.27744e+66 -6.27744e+66 -6.27744e+66 -6.27744e+66 -6.27744e+66 74.6701 
-6.27744e+66 -6.27744e+66 -6.27744e+66 -6.27744e+66 -6.27744e+66 -6.27744e+66 -6.27744e+66 -6.27744e+66 -6.27744e+66 -6.27744e+66 -6.27744e+66 -6.27744e+66 -6.27744e+66 -6.27744e+66 -6.27744e+66 -6.27744e+66 -6.27744e+66 -6.27744e+66 -6.27744e+66 -6.27744e+66 -6.27744e+66 -6.27744e+66 -6.27744e+66 -6.27744e+66 -6.27744e+66 -6.27744e+66 -6.27744e+66 
-6.27744e+66 57.8294 77.5037 90.6199 188.991 241.456 296.107 440.386 532.199 532.199 571.548 768.291 960.662 1406.61 1463.45 1800.1 2128 2582.7 2657.03 2696.37 3402.46 3795.95 3887.76 4224.41 4475.81 4843.06 5498.87 
-6.27744e+66 -6.27744e+66 57.8294 64.3875 129.969 169.317 213.038 333.27 411.967 411.967 446.944 624.012 798.895 1207.68 1260.15 1572.75 1878.8 2305.07 2375.03 2412.19 3081.12 3454.93 3542.37 3863.72 4104.18 4456.13 5085.71 
-6.27744e+66 -6.27744e+66 -6.27744e+66 57.8294 90.6199 116.852 149.643 245.828 311.409 311.409 342.014 499.408 656.803 1028.43 1076.52 1365.08 1649.26 2047.12 2112.7 2147.68 2779.44 3133.58 3216.65 3522.7 3752.23 4088.88 4692.22 
-6.27744e+66 -6.27744e+66 -6.27744e+66 -6.27744e+66 57.8294 70.9456 92.8059 164.945 217.41 217.41 243.642 381.363 521.269 855.732 899.453 1163.96 1426.29 1795.73 1856.94 1889.73 2484.33 2818.79 2897.49 3188.23 3406.84 3728.18 4305.3 
-6.27744e+66 -6.27744e+66 -6.27744e+66 -6.27744e+66 -6.27744e+66 57.8294 68.7595 116.852 156.201 156.201 178.061 296.107 418.525 715.826 755.175 995.638 1236.1 1577.12 1633.96 1664.57 2222 2536.79 2611.12 2886.56 3094.23 3400.28 3951.16 
-6.27744e+66 -6.27744e+66 -6.27744e+66 -6.27744e+66 -6.27744e+66 -6.27744e+66 57.8294 81.8757 108.108 108.108 125.596 223.968 328.898 589.036 624.012 840.43 1059.03 1371.64 1424.1 1452.52 1972.8 2267.91 2337.86 2598 2794.75 3085.49 3610.14 
-6.27744e+66 -6.27744e+66 -6.27744e+66 -6.27744e+66 -6.27744e+66 -6.27744e+66 -6.27744e+66 57.8294 70.9456 70.9456 84.0618 162.759 250.2 473.176 503.781 696.152 892.895 1177.08 1225.17 1251.4 1734.52 2009.96 2075.54 2320.38 2506.19 2781.63 3280.05 
-6.27744e+66 -6.27744e+66 -6.27744e+66 -6.27744e+66 -6.27744e+66 -6.27744e+66 -6.27744e+66 -6.27744e+66 57.8294 57.8294 66.5735 125.596 195.55 381.363 407.595 575.92 750.803 1006.57 1050.29 1074.34 1520.29 1776.05 1837.26 2066.8 2241.68 2501.82 2974 
-6.27744e+66 -6.27744e+66 -6.27744e+66 -6.27744e+66 -6.27744e+66 -6.27744e+66 -6.27744e+66 -6.27744e+66 -6.27744e+66 57.8294 62.2014 101.55 154.015 302.665 324.526 468.804 621.826 849.174 888.523 910.383 1319.17 1555.26 1612.1 1826.33 1990.28 2235.12 2681.07 
-6.27744e+66 -6.27744e+66 -6.27744e+66 -6.27744e+66 -6.27744e+66 -6.27744e+66 -6.27744e+66 -6.27744e+66 -6.27744e+66 -6.27744e+66 57.8294 77.5037 112.48 223.968 241.456 361.688 492.85 691.78 726.756 746.43 1118.06 1334.47 1386.94 1585.87 1738.89 1968.42 2388.14 
-6.27744e+66 -6.27744e+66 -6.27744e+66 -6.27744e+66 -6.27744e+66 -6.27744e+66 -6.27744e+66 -6.27744e+66 -6.27744e+66 -6.27744e+66 -6.27744e+66 57.8294 75.3176 149.643 162.759 258.945 368.246 538.757 569.362 586.85 921.313 1118.06 1166.15 1349.78 1491.87 1706.1 2099.59 
-6.27744e+66 -6.27744e+66 -6.27744e+66 -6.27744e+66 -6.27744e+66 -6.27744e+66 -6.27744e+66 -6.27744e+66 -6.27744e+66 -6.27744e+66 -6.27744e+66 -6.27744e+66 57.8294 94.992 103.736 175.875 263.317 405.409 431.641 446.944 744.244 921.313 965.034 1133.36 1264.52 1463.45 1830.7 
-6.27744e+66 -6.27744e+66 -6.27744e+66 -6.27744e+66 -6.27744e+66 -6.27744e+66 -6.27744e+66 -6.27744e+66 -6.27744e+66 -6.27744e+66 -6.27744e+66 -6.27744e+66 -6.27744e+66 57.8294 62.2014 110.294 175.875 289.549 311.409 324.526 584.664 742.058 781.407 934.43 1054.66 1238.29 1579.31 
-6.27744e+66 -6.27744e+66 -6.27744e+66 -6.27744e+66 -6.27744e+66 -6.27744e+66 -6.27744e+66 -6.27744e+66 -6.27744e+66 -6.27744e+66 -6.27744e+66 -6.27744e+66 -6.27744e+66 -6.27744e+66 57.8294 81.8757 125.596 210.852 228.34 239.27 462.246 599.966 634.943 772.663 881.965 1050.29 1365.08 
-6.27744e+66 -6.27744e+66 -6.27744e+66 -6.27744e+66 -6.27744e+66 -6.27744e+66 -6.27744e+66 -6.27744e+66 -6.27744e+66 -6.27744e+66 -6.27744e+66 -6.27744e+66 -6.27744e+66 -6.27744e+66 -6.27744e+66 57.8294 79.6897 136.527 149.643 158.387 344.2 462.246 492.85 615.268 713.64 866.662 1155.22 
-6.27744e+66 -6.27744e+66 -6.27744e+66 -6.27744e+66 -6.27744e+66 -6.27744e+66 -6.27744e+66 -6.27744e+66 -6.27744e+66 -6.27744e+66 -6.27744e+66 -6.27744e+66 -6.27744e+66 -6.27744e+66 -6.27744e+66 -6.27744e+66 57.8294 86.2478 94.992 101.55 250.2 348.572 374.804 481.92 569.362 707.082 969.406 
-6.27744e+66 -6.27744e+66 -6.27744e+66 -6.27744e+66 -6.27744e+66 -6.27744e+66 -6.27744e+66 -6.27744e+66 -6.27744e+66 -6.27744e+66 -6.27744e+66 -6.27744e+66 -6.27744e+66 -6.27744e+66 -6.27744e+66 -6.27744e+66 -6.27744e+66 57.8294 62.2014 66.5735 178.061 256.759 278.619 370.432 446.944 569.362 805.453 
-6.27744e+66 -6.27744e+66 -6.27744e+66 -6.27744e+66 -6.27744e+66 -6.27744e+66 -6.27744e+66 -6.27744e+66 -6.27744e+66 -6.27744e+66 -6.27744e+66 -6.27744e+66 -6.27744e+66 -6.27744e+66 -6.27744e+66 -6.27744e+66 -6.27744e+66 -6.27744e+66 57.8294 60.0154 134.341 193.364 210.852 287.363 352.944 460.06 669.919 
-6.27744e+66 -6.27744e+66 -6.27744e+66 -6.27744e+66 -6.27744e+66 -6.27744e+66 -6.27744e+66 -6.27744e+66 -6.27744e+66 -6.27744e+66 -6.27744e+66 -6.27744e+66 -6.27744e+66 -6.27744e+66 -6.27744e+66 -6.27744e+66 -6.27744e+66 -6.27744e+66 -6.27744e+66 57.8294 94.992 134.341 147.457 208.666 263.317 355.13 538.757 
-6.27744e+66 -6.27744e+66 -6.27744e+66 -6.27744e+66 -6.27744e+66 -6.27744e+66 -6.27744e+66 -6.27744e+66 -6.27744e+66 -6.27744e+66 -6.27744e+66 -6.27744e+66 -6.27744e+66 -6.27744e+66 -6.27744e+66 -6.27744e+66 -6.27744e+66 -6.27744e+66 -6.27744e+66 -6.27744e+66 57.8294 77.5037 86.2478 132.155 175.875 252.386 409.781 
-6.27744e+66 -6.27744e+66 -6.27744e+66 -6.27744e+66 -6.27744e+66 -6.27744e+66 -6.27744e+66 -6.27744e+66 -6.27744e+66 -6.27744e+66 -6.27744e+66 -6.27744e+66 -6.27744e+66 -6.27744e+66 -6.27744e+66 -6.27744e+66 -6.27744e+66 -6.27744e+66 -6.27744e+66 -6.27744e+66 -6.27744e+66 57.8294 62.2014 92.8059 125.596 186.805 317.968 
-6.27744e+66 -6.27744e+66 -6.27744e+66 -6.27744e+66 -6.27744e+66 -6.27744e+66 -6.27744e+66 -6.27744e+66 -6.27744e+66 -6.27744e+66 -6.27744e+66 -6.27744e+66 -6.27744e+66 -6.27744e+66 -6.27744e+66 -6.27744e+66 -6.27744e+66 -6.27744e+66 -6.27744e+66 -6.27744e+66 -6.27744e+66 -6.27744e+66 57.8294 73.1316 94.992 140.899 245.828 
-6.27744e+66 -6.27744e+66 -6.27744e+66 -6.27744e+66 -6.27744e+66 -6.27744e+66 -6.27744e+66 -6.27744e+66 -6.27744e+66 -6.27744e+66 -6.27744e+66 -6.27744e+66 -6.27744e+66 -6.27744e+66 -6.27744e+66 -6.27744e+66 -6.27744e+66 -6.27744e+66 -6.27744e+66 -6.27744e+66 -6.27744e+66 -6.27744e+66 -6.27744e+66 57.8294 68.7595 99.364 178.061 
-6.27744e+66 -6.27744e+66 -6.27744e+66 -6.27744e+66 -6.27744e+66 -6.27744e+66 -6.27744e+66 -6.27744e+66 -6.27744e+66 -6.27744e+66 -6.27744e+66 -6.27744e+66 -6.27744e+66 -6.27744e+66 -6.27744e+66 -6.27744e+66 -6.27744e+66 -6.27744e+66 -6.27744e+66 -6.27744e+66 -6.27744e+66 -6.27744e+66 -6.27744e+66 -6.27744e+66 57.8294 73.1316 125.596 
-6.27744e+66 -6.27744e+66 -6.27744e+66 -6.27744e+66 -6.27744e+66 -6.27744e+66 -6.27744e+66 -6.27744e+66 -6.27744e+66 -6.27744e+66 -6.27744e+66 -6.27744e+66 -6.27744e+66 -6.27744e+66 -6.27744e+66 -6.27744e+66 -6.27744e+66 -6.27744e+66 -6.27744e+66 -6.27744e+66 -6.27744e+66 -6.27744e+66 -6.27744e+66 -6.27744e+66 -6.27744e+66 57.8294 84.0618 
-6.27744e+66 -6.27744e+66 -6.27744e+66 -6.27744e+66 -6.27744e+66 -6.27744e+66 -6.27744e+66 -6.27744e+66 -6.27744e+66 -6.27744e+66 -6.27744e+66 -6.27744e+66 -6.27744e+66 -6.27744e+66 -6.27744e+66 -6.27744e+66 -6.27744e+66 -6.27744e+66 -6.27744e+66 -6.27744e+66 -6.27744e+66 -6.27744e+66 -6.27744e+66 -6.27744e+66 -6.27744e+66 -6.27744e+66 57.8294 
-6.27744e+66 -6.27744e+66 -6.27744e+66 -6.27744e+66 -6.27744e+66 -6.27744e+66 -6.27744e+66 -6.27744e+66 -6.27744e+66 -6.27744e+66 -6.27744e+66 -6.27744e+66 -6.27744e+66 -6.27744e+66 -6.27744e+66 -6.27744e+66 -6.27744e+66 -6.27744e+66 -6.27744e+66 -6.27744e+66 -6.27744e+66 -6.27744e+66 -6.27744e+66 -6.27744e+66 -6.27744e+66 -6.27744e+66 -6.27744e+66 
-6.27744e+66 31.3691 41.2342 111.387 229.769 242.922 270.325 349.247 356.92 391.996 461.052 559.704 800.853 866.62 952.119 1044.19 1126.4 1582.39 1675.56 1774.22 2003.31 2419.84 2442.86 2780.46 3209.05 3524.74 3853.58 
-6.27744e+66 -6.27744e+66 31.3691 66.4452 145.367 155.232 177.154 242.922 249.499 280.191 341.574 430.361 649.587 709.874 788.795 874.293 951.022 1378.51 1466.2 1559.37 1776.41 2172.11 2194.03 2516.3 2926.25 3228.78 3544.47 
-6.27744e+66 -6.27744e+66 -6.27744e+66 31.3691 70.8298 77.4065 93.8485 146.463 151.943 178.251 231.961 310.882 508.186 562.992 635.337 714.258 785.507 1184.5 1266.71 1354.4 1559.37 1934.25 1955.08 2261.99 2653.31 2942.69 3245.22 
-6.27744e+66 -6.27744e+66 -6.27744e+66 -6.27744e+66 31.3691 34.6575 45.6188 85.0795 89.464 111.387 157.424 226.48 401.861 451.187 516.955 589.299 655.067 1025.56 1102.29 1184.5 1377.42 1731.47 1751.2 2042.77 2415.45 2691.68 2981.06 
-6.27744e+66 -6.27744e+66 -6.27744e+66 -6.27744e+66 -6.27744e+66 31.3691 36.8497 63.1568 66.4452 83.9833 122.348 181.539 334.997 378.842 438.033 503.801 564.088 906.081 977.33 1054.06 1234.92 1568.14 1586.78 1863 2217.05 2480.12 2756.35 
-6.27744e+66 -6.27744e+66 -6.27744e+66 -6.27744e+66 -6.27744e+66 -6.27744e+66 31.3691 44.5226 46.7149 59.8685 90.5601 139.886 271.422 309.786 362.4 421.591 476.398 789.891 855.659 926.908 1095.71 1408.11 1425.65 1686.53 2021.94 2271.86 2534.93 
-6.27744e+66 -6.27744e+66 -6.27744e+66 -6.27744e+66 -6.27744e+66 -6.27744e+66 -6.27744e+66 31.3691 32.4652 41.2342 64.253 103.714 213.327 246.211 292.248 344.862 394.188 679.182 739.469 805.237 961.984 1253.55 1270 1515.53 1832.31 2069.08 2318.99 
-6.27744e+66 -6.27744e+66 -6.27744e+66 -6.27744e+66 -6.27744e+66 -6.27744e+66 -6.27744e+66 -6.27744e+66 31.3691 35.7536 51.0994 80.6949 168.385 195.789 235.249 281.287 325.132 581.627 636.433 696.72 841.409 1112.15 1127.5 1357.69 1655.83 1879.44 2116.21 
-6.27744e+66 -6.27744e+66 -6.27744e+66 -6.27744e+66 -6.27744e+66 -6.27744e+66 -6.27744e+66 -6.27744e+66 -6.27744e+66 31.3691 39.042 58.7723 124.54 146.463 179.347 218.807 257.172 485.167 534.493 589.299 721.931 971.849 986.099 1200.94 1480.45 1690.91 1914.52 
-6.27744e+66 -6.27744e+66 -6.27744e+66 -6.27744e+66 -6.27744e+66 -6.27744e+66 -6.27744e+66 -6.27744e+66 -6.27744e+66 -6.27744e+66 31.3691 41.2342 85.0795 101.521 127.829 160.712 193.596 393.092 436.937 486.263 606.838 835.929 849.082 1048.58 1309.46 1506.76 1717.22 
-6.27744e+66 -6.27744e+66 -6.27744e+66 -6.27744e+66 -6.27744e+66 -6.27744e+66 -6.27744e+66 -6.27744e+66 -6.27744e+66 -6.27744e+66 -6.27744e+66 31.3691 53.2917 64.253 83.9833 110.29 137.694 308.69 347.055 390.9 499.417 707.682 719.739 903.889 1146.13 1330.28 1527.59 
-6.27744e+66 -6.27744e+66 -6.27744e+66 -6.27744e+66 -6.27744e+66 -6.27744e+66 -6.27744e+66 -6.27744e+66 -6.27744e+66 -6.27744e+66 -6.27744e+66 -6.27744e+66 31.3691 36.8497 50.0033 69.7336 91.6562 234.153 267.037 305.402 401.861 589.299 600.261 769.065 992.675 1163.67 1347.82 
-6.27744e+66 -6.27744e+66 -6.27744e+66 -6.27744e+66 -6.27744e+66 -6.27744e+66 -6.27744e+66 -6.27744e+66 -6.27744e+66 -6.27744e+66 -6.27744e+66 -6.27744e+66 -6.27744e+66 31.3691 37.9458 51.0994 67.5414 181.539 208.942 241.826 326.228 492.84 502.705 656.163 861.14 1018.98 1189.98 
-6.27744e+66 -6.27744e+66 -6.27744e+66 -6.27744e+66 -6.27744e+66 -6.27744e+66 -6.27744e+66 -6.27744e+66 -6.27744e+66 -6.27744e+66 -6.27744e+66 -6.27744e+66 -6.27744e+66 -6.27744e+66 31.3691 37.9458 48.9072 134.405 156.328 183.731 256.076 401.861 410.63 548.743 735.085 879.774 1037.62 
-6.27744e+66 -6.27744e+66 -6.27744e+66 -6.27744e+66 -6.27744e+66 -6.27744e+66 -6.27744e+66 -6.27744e+66 -6.27744e+66 -6.27744e+66 -6.27744e+66 -6.27744e+66 -6.27744e+66 -6.27744e+66 -6.27744e+66 31.3691 36.8497 93.8485 110.29 132.213 192.5 317.459 325.132 447.899 615.607 747.142 891.831 
-6.27744e+66 -6.27744e+66 -6.27744e+66 -6.27744e+66 -6.27744e+66 -6.27744e+66 -6.27744e+66 -6.27744e+66 -6.27744e+66 -6.27744e+66 -6.27744e+66 -6.27744e+66 -6.27744e+66 -6.27744e+66 -6.27744e+66 -6.27744e+66 31.3691 59.8685 70.8298 87.2717 135.501 239.634 246.211 353.631 502.705 621.087 752.623 
-6.27744e+66 -6.27744e+66 -6.27744e+66 -6.27744e+66 -6.27744e+66 -6.27744e+66 -6.27744e+66 -6.27744e+66 -6.27744e+66 -6.27744e+66 -6.27744e+66 -6.27744e+66 -6.27744e+66 -6.27744e+66 -6.27744e+66 -6.27744e+66 -6.27744e+66 31.3691 36.8497 47.811 83.9833 167.289 172.77 264.845 395.284 500.513 618.895 
-6.27744e+66 -6.27744e+66 -6.27744e+66 -6.27744e+66 -6.27744e+66 -6.27744e+66 -6.27744e+66 -6.27744e+66 -6.27744e+66 -6.27744e+66 -6.27744e+66 -6.27744e+66 -6.27744e+66 -6.27744e+66 -6.27744e+66 -6.27744e+66 -6.27744e+66 -6.27744e+66 31.3691 36.8497 60.9646 123.444 127.829 204.558 316.363 408.438 513.666 
-6.27744e+66 -6.27744e+66 -6.27744e+66 -6.27744e+66 -6.27744e+66 -6.27744e+66 -6.27744e+66 -6.27744e+66 -6.27744e+66 -6.27744e+66 -6.27744e+66 -6.27744e+66 -6.27744e+66 -6.27744e+66 -6.27744e+66 -6.27744e+66 -6.27744e+66 -6.27744e+66 -6.27744e+66 31.3691 43.4265 85.0795 88.3678 149.751 242.922 321.844 413.919 
-6.27744e+66 -6.27744e+66 -6.27744e+66 -6.27744e+66 -6.27744e+66 -6.27744e+66 -6.27744e+66 -6.27744e+66 -6.27744e+66 -6.27744e+66 -6.27744e+66 -6.27744e+66 -6.27744e+66 -6.27744e+66 -6.27744e+66 -6.27744e+66 -6.27744e+66 -6.27744e+66 -6.27744e+66 -6.27744e+66 31.3691 52.1955 54.3878 100.425 174.962 240.73 319.651 
-6.27744e+66 -6.27744e+66 -6.27744e+66 -6.27744e+66 -6.27744e+66 -6.27744e+66 -6.27744e+66 -6.27744e+66 -6.27744e+66 -6.27744e+66 -6.27744e+66 -6.27744e+66 -6.27744e+66 -6.27744e+66 -6.27744e+66 -6.27744e+66 -6.27744e+66 -6.27744e+66 -6.27744e+66 -6.27744e+66 -6.27744e+66 31.3691 32.4652 63.1568 119.06 171.674 237.442 
-6.27744e+66 -6.27744e+66 -6.27744e+66 -6.27744e+66 -6.27744e+66 -6.27744e+66 -6.27744e+66 -6.27744e+66 -6.27744e+66 -6.27744e+66 -6.27744e+66 -6.27744e+66 -6.27744e+66 -6.27744e+66 -6.27744e+66 -6.27744e+66 -6.27744e+66 -6.27744e+66 -6.27744e+66 -6.27744e+66 -6.27744e+66 -6.27744e+66 31.3691 46.7149 83.9833 123.444 176.058 
-6.27744e+66 -6.27744e+66 -6.27744e+66 -6.27744e+66 -6.27744e+66 -6.27744e+66 -6.27744e+66 -6.27744e+66 -6.27744e+66 -6.27744e+66 -6.27744e+66 -6.27744e+66 -6.27744e+66 -6.27744e+66 -6.27744e+66 -6.27744e+66 -6.27744e+66 -6.27744e+66 -6.27744e+66 -6.27744e+66 -6.27744e+66 -6.27744e+66 -6.27744e+66 31.3691 50.0033 76.3104 115.771 
-6.27744e+66 -6.27744e+66 -6.27744e+66 -6.27744e+66 -6.27744e+66 -6.27744e+66 -6.27744e+66 -6.27744e+66 -6.27744e+66 -6.27744e+66 -6.27744e+66 -6.27744e+66 -6.27744e+66 -6.27744e+66 -6.27744e+66 -6.27744e+66 -6.27744e+66 -6.27744e+66 -6.27744e+66 -6.27744e+66 -6.27744e+66 -6.27744e+66 -6.27744e+66 -6.27744e+66 31.3691 44.5226 70.8298 
-6.27744e+66 -6.27744e+66 -6.27744e+66 -6.27744e+66 -6.27744e+66 -6.27744e+66 -6.27744e+66 -6.27744e+66 -6.27744e+66 -6.27744e+66 -6.27744e+66 -6.27744e+66 -6.27744e+66 -6.27744e+66 -6.27744e+66 -6.27744e+66 -6.27744e+66 -6.27744e+66 -6.27744e+66 -6.27744e+66 -6.27744e+66 -6.27744e+66 -6.27744e+66 -6.27744e+66 -6.27744e+66 31.3691 44.5226 
-6.27744e+66 -6.27744e+66 -6.27744e+66 -6.27744e+66 -6.27744e+66 -6.27744e+66 -6.27744e+66 -6.27744e+66 -6.27744e+66 -6.27744e+66 -6.27744e+66 -6.27744e+66 -6.27744e+66 -6.27744e+66 -6.27744e+66 -6.27744e+66 -6.27744e+66 -6.27744e+66 -6.27744e+66 -6.27744e+66 -6.27744e+66 -6.27744e+66 -6.27744e+66 -6.27744e+66 -6.27744e+66 -6.27744e+66 31.3691 
-6.27744e+66 -6.27744e+66 -6.27744e+66 -6.27744e+66 -6.27744e+66 -6.27744e+66 -6.27744e+66 -6.27744e+66 -6.27744e+66 -6.27744e+66 -6.27744e+66 -6.27744e+66 -6.27744e+66 -6.27744e+66 -6.27744e+66 -6.27744e+66 -6.27744e+66 -6.27744e+66 -6.27744e+66 -6.27744e+66 -6.27744e+66 -6.27744e+66 -6.27744e+66 -6.27744e+66 -6.27744e+66 -6.27744e+66 -6.27744e+66 
-6.27744e+66 69.7411 102.023 118.809 151.737 200.805 239.543 289.903 294.422 449.375 617.885 998.81 1076.93 1138.91 1164.09 1209.29 1606.35 1926.59 1959.52 2098.97 2663.26 2714.91 3053.87 3068.07 3216.57 4006.82 4345.78 
-6.27744e+66 -6.27744e+66 69.7411 78.1344 100.086 136.887 167.878 209.844 213.718 349.301 499.089 841.921 912.941 969.757 992.999 1034.97 1405.56 1705.78 1736.77 1868.48 2403.07 2452.13 2774.95 2788.51 2930.55 3687.88 4013.28 
-6.27744e+66 -6.27744e+66 -6.27744e+66 69.7411 80.7169 105.251 128.494 162.067 165.295 281.509 412.573 717.313 781.231 832.882 854.188 892.926 1237.05 1517.26 1546.31 1670.27 2175.16 2221.64 2528.32 2541.23 2676.82 3401.22 3713.06 
-6.27744e+66 -6.27744e+66 -6.27744e+66 -6.27744e+66 69.7411 82.0082 97.5034 122.683 125.266 222.111 334.452 601.099 657.915 704.4 723.77 759.279 1076.93 1337.12 1364.24 1480.45 1955.64 1999.54 2290.08 2302.35 2431.47 3122.95 3421.23 
-6.27744e+66 -6.27744e+66 -6.27744e+66 -6.27744e+66 -6.27744e+66 69.7411 77.4887 94.2752 96.2121 173.688 267.305 495.86 545.574 586.895 604.327 636.609 927.79 1167.97 1193.15 1301.61 1747.1 1788.42 2062.82 2074.44 2197.11 2855.66 3140.38 
-6.27744e+66 -6.27744e+66 -6.27744e+66 -6.27744e+66 -6.27744e+66 -6.27744e+66 69.7411 78.1344 79.4256 137.533 212.426 402.889 445.501 481.656 497.152 526.205 790.916 1011.08 1034.32 1135.04 1550.83 1589.57 1847.82 1858.8 1975.01 2600.63 2871.8 
-6.27744e+66 -6.27744e+66 -6.27744e+66 -6.27744e+66 -6.27744e+66 -6.27744e+66 -6.27744e+66 69.7411 70.3867 109.125 165.295 317.665 353.175 384.165 397.724 423.549 661.789 861.935 883.241 976.213 1362.3 1398.46 1640.57 1650.9 1760.66 2353.35 2610.96 
-6.27744e+66 -6.27744e+66 -6.27744e+66 -6.27744e+66 -6.27744e+66 -6.27744e+66 -6.27744e+66 -6.27744e+66 69.7411 89.1102 126.557 240.834 269.242 295.068 306.689 329.286 541.055 721.187 740.556 825.78 1182.17 1215.74 1441.72 1451.4 1554.7 2114.47 2358.52 
-6.27744e+66 -6.27744e+66 -6.27744e+66 -6.27744e+66 -6.27744e+66 -6.27744e+66 -6.27744e+66 -6.27744e+66 -6.27744e+66 69.7411 88.4645 164.649 185.955 206.616 216.3 235.669 420.967 581.084 598.516 675.993 1002.68 1033.67 1243.51 1252.54 1349.39 1876.23 2106.72 
-6.27744e+66 -6.27744e+66 -6.27744e+66 -6.27744e+66 -6.27744e+66 -6.27744e+66 -6.27744e+66 -6.27744e+66 -6.27744e+66 -6.27744e+66 69.7411 107.834 122.038 137.533 145.28 161.421 320.248 460.35 475.846 545.574 842.566 870.974 1064.66 1073.06 1163.45 1657.36 1874.29 
-6.27744e+66 -6.27744e+66 -6.27744e+66 -6.27744e+66 -6.27744e+66 -6.27744e+66 -6.27744e+66 -6.27744e+66 -6.27744e+66 -6.27744e+66 -6.27744e+66 69.7411 76.8431 87.1733 92.984 105.897 238.252 358.34 371.898 433.879 701.172 726.998 904.547 912.295 996.228 1457.21 1660.59 
-6.27744e+66 -6.27744e+66 -6.27744e+66 -6.27744e+66 -6.27744e+66 -6.27744e+66 -6.27744e+66 -6.27744e+66 -6.27744e+66 -6.27744e+66 -6.27744e+66 -6.27744e+66 69.7411 74.9062 78.78 88.4645 194.349 294.422 306.044 360.277 597.871 621.114 782.522 789.624 867.101 1295.16 1484.97 
-6.27744e+66 -6.27744e+66 -6.27744e+66 -6.27744e+66 -6.27744e+66 -6.27744e+66 -6.27744e+66 -6.27744e+66 -6.27744e+66 -6.27744e+66 -6.27744e+66 -6.27744e+66 -6.27744e+66 69.7411 71.678 78.1344 157.547 237.606 247.291 293.777 501.671 522.331 667.599 674.056 745.076 1140.2 1316.46 
-6.27744e+66 -6.27744e+66 -6.27744e+66 -6.27744e+66 -6.27744e+66 -6.27744e+66 -6.27744e+66 -6.27744e+66 -6.27744e+66 -6.27744e+66 -6.27744e+66 -6.27744e+66 -6.27744e+66 -6.27744e+66 69.7411 72.9693 125.911 185.955 193.703 232.441 410.636 428.714 557.841 563.652 628.216 990.417 1153.12 
-6.27744e+66 -6.27744e+66 -6.27744e+66 -6.27744e+66 -6.27744e+66 -6.27744e+66 -6.27744e+66 -6.27744e+66 -6.27744e+66 -6.27744e+66 -6.27744e+66 -6.27744e+66 -6.27744e+66 -6.27744e+66 -6.27744e+66 69.7411 96.2121 136.242 142.052 173.043 321.539 337.034 450.02 455.185 513.292 842.566 991.708 
-6.27744e+66 -6.27744e+66 -6.27744e+66 -6.27744e+66 -6.27744e+66 -6.27744e+66 -6.27744e+66 -6.27744e+66 -6.27744e+66 -6.27744e+66 -6.27744e+66 -6.27744e+66 -6.27744e+66 -6.27744e+66 -6.27744e+66 -6.27744e+66 69.7411 89.7558 93.6296 116.872 235.669 248.582 345.427 349.947 401.598 697.944 833.528 
-6.27744e+66 -6.27744e+66 -6.27744e+66 -6.27744e+66 -6.27744e+66 -6.27744e+66 -6.27744e+66 -6.27744e+66 -6.27744e+66 -6.27744e+66 -6.27744e+66 -6.27744e+66 -6.27744e+66 -6.27744e+66 -6.27744e+66 -6.27744e+66 -6.27744e+66 69.7411 71.678 87.1733 176.271 186.601 267.305 271.179 316.374 579.793 701.818 
-6.27744e+66 -6.27744e+66 -6.27744e+66 -6.27744e+66 -6.27744e+66 -6.27744e+66 -6.27744e+66 -6.27744e+66 -6.27744e+66 -6.27744e+66 -6.27744e+66 -6.27744e+66 -6.27744e+66 -6.27744e+66 -6.27744e+66 -6.27744e+66 -6.27744e+66 -6.27744e+66 69.7411 77.4887 136.887 144.635 209.198 212.426 251.165 481.656 590.123 
-6.27744e+66 -6.27744e+66 -6.27744e+66 -6.27744e+66 -6.27744e+66 -6.27744e+66 -6.27744e+66 -6.27744e+66 -6.27744e+66 -6.27744e+66 -6.27744e+66 -6.27744e+66 -6.27744e+66 -6.27744e+66 -6.27744e+66 -6.27744e+66 -6.27744e+66 -6.27744e+66 -6.27744e+66 69.7411 99.4403 104.605 153.028 155.611 187.892 385.457 480.365 
-6.27744e+66 -6.27744e+66 -6.27744e+66 -6.27744e+66 -6.27744e+66 -6.27744e+66 -6.27744e+66 -6.27744e+66 -6.27744e+66 -6.27744e+66 -6.27744e+66 -6.27744e+66 -6.27744e+66 -6.27744e+66 -6.27744e+66 -6.27744e+66 -6.27744e+66 -6.27744e+66 -6.27744e+66 -6.27744e+66 69.7411 72.3236 104.605 106.542 132.368 297.005 378.355 
-6.27744e+66 -6.27744e+66 -6.27744e+66 -6.27744e+66 -6.27744e+66 -6.27744e+66 -6.27744e+66 -6.27744e+66 -6.27744e+66 -6.27744e+66 -6.27744e+66 -6.27744e+66 -6.27744e+66 -6.27744e+66 -6.27744e+66 -6.27744e+66 -6.27744e+66 -6.27744e+66 -6.27744e+66 -6.27744e+66 -6.27744e+66 69.7411 85.882 87.1733 106.542 238.252 306.044 
-6.27744e+66 -6.27744e+66 -6.27744e+66 -6.27744e+66 -6.27744e+66 -6.27744e+66 -6.27744e+66 -6.27744e+66 -6.27744e+66 -6.27744e+66 -6.27744e+66 -6.27744e+66 -6.27744e+66 -6.27744e+66 -6.27744e+66 -6.27744e+66 -6.27744e+66 -6.27744e+66 -6.27744e+66 -6.27744e+66 -6.27744e+66 -6.27744e+66 69.7411 70.3867 83.2994 182.082 236.315 
-6.27744e+66 -6.27744e+66 -6.27744e+66 -6.27744e+66 -6.27744e+66 -6.27744e+66 -6.27744e+66 -6.27744e+66 -6.27744e+66 -6.27744e+66 -6.27744e+66 -6.27744e+66 -6.27744e+66 -6.27744e+66 -6.27744e+66 -6.27744e+66 -6.27744e+66 -6.27744e+66 -6.27744e+66 -6.27744e+66 -6.27744e+66 -6.27744e+66 -6.27744e+66 69.7411 76.1975 142.052 182.727 
-6.27744e+66 -6.27744e+66 -6.27744e+66 -6.27744e+66 -6.27744e+66 -6.27744e+66 -6.27744e+66 -6.27744e+66 -6.27744e+66 -6.27744e+66 -6.27744e+66 -6.27744e+66 -6.27744e+66 -6.27744e+66 -6.27744e+66 -6.27744e+66 -6.27744e+66 -6.27744e+66 -6.27744e+66 -6.27744e+66 -6.27744e+66 -6.27744e+66 -6.27744e+66 -6.27744e+66 69.7411 102.668 129.785 
-6.27744e+66 -6.27744e+66 -6.27744e+66 -6.27744e+66 -6.27744e+66 -6.27744e+66 -6.27744e+66 -6.27744e+66 -6.27744e+66 -6.27744e+66 -6.27744e+66 -6.27744e+66 -6.27744e+66 -6.27744e+66 -6.27744e+66 -6.27744e+66 -6.27744e+66 -6.27744e+66 -6.27744e+66 -6.27744e+66 -6.27744e+66 -6.27744e+66 -6.27744e+66 -6.27744e+66 -6.27744e+66 69.7411 83.2994 
-6.27744e+66 -6.27744e+66 -6.27744e+66 -6.27744e+66 -6.27744e+66 -6.27744e+66 -6.27744e+66 -6.27744e+66 -6.27744e+66 -6.27744e+66 -6.27744e+66 -6.27744e+66 -6.27744e+66 -6.27744e+66 -6.27744e+66 -6.27744e+66 -6.27744e+66 -6.27744e+66 -6.27744e+66 -6.27744e+66 -6.27744e+66 -6.27744e+66 -6.27744e+66 -6.27744e+66 -6.27744e+66 -6.27744e+66 69.7411 
-6.27744e+66 -6.27744e+66 -6.27744e+66 -6.27744e+66 -6.27744e+66 -6.27744e+66 -6.27744e+66 -6.27744e+66 -6.27744e+66 -6.27744e+66 -6.27744e+66 -6.27744e+66 -6.27744e+66 -6.27744e+66 -6.27744e+66 -6.27744e+66 -6.27744e+66 -6.27744e+66 -6.27744e+66 -6.27744e+66 -6.27744e+66 -6.27744e+66 -6.27744e+66 -6.27744e+66 -6.27744e+66 -6.27744e+66 -6.27744e+66 
-6.27744e+66 78.6313 111.942 126.424 152.493 233.597 291.528 404.494 556.563 753.528 988.149 1118.49 1484.91 1762.98 2384.29 2891.18 3108.43 3131.6 3377.8 3820.98 4068.63 4532.08 4836.22 5091.12 5257.67 5500.98 5863.05 
-6.27744e+66 -6.27744e+66 78.6313 85.8727 103.252 164.08 210.424 304.562 434.907 607.252 815.804 933.114 1266.22 1521.11 2094.63 2565.32 2768.08 2789.8 3021.53 3440.08 3674.7 4114.98 4404.63 4647.94 4807.25 5040.43 5388.01 
-6.27744e+66 -6.27744e+66 -6.27744e+66 78.6313 87.321 127.873 162.631 237.942 346.562 494.287 676.769 781.045 1080.84 1312.56 1838.29 2272.77 2461.05 2481.32 2698.56 3092.49 3314.08 3731.18 4006.36 4238.08 4390.15 4613.18 4946.29 
-6.27744e+66 -6.27744e+66 -6.27744e+66 -6.27744e+66 78.6313 98.9072 122.08 178.562 265.459 388.562 544.976 636.218 902.701 1111.25 1589.18 1987.46 2161.25 2180.08 2382.84 2752.15 2960.7 3354.63 3615.32 3835.46 3980.29 4193.18 4511.81 
-6.27744e+66 -6.27744e+66 -6.27744e+66 -6.27744e+66 -6.27744e+66 78.6313 90.2175 127.873 193.045 291.528 421.873 500.08 733.252 918.632 1348.77 1710.84 1870.15 1887.53 2075.8 2420.49 2616.01 2986.77 3232.98 3441.53 3579.12 3781.87 4086.01 
-6.27744e+66 -6.27744e+66 -6.27744e+66 -6.27744e+66 -6.27744e+66 -6.27744e+66 78.6313 97.4589 140.907 214.769 319.045 384.218 584.08 746.287 1128.63 1454.49 1599.32 1615.25 1789.05 2109.11 2291.6 2639.18 2870.91 3067.87 3198.22 3390.84 3680.49 
-6.27744e+66 -6.27744e+66 -6.27744e+66 -6.27744e+66 -6.27744e+66 -6.27744e+66 -6.27744e+66 78.6313 100.355 149.597 227.804 279.942 446.494 585.528 920.08 1209.74 1340.08 1354.56 1513.87 1809.32 1978.77 2303.18 2520.43 2705.8 2828.91 3011.39 3286.56 
-6.27744e+66 -6.27744e+66 -6.27744e+66 -6.27744e+66 -6.27744e+66 -6.27744e+66 -6.27744e+66 -6.27744e+66 78.6313 103.252 155.39 194.493 327.735 443.597 730.356 983.804 1099.67 1112.7 1257.53 1528.36 1684.77 1986.01 2188.77 2362.56 2478.43 2650.77 2911.46 
-6.27744e+66 -6.27744e+66 -6.27744e+66 -6.27744e+66 -6.27744e+66 -6.27744e+66 -6.27744e+66 -6.27744e+66 -6.27744e+66 78.6313 104.7 130.769 230.7 323.39 562.356 779.597 880.976 892.563 1022.91 1269.11 1412.49 1690.56 1878.84 2041.05 2149.67 2311.87 2558.08 
-6.27744e+66 -6.27744e+66 -6.27744e+66 -6.27744e+66 -6.27744e+66 -6.27744e+66 -6.27744e+66 -6.27744e+66 -6.27744e+66 -6.27744e+66 78.6313 91.6658 158.287 227.804 418.976 600.011 686.907 697.045 812.907 1034.49 1164.84 1419.74 1593.53 1744.15 1845.53 1997.6 2229.32 
-6.27744e+66 -6.27744e+66 -6.27744e+66 -6.27744e+66 -6.27744e+66 -6.27744e+66 -6.27744e+66 -6.27744e+66 -6.27744e+66 -6.27744e+66 -6.27744e+66 78.6313 111.942 158.287 301.666 446.494 518.907 527.597 628.976 825.942 943.252 1174.98 1334.29 1473.32 1567.46 1709.39 1926.63 
-6.27744e+66 -6.27744e+66 -6.27744e+66 -6.27744e+66 -6.27744e+66 -6.27744e+66 -6.27744e+66 -6.27744e+66 -6.27744e+66 -6.27744e+66 -6.27744e+66 -6.27744e+66 78.6313 101.804 197.39 306.011 363.942 371.183 458.08 630.425 734.701 943.252 1088.08 1215.53 1302.42 1434.22 1636.98 
-6.27744e+66 -6.27744e+66 -6.27744e+66 -6.27744e+66 -6.27744e+66 -6.27744e+66 -6.27744e+66 -6.27744e+66 -6.27744e+66 -6.27744e+66 -6.27744e+66 -6.27744e+66 -6.27744e+66 78.6313 126.424 198.838 242.287 248.08 320.493 468.218 559.459 744.838 875.183 991.045 1070.7 1192.36 1380.63 
-6.27744e+66 -6.27744e+66 -6.27744e+66 -6.27744e+66 -6.27744e+66 -6.27744e+66 -6.27744e+66 -6.27744e+66 -6.27744e+66 -6.27744e+66 -6.27744e+66 -6.27744e+66 -6.27744e+66 -6.27744e+66 78.6313 114.838 143.804 148.149 206.08 329.183 407.39 569.597 685.459 789.735 862.149 973.666 1147.46 
-6.27744e+66 -6.27744e+66 -6.27744e+66 -6.27744e+66 -6.27744e+66 -6.27744e+66 -6.27744e+66 -6.27744e+66 -6.27744e+66 -6.27744e+66 -6.27744e+66 -6.27744e+66 -6.27744e+66 -6.27744e+66 -6.27744e+66 78.6313 93.1141 96.0107 139.459 237.942 303.114 442.149 543.528 636.218 701.39 802.769 962.08 
-6.27744e+66 -6.27744e+66 -6.27744e+66 -6.27744e+66 -6.27744e+66 -6.27744e+66 -6.27744e+66 -6.27744e+66 -6.27744e+66 -6.27744e+66 -6.27744e+66 -6.27744e+66 -6.27744e+66 -6.27744e+66 -6.27744e+66 -6.27744e+66 78.6313 80.0796 109.045 182.907 235.045 350.907 437.804 518.907 576.838 668.08 812.907 
-6.27744e+66 -6.27744e+66 -6.27744e+66 -6.27744e+66 -6.27744e+66 -6.27744e+66 -6.27744e+66 -6.27744e+66 -6.27744e+66 -6.27744e+66 -6.27744e+66 -6.27744e+66 -6.27744e+66 -6.27744e+66 -6.27744e+66 -6.27744e+66 -6.27744e+66 78.6313 93.1141 142.355 181.459 274.149 346.562 416.08 466.769 547.873 678.218 
-6.27744e+66 -6.27744e+66 -6.27744e+66 -6.27744e+66 -6.27744e+66 -6.27744e+66 -6.27744e+66 -6.27744e+66 -6.27744e+66 -6.27744e+66 -6.27744e+66 -6.27744e+66 -6.27744e+66 -6.27744e+66 -6.27744e+66 -6.27744e+66 -6.27744e+66 -6.27744e+66 78.6313 103.252 129.321 198.838 256.769 314.7 358.149 429.114 544.976 
-6.27744e+66 -6.27744e+66 -6.27744e+66 -6.27744e+66 -6.27744e+66 -6.27744e+66 -6.27744e+66 -6.27744e+66 -6.27744e+66 -6.27744e+66 -6.27744e+66 -6.27744e+66 -6.27744e+66 -6.27744e+66 -6.27744e+66 -6.27744e+66 -6.27744e+66 -6.27744e+66 -6.27744e+66 78.6313 91.6658 138.011 181.459 227.804 264.011 324.838 426.218 
-6.27744e+66 -6.27744e+66 -6.27744e+66 -6.27744e+66 -6.27744e+66 -6.27744e+66 -6.27744e+66 -6.27744e+66 -6.27744e+66 -6.27744e+66 -6.27744e+66 -6.27744e+66 -6.27744e+66 -6.27744e+66 -6.27744e+66 -6.27744e+66 -6.27744e+66 -6.27744e+66 -6.27744e+66 -6.27744e+66 78.6313 101.804 130.769 165.528 194.493 245.183 332.08 
-6.27744e+66 -6.27744e+66 -6.27744e+66 -6.27744e+66 -6.27744e+66 -6.27744e+66 -6.27744e+66 -6.27744e+66 -6.27744e+66 -6.27744e+66 -6.27744e+66 -6.27744e+66 -6.27744e+66 -6.27744e+66 -6.27744e+66 -6.27744e+66 -6.27744e+66 -6.27744e+66 -6.27744e+66 -6.27744e+66 -6.27744e+66 78.6313 93.1141 116.287 138.011 178.562 250.976 
-6.27744e+66 -6.27744e+66 -6.27744e+66 -6.27744e+66 -6.27744e+66 -6.27744e+66 -6.27744e+66 -6.27744e+66 -6.27744e+66 -6.27744e+66 -6.27744e+66 -6.27744e+66 -6.27744e+66 -6.27744e+66 -6.27744e+66 -6.27744e+66 -6.27744e+66 -6.27744e+66 -6.27744e+66 -6.27744e+66 -6.27744e+66 -6.27744e+66 78.6313 90.2175 104.7 135.114 193.045 
-6.27744e+66 -6.27744e+66 -6.27744e+66 -6.27744e+66 -6.27744e+66 -6.27744e+66 -6.27744e+66 -6.27744e+66 -6.27744e+66 -6.27744e+66 -6.27744e+66 -6.27744e+66 -6.27744e+66 -6.27744e+66 -6.27744e+66 -6.27744e+66 -6.27744e+66 -6.27744e+66 -6.27744e+66 -6.27744e+66 -6.27744e+66 -6.27744e+66 -6.27744e+66 78.6313 85.8727 106.149 149.597 
-6.27744e+66 -6.27744e+66 -6.27744e+66 -6.27744e+66 -6.27744e+66 -6.27744e+66 -6.27744e+66 -6.27744e+66 -6.27744e+66 -6.27744e+66 -6.27744e+66 -6.27744e+66 -6.27744e+66 -6.27744e+66 -6.27744e+66 -6.27744e+66 -6.27744e+66 -6.27744e+66 -6.27744e+66 -6.27744e+66 -6.27744e+66 -6.27744e+66 -6.27744e+66 -6.27744e+66 78.6313 88.7693 117.735 
-6.27744e+66 -6.27744e+66 -6.27744e+66 -6.27744e+66 -6.27744e+66 -6.27744e+66 -6.27744e+66 -6.27744e+66 -6.27744e+66 -6.27744e+66 -6.27744e+66 -6.27744e+66 -6.27744e+66 -6.27744e+66 -6.27744e+66 -6.27744e+66 -6.27744e+66 -6.27744e+66 -6.27744e+66 -6.27744e+66 -6.27744e+66 -6.27744e+66 -6.27744e+66 -6.27744e+66 -6.27744e+66 78.6313 93.1141 
-6.27744e+66 -6.27744e+66 -6.27744e+66 -6.27744e+66 -6.27744e+66 -6.27744e+66 -6.27744e+66 -6.27744e+66 -6.27744e+66 -6.27744e+66 -6.27744e+66 -6.27744e+66 -6.27744e+66 -6.27744e+66 -6.27744e+66 -6.27744e+66 -6.27744e+66 -6.27744e+66 -6.27744e+66 -6.27744e+66 -6.27744e+66 -6.27744e+66 -6.27744e+66 -6.27744e+66 -6.27744e+66 -6.27744e+66 78.6313 
-6.27744e+66 -6.27744e+66 -6.27744e+66 -6.27744e+66 -6.27744e+66 -6.27744e+66 -6.27744e+66 -6.27744e+66 -6.27744e+66 -6.27744e+66 -6.27744e+66 -6.27744e+66 -6.27744e+66 -6.27744e+66 -6.27744e+66 -6.27744e+66 -6.27744e+66 -6.27744e+66 -6.27744e+66 -6.27744e+66 -6.27744e+66 -6.27744e+66 -6.27744e+66 -6.27744e+66 -6.27744e+66 -6.27744e+66 -6.27744e+66 
-6.27744e+66 27.8353 34.6563 44.8878 70.4666 70.4666 78.9928 92.6348 283.623 447.327 641.725 880.461 905.471 1021.43 1058.37 1527.89 1715.46 1760.94 1973.53 2147.46 2244.66 2972.23 3246.78 3959.57 4116.46 4252.88 5290.24 
-6.27744e+66 -6.27744e+66 27.8353 32.9511 50.0036 50.0036 56.8246 68.1929 231.897 375.138 547.937 762.798 785.535 891.829 925.934 1361.91 1536.98 1579.61 1779.7 1943.97 2036.05 2727.25 2988.72 3669.11 3819.18 3949.91 4945.78 
-6.27744e+66 -6.27744e+66 -6.27744e+66 27.8353 36.3616 36.3616 41.4773 50.572 186.992 309.77 460.969 651.957 672.42 769.051 800.314 1202.75 1365.32 1405.11 1592.69 1747.3 1834.26 2489.08 2737.48 3385.47 3528.71 3653.77 4608.14 
-6.27744e+66 -6.27744e+66 -6.27744e+66 -6.27744e+66 27.8353 27.8353 31.2458 38.0668 147.203 249.518 379.117 546.231 564.421 651.389 679.809 1048.71 1198.77 1235.72 1410.79 1555.74 1637.59 2256.03 2491.35 3106.95 3243.37 3362.74 4275.61 
-6.27744e+66 -6.27744e+66 -6.27744e+66 -6.27744e+66 -6.27744e+66 27.8353 29.5406 34.0879 115.94 197.792 305.791 449.032 464.948 542.253 567.831 903.197 1040.75 1074.86 1237.43 1372.71 1449.45 2031.5 2253.76 2836.95 2966.55 3080.23 3951.62 
-6.27744e+66 -6.27744e+66 -6.27744e+66 -6.27744e+66 -6.27744e+66 -6.27744e+66 27.8353 30.109 84.677 146.066 232.465 351.833 365.475 433.117 455.853 757.683 882.734 913.997 1064.06 1189.68 1261.3 1806.98 2016.16 2566.95 2689.73 2797.73 3627.62 
-6.27744e+66 -6.27744e+66 -6.27744e+66 -6.27744e+66 -6.27744e+66 -6.27744e+66 -6.27744e+66 27.8353 55.1193 96.0453 160.845 256.339 267.707 325.686 345.58 613.873 726.42 754.84 892.397 1008.35 1074.86 1584.16 1780.26 2298.66 2414.62 2516.93 3305.33 
-6.27744e+66 -6.27744e+66 -6.27744e+66 -6.27744e+66 -6.27744e+66 -6.27744e+66 -6.27744e+66 -6.27744e+66 27.8353 48.2983 91.498 163.119 172.213 220.529 237.581 472.337 572.379 597.957 723.009 829.303 890.692 1363.61 1546.65 2032.64 2141.78 2238.41 2985.31 
-6.27744e+66 -6.27744e+66 -6.27744e+66 -6.27744e+66 -6.27744e+66 -6.27744e+66 -6.27744e+66 -6.27744e+66 -6.27744e+66 27.8353 49.4352 97.1822 104.003 142.656 156.866 358.085 445.622 468.358 580.905 677.536 733.809 1170.35 1340.31 1793.91 1896.22 1987.17 2692.57 
-6.27744e+66 -6.27744e+66 -6.27744e+66 -6.27744e+66 -6.27744e+66 -6.27744e+66 -6.27744e+66 -6.27744e+66 -6.27744e+66 -6.27744e+66 27.8353 51.7088 56.2562 85.2454 96.6137 264.297 339.328 359.222 459.264 546.231 597.389 997.554 1154.44 1575.63 1671.13 1756.39 2420.3 
-6.27744e+66 -6.27744e+66 -6.27744e+66 -6.27744e+66 -6.27744e+66 -6.27744e+66 -6.27744e+66 -6.27744e+66 -6.27744e+66 -6.27744e+66 -6.27744e+66 27.8353 30.109 49.4352 57.9614 192.108 254.634 271.686 359.222 436.527 482.569 846.356 990.165 1378.96 1467.64 1547.21 2169.63 
-6.27744e+66 -6.27744e+66 -6.27744e+66 -6.27744e+66 -6.27744e+66 -6.27744e+66 -6.27744e+66 -6.27744e+66 -6.27744e+66 -6.27744e+66 -6.27744e+66 -6.27744e+66 27.8353 37.4984 43.1826 143.792 193.813 208.023 283.054 350.696 391.622 719.03 849.766 1206.16 1288.02 1361.91 1942.83 
-6.27744e+66 -6.27744e+66 -6.27744e+66 -6.27744e+66 -6.27744e+66 -6.27744e+66 -6.27744e+66 -6.27744e+66 -6.27744e+66 -6.27744e+66 -6.27744e+66 -6.27744e+66 -6.27744e+66 27.8353 30.6774 97.7506 135.266 146.634 209.16 267.139 302.949 593.978 711.641 1035.64 1110.67 1178.88 1718.31 
-6.27744e+66 -6.27744e+66 -6.27744e+66 -6.27744e+66 -6.27744e+66 -6.27744e+66 -6.27744e+66 -6.27744e+66 -6.27744e+66 -6.27744e+66 -6.27744e+66 -6.27744e+66 -6.27744e+66 -6.27744e+66 27.8353 61.3719 86.3822 94.9085 144.929 193.245 223.939 478.59 583.179 874.776 942.986 1005.51 1503.45 
-6.27744e+66 -6.27744e+66 -6.27744e+66 -6.27744e+66 -6.27744e+66 -6.27744e+66 -6.27744e+66 -6.27744e+66 -6.27744e+66 -6.27744e+66 -6.27744e+66 -6.27744e+66 -6.27744e+66 -6.27744e+66 -6.27744e+66 27.8353 40.3405 46.0246 83.5402 122.193 147.771 366.043 457.558 716.756 778.146 834.987 1291.43 
-6.27744e+66 -6.27744e+66 -6.27744e+66 -6.27744e+66 -6.27744e+66 -6.27744e+66 -6.27744e+66 -6.27744e+66 -6.27744e+66 -6.27744e+66 -6.27744e+66 -6.27744e+66 -6.27744e+66 -6.27744e+66 -6.27744e+66 -6.27744e+66 27.8353 30.6774 55.6877 84.677 105.14 287.033 365.475 592.273 646.841 697.999 1112.94 
-6.27744e+66 -6.27744e+66 -6.27744e+66 -6.27744e+66 -6.27744e+66 -6.27744e+66 -6.27744e+66 -6.27744e+66 -6.27744e+66 -6.27744e+66 -6.27744e+66 -6.27744e+66 -6.27744e+66 -6.27744e+66 -6.27744e+66 -6.27744e+66 -6.27744e+66 27.8353 40.3405 59.6667 75.0139 220.529 285.897 480.295 528.042 573.515 946.965 
-6.27744e+66 -6.27744e+66 -6.27744e+66 -6.27744e+66 -6.27744e+66 -6.27744e+66 -6.27744e+66 -6.27744e+66 -6.27744e+66 -6.27744e+66 -6.27744e+66 -6.27744e+66 -6.27744e+66 -6.27744e+66 -6.27744e+66 -6.27744e+66 -6.27744e+66 -6.27744e+66 27.8353 37.4984 47.7299 156.866 209.16 371.159 412.085 451.874 783.83 
-6.27744e+66 -6.27744e+66 -6.27744e+66 -6.27744e+66 -6.27744e+66 -6.27744e+66 -6.27744e+66 -6.27744e+66 -6.27744e+66 -6.27744e+66 -6.27744e+66 -6.27744e+66 -6.27744e+66 -6.27744e+66 -6.27744e+66 -6.27744e+66 -6.27744e+66 -6.27744e+66 -6.27744e+66 27.8353 32.9511 105.708 144.929 274.528 308.633 342.738 633.199 
-6.27744e+66 -6.27744e+66 -6.27744e+66 -6.27744e+66 -6.27744e+66 -6.27744e+66 -6.27744e+66 -6.27744e+66 -6.27744e+66 -6.27744e+66 -6.27744e+66 -6.27744e+66 -6.27744e+66 -6.27744e+66 -6.27744e+66 -6.27744e+66 -6.27744e+66 -6.27744e+66 -6.27744e+66 -6.27744e+66 27.8353 64.214 90.3612 187.56 214.844 243.265 492.232 
-6.27744e+66 -6.27744e+66 -6.27744e+66 -6.27744e+66 -6.27744e+66 -6.27744e+66 -6.27744e+66 -6.27744e+66 -6.27744e+66 -6.27744e+66 -6.27744e+66 -6.27744e+66 -6.27744e+66 -6.27744e+66 -6.27744e+66 -6.27744e+66 -6.27744e+66 -6.27744e+66 -6.27744e+66 -6.27744e+66 -6.27744e+66 27.8353 40.9089 105.708 126.171 148.908 356.38 
-6.27744e+66 -6.27744e+66 -6.27744e+66 -6.27744e+66 -6.27744e+66 -6.27744e+66 -6.27744e+66 -6.27744e+66 -6.27744e+66 -6.27744e+66 -6.27744e+66 -6.27744e+66 -6.27744e+66 -6.27744e+66 -6.27744e+66 -6.27744e+66 -6.27744e+66 -6.27744e+66 -6.27744e+66 -6.27744e+66 -6.27744e+66 -6.27744e+66 27.8353 60.2351 73.8771 90.9296 256.907 
-6.27744e+66 -6.27744e+66 -6.27744e+66 -6.27744e+66 -6.27744e+66 -6.27744e+66 -6.27744e+66 -6.27744e+66 -6.27744e+66 -6.27744e+66 -6.27744e+66 -6.27744e+66 -6.27744e+66 -6.27744e+66 -6.27744e+66 -6.27744e+66 -6.27744e+66 -6.27744e+66 -6.27744e+66 -6.27744e+66 -6.27744e+66 -6.27744e+66 -6.27744e+66 27.8353 34.6563 46.0246 170.508 
-6.27744e+66 -6.27744e+66 -6.27744e+66 -6.27744e+66 -6.27744e+66 -6.27744e+66 -6.27744e+66 -6.27744e+66 -6.27744e+66 -6.27744e+66 -6.27744e+66 -6.27744e+66 -6.27744e+66 -6.27744e+66 -6.27744e+66 -6.27744e+66 -6.27744e+66 -6.27744e+66 -6.27744e+66 -6.27744e+66 -6.27744e+66 -6.27744e+66 -6.27744e+66 -6.27744e+66 27.8353 33.5195 116.508 
-6.27744e+66 -6.27744e+66 -6.27744e+66 -6.27744e+66 -6.27744e+66 -6.27744e+66 -6.27744e+66 -6.27744e+66 -6.27744e+66 -6.27744e+66 -6.27744e+66 -6.27744e+66 -6.27744e+66 -6.27744e+66 -6.27744e+66 -6.27744e+66 -6.27744e+66 -6.27744e+66 -6.27744e+66 -6.27744e+66 -6.27744e+66 -6.27744e+66 -6.27744e+66 -6.27744e+66 -6.27744e+66 27.8353 69.3297 
-6.27744e+66 -6.27744e+66 -6.27744e+66 -6.27744e+66 -6.27744e+66 -6.27744e+66 -6.27744e+66 -6.27744e+66 -6.27744e+66 -6.27744e+66 -6.27744e+66 -6.27744e+66 -6.27744e+66 -6.27744e+66 -6.27744e+66 -6.27744e+66 -6.27744e+66 -6.27744e+66 -6.27744e+66 -6.27744e+66 -6.27744e+66 -6.27744e+66 -6.27744e+66 -6.27744e+66 -6.27744e+66 -6.27744e+66 27.8353 
-6.27744e+66 -6.27744e+66 -6.27744e+66 -6.27744e+66 -6.27744e+66 -6.27744e+66 -6.27744e+66 -6.27744e+66 -6.27744e+66 -6.27744e+66 -6.27744e+66 -6.27744e+66 -6.27744e+66 -6.27744e+66 -6.27744e+66 -6.27744e+66 -6.27744e+66 -6.27744e+66 -6.27744e+66 -6.27744e+66 -6.27744e+66 -6.27744e+66 -6.27744e+66 -6.27744e+66 -6.27744e+66 -6.27744e+66 -6.27744e+66 
-6.27744e+66 60.7339 81.0443 141.976 172.441 294.304 345.08 393.825 521.78 684.264 867.057 948.299 1015.32 1356.54 1356.54 1640.88 1945.54 2075.53 2386.28 2751.86 3060.58 3548.03 3803.94 3982.68 4589.96 5028.66 5130.21 
-6.27744e+66 -6.27744e+66 60.7339 91.1995 111.51 202.907 243.528 284.148 393.825 535.998 698.481 771.598 832.53 1145.31 1145.31 1409.35 1693.69 1815.55 2108.02 2453.3 2745.77 3208.85 3452.57 3623.18 4204.06 4624.48 4721.97 
-6.27744e+66 -6.27744e+66 -6.27744e+66 60.7339 70.8891 131.82 162.286 194.783 286.179 408.042 550.215 615.208 670.046 954.392 954.392 1198.12 1462.15 1575.89 1850.08 2175.05 2451.27 2889.97 3121.51 3284 3838.47 4240.62 4334.05 
-6.27744e+66 -6.27744e+66 -6.27744e+66 -6.27744e+66 60.7339 91.1995 111.51 135.882 209 310.552 432.414 489.284 538.029 793.94 793.94 1017.35 1261.08 1366.69 1622.6 1927.26 2187.23 2601.57 2820.92 2975.28 3503.35 3887.22 3976.58 
-6.27744e+66 -6.27744e+66 -6.27744e+66 -6.27744e+66 -6.27744e+66 60.7339 70.8891 87.1374 141.976 223.217 324.769 373.514 416.166 643.643 643.643 846.747 1070.16 1167.65 1405.28 1689.63 1933.35 2323.31 2530.48 2676.72 3178.38 3543.97 3629.27 
-6.27744e+66 -6.27744e+66 -6.27744e+66 -6.27744e+66 -6.27744e+66 -6.27744e+66 60.7339 68.858 105.417 166.348 247.59 288.211 324.769 523.811 523.811 706.605 909.709 999.075 1218.43 1482.46 1709.94 2075.53 2270.51 2408.62 2883.88 3231.19 3312.43 
-6.27744e+66 -6.27744e+66 -6.27744e+66 -6.27744e+66 -6.27744e+66 -6.27744e+66 -6.27744e+66 60.7339 79.0132 119.634 180.565 213.062 243.528 414.135 414.135 576.618 759.412 840.654 1041.73 1285.45 1496.68 1837.9 2020.69 2150.68 2599.54 2928.56 3005.74 
-6.27744e+66 -6.27744e+66 -6.27744e+66 -6.27744e+66 -6.27744e+66 -6.27744e+66 -6.27744e+66 -6.27744e+66 60.7339 81.0443 121.665 146.038 170.41 312.583 312.583 454.756 617.239 690.357 873.151 1096.57 1291.55 1608.39 1779 1900.86 2323.31 2634.06 2707.18 
-6.27744e+66 -6.27744e+66 -6.27744e+66 -6.27744e+66 -6.27744e+66 -6.27744e+66 -6.27744e+66 -6.27744e+66 -6.27744e+66 60.7339 81.0443 97.2926 115.572 229.31 229.31 351.173 493.346 558.339 722.853 925.958 1104.69 1397.16 1555.58 1669.32 2065.37 2357.84 2426.9 
-6.27744e+66 -6.27744e+66 -6.27744e+66 -6.27744e+66 -6.27744e+66 -6.27744e+66 -6.27744e+66 -6.27744e+66 -6.27744e+66 -6.27744e+66 60.7339 68.858 81.0443 166.348 166.348 267.9 389.763 446.632 592.867 775.661 938.144 1206.24 1352.48 1458.09 1827.74 2101.93 2166.92 
-6.27744e+66 -6.27744e+66 -6.27744e+66 -6.27744e+66 -6.27744e+66 -6.27744e+66 -6.27744e+66 -6.27744e+66 -6.27744e+66 -6.27744e+66 -6.27744e+66 60.7339 66.827 123.696 123.696 204.938 306.49 355.235 483.191 645.674 791.909 1035.63 1169.68 1267.17 1610.42 1866.33 1927.26 
-6.27744e+66 -6.27744e+66 -6.27744e+66 -6.27744e+66 -6.27744e+66 -6.27744e+66 -6.27744e+66 -6.27744e+66 -6.27744e+66 -6.27744e+66 -6.27744e+66 -6.27744e+66 60.7339 89.1685 89.1685 150.1 231.341 271.962 381.638 523.811 653.798 873.151 995.013 1084.38 1401.22 1638.85 1695.72 
-6.27744e+66 -6.27744e+66 -6.27744e+66 -6.27744e+66 -6.27744e+66 -6.27744e+66 -6.27744e+66 -6.27744e+66 -6.27744e+66 -6.27744e+66 -6.27744e+66 -6.27744e+66 -6.27744e+66 60.7339 60.7339 101.355 162.286 194.783 286.179 408.042 521.78 716.76 826.437 907.678 1198.12 1417.47 1470.28 
-6.27744e+66 -6.27744e+66 -6.27744e+66 -6.27744e+66 -6.27744e+66 -6.27744e+66 -6.27744e+66 -6.27744e+66 -6.27744e+66 -6.27744e+66 -6.27744e+66 -6.27744e+66 -6.27744e+66 -6.27744e+66 60.7339 81.0443 121.665 146.038 219.155 320.707 418.197 588.805 686.295 759.412 1023.45 1224.52 1273.27 
-6.27744e+66 -6.27744e+66 -6.27744e+66 -6.27744e+66 -6.27744e+66 -6.27744e+66 -6.27744e+66 -6.27744e+66 -6.27744e+66 -6.27744e+66 -6.27744e+66 -6.27744e+66 -6.27744e+66 -6.27744e+66 -6.27744e+66 60.7339 81.0443 97.2926 152.131 233.372 314.614 460.849 546.153 611.146 848.778 1031.57 1076.25 
-6.27744e+66 -6.27744e+66 -6.27744e+66 -6.27744e+66 -6.27744e+66 -6.27744e+66 -6.27744e+66 -6.27744e+66 -6.27744e+66 -6.27744e+66 -6.27744e+66 -6.27744e+66 -6.27744e+66 -6.27744e+66 -6.27744e+66 -6.27744e+66 60.7339 68.858 105.417 166.348 231.341 353.204 426.321 483.191 694.419 858.933 899.554 
-6.27744e+66 -6.27744e+66 -6.27744e+66 -6.27744e+66 -6.27744e+66 -6.27744e+66 -6.27744e+66 -6.27744e+66 -6.27744e+66 -6.27744e+66 -6.27744e+66 -6.27744e+66 -6.27744e+66 -6.27744e+66 -6.27744e+66 -6.27744e+66 -6.27744e+66 60.7339 79.0132 119.634 168.379 265.869 326.8 375.545 560.37 706.605 743.164 
-6.27744e+66 -6.27744e+66 -6.27744e+66 -6.27744e+66 -6.27744e+66 -6.27744e+66 -6.27744e+66 -6.27744e+66 -6.27744e+66 -6.27744e+66 -6.27744e+66 -6.27744e+66 -6.27744e+66 -6.27744e+66 -6.27744e+66 -6.27744e+66 -6.27744e+66 -6.27744e+66 60.7339 81.0443 113.541 186.658 235.403 276.024 434.446 562.401 594.898 
-6.27744e+66 -6.27744e+66 -6.27744e+66 -6.27744e+66 -6.27744e+66 -6.27744e+66 -6.27744e+66 -6.27744e+66 -6.27744e+66 -6.27744e+66 -6.27744e+66 -6.27744e+66 -6.27744e+66 -6.27744e+66 -6.27744e+66 -6.27744e+66 -6.27744e+66 -6.27744e+66 -6.27744e+66 60.7339 76.9822 125.727 162.286 194.783 326.8 436.477 464.911 
-6.27744e+66 -6.27744e+66 -6.27744e+66 -6.27744e+66 -6.27744e+66 -6.27744e+66 -6.27744e+66 -6.27744e+66 -6.27744e+66 -6.27744e+66 -6.27744e+66 -6.27744e+66 -6.27744e+66 -6.27744e+66 -6.27744e+66 -6.27744e+66 -6.27744e+66 -6.27744e+66 -6.27744e+66 -6.27744e+66 60.7339 85.1064 109.479 133.851 239.466 330.862 355.235 
-6.27744e+66 -6.27744e+66 -6.27744e+66 -6.27744e+66 -6.27744e+66 -6.27744e+66 -6.27744e+66 -6.27744e+66 -6.27744e+66 -6.27744e+66 -6.27744e+66 -6.27744e+66 -6.27744e+66 -6.27744e+66 -6.27744e+66 -6.27744e+66 -6.27744e+66 -6.27744e+66 -6.27744e+66 -6.27744e+66 -6.27744e+66 60.7339 72.9201 89.1685 168.379 241.497 261.807 
-6.27744e+66 -6.27744e+66 -6.27744e+66 -6.27744e+66 -6.27744e+66 -6.27744e+66 -6.27744e+66 -6.27744e+66 -6.27744e+66 -6.27744e+66 -6.27744e+66 -6.27744e+66 -6.27744e+66 -6.27744e+66 -6.27744e+66 -6.27744e+66 -6.27744e+66 -6.27744e+66 -6.27744e+66 -6.27744e+66 -6.27744e+66 -6.27744e+66 60.7339 68.858 121.665 176.503 192.752 
-6.27744e+66 -6.27744e+66 -6.27744e+66 -6.27744e+66 -6.27744e+66 -6.27744e+66 -6.27744e+66 -6.27744e+66 -6.27744e+66 -6.27744e+66 -6.27744e+66 -6.27744e+66 -6.27744e+66 -6.27744e+66 -6.27744e+66 -6.27744e+66 -6.27744e+66 -6.27744e+66 -6.27744e+66 -6.27744e+66 -6.27744e+66 -6.27744e+66 -6.27744e+66 60.7339 87.1374 123.696 135.882 
-6.27744e+66 -6.27744e+66 -6.27744e+66 -6.27744e+66 -6.27744e+66 -6.27744e+66 -6.27744e+66 -6.27744e+66 -6.27744e+66 -6.27744e+66 -6.27744e+66 -6.27744e+66 -6.27744e+66 -6.27744e+66 -6.27744e+66 -6.27744e+66 -6.27744e+66 -6.27744e+66 -6.27744e+66 -6.27744e+66 -6.27744e+66 -6.27744e+66 -6.27744e+66 -6.27744e+66 60.7339 79.0132 87.1374 
-6.27744e+66 -6.27744e+66 -6.27744e+66 -6.27744e+66 -6.27744e+66 -6.27744e+66 -6.27744e+66 -6.27744e+66 -6.27744e+66 -6.27744e+66 -6.27744e+66 -6.27744e+66 -6.27744e+66 -6.27744e+66 -6.27744e+66 -6.27744e+66 -6.27744e+66 -6.27744e+66 -6.27744e+66 -6.27744e+66 -6.27744e+66 -6.27744e+66 -6.27744e+66 -6.27744e+66 -6.27744e+66 60.7339 64.796 
-6.27744e+66 -6.27744e+66 -6.27744e+66 -6.27744e+66 -6.27744e+66 -6.27744e+66 -6.27744e+66 -6.27744e+66 -6.27744e+66 -6.27744e+66 -6.27744e+66 -6.27744e+66 -6.27744e+66 -6.27744e+66 -6.27744e+66 -6.27744e+66 -6.27744e+66 -6.27744e+66 -6.27744e+66 -6.27744e+66 -6.27744e+66 -6.27744e+66 -6.27744e+66 -6.27744e+66 -6.27744e+66 -6.27744e+66 60.7339 
-6.27744e+66 -6.27744e+66 -6.27744e+66 -6.27744e+66 -6.27744e+66 -6.27744e+66 -6.27744e+66 -6.27744e+66 -6.27744e+66 -6.27744e+66 -6.27744e+66 -6.27744e+66 -6.27744e+66 -6.27744e+66 -6.27744e+66 -6.27744e+66 -6.27744e+66 -6.27744e+66 -6.27744e+66 -6.27744e+66 -6.27744e+66 -6.27744e+66 -6.27744e+66 -6.27744e+66 -6.27744e+66 -6.27744e+66 -6.27744e+66 
-6.27744e+66 2.32396 7.70044 16.3028 19.5287 62.5405 84.0465 213.082 228.136 245.341 255.019 276.524 312.009 673.309 771.161 786.215 931.38 1086.22 1451.82 1529.24 1713.12 1885.17 1998.07 2069.04 2167.97 2580.88 2580.88 
-6.27744e+66 -6.27744e+66 2.32396 6.62515 8.77574 41.0346 58.2394 165.769 178.673 193.727 202.329 221.684 253.943 585.134 675.459 689.438 824.925 970.09 1314.19 1387.31 1561.5 1724.95 1832.48 1900.22 1994.85 2390.56 2390.56 
-6.27744e+66 -6.27744e+66 -6.27744e+66 2.32396 3.39926 24.9052 37.8087 123.832 134.585 147.489 155.016 172.221 201.254 502.337 585.134 598.038 723.848 859.335 1181.92 1250.74 1415.26 1570.11 1672.26 1736.78 1827.1 2205.61 2205.61 
-6.27744e+66 -6.27744e+66 -6.27744e+66 -6.27744e+66 2.32396 13.0769 21.6793 86.1971 94.7994 105.552 112.004 127.058 152.865 423.84 499.111 510.939 627.071 752.881 1053.96 1118.48 1273.32 1419.56 1516.34 1577.63 1663.66 2024.96 2024.96 
-6.27744e+66 -6.27744e+66 -6.27744e+66 -6.27744e+66 -6.27744e+66 2.32396 6.62515 49.637 56.0888 64.6911 70.0676 82.9712 105.552 346.419 414.162 424.915 531.37 647.502 927.079 987.295 1132.46 1270.1 1361.5 1419.56 1501.29 1845.38 1845.38 
-6.27744e+66 -6.27744e+66 -6.27744e+66 -6.27744e+66 -6.27744e+66 -6.27744e+66 2.32396 23.8299 28.1311 34.5828 38.884 49.637 68.9923 279.75 339.967 349.645 446.421 552.876 810.947 866.862 1002.35 1131.38 1217.41 1272.25 1349.67 1676.56 1676.56 
-6.27744e+66 -6.27744e+66 -6.27744e+66 -6.27744e+66 -6.27744e+66 -6.27744e+66 -6.27744e+66 2.32396 4.47455 8.77574 12.0016 20.604 36.7334 217.383 270.073 278.675 365.774 462.551 699.116 750.73 876.54 996.973 1077.62 1129.23 1202.35 1512.04 1512.04 
-6.27744e+66 -6.27744e+66 -6.27744e+66 -6.27744e+66 -6.27744e+66 -6.27744e+66 -6.27744e+66 -6.27744e+66 2.32396 4.47455 6.62515 13.0769 25.9805 176.522 221.684 229.211 306.633 393.732 608.791 656.104 772.236 884.067 959.338 1007.73 1076.54 1369.03 1369.03 
-6.27744e+66 -6.27744e+66 -6.27744e+66 -6.27744e+66 -6.27744e+66 -6.27744e+66 -6.27744e+66 -6.27744e+66 -6.27744e+66 2.32396 3.39926 7.70044 17.3781 137.811 175.447 181.898 249.642 327.063 520.617 563.629 670.083 773.311 843.206 888.368 952.886 1228.16 1228.16 
-6.27744e+66 -6.27744e+66 -6.27744e+66 -6.27744e+66 -6.27744e+66 -6.27744e+66 -6.27744e+66 -6.27744e+66 -6.27744e+66 -6.27744e+66 2.32396 4.47455 10.9263 101.251 131.359 136.736 194.802 262.546 434.593 473.304 570.08 664.706 729.224 771.161 831.377 1089.45 1089.45 
-6.27744e+66 -6.27744e+66 -6.27744e+66 -6.27744e+66 -6.27744e+66 -6.27744e+66 -6.27744e+66 -6.27744e+66 -6.27744e+66 -6.27744e+66 -6.27744e+66 2.32396 5.54985 65.7664 88.3477 92.6488 141.037 199.103 349.645 384.054 471.153 557.177 616.318 655.029 710.944 951.81 951.81 
-6.27744e+66 -6.27744e+66 -6.27744e+66 -6.27744e+66 -6.27744e+66 -6.27744e+66 -6.27744e+66 -6.27744e+66 -6.27744e+66 -6.27744e+66 -6.27744e+66 -6.27744e+66 2.32396 32.4323 47.4864 50.7123 89.4229 137.811 266.847 296.955 374.376 451.798 505.563 541.047 592.662 816.323 816.323 
-6.27744e+66 -6.27744e+66 -6.27744e+66 -6.27744e+66 -6.27744e+66 -6.27744e+66 -6.27744e+66 -6.27744e+66 -6.27744e+66 -6.27744e+66 -6.27744e+66 -6.27744e+66 -6.27744e+66 2.32396 9.85103 12.0016 41.0346 79.7453 187.275 213.082 280.826 349.645 398.033 430.292 477.605 684.062 684.062 
-6.27744e+66 -6.27744e+66 -6.27744e+66 -6.27744e+66 -6.27744e+66 -6.27744e+66 -6.27744e+66 -6.27744e+66 -6.27744e+66 -6.27744e+66 -6.27744e+66 -6.27744e+66 -6.27744e+66 -6.27744e+66 2.32396 3.39926 22.7546 51.7876 137.811 159.317 217.383 277.6 320.612 349.645 392.656 581.909 581.909 
-6.27744e+66 -6.27744e+66 -6.27744e+66 -6.27744e+66 -6.27744e+66 -6.27744e+66 -6.27744e+66 -6.27744e+66 -6.27744e+66 -6.27744e+66 -6.27744e+66 -6.27744e+66 -6.27744e+66 -6.27744e+66 -6.27744e+66 2.32396 12.0016 31.357 95.8747 113.079 161.468 213.082 250.717 276.524 315.235 487.283 487.283 
-6.27744e+66 -6.27744e+66 -6.27744e+66 -6.27744e+66 -6.27744e+66 -6.27744e+66 -6.27744e+66 -6.27744e+66 -6.27744e+66 -6.27744e+66 -6.27744e+66 -6.27744e+66 -6.27744e+66 -6.27744e+66 -6.27744e+66 -6.27744e+66 2.32396 12.0016 55.0135 67.917 106.628 149.64 181.898 204.48 238.889 393.732 393.732 
-6.27744e+66 -6.27744e+66 -6.27744e+66 -6.27744e+66 -6.27744e+66 -6.27744e+66 -6.27744e+66 -6.27744e+66 -6.27744e+66 -6.27744e+66 -6.27744e+66 -6.27744e+66 -6.27744e+66 -6.27744e+66 -6.27744e+66 -6.27744e+66 -6.27744e+66 2.32396 23.8299 32.4323 61.4652 95.8747 122.757 142.112 172.221 309.859 309.859 
-6.27744e+66 -6.27744e+66 -6.27744e+66 -6.27744e+66 -6.27744e+66 -6.27744e+66 -6.27744e+66 -6.27744e+66 -6.27744e+66 -6.27744e+66 -6.27744e+66 -6.27744e+66 -6.27744e+66 -6.27744e+66 -6.27744e+66 -6.27744e+66 -6.27744e+66 -6.27744e+66 2.32396 6.62515 25.9805 51.7876 73.2935 89.4229 115.23 235.663 235.663 
-6.27744e+66 -6.27744e+66 -6.27744e+66 -6.27744e+66 -6.27744e+66 -6.27744e+66 -6.27744e+66 -6.27744e+66 -6.27744e+66 -6.27744e+66 -6.27744e+66 -6.27744e+66 -6.27744e+66 -6.27744e+66 -6.27744e+66 -6.27744e+66 -6.27744e+66 -6.27744e+66 -6.27744e+66 2.32396 12.0016 29.2064 45.3358 58.2394 79.7453 182.974 182.974 
-6.27744e+66 -6.27744e+66 -6.27744e+66 -6.27744e+66 -6.27744e+66 -6.27744e+66 -6.27744e+66 -6.27744e+66 -6.27744e+66 -6.27744e+66 -6.27744e+66 -6.27744e+66 -6.27744e+66 -6.27744e+66 -6.27744e+66 -6.27744e+66 -6.27744e+66 -6.27744e+66 -6.27744e+66 -6.27744e+66 2.32396 10.9263 21.6793 31.357 48.5617 134.585 134.585 
-6.27744e+66 -6.27744e+66 -6.27744e+66 -6.27744e+66 -6.27744e+66 -6.27744e+66 -6.27744e+66 -6.27744e+66 -6.27744e+66 -6.27744e+66 -6.27744e+66 -6.27744e+66 -6.27744e+66 -6.27744e+66 -6.27744e+66 -6.27744e+66 -6.27744e+66 -6.27744e+66 -6.27744e+66 -6.27744e+66 -6.27744e+66 2.32396 7.70044 14.1522 27.0558 95.8747 95.8747 
-6.27744e+66 -6.27744e+66 -6.27744e+66 -6.27744e+66 -6.27744e+66 -6.27744e+66 -6.27744e+66 -6.27744e+66 -6.27744e+66 -6.27744e+66 -6.27744e+66 -6.27744e+66 -6.27744e+66 -6.27744e+66 -6.27744e+66 -6.27744e+66 -6.27744e+66 -6.27744e+66 -6.27744e+66 -6.27744e+66 -6.27744e+66 -6.27744e+66 2.32396 5.54985 14.1522 65.7664 65.7664 
-6.27744e+66 -6.27744e+66 -6.27744e+66 -6.27744e+66 -6.27744e+66 -6.27744e+66 -6.27744e+66 -6.27744e+66 -6.27744e+66 -6.27744e+66 -6.27744e+66 -6.27744e+66 -6.27744e+66 -6.27744e+66 -6.27744e+66 -6.27744e+66 -6.27744e+66 -6.27744e+66 -6.27744e+66 -6.27744e+66 -6.27744e+66 -6.27744e+66 -6.27744e+66 2.32396 6.62515 41.0346 41.0346 
-6.27744e+66 -6.27744e+66 -6.27744e+66 -6.27744e+66 -6.27744e+66 -6.27744e+66 -6.27744e+66 -6.27744e+66 -6.27744e+66 -6.27744e+66 -6.27744e+66 -6.27744e+66 -6.27744e+66 -6.27744e+66 -6.27744e+66 -6.27744e+66 -6.27744e+66 -6.27744e+66 -6.27744e+66 -6.27744e+66 -6.27744e+66 -6.27744e+66 -6.27744e+66 -6.27744e+66 2.32396 19.5287 19.5287 
-6.27744e+66 -6.27744e+66 -6.27744e+66 -6.27744e+66 -6.27744e+66 -6.27744e+66 -6.27744e+66 -6.27744e+66 -6.27744e+66 -6.27744e+66 -6.27744e+66 -6.27744e+66 -6.27744e+66 -6.27744e+66 -6.27744e+66 -6.27744e+66 -6.27744e+66 -6.27744e+66 -6.27744e+66 -6.27744e+66 -6.27744e+66 -6.27744e+66 -6.27744e+66 -6.27744e+66 -6.27744e+66 2.32396 2.32396 
-6.27744e+66 -6.27744e+66 -6.27744e+66 -6.27744e+66 -6.27744e+66 -6.27744e+66 -6.27744e+66 -6.27744e+66 -6.27744e+66 -6.27744e+66 -6.27744e+66 -6.27744e+66 -6.27744e+66 -6.27744e+66 -6.27744e+66 -6.27744e+66 -6.27744e+66 -6.27744e+66 -6.27744e+66 -6.27744e+66 -6.27744e+66 -6.27744e+66 -6.27744e+66 -6.27744e+66 -6.27744e+66 -6.27744e+66 2.32396 
-6.27744e+66 -6.27744e+66 -6.27744e+66 -6.27744e+66 -6.27744e+66 -6.27744e+66 -6.27744e+66 -6.27744e+66 -6.27744e+66 -6.27744e+66 -6.27744e+66 -6.27744e+66 -6.27744e+66 -6.27744e+66 -6.27744e+66 -6.27744e+66 -6.27744e+66 -6.27744e+66 -6.27744e+66 -6.27744e+66 -6.27744e+66 -6.27744e+66 -6.27744e+66 -6.27744e+66 -6.27744e+66 -6.27744e+66 -6.27744e+66 
-6.27744e+66 77.3209 90.852 144.976 167.921 302.055 352.061 380.3 693.281 749.758 977.434 1153.93 1568.1 1892.84 2183.47 2504.69 2531.16 2926.5 3016.51 3175.36 3309.49 3627.18 3985.46 4192.54 4544.35 4883.22 5868.64 
-6.27744e+66 -6.27744e+66 77.3209 104.383 119.679 220.28 260.285 283.817 552.087 601.505 803.883 962.726 1339.24 1636.93 1905.2 2203.47 2228.18 2598.81 2683.53 2833.55 2960.63 3262.43 3603.65 3801.32 4137.83 4462.58 5408.58 
-6.27744e+66 -6.27744e+66 -6.27744e+66 77.3209 84.9689 152.036 182.04 200.866 424.423 466.782 643.863 785.057 1123.92 1394.55 1640.46 1915.79 1938.73 2284.66 2364.08 2505.27 2625.29 2911.21 3235.37 3423.62 3744.84 4055.47 4962.05 
-6.27744e+66 -6.27744e+66 -6.27744e+66 -6.27744e+66 77.3209 110.854 130.857 144.976 323.822 359.121 510.905 634.45 935.664 1179.22 1402.78 1655.17 1676.35 1997.56 2071.69 2204.06 2317.01 2587.05 2894.15 3072.99 3378.91 3675.42 4542.59 
-6.27744e+66 -6.27744e+66 -6.27744e+66 -6.27744e+66 -6.27744e+66 77.3209 87.3221 96.7351 230.87 259.108 385.595 491.491 755.053 971.551 1172.75 1402.19 1421.61 1718.12 1786.95 1910.49 2016.39 2270.54 2560.57 2730.01 3020.63 3303.02 4130.77 
-6.27744e+66 -6.27744e+66 -6.27744e+66 -6.27744e+66 -6.27744e+66 -6.27744e+66 77.3209 82.0273 171.45 192.629 293.819 382.065 607.976 797.412 976.258 1182.75 1200.4 1472.2 1535.74 1650.46 1749.3 1987.56 2260.54 2420.56 2695.89 2964.15 3752.49 
-6.27744e+66 -6.27744e+66 -6.27744e+66 -6.27744e+66 -6.27744e+66 -6.27744e+66 -6.27744e+66 77.3209 122.032 136.152 212.044 282.641 470.9 633.273 789.764 973.316 989.2 1236.29 1294.53 1400.43 1492.2 1714.59 1970.5 2121.11 2381.14 2635.29 3384.21 
-6.27744e+66 -6.27744e+66 -6.27744e+66 -6.27744e+66 -6.27744e+66 -6.27744e+66 -6.27744e+66 -6.27744e+66 77.3209 84.3806 134.975 187.923 338.53 473.841 607.976 768.584 782.704 1005.08 1058.03 1155.1 1239.82 1446.32 1685.17 1826.36 2071.1 2311.13 3020.63 
-6.27744e+66 -6.27744e+66 -6.27744e+66 -6.27744e+66 -6.27744e+66 -6.27744e+66 -6.27744e+66 -6.27744e+66 -6.27744e+66 77.3209 102.618 137.917 250.872 359.121 470.9 608.564 620.919 818.591 866.244 954.49 1032.15 1222.76 1444.55 1576.33 1805.77 2031.68 2701.77 
-6.27744e+66 -6.27744e+66 -6.27744e+66 -6.27744e+66 -6.27744e+66 -6.27744e+66 -6.27744e+66 -6.27744e+66 -6.27744e+66 -6.27744e+66 77.3209 94.9701 170.274 251.46 340.883 455.604 466.193 639.156 681.515 760.936 831.533 1006.26 1210.99 1333.36 1547.51 1759.3 2389.96 
-6.27744e+66 -6.27744e+66 -6.27744e+66 -6.27744e+66 -6.27744e+66 -6.27744e+66 -6.27744e+66 -6.27744e+66 -6.27744e+66 -6.27744e+66 -6.27744e+66 77.3209 114.973 169.097 236.164 327.941 336.765 485.019 522.083 592.68 656.217 815.061 1002.73 1115.69 1314.54 1512.21 2103.46 
-6.27744e+66 -6.27744e+66 -6.27744e+66 -6.27744e+66 -6.27744e+66 -6.27744e+66 -6.27744e+66 -6.27744e+66 -6.27744e+66 -6.27744e+66 -6.27744e+66 -6.27744e+66 77.3209 104.383 149.095 217.927 224.987 348.531 380.3 442.073 498.55 641.51 812.119 915.662 1099.21 1282.77 1834.6 
-6.27744e+66 -6.27744e+66 -6.27744e+66 -6.27744e+66 -6.27744e+66 -6.27744e+66 -6.27744e+66 -6.27744e+66 -6.27744e+66 -6.27744e+66 -6.27744e+66 -6.27744e+66 -6.27744e+66 77.3209 99.6766 145.565 150.86 249.696 276.169 329.117 378.535 505.61 659.159 753.288 921.545 1090.98 1603.4 
-6.27744e+66 -6.27744e+66 -6.27744e+66 -6.27744e+66 -6.27744e+66 -6.27744e+66 -6.27744e+66 -6.27744e+66 -6.27744e+66 -6.27744e+66 -6.27744e+66 -6.27744e+66 -6.27744e+66 -6.27744e+66 77.3209 100.265 103.795 177.922 199.101 243.224 285.582 396.773 533.261 617.977 770.938 926.251 1399.25 
-6.27744e+66 -6.27744e+66 -6.27744e+66 -6.27744e+66 -6.27744e+66 -6.27744e+66 -6.27744e+66 -6.27744e+66 -6.27744e+66 -6.27744e+66 -6.27744e+66 -6.27744e+66 -6.27744e+66 -6.27744e+66 -6.27744e+66 77.3209 79.0858 128.504 144.388 179.687 214.985 310.291 429.718 505.022 642.686 783.88 1217.46 
-6.27744e+66 -6.27744e+66 -6.27744e+66 -6.27744e+66 -6.27744e+66 -6.27744e+66 -6.27744e+66 -6.27744e+66 -6.27744e+66 -6.27744e+66 -6.27744e+66 -6.27744e+66 -6.27744e+66 -6.27744e+66 -6.27744e+66 -6.27744e+66 77.3209 102.03 112.619 139.093 167.332 246.754 349.12 415.01 537.379 664.454 1058.62 
-6.27744e+66 -6.27744e+66 -6.27744e+66 -6.27744e+66 -6.27744e+66 -6.27744e+66 -6.27744e+66 -6.27744e+66 -6.27744e+66 -6.27744e+66 -6.27744e+66 -6.27744e+66 -6.27744e+66 -6.27744e+66 -6.27744e+66 -6.27744e+66 -6.27744e+66 77.3209 82.6156 100.265 121.444 184.981 270.286 326.764 433.836 546.792 901.542 
-6.27744e+66 -6.27744e+66 -6.27744e+66 -6.27744e+66 -6.27744e+66 -6.27744e+66 -6.27744e+66 -6.27744e+66 -6.27744e+66 -6.27744e+66 -6.27744e+66 -6.27744e+66 -6.27744e+66 -6.27744e+66 -6.27744e+66 -6.27744e+66 -6.27744e+66 -6.27744e+66 77.3209 86.1455 100.265 147.918 216.162 263.227 355.003 453.839 769.173 
-6.27744e+66 -6.27744e+66 -6.27744e+66 -6.27744e+66 -6.27744e+66 -6.27744e+66 -6.27744e+66 -6.27744e+66 -6.27744e+66 -6.27744e+66 -6.27744e+66 -6.27744e+66 -6.27744e+66 -6.27744e+66 -6.27744e+66 -6.27744e+66 -6.27744e+66 -6.27744e+66 -6.27744e+66 77.3209 84.3806 116.149 167.332 204.984 281.464 366.181 642.098 
-6.27744e+66 -6.27744e+66 -6.27744e+66 -6.27744e+66 -6.27744e+66 -6.27744e+66 -6.27744e+66 -6.27744e+66 -6.27744e+66 -6.27744e+66 -6.27744e+66 -6.27744e+66 -6.27744e+66 -6.27744e+66 -6.27744e+66 -6.27744e+66 -6.27744e+66 -6.27744e+66 -6.27744e+66 -6.27744e+66 77.3209 93.2052 127.327 155.566 216.75 287.347 523.848 
-6.27744e+66 -6.27744e+66 -6.27744e+66 -6.27744e+66 -6.27744e+66 -6.27744e+66 -6.27744e+66 -6.27744e+66 -6.27744e+66 -6.27744e+66 -6.27744e+66 -6.27744e+66 -6.27744e+66 -6.27744e+66 -6.27744e+66 -6.27744e+66 -6.27744e+66 -6.27744e+66 -6.27744e+66 -6.27744e+66 -6.27744e+66 77.3209 94.3818 113.208 159.096 215.574 412.657 
-6.27744e+66 -6.27744e+66 -6.27744e+66 -6.27744e+66 -6.27744e+66 -6.27744e+66 -6.27744e+66 -6.27744e+66 -6.27744e+66 -6.27744e+66 -6.27744e+66 -6.27744e+66 -6.27744e+66 -6.27744e+66 -6.27744e+66 -6.27744e+66 -6.27744e+66 -6.27744e+66 -6.27744e+66 -6.27744e+66 -6.27744e+66 -6.27744e+66 77.3209 86.7338 117.326 159.684 317.351 
-6.27744e+66 -6.27744e+66 -6.27744e+66 -6.27744e+66 -6.27744e+66 -6.27744e+66 -6.27744e+66 -6.27744e+66 -6.27744e+66 -6.27744e+66 -6.27744e+66 -6.27744e+66 -6.27744e+66 -6.27744e+66 -6.27744e+66 -6.27744e+66 -6.27744e+66 -6.27744e+66 -6.27744e+66 -6.27744e+66 -6.27744e+66 -6.27744e+66 -6.27744e+66 77.3209 92.6169 120.856 239.106 
-6.27744e+66 -6.27744e+66 -6.27744e+66 -6.27744e+66 -6.27744e+66 -6.27744e+66 -6.27744e+66 -6.27744e+66 -6.27744e+66 -6.27744e+66 -6.27744e+66 -6.27744e+66 -6.27744e+66 -6.27744e+66 -6.27744e+66 -6.27744e+66 -6.27744e+66 -6.27744e+66 -6.27744e+66 -6.27744e+66 -6.27744e+66 -6.27744e+66 -6.27744e+66 -6.27744e+66 77.3209 91.4403 170.274 
-6.27744e+66 -6.27744e+66 -6.27744e+66 -6.27744e+66 -6.27744e+66 -6.27744e+66 -6.27744e+66 -6.27744e+66 -6.27744e+66 -6.27744e+66 -6.27744e+66 -6.27744e+66 -6.27744e+66 -6.27744e+66 -6.27744e+66 -6.27744e+66 -6.27744e+66 -6.27744e+66 -6.27744e+66 -6.27744e+66 -6.27744e+66 -6.27744e+66 -6.27744e+66 -6.27744e+66 -6.27744e+66 77.3209 116.738 
-6.27744e+66 -6.27744e+66 -6.27744e+66 -6.27744e+66 -6.27744e+66 -6.27744e+66 -6.27744e+66 -6.27744e+66 -6.27744e+66 -6.27744e+66 -6.27744e+66 -6.27744e+66 -6.27744e+66 -6.27744e+66 -6.27744e+66 -6.27744e+66 -6.27744e+66 -6.27744e+66 -6.27744e+66 -6.27744e+66 -6.27744e+66 -6.27744e+66 -6.27744e+66 -6.27744e+66 -6.27744e+66 -6.27744e+66 77.3209 
-6.27744e+66 -6.27744e+66 -6.27744e+66 -6.27744e+66 -6.27744e+66 -6.27744e+66 -6.27744e+66 -6.27744e+66 -6.27744e+66 -6.27744e+66 -6.27744e+66 -6.27744e+66 -6.27744e+66 -6.27744e+66 -6.27744e+66 -6.27744e+66 -6.27744e+66 -6.27744e+66 -6.27744e+66 -6.27744e+66 -6.27744e+66 -6.27744e+66 -6.27744e+66 -6.27744e+66 -6.27744e+66 -6.27744e+66 -6.27744e+66 
