13 20
-6.27744e+66 5.28834 15.1102 77.3155 87.1374 119.877 119.877 129.699 209.911 327.774 342.507 358.876 358.876 378.52 
-6.27744e+66 -6.27744e+66 5.28834 36.391 42.9389 67.4936 67.4936 75.6785 144.432 247.562 260.657 275.39 275.39 293.397 
-6.27744e+66 -6.27744e+66 -6.27744e+66 5.28834 8.5623 24.9321 24.9321 31.48 88.7744 177.171 188.63 201.726 201.726 218.096 
-6.27744e+66 -6.27744e+66 -6.27744e+66 -6.27744e+66 5.28834 13.4732 13.4732 18.3842 64.2197 137.884 147.706 159.165 159.165 173.897 
-6.27744e+66 -6.27744e+66 -6.27744e+66 -6.27744e+66 -6.27744e+66 5.28834 5.28834 8.5623 42.9389 101.87 110.055 119.877 119.877 132.973 
-6.27744e+66 -6.27744e+66 -6.27744e+66 -6.27744e+66 -6.27744e+66 -6.27744e+66 5.28834 6.92532 29.8431 74.0416 80.5895 88.7744 88.7744 100.233 
-6.27744e+66 -6.27744e+66 -6.27744e+66 -6.27744e+66 -6.27744e+66 -6.27744e+66 -6.27744e+66 5.28834 16.7472 46.2129 51.1238 57.6717 57.6717 67.4936 
-6.27744e+66 -6.27744e+66 -6.27744e+66 -6.27744e+66 -6.27744e+66 -6.27744e+66 -6.27744e+66 -6.27744e+66 5.28834 20.0212 23.2951 28.2061 28.2061 36.391 
-6.27744e+66 -6.27744e+66 -6.27744e+66 -6.27744e+66 -6.27744e+66 -6.27744e+66 -6.27744e+66 -6.27744e+66 -6.27744e+66 5.28834 6.92532 10.1993 10.1993 16.7472 
-6.27744e+66 -6.27744e+66 -6.27744e+66 -6.27744e+66 -6.27744e+66 -6.27744e+66 -6.27744e+66 -6.27744e+66 -6.27744e+66 -6.27744e+66 5.28834 6.92532 6.92532 11.8363 
-6.27744e+66 -6.27744e+66 -6.27744e+66 -6.27744e+66 -6.27744e+66 -6.27744e+66 -6.27744e+66 -6.27744e+66 -6.27744e+66 -6.27744e+66 -6.27744e+66 5.28834 5.28834 8.5623 
-6.27744e+66 -6.27744e+66 -6.27744e+66 -6.27744e+66 -6.27744e+66 -6.27744e+66 -6.27744e+66 -6.27744e+66 -6.27744e+66 -6.27744e+66 -6.27744e+66 -6.27744e+66 5.28834 6.92532 
-6.27744e+66 -6.27744e+66 -6.27744e+66 -6.27744e+66 -6.27744e+66 -6.27744e+66 -6.27744e+66 -6.27744e+66 -6.27744e+66 -6.27744e+66 -6.27744e+66 -6.27744e+66 -6.27744e+66 5.28834 
-6.27744e+66 -6.27744e+66 -6.27744e+66 -6.27744e+66 -6.27744e+66 -6.27744e+66 -6.27744e+66 -6.27744e+66 -6.27744e+66 -6.27744e+66 -6.27744e+66 -6.27744e+66 -6.27744e+66 -6.27744e+66 
-6.27744e+66 16.059 25.0292 42.9696 105.761 129.681 129.681 219.383 386.826 386.826 467.558 527.359 527.359 527.359 
-6.27744e+66 -6.27744e+66 16.059 25.0292 66.89 84.8304 84.8304 159.582 303.105 303.105 374.866 428.687 428.687 428.687 
-6.27744e+66 -6.27744e+66 -6.27744e+66 16.059 36.9894 48.9497 48.9497 108.751 228.353 228.353 291.144 338.985 338.985 338.985 
-6.27744e+66 -6.27744e+66 -6.27744e+66 -6.27744e+66 16.059 22.0391 22.0391 66.89 162.572 162.572 216.393 258.254 258.254 258.254 
-6.27744e+66 -6.27744e+66 -6.27744e+66 -6.27744e+66 -6.27744e+66 16.059 16.059 45.9596 117.721 117.721 162.572 198.453 198.453 198.453 
-6.27744e+66 -6.27744e+66 -6.27744e+66 -6.27744e+66 -6.27744e+66 -6.27744e+66 16.059 31.0093 78.8503 78.8503 114.731 144.632 144.632 144.632 
-6.27744e+66 -6.27744e+66 -6.27744e+66 -6.27744e+66 -6.27744e+66 -6.27744e+66 -6.27744e+66 16.059 39.9795 39.9795 66.89 90.8105 90.8105 90.8105 
-6.27744e+66 -6.27744e+66 -6.27744e+66 -6.27744e+66 -6.27744e+66 -6.27744e+66 -6.27744e+66 -6.27744e+66 16.059 16.059 33.9994 51.9397 51.9397 51.9397 
-6.27744e+66 -6.27744e+66 -6.27744e+66 -6.27744e+66 -6.27744e+66 -6.27744e+66 -6.27744e+66 -6.27744e+66 -6.27744e+66 16.059 25.0292 36.9894 36.9894 36.9894 
-6.27744e+66 -6.27744e+66 -6.27744e+66 -6.27744e+66 -6.27744e+66 -6.27744e+66 -6.27744e+66 -6.27744e+66 -6.27744e+66 -6.27744e+66 16.059 22.0391 22.0391 22.0391 
-6.27744e+66 -6.27744e+66 -6.27744e+66 -6.27744e+66 -6.27744e+66 -6.27744e+66 -6.27744e+66 -6.27744e+66 -6.27744e+66 -6.27744e+66 -6.27744e+66 16.059 16.059 16.059 
-6.27744e+66 -6.27744e+66 -6.27744e+66 -6.27744e+66 -6.27744e+66 -6.27744e+66 -6.27744e+66 -6.27744e+66 -6.27744e+66 -6.27744e+66 -6.27744e+66 -6.27744e+66 16.059 16.059 
-6.27744e+66 -6.27744e+66 -6.27744e+66 -6.27744e+66 -6.27744e+66 -6.27744e+66 -6.27744e+66 -6.27744e+66 -6.27744e+66 -6.27744e+66 -6.27744e+66 -6.27744e+66 -6.27744e+66 16.059 
-6.27744e+66 -6.27744e+66 -6.27744e+66 -6.27744e+66 -6.27744e+66 -6.27744e+66 -6.27744e+66 -6.27744e+66 -6.27744e+66 -6.27744e+66 -6.27744e+66 -6.27744e+66 -6.27744e+66 -6.27744e+66 
-6.27744e+66 83.8733 116.074 183.696 246.488 265.808 531.466 792.294 1017.7 1275.31 1318.78 1592.49 1610.2 1726.12 
-6.27744e+66 -6.27744e+66 83.8733 117.684 159.545 174.036 386.562 603.918 797.124 1022.53 1061.17 1307.51 1323.61 1429.87 
-6.27744e+66 -6.27744e+66 -6.27744e+66 83.8733 104.804 114.464 273.859 447.744 608.748 801.954 835.765 1054.73 1069.22 1165.82 
-6.27744e+66 -6.27744e+66 -6.27744e+66 -6.27744e+66 83.8733 88.7034 194.966 325.38 454.184 615.189 644.169 835.765 848.645 935.588 
-6.27744e+66 -6.27744e+66 -6.27744e+66 -6.27744e+66 -6.27744e+66 83.8733 137.005 223.947 320.55 449.354 473.504 637.729 648.999 726.282 
-6.27744e+66 -6.27744e+66 -6.27744e+66 -6.27744e+66 -6.27744e+66 -6.27744e+66 83.8733 127.345 191.746 288.349 307.67 444.524 454.184 521.806 
-6.27744e+66 -6.27744e+66 -6.27744e+66 -6.27744e+66 -6.27744e+66 -6.27744e+66 -6.27744e+66 83.8733 116.074 180.476 194.966 304.45 312.5 370.462 
-6.27744e+66 -6.27744e+66 -6.27744e+66 -6.27744e+66 -6.27744e+66 -6.27744e+66 -6.27744e+66 -6.27744e+66 83.8733 116.074 125.734 207.847 214.287 262.588 
-6.27744e+66 -6.27744e+66 -6.27744e+66 -6.27744e+66 -6.27744e+66 -6.27744e+66 -6.27744e+66 -6.27744e+66 -6.27744e+66 83.8733 88.7034 143.445 148.275 186.916 
-6.27744e+66 -6.27744e+66 -6.27744e+66 -6.27744e+66 -6.27744e+66 -6.27744e+66 -6.27744e+66 -6.27744e+66 -6.27744e+66 -6.27744e+66 83.8733 111.244 114.464 143.445 
-6.27744e+66 -6.27744e+66 -6.27744e+66 -6.27744e+66 -6.27744e+66 -6.27744e+66 -6.27744e+66 -6.27744e+66 -6.27744e+66 -6.27744e+66 -6.27744e+66 83.8733 85.4833 104.804 
-6.27744e+66 -6.27744e+66 -6.27744e+66 -6.27744e+66 -6.27744e+66 -6.27744e+66 -6.27744e+66 -6.27744e+66 -6.27744e+66 -6.27744e+66 -6.27744e+66 -6.27744e+66 83.8733 93.5336 
-6.27744e+66 -6.27744e+66 -6.27744e+66 -6.27744e+66 -6.27744e+66 -6.27744e+66 -6.27744e+66 -6.27744e+66 -6.27744e+66 -6.27744e+66 -6.27744e+66 -6.27744e+66 -6.27744e+66 83.8733 
-6.27744e+66 -6.27744e+66 -6.27744e+66 -6.27744e+66 -6.27744e+66 -6.27744e+66 -6.27744e+66 -6.27744e+66 -6.27744e+66 -6.27744e+66 -6.27744e+66 -6.27744e+66 -6.27744e+66 -6.27744e+66 
-6.27744e+66 55.8326 55.8326 88.3445 121.872 130 211.28 278.336 562.814 627.838 746.71 868.629 946.861 983.437 
-6.27744e+66 -6.27744e+66 55.8326 72.0885 94.4404 100.536 165.56 221.44 465.279 522.175 627.838 737.566 808.685 842.213 
-6.27744e+66 -6.27744e+66 -6.27744e+66 55.8326 67.0086 71.0725 119.84 164.544 367.743 416.511 508.967 606.502 670.51 700.99 
-6.27744e+66 -6.27744e+66 -6.27744e+66 -6.27744e+66 55.8326 57.8646 90.3765 123.904 286.464 327.103 406.351 491.695 548.591 576.022 
-6.27744e+66 -6.27744e+66 -6.27744e+66 -6.27744e+66 -6.27744e+66 55.8326 72.0885 94.4404 216.36 248.872 314.912 388.063 437.847 462.231 
-6.27744e+66 -6.27744e+66 -6.27744e+66 -6.27744e+66 -6.27744e+66 -6.27744e+66 55.8326 67.0086 148.288 172.672 225.504 286.464 329.135 350.471 
-6.27744e+66 -6.27744e+66 -6.27744e+66 -6.27744e+66 -6.27744e+66 -6.27744e+66 -6.27744e+66 55.8326 96.4724 112.728 152.352 201.12 236.68 254.968 
-6.27744e+66 -6.27744e+66 -6.27744e+66 -6.27744e+66 -6.27744e+66 -6.27744e+66 -6.27744e+66 -6.27744e+66 55.8326 63.9606 90.3765 126.952 155.4 170.64 
-6.27744e+66 -6.27744e+66 -6.27744e+66 -6.27744e+66 -6.27744e+66 -6.27744e+66 -6.27744e+66 -6.27744e+66 -6.27744e+66 55.8326 69.0405 93.4244 114.76 126.952 
-6.27744e+66 -6.27744e+66 -6.27744e+66 -6.27744e+66 -6.27744e+66 -6.27744e+66 -6.27744e+66 -6.27744e+66 -6.27744e+66 -6.27744e+66 55.8326 68.0246 82.2485 91.3925 
-6.27744e+66 -6.27744e+66 -6.27744e+66 -6.27744e+66 -6.27744e+66 -6.27744e+66 -6.27744e+66 -6.27744e+66 -6.27744e+66 -6.27744e+66 -6.27744e+66 55.8326 62.9446 69.0405 
-6.27744e+66 -6.27744e+66 -6.27744e+66 -6.27744e+66 -6.27744e+66 -6.27744e+66 -6.27744e+66 -6.27744e+66 -6.27744e+66 -6.27744e+66 -6.27744e+66 -6.27744e+66 55.8326 58.8806 
-6.27744e+66 -6.27744e+66 -6.27744e+66 -6.27744e+66 -6.27744e+66 -6.27744e+66 -6.27744e+66 -6.27744e+66 -6.27744e+66 -6.27744e+66 -6.27744e+66 -6.27744e+66 -6.27744e+66 55.8326 
-6.27744e+66 -6.27744e+66 -6.27744e+66 -6.27744e+66 -6.27744e+66 -6.27744e+66 -6.27744e+66 -6.27744e+66 -6.27744e+66 -6.27744e+66 -6.27744e+66 -6.27744e+66 -6.27744e+66 -6.27744e+66 
-6.27744e+66 52.9194 70.6126 88.3059 120.154 198.004 215.697 279.393 291.778 617.334 617.334 705.801 997.739 1316.22 
-6.27744e+66 -6.27744e+66 52.9194 61.766 82.9979 141.386 155.54 208.62 219.236 504.097 504.097 583.717 849.116 1141.05 
-6.27744e+66 -6.27744e+66 -6.27744e+66 52.9194 63.5353 102.46 113.076 155.54 164.387 408.554 408.554 479.327 718.186 983.585 
-6.27744e+66 -6.27744e+66 -6.27744e+66 -6.27744e+66 52.9194 72.3819 79.4592 111.307 118.384 321.857 321.857 383.783 596.102 834.961 
-6.27744e+66 -6.27744e+66 -6.27744e+66 -6.27744e+66 -6.27744e+66 52.9194 56.458 77.6899 82.9979 245.776 245.776 298.856 484.635 696.954 
-6.27744e+66 -6.27744e+66 -6.27744e+66 -6.27744e+66 -6.27744e+66 -6.27744e+66 52.9194 63.5353 67.074 189.157 189.157 233.391 392.63 578.409 
-6.27744e+66 -6.27744e+66 -6.27744e+66 -6.27744e+66 -6.27744e+66 -6.27744e+66 -6.27744e+66 52.9194 54.6887 136.078 136.078 171.464 304.164 463.403 
-6.27744e+66 -6.27744e+66 -6.27744e+66 -6.27744e+66 -6.27744e+66 -6.27744e+66 -6.27744e+66 -6.27744e+66 52.9194 93.6139 93.6139 120.154 226.313 359.013 
-6.27744e+66 -6.27744e+66 -6.27744e+66 -6.27744e+66 -6.27744e+66 -6.27744e+66 -6.27744e+66 -6.27744e+66 -6.27744e+66 52.9194 52.9194 70.6126 150.232 256.392 
-6.27744e+66 -6.27744e+66 -6.27744e+66 -6.27744e+66 -6.27744e+66 -6.27744e+66 -6.27744e+66 -6.27744e+66 -6.27744e+66 -6.27744e+66 52.9194 61.766 114.846 194.465 
-6.27744e+66 -6.27744e+66 -6.27744e+66 -6.27744e+66 -6.27744e+66 -6.27744e+66 -6.27744e+66 -6.27744e+66 -6.27744e+66 -6.27744e+66 -6.27744e+66 52.9194 79.4592 132.539 
-6.27744e+66 -6.27744e+66 -6.27744e+66 -6.27744e+66 -6.27744e+66 -6.27744e+66 -6.27744e+66 -6.27744e+66 -6.27744e+66 -6.27744e+66 -6.27744e+66 -6.27744e+66 52.9194 79.4592 
-6.27744e+66 -6.27744e+66 -6.27744e+66 -6.27744e+66 -6.27744e+66 -6.27744e+66 -6.27744e+66 -6.27744e+66 -6.27744e+66 -6.27744e+66 -6.27744e+66 -6.27744e+66 -6.27744e+66 52.9194 
-6.27744e+66 -6.27744e+66 -6.27744e+66 -6.27744e+66 -6.27744e+66 -6.27744e+66 -6.27744e+66 -6.27744e+66 -6.27744e+66 -6.27744e+66 -6.27744e+66 -6.27744e+66 -6.27744e+66 -6.27744e+66 
-6.27744e+66 26.5229 35.0705 35.0705 47.892 90.6302 176.107 304.321 394.071 394.071 413.303 413.303 648.364 1058.65 
-6.27744e+66 -6.27744e+66 26.5229 26.5229 35.0705 67.1242 135.505 242.351 319.279 319.279 336.375 336.375 550.066 926.162 
-6.27744e+66 -6.27744e+66 -6.27744e+66 26.5229 30.7967 52.1658 103.452 188.928 253.035 253.035 267.994 267.994 460.315 802.221 
-6.27744e+66 -6.27744e+66 -6.27744e+66 -6.27744e+66 26.5229 37.2074 71.398 135.505 186.791 186.791 199.613 199.613 370.565 678.28 
-6.27744e+66 -6.27744e+66 -6.27744e+66 -6.27744e+66 -6.27744e+66 26.5229 43.6182 86.3564 124.821 124.821 135.505 135.505 285.089 558.613 
-6.27744e+66 -6.27744e+66 -6.27744e+66 -6.27744e+66 -6.27744e+66 -6.27744e+66 26.5229 47.892 73.5349 73.5349 82.0825 82.0825 210.297 449.631 
-6.27744e+66 -6.27744e+66 -6.27744e+66 -6.27744e+66 -6.27744e+66 -6.27744e+66 -6.27744e+66 26.5229 39.3443 39.3443 45.7551 45.7551 152.601 357.744 
-6.27744e+66 -6.27744e+66 -6.27744e+66 -6.27744e+66 -6.27744e+66 -6.27744e+66 -6.27744e+66 -6.27744e+66 26.5229 26.5229 30.7967 30.7967 116.273 287.226 
-6.27744e+66 -6.27744e+66 -6.27744e+66 -6.27744e+66 -6.27744e+66 -6.27744e+66 -6.27744e+66 -6.27744e+66 -6.27744e+66 26.5229 28.6598 28.6598 92.7671 229.529 
-6.27744e+66 -6.27744e+66 -6.27744e+66 -6.27744e+66 -6.27744e+66 -6.27744e+66 -6.27744e+66 -6.27744e+66 -6.27744e+66 -6.27744e+66 26.5229 26.5229 69.2611 171.833 
-6.27744e+66 -6.27744e+66 -6.27744e+66 -6.27744e+66 -6.27744e+66 -6.27744e+66 -6.27744e+66 -6.27744e+66 -6.27744e+66 -6.27744e+66 -6.27744e+66 26.5229 47.892 116.273 
-6.27744e+66 -6.27744e+66 -6.27744e+66 -6.27744e+66 -6.27744e+66 -6.27744e+66 -6.27744e+66 -6.27744e+66 -6.27744e+66 -6.27744e+66 -6.27744e+66 -6.27744e+66 26.5229 60.7134 
-6.27744e+66 -6.27744e+66 -6.27744e+66 -6.27744e+66 -6.27744e+66 -6.27744e+66 -6.27744e+66 -6.27744e+66 -6.27744e+66 -6.27744e+66 -6.27744e+66 -6.27744e+66 -6.27744e+66 26.5229 
-6.27744e+66 -6.27744e+66 -6.27744e+66 -6.27744e+66 -6.27744e+66 -6.27744e+66 -6.27744e+66 -6.27744e+66 -6.27744e+66 -6.27744e+66 -6.27744e+66 -6.27744e+66 -6.27744e+66 -6.27744e+66 
-6.27744e+66 21.0121 39.7681 43.1783 73.87 142.074 184.701 225.623 309.173 322.814 322.814 339.865 452.401 493.323 
-6.27744e+66 -6.27744e+66 21.0121 22.7172 43.1783 94.3311 128.433 162.535 234.149 246.084 246.084 261.43 363.736 401.248 
-6.27744e+66 -6.27744e+66 -6.27744e+66 21.0121 31.2426 65.3445 90.9209 118.202 177.881 188.111 188.111 201.752 293.827 327.929 
-6.27744e+66 -6.27744e+66 -6.27744e+66 -6.27744e+66 21.0121 38.063 55.114 75.5751 123.318 131.843 131.843 143.779 225.623 256.315 
-6.27744e+66 -6.27744e+66 -6.27744e+66 -6.27744e+66 -6.27744e+66 21.0121 29.5375 43.1783 78.9853 85.8056 85.8056 96.0362 167.65 194.932 
-6.27744e+66 -6.27744e+66 -6.27744e+66 -6.27744e+66 -6.27744e+66 -6.27744e+66 21.0121 27.8325 51.7038 56.819 56.819 65.3445 126.728 150.599 
-6.27744e+66 -6.27744e+66 -6.27744e+66 -6.27744e+66 -6.27744e+66 -6.27744e+66 -6.27744e+66 21.0121 32.9477 36.3579 36.3579 43.1783 94.3311 114.792 
-6.27744e+66 -6.27744e+66 -6.27744e+66 -6.27744e+66 -6.27744e+66 -6.27744e+66 -6.27744e+66 -6.27744e+66 21.0121 22.7172 22.7172 27.8325 68.7547 85.8056 
-6.27744e+66 -6.27744e+66 -6.27744e+66 -6.27744e+66 -6.27744e+66 -6.27744e+66 -6.27744e+66 -6.27744e+66 -6.27744e+66 21.0121 21.0121 24.4223 55.114 68.7547 
-6.27744e+66 -6.27744e+66 -6.27744e+66 -6.27744e+66 -6.27744e+66 -6.27744e+66 -6.27744e+66 -6.27744e+66 -6.27744e+66 -6.27744e+66 21.0121 22.7172 43.1783 53.4089 
-6.27744e+66 -6.27744e+66 -6.27744e+66 -6.27744e+66 -6.27744e+66 -6.27744e+66 -6.27744e+66 -6.27744e+66 -6.27744e+66 -6.27744e+66 -6.27744e+66 21.0121 31.2426 38.063 
-6.27744e+66 -6.27744e+66 -6.27744e+66 -6.27744e+66 -6.27744e+66 -6.27744e+66 -6.27744e+66 -6.27744e+66 -6.27744e+66 -6.27744e+66 -6.27744e+66 -6.27744e+66 21.0121 24.4223 
-6.27744e+66 -6.27744e+66 -6.27744e+66 -6.27744e+66 -6.27744e+66 -6.27744e+66 -6.27744e+66 -6.27744e+66 -6.27744e+66 -6.27744e+66 -6.27744e+66 -6.27744e+66 -6.27744e+66 21.0121 
-6.27744e+66 -6.27744e+66 -6.27744e+66 -6.27744e+66 -6.27744e+66 -6.27744e+66 -6.27744e+66 -6.27744e+66 -6.27744e+66 -6.27744e+66 -6.27744e+66 -6.27744e+66 -6.27744e+66 -6.27744e+66 
-6.27744e+66 13.3601 18.1799 37.4588 100.115 170.805 178.838 198.117 378.053 378.053 421.431 469.628 487.301 795.764 
-6.27744e+66 -6.27744e+66 13.3601 22.9996 64.7706 117.788 124.214 140.28 294.511 294.511 333.069 376.447 392.513 675.271 
-6.27744e+66 -6.27744e+66 -6.27744e+66 13.3601 34.2456 69.5904 74.4101 87.2627 215.789 215.789 249.527 288.085 302.544 559.597 
-6.27744e+66 -6.27744e+66 -6.27744e+66 -6.27744e+66 13.3601 31.0325 34.2456 43.8851 146.706 146.706 175.625 209.363 222.215 453.563 
-6.27744e+66 -6.27744e+66 -6.27744e+66 -6.27744e+66 -6.27744e+66 13.3601 14.9667 21.393 98.5088 98.5088 122.607 151.526 162.772 368.414 
-6.27744e+66 -6.27744e+66 -6.27744e+66 -6.27744e+66 -6.27744e+66 -6.27744e+66 13.3601 16.5733 67.9838 67.9838 87.2627 111.361 121.001 300.938 
-6.27744e+66 -6.27744e+66 -6.27744e+66 -6.27744e+66 -6.27744e+66 -6.27744e+66 -6.27744e+66 13.3601 39.0654 39.0654 53.5246 72.8035 80.8364 235.068 
-6.27744e+66 -6.27744e+66 -6.27744e+66 -6.27744e+66 -6.27744e+66 -6.27744e+66 -6.27744e+66 -6.27744e+66 13.3601 13.3601 22.9996 37.4588 43.8851 172.411 
-6.27744e+66 -6.27744e+66 -6.27744e+66 -6.27744e+66 -6.27744e+66 -6.27744e+66 -6.27744e+66 -6.27744e+66 -6.27744e+66 13.3601 18.1799 27.8193 32.6391 135.46 
-6.27744e+66 -6.27744e+66 -6.27744e+66 -6.27744e+66 -6.27744e+66 -6.27744e+66 -6.27744e+66 -6.27744e+66 -6.27744e+66 -6.27744e+66 13.3601 18.1799 21.393 98.5088 
-6.27744e+66 -6.27744e+66 -6.27744e+66 -6.27744e+66 -6.27744e+66 -6.27744e+66 -6.27744e+66 -6.27744e+66 -6.27744e+66 -6.27744e+66 -6.27744e+66 13.3601 14.9667 66.3772 
-6.27744e+66 -6.27744e+66 -6.27744e+66 -6.27744e+66 -6.27744e+66 -6.27744e+66 -6.27744e+66 -6.27744e+66 -6.27744e+66 -6.27744e+66 -6.27744e+66 -6.27744e+66 13.3601 39.0654 
-6.27744e+66 -6.27744e+66 -6.27744e+66 -6.27744e+66 -6.27744e+66 -6.27744e+66 -6.27744e+66 -6.27744e+66 -6.27744e+66 -6.27744e+66 -6.27744e+66 -6.27744e+66 -6.27744e+66 13.3601 
-6.27744e+66 -6.27744e+66 -6.27744e+66 -6.27744e+66 -6.27744e+66 -6.27744e+66 -6.27744e+66 -6.27744e+66 -6.27744e+66 -6.27744e+66 -6.27744e+66 -6.27744e+66 -6.27744e+66 -6.27744e+66 
-6.27744e+66 60.669 80.1542 109.382 158.095 210.056 210.056 453.622 533.187 533.187 577.029 609.504 841.703 1192.44 
-6.27744e+66 -6.27744e+66 60.669 75.2829 107.758 146.729 146.729 349.7 417.899 417.899 456.869 486.097 697.188 1018.69 
-6.27744e+66 -6.27744e+66 -6.27744e+66 60.669 76.9067 102.887 102.887 265.264 322.096 322.096 356.196 382.176 572.157 864.436 
-6.27744e+66 -6.27744e+66 -6.27744e+66 -6.27744e+66 60.669 73.6592 73.6592 195.442 240.908 240.908 270.136 292.868 461.741 724.792 
-6.27744e+66 -6.27744e+66 -6.27744e+66 -6.27744e+66 -6.27744e+66 60.669 60.669 141.858 175.957 175.957 200.313 219.799 367.562 601.385 
-6.27744e+66 -6.27744e+66 -6.27744e+66 -6.27744e+66 -6.27744e+66 -6.27744e+66 60.669 101.263 123.996 123.996 143.481 159.719 286.373 490.969 
-6.27744e+66 -6.27744e+66 -6.27744e+66 -6.27744e+66 -6.27744e+66 -6.27744e+66 -6.27744e+66 60.669 72.0354 72.0354 86.6493 99.6395 205.185 380.552 
-6.27744e+66 -6.27744e+66 -6.27744e+66 -6.27744e+66 -6.27744e+66 -6.27744e+66 -6.27744e+66 -6.27744e+66 60.669 60.669 70.4116 80.1542 164.59 310.73 
-6.27744e+66 -6.27744e+66 -6.27744e+66 -6.27744e+66 -6.27744e+66 -6.27744e+66 -6.27744e+66 -6.27744e+66 -6.27744e+66 60.669 65.5403 72.0354 135.363 252.274 
-6.27744e+66 -6.27744e+66 -6.27744e+66 -6.27744e+66 -6.27744e+66 -6.27744e+66 -6.27744e+66 -6.27744e+66 -6.27744e+66 -6.27744e+66 60.669 63.9165 106.135 193.818 
-6.27744e+66 -6.27744e+66 -6.27744e+66 -6.27744e+66 -6.27744e+66 -6.27744e+66 -6.27744e+66 -6.27744e+66 -6.27744e+66 -6.27744e+66 -6.27744e+66 60.669 81.778 140.234 
-6.27744e+66 -6.27744e+66 -6.27744e+66 -6.27744e+66 -6.27744e+66 -6.27744e+66 -6.27744e+66 -6.27744e+66 -6.27744e+66 -6.27744e+66 -6.27744e+66 -6.27744e+66 60.669 89.8969 
-6.27744e+66 -6.27744e+66 -6.27744e+66 -6.27744e+66 -6.27744e+66 -6.27744e+66 -6.27744e+66 -6.27744e+66 -6.27744e+66 -6.27744e+66 -6.27744e+66 -6.27744e+66 -6.27744e+66 60.669 
-6.27744e+66 -6.27744e+66 -6.27744e+66 -6.27744e+66 -6.27744e+66 -6.27744e+66 -6.27744e+66 -6.27744e+66 -6.27744e+66 -6.27744e+66 -6.27744e+66 -6.27744e+66 -6.27744e+66 -6.27744e+66 
-6.27744e+66 35.6984 35.6984 51.1299 64.3569 121.674 253.944 326.692 342.123 430.303 579.107 623.197 671.696 711.377 
-6.27744e+66 -6.27744e+66 35.6984 43.4142 52.2321 95.2198 201.036 261.659 274.886 352.044 484.313 523.994 568.084 604.458 
-6.27744e+66 -6.27744e+66 -6.27744e+66 35.6984 40.1074 68.7659 148.128 196.627 207.649 273.784 389.52 424.792 464.473 497.54 
-6.27744e+66 -6.27744e+66 -6.27744e+66 -6.27744e+66 35.6984 50.0276 102.936 139.31 148.128 203.24 302.442 333.305 368.577 398.338 
-6.27744e+66 -6.27744e+66 -6.27744e+66 -6.27744e+66 -6.27744e+66 35.6984 62.1524 86.4018 93.0153 137.105 219.774 246.228 277.091 303.545 
-6.27744e+66 -6.27744e+66 -6.27744e+66 -6.27744e+66 -6.27744e+66 -6.27744e+66 35.6984 47.8231 52.2321 85.2996 151.434 173.479 199.933 223.081 
-6.27744e+66 -6.27744e+66 -6.27744e+66 -6.27744e+66 -6.27744e+66 -6.27744e+66 -6.27744e+66 35.6984 37.9029 59.9479 109.549 127.185 149.23 169.07 
-6.27744e+66 -6.27744e+66 -6.27744e+66 -6.27744e+66 -6.27744e+66 -6.27744e+66 -6.27744e+66 -6.27744e+66 35.6984 46.7209 79.7883 93.0153 110.651 127.185 
-6.27744e+66 -6.27744e+66 -6.27744e+66 -6.27744e+66 -6.27744e+66 -6.27744e+66 -6.27744e+66 -6.27744e+66 -6.27744e+66 35.6984 52.2321 61.0501 74.2771 87.5041 
-6.27744e+66 -6.27744e+66 -6.27744e+66 -6.27744e+66 -6.27744e+66 -6.27744e+66 -6.27744e+66 -6.27744e+66 -6.27744e+66 -6.27744e+66 35.6984 40.1074 48.9254 58.8456 
-6.27744e+66 -6.27744e+66 -6.27744e+66 -6.27744e+66 -6.27744e+66 -6.27744e+66 -6.27744e+66 -6.27744e+66 -6.27744e+66 -6.27744e+66 -6.27744e+66 35.6984 40.1074 46.7209 
-6.27744e+66 -6.27744e+66 -6.27744e+66 -6.27744e+66 -6.27744e+66 -6.27744e+66 -6.27744e+66 -6.27744e+66 -6.27744e+66 -6.27744e+66 -6.27744e+66 -6.27744e+66 35.6984 39.0052 
-6.27744e+66 -6.27744e+66 -6.27744e+66 -6.27744e+66 -6.27744e+66 -6.27744e+66 -6.27744e+66 -6.27744e+66 -6.27744e+66 -6.27744e+66 -6.27744e+66 -6.27744e+66 -6.27744e+66 35.6984 
-6.27744e+66 -6.27744e+66 -6.27744e+66 -6.27744e+66 -6.27744e+66 -6.27744e+66 -6.27744e+66 -6.27744e+66 -6.27744e+66 -6.27744e+66 -6.27744e+66 -6.27744e+66 -6.27744e+66 -6.27744e+66 
-6.27744e+66 89.5581 132.494 206.916 249.852 295.65 352.897 558.989 719.283 879.576 982.622 1240.24 1586.59 1689.63 
-6.27744e+66 -6.27744e+66 89.5581 126.769 155.393 189.742 235.54 407.283 544.677 684.934 776.53 1008.38 1323.25 1417.7 
-6.27744e+66 -6.27744e+66 -6.27744e+66 89.5581 103.87 126.769 161.118 298.512 413.008 533.228 613.375 819.466 1102.84 1188.71 
-6.27744e+66 -6.27744e+66 -6.27744e+66 -6.27744e+66 89.5581 101.008 123.907 226.953 318.549 418.732 487.43 667.76 919.65 996.934 
-6.27744e+66 -6.27744e+66 -6.27744e+66 -6.27744e+66 -6.27744e+66 89.5581 101.008 169.705 238.402 318.549 375.797 530.365 750.769 819.466 
-6.27744e+66 -6.27744e+66 -6.27744e+66 -6.27744e+66 -6.27744e+66 -6.27744e+66 89.5581 123.907 169.705 229.815 275.613 404.42 593.338 653.448 
-6.27744e+66 -6.27744e+66 -6.27744e+66 -6.27744e+66 -6.27744e+66 -6.27744e+66 -6.27744e+66 89.5581 112.457 152.531 186.879 289.925 447.356 498.879 
-6.27744e+66 -6.27744e+66 -6.27744e+66 -6.27744e+66 -6.27744e+66 -6.27744e+66 -6.27744e+66 -6.27744e+66 89.5581 109.595 132.494 209.778 335.723 378.659 
-6.27744e+66 -6.27744e+66 -6.27744e+66 -6.27744e+66 -6.27744e+66 -6.27744e+66 -6.27744e+66 -6.27744e+66 -6.27744e+66 89.5581 101.008 152.531 246.989 281.338 
-6.27744e+66 -6.27744e+66 -6.27744e+66 -6.27744e+66 -6.27744e+66 -6.27744e+66 -6.27744e+66 -6.27744e+66 -6.27744e+66 -6.27744e+66 89.5581 115.32 178.292 204.053 
-6.27744e+66 -6.27744e+66 -6.27744e+66 -6.27744e+66 -6.27744e+66 -6.27744e+66 -6.27744e+66 -6.27744e+66 -6.27744e+66 -6.27744e+66 -6.27744e+66 89.5581 121.044 138.219 
-6.27744e+66 -6.27744e+66 -6.27744e+66 -6.27744e+66 -6.27744e+66 -6.27744e+66 -6.27744e+66 -6.27744e+66 -6.27744e+66 -6.27744e+66 -6.27744e+66 -6.27744e+66 89.5581 98.1452 
-6.27744e+66 -6.27744e+66 -6.27744e+66 -6.27744e+66 -6.27744e+66 -6.27744e+66 -6.27744e+66 -6.27744e+66 -6.27744e+66 -6.27744e+66 -6.27744e+66 -6.27744e+66 -6.27744e+66 89.5581 
-6.27744e+66 -6.27744e+66 -6.27744e+66 -6.27744e+66 -6.27744e+66 -6.27744e+66 -6.27744e+66 -6.27744e+66 -6.27744e+66 -6.27744e+66 -6.27744e+66 -6.27744e+66 -6.27744e+66 -6.27744e+66 
-6.27744e+66 85.76 88.2257 103.02 103.02 260.824 384.109 502.462 502.462 522.188 544.379 864.92 1163.27 1311.21 
-6.27744e+66 -6.27744e+66 85.76 93.1571 93.1571 211.51 310.138 408.766 408.766 426.026 445.751 734.238 1005.46 1141.08 
-6.27744e+66 -6.27744e+66 -6.27744e+66 85.76 85.76 164.662 238.633 317.535 317.535 332.33 349.589 606.022 850.125 973.41 
-6.27744e+66 -6.27744e+66 -6.27744e+66 -6.27744e+66 85.76 125.211 174.525 233.702 233.702 246.03 260.824 485.203 702.184 813.14 
-6.27744e+66 -6.27744e+66 -6.27744e+66 -6.27744e+66 -6.27744e+66 85.76 110.417 149.868 149.868 159.731 172.059 364.384 554.242 652.87 
-6.27744e+66 -6.27744e+66 -6.27744e+66 -6.27744e+66 -6.27744e+66 -6.27744e+66 85.76 105.486 105.486 112.883 122.745 283.016 445.751 532.051 
-6.27744e+66 -6.27744e+66 -6.27744e+66 -6.27744e+66 -6.27744e+66 -6.27744e+66 -6.27744e+66 85.76 85.76 90.6914 98.0885 226.305 361.918 435.889 
-6.27744e+66 -6.27744e+66 -6.27744e+66 -6.27744e+66 -6.27744e+66 -6.27744e+66 -6.27744e+66 -6.27744e+66 85.76 88.2257 93.1571 189.319 297.81 359.452 
-6.27744e+66 -6.27744e+66 -6.27744e+66 -6.27744e+66 -6.27744e+66 -6.27744e+66 -6.27744e+66 -6.27744e+66 -6.27744e+66 85.76 88.2257 152.334 233.702 283.016 
-6.27744e+66 -6.27744e+66 -6.27744e+66 -6.27744e+66 -6.27744e+66 -6.27744e+66 -6.27744e+66 -6.27744e+66 -6.27744e+66 -6.27744e+66 85.76 117.814 172.059 209.045 
-6.27744e+66 -6.27744e+66 -6.27744e+66 -6.27744e+66 -6.27744e+66 -6.27744e+66 -6.27744e+66 -6.27744e+66 -6.27744e+66 -6.27744e+66 -6.27744e+66 85.76 112.883 137.54 
-6.27744e+66 -6.27744e+66 -6.27744e+66 -6.27744e+66 -6.27744e+66 -6.27744e+66 -6.27744e+66 -6.27744e+66 -6.27744e+66 -6.27744e+66 -6.27744e+66 -6.27744e+66 85.76 98.0885 
-6.27744e+66 -6.27744e+66 -6.27744e+66 -6.27744e+66 -6.27744e+66 -6.27744e+66 -6.27744e+66 -6.27744e+66 -6.27744e+66 -6.27744e+66 -6.27744e+66 -6.27744e+66 -6.27744e+66 85.76 
-6.27744e+66 -6.27744e+66 -6.27744e+66 -6.27744e+66 -6.27744e+66 -6.27744e+66 -6.27744e+66 -6.27744e+66 -6.27744e+66 -6.27744e+66 -6.27744e+66 -6.27744e+66 -6.27744e+66 -6.27744e+66 
-6.27744e+66 13.9706 16.0854 79.5298 79.5298 87.9891 109.137 159.893 189.5 324.848 343.881 343.881 623.037 623.037 
-6.27744e+66 -6.27744e+66 13.9706 45.6928 45.6928 52.0372 68.9557 111.252 136.63 255.059 271.978 271.978 525.755 525.755 
-6.27744e+66 -6.27744e+66 -6.27744e+66 13.9706 13.9706 18.2002 30.8891 64.7261 85.8742 187.385 202.189 202.189 430.589 430.589 
-6.27744e+66 -6.27744e+66 -6.27744e+66 -6.27744e+66 13.9706 16.0854 24.5447 49.9224 66.8409 151.433 164.122 164.122 367.144 367.144 
-6.27744e+66 -6.27744e+66 -6.27744e+66 -6.27744e+66 -6.27744e+66 13.9706 18.2002 35.1187 47.8076 115.482 126.056 126.056 303.7 303.7 
-6.27744e+66 -6.27744e+66 -6.27744e+66 -6.27744e+66 -6.27744e+66 -6.27744e+66 13.9706 22.4299 30.8891 81.6446 90.1039 90.1039 242.37 242.37 
-6.27744e+66 -6.27744e+66 -6.27744e+66 -6.27744e+66 -6.27744e+66 -6.27744e+66 -6.27744e+66 13.9706 18.2002 52.0372 58.3817 58.3817 185.27 185.27 
-6.27744e+66 -6.27744e+66 -6.27744e+66 -6.27744e+66 -6.27744e+66 -6.27744e+66 -6.27744e+66 -6.27744e+66 13.9706 30.8891 35.1187 35.1187 136.63 136.63 
-6.27744e+66 -6.27744e+66 -6.27744e+66 -6.27744e+66 -6.27744e+66 -6.27744e+66 -6.27744e+66 -6.27744e+66 -6.27744e+66 13.9706 16.0854 16.0854 92.2187 92.2187 
-6.27744e+66 -6.27744e+66 -6.27744e+66 -6.27744e+66 -6.27744e+66 -6.27744e+66 -6.27744e+66 -6.27744e+66 -6.27744e+66 -6.27744e+66 13.9706 13.9706 64.7261 64.7261 
-6.27744e+66 -6.27744e+66 -6.27744e+66 -6.27744e+66 -6.27744e+66 -6.27744e+66 -6.27744e+66 -6.27744e+66 -6.27744e+66 -6.27744e+66 -6.27744e+66 13.9706 39.3484 39.3484 
-6.27744e+66 -6.27744e+66 -6.27744e+66 -6.27744e+66 -6.27744e+66 -6.27744e+66 -6.27744e+66 -6.27744e+66 -6.27744e+66 -6.27744e+66 -6.27744e+66 -6.27744e+66 13.9706 13.9706 
-6.27744e+66 -6.27744e+66 -6.27744e+66 -6.27744e+66 -6.27744e+66 -6.27744e+66 -6.27744e+66 -6.27744e+66 -6.27744e+66 -6.27744e+66 -6.27744e+66 -6.27744e+66 -6.27744e+66 13.9706 
-6.27744e+66 -6.27744e+66 -6.27744e+66 -6.27744e+66 -6.27744e+66 -6.27744e+66 -6.27744e+66 -6.27744e+66 -6.27744e+66 -6.27744e+66 -6.27744e+66 -6.27744e+66 -6.27744e+66 -6.27744e+66 
-6.27744e+66 34.4104 65.4441 70.2185 91.7034 168.094 275.518 275.518 308.939 480.818 674.182 912.903 1096.72 1497.77 
-6.27744e+66 -6.27744e+66 34.4104 36.7976 51.1208 108.414 194.353 194.353 223 373.394 545.273 760.121 927.226 1294.86 
-6.27744e+66 -6.27744e+66 -6.27744e+66 34.4104 41.572 79.7673 144.222 144.222 168.094 297.003 447.397 638.374 788.768 1122.98 
-6.27744e+66 -6.27744e+66 -6.27744e+66 -6.27744e+66 34.4104 53.5081 96.4778 96.4778 115.575 223 351.909 519.013 652.697 953.485 
-6.27744e+66 -6.27744e+66 -6.27744e+66 -6.27744e+66 -6.27744e+66 34.4104 55.8953 55.8953 70.2185 156.158 263.582 406.815 523.788 791.155 
-6.27744e+66 -6.27744e+66 -6.27744e+66 -6.27744e+66 -6.27744e+66 -6.27744e+66 34.4104 34.4104 43.9592 108.414 194.353 313.714 413.976 647.923 
-6.27744e+66 -6.27744e+66 -6.27744e+66 -6.27744e+66 -6.27744e+66 -6.27744e+66 -6.27744e+66 34.4104 39.1848 82.1545 146.609 242.097 325.65 526.175 
-6.27744e+66 -6.27744e+66 -6.27744e+66 -6.27744e+66 -6.27744e+66 -6.27744e+66 -6.27744e+66 -6.27744e+66 34.4104 55.8953 98.865 170.481 237.323 404.427 
-6.27744e+66 -6.27744e+66 -6.27744e+66 -6.27744e+66 -6.27744e+66 -6.27744e+66 -6.27744e+66 -6.27744e+66 -6.27744e+66 34.4104 55.8953 103.639 153.771 287.454 
-6.27744e+66 -6.27744e+66 -6.27744e+66 -6.27744e+66 -6.27744e+66 -6.27744e+66 -6.27744e+66 -6.27744e+66 -6.27744e+66 -6.27744e+66 34.4104 58.2825 91.7034 191.966 
-6.27744e+66 -6.27744e+66 -6.27744e+66 -6.27744e+66 -6.27744e+66 -6.27744e+66 -6.27744e+66 -6.27744e+66 -6.27744e+66 -6.27744e+66 -6.27744e+66 34.4104 51.1208 117.963 
-6.27744e+66 -6.27744e+66 -6.27744e+66 -6.27744e+66 -6.27744e+66 -6.27744e+66 -6.27744e+66 -6.27744e+66 -6.27744e+66 -6.27744e+66 -6.27744e+66 -6.27744e+66 34.4104 67.8313 
-6.27744e+66 -6.27744e+66 -6.27744e+66 -6.27744e+66 -6.27744e+66 -6.27744e+66 -6.27744e+66 -6.27744e+66 -6.27744e+66 -6.27744e+66 -6.27744e+66 -6.27744e+66 -6.27744e+66 34.4104 
-6.27744e+66 -6.27744e+66 -6.27744e+66 -6.27744e+66 -6.27744e+66 -6.27744e+66 -6.27744e+66 -6.27744e+66 -6.27744e+66 -6.27744e+66 -6.27744e+66 -6.27744e+66 -6.27744e+66 -6.27744e+66 
-6.27744e+66 103.341 132.221 156.288 235.708 283.841 392.141 637.622 772.395 1041.94 1453.48 2007.02 2271.75 2676.07 
-6.27744e+66 -6.27744e+66 103.341 115.374 168.321 204.421 291.061 495.628 611.148 847.002 1212.82 1711 1951.66 2322.29 
-6.27744e+66 -6.27744e+66 -6.27744e+66 103.341 129.814 153.881 218.861 382.515 478.782 680.942 1001.03 1443.86 1660.46 1997.39 
-6.27744e+66 -6.27744e+66 -6.27744e+66 -6.27744e+66 103.341 115.374 158.694 281.435 358.448 526.915 801.275 1188.75 1381.28 1684.52 
-6.27744e+66 -6.27744e+66 -6.27744e+66 -6.27744e+66 -6.27744e+66 103.341 125.001 206.828 264.588 399.361 627.995 960.116 1128.58 1398.13 
-6.27744e+66 -6.27744e+66 -6.27744e+66 -6.27744e+66 -6.27744e+66 -6.27744e+66 103.341 144.254 182.761 283.841 466.748 743.515 887.916 1123.77 
-6.27744e+66 -6.27744e+66 -6.27744e+66 -6.27744e+66 -6.27744e+66 -6.27744e+66 -6.27744e+66 103.341 122.594 189.981 327.161 548.575 668.909 871.069 
-6.27744e+66 -6.27744e+66 -6.27744e+66 -6.27744e+66 -6.27744e+66 -6.27744e+66 -6.27744e+66 -6.27744e+66 103.341 137.034 228.488 394.548 490.815 659.282 
-6.27744e+66 -6.27744e+66 -6.27744e+66 -6.27744e+66 -6.27744e+66 -6.27744e+66 -6.27744e+66 -6.27744e+66 -6.27744e+66 103.341 149.068 259.774 331.975 466.748 
-6.27744e+66 -6.27744e+66 -6.27744e+66 -6.27744e+66 -6.27744e+66 -6.27744e+66 -6.27744e+66 -6.27744e+66 -6.27744e+66 -6.27744e+66 103.341 158.694 206.828 307.908 
-6.27744e+66 -6.27744e+66 -6.27744e+66 -6.27744e+66 -6.27744e+66 -6.27744e+66 -6.27744e+66 -6.27744e+66 -6.27744e+66 -6.27744e+66 -6.27744e+66 103.341 127.408 194.794 
-6.27744e+66 -6.27744e+66 -6.27744e+66 -6.27744e+66 -6.27744e+66 -6.27744e+66 -6.27744e+66 -6.27744e+66 -6.27744e+66 -6.27744e+66 -6.27744e+66 -6.27744e+66 103.341 137.034 
-6.27744e+66 -6.27744e+66 -6.27744e+66 -6.27744e+66 -6.27744e+66 -6.27744e+66 -6.27744e+66 -6.27744e+66 -6.27744e+66 -6.27744e+66 -6.27744e+66 -6.27744e+66 -6.27744e+66 103.341 
-6.27744e+66 -6.27744e+66 -6.27744e+66 -6.27744e+66 -6.27744e+66 -6.27744e+66 -6.27744e+66 -6.27744e+66 -6.27744e+66 -6.27744e+66 -6.27744e+66 -6.27744e+66 -6.27744e+66 -6.27744e+66 
-6.27744e+66 83.3314 126.035 158.571 231.777 296.849 398.524 447.328 589.673 654.745 1002.47 1165.15 1165.15 1262.76 
-6.27744e+66 -6.27744e+66 83.3314 99.5994 148.403 197.208 278.548 319.218 441.228 498.166 807.258 953.67 953.67 1043.14 
-6.27744e+66 -6.27744e+66 -6.27744e+66 83.3314 107.733 140.269 201.275 233.811 335.486 384.29 654.745 784.89 784.89 866.23 
-6.27744e+66 -6.27744e+66 -6.27744e+66 -6.27744e+66 83.3314 99.5994 140.269 164.671 246.012 286.682 518.501 632.377 632.377 705.583 
-6.27744e+66 -6.27744e+66 -6.27744e+66 -6.27744e+66 -6.27744e+66 83.3314 103.666 119.934 180.939 213.476 406.658 504.266 504.266 569.338 
-6.27744e+66 -6.27744e+66 -6.27744e+66 -6.27744e+66 -6.27744e+66 -6.27744e+66 83.3314 91.4654 132.135 156.537 311.084 392.424 392.424 449.362 
-6.27744e+66 -6.27744e+66 -6.27744e+66 -6.27744e+66 -6.27744e+66 -6.27744e+66 -6.27744e+66 83.3314 103.666 119.934 235.844 300.916 300.916 349.72 
-6.27744e+66 -6.27744e+66 -6.27744e+66 -6.27744e+66 -6.27744e+66 -6.27744e+66 -6.27744e+66 -6.27744e+66 83.3314 91.4654 168.738 217.543 217.543 258.213 
-6.27744e+66 -6.27744e+66 -6.27744e+66 -6.27744e+66 -6.27744e+66 -6.27744e+66 -6.27744e+66 -6.27744e+66 -6.27744e+66 83.3314 121.968 154.504 154.504 187.04 
-6.27744e+66 -6.27744e+66 -6.27744e+66 -6.27744e+66 -6.27744e+66 -6.27744e+66 -6.27744e+66 -6.27744e+66 -6.27744e+66 -6.27744e+66 83.3314 99.5994 99.5994 124.001 
-6.27744e+66 -6.27744e+66 -6.27744e+66 -6.27744e+66 -6.27744e+66 -6.27744e+66 -6.27744e+66 -6.27744e+66 -6.27744e+66 -6.27744e+66 -6.27744e+66 83.3314 83.3314 99.5994 
-6.27744e+66 -6.27744e+66 -6.27744e+66 -6.27744e+66 -6.27744e+66 -6.27744e+66 -6.27744e+66 -6.27744e+66 -6.27744e+66 -6.27744e+66 -6.27744e+66 -6.27744e+66 83.3314 91.4654 
-6.27744e+66 -6.27744e+66 -6.27744e+66 -6.27744e+66 -6.27744e+66 -6.27744e+66 -6.27744e+66 -6.27744e+66 -6.27744e+66 -6.27744e+66 -6.27744e+66 -6.27744e+66 -6.27744e+66 83.3314 
-6.27744e+66 -6.27744e+66 -6.27744e+66 -6.27744e+66 -6.27744e+66 -6.27744e+66 -6.27744e+66 -6.27744e+66 -6.27744e+66 -6.27744e+66 -6.27744e+66 -6.27744e+66 -6.27744e+66 -6.27744e+66 
-6.27744e+66 39.222 47.6986 100.441 123.045 126.813 183.323 268.088 393.353 498.838 515.791 553.465 636.346 726.763 
-6.27744e+66 -6.27744e+66 39.222 65.5935 80.6628 83.4884 128.697 199.334 306.704 399.004 414.073 447.979 523.326 606.208 
-6.27744e+66 -6.27744e+66 -6.27744e+66 39.222 46.7567 48.6404 82.5465 139.057 228.531 307.645 320.831 350.97 418.782 494.129 
-6.27744e+66 -6.27744e+66 -6.27744e+66 -6.27744e+66 39.222 40.1639 62.768 105.151 176.73 242.659 253.961 280.332 340.61 408.422 
-6.27744e+66 -6.27744e+66 -6.27744e+66 -6.27744e+66 -6.27744e+66 39.222 50.5241 78.7792 132.464 185.207 194.625 217.229 269.972 330.25 
-6.27744e+66 -6.27744e+66 -6.27744e+66 -6.27744e+66 -6.27744e+66 -6.27744e+66 39.222 53.3496 89.1394 128.697 136.231 155.068 200.276 253.019 
-6.27744e+66 -6.27744e+66 -6.27744e+66 -6.27744e+66 -6.27744e+66 -6.27744e+66 -6.27744e+66 39.222 57.1169 83.4884 89.1394 104.209 141.882 187.09 
-6.27744e+66 -6.27744e+66 -6.27744e+66 -6.27744e+66 -6.27744e+66 -6.27744e+66 -6.27744e+66 -6.27744e+66 39.222 52.4078 56.1751 67.4771 97.6159 135.289 
-6.27744e+66 -6.27744e+66 -6.27744e+66 -6.27744e+66 -6.27744e+66 -6.27744e+66 -6.27744e+66 -6.27744e+66 -6.27744e+66 39.222 41.1057 48.6404 71.2445 101.383 
-6.27744e+66 -6.27744e+66 -6.27744e+66 -6.27744e+66 -6.27744e+66 -6.27744e+66 -6.27744e+66 -6.27744e+66 -6.27744e+66 -6.27744e+66 39.222 42.9894 58.0588 80.6628 
-6.27744e+66 -6.27744e+66 -6.27744e+66 -6.27744e+66 -6.27744e+66 -6.27744e+66 -6.27744e+66 -6.27744e+66 -6.27744e+66 -6.27744e+66 -6.27744e+66 39.222 46.7567 61.8261 
-6.27744e+66 -6.27744e+66 -6.27744e+66 -6.27744e+66 -6.27744e+66 -6.27744e+66 -6.27744e+66 -6.27744e+66 -6.27744e+66 -6.27744e+66 -6.27744e+66 -6.27744e+66 39.222 46.7567 
-6.27744e+66 -6.27744e+66 -6.27744e+66 -6.27744e+66 -6.27744e+66 -6.27744e+66 -6.27744e+66 -6.27744e+66 -6.27744e+66 -6.27744e+66 -6.27744e+66 -6.27744e+66 -6.27744e+66 39.222 
-6.27744e+66 -6.27744e+66 -6.27744e+66 -6.27744e+66 -6.27744e+66 -6.27744e+66 -6.27744e+66 -6.27744e+66 -6.27744e+66 -6.27744e+66 -6.27744e+66 -6.27744e+66 -6.27744e+66 -6.27744e+66 
-6.27744e+66 53.7598 60.4844 87.3829 147.904 194.977 253.817 253.817 347.962 401.759 507.672 743.033 817.004 1119.61 
-6.27744e+66 -6.27744e+66 53.7598 67.2091 107.557 142.861 189.933 189.933 270.629 317.701 411.846 623.671 690.917 968.308 
-6.27744e+66 -6.27744e+66 -6.27744e+66 53.7598 73.9337 97.4698 132.774 132.774 200.02 240.368 322.745 511.034 571.555 823.729 
-6.27744e+66 -6.27744e+66 -6.27744e+66 -6.27744e+66 53.7598 65.5279 89.0641 89.0641 142.861 176.484 247.093 411.846 465.643 692.599 
-6.27744e+66 -6.27744e+66 -6.27744e+66 -6.27744e+66 -6.27744e+66 53.7598 65.5279 65.5279 105.876 132.774 191.615 332.831 379.904 581.642 
-6.27744e+66 -6.27744e+66 -6.27744e+66 -6.27744e+66 -6.27744e+66 -6.27744e+66 53.7598 53.7598 80.6583 100.832 147.904 265.585 305.933 482.454 
-6.27744e+66 -6.27744e+66 -6.27744e+66 -6.27744e+66 -6.27744e+66 -6.27744e+66 -6.27744e+66 53.7598 67.2091 80.6583 115.963 210.107 243.73 395.034 
-6.27744e+66 -6.27744e+66 -6.27744e+66 -6.27744e+66 -6.27744e+66 -6.27744e+66 -6.27744e+66 -6.27744e+66 53.7598 60.4844 84.0206 154.629 181.528 307.614 
-6.27744e+66 -6.27744e+66 -6.27744e+66 -6.27744e+66 -6.27744e+66 -6.27744e+66 -6.27744e+66 -6.27744e+66 -6.27744e+66 53.7598 65.5279 112.6 132.774 233.643 
-6.27744e+66 -6.27744e+66 -6.27744e+66 -6.27744e+66 -6.27744e+66 -6.27744e+66 -6.27744e+66 -6.27744e+66 -6.27744e+66 -6.27744e+66 53.7598 77.296 90.7452 166.397 
-6.27744e+66 -6.27744e+66 -6.27744e+66 -6.27744e+66 -6.27744e+66 -6.27744e+66 -6.27744e+66 -6.27744e+66 -6.27744e+66 -6.27744e+66 -6.27744e+66 53.7598 60.4844 110.919 
-6.27744e+66 -6.27744e+66 -6.27744e+66 -6.27744e+66 -6.27744e+66 -6.27744e+66 -6.27744e+66 -6.27744e+66 -6.27744e+66 -6.27744e+66 -6.27744e+66 -6.27744e+66 53.7598 78.9771 
-6.27744e+66 -6.27744e+66 -6.27744e+66 -6.27744e+66 -6.27744e+66 -6.27744e+66 -6.27744e+66 -6.27744e+66 -6.27744e+66 -6.27744e+66 -6.27744e+66 -6.27744e+66 -6.27744e+66 53.7598 
-6.27744e+66 -6.27744e+66 -6.27744e+66 -6.27744e+66 -6.27744e+66 -6.27744e+66 -6.27744e+66 -6.27744e+66 -6.27744e+66 -6.27744e+66 -6.27744e+66 -6.27744e+66 -6.27744e+66 -6.27744e+66 
-6.27744e+66 26.6495 49.0751 56.0831 117.053 217.968 298.56 353.222 377.75 405.782 437.318 738.662 754.08 821.357 
-6.27744e+66 -6.27744e+66 26.6495 30.1535 70.7999 146.486 210.96 256.512 277.536 302.064 330.096 601.306 615.322 676.992 
-6.27744e+66 -6.27744e+66 -6.27744e+66 26.6495 46.9727 97.4303 145.786 182.227 199.747 220.771 245.299 486.374 498.989 555.053 
-6.27744e+66 -6.27744e+66 -6.27744e+66 -6.27744e+66 26.6495 51.8783 84.1151 111.446 125.462 142.982 164.006 374.947 386.16 436.618 
-6.27744e+66 -6.27744e+66 -6.27744e+66 -6.27744e+66 -6.27744e+66 26.6495 42.7679 60.9887 71.5007 85.5167 103.037 283.843 293.654 338.506 
-6.27744e+66 -6.27744e+66 -6.27744e+66 -6.27744e+66 -6.27744e+66 -6.27744e+66 26.6495 35.7599 42.7679 53.2799 67.2959 217.968 226.378 265.622 
-6.27744e+66 -6.27744e+66 -6.27744e+66 -6.27744e+66 -6.27744e+66 -6.27744e+66 -6.27744e+66 26.6495 30.1535 37.1615 47.6735 168.211 175.219 208.858 
-6.27744e+66 -6.27744e+66 -6.27744e+66 -6.27744e+66 -6.27744e+66 -6.27744e+66 -6.27744e+66 -6.27744e+66 26.6495 30.1535 37.1615 127.565 133.171 161.203 
-6.27744e+66 -6.27744e+66 -6.27744e+66 -6.27744e+66 -6.27744e+66 -6.27744e+66 -6.27744e+66 -6.27744e+66 -6.27744e+66 26.6495 30.1535 90.4223 94.6271 117.053 
-6.27744e+66 -6.27744e+66 -6.27744e+66 -6.27744e+66 -6.27744e+66 -6.27744e+66 -6.27744e+66 -6.27744e+66 -6.27744e+66 -6.27744e+66 26.6495 56.7839 59.5871 76.4063 
-6.27744e+66 -6.27744e+66 -6.27744e+66 -6.27744e+66 -6.27744e+66 -6.27744e+66 -6.27744e+66 -6.27744e+66 -6.27744e+66 -6.27744e+66 -6.27744e+66 26.6495 28.0511 39.2639 
-6.27744e+66 -6.27744e+66 -6.27744e+66 -6.27744e+66 -6.27744e+66 -6.27744e+66 -6.27744e+66 -6.27744e+66 -6.27744e+66 -6.27744e+66 -6.27744e+66 -6.27744e+66 26.6495 32.2559 
-6.27744e+66 -6.27744e+66 -6.27744e+66 -6.27744e+66 -6.27744e+66 -6.27744e+66 -6.27744e+66 -6.27744e+66 -6.27744e+66 -6.27744e+66 -6.27744e+66 -6.27744e+66 -6.27744e+66 26.6495 
-6.27744e+66 -6.27744e+66 -6.27744e+66 -6.27744e+66 -6.27744e+66 -6.27744e+66 -6.27744e+66 -6.27744e+66 -6.27744e+66 -6.27744e+66 -6.27744e+66 -6.27744e+66 -6.27744e+66 -6.27744e+66 
-6.27744e+66 98.7621 110.873 195.648 272.855 327.353 387.907 415.156 446.947 858.714 1049.46 1261.4 1561.14 1579.31 
-6.27744e+66 -6.27744e+66 98.7621 141.15 192.621 233.495 281.938 304.646 331.895 692.191 861.742 1052.49 1324.98 1341.63 
-6.27744e+66 -6.27744e+66 -6.27744e+66 98.7621 124.498 151.747 188.079 206.245 228.953 537.778 686.135 855.686 1100.93 1116.07 
-6.27744e+66 -6.27744e+66 -6.27744e+66 -6.27744e+66 98.7621 112.387 136.608 150.233 168.399 425.753 552.917 701.274 919.268 932.893 
-6.27744e+66 -6.27744e+66 -6.27744e+66 -6.27744e+66 -6.27744e+66 98.7621 110.873 119.956 133.581 339.464 445.433 572.597 763.342 775.452 
-6.27744e+66 -6.27744e+66 -6.27744e+66 -6.27744e+66 -6.27744e+66 -6.27744e+66 98.7621 103.304 112.387 266.799 351.575 457.544 621.04 631.637 
-6.27744e+66 -6.27744e+66 -6.27744e+66 -6.27744e+66 -6.27744e+66 -6.27744e+66 -6.27744e+66 98.7621 103.304 206.245 269.827 354.603 490.849 499.932 
-6.27744e+66 -6.27744e+66 -6.27744e+66 -6.27744e+66 -6.27744e+66 -6.27744e+66 -6.27744e+66 -6.27744e+66 98.7621 150.233 192.621 256.202 365.199 372.769 
-6.27744e+66 -6.27744e+66 -6.27744e+66 -6.27744e+66 -6.27744e+66 -6.27744e+66 -6.27744e+66 -6.27744e+66 -6.27744e+66 98.7621 119.956 162.344 244.092 250.147 
-6.27744e+66 -6.27744e+66 -6.27744e+66 -6.27744e+66 -6.27744e+66 -6.27744e+66 -6.27744e+66 -6.27744e+66 -6.27744e+66 -6.27744e+66 98.7621 119.956 174.455 178.996 
-6.27744e+66 -6.27744e+66 -6.27744e+66 -6.27744e+66 -6.27744e+66 -6.27744e+66 -6.27744e+66 -6.27744e+66 -6.27744e+66 -6.27744e+66 -6.27744e+66 98.7621 126.011 129.039 
-6.27744e+66 -6.27744e+66 -6.27744e+66 -6.27744e+66 -6.27744e+66 -6.27744e+66 -6.27744e+66 -6.27744e+66 -6.27744e+66 -6.27744e+66 -6.27744e+66 -6.27744e+66 98.7621 100.276 
-6.27744e+66 -6.27744e+66 -6.27744e+66 -6.27744e+66 -6.27744e+66 -6.27744e+66 -6.27744e+66 -6.27744e+66 -6.27744e+66 -6.27744e+66 -6.27744e+66 -6.27744e+66 -6.27744e+66 98.7621 
-6.27744e+66 -6.27744e+66 -6.27744e+66 -6.27744e+66 -6.27744e+66 -6.27744e+66 -6.27744e+66 -6.27744e+66 -6.27744e+66 -6.27744e+66 -6.27744e+66 -6.27744e+66 -6.27744e+66 -6.27744e+66 
