13 10
1000 1000 1000 1000 1000 1000 1000 1000 1000 1000 1000 1000 1000 
item 0
215 85 45 60 15 115 55 70 165 85 55 10 15 
96.0608 96.0608 96.0608 96.0608 96.0608 96.0608 96.0608 96.0608 96.0608 96.0608 96.0608 96.0608 96.0608 
0.425851 0.425851 0.425851 0.425851 0.425851 0.425851 0.425851 0.425851 0.425851 0.425851 0.425851 0.425851 0.425851 
item 1
5 155 225 225 90 55 135 35 35 165 25 45 105 
103.85 103.85 103.85 103.85 103.85 103.85 103.85 103.85 103.85 103.85 103.85 103.85 103.85 
0.319928 0.319928 0.319928 0.319928 0.319928 0.319928 0.319928 0.319928 0.319928 0.319928 0.319928 0.319928 0.319928 
item 2
130 435 490 375 160 255 155 380 415 350 615 35 355 
113.217 113.217 113.217 113.217 113.217 113.217 113.217 113.217 113.217 113.217 113.217 113.217 113.217 
0.131478 0.131478 0.131478 0.131478 0.131478 0.131478 0.131478 0.131478 0.131478 0.131478 0.131478 0.131478 0.131478 
item 3
125 95 105 105 230 175 205 280 400 170 450 315 220 
128.86 128.86 128.86 128.86 128.86 128.86 128.86 128.86 128.86 128.86 128.86 128.86 128.86 
0.211039 0.211039 0.211039 0.211039 0.211039 0.211039 0.211039 0.211039 0.211039 0.211039 0.211039 0.211039 0.211039 
item 4
20 165 60 55 75 195 190 0 125 165 30 70 35 
92.6301 92.6301 92.6301 92.6301 92.6301 92.6301 92.6301 92.6301 92.6301 92.6301 92.6301 92.6301 92.6301 
0.42567 0.42567 0.42567 0.42567 0.42567 0.42567 0.42567 0.42567 0.42567 0.42567 0.42567 0.42567 0.42567 
item 5
155 40 5 15 275 120 250 270 215 115 150 275 215 
106.597 106.597 106.597 106.597 106.597 106.597 106.597 106.597 106.597 106.597 106.597 106.597 106.597 
0.224748 0.224748 0.224748 0.224748 0.224748 0.224748 0.224748 0.224748 0.224748 0.224748 0.224748 0.224748 0.224748 
item 6
55 5 15 110 20 5 75 10 100 5 0 5 10 
57.947 57.947 57.947 57.947 57.947 57.947 57.947 57.947 57.947 57.947 57.947 57.947 57.947 
0.561363 0.561363 0.561363 0.561363 0.561363 0.561363 0.561363 0.561363 0.561363 0.561363 0.561363 0.561363 0.561363 
item 7
90 95 75 10 35 95 100 100 110 30 5 130 125 
80.1918 80.1918 80.1918 80.1918 80.1918 80.1918 80.1918 80.1918 80.1918 80.1918 80.1918 80.1918 80.1918 
0.31805 0.31805 0.31805 0.31805 0.31805 0.31805 0.31805 0.31805 0.31805 0.31805 0.31805 0.31805 0.31805 
item 8
90 395 85 255 0 100 370 340 90 165 395 55 75 
78.618 78.618 78.618 78.618 78.618 78.618 78.618 78.618 78.618 78.618 78.618 78.618 78.618 
0.155439 0.155439 0.155439 0.155439 0.155439 0.155439 0.155439 0.155439 0.155439 0.155439 0.155439 0.155439 0.155439 
item 9
145 65 140 35 165 180 130 100 55 205 40 155 175 
142.028 142.028 142.028 142.028 142.028 142.028 142.028 142.028 142.028 142.028 142.028 142.028 142.028 
0.313364 0.313364 0.313364 0.313364 0.313364 0.313364 0.313364 0.313364 0.313364 0.313364 0.313364 0.313364 0.313364 
