13 10
1000 1000 1000 1000 1000 1000 1000 1000 1000 1000 1000 1000 1000 
item 0
345 485 130 285 370 375 60 5 290 185 15 25 65 
91.1532 91.1532 91.1532 91.1532 91.1532 91.1532 91.1532 91.1532 91.1532 91.1532 91.1532 91.1532 91.1532 
0.126447 0.126447 0.126447 0.126447 0.126447 0.126447 0.126447 0.126447 0.126447 0.126447 0.126447 0.126447 0.126447 
item 1
140 150 135 5 0 90 35 140 25 25 40 140 25 
43.264 43.264 43.264 43.264 43.264 43.264 43.264 43.264 43.264 43.264 43.264 43.264 43.264 
0.278192 0.278192 0.278192 0.278192 0.278192 0.278192 0.278192 0.278192 0.278192 0.278192 0.278192 0.278192 0.278192 
item 2
0 70 25 15 55 125 25 100 55 15 85 40 5 
45.4941 45.4941 45.4941 45.4941 45.4941 45.4941 45.4941 45.4941 45.4941 45.4941 45.4941 45.4941 45.4941 
0.301633 0.301633 0.301633 0.301633 0.301633 0.301633 0.301633 0.301633 0.301633 0.301633 0.301633 0.301633 0.301633 
item 3
0 20 55 110 60 5 115 50 50 15 135 150 20 
42.1724 42.1724 42.1724 42.1724 42.1724 42.1724 42.1724 42.1724 42.1724 42.1724 42.1724 42.1724 42.1724 
0.309158 0.309158 0.309158 0.309158 0.309158 0.309158 0.309158 0.309158 0.309158 0.309158 0.309158 0.309158 0.309158 
item 4
65 25 45 40 20 0 80 10 0 140 15 30 0 
7.80811 7.80811 7.80811 7.80811 7.80811 7.80811 7.80811 7.80811 7.80811 7.80811 7.80811 7.80811 7.80811 
0.400311 0.400311 0.400311 0.400311 0.400311 0.400311 0.400311 0.400311 0.400311 0.400311 0.400311 0.400311 0.400311 
item 5
20 40 80 30 135 25 5 40 25 45 125 75 45 
14.5452 14.5452 14.5452 14.5452 14.5452 14.5452 14.5452 14.5452 14.5452 14.5452 14.5452 14.5452 14.5452 
0.45857 0.45857 0.45857 0.45857 0.45857 0.45857 0.45857 0.45857 0.45857 0.45857 0.45857 0.45857 0.45857 
item 6
95 65 20 70 100 50 65 50 85 35 95 120 10 
74.1573 74.1573 74.1573 74.1573 74.1573 74.1573 74.1573 74.1573 74.1573 74.1573 74.1573 74.1573 74.1573 
0.522612 0.522612 0.522612 0.522612 0.522612 0.522612 0.522612 0.522612 0.522612 0.522612 0.522612 0.522612 0.522612 
item 7
180 380 80 200 110 190 0 130 20 205 40 65 280 
60.3128 60.3128 60.3128 60.3128 60.3128 60.3128 60.3128 60.3128 60.3128 60.3128 60.3128 60.3128 60.3128 
0.222751 0.222751 0.222751 0.222751 0.222751 0.222751 0.222751 0.222751 0.222751 0.222751 0.222751 0.222751 0.222751 
item 8
395 95 160 190 40 365 105 135 115 110 30 85 195 
78.532 78.532 78.532 78.532 78.532 78.532 78.532 78.532 78.532 78.532 78.532 78.532 78.532 
0.204609 0.204609 0.204609 0.204609 0.204609 0.204609 0.204609 0.204609 0.204609 0.204609 0.204609 0.204609 0.204609 
item 9
75 180 80 160 80 275 45 110 250 135 145 125 30 
42.5608 42.5608 42.5608 42.5608 42.5608 42.5608 42.5608 42.5608 42.5608 42.5608 42.5608 42.5608 42.5608 
0.144799 0.144799 0.144799 0.144799 0.144799 0.144799 0.144799 0.144799 0.144799 0.144799 0.144799 0.144799 0.144799 
