13 20
-6.27744e+66 58.145 76.8256 96.7516 104.224 154.039 178.946 216.308 233.743 423.04 490.29 502.744 708.231 977.232 
-6.27744e+66 -6.27744e+66 58.145 68.108 73.0895 110.451 130.377 161.511 176.456 342.09 401.868 413.077 599.883 846.467 
-6.27744e+66 -6.27744e+66 -6.27744e+66 58.145 60.6357 85.5432 100.488 125.395 137.849 279.822 332.127 342.09 510.216 734.384 
-6.27744e+66 -6.27744e+66 -6.27744e+66 -6.27744e+66 58.145 70.5987 80.5617 99.2423 109.205 227.516 272.349 281.067 430.512 632.263 
-6.27744e+66 -6.27744e+66 -6.27744e+66 -6.27744e+66 -6.27744e+66 58.145 63.1265 75.5802 83.0525 177.701 215.062 222.534 353.299 532.633 
-6.27744e+66 -6.27744e+66 -6.27744e+66 -6.27744e+66 -6.27744e+66 -6.27744e+66 58.145 64.3718 69.3533 140.34 170.229 176.456 288.539 445.457 
-6.27744e+66 -6.27744e+66 -6.27744e+66 -6.27744e+66 -6.27744e+66 -6.27744e+66 -6.27744e+66 58.145 60.6357 107.96 130.377 135.358 228.761 363.262 
-6.27744e+66 -6.27744e+66 -6.27744e+66 -6.27744e+66 -6.27744e+66 -6.27744e+66 -6.27744e+66 -6.27744e+66 58.145 81.8071 96.7516 100.488 175.21 287.294 
-6.27744e+66 -6.27744e+66 -6.27744e+66 -6.27744e+66 -6.27744e+66 -6.27744e+66 -6.27744e+66 -6.27744e+66 -6.27744e+66 58.145 65.6172 68.108 124.15 213.817 
-6.27744e+66 -6.27744e+66 -6.27744e+66 -6.27744e+66 -6.27744e+66 -6.27744e+66 -6.27744e+66 -6.27744e+66 -6.27744e+66 -6.27744e+66 58.145 59.3903 96.7516 164.002 
-6.27744e+66 -6.27744e+66 -6.27744e+66 -6.27744e+66 -6.27744e+66 -6.27744e+66 -6.27744e+66 -6.27744e+66 -6.27744e+66 -6.27744e+66 -6.27744e+66 58.145 76.8256 121.659 
-6.27744e+66 -6.27744e+66 -6.27744e+66 -6.27744e+66 -6.27744e+66 -6.27744e+66 -6.27744e+66 -6.27744e+66 -6.27744e+66 -6.27744e+66 -6.27744e+66 -6.27744e+66 58.145 80.5617 
-6.27744e+66 -6.27744e+66 -6.27744e+66 -6.27744e+66 -6.27744e+66 -6.27744e+66 -6.27744e+66 -6.27744e+66 -6.27744e+66 -6.27744e+66 -6.27744e+66 -6.27744e+66 -6.27744e+66 58.145 
-6.27744e+66 -6.27744e+66 -6.27744e+66 -6.27744e+66 -6.27744e+66 -6.27744e+66 -6.27744e+66 -6.27744e+66 -6.27744e+66 -6.27744e+66 -6.27744e+66 -6.27744e+66 -6.27744e+66 -6.27744e+66 
-6.27744e+66 131.276 141.16 190.582 279.542 358.617 408.039 556.305 556.305 813.3 880.02 880.02 988.748 1107.36 
-6.27744e+66 -6.27744e+66 131.276 155.987 215.293 274.6 314.137 437.692 437.692 662.563 721.869 721.869 820.713 929.442 
-6.27744e+66 -6.27744e+66 -6.27744e+66 131.276 160.929 200.467 230.12 328.964 328.964 521.71 573.603 573.603 662.563 761.407 
-6.27744e+66 -6.27744e+66 -6.27744e+66 -6.27744e+66 131.276 151.045 170.813 244.946 244.946 405.568 450.048 450.048 529.123 618.083 
-6.27744e+66 -6.27744e+66 -6.27744e+66 -6.27744e+66 -6.27744e+66 131.276 141.16 190.582 190.582 319.079 356.146 356.146 425.337 504.412 
-6.27744e+66 -6.27744e+66 -6.27744e+66 -6.27744e+66 -6.27744e+66 -6.27744e+66 131.276 155.987 155.987 252.36 282.013 282.013 341.319 410.51 
-6.27744e+66 -6.27744e+66 -6.27744e+66 -6.27744e+66 -6.27744e+66 -6.27744e+66 -6.27744e+66 131.276 131.276 195.524 217.764 217.764 267.186 326.493 
-6.27744e+66 -6.27744e+66 -6.27744e+66 -6.27744e+66 -6.27744e+66 -6.27744e+66 -6.27744e+66 -6.27744e+66 131.276 163.4 178.227 178.227 217.764 267.186 
-6.27744e+66 -6.27744e+66 -6.27744e+66 -6.27744e+66 -6.27744e+66 -6.27744e+66 -6.27744e+66 -6.27744e+66 -6.27744e+66 131.276 138.689 138.689 168.342 207.88 
-6.27744e+66 -6.27744e+66 -6.27744e+66 -6.27744e+66 -6.27744e+66 -6.27744e+66 -6.27744e+66 -6.27744e+66 -6.27744e+66 -6.27744e+66 131.276 131.276 151.045 180.698 
-6.27744e+66 -6.27744e+66 -6.27744e+66 -6.27744e+66 -6.27744e+66 -6.27744e+66 -6.27744e+66 -6.27744e+66 -6.27744e+66 -6.27744e+66 -6.27744e+66 131.276 141.16 160.929 
-6.27744e+66 -6.27744e+66 -6.27744e+66 -6.27744e+66 -6.27744e+66 -6.27744e+66 -6.27744e+66 -6.27744e+66 -6.27744e+66 -6.27744e+66 -6.27744e+66 -6.27744e+66 131.276 141.16 
-6.27744e+66 -6.27744e+66 -6.27744e+66 -6.27744e+66 -6.27744e+66 -6.27744e+66 -6.27744e+66 -6.27744e+66 -6.27744e+66 -6.27744e+66 -6.27744e+66 -6.27744e+66 -6.27744e+66 131.276 
-6.27744e+66 -6.27744e+66 -6.27744e+66 -6.27744e+66 -6.27744e+66 -6.27744e+66 -6.27744e+66 -6.27744e+66 -6.27744e+66 -6.27744e+66 -6.27744e+66 -6.27744e+66 -6.27744e+66 -6.27744e+66 
-6.27744e+66 232.111 240.695 262.768 281.162 398.884 638.007 660.08 754.503 1205.77 1536.86 1904.75 2201.5 2201.5 
-6.27744e+66 -6.27744e+66 232.111 243.148 255.411 343.702 535.001 553.395 634.329 1029.19 1323.49 1654.59 1924.37 1924.37 
-6.27744e+66 -6.27744e+66 -6.27744e+66 232.111 238.243 297.104 440.578 455.293 522.738 861.189 1118.71 1413.01 1655.81 1655.81 
-6.27744e+66 -6.27744e+66 -6.27744e+66 -6.27744e+66 232.111 261.542 357.191 368.228 422.184 704.226 924.955 1182.47 1398.3 1398.3 
-6.27744e+66 -6.27744e+66 -6.27744e+66 -6.27744e+66 -6.27744e+66 232.111 279.936 287.294 327.761 553.395 737.335 958.064 1146.91 1146.91 
-6.27744e+66 -6.27744e+66 -6.27744e+66 -6.27744e+66 -6.27744e+66 -6.27744e+66 232.111 235.79 262.768 431.994 579.146 763.087 924.955 924.955 
-6.27744e+66 -6.27744e+66 -6.27744e+66 -6.27744e+66 -6.27744e+66 -6.27744e+66 -6.27744e+66 232.111 245.6 358.417 468.782 615.934 750.824 750.824 
-6.27744e+66 -6.27744e+66 -6.27744e+66 -6.27744e+66 -6.27744e+66 -6.27744e+66 -6.27744e+66 -6.27744e+66 232.111 288.52 362.096 472.461 580.373 580.373 
-6.27744e+66 -6.27744e+66 -6.27744e+66 -6.27744e+66 -6.27744e+66 -6.27744e+66 -6.27744e+66 -6.27744e+66 -6.27744e+66 232.111 268.9 342.476 423.41 423.41 
-6.27744e+66 -6.27744e+66 -6.27744e+66 -6.27744e+66 -6.27744e+66 -6.27744e+66 -6.27744e+66 -6.27744e+66 -6.27744e+66 -6.27744e+66 232.111 268.9 322.856 322.856 
-6.27744e+66 -6.27744e+66 -6.27744e+66 -6.27744e+66 -6.27744e+66 -6.27744e+66 -6.27744e+66 -6.27744e+66 -6.27744e+66 -6.27744e+66 -6.27744e+66 232.111 259.089 259.089 
-6.27744e+66 -6.27744e+66 -6.27744e+66 -6.27744e+66 -6.27744e+66 -6.27744e+66 -6.27744e+66 -6.27744e+66 -6.27744e+66 -6.27744e+66 -6.27744e+66 -6.27744e+66 232.111 232.111 
-6.27744e+66 -6.27744e+66 -6.27744e+66 -6.27744e+66 -6.27744e+66 -6.27744e+66 -6.27744e+66 -6.27744e+66 -6.27744e+66 -6.27744e+66 -6.27744e+66 -6.27744e+66 -6.27744e+66 232.111 
-6.27744e+66 -6.27744e+66 -6.27744e+66 -6.27744e+66 -6.27744e+66 -6.27744e+66 -6.27744e+66 -6.27744e+66 -6.27744e+66 -6.27744e+66 -6.27744e+66 -6.27744e+66 -6.27744e+66 -6.27744e+66 
-6.27744e+66 3.63657 4.511 23.7485 26.3718 29.8695 47.3582 78.8377 103.322 166.281 205.63 240.608 269.464 290.45 
-6.27744e+66 -6.27744e+66 3.63657 13.2553 15.0042 17.6275 31.6184 57.8513 78.8377 133.927 168.904 200.384 226.617 245.854 
-6.27744e+66 -6.27744e+66 -6.27744e+66 3.63657 4.511 6.25987 16.753 37.7394 55.228 102.447 133.052 161.034 184.644 202.133 
-6.27744e+66 -6.27744e+66 -6.27744e+66 -6.27744e+66 3.63657 4.511 11.5065 27.2462 41.2371 80.5866 106.82 131.304 152.29 168.03 
-6.27744e+66 -6.27744e+66 -6.27744e+66 -6.27744e+66 -6.27744e+66 3.63657 7.1343 17.6275 28.1207 59.6002 81.461 102.447 120.81 134.801 
-6.27744e+66 -6.27744e+66 -6.27744e+66 -6.27744e+66 -6.27744e+66 -6.27744e+66 3.63657 8.88316 15.8786 39.4883 56.9769 74.4655 90.2053 102.447 
-6.27744e+66 -6.27744e+66 -6.27744e+66 -6.27744e+66 -6.27744e+66 -6.27744e+66 -6.27744e+66 3.63657 7.1343 22.8741 35.9905 49.9814 63.0979 73.5911 
-6.27744e+66 -6.27744e+66 -6.27744e+66 -6.27744e+66 -6.27744e+66 -6.27744e+66 -6.27744e+66 -6.27744e+66 3.63657 11.5065 20.2508 30.744 41.2371 49.9814 
-6.27744e+66 -6.27744e+66 -6.27744e+66 -6.27744e+66 -6.27744e+66 -6.27744e+66 -6.27744e+66 -6.27744e+66 -6.27744e+66 3.63657 8.00873 15.0042 22.8741 29.8695 
-6.27744e+66 -6.27744e+66 -6.27744e+66 -6.27744e+66 -6.27744e+66 -6.27744e+66 -6.27744e+66 -6.27744e+66 -6.27744e+66 -6.27744e+66 3.63657 7.1343 12.3809 17.6275 
-6.27744e+66 -6.27744e+66 -6.27744e+66 -6.27744e+66 -6.27744e+66 -6.27744e+66 -6.27744e+66 -6.27744e+66 -6.27744e+66 -6.27744e+66 -6.27744e+66 3.63657 6.25987 9.75759 
-6.27744e+66 -6.27744e+66 -6.27744e+66 -6.27744e+66 -6.27744e+66 -6.27744e+66 -6.27744e+66 -6.27744e+66 -6.27744e+66 -6.27744e+66 -6.27744e+66 -6.27744e+66 3.63657 5.38544 
-6.27744e+66 -6.27744e+66 -6.27744e+66 -6.27744e+66 -6.27744e+66 -6.27744e+66 -6.27744e+66 -6.27744e+66 -6.27744e+66 -6.27744e+66 -6.27744e+66 -6.27744e+66 -6.27744e+66 3.63657 
-6.27744e+66 -6.27744e+66 -6.27744e+66 -6.27744e+66 -6.27744e+66 -6.27744e+66 -6.27744e+66 -6.27744e+66 -6.27744e+66 -6.27744e+66 -6.27744e+66 -6.27744e+66 -6.27744e+66 -6.27744e+66 
-6.27744e+66 69.225 84.9741 134.471 147.97 165.969 165.969 179.468 289.712 343.709 505.699 618.192 741.935 1065.92 
-6.27744e+66 -6.27744e+66 69.225 93.9736 102.973 116.472 116.472 127.722 222.216 269.463 413.455 514.699 627.192 924.174 
-6.27744e+66 -6.27744e+66 -6.27744e+66 69.225 73.7248 82.7242 82.7242 91.7237 170.469 210.967 336.959 426.954 528.198 798.182 
-6.27744e+66 -6.27744e+66 -6.27744e+66 -6.27744e+66 69.225 73.7248 73.7248 80.4744 143.471 177.219 285.212 363.958 453.952 696.938 
-6.27744e+66 -6.27744e+66 -6.27744e+66 -6.27744e+66 -6.27744e+66 69.225 69.225 73.7248 120.972 147.97 237.965 305.461 384.206 600.193 
-6.27744e+66 -6.27744e+66 -6.27744e+66 -6.27744e+66 -6.27744e+66 -6.27744e+66 69.225 71.4749 102.973 123.222 195.218 251.464 318.96 507.949 
-6.27744e+66 -6.27744e+66 -6.27744e+66 -6.27744e+66 -6.27744e+66 -6.27744e+66 -6.27744e+66 69.225 84.9741 98.4733 152.47 197.467 253.714 415.704 
-6.27744e+66 -6.27744e+66 -6.27744e+66 -6.27744e+66 -6.27744e+66 -6.27744e+66 -6.27744e+66 -6.27744e+66 69.225 75.9746 111.972 145.72 190.718 325.71 
-6.27744e+66 -6.27744e+66 -6.27744e+66 -6.27744e+66 -6.27744e+66 -6.27744e+66 -6.27744e+66 -6.27744e+66 -6.27744e+66 69.225 87.224 109.723 143.471 251.464 
-6.27744e+66 -6.27744e+66 -6.27744e+66 -6.27744e+66 -6.27744e+66 -6.27744e+66 -6.27744e+66 -6.27744e+66 -6.27744e+66 -6.27744e+66 69.225 80.4744 102.973 183.968 
-6.27744e+66 -6.27744e+66 -6.27744e+66 -6.27744e+66 -6.27744e+66 -6.27744e+66 -6.27744e+66 -6.27744e+66 -6.27744e+66 -6.27744e+66 -6.27744e+66 69.225 80.4744 134.471 
-6.27744e+66 -6.27744e+66 -6.27744e+66 -6.27744e+66 -6.27744e+66 -6.27744e+66 -6.27744e+66 -6.27744e+66 -6.27744e+66 -6.27744e+66 -6.27744e+66 -6.27744e+66 69.225 96.2234 
-6.27744e+66 -6.27744e+66 -6.27744e+66 -6.27744e+66 -6.27744e+66 -6.27744e+66 -6.27744e+66 -6.27744e+66 -6.27744e+66 -6.27744e+66 -6.27744e+66 -6.27744e+66 -6.27744e+66 69.225 
-6.27744e+66 -6.27744e+66 -6.27744e+66 -6.27744e+66 -6.27744e+66 -6.27744e+66 -6.27744e+66 -6.27744e+66 -6.27744e+66 -6.27744e+66 -6.27744e+66 -6.27744e+66 -6.27744e+66 -6.27744e+66 
-6.27744e+66 81.9546 83.8744 95.393 158.745 181.783 181.783 343.044 369.92 569.577 638.688 811.468 1001.53 1116.71 
-6.27744e+66 -6.27744e+66 81.9546 87.7139 129.949 147.227 147.227 281.611 304.648 479.347 540.78 696.281 869.061 974.648 
-6.27744e+66 -6.27744e+66 -6.27744e+66 81.9546 103.072 114.591 114.591 222.098 241.296 391.038 444.791 583.015 738.516 834.505 
-6.27744e+66 -6.27744e+66 -6.27744e+66 -6.27744e+66 81.9546 87.7139 87.7139 168.344 183.703 308.488 354.562 475.508 613.731 700.121 
-6.27744e+66 -6.27744e+66 -6.27744e+66 -6.27744e+66 -6.27744e+66 81.9546 81.9546 135.708 147.227 247.055 285.45 389.118 510.064 586.855 
-6.27744e+66 -6.27744e+66 -6.27744e+66 -6.27744e+66 -6.27744e+66 -6.27744e+66 81.9546 108.831 116.511 191.382 222.098 308.488 412.155 479.347 
-6.27744e+66 -6.27744e+66 -6.27744e+66 -6.27744e+66 -6.27744e+66 -6.27744e+66 -6.27744e+66 81.9546 85.7942 135.708 158.745 227.857 314.247 371.84 
-6.27744e+66 -6.27744e+66 -6.27744e+66 -6.27744e+66 -6.27744e+66 -6.27744e+66 -6.27744e+66 -6.27744e+66 81.9546 106.912 122.27 174.104 243.215 291.21 
-6.27744e+66 -6.27744e+66 -6.27744e+66 -6.27744e+66 -6.27744e+66 -6.27744e+66 -6.27744e+66 -6.27744e+66 -6.27744e+66 81.9546 89.6337 124.19 176.023 214.419 
-6.27744e+66 -6.27744e+66 -6.27744e+66 -6.27744e+66 -6.27744e+66 -6.27744e+66 -6.27744e+66 -6.27744e+66 -6.27744e+66 -6.27744e+66 81.9546 99.2326 133.788 162.585 
-6.27744e+66 -6.27744e+66 -6.27744e+66 -6.27744e+66 -6.27744e+66 -6.27744e+66 -6.27744e+66 -6.27744e+66 -6.27744e+66 -6.27744e+66 -6.27744e+66 81.9546 99.2326 118.43 
-6.27744e+66 -6.27744e+66 -6.27744e+66 -6.27744e+66 -6.27744e+66 -6.27744e+66 -6.27744e+66 -6.27744e+66 -6.27744e+66 -6.27744e+66 -6.27744e+66 -6.27744e+66 81.9546 91.5535 
-6.27744e+66 -6.27744e+66 -6.27744e+66 -6.27744e+66 -6.27744e+66 -6.27744e+66 -6.27744e+66 -6.27744e+66 -6.27744e+66 -6.27744e+66 -6.27744e+66 -6.27744e+66 -6.27744e+66 81.9546 
-6.27744e+66 -6.27744e+66 -6.27744e+66 -6.27744e+66 -6.27744e+66 -6.27744e+66 -6.27744e+66 -6.27744e+66 -6.27744e+66 -6.27744e+66 -6.27744e+66 -6.27744e+66 -6.27744e+66 -6.27744e+66 
-6.27744e+66 21.6756 26.5928 51.1791 54.8671 64.7016 64.7016 108.957 160.588 190.092 256.475 256.475 256.475 300.73 
-6.27744e+66 -6.27744e+66 21.6756 33.9687 36.4273 43.8032 43.8032 80.6827 124.938 150.754 209.761 209.761 209.761 250.328 
-6.27744e+66 -6.27744e+66 -6.27744e+66 21.6756 22.9049 27.8221 27.8221 57.3257 94.2051 116.333 167.964 167.964 167.964 204.843 
-6.27744e+66 -6.27744e+66 -6.27744e+66 -6.27744e+66 21.6756 24.1342 24.1342 46.2619 75.7654 94.2051 138.46 138.46 138.46 171.652 
-6.27744e+66 -6.27744e+66 -6.27744e+66 -6.27744e+66 -6.27744e+66 21.6756 21.6756 36.4273 58.555 73.3068 110.186 110.186 110.186 139.69 
-6.27744e+66 -6.27744e+66 -6.27744e+66 -6.27744e+66 -6.27744e+66 -6.27744e+66 21.6756 29.0515 43.8032 54.8671 84.3706 84.3706 84.3706 110.186 
-6.27744e+66 -6.27744e+66 -6.27744e+66 -6.27744e+66 -6.27744e+66 -6.27744e+66 -6.27744e+66 21.6756 29.0515 36.4273 58.555 58.555 58.555 80.6827 
-6.27744e+66 -6.27744e+66 -6.27744e+66 -6.27744e+66 -6.27744e+66 -6.27744e+66 -6.27744e+66 -6.27744e+66 21.6756 25.3635 40.1153 40.1153 40.1153 58.555 
-6.27744e+66 -6.27744e+66 -6.27744e+66 -6.27744e+66 -6.27744e+66 -6.27744e+66 -6.27744e+66 -6.27744e+66 -6.27744e+66 21.6756 29.0515 29.0515 29.0515 43.8032 
-6.27744e+66 -6.27744e+66 -6.27744e+66 -6.27744e+66 -6.27744e+66 -6.27744e+66 -6.27744e+66 -6.27744e+66 -6.27744e+66 -6.27744e+66 21.6756 21.6756 21.6756 32.7394 
-6.27744e+66 -6.27744e+66 -6.27744e+66 -6.27744e+66 -6.27744e+66 -6.27744e+66 -6.27744e+66 -6.27744e+66 -6.27744e+66 -6.27744e+66 -6.27744e+66 21.6756 21.6756 29.0515 
-6.27744e+66 -6.27744e+66 -6.27744e+66 -6.27744e+66 -6.27744e+66 -6.27744e+66 -6.27744e+66 -6.27744e+66 -6.27744e+66 -6.27744e+66 -6.27744e+66 -6.27744e+66 21.6756 25.3635 
-6.27744e+66 -6.27744e+66 -6.27744e+66 -6.27744e+66 -6.27744e+66 -6.27744e+66 -6.27744e+66 -6.27744e+66 -6.27744e+66 -6.27744e+66 -6.27744e+66 -6.27744e+66 -6.27744e+66 21.6756 
-6.27744e+66 -6.27744e+66 -6.27744e+66 -6.27744e+66 -6.27744e+66 -6.27744e+66 -6.27744e+66 -6.27744e+66 -6.27744e+66 -6.27744e+66 -6.27744e+66 -6.27744e+66 -6.27744e+66 -6.27744e+66 
-6.27744e+66 101.466 120.444 145.748 169.471 182.123 213.754 356.091 422.516 574.342 645.511 866.925 1040.89 1458.42 
-6.27744e+66 -6.27744e+66 101.466 114.118 129.933 139.422 164.727 283.341 340.276 473.124 536.386 735.658 893.811 1276.54 
-6.27744e+66 -6.27744e+66 -6.27744e+66 101.466 109.373 115.699 134.678 229.569 277.015 390.885 446.239 623.37 765.707 1113.64 
-6.27744e+66 -6.27744e+66 -6.27744e+66 -6.27744e+66 101.466 104.629 117.281 188.45 226.406 321.298 368.744 523.733 650.256 963.398 
-6.27744e+66 -6.27744e+66 -6.27744e+66 -6.27744e+66 -6.27744e+66 101.466 107.792 155.238 183.705 259.618 299.156 432.005 542.712 821.06 
-6.27744e+66 -6.27744e+66 -6.27744e+66 -6.27744e+66 -6.27744e+66 -6.27744e+66 101.466 125.188 144.167 201.102 232.732 343.439 438.331 681.886 
-6.27744e+66 -6.27744e+66 -6.27744e+66 -6.27744e+66 -6.27744e+66 -6.27744e+66 -6.27744e+66 101.466 110.955 148.911 172.634 261.2 340.276 549.038 
-6.27744e+66 -6.27744e+66 -6.27744e+66 -6.27744e+66 -6.27744e+66 -6.27744e+66 -6.27744e+66 -6.27744e+66 101.466 120.444 136.259 202.683 265.944 439.912 
-6.27744e+66 -6.27744e+66 -6.27744e+66 -6.27744e+66 -6.27744e+66 -6.27744e+66 -6.27744e+66 -6.27744e+66 -6.27744e+66 101.466 109.373 153.656 201.102 340.276 
-6.27744e+66 -6.27744e+66 -6.27744e+66 -6.27744e+66 -6.27744e+66 -6.27744e+66 -6.27744e+66 -6.27744e+66 -6.27744e+66 -6.27744e+66 101.466 123.607 155.238 259.618 
-6.27744e+66 -6.27744e+66 -6.27744e+66 -6.27744e+66 -6.27744e+66 -6.27744e+66 -6.27744e+66 -6.27744e+66 -6.27744e+66 -6.27744e+66 -6.27744e+66 101.466 117.281 186.868 
-6.27744e+66 -6.27744e+66 -6.27744e+66 -6.27744e+66 -6.27744e+66 -6.27744e+66 -6.27744e+66 -6.27744e+66 -6.27744e+66 -6.27744e+66 -6.27744e+66 -6.27744e+66 101.466 136.259 
-6.27744e+66 -6.27744e+66 -6.27744e+66 -6.27744e+66 -6.27744e+66 -6.27744e+66 -6.27744e+66 -6.27744e+66 -6.27744e+66 -6.27744e+66 -6.27744e+66 -6.27744e+66 -6.27744e+66 101.466 
-6.27744e+66 -6.27744e+66 -6.27744e+66 -6.27744e+66 -6.27744e+66 -6.27744e+66 -6.27744e+66 -6.27744e+66 -6.27744e+66 -6.27744e+66 -6.27744e+66 -6.27744e+66 -6.27744e+66 -6.27744e+66 
-6.27744e+66 258.755 298.175 399.729 455.852 674.996 808.621 888.796 1047.81 1117.29 1165.4 1780.07 1912.36 2649.97 
-6.27744e+66 -6.27744e+66 258.755 309.533 346.948 511.306 618.206 685.018 821.315 882.115 924.874 1478.08 1598.34 2274.48 
-6.27744e+66 -6.27744e+66 -6.27744e+66 258.755 277.463 387.035 467.21 520.66 634.241 686.354 723.769 1215.51 1323.74 1938.42 
-6.27744e+66 -6.27744e+66 -6.27744e+66 -6.27744e+66 258.755 313.541 366.991 407.079 497.944 541.372 573.441 1003.71 1099.92 1653.13 
-6.27744e+66 -6.27744e+66 -6.27744e+66 -6.27744e+66 -6.27744e+66 258.755 285.48 312.205 380.354 415.096 441.821 810.625 894.809 1386.55 
-6.27744e+66 -6.27744e+66 -6.27744e+66 -6.27744e+66 -6.27744e+66 -6.27744e+66 258.755 272.118 317.55 343.607 364.987 672.324 744.481 1174.75 
-6.27744e+66 -6.27744e+66 -6.27744e+66 -6.27744e+66 -6.27744e+66 -6.27744e+66 -6.27744e+66 258.755 281.472 298.843 314.878 560.747 620.878 989.682 
-6.27744e+66 -6.27744e+66 -6.27744e+66 -6.27744e+66 -6.27744e+66 -6.27744e+66 -6.27744e+66 -6.27744e+66 258.755 267.441 278.131 462.533 510.638 817.975 
-6.27744e+66 -6.27744e+66 -6.27744e+66 -6.27744e+66 -6.27744e+66 -6.27744e+66 -6.27744e+66 -6.27744e+66 -6.27744e+66 258.755 264.1 387.035 423.114 668.983 
-6.27744e+66 -6.27744e+66 -6.27744e+66 -6.27744e+66 -6.27744e+66 -6.27744e+66 -6.27744e+66 -6.27744e+66 -6.27744e+66 -6.27744e+66 258.755 320.223 344.275 528.677 
-6.27744e+66 -6.27744e+66 -6.27744e+66 -6.27744e+66 -6.27744e+66 -6.27744e+66 -6.27744e+66 -6.27744e+66 -6.27744e+66 -6.27744e+66 -6.27744e+66 258.755 270.782 393.716 
-6.27744e+66 -6.27744e+66 -6.27744e+66 -6.27744e+66 -6.27744e+66 -6.27744e+66 -6.27744e+66 -6.27744e+66 -6.27744e+66 -6.27744e+66 -6.27744e+66 -6.27744e+66 258.755 320.223 
-6.27744e+66 -6.27744e+66 -6.27744e+66 -6.27744e+66 -6.27744e+66 -6.27744e+66 -6.27744e+66 -6.27744e+66 -6.27744e+66 -6.27744e+66 -6.27744e+66 -6.27744e+66 -6.27744e+66 258.755 
-6.27744e+66 -6.27744e+66 -6.27744e+66 -6.27744e+66 -6.27744e+66 -6.27744e+66 -6.27744e+66 -6.27744e+66 -6.27744e+66 -6.27744e+66 -6.27744e+66 -6.27744e+66 -6.27744e+66 -6.27744e+66 
-6.27744e+66 132.266 140.36 145.756 170.04 202.418 229.4 375.102 450.651 536.993 536.993 671.902 1028.06 1416.6 
-6.27744e+66 -6.27744e+66 132.266 134.964 151.153 175.436 197.022 318.44 383.197 458.746 458.746 580.164 903.946 1260.11 
-6.27744e+66 -6.27744e+66 -6.27744e+66 132.266 140.36 156.549 172.738 269.873 323.837 388.593 388.593 496.52 787.924 1111.71 
-6.27744e+66 -6.27744e+66 -6.27744e+66 -6.27744e+66 132.266 140.36 151.153 224.004 267.175 321.138 321.138 415.575 674.601 966.004 
-6.27744e+66 -6.27744e+66 -6.27744e+66 -6.27744e+66 -6.27744e+66 132.266 137.662 186.229 218.607 261.778 261.778 342.724 569.371 828.397 
-6.27744e+66 -6.27744e+66 -6.27744e+66 -6.27744e+66 -6.27744e+66 -6.27744e+66 132.266 156.549 178.135 210.513 210.513 277.967 472.237 698.884 
-6.27744e+66 -6.27744e+66 -6.27744e+66 -6.27744e+66 -6.27744e+66 -6.27744e+66 -6.27744e+66 132.266 143.058 164.644 164.644 218.607 380.498 574.768 
-6.27744e+66 -6.27744e+66 -6.27744e+66 -6.27744e+66 -6.27744e+66 -6.27744e+66 -6.27744e+66 -6.27744e+66 132.266 143.058 143.058 183.531 313.044 474.935 
-6.27744e+66 -6.27744e+66 -6.27744e+66 -6.27744e+66 -6.27744e+66 -6.27744e+66 -6.27744e+66 -6.27744e+66 -6.27744e+66 132.266 132.266 159.247 256.382 385.895 
-6.27744e+66 -6.27744e+66 -6.27744e+66 -6.27744e+66 -6.27744e+66 -6.27744e+66 -6.27744e+66 -6.27744e+66 -6.27744e+66 -6.27744e+66 132.266 145.756 210.513 307.647 
-6.27744e+66 -6.27744e+66 -6.27744e+66 -6.27744e+66 -6.27744e+66 -6.27744e+66 -6.27744e+66 -6.27744e+66 -6.27744e+66 -6.27744e+66 -6.27744e+66 132.266 164.644 229.4 
-6.27744e+66 -6.27744e+66 -6.27744e+66 -6.27744e+66 -6.27744e+66 -6.27744e+66 -6.27744e+66 -6.27744e+66 -6.27744e+66 -6.27744e+66 -6.27744e+66 -6.27744e+66 132.266 164.644 
-6.27744e+66 -6.27744e+66 -6.27744e+66 -6.27744e+66 -6.27744e+66 -6.27744e+66 -6.27744e+66 -6.27744e+66 -6.27744e+66 -6.27744e+66 -6.27744e+66 -6.27744e+66 -6.27744e+66 132.266 
-6.27744e+66 -6.27744e+66 -6.27744e+66 -6.27744e+66 -6.27744e+66 -6.27744e+66 -6.27744e+66 -6.27744e+66 -6.27744e+66 -6.27744e+66 -6.27744e+66 -6.27744e+66 -6.27744e+66 -6.27744e+66 
-6.27744e+66 9.45041 9.45041 26.4405 51.9255 85.9056 85.9056 149.618 194.217 228.197 228.197 249.435 296.157 500.038 
-6.27744e+66 -6.27744e+66 9.45041 17.9454 34.9355 60.4206 60.4206 113.514 151.742 181.475 181.475 200.588 243.064 429.954 
-6.27744e+66 -6.27744e+66 -6.27744e+66 9.45041 17.9454 34.9355 34.9355 77.4106 109.267 134.752 134.752 151.742 189.97 359.87 
-6.27744e+66 -6.27744e+66 -6.27744e+66 -6.27744e+66 9.45041 17.9454 17.9454 49.8018 75.2868 96.5244 96.5244 111.391 145.371 298.281 
-6.27744e+66 -6.27744e+66 -6.27744e+66 -6.27744e+66 -6.27744e+66 9.45041 9.45041 30.688 49.8018 66.7918 66.7918 79.5344 109.267 245.187 
-6.27744e+66 -6.27744e+66 -6.27744e+66 -6.27744e+66 -6.27744e+66 -6.27744e+66 9.45041 20.0692 32.8117 45.5543 45.5543 56.173 81.6581 200.588 
-6.27744e+66 -6.27744e+66 -6.27744e+66 -6.27744e+66 -6.27744e+66 -6.27744e+66 -6.27744e+66 9.45041 15.8217 24.3167 24.3167 32.8117 54.0493 155.99 
-6.27744e+66 -6.27744e+66 -6.27744e+66 -6.27744e+66 -6.27744e+66 -6.27744e+66 -6.27744e+66 -6.27744e+66 9.45041 13.6979 13.6979 20.0692 37.0592 122.009 
-6.27744e+66 -6.27744e+66 -6.27744e+66 -6.27744e+66 -6.27744e+66 -6.27744e+66 -6.27744e+66 -6.27744e+66 -6.27744e+66 9.45041 9.45041 13.6979 26.4405 94.4006 
-6.27744e+66 -6.27744e+66 -6.27744e+66 -6.27744e+66 -6.27744e+66 -6.27744e+66 -6.27744e+66 -6.27744e+66 -6.27744e+66 -6.27744e+66 9.45041 11.5742 20.0692 71.0393 
-6.27744e+66 -6.27744e+66 -6.27744e+66 -6.27744e+66 -6.27744e+66 -6.27744e+66 -6.27744e+66 -6.27744e+66 -6.27744e+66 -6.27744e+66 -6.27744e+66 9.45041 13.6979 47.678 
-6.27744e+66 -6.27744e+66 -6.27744e+66 -6.27744e+66 -6.27744e+66 -6.27744e+66 -6.27744e+66 -6.27744e+66 -6.27744e+66 -6.27744e+66 -6.27744e+66 -6.27744e+66 9.45041 26.4405 
-6.27744e+66 -6.27744e+66 -6.27744e+66 -6.27744e+66 -6.27744e+66 -6.27744e+66 -6.27744e+66 -6.27744e+66 -6.27744e+66 -6.27744e+66 -6.27744e+66 -6.27744e+66 -6.27744e+66 9.45041 
-6.27744e+66 -6.27744e+66 -6.27744e+66 -6.27744e+66 -6.27744e+66 -6.27744e+66 -6.27744e+66 -6.27744e+66 -6.27744e+66 -6.27744e+66 -6.27744e+66 -6.27744e+66 -6.27744e+66 -6.27744e+66 
-6.27744e+66 126.234 151.637 207.791 316.087 412.351 432.406 576.801 586.16 661.032 661.032 968.541 1145.02 1514.03 
-6.27744e+66 -6.27744e+66 126.234 154.311 226.508 298.706 314.75 435.08 443.102 508.614 508.614 785.372 945.812 1284.07 
-6.27744e+66 -6.27744e+66 -6.27744e+66 126.234 162.333 210.465 222.497 318.761 325.446 381.6 381.6 627.607 772.002 1079.51 
-6.27744e+66 -6.27744e+66 -6.27744e+66 -6.27744e+66 126.234 150.3 158.322 230.519 235.867 282.662 282.662 497.918 626.27 903.028 
-6.27744e+66 -6.27744e+66 -6.27744e+66 -6.27744e+66 -6.27744e+66 126.234 130.245 178.377 182.388 219.823 219.823 404.329 516.636 762.643 
-6.27744e+66 -6.27744e+66 -6.27744e+66 -6.27744e+66 -6.27744e+66 -6.27744e+66 126.234 150.3 152.974 181.051 181.051 334.805 431.069 646.325 
-6.27744e+66 -6.27744e+66 -6.27744e+66 -6.27744e+66 -6.27744e+66 -6.27744e+66 -6.27744e+66 126.234 127.571 146.289 146.289 269.292 349.512 534.017 
-6.27744e+66 -6.27744e+66 -6.27744e+66 -6.27744e+66 -6.27744e+66 -6.27744e+66 -6.27744e+66 -6.27744e+66 126.234 135.593 135.593 227.845 292.021 445.776 
-6.27744e+66 -6.27744e+66 -6.27744e+66 -6.27744e+66 -6.27744e+66 -6.27744e+66 -6.27744e+66 -6.27744e+66 -6.27744e+66 126.234 126.234 187.736 235.867 358.871 
-6.27744e+66 -6.27744e+66 -6.27744e+66 -6.27744e+66 -6.27744e+66 -6.27744e+66 -6.27744e+66 -6.27744e+66 -6.27744e+66 -6.27744e+66 126.234 156.985 189.073 281.325 
-6.27744e+66 -6.27744e+66 -6.27744e+66 -6.27744e+66 -6.27744e+66 -6.27744e+66 -6.27744e+66 -6.27744e+66 -6.27744e+66 -6.27744e+66 -6.27744e+66 126.234 142.278 203.78 
-6.27744e+66 -6.27744e+66 -6.27744e+66 -6.27744e+66 -6.27744e+66 -6.27744e+66 -6.27744e+66 -6.27744e+66 -6.27744e+66 -6.27744e+66 -6.27744e+66 -6.27744e+66 126.234 156.985 
-6.27744e+66 -6.27744e+66 -6.27744e+66 -6.27744e+66 -6.27744e+66 -6.27744e+66 -6.27744e+66 -6.27744e+66 -6.27744e+66 -6.27744e+66 -6.27744e+66 -6.27744e+66 -6.27744e+66 126.234 
-6.27744e+66 -6.27744e+66 -6.27744e+66 -6.27744e+66 -6.27744e+66 -6.27744e+66 -6.27744e+66 -6.27744e+66 -6.27744e+66 -6.27744e+66 -6.27744e+66 -6.27744e+66 -6.27744e+66 -6.27744e+66 
-6.27744e+66 29.6573 37.1572 65.0138 93.9418 111.084 191.44 249.296 339.294 390.722 438.935 481.791 493.577 635.003 
-6.27744e+66 -6.27744e+66 29.6573 43.5856 62.871 75.7279 140.012 188.226 265.367 310.366 353.222 391.793 402.507 532.148 
-6.27744e+66 -6.27744e+66 -6.27744e+66 29.6573 39.3 47.8713 96.0846 134.655 198.94 237.51 275.01 309.295 318.937 436.792 
-6.27744e+66 -6.27744e+66 -6.27744e+66 -6.27744e+66 29.6573 33.943 66.0852 95.0132 146.441 178.583 210.725 240.725 249.296 355.365 
-6.27744e+66 -6.27744e+66 -6.27744e+66 -6.27744e+66 -6.27744e+66 29.6573 45.7285 65.0138 103.584 129.298 156.083 181.797 189.297 283.581 
-6.27744e+66 -6.27744e+66 -6.27744e+66 -6.27744e+66 -6.27744e+66 -6.27744e+66 29.6573 39.3 65.0138 84.2991 105.727 127.155 133.584 216.082 
-6.27744e+66 -6.27744e+66 -6.27744e+66 -6.27744e+66 -6.27744e+66 -6.27744e+66 -6.27744e+66 29.6573 42.5142 55.3711 71.4422 88.5848 93.9418 164.655 
-6.27744e+66 -6.27744e+66 -6.27744e+66 -6.27744e+66 -6.27744e+66 -6.27744e+66 -6.27744e+66 -6.27744e+66 29.6573 36.0858 46.7999 59.6568 63.9424 122.87 
-6.27744e+66 -6.27744e+66 -6.27744e+66 -6.27744e+66 -6.27744e+66 -6.27744e+66 -6.27744e+66 -6.27744e+66 -6.27744e+66 29.6573 35.0144 43.5856 46.7999 93.9418 
-6.27744e+66 -6.27744e+66 -6.27744e+66 -6.27744e+66 -6.27744e+66 -6.27744e+66 -6.27744e+66 -6.27744e+66 -6.27744e+66 -6.27744e+66 29.6573 33.943 36.0858 71.4422 
-6.27744e+66 -6.27744e+66 -6.27744e+66 -6.27744e+66 -6.27744e+66 -6.27744e+66 -6.27744e+66 -6.27744e+66 -6.27744e+66 -6.27744e+66 -6.27744e+66 29.6573 30.7288 54.2997 
-6.27744e+66 -6.27744e+66 -6.27744e+66 -6.27744e+66 -6.27744e+66 -6.27744e+66 -6.27744e+66 -6.27744e+66 -6.27744e+66 -6.27744e+66 -6.27744e+66 -6.27744e+66 29.6573 41.4428 
-6.27744e+66 -6.27744e+66 -6.27744e+66 -6.27744e+66 -6.27744e+66 -6.27744e+66 -6.27744e+66 -6.27744e+66 -6.27744e+66 -6.27744e+66 -6.27744e+66 -6.27744e+66 -6.27744e+66 29.6573 
-6.27744e+66 -6.27744e+66 -6.27744e+66 -6.27744e+66 -6.27744e+66 -6.27744e+66 -6.27744e+66 -6.27744e+66 -6.27744e+66 -6.27744e+66 -6.27744e+66 -6.27744e+66 -6.27744e+66 -6.27744e+66 
-6.27744e+66 233.476 280.214 386.436 520.276 613.752 741.218 753.965 947.289 1270.2 1461.4 2013.76 2247.45 2349.42 
-6.27744e+66 -6.27744e+66 233.476 286.587 375.814 445.921 547.894 558.516 724.223 1006.77 1176.73 1673.85 1886.29 1979.77 
-6.27744e+66 -6.27744e+66 -6.27744e+66 233.476 278.089 324.827 401.307 409.805 547.894 790.081 938.792 1380.68 1571.88 1656.85 
-6.27744e+66 -6.27744e+66 -6.27744e+66 -6.27744e+66 233.476 256.845 307.832 314.205 424.676 626.498 753.965 1140.61 1310.57 1387.05 
-6.27744e+66 -6.27744e+66 -6.27744e+66 -6.27744e+66 -6.27744e+66 233.476 258.969 263.218 346.072 507.529 613.752 945.165 1093.88 1161.86 
-6.27744e+66 -6.27744e+66 -6.27744e+66 -6.27744e+66 -6.27744e+66 -6.27744e+66 233.476 235.601 290.836 411.929 496.907 773.085 900.552 960.036 
-6.27744e+66 -6.27744e+66 -6.27744e+66 -6.27744e+66 -6.27744e+66 -6.27744e+66 -6.27744e+66 233.476 261.094 341.823 405.556 626.498 732.721 783.707 
-6.27744e+66 -6.27744e+66 -6.27744e+66 -6.27744e+66 -6.27744e+66 -6.27744e+66 -6.27744e+66 -6.27744e+66 233.476 273.841 316.329 482.036 567.014 609.503 
-6.27744e+66 -6.27744e+66 -6.27744e+66 -6.27744e+66 -6.27744e+66 -6.27744e+66 -6.27744e+66 -6.27744e+66 -6.27744e+66 233.476 254.721 365.192 428.925 462.916 
-6.27744e+66 -6.27744e+66 -6.27744e+66 -6.27744e+66 -6.27744e+66 -6.27744e+66 -6.27744e+66 -6.27744e+66 -6.27744e+66 -6.27744e+66 233.476 288.712 331.201 356.694 
-6.27744e+66 -6.27744e+66 -6.27744e+66 -6.27744e+66 -6.27744e+66 -6.27744e+66 -6.27744e+66 -6.27744e+66 -6.27744e+66 -6.27744e+66 -6.27744e+66 233.476 254.721 271.716 
-6.27744e+66 -6.27744e+66 -6.27744e+66 -6.27744e+66 -6.27744e+66 -6.27744e+66 -6.27744e+66 -6.27744e+66 -6.27744e+66 -6.27744e+66 -6.27744e+66 -6.27744e+66 233.476 241.974 
-6.27744e+66 -6.27744e+66 -6.27744e+66 -6.27744e+66 -6.27744e+66 -6.27744e+66 -6.27744e+66 -6.27744e+66 -6.27744e+66 -6.27744e+66 -6.27744e+66 -6.27744e+66 -6.27744e+66 233.476 
-6.27744e+66 -6.27744e+66 -6.27744e+66 -6.27744e+66 -6.27744e+66 -6.27744e+66 -6.27744e+66 -6.27744e+66 -6.27744e+66 -6.27744e+66 -6.27744e+66 -6.27744e+66 -6.27744e+66 -6.27744e+66 
-6.27744e+66 26.7937 31.5228 31.5228 38.6164 48.0745 48.0745 48.0745 97.7295 211.227 211.227 329.453 433.492 632.112 
-6.27744e+66 -6.27744e+66 26.7937 26.7937 31.5228 38.6164 38.6164 38.6164 81.1778 180.488 180.488 286.891 381.472 563.541 
-6.27744e+66 -6.27744e+66 -6.27744e+66 26.7937 29.1583 33.8873 33.8873 33.8873 69.3552 154.478 154.478 249.059 334.182 499.698 
-6.27744e+66 -6.27744e+66 -6.27744e+66 -6.27744e+66 26.7937 29.1583 29.1583 29.1583 57.5326 128.468 128.468 211.227 286.891 435.856 
-6.27744e+66 -6.27744e+66 -6.27744e+66 -6.27744e+66 -6.27744e+66 26.7937 26.7937 26.7937 48.0745 104.823 104.823 175.759 241.965 374.379 
-6.27744e+66 -6.27744e+66 -6.27744e+66 -6.27744e+66 -6.27744e+66 -6.27744e+66 26.7937 26.7937 40.9809 83.5423 83.5423 142.655 199.404 315.266 
-6.27744e+66 -6.27744e+66 -6.27744e+66 -6.27744e+66 -6.27744e+66 -6.27744e+66 -6.27744e+66 26.7937 33.8873 62.2616 62.2616 109.552 156.843 256.153 
-6.27744e+66 -6.27744e+66 -6.27744e+66 -6.27744e+66 -6.27744e+66 -6.27744e+66 -6.27744e+66 -6.27744e+66 26.7937 40.9809 40.9809 76.4487 114.281 197.039 
-6.27744e+66 -6.27744e+66 -6.27744e+66 -6.27744e+66 -6.27744e+66 -6.27744e+66 -6.27744e+66 -6.27744e+66 -6.27744e+66 26.7937 26.7937 50.439 78.8133 145.02 
-6.27744e+66 -6.27744e+66 -6.27744e+66 -6.27744e+66 -6.27744e+66 -6.27744e+66 -6.27744e+66 -6.27744e+66 -6.27744e+66 -6.27744e+66 26.7937 38.6164 57.5326 107.188 
-6.27744e+66 -6.27744e+66 -6.27744e+66 -6.27744e+66 -6.27744e+66 -6.27744e+66 -6.27744e+66 -6.27744e+66 -6.27744e+66 -6.27744e+66 -6.27744e+66 26.7937 36.2518 69.3552 
-6.27744e+66 -6.27744e+66 -6.27744e+66 -6.27744e+66 -6.27744e+66 -6.27744e+66 -6.27744e+66 -6.27744e+66 -6.27744e+66 -6.27744e+66 -6.27744e+66 -6.27744e+66 26.7937 43.3454 
-6.27744e+66 -6.27744e+66 -6.27744e+66 -6.27744e+66 -6.27744e+66 -6.27744e+66 -6.27744e+66 -6.27744e+66 -6.27744e+66 -6.27744e+66 -6.27744e+66 -6.27744e+66 -6.27744e+66 26.7937 
-6.27744e+66 -6.27744e+66 -6.27744e+66 -6.27744e+66 -6.27744e+66 -6.27744e+66 -6.27744e+66 -6.27744e+66 -6.27744e+66 -6.27744e+66 -6.27744e+66 -6.27744e+66 -6.27744e+66 -6.27744e+66 
-6.27744e+66 73.3273 83.2404 122.893 167.501 256.719 256.719 316.197 350.893 410.372 521.894 571.459 598.72 717.677 
-6.27744e+66 -6.27744e+66 73.3273 93.1534 122.893 189.806 189.806 239.371 269.11 321.154 420.285 464.893 489.676 598.72 
-6.27744e+66 -6.27744e+66 -6.27744e+66 73.3273 88.1969 132.806 132.806 172.458 197.241 241.849 328.589 368.241 390.545 489.676 
-6.27744e+66 -6.27744e+66 -6.27744e+66 -6.27744e+66 73.3273 95.6317 95.6317 125.371 145.197 182.371 256.719 291.415 311.241 400.458 
-6.27744e+66 -6.27744e+66 -6.27744e+66 -6.27744e+66 -6.27744e+66 73.3273 73.3273 93.1534 108.023 137.762 199.719 229.458 246.806 326.11 
-6.27744e+66 -6.27744e+66 -6.27744e+66 -6.27744e+66 -6.27744e+66 -6.27744e+66 73.3273 83.2404 93.1534 115.458 165.023 189.806 204.675 274.067 
-6.27744e+66 -6.27744e+66 -6.27744e+66 -6.27744e+66 -6.27744e+66 -6.27744e+66 -6.27744e+66 73.3273 78.2838 93.1534 130.327 150.154 162.545 222.023 
-6.27744e+66 -6.27744e+66 -6.27744e+66 -6.27744e+66 -6.27744e+66 -6.27744e+66 -6.27744e+66 -6.27744e+66 73.3273 80.7621 105.545 120.414 130.327 179.893 
-6.27744e+66 -6.27744e+66 -6.27744e+66 -6.27744e+66 -6.27744e+66 -6.27744e+66 -6.27744e+66 -6.27744e+66 -6.27744e+66 73.3273 85.7186 95.6317 103.067 142.719 
-6.27744e+66 -6.27744e+66 -6.27744e+66 -6.27744e+66 -6.27744e+66 -6.27744e+66 -6.27744e+66 -6.27744e+66 -6.27744e+66 -6.27744e+66 73.3273 78.2838 83.2404 112.98 
-6.27744e+66 -6.27744e+66 -6.27744e+66 -6.27744e+66 -6.27744e+66 -6.27744e+66 -6.27744e+66 -6.27744e+66 -6.27744e+66 -6.27744e+66 -6.27744e+66 73.3273 75.8056 95.6317 
-6.27744e+66 -6.27744e+66 -6.27744e+66 -6.27744e+66 -6.27744e+66 -6.27744e+66 -6.27744e+66 -6.27744e+66 -6.27744e+66 -6.27744e+66 -6.27744e+66 -6.27744e+66 73.3273 83.2404 
-6.27744e+66 -6.27744e+66 -6.27744e+66 -6.27744e+66 -6.27744e+66 -6.27744e+66 -6.27744e+66 -6.27744e+66 -6.27744e+66 -6.27744e+66 -6.27744e+66 -6.27744e+66 -6.27744e+66 73.3273 
-6.27744e+66 -6.27744e+66 -6.27744e+66 -6.27744e+66 -6.27744e+66 -6.27744e+66 -6.27744e+66 -6.27744e+66 -6.27744e+66 -6.27744e+66 -6.27744e+66 -6.27744e+66 -6.27744e+66 -6.27744e+66 
-6.27744e+66 199.855 204.663 233.506 233.506 329.651 341.67 557.996 675.774 944.98 1247.84 1536.27 1959.31 1959.31 
-6.27744e+66 -6.27744e+66 199.855 214.277 214.277 286.386 296.001 476.273 577.225 812.781 1081.99 1341.58 1726.16 1726.16 
-6.27744e+66 -6.27744e+66 -6.27744e+66 199.855 199.855 247.928 255.139 399.357 483.484 685.388 920.944 1151.69 1497.81 1497.81 
-6.27744e+66 -6.27744e+66 -6.27744e+66 -6.27744e+66 199.855 223.892 228.699 336.862 404.164 572.418 774.323 976.228 1283.89 1283.89 
-6.27744e+66 -6.27744e+66 -6.27744e+66 -6.27744e+66 -6.27744e+66 199.855 202.259 274.368 324.844 459.447 627.701 800.763 1069.97 1069.97 
-6.27744e+66 -6.27744e+66 -6.27744e+66 -6.27744e+66 -6.27744e+66 -6.27744e+66 199.855 235.91 269.561 370.513 505.116 649.334 880.082 880.082 
-6.27744e+66 -6.27744e+66 -6.27744e+66 -6.27744e+66 -6.27744e+66 -6.27744e+66 -6.27744e+66 199.855 216.681 283.982 384.935 500.309 692.599 692.599 
-6.27744e+66 -6.27744e+66 -6.27744e+66 -6.27744e+66 -6.27744e+66 -6.27744e+66 -6.27744e+66 -6.27744e+66 199.855 233.506 300.808 387.338 541.171 541.171 
-6.27744e+66 -6.27744e+66 -6.27744e+66 -6.27744e+66 -6.27744e+66 -6.27744e+66 -6.27744e+66 -6.27744e+66 -6.27744e+66 199.855 233.506 291.193 406.568 406.568 
-6.27744e+66 -6.27744e+66 -6.27744e+66 -6.27744e+66 -6.27744e+66 -6.27744e+66 -6.27744e+66 -6.27744e+66 -6.27744e+66 -6.27744e+66 199.855 228.699 305.615 305.615 
-6.27744e+66 -6.27744e+66 -6.27744e+66 -6.27744e+66 -6.27744e+66 -6.27744e+66 -6.27744e+66 -6.27744e+66 -6.27744e+66 -6.27744e+66 -6.27744e+66 199.855 238.314 238.314 
-6.27744e+66 -6.27744e+66 -6.27744e+66 -6.27744e+66 -6.27744e+66 -6.27744e+66 -6.27744e+66 -6.27744e+66 -6.27744e+66 -6.27744e+66 -6.27744e+66 -6.27744e+66 199.855 199.855 
-6.27744e+66 -6.27744e+66 -6.27744e+66 -6.27744e+66 -6.27744e+66 -6.27744e+66 -6.27744e+66 -6.27744e+66 -6.27744e+66 -6.27744e+66 -6.27744e+66 -6.27744e+66 -6.27744e+66 199.855 
-6.27744e+66 -6.27744e+66 -6.27744e+66 -6.27744e+66 -6.27744e+66 -6.27744e+66 -6.27744e+66 -6.27744e+66 -6.27744e+66 -6.27744e+66 -6.27744e+66 -6.27744e+66 -6.27744e+66 -6.27744e+66 
-6.27744e+66 4.81324 16.53 39.9635 48.751 83.9012 157.131 174.706 195.21 218.644 218.644 218.644 250.865 321.165 
-6.27744e+66 -6.27744e+66 4.81324 16.53 22.3884 48.751 107.335 121.981 139.556 160.06 160.06 160.06 189.352 253.794 
-6.27744e+66 -6.27744e+66 -6.27744e+66 4.81324 7.74242 25.3175 69.2553 80.9721 95.618 113.193 113.193 113.193 139.556 198.139 
-6.27744e+66 -6.27744e+66 -6.27744e+66 -6.27744e+66 4.81324 13.6008 42.8926 51.6802 63.3969 78.0429 78.0429 78.0429 101.476 154.202 
-6.27744e+66 -6.27744e+66 -6.27744e+66 -6.27744e+66 -6.27744e+66 4.81324 19.4592 25.3175 34.1051 45.8218 45.8218 45.8218 66.3261 113.193 
-6.27744e+66 -6.27744e+66 -6.27744e+66 -6.27744e+66 -6.27744e+66 -6.27744e+66 4.81324 7.74242 13.6008 22.3884 22.3884 22.3884 39.9635 80.9721 
-6.27744e+66 -6.27744e+66 -6.27744e+66 -6.27744e+66 -6.27744e+66 -6.27744e+66 -6.27744e+66 4.81324 7.74242 13.6008 13.6008 13.6008 28.2467 63.3969 
-6.27744e+66 -6.27744e+66 -6.27744e+66 -6.27744e+66 -6.27744e+66 -6.27744e+66 -6.27744e+66 -6.27744e+66 4.81324 7.74242 7.74242 7.74242 19.4592 48.751 
-6.27744e+66 -6.27744e+66 -6.27744e+66 -6.27744e+66 -6.27744e+66 -6.27744e+66 -6.27744e+66 -6.27744e+66 -6.27744e+66 4.81324 4.81324 4.81324 13.6008 37.0343 
-6.27744e+66 -6.27744e+66 -6.27744e+66 -6.27744e+66 -6.27744e+66 -6.27744e+66 -6.27744e+66 -6.27744e+66 -6.27744e+66 -6.27744e+66 4.81324 4.81324 10.6716 28.2467 
-6.27744e+66 -6.27744e+66 -6.27744e+66 -6.27744e+66 -6.27744e+66 -6.27744e+66 -6.27744e+66 -6.27744e+66 -6.27744e+66 -6.27744e+66 -6.27744e+66 4.81324 7.74242 19.4592 
-6.27744e+66 -6.27744e+66 -6.27744e+66 -6.27744e+66 -6.27744e+66 -6.27744e+66 -6.27744e+66 -6.27744e+66 -6.27744e+66 -6.27744e+66 -6.27744e+66 -6.27744e+66 4.81324 10.6716 
-6.27744e+66 -6.27744e+66 -6.27744e+66 -6.27744e+66 -6.27744e+66 -6.27744e+66 -6.27744e+66 -6.27744e+66 -6.27744e+66 -6.27744e+66 -6.27744e+66 -6.27744e+66 -6.27744e+66 4.81324 
-6.27744e+66 -6.27744e+66 -6.27744e+66 -6.27744e+66 -6.27744e+66 -6.27744e+66 -6.27744e+66 -6.27744e+66 -6.27744e+66 -6.27744e+66 -6.27744e+66 -6.27744e+66 -6.27744e+66 -6.27744e+66 
-6.27744e+66 94.022 102.867 102.867 120.556 155.936 214.901 321.039 424.229 447.815 553.953 878.263 1007.99 1291.02 
-6.27744e+66 -6.27744e+66 94.022 94.022 105.815 132.35 179.522 267.97 356.418 377.056 471.401 763.28 881.211 1140.66 
-6.27744e+66 -6.27744e+66 -6.27744e+66 94.022 99.9185 117.608 152.987 223.746 297.453 315.143 397.694 657.142 763.28 999.142 
-6.27744e+66 -6.27744e+66 -6.27744e+66 -6.27744e+66 94.022 102.867 126.453 179.522 238.487 253.229 323.987 551.004 645.349 857.625 
-6.27744e+66 -6.27744e+66 -6.27744e+66 -6.27744e+66 -6.27744e+66 94.022 105.815 141.194 185.418 197.212 256.177 450.763 533.315 722.004 
-6.27744e+66 -6.27744e+66 -6.27744e+66 -6.27744e+66 -6.27744e+66 -6.27744e+66 94.022 111.712 141.194 150.039 197.212 359.367 430.125 595.229 
-6.27744e+66 -6.27744e+66 -6.27744e+66 -6.27744e+66 -6.27744e+66 -6.27744e+66 -6.27744e+66 94.022 108.763 114.66 150.039 279.763 338.729 480.246 
-6.27744e+66 -6.27744e+66 -6.27744e+66 -6.27744e+66 -6.27744e+66 -6.27744e+66 -6.27744e+66 -6.27744e+66 94.022 96.9703 120.556 217.849 265.022 382.953 
-6.27744e+66 -6.27744e+66 -6.27744e+66 -6.27744e+66 -6.27744e+66 -6.27744e+66 -6.27744e+66 -6.27744e+66 -6.27744e+66 94.022 105.815 170.677 206.056 300.401 
-6.27744e+66 -6.27744e+66 -6.27744e+66 -6.27744e+66 -6.27744e+66 -6.27744e+66 -6.27744e+66 -6.27744e+66 -6.27744e+66 -6.27744e+66 94.022 126.453 150.039 220.798 
-6.27744e+66 -6.27744e+66 -6.27744e+66 -6.27744e+66 -6.27744e+66 -6.27744e+66 -6.27744e+66 -6.27744e+66 -6.27744e+66 -6.27744e+66 -6.27744e+66 94.022 105.815 152.987 
-6.27744e+66 -6.27744e+66 -6.27744e+66 -6.27744e+66 -6.27744e+66 -6.27744e+66 -6.27744e+66 -6.27744e+66 -6.27744e+66 -6.27744e+66 -6.27744e+66 -6.27744e+66 94.022 117.608 
-6.27744e+66 -6.27744e+66 -6.27744e+66 -6.27744e+66 -6.27744e+66 -6.27744e+66 -6.27744e+66 -6.27744e+66 -6.27744e+66 -6.27744e+66 -6.27744e+66 -6.27744e+66 -6.27744e+66 94.022 
-6.27744e+66 -6.27744e+66 -6.27744e+66 -6.27744e+66 -6.27744e+66 -6.27744e+66 -6.27744e+66 -6.27744e+66 -6.27744e+66 -6.27744e+66 -6.27744e+66 -6.27744e+66 -6.27744e+66 -6.27744e+66 
-6.27744e+66 111.86 123.401 132.633 181.104 227.267 377.295 377.295 538.864 612.724 841.228 910.472 910.472 1104.35 
-6.27744e+66 -6.27744e+66 111.86 116.477 148.79 183.412 303.435 303.435 441.922 506.55 709.665 771.984 771.984 949.71 
-6.27744e+66 -6.27744e+66 -6.27744e+66 111.86 128.017 151.098 241.115 241.115 356.522 411.917 589.642 645.038 645.038 806.606 
-6.27744e+66 -6.27744e+66 -6.27744e+66 -6.27744e+66 111.86 123.401 183.412 183.412 275.737 321.9 474.236 522.707 522.707 668.119 
-6.27744e+66 -6.27744e+66 -6.27744e+66 -6.27744e+66 -6.27744e+66 111.86 141.866 141.866 211.11 248.04 374.987 416.533 416.533 545.788 
-6.27744e+66 -6.27744e+66 -6.27744e+66 -6.27744e+66 -6.27744e+66 -6.27744e+66 111.86 111.86 158.023 185.72 287.278 321.9 321.9 434.998 
-6.27744e+66 -6.27744e+66 -6.27744e+66 -6.27744e+66 -6.27744e+66 -6.27744e+66 -6.27744e+66 111.86 134.942 153.407 229.575 257.272 257.272 354.214 
-6.27744e+66 -6.27744e+66 -6.27744e+66 -6.27744e+66 -6.27744e+66 -6.27744e+66 -6.27744e+66 -6.27744e+66 111.86 121.093 171.872 192.645 192.645 273.429 
-6.27744e+66 -6.27744e+66 -6.27744e+66 -6.27744e+66 -6.27744e+66 -6.27744e+66 -6.27744e+66 -6.27744e+66 -6.27744e+66 111.86 137.25 151.098 151.098 215.726 
-6.27744e+66 -6.27744e+66 -6.27744e+66 -6.27744e+66 -6.27744e+66 -6.27744e+66 -6.27744e+66 -6.27744e+66 -6.27744e+66 -6.27744e+66 111.86 118.785 118.785 167.255 
-6.27744e+66 -6.27744e+66 -6.27744e+66 -6.27744e+66 -6.27744e+66 -6.27744e+66 -6.27744e+66 -6.27744e+66 -6.27744e+66 -6.27744e+66 -6.27744e+66 111.86 111.86 144.174 
-6.27744e+66 -6.27744e+66 -6.27744e+66 -6.27744e+66 -6.27744e+66 -6.27744e+66 -6.27744e+66 -6.27744e+66 -6.27744e+66 -6.27744e+66 -6.27744e+66 -6.27744e+66 111.86 128.017 
-6.27744e+66 -6.27744e+66 -6.27744e+66 -6.27744e+66 -6.27744e+66 -6.27744e+66 -6.27744e+66 -6.27744e+66 -6.27744e+66 -6.27744e+66 -6.27744e+66 -6.27744e+66 -6.27744e+66 111.86 
-6.27744e+66 -6.27744e+66 -6.27744e+66 -6.27744e+66 -6.27744e+66 -6.27744e+66 -6.27744e+66 -6.27744e+66 -6.27744e+66 -6.27744e+66 -6.27744e+66 -6.27744e+66 -6.27744e+66 -6.27744e+66 
