26 10
1000 1000 1000 1000 1000 1000 1000 1000 1000 1000 1000 1000 1000 1000 1000 1000 1000 1000 1000 1000 1000 1000 1000 1000 1000 1000 
item 0
200 235 135 205 20 340 90 175 195 195 420 120 130 120 90 5 360 375 235 420 245 385 330 55 330 160 
103.429 103.429 103.429 103.429 103.429 103.429 103.429 103.429 103.429 103.429 103.429 103.429 103.429 103.429 103.429 103.429 103.429 103.429 103.429 103.429 103.429 103.429 103.429 103.429 103.429 103.429 
0.169777 0.169777 0.169777 0.169777 0.169777 0.169777 0.169777 0.169777 0.169777 0.169777 0.169777 0.169777 0.169777 0.169777 0.169777 0.169777 0.169777 0.169777 0.169777 0.169777 0.169777 0.169777 0.169777 0.169777 0.169777 0.169777 
item 1
15 220 165 200 220 105 300 205 40 60 95 340 55 75 285 385 60 190 135 50 250 395 220 145 395 40 
191.981 191.981 191.981 191.981 191.981 191.981 191.981 191.981 191.981 191.981 191.981 191.981 191.981 191.981 191.981 191.981 191.981 191.981 191.981 191.981 191.981 191.981 191.981 191.981 191.981 191.981 
0.271286 0.271286 0.271286 0.271286 0.271286 0.271286 0.271286 0.271286 0.271286 0.271286 0.271286 0.271286 0.271286 0.271286 0.271286 0.271286 0.271286 0.271286 0.271286 0.271286 0.271286 0.271286 0.271286 0.271286 0.271286 0.271286 
item 2
170 45 125 55 90 45 65 175 150 130 165 55 155 10 155 35 40 220 105 130 140 0 15 80 5 130 
143.368 143.368 143.368 143.368 143.368 143.368 143.368 143.368 143.368 143.368 143.368 143.368 143.368 143.368 143.368 143.368 143.368 143.368 143.368 143.368 143.368 143.368 143.368 143.368 143.368 143.368 
0.445495 0.445495 0.445495 0.445495 0.445495 0.445495 0.445495 0.445495 0.445495 0.445495 0.445495 0.445495 0.445495 0.445495 0.445495 0.445495 0.445495 0.445495 0.445495 0.445495 0.445495 0.445495 0.445495 0.445495 0.445495 0.445495 
item 3
30 50 75 25 80 155 15 120 190 20 0 55 155 30 35 40 125 140 15 30 70 35 20 105 150 5 
33.4377 33.4377 33.4377 33.4377 33.4377 33.4377 33.4377 33.4377 33.4377 33.4377 33.4377 33.4377 33.4377 33.4377 33.4377 33.4377 33.4377 33.4377 33.4377 33.4377 33.4377 33.4377 33.4377 33.4377 33.4377 33.4377 
0.292256 0.292256 0.292256 0.292256 0.292256 0.292256 0.292256 0.292256 0.292256 0.292256 0.292256 0.292256 0.292256 0.292256 0.292256 0.292256 0.292256 0.292256 0.292256 0.292256 0.292256 0.292256 0.292256 0.292256 0.292256 0.292256 
item 4
105 80 30 80 110 60 95 100 80 10 30 55 60 110 85 130 5 80 45 40 105 110 60 60 50 90 
62.9312 62.9312 62.9312 62.9312 62.9312 62.9312 62.9312 62.9312 62.9312 62.9312 62.9312 62.9312 62.9312 62.9312 62.9312 62.9312 62.9312 62.9312 62.9312 62.9312 62.9312 62.9312 62.9312 62.9312 62.9312 62.9312 
0.485954 0.485954 0.485954 0.485954 0.485954 0.485954 0.485954 0.485954 0.485954 0.485954 0.485954 0.485954 0.485954 0.485954 0.485954 0.485954 0.485954 0.485954 0.485954 0.485954 0.485954 0.485954 0.485954 0.485954 0.485954 0.485954 
item 5
70 255 30 265 205 40 5 20 35 25 160 120 60 95 30 75 125 15 90 75 230 65 65 230 20 120 
55.6046 55.6046 55.6046 55.6046 55.6046 55.6046 55.6046 55.6046 55.6046 55.6046 55.6046 55.6046 55.6046 55.6046 55.6046 55.6046 55.6046 55.6046 55.6046 55.6046 55.6046 55.6046 55.6046 55.6046 55.6046 55.6046 
0.265842 0.265842 0.265842 0.265842 0.265842 0.265842 0.265842 0.265842 0.265842 0.265842 0.265842 0.265842 0.265842 0.265842 0.265842 0.265842 0.265842 0.265842 0.265842 0.265842 0.265842 0.265842 0.265842 0.265842 0.265842 0.265842 
item 6
100 105 35 65 20 20 45 125 5 65 90 200 5 65 60 125 50 5 120 95 120 80 125 110 45 70 
135.076 135.076 135.076 135.076 135.076 135.076 135.076 135.076 135.076 135.076 135.076 135.076 135.076 135.076 135.076 135.076 135.076 135.076 135.076 135.076 135.076 135.076 135.076 135.076 135.076 135.076 
0.535662 0.535662 0.535662 0.535662 0.535662 0.535662 0.535662 0.535662 0.535662 0.535662 0.535662 0.535662 0.535662 0.535662 0.535662 0.535662 0.535662 0.535662 0.535662 0.535662 0.535662 0.535662 0.535662 0.535662 0.535662 0.535662 
item 7
60 50 40 35 80 125 15 45 90 15 40 90 10 85 0 90 5 80 80 70 0 15 10 15 75 80 
91.763 91.763 91.763 91.763 91.763 91.763 91.763 91.763 91.763 91.763 91.763 91.763 91.763 91.763 91.763 91.763 91.763 91.763 91.763 91.763 91.763 91.763 91.763 91.763 91.763 91.763 
0.547032 0.547032 0.547032 0.547032 0.547032 0.547032 0.547032 0.547032 0.547032 0.547032 0.547032 0.547032 0.547032 0.547032 0.547032 0.547032 0.547032 0.547032 0.547032 0.547032 0.547032 0.547032 0.547032 0.547032 0.547032 0.547032 
item 8
0 140 40 155 155 75 130 95 90 0 105 180 40 45 85 15 35 10 115 150 90 125 110 5 0 0 
167.866 167.866 167.866 167.866 167.866 167.866 167.866 167.866 167.866 167.866 167.866 167.866 167.866 167.866 167.866 167.866 167.866 167.866 167.866 167.866 167.866 167.866 167.866 167.866 167.866 167.866 
0.534208 0.534208 0.534208 0.534208 0.534208 0.534208 0.534208 0.534208 0.534208 0.534208 0.534208 0.534208 0.534208 0.534208 0.534208 0.534208 0.534208 0.534208 0.534208 0.534208 0.534208 0.534208 0.534208 0.534208 0.534208 0.534208 
item 9
235 70 10 80 20 290 230 20 140 220 50 30 40 210 20 30 5 340 110 55 210 145 25 60 40 205 
14.5441 14.5441 14.5441 14.5441 14.5441 14.5441 14.5441 14.5441 14.5441 14.5441 14.5441 14.5441 14.5441 14.5441 14.5441 14.5441 14.5441 14.5441 14.5441 14.5441 14.5441 14.5441 14.5441 14.5441 14.5441 14.5441 
0.151836 0.151836 0.151836 0.151836 0.151836 0.151836 0.151836 0.151836 0.151836 0.151836 0.151836 0.151836 0.151836 0.151836 0.151836 0.151836 0.151836 0.151836 0.151836 0.151836 0.151836 0.151836 0.151836 0.151836 0.151836 0.151836 
