26 10
-6.27744e+66 75.4637 75.4637 122.549 238.582 332.753 341.162 381.521 487.464 675.806 887.692 1005.41 1171.89 1232.43 1560.34 1630.97 1706.65 1841.18 2641.63 2671.9 3055.32 3290.74 3608.57 3608.57 4420.8 4824.39 5160.72 
-6.27744e+66 -6.27744e+66 75.4637 99.0065 176.362 246.99 253.717 287.349 378.157 542.957 731.3 837.243 988.59 1044.08 1346.78 1412.36 1482.99 1609.11 2362.48 2391.07 2754.3 2977.96 3280.65 3280.65 4057.57 4444.34 4767.22 
-6.27744e+66 -6.27744e+66 -6.27744e+66 75.4637 114.141 161.227 166.272 193.178 268.851 410.108 574.908 669.08 805.292 855.741 1133.21 1193.75 1259.33 1377.05 2083.33 2110.24 2453.29 2665.18 2952.74 2952.74 3694.34 4064.29 4373.72 
-6.27744e+66 -6.27744e+66 -6.27744e+66 -6.27744e+66 75.4637 99.0065 102.37 122.549 183.088 300.802 442.059 524.459 645.537 690.941 943.186 998.68 1059.22 1168.52 1827.72 1852.95 2175.82 2375.94 2648.36 2648.36 3354.65 3707.79 4003.76 
-6.27744e+66 -6.27744e+66 -6.27744e+66 -6.27744e+66 -6.27744e+66 75.4637 77.1453 90.5984 136.002 230.174 347.888 418.517 524.459 564.819 791.839 842.288 897.782 998.68 1610.79 1634.34 1937.03 2125.37 2382.66 2382.66 3053.63 3389.96 3672.47 
-6.27744e+66 -6.27744e+66 -6.27744e+66 -6.27744e+66 -6.27744e+66 -6.27744e+66 75.4637 82.1902 112.46 183.088 277.26 336.117 426.925 462.239 664.035 709.439 759.888 852.378 1417.41 1439.27 1721.78 1898.35 2140.51 2140.51 2776.16 3095.67 3364.74 
-6.27744e+66 -6.27744e+66 -6.27744e+66 -6.27744e+66 -6.27744e+66 -6.27744e+66 -6.27744e+66 75.4637 90.5984 137.684 208.313 255.398 331.072 361.341 537.912 578.272 623.676 707.757 1225.7 1245.88 1508.21 1673.01 1900.03 1900.03 2500.38 2803.07 3058.68 
-6.27744e+66 -6.27744e+66 -6.27744e+66 -6.27744e+66 -6.27744e+66 -6.27744e+66 -6.27744e+66 -6.27744e+66 75.4637 99.0065 146.092 181.407 241.945 267.17 418.517 453.831 494.19 569.864 1040.72 1059.22 1301.37 1454.4 1666.29 1666.29 2231.32 2517.19 2759.35 
-6.27744e+66 -6.27744e+66 -6.27744e+66 -6.27744e+66 -6.27744e+66 -6.27744e+66 -6.27744e+66 -6.27744e+66 -6.27744e+66 75.4637 99.0065 122.549 167.953 188.133 314.255 344.525 379.839 447.104 870.876 887.692 1109.67 1250.92 1447.68 1447.68 1977.39 2246.45 2475.15 
-6.27744e+66 -6.27744e+66 -6.27744e+66 -6.27744e+66 -6.27744e+66 -6.27744e+66 -6.27744e+66 -6.27744e+66 -6.27744e+66 -6.27744e+66 75.4637 87.2351 117.504 132.639 233.537 258.762 289.031 347.888 724.574 739.708 941.504 1070.99 1252.61 1252.61 1747.01 1999.25 2214.5 
-6.27744e+66 -6.27744e+66 -6.27744e+66 -6.27744e+66 -6.27744e+66 -6.27744e+66 -6.27744e+66 -6.27744e+66 -6.27744e+66 -6.27744e+66 -6.27744e+66 75.4637 90.5984 100.688 176.362 196.541 221.766 272.215 601.815 615.268 796.884 914.598 1081.08 1081.08 1540.17 1775.59 1977.39 
-6.27744e+66 -6.27744e+66 -6.27744e+66 -6.27744e+66 -6.27744e+66 -6.27744e+66 -6.27744e+66 -6.27744e+66 -6.27744e+66 -6.27744e+66 -6.27744e+66 -6.27744e+66 75.4637 80.5086 130.958 146.092 166.272 208.313 490.827 502.598 664.035 769.978 921.325 921.325 1345.1 1563.71 1752.05 
-6.27744e+66 -6.27744e+66 -6.27744e+66 -6.27744e+66 -6.27744e+66 -6.27744e+66 -6.27744e+66 -6.27744e+66 -6.27744e+66 -6.27744e+66 -6.27744e+66 -6.27744e+66 -6.27744e+66 75.4637 100.688 110.778 125.913 159.545 394.974 405.064 546.321 640.492 776.704 776.704 1165.16 1366.96 1541.85 
-6.27744e+66 -6.27744e+66 -6.27744e+66 -6.27744e+66 -6.27744e+66 -6.27744e+66 -6.27744e+66 -6.27744e+66 -6.27744e+66 -6.27744e+66 -6.27744e+66 -6.27744e+66 -6.27744e+66 -6.27744e+66 75.4637 80.5086 90.5984 115.823 304.166 312.574 433.651 516.051 637.129 637.129 990.272 1175.25 1336.69 
-6.27744e+66 -6.27744e+66 -6.27744e+66 -6.27744e+66 -6.27744e+66 -6.27744e+66 -6.27744e+66 -6.27744e+66 -6.27744e+66 -6.27744e+66 -6.27744e+66 -6.27744e+66 -6.27744e+66 -6.27744e+66 -6.27744e+66 75.4637 80.5086 97.3249 238.582 245.309 346.206 416.835 522.778 522.778 840.606 1008.77 1156.75 
-6.27744e+66 -6.27744e+66 -6.27744e+66 -6.27744e+66 -6.27744e+66 -6.27744e+66 -6.27744e+66 -6.27744e+66 -6.27744e+66 -6.27744e+66 -6.27744e+66 -6.27744e+66 -6.27744e+66 -6.27744e+66 -6.27744e+66 -6.27744e+66 75.4637 83.8719 178.043 183.088 263.806 322.664 413.472 413.472 695.986 847.333 981.863 
-6.27744e+66 -6.27744e+66 -6.27744e+66 -6.27744e+66 -6.27744e+66 -6.27744e+66 -6.27744e+66 -6.27744e+66 -6.27744e+66 -6.27744e+66 -6.27744e+66 -6.27744e+66 -6.27744e+66 -6.27744e+66 -6.27744e+66 -6.27744e+66 -6.27744e+66 75.4637 122.549 125.913 186.451 233.537 309.211 309.211 556.41 690.941 812.019 
-6.27744e+66 -6.27744e+66 -6.27744e+66 -6.27744e+66 -6.27744e+66 -6.27744e+66 -6.27744e+66 -6.27744e+66 -6.27744e+66 -6.27744e+66 -6.27744e+66 -6.27744e+66 -6.27744e+66 -6.27744e+66 -6.27744e+66 -6.27744e+66 -6.27744e+66 -6.27744e+66 75.4637 77.1453 117.504 152.819 213.358 213.358 425.243 542.957 650.582 
-6.27744e+66 -6.27744e+66 -6.27744e+66 -6.27744e+66 -6.27744e+66 -6.27744e+66 -6.27744e+66 -6.27744e+66 -6.27744e+66 -6.27744e+66 -6.27744e+66 -6.27744e+66 -6.27744e+66 -6.27744e+66 -6.27744e+66 -6.27744e+66 -6.27744e+66 -6.27744e+66 -6.27744e+66 75.4637 95.6433 119.186 164.59 164.59 341.162 442.059 536.231 
-6.27744e+66 -6.27744e+66 -6.27744e+66 -6.27744e+66 -6.27744e+66 -6.27744e+66 -6.27744e+66 -6.27744e+66 -6.27744e+66 -6.27744e+66 -6.27744e+66 -6.27744e+66 -6.27744e+66 -6.27744e+66 -6.27744e+66 -6.27744e+66 -6.27744e+66 -6.27744e+66 -6.27744e+66 -6.27744e+66 75.4637 87.2351 117.504 117.504 258.762 342.843 423.562 
-6.27744e+66 -6.27744e+66 -6.27744e+66 -6.27744e+66 -6.27744e+66 -6.27744e+66 -6.27744e+66 -6.27744e+66 -6.27744e+66 -6.27744e+66 -6.27744e+66 -6.27744e+66 -6.27744e+66 -6.27744e+66 -6.27744e+66 -6.27744e+66 -6.27744e+66 -6.27744e+66 -6.27744e+66 -6.27744e+66 -6.27744e+66 75.4637 90.5984 90.5984 196.541 263.806 331.072 
-6.27744e+66 -6.27744e+66 -6.27744e+66 -6.27744e+66 -6.27744e+66 -6.27744e+66 -6.27744e+66 -6.27744e+66 -6.27744e+66 -6.27744e+66 -6.27744e+66 -6.27744e+66 -6.27744e+66 -6.27744e+66 -6.27744e+66 -6.27744e+66 -6.27744e+66 -6.27744e+66 -6.27744e+66 -6.27744e+66 -6.27744e+66 -6.27744e+66 75.4637 75.4637 146.092 196.541 250.353 
-6.27744e+66 -6.27744e+66 -6.27744e+66 -6.27744e+66 -6.27744e+66 -6.27744e+66 -6.27744e+66 -6.27744e+66 -6.27744e+66 -6.27744e+66 -6.27744e+66 -6.27744e+66 -6.27744e+66 -6.27744e+66 -6.27744e+66 -6.27744e+66 -6.27744e+66 -6.27744e+66 -6.27744e+66 -6.27744e+66 -6.27744e+66 -6.27744e+66 -6.27744e+66 75.4637 110.778 144.411 184.77 
-6.27744e+66 -6.27744e+66 -6.27744e+66 -6.27744e+66 -6.27744e+66 -6.27744e+66 -6.27744e+66 -6.27744e+66 -6.27744e+66 -6.27744e+66 -6.27744e+66 -6.27744e+66 -6.27744e+66 -6.27744e+66 -6.27744e+66 -6.27744e+66 -6.27744e+66 -6.27744e+66 -6.27744e+66 -6.27744e+66 -6.27744e+66 -6.27744e+66 -6.27744e+66 -6.27744e+66 75.4637 92.28 119.186 
-6.27744e+66 -6.27744e+66 -6.27744e+66 -6.27744e+66 -6.27744e+66 -6.27744e+66 -6.27744e+66 -6.27744e+66 -6.27744e+66 -6.27744e+66 -6.27744e+66 -6.27744e+66 -6.27744e+66 -6.27744e+66 -6.27744e+66 -6.27744e+66 -6.27744e+66 -6.27744e+66 -6.27744e+66 -6.27744e+66 -6.27744e+66 -6.27744e+66 -6.27744e+66 -6.27744e+66 -6.27744e+66 75.4637 88.9168 
-6.27744e+66 -6.27744e+66 -6.27744e+66 -6.27744e+66 -6.27744e+66 -6.27744e+66 -6.27744e+66 -6.27744e+66 -6.27744e+66 -6.27744e+66 -6.27744e+66 -6.27744e+66 -6.27744e+66 -6.27744e+66 -6.27744e+66 -6.27744e+66 -6.27744e+66 -6.27744e+66 -6.27744e+66 -6.27744e+66 -6.27744e+66 -6.27744e+66 -6.27744e+66 -6.27744e+66 -6.27744e+66 -6.27744e+66 75.4637 
-6.27744e+66 -6.27744e+66 -6.27744e+66 -6.27744e+66 -6.27744e+66 -6.27744e+66 -6.27744e+66 -6.27744e+66 -6.27744e+66 -6.27744e+66 -6.27744e+66 -6.27744e+66 -6.27744e+66 -6.27744e+66 -6.27744e+66 -6.27744e+66 -6.27744e+66 -6.27744e+66 -6.27744e+66 -6.27744e+66 -6.27744e+66 -6.27744e+66 -6.27744e+66 -6.27744e+66 -6.27744e+66 -6.27744e+66 -6.27744e+66 
-6.27744e+66 109.548 137.612 141.719 234.123 376.495 397.029 532.556 532.556 669.451 958.986 1184.86 1342.98 1507.25 1827.59 1933 2302.62 2401.18 2738.63 3034.32 3307.43 3348.5 3765.35 3991.22 4132.91 4362.9 5458.06 
-6.27744e+66 -6.27744e+66 109.548 111.602 173.205 279.983 296.411 409.35 409.35 529.133 786.497 989.787 1133.53 1284.11 1579.81 1677.69 2022.66 2115.07 2432.67 2711.93 2970.67 3009.68 3406.68 3622.29 3757.82 3978.22 5029.58 
-6.27744e+66 -6.27744e+66 -6.27744e+66 109.548 140.35 211.535 223.856 314.207 314.207 416.879 642.072 822.774 952.141 1089.04 1360.09 1450.44 1770.78 1857.02 2154.77 2417.61 2661.97 2698.93 3076.08 3281.42 3410.79 3621.61 4629.16 
-6.27744e+66 -6.27744e+66 -6.27744e+66 -6.27744e+66 109.548 145.141 153.355 221.118 221.118 306.678 499.701 657.815 772.807 896.014 1142.43 1225.25 1520.94 1601.03 1878.92 2125.34 2355.32 2390.23 2747.53 2942.6 3065.81 3267.05 4230.79 
-6.27744e+66 -6.27744e+66 -6.27744e+66 -6.27744e+66 -6.27744e+66 109.548 113.655 158.831 158.831 227.278 388.131 523.657 624.276 733.792 955.563 1030.86 1301.91 1375.83 1633.88 1863.87 2079.48 2112.33 2449.78 2634.59 2751.63 2943.29 3863.23 
-6.27744e+66 -6.27744e+66 -6.27744e+66 -6.27744e+66 -6.27744e+66 -6.27744e+66 109.548 132.136 132.136 183.472 312.154 425.093 511.337 607.164 804.293 872.057 1118.47 1186.23 1424.43 1637.99 1839.22 1870.03 2187.62 2362.17 2473.05 2655.12 3531.25 
-6.27744e+66 -6.27744e+66 -6.27744e+66 -6.27744e+66 -6.27744e+66 -6.27744e+66 -6.27744e+66 109.548 109.548 143.772 240.284 330.635 402.505 484.642 657.131 717.365 939.136 1000.74 1219.09 1416.22 1603.08 1631.83 1929.58 2093.85 2198.58 2371.06 3203.39 
-6.27744e+66 -6.27744e+66 -6.27744e+66 -6.27744e+66 -6.27744e+66 -6.27744e+66 -6.27744e+66 -6.27744e+66 109.548 126.66 191.001 258.764 316.261 384.708 532.556 585.26 782.39 837.833 1036.33 1217.03 1389.52 1416.22 1694.12 1848.12 1946.69 2109.59 2898.11 
-6.27744e+66 -6.27744e+66 -6.27744e+66 -6.27744e+66 -6.27744e+66 -6.27744e+66 -6.27744e+66 -6.27744e+66 -6.27744e+66 109.548 141.719 186.894 230.016 284.775 407.981 453.156 625.645 674.927 853.576 1017.85 1175.97 1200.61 1458.65 1602.39 1694.8 1848.12 2592.83 
-6.27744e+66 -6.27744e+66 -6.27744e+66 -6.27744e+66 -6.27744e+66 -6.27744e+66 -6.27744e+66 -6.27744e+66 -6.27744e+66 -6.27744e+66 109.548 132.136 160.884 201.953 300.518 338.164 486.011 529.133 687.932 835.779 979.52 1002.11 1240.31 1373.78 1460.02 1603.76 2304.67 
-6.27744e+66 -6.27744e+66 -6.27744e+66 -6.27744e+66 -6.27744e+66 -6.27744e+66 -6.27744e+66 -6.27744e+66 -6.27744e+66 -6.27744e+66 -6.27744e+66 109.548 123.922 151.301 225.225 255.342 378.548 415.51 554.459 685.879 815.245 835.779 1054.13 1177.33 1257.42 1391.58 2048.67 
-6.27744e+66 -6.27744e+66 -6.27744e+66 -6.27744e+66 -6.27744e+66 -6.27744e+66 -6.27744e+66 -6.27744e+66 -6.27744e+66 -6.27744e+66 -6.27744e+66 -6.27744e+66 109.548 123.238 172.52 195.108 293.673 324.474 443.574 558.566 673.558 692.039 890.538 1003.48 1077.4 1201.98 1815.27 
-6.27744e+66 -6.27744e+66 -6.27744e+66 -6.27744e+66 -6.27744e+66 -6.27744e+66 -6.27744e+66 -6.27744e+66 -6.27744e+66 -6.27744e+66 -6.27744e+66 -6.27744e+66 -6.27744e+66 109.548 134.189 149.248 223.172 247.813 347.062 445.627 546.245 562.673 741.321 843.993 911.757 1026.75 1596.23 
-6.27744e+66 -6.27744e+66 -6.27744e+66 -6.27744e+66 -6.27744e+66 -6.27744e+66 -6.27744e+66 -6.27744e+66 -6.27744e+66 -6.27744e+66 -6.27744e+66 -6.27744e+66 -6.27744e+66 -6.27744e+66 109.548 117.077 166.36 184.841 264.24 346.378 432.622 446.996 605.795 698.199 759.802 865.212 1390.89 
-6.27744e+66 -6.27744e+66 -6.27744e+66 -6.27744e+66 -6.27744e+66 -6.27744e+66 -6.27744e+66 -6.27744e+66 -6.27744e+66 -6.27744e+66 -6.27744e+66 -6.27744e+66 -6.27744e+66 -6.27744e+66 -6.27744e+66 109.548 134.189 146.51 206.06 271.77 343.64 355.96 494.909 577.047 632.489 728.316 1210.19 
-6.27744e+66 -6.27744e+66 -6.27744e+66 -6.27744e+66 -6.27744e+66 -6.27744e+66 -6.27744e+66 -6.27744e+66 -6.27744e+66 -6.27744e+66 -6.27744e+66 -6.27744e+66 -6.27744e+66 -6.27744e+66 -6.27744e+66 -6.27744e+66 109.548 115.709 155.408 204.691 262.187 272.454 391.553 463.423 512.706 598.95 1037.02 
-6.27744e+66 -6.27744e+66 -6.27744e+66 -6.27744e+66 -6.27744e+66 -6.27744e+66 -6.27744e+66 -6.27744e+66 -6.27744e+66 -6.27744e+66 -6.27744e+66 -6.27744e+66 -6.27744e+66 -6.27744e+66 -6.27744e+66 -6.27744e+66 -6.27744e+66 109.548 129.398 162.253 205.375 213.589 312.838 374.441 417.563 494.225 888.484 
-6.27744e+66 -6.27744e+66 -6.27744e+66 -6.27744e+66 -6.27744e+66 -6.27744e+66 -6.27744e+66 -6.27744e+66 -6.27744e+66 -6.27744e+66 -6.27744e+66 -6.27744e+66 -6.27744e+66 -6.27744e+66 -6.27744e+66 -6.27744e+66 -6.27744e+66 -6.27744e+66 109.548 125.976 154.724 160.884 240.284 291.619 328.581 395.66 746.113 
-6.27744e+66 -6.27744e+66 -6.27744e+66 -6.27744e+66 -6.27744e+66 -6.27744e+66 -6.27744e+66 -6.27744e+66 -6.27744e+66 -6.27744e+66 -6.27744e+66 -6.27744e+66 -6.27744e+66 -6.27744e+66 -6.27744e+66 -6.27744e+66 -6.27744e+66 -6.27744e+66 -6.27744e+66 109.548 123.922 128.029 187.579 228.647 259.449 316.945 623.591 
-6.27744e+66 -6.27744e+66 -6.27744e+66 -6.27744e+66 -6.27744e+66 -6.27744e+66 -6.27744e+66 -6.27744e+66 -6.27744e+66 -6.27744e+66 -6.27744e+66 -6.27744e+66 -6.27744e+66 -6.27744e+66 -6.27744e+66 -6.27744e+66 -6.27744e+66 -6.27744e+66 -6.27744e+66 -6.27744e+66 109.548 111.602 151.301 182.103 206.744 254.658 517.497 
-6.27744e+66 -6.27744e+66 -6.27744e+66 -6.27744e+66 -6.27744e+66 -6.27744e+66 -6.27744e+66 -6.27744e+66 -6.27744e+66 -6.27744e+66 -6.27744e+66 -6.27744e+66 -6.27744e+66 -6.27744e+66 -6.27744e+66 -6.27744e+66 -6.27744e+66 -6.27744e+66 -6.27744e+66 -6.27744e+66 -6.27744e+66 109.548 129.398 149.932 168.413 206.744 425.777 
-6.27744e+66 -6.27744e+66 -6.27744e+66 -6.27744e+66 -6.27744e+66 -6.27744e+66 -6.27744e+66 -6.27744e+66 -6.27744e+66 -6.27744e+66 -6.27744e+66 -6.27744e+66 -6.27744e+66 -6.27744e+66 -6.27744e+66 -6.27744e+66 -6.27744e+66 -6.27744e+66 -6.27744e+66 -6.27744e+66 -6.27744e+66 -6.27744e+66 109.548 119.815 132.136 160.884 336.11 
-6.27744e+66 -6.27744e+66 -6.27744e+66 -6.27744e+66 -6.27744e+66 -6.27744e+66 -6.27744e+66 -6.27744e+66 -6.27744e+66 -6.27744e+66 -6.27744e+66 -6.27744e+66 -6.27744e+66 -6.27744e+66 -6.27744e+66 -6.27744e+66 -6.27744e+66 -6.27744e+66 -6.27744e+66 -6.27744e+66 -6.27744e+66 -6.27744e+66 -6.27744e+66 109.548 115.709 134.874 266.294 
-6.27744e+66 -6.27744e+66 -6.27744e+66 -6.27744e+66 -6.27744e+66 -6.27744e+66 -6.27744e+66 -6.27744e+66 -6.27744e+66 -6.27744e+66 -6.27744e+66 -6.27744e+66 -6.27744e+66 -6.27744e+66 -6.27744e+66 -6.27744e+66 -6.27744e+66 -6.27744e+66 -6.27744e+66 -6.27744e+66 -6.27744e+66 -6.27744e+66 -6.27744e+66 -6.27744e+66 109.548 119.131 206.744 
-6.27744e+66 -6.27744e+66 -6.27744e+66 -6.27744e+66 -6.27744e+66 -6.27744e+66 -6.27744e+66 -6.27744e+66 -6.27744e+66 -6.27744e+66 -6.27744e+66 -6.27744e+66 -6.27744e+66 -6.27744e+66 -6.27744e+66 -6.27744e+66 -6.27744e+66 -6.27744e+66 -6.27744e+66 -6.27744e+66 -6.27744e+66 -6.27744e+66 -6.27744e+66 -6.27744e+66 -6.27744e+66 109.548 153.355 
-6.27744e+66 -6.27744e+66 -6.27744e+66 -6.27744e+66 -6.27744e+66 -6.27744e+66 -6.27744e+66 -6.27744e+66 -6.27744e+66 -6.27744e+66 -6.27744e+66 -6.27744e+66 -6.27744e+66 -6.27744e+66 -6.27744e+66 -6.27744e+66 -6.27744e+66 -6.27744e+66 -6.27744e+66 -6.27744e+66 -6.27744e+66 -6.27744e+66 -6.27744e+66 -6.27744e+66 -6.27744e+66 -6.27744e+66 109.548 
-6.27744e+66 -6.27744e+66 -6.27744e+66 -6.27744e+66 -6.27744e+66 -6.27744e+66 -6.27744e+66 -6.27744e+66 -6.27744e+66 -6.27744e+66 -6.27744e+66 -6.27744e+66 -6.27744e+66 -6.27744e+66 -6.27744e+66 -6.27744e+66 -6.27744e+66 -6.27744e+66 -6.27744e+66 -6.27744e+66 -6.27744e+66 -6.27744e+66 -6.27744e+66 -6.27744e+66 -6.27744e+66 -6.27744e+66 -6.27744e+66 
-6.27744e+66 124.074 135.881 187.278 193.529 271.319 330.357 426.205 538.028 838.076 1213.14 1671.54 1908.39 2225.1 2279.28 2541.82 3187.76 3754.51 4699.11 5486.73 5697.88 5739.55 5841.65 6300.06 7258.54 8408.72 9415.83 
-6.27744e+66 -6.27744e+66 124.074 149.772 153.94 212.282 259.512 339.386 435.234 697.776 1031.16 1443.73 1659.04 1949.36 1999.37 2243.16 2846.03 3377.37 4266.4 5010.27 5210.3 5249.89 5347.13 5784.7 6701.51 7803.77 8770.59 
-6.27744e+66 -6.27744e+66 -6.27744e+66 124.074 126.157 165.053 200.475 264.374 344.248 569.283 860.996 1227.72 1421.5 1685.43 1731.27 1956.31 2516.12 3012.03 3845.5 4545.61 4734.53 4772.03 4864.41 5281.14 6156.28 7210.62 8137.15 
-6.27744e+66 -6.27744e+66 -6.27744e+66 -6.27744e+66 124.074 143.521 167.136 215.06 278.959 466.489 716.529 1037.41 1209.66 1447.2 1488.87 1695.16 2211.91 2672.4 3450.3 4106.65 4284.46 4319.88 4407.39 4803.29 5636.76 6643.17 7529.42 
-6.27744e+66 -6.27744e+66 -6.27744e+66 -6.27744e+66 -6.27744e+66 124.074 135.881 167.831 215.755 365.779 574.145 849.189 999.907 1211.05 1248.56 1436.09 1909.77 2334.84 3057.18 3669.78 3836.47 3869.81 3952.46 4327.52 5119.31 6077.8 6923.77 
-6.27744e+66 -6.27744e+66 -6.27744e+66 -6.27744e+66 -6.27744e+66 -6.27744e+66 124.074 140.049 171.998 284.516 451.209 680.412 809.599 994.351 1027.69 1196.47 1627.09 2016.74 2683.51 3252.35 3407.93 3439.18 3516.97 3871.2 4621.32 5531.88 6337.56 
-6.27744e+66 -6.27744e+66 -6.27744e+66 -6.27744e+66 -6.27744e+66 -6.27744e+66 -6.27744e+66 124.074 140.049 215.06 340.08 523.443 631.099 789.457 818.629 968.652 1356.21 1710.44 2321.65 2846.73 2991.2 3020.37 3093.3 3426.68 4135.13 4997.77 5763.16 
-6.27744e+66 -6.27744e+66 -6.27744e+66 -6.27744e+66 -6.27744e+66 -6.27744e+66 -6.27744e+66 -6.27744e+66 124.074 161.58 244.926 382.448 468.573 600.538 625.542 756.813 1101.31 1420.11 1975.76 2457.08 2590.44 2617.53 2685.59 2998.14 3664.91 4479.63 5204.74 
-6.27744e+66 -6.27744e+66 -6.27744e+66 -6.27744e+66 -6.27744e+66 -6.27744e+66 -6.27744e+66 -6.27744e+66 -6.27744e+66 124.074 165.747 257.428 322.022 427.594 448.431 560.949 862.386 1145.76 1645.84 2083.41 2205.65 2230.66 2293.86 2585.58 3210.68 3977.46 4662.3 
-6.27744e+66 -6.27744e+66 -6.27744e+66 -6.27744e+66 -6.27744e+66 -6.27744e+66 -6.27744e+66 -6.27744e+66 -6.27744e+66 -6.27744e+66 124.074 169.914 212.977 292.156 308.825 402.59 660.965 908.921 1353.44 1747.25 1858.38 1881.3 1939.64 2210.52 2793.94 3512.81 4157.35 
-6.27744e+66 -6.27744e+66 -6.27744e+66 -6.27744e+66 -6.27744e+66 -6.27744e+66 -6.27744e+66 -6.27744e+66 -6.27744e+66 -6.27744e+66 -6.27744e+66 124.074 145.605 198.391 210.893 285.905 501.217 713.751 1102.7 1452.76 1552.77 1573.61 1627.09 1877.13 2418.88 3089.82 3694.09 
-6.27744e+66 -6.27744e+66 -6.27744e+66 -6.27744e+66 -6.27744e+66 -6.27744e+66 -6.27744e+66 -6.27744e+66 -6.27744e+66 -6.27744e+66 -6.27744e+66 -6.27744e+66 124.074 150.467 158.802 215.06 387.31 564.422 897.808 1204.11 1293.01 1311.76 1360.38 1589.58 2089.66 2712.68 3276.66 
-6.27744e+66 -6.27744e+66 -6.27744e+66 -6.27744e+66 -6.27744e+66 -6.27744e+66 -6.27744e+66 -6.27744e+66 -6.27744e+66 -6.27744e+66 -6.27744e+66 -6.27744e+66 -6.27744e+66 124.074 128.241 165.747 294.934 436.623 714.445 976.987 1054.78 1071.45 1115.2 1323.57 1781.98 2357.07 2880.76 
-6.27744e+66 -6.27744e+66 -6.27744e+66 -6.27744e+66 -6.27744e+66 -6.27744e+66 -6.27744e+66 -6.27744e+66 -6.27744e+66 -6.27744e+66 -6.27744e+66 -6.27744e+66 -6.27744e+66 -6.27744e+66 124.074 142.827 228.952 335.218 557.476 776.261 842.938 857.524 896.419 1083.95 1500.68 2027.85 2511.26 
-6.27744e+66 -6.27744e+66 -6.27744e+66 -6.27744e+66 -6.27744e+66 -6.27744e+66 -6.27744e+66 -6.27744e+66 -6.27744e+66 -6.27744e+66 -6.27744e+66 -6.27744e+66 -6.27744e+66 -6.27744e+66 -6.27744e+66 124.074 167.136 237.981 404.674 579.702 635.266 647.768 681.801 848.494 1223.55 1702.8 2145.92 
-6.27744e+66 -6.27744e+66 -6.27744e+66 -6.27744e+66 -6.27744e+66 -6.27744e+66 -6.27744e+66 -6.27744e+66 -6.27744e+66 -6.27744e+66 -6.27744e+66 -6.27744e+66 -6.27744e+66 -6.27744e+66 -6.27744e+66 -6.27744e+66 124.074 159.496 270.625 401.896 446.347 456.766 485.937 631.793 965.18 1396.5 1799.34 
-6.27744e+66 -6.27744e+66 -6.27744e+66 -6.27744e+66 -6.27744e+66 -6.27744e+66 -6.27744e+66 -6.27744e+66 -6.27744e+66 -6.27744e+66 -6.27744e+66 -6.27744e+66 -6.27744e+66 -6.27744e+66 -6.27744e+66 -6.27744e+66 -6.27744e+66 124.074 179.638 267.152 300.491 308.825 333.135 458.155 749.868 1133.26 1495.82 
-6.27744e+66 -6.27744e+66 -6.27744e+66 -6.27744e+66 -6.27744e+66 -6.27744e+66 -6.27744e+66 -6.27744e+66 -6.27744e+66 -6.27744e+66 -6.27744e+66 -6.27744e+66 -6.27744e+66 -6.27744e+66 -6.27744e+66 -6.27744e+66 -6.27744e+66 -6.27744e+66 124.074 167.831 190.056 196.307 215.755 319.938 569.978 905.448 1227.72 
-6.27744e+66 -6.27744e+66 -6.27744e+66 -6.27744e+66 -6.27744e+66 -6.27744e+66 -6.27744e+66 -6.27744e+66 -6.27744e+66 -6.27744e+66 -6.27744e+66 -6.27744e+66 -6.27744e+66 -6.27744e+66 -6.27744e+66 -6.27744e+66 -6.27744e+66 -6.27744e+66 -6.27744e+66 124.074 135.187 139.354 153.94 237.286 445.653 733.198 1015.19 
-6.27744e+66 -6.27744e+66 -6.27744e+66 -6.27744e+66 -6.27744e+66 -6.27744e+66 -6.27744e+66 -6.27744e+66 -6.27744e+66 -6.27744e+66 -6.27744e+66 -6.27744e+66 -6.27744e+66 -6.27744e+66 -6.27744e+66 -6.27744e+66 -6.27744e+66 -6.27744e+66 -6.27744e+66 -6.27744e+66 124.074 126.157 135.881 198.391 365.084 604.706 846.411 
-6.27744e+66 -6.27744e+66 -6.27744e+66 -6.27744e+66 -6.27744e+66 -6.27744e+66 -6.27744e+66 -6.27744e+66 -6.27744e+66 -6.27744e+66 -6.27744e+66 -6.27744e+66 -6.27744e+66 -6.27744e+66 -6.27744e+66 -6.27744e+66 -6.27744e+66 -6.27744e+66 -6.27744e+66 -6.27744e+66 -6.27744e+66 124.074 128.936 170.609 295.629 487.326 688.747 
-6.27744e+66 -6.27744e+66 -6.27744e+66 -6.27744e+66 -6.27744e+66 -6.27744e+66 -6.27744e+66 -6.27744e+66 -6.27744e+66 -6.27744e+66 -6.27744e+66 -6.27744e+66 -6.27744e+66 -6.27744e+66 -6.27744e+66 -6.27744e+66 -6.27744e+66 -6.27744e+66 -6.27744e+66 -6.27744e+66 -6.27744e+66 -6.27744e+66 124.074 144.91 228.257 372.03 533.167 
-6.27744e+66 -6.27744e+66 -6.27744e+66 -6.27744e+66 -6.27744e+66 -6.27744e+66 -6.27744e+66 -6.27744e+66 -6.27744e+66 -6.27744e+66 -6.27744e+66 -6.27744e+66 -6.27744e+66 -6.27744e+66 -6.27744e+66 -6.27744e+66 -6.27744e+66 -6.27744e+66 -6.27744e+66 -6.27744e+66 -6.27744e+66 -6.27744e+66 -6.27744e+66 124.074 165.747 261.596 382.448 
-6.27744e+66 -6.27744e+66 -6.27744e+66 -6.27744e+66 -6.27744e+66 -6.27744e+66 -6.27744e+66 -6.27744e+66 -6.27744e+66 -6.27744e+66 -6.27744e+66 -6.27744e+66 -6.27744e+66 -6.27744e+66 -6.27744e+66 -6.27744e+66 -6.27744e+66 -6.27744e+66 -6.27744e+66 -6.27744e+66 -6.27744e+66 -6.27744e+66 -6.27744e+66 -6.27744e+66 124.074 171.998 252.566 
-6.27744e+66 -6.27744e+66 -6.27744e+66 -6.27744e+66 -6.27744e+66 -6.27744e+66 -6.27744e+66 -6.27744e+66 -6.27744e+66 -6.27744e+66 -6.27744e+66 -6.27744e+66 -6.27744e+66 -6.27744e+66 -6.27744e+66 -6.27744e+66 -6.27744e+66 -6.27744e+66 -6.27744e+66 -6.27744e+66 -6.27744e+66 -6.27744e+66 -6.27744e+66 -6.27744e+66 -6.27744e+66 124.074 164.358 
-6.27744e+66 -6.27744e+66 -6.27744e+66 -6.27744e+66 -6.27744e+66 -6.27744e+66 -6.27744e+66 -6.27744e+66 -6.27744e+66 -6.27744e+66 -6.27744e+66 -6.27744e+66 -6.27744e+66 -6.27744e+66 -6.27744e+66 -6.27744e+66 -6.27744e+66 -6.27744e+66 -6.27744e+66 -6.27744e+66 -6.27744e+66 -6.27744e+66 -6.27744e+66 -6.27744e+66 -6.27744e+66 -6.27744e+66 124.074 
-6.27744e+66 -6.27744e+66 -6.27744e+66 -6.27744e+66 -6.27744e+66 -6.27744e+66 -6.27744e+66 -6.27744e+66 -6.27744e+66 -6.27744e+66 -6.27744e+66 -6.27744e+66 -6.27744e+66 -6.27744e+66 -6.27744e+66 -6.27744e+66 -6.27744e+66 -6.27744e+66 -6.27744e+66 -6.27744e+66 -6.27744e+66 -6.27744e+66 -6.27744e+66 -6.27744e+66 -6.27744e+66 -6.27744e+66 -6.27744e+66 
-6.27744e+66 127.852 139.517 153.516 174.513 295.834 482.481 580.47 743.787 1117.08 1138.08 1324.73 1324.73 1436.71 1891.67 2185.63 2290.62 2626.59 2943.89 3111.87 3244.86 3618.15 4059.1 4059.1 4542.05 4598.05 5239.65 
-6.27744e+66 -6.27744e+66 127.852 134.851 148.849 239.84 389.157 470.815 610.801 937.433 956.098 1124.08 1124.08 1226.74 1646.69 1919.66 2017.65 2332.62 2631.25 2789.9 2915.89 3270.52 3690.48 3690.48 4152.43 4206.09 4822.02 
-6.27744e+66 -6.27744e+66 -6.27744e+66 127.852 134.851 195.511 307.499 372.826 489.48 769.451 785.782 935.1 935.1 1028.42 1413.38 1665.36 1756.35 2050.32 2330.29 2479.6 2598.59 2934.56 3333.51 3333.51 3774.47 3825.79 4416.07 
-6.27744e+66 -6.27744e+66 -6.27744e+66 -6.27744e+66 127.852 158.182 232.84 281.835 375.159 608.468 622.466 753.119 753.119 837.11 1187.07 1418.05 1502.04 1775.01 2036.32 2176.3 2288.29 2605.59 2983.55 2983.55 3403.51 3452.5 4017.11 
-6.27744e+66 -6.27744e+66 -6.27744e+66 -6.27744e+66 -6.27744e+66 127.852 165.181 197.844 267.837 454.484 466.149 578.137 578.137 652.796 967.763 1177.74 1254.73 1506.71 1749.35 1880 1984.99 2283.62 2640.59 2640.59 3039.54 3086.21 3625.15 
-6.27744e+66 -6.27744e+66 -6.27744e+66 -6.27744e+66 -6.27744e+66 -6.27744e+66 127.852 144.183 190.845 330.83 340.163 433.486 433.486 498.812 778.783 967.763 1037.76 1268.73 1492.71 1614.03 1712.02 1991.99 2327.95 2327.95 2705.91 2750.24 3263.52 
-6.27744e+66 -6.27744e+66 -6.27744e+66 -6.27744e+66 -6.27744e+66 -6.27744e+66 -6.27744e+66 127.852 151.182 244.506 251.505 326.164 326.164 382.158 627.132 795.114 858.108 1068.09 1273.4 1385.39 1476.38 1737.68 2052.65 2052.65 2409.61 2451.61 2939.22 
-6.27744e+66 -6.27744e+66 -6.27744e+66 -6.27744e+66 -6.27744e+66 -6.27744e+66 -6.27744e+66 -6.27744e+66 127.852 174.513 179.179 235.174 235.174 281.835 491.813 638.798 694.792 883.772 1070.42 1173.07 1257.07 1499.71 1793.68 1793.68 2129.64 2169.3 2631.25 
-6.27744e+66 -6.27744e+66 -6.27744e+66 -6.27744e+66 -6.27744e+66 -6.27744e+66 -6.27744e+66 -6.27744e+66 -6.27744e+66 127.852 130.185 167.514 167.514 204.843 379.825 505.812 554.807 722.789 890.771 984.095 1061.09 1285.06 1558.03 1558.03 1873 1910.33 2346.62 
-6.27744e+66 -6.27744e+66 -6.27744e+66 -6.27744e+66 -6.27744e+66 -6.27744e+66 -6.27744e+66 -6.27744e+66 -6.27744e+66 -6.27744e+66 127.852 146.516 146.516 174.513 314.499 419.487 461.483 608.468 757.785 841.776 911.769 1117.08 1369.05 1369.05 1663.02 1698.02 2108.64 
-6.27744e+66 -6.27744e+66 -6.27744e+66 -6.27744e+66 -6.27744e+66 -6.27744e+66 -6.27744e+66 -6.27744e+66 -6.27744e+66 -6.27744e+66 -6.27744e+66 127.852 127.852 146.516 251.505 335.496 370.493 496.479 627.132 701.791 764.784 951.431 1182.41 1182.41 1455.38 1488.04 1873 
-6.27744e+66 -6.27744e+66 -6.27744e+66 -6.27744e+66 -6.27744e+66 -6.27744e+66 -6.27744e+66 -6.27744e+66 -6.27744e+66 -6.27744e+66 -6.27744e+66 -6.27744e+66 127.852 137.184 207.177 270.17 298.167 403.156 515.144 580.47 636.465 804.447 1014.42 1014.42 1266.4 1296.73 1656.02 
-6.27744e+66 -6.27744e+66 -6.27744e+66 -6.27744e+66 -6.27744e+66 -6.27744e+66 -6.27744e+66 -6.27744e+66 -6.27744e+66 -6.27744e+66 -6.27744e+66 -6.27744e+66 -6.27744e+66 127.852 162.848 204.843 225.841 309.832 403.156 459.15 508.145 657.462 846.442 846.442 1077.42 1105.42 1439.05 
-6.27744e+66 -6.27744e+66 -6.27744e+66 -6.27744e+66 -6.27744e+66 -6.27744e+66 -6.27744e+66 -6.27744e+66 -6.27744e+66 -6.27744e+66 -6.27744e+66 -6.27744e+66 -6.27744e+66 -6.27744e+66 127.852 148.849 162.848 225.841 300.5 347.162 389.157 519.81 687.792 687.792 897.77 923.434 1231.4 
-6.27744e+66 -6.27744e+66 -6.27744e+66 -6.27744e+66 -6.27744e+66 -6.27744e+66 -6.27744e+66 -6.27744e+66 -6.27744e+66 -6.27744e+66 -6.27744e+66 -6.27744e+66 -6.27744e+66 -6.27744e+66 -6.27744e+66 127.852 134.851 176.846 232.84 270.17 305.166 417.154 564.139 564.139 753.119 776.45 1058.75 
-6.27744e+66 -6.27744e+66 -6.27744e+66 -6.27744e+66 -6.27744e+66 -6.27744e+66 -6.27744e+66 -6.27744e+66 -6.27744e+66 -6.27744e+66 -6.27744e+66 -6.27744e+66 -6.27744e+66 -6.27744e+66 -6.27744e+66 -6.27744e+66 127.852 148.849 186.179 214.176 242.173 335.496 461.483 461.483 629.465 650.463 907.103 
-6.27744e+66 -6.27744e+66 -6.27744e+66 -6.27744e+66 -6.27744e+66 -6.27744e+66 -6.27744e+66 -6.27744e+66 -6.27744e+66 -6.27744e+66 -6.27744e+66 -6.27744e+66 -6.27744e+66 -6.27744e+66 -6.27744e+66 -6.27744e+66 -6.27744e+66 127.852 146.516 165.181 186.179 260.838 365.826 365.826 512.811 531.476 762.451 
-6.27744e+66 -6.27744e+66 -6.27744e+66 -6.27744e+66 -6.27744e+66 -6.27744e+66 -6.27744e+66 -6.27744e+66 -6.27744e+66 -6.27744e+66 -6.27744e+66 -6.27744e+66 -6.27744e+66 -6.27744e+66 -6.27744e+66 -6.27744e+66 -6.27744e+66 -6.27744e+66 127.852 137.184 151.182 207.177 291.168 291.168 417.154 433.486 638.798 
-6.27744e+66 -6.27744e+66 -6.27744e+66 -6.27744e+66 -6.27744e+66 -6.27744e+66 -6.27744e+66 -6.27744e+66 -6.27744e+66 -6.27744e+66 -6.27744e+66 -6.27744e+66 -6.27744e+66 -6.27744e+66 -6.27744e+66 -6.27744e+66 -6.27744e+66 -6.27744e+66 -6.27744e+66 127.852 134.851 172.18 235.174 235.174 340.163 354.161 533.809 
-6.27744e+66 -6.27744e+66 -6.27744e+66 -6.27744e+66 -6.27744e+66 -6.27744e+66 -6.27744e+66 -6.27744e+66 -6.27744e+66 -6.27744e+66 -6.27744e+66 -6.27744e+66 -6.27744e+66 -6.27744e+66 -6.27744e+66 -6.27744e+66 -6.27744e+66 -6.27744e+66 -6.27744e+66 -6.27744e+66 127.852 146.516 188.512 188.512 272.503 284.168 438.152 
-6.27744e+66 -6.27744e+66 -6.27744e+66 -6.27744e+66 -6.27744e+66 -6.27744e+66 -6.27744e+66 -6.27744e+66 -6.27744e+66 -6.27744e+66 -6.27744e+66 -6.27744e+66 -6.27744e+66 -6.27744e+66 -6.27744e+66 -6.27744e+66 -6.27744e+66 -6.27744e+66 -6.27744e+66 -6.27744e+66 -6.27744e+66 127.852 148.849 148.849 211.843 221.175 349.495 
-6.27744e+66 -6.27744e+66 -6.27744e+66 -6.27744e+66 -6.27744e+66 -6.27744e+66 -6.27744e+66 -6.27744e+66 -6.27744e+66 -6.27744e+66 -6.27744e+66 -6.27744e+66 -6.27744e+66 -6.27744e+66 -6.27744e+66 -6.27744e+66 -6.27744e+66 -6.27744e+66 -6.27744e+66 -6.27744e+66 -6.27744e+66 -6.27744e+66 127.852 127.852 169.847 176.846 279.502 
-6.27744e+66 -6.27744e+66 -6.27744e+66 -6.27744e+66 -6.27744e+66 -6.27744e+66 -6.27744e+66 -6.27744e+66 -6.27744e+66 -6.27744e+66 -6.27744e+66 -6.27744e+66 -6.27744e+66 -6.27744e+66 -6.27744e+66 -6.27744e+66 -6.27744e+66 -6.27744e+66 -6.27744e+66 -6.27744e+66 -6.27744e+66 -6.27744e+66 -6.27744e+66 127.852 148.849 153.516 230.507 
-6.27744e+66 -6.27744e+66 -6.27744e+66 -6.27744e+66 -6.27744e+66 -6.27744e+66 -6.27744e+66 -6.27744e+66 -6.27744e+66 -6.27744e+66 -6.27744e+66 -6.27744e+66 -6.27744e+66 -6.27744e+66 -6.27744e+66 -6.27744e+66 -6.27744e+66 -6.27744e+66 -6.27744e+66 -6.27744e+66 -6.27744e+66 -6.27744e+66 -6.27744e+66 -6.27744e+66 127.852 130.185 181.513 
-6.27744e+66 -6.27744e+66 -6.27744e+66 -6.27744e+66 -6.27744e+66 -6.27744e+66 -6.27744e+66 -6.27744e+66 -6.27744e+66 -6.27744e+66 -6.27744e+66 -6.27744e+66 -6.27744e+66 -6.27744e+66 -6.27744e+66 -6.27744e+66 -6.27744e+66 -6.27744e+66 -6.27744e+66 -6.27744e+66 -6.27744e+66 -6.27744e+66 -6.27744e+66 -6.27744e+66 -6.27744e+66 127.852 153.516 
-6.27744e+66 -6.27744e+66 -6.27744e+66 -6.27744e+66 -6.27744e+66 -6.27744e+66 -6.27744e+66 -6.27744e+66 -6.27744e+66 -6.27744e+66 -6.27744e+66 -6.27744e+66 -6.27744e+66 -6.27744e+66 -6.27744e+66 -6.27744e+66 -6.27744e+66 -6.27744e+66 -6.27744e+66 -6.27744e+66 -6.27744e+66 -6.27744e+66 -6.27744e+66 -6.27744e+66 -6.27744e+66 -6.27744e+66 127.852 
-6.27744e+66 -6.27744e+66 -6.27744e+66 -6.27744e+66 -6.27744e+66 -6.27744e+66 -6.27744e+66 -6.27744e+66 -6.27744e+66 -6.27744e+66 -6.27744e+66 -6.27744e+66 -6.27744e+66 -6.27744e+66 -6.27744e+66 -6.27744e+66 -6.27744e+66 -6.27744e+66 -6.27744e+66 -6.27744e+66 -6.27744e+66 -6.27744e+66 -6.27744e+66 -6.27744e+66 -6.27744e+66 -6.27744e+66 -6.27744e+66 
-6.27744e+66 122.76 122.76 170.715 194.693 237.32 237.32 541.039 690.234 1031.25 1079.21 1105.85 1281.69 1313.66 1348.29 1833.18 1913.1 2339.37 3381.08 4196.32 4854.38 5120.8 5176.75 5293.97 5355.25 5866.78 7065.67 
-6.27744e+66 -6.27744e+66 122.76 146.737 162.723 194.693 194.693 447.792 575.674 874.064 916.691 940.669 1100.52 1129.83 1161.8 1612.05 1686.65 2086.28 3066.7 3836.66 4460.08 4713.18 4766.46 4878.36 4936.97 5427.18 6578.12 
-6.27744e+66 -6.27744e+66 -6.27744e+66 122.76 130.752 152.066 152.066 354.545 461.113 716.876 754.175 775.489 919.356 945.998 975.304 1390.92 1460.19 1833.18 2752.33 3476.99 4065.78 4305.55 4356.17 4462.74 4518.69 4987.59 6090.57 
-6.27744e+66 -6.27744e+66 -6.27744e+66 -6.27744e+66 122.76 133.416 133.416 285.276 370.53 583.666 615.637 634.286 762.168 786.146 812.788 1193.77 1257.71 1604.06 2461.93 3141.3 3695.45 3921.91 3969.87 4071.1 4124.39 4571.97 5627 
-6.27744e+66 -6.27744e+66 -6.27744e+66 -6.27744e+66 -6.27744e+66 122.76 122.76 223.999 287.94 458.449 485.091 501.076 612.973 634.286 658.264 1004.61 1063.22 1382.93 2179.52 2813.6 3333.12 3546.26 3591.55 3687.46 3738.08 4164.35 5171.42 
-6.27744e+66 -6.27744e+66 -6.27744e+66 -6.27744e+66 -6.27744e+66 -6.27744e+66 122.76 173.379 216.007 343.888 365.202 378.523 474.434 493.083 514.397 826.109 879.393 1172.45 1907.77 2496.56 2981.45 3181.26 3223.89 3314.47 3362.43 3767.39 4726.5 
-6.27744e+66 -6.27744e+66 -6.27744e+66 -6.27744e+66 -6.27744e+66 -6.27744e+66 -6.27744e+66 122.76 144.073 229.328 245.313 255.97 335.896 351.881 370.53 647.607 695.563 961.983 1636.03 2179.52 2629.77 2816.27 2856.23 2941.48 2986.78 3370.42 4281.58 
-6.27744e+66 -6.27744e+66 -6.27744e+66 -6.27744e+66 -6.27744e+66 -6.27744e+66 -6.27744e+66 -6.27744e+66 122.76 165.387 176.044 184.036 247.977 261.298 277.283 519.726 562.353 802.131 1414.9 1913.1 2328.72 2501.89 2539.19 2619.12 2661.74 3024.07 3887.28 
-6.27744e+66 -6.27744e+66 -6.27744e+66 -6.27744e+66 -6.27744e+66 -6.27744e+66 -6.27744e+66 -6.27744e+66 -6.27744e+66 122.76 128.088 133.416 181.372 192.029 205.35 413.157 450.456 663.592 1215.08 1668 2048.98 2208.83 2243.46 2318.06 2358.02 2699.04 3514.29 
-6.27744e+66 -6.27744e+66 -6.27744e+66 -6.27744e+66 -6.27744e+66 -6.27744e+66 -6.27744e+66 -6.27744e+66 -6.27744e+66 -6.27744e+66 122.76 125.424 157.394 165.387 176.044 349.217 381.187 567.681 1057.89 1465.52 1811.86 1958.39 1990.36 2059.63 2096.93 2416.64 3183.93 
-6.27744e+66 -6.27744e+66 -6.27744e+66 -6.27744e+66 -6.27744e+66 -6.27744e+66 -6.27744e+66 -6.27744e+66 -6.27744e+66 -6.27744e+66 -6.27744e+66 122.76 138.745 144.073 152.066 290.604 317.246 477.098 906.035 1268.37 1580.08 1713.29 1742.59 1806.53 1841.17 2139.56 2858.89 
-6.27744e+66 -6.27744e+66 -6.27744e+66 -6.27744e+66 -6.27744e+66 -6.27744e+66 -6.27744e+66 -6.27744e+66 -6.27744e+66 -6.27744e+66 -6.27744e+66 -6.27744e+66 122.76 125.424 130.752 234.656 255.97 389.18 756.839 1073.88 1350.96 1470.85 1497.49 1556.1 1588.07 1865.15 2536.53 
-6.27744e+66 -6.27744e+66 -6.27744e+66 -6.27744e+66 -6.27744e+66 -6.27744e+66 -6.27744e+66 -6.27744e+66 -6.27744e+66 -6.27744e+66 -6.27744e+66 -6.27744e+66 -6.27744e+66 122.76 125.424 194.693 210.678 317.246 623.629 895.378 1137.82 1244.39 1268.37 1321.65 1350.96 1606.72 2230.14 
-6.27744e+66 -6.27744e+66 -6.27744e+66 -6.27744e+66 -6.27744e+66 -6.27744e+66 -6.27744e+66 -6.27744e+66 -6.27744e+66 -6.27744e+66 -6.27744e+66 -6.27744e+66 -6.27744e+66 -6.27744e+66 122.76 157.394 168.051 247.977 493.083 719.541 927.348 1020.6 1041.91 1089.86 1116.51 1350.96 1926.42 
-6.27744e+66 -6.27744e+66 -6.27744e+66 -6.27744e+66 -6.27744e+66 -6.27744e+66 -6.27744e+66 -6.27744e+66 -6.27744e+66 -6.27744e+66 -6.27744e+66 -6.27744e+66 -6.27744e+66 -6.27744e+66 -6.27744e+66 122.76 128.088 181.372 365.202 546.368 719.541 799.467 818.116 860.743 884.721 1097.86 1625.37 
-6.27744e+66 -6.27744e+66 -6.27744e+66 -6.27744e+66 -6.27744e+66 -6.27744e+66 -6.27744e+66 -6.27744e+66 -6.27744e+66 -6.27744e+66 -6.27744e+66 -6.27744e+66 -6.27744e+66 -6.27744e+66 -6.27744e+66 -6.27744e+66 122.76 149.402 271.955 407.829 546.368 612.973 628.958 666.257 687.57 879.393 1358.95 
-6.27744e+66 -6.27744e+66 -6.27744e+66 -6.27744e+66 -6.27744e+66 -6.27744e+66 -6.27744e+66 -6.27744e+66 -6.27744e+66 -6.27744e+66 -6.27744e+66 -6.27744e+66 -6.27744e+66 -6.27744e+66 -6.27744e+66 -6.27744e+66 -6.27744e+66 122.76 184.036 274.619 378.523 431.807 445.128 477.098 495.748 666.257 1097.86 
-6.27744e+66 -6.27744e+66 -6.27744e+66 -6.27744e+66 -6.27744e+66 -6.27744e+66 -6.27744e+66 -6.27744e+66 -6.27744e+66 -6.27744e+66 -6.27744e+66 -6.27744e+66 -6.27744e+66 -6.27744e+66 -6.27744e+66 -6.27744e+66 -6.27744e+66 -6.27744e+66 122.76 168.051 237.32 277.283 287.94 314.582 330.567 479.762 863.407 
-6.27744e+66 -6.27744e+66 -6.27744e+66 -6.27744e+66 -6.27744e+66 -6.27744e+66 -6.27744e+66 -6.27744e+66 -6.27744e+66 -6.27744e+66 -6.27744e+66 -6.27744e+66 -6.27744e+66 -6.27744e+66 -6.27744e+66 -6.27744e+66 -6.27744e+66 -6.27744e+66 -6.27744e+66 122.76 157.394 184.036 192.029 213.342 226.663 354.545 690.234 
-6.27744e+66 -6.27744e+66 -6.27744e+66 -6.27744e+66 -6.27744e+66 -6.27744e+66 -6.27744e+66 -6.27744e+66 -6.27744e+66 -6.27744e+66 -6.27744e+66 -6.27744e+66 -6.27744e+66 -6.27744e+66 -6.27744e+66 -6.27744e+66 -6.27744e+66 -6.27744e+66 -6.27744e+66 -6.27744e+66 122.76 136.081 141.409 157.394 168.051 274.619 562.353 
-6.27744e+66 -6.27744e+66 -6.27744e+66 -6.27744e+66 -6.27744e+66 -6.27744e+66 -6.27744e+66 -6.27744e+66 -6.27744e+66 -6.27744e+66 -6.27744e+66 -6.27744e+66 -6.27744e+66 -6.27744e+66 -6.27744e+66 -6.27744e+66 -6.27744e+66 -6.27744e+66 -6.27744e+66 -6.27744e+66 -6.27744e+66 122.76 125.424 136.081 144.073 229.328 469.106 
-6.27744e+66 -6.27744e+66 -6.27744e+66 -6.27744e+66 -6.27744e+66 -6.27744e+66 -6.27744e+66 -6.27744e+66 -6.27744e+66 -6.27744e+66 -6.27744e+66 -6.27744e+66 -6.27744e+66 -6.27744e+66 -6.27744e+66 -6.27744e+66 -6.27744e+66 -6.27744e+66 -6.27744e+66 -6.27744e+66 -6.27744e+66 -6.27744e+66 122.76 128.088 133.416 197.357 389.18 
-6.27744e+66 -6.27744e+66 -6.27744e+66 -6.27744e+66 -6.27744e+66 -6.27744e+66 -6.27744e+66 -6.27744e+66 -6.27744e+66 -6.27744e+66 -6.27744e+66 -6.27744e+66 -6.27744e+66 -6.27744e+66 -6.27744e+66 -6.27744e+66 -6.27744e+66 -6.27744e+66 -6.27744e+66 -6.27744e+66 -6.27744e+66 -6.27744e+66 -6.27744e+66 122.76 125.424 168.051 311.918 
-6.27744e+66 -6.27744e+66 -6.27744e+66 -6.27744e+66 -6.27744e+66 -6.27744e+66 -6.27744e+66 -6.27744e+66 -6.27744e+66 -6.27744e+66 -6.27744e+66 -6.27744e+66 -6.27744e+66 -6.27744e+66 -6.27744e+66 -6.27744e+66 -6.27744e+66 -6.27744e+66 -6.27744e+66 -6.27744e+66 -6.27744e+66 -6.27744e+66 -6.27744e+66 -6.27744e+66 122.76 144.073 239.984 
-6.27744e+66 -6.27744e+66 -6.27744e+66 -6.27744e+66 -6.27744e+66 -6.27744e+66 -6.27744e+66 -6.27744e+66 -6.27744e+66 -6.27744e+66 -6.27744e+66 -6.27744e+66 -6.27744e+66 -6.27744e+66 -6.27744e+66 -6.27744e+66 -6.27744e+66 -6.27744e+66 -6.27744e+66 -6.27744e+66 -6.27744e+66 -6.27744e+66 -6.27744e+66 -6.27744e+66 -6.27744e+66 122.76 170.715 
-6.27744e+66 -6.27744e+66 -6.27744e+66 -6.27744e+66 -6.27744e+66 -6.27744e+66 -6.27744e+66 -6.27744e+66 -6.27744e+66 -6.27744e+66 -6.27744e+66 -6.27744e+66 -6.27744e+66 -6.27744e+66 -6.27744e+66 -6.27744e+66 -6.27744e+66 -6.27744e+66 -6.27744e+66 -6.27744e+66 -6.27744e+66 -6.27744e+66 -6.27744e+66 -6.27744e+66 -6.27744e+66 -6.27744e+66 122.76 
-6.27744e+66 -6.27744e+66 -6.27744e+66 -6.27744e+66 -6.27744e+66 -6.27744e+66 -6.27744e+66 -6.27744e+66 -6.27744e+66 -6.27744e+66 -6.27744e+66 -6.27744e+66 -6.27744e+66 -6.27744e+66 -6.27744e+66 -6.27744e+66 -6.27744e+66 -6.27744e+66 -6.27744e+66 -6.27744e+66 -6.27744e+66 -6.27744e+66 -6.27744e+66 -6.27744e+66 -6.27744e+66 -6.27744e+66 -6.27744e+66 
-6.27744e+66 133.768 165.521 199.038 270.483 284.596 522.746 686.805 939.95 1017.57 1208.09 1507.98 1663.22 1726.73 2024.86 2148.34 2161.57 2584.95 2749.89 2956.29 3190.91 3190.91 3468.75 4186.73 5018.49 5484.21 6057.53 
-6.27744e+66 -6.27744e+66 133.768 150.526 198.156 208.741 399.261 535.977 752.958 820.875 990.226 1260.13 1401.26 1459.47 1734.67 1849.33 1861.68 2258.6 2413.83 2608.76 2831.04 2831.04 3095.65 3780.99 4576.59 5022.9 5573.29 
-6.27744e+66 -6.27744e+66 -6.27744e+66 133.768 157.583 164.639 307.529 416.902 597.719 655.934 804.116 1044.03 1171.04 1223.97 1476.23 1582.07 1593.54 1964 2109.53 2293 2502.92 2502.92 2754.3 3407.01 4166.44 4593.35 5120.81 
-6.27744e+66 -6.27744e+66 -6.27744e+66 -6.27744e+66 133.768 137.296 232.556 314.585 459.239 507.752 634.765 844.69 957.591 1005.22 1234.55 1331.57 1342.16 1686.15 1821.99 1993.98 2191.56 2191.56 2429.71 3049.78 3773.05 4180.56 4685.08 
-6.27744e+66 -6.27744e+66 -6.27744e+66 -6.27744e+66 -6.27744e+66 133.768 181.398 236.084 344.575 383.384 489.229 669.164 767.953 810.29 1016.69 1104.89 1114.59 1432.13 1558.26 1718.79 1904.02 1904.02 2128.94 2716.37 3403.48 3791.58 4273.17 
-6.27744e+66 -6.27744e+66 -6.27744e+66 -6.27744e+66 -6.27744e+66 -6.27744e+66 133.768 161.111 233.438 262.545 347.221 497.167 581.843 618.888 802.352 881.735 890.556 1181.63 1298.06 1447.12 1620 1620 1831.69 2386.49 3037.44 3406.13 3864.79 
-6.27744e+66 -6.27744e+66 -6.27744e+66 -6.27744e+66 -6.27744e+66 -6.27744e+66 -6.27744e+66 133.768 169.931 189.336 252.843 372.8 443.363 475.116 635.647 706.21 714.148 978.76 1085.49 1223.08 1383.61 1383.61 1582.07 2104.24 2719.02 3068.31 3504.03 
-6.27744e+66 -6.27744e+66 -6.27744e+66 -6.27744e+66 -6.27744e+66 -6.27744e+66 -6.27744e+66 -6.27744e+66 133.768 143.47 185.808 275.776 332.226 358.687 496.285 558.028 565.084 803.234 900.258 1026.39 1174.57 1174.57 1359.8 1849.33 2427.95 2757.83 3170.62 
-6.27744e+66 -6.27744e+66 -6.27744e+66 -6.27744e+66 -6.27744e+66 -6.27744e+66 -6.27744e+66 -6.27744e+66 -6.27744e+66 133.768 154.937 214.915 257.253 278.422 393.087 446.009 452.183 663.872 751.194 865.859 1001.69 1001.69 1173.69 1630.59 2173.04 2483.52 2873.38 
-6.27744e+66 -6.27744e+66 -6.27744e+66 -6.27744e+66 -6.27744e+66 -6.27744e+66 -6.27744e+66 -6.27744e+66 -6.27744e+66 -6.27744e+66 133.768 163.757 191.982 207.859 299.591 343.693 348.985 534.213 611.832 715.03 838.516 838.516 997.282 1421.54 1927.83 2218.9 2585.83 
-6.27744e+66 -6.27744e+66 -6.27744e+66 -6.27744e+66 -6.27744e+66 -6.27744e+66 -6.27744e+66 -6.27744e+66 -6.27744e+66 -6.27744e+66 -6.27744e+66 133.768 147.88 158.465 227.264 262.545 266.955 425.722 493.639 585.371 696.508 696.508 842.044 1233.67 1703.79 1975.46 2319.46 
-6.27744e+66 -6.27744e+66 -6.27744e+66 -6.27744e+66 -6.27744e+66 -6.27744e+66 -6.27744e+66 -6.27744e+66 -6.27744e+66 -6.27744e+66 -6.27744e+66 -6.27744e+66 133.768 139.06 184.926 211.387 214.915 347.221 405.435 485.701 584.489 584.489 716.794 1075.78 1509.75 1762.01 2083.07 
-6.27744e+66 -6.27744e+66 -6.27744e+66 -6.27744e+66 -6.27744e+66 -6.27744e+66 -6.27744e+66 -6.27744e+66 -6.27744e+66 -6.27744e+66 -6.27744e+66 -6.27744e+66 -6.27744e+66 133.768 156.701 174.341 176.987 282.832 331.344 400.143 486.583 486.583 605.658 932.012 1329.81 1562.67 1860.8 
-6.27744e+66 -6.27744e+66 -6.27744e+66 -6.27744e+66 -6.27744e+66 -6.27744e+66 -6.27744e+66 -6.27744e+66 -6.27744e+66 -6.27744e+66 -6.27744e+66 -6.27744e+66 -6.27744e+66 -6.27744e+66 133.768 142.588 144.352 223.735 262.545 319.878 393.969 393.969 499.813 793.532 1155.17 1368.62 1643.82 
-6.27744e+66 -6.27744e+66 -6.27744e+66 -6.27744e+66 -6.27744e+66 -6.27744e+66 -6.27744e+66 -6.27744e+66 -6.27744e+66 -6.27744e+66 -6.27744e+66 -6.27744e+66 -6.27744e+66 -6.27744e+66 -6.27744e+66 133.768 134.65 187.572 216.679 262.545 324.288 324.288 416.902 677.985 1003.46 1197.5 1449.77 
-6.27744e+66 -6.27744e+66 -6.27744e+66 -6.27744e+66 -6.27744e+66 -6.27744e+66 -6.27744e+66 -6.27744e+66 -6.27744e+66 -6.27744e+66 -6.27744e+66 -6.27744e+66 -6.27744e+66 -6.27744e+66 -6.27744e+66 -6.27744e+66 133.768 160.229 179.634 214.033 263.427 263.427 342.811 571.258 860.567 1035.21 1264.54 
-6.27744e+66 -6.27744e+66 -6.27744e+66 -6.27744e+66 -6.27744e+66 -6.27744e+66 -6.27744e+66 -6.27744e+66 -6.27744e+66 -6.27744e+66 -6.27744e+66 -6.27744e+66 -6.27744e+66 -6.27744e+66 -6.27744e+66 -6.27744e+66 -6.27744e+66 133.768 143.47 166.403 203.449 203.449 269.601 465.414 718.558 873.797 1080.19 
-6.27744e+66 -6.27744e+66 -6.27744e+66 -6.27744e+66 -6.27744e+66 -6.27744e+66 -6.27744e+66 -6.27744e+66 -6.27744e+66 -6.27744e+66 -6.27744e+66 -6.27744e+66 -6.27744e+66 -6.27744e+66 -6.27744e+66 -6.27744e+66 -6.27744e+66 -6.27744e+66 133.768 145.234 169.931 169.931 222.853 386.03 603.012 738.845 922.309 
-6.27744e+66 -6.27744e+66 -6.27744e+66 -6.27744e+66 -6.27744e+66 -6.27744e+66 -6.27744e+66 -6.27744e+66 -6.27744e+66 -6.27744e+66 -6.27744e+66 -6.27744e+66 -6.27744e+66 -6.27744e+66 -6.27744e+66 -6.27744e+66 -6.27744e+66 -6.27744e+66 -6.27744e+66 133.768 146.116 146.116 185.808 316.349 497.167 613.596 774.127 
-6.27744e+66 -6.27744e+66 -6.27744e+66 -6.27744e+66 -6.27744e+66 -6.27744e+66 -6.27744e+66 -6.27744e+66 -6.27744e+66 -6.27744e+66 -6.27744e+66 -6.27744e+66 -6.27744e+66 -6.27744e+66 -6.27744e+66 -6.27744e+66 -6.27744e+66 -6.27744e+66 -6.27744e+66 -6.27744e+66 133.768 133.768 160.229 258.135 402.789 499.813 637.411 
-6.27744e+66 -6.27744e+66 -6.27744e+66 -6.27744e+66 -6.27744e+66 -6.27744e+66 -6.27744e+66 -6.27744e+66 -6.27744e+66 -6.27744e+66 -6.27744e+66 -6.27744e+66 -6.27744e+66 -6.27744e+66 -6.27744e+66 -6.27744e+66 -6.27744e+66 -6.27744e+66 -6.27744e+66 -6.27744e+66 -6.27744e+66 133.768 146.998 212.269 320.76 398.379 513.044 
-6.27744e+66 -6.27744e+66 -6.27744e+66 -6.27744e+66 -6.27744e+66 -6.27744e+66 -6.27744e+66 -6.27744e+66 -6.27744e+66 -6.27744e+66 -6.27744e+66 -6.27744e+66 -6.27744e+66 -6.27744e+66 -6.27744e+66 -6.27744e+66 -6.27744e+66 -6.27744e+66 -6.27744e+66 -6.27744e+66 -6.27744e+66 -6.27744e+66 133.768 166.403 238.73 296.945 388.676 
-6.27744e+66 -6.27744e+66 -6.27744e+66 -6.27744e+66 -6.27744e+66 -6.27744e+66 -6.27744e+66 -6.27744e+66 -6.27744e+66 -6.27744e+66 -6.27744e+66 -6.27744e+66 -6.27744e+66 -6.27744e+66 -6.27744e+66 -6.27744e+66 -6.27744e+66 -6.27744e+66 -6.27744e+66 -6.27744e+66 -6.27744e+66 -6.27744e+66 -6.27744e+66 133.768 169.931 208.741 277.54 
-6.27744e+66 -6.27744e+66 -6.27744e+66 -6.27744e+66 -6.27744e+66 -6.27744e+66 -6.27744e+66 -6.27744e+66 -6.27744e+66 -6.27744e+66 -6.27744e+66 -6.27744e+66 -6.27744e+66 -6.27744e+66 -6.27744e+66 -6.27744e+66 -6.27744e+66 -6.27744e+66 -6.27744e+66 -6.27744e+66 -6.27744e+66 -6.27744e+66 -6.27744e+66 -6.27744e+66 133.768 153.172 199.038 
-6.27744e+66 -6.27744e+66 -6.27744e+66 -6.27744e+66 -6.27744e+66 -6.27744e+66 -6.27744e+66 -6.27744e+66 -6.27744e+66 -6.27744e+66 -6.27744e+66 -6.27744e+66 -6.27744e+66 -6.27744e+66 -6.27744e+66 -6.27744e+66 -6.27744e+66 -6.27744e+66 -6.27744e+66 -6.27744e+66 -6.27744e+66 -6.27744e+66 -6.27744e+66 -6.27744e+66 -6.27744e+66 133.768 156.701 
-6.27744e+66 -6.27744e+66 -6.27744e+66 -6.27744e+66 -6.27744e+66 -6.27744e+66 -6.27744e+66 -6.27744e+66 -6.27744e+66 -6.27744e+66 -6.27744e+66 -6.27744e+66 -6.27744e+66 -6.27744e+66 -6.27744e+66 -6.27744e+66 -6.27744e+66 -6.27744e+66 -6.27744e+66 -6.27744e+66 -6.27744e+66 -6.27744e+66 -6.27744e+66 -6.27744e+66 -6.27744e+66 -6.27744e+66 133.768 
-6.27744e+66 -6.27744e+66 -6.27744e+66 -6.27744e+66 -6.27744e+66 -6.27744e+66 -6.27744e+66 -6.27744e+66 -6.27744e+66 -6.27744e+66 -6.27744e+66 -6.27744e+66 -6.27744e+66 -6.27744e+66 -6.27744e+66 -6.27744e+66 -6.27744e+66 -6.27744e+66 -6.27744e+66 -6.27744e+66 -6.27744e+66 -6.27744e+66 -6.27744e+66 -6.27744e+66 -6.27744e+66 -6.27744e+66 -6.27744e+66 
-6.27744e+66 52.6823 77.7592 115.375 120.076 182.769 190.605 284.644 317.557 380.249 634.153 759.537 1018.14 1319.07 1604.32 1889.56 2171.68 2171.68 2411.48 2411.48 2977.28 3635.54 3898.85 4622.95 4767.14 5030.45 5147.99 
-6.27744e+66 -6.27744e+66 52.6823 71.49 74.6246 121.644 127.913 206.278 234.49 289.345 515.038 627.884 862.979 1138.83 1402.13 1667.01 1930.31 1930.31 2156.01 2156.01 2692.03 3317.38 3568.15 4259.33 4397.25 4649.59 4762.44 
-6.27744e+66 -6.27744e+66 -6.27744e+66 52.6823 54.2496 85.5957 90.2976 152.99 176.499 223.519 420.999 521.307 732.893 983.662 1225.03 1469.53 1714.03 1714.03 1925.61 1925.61 2431.85 3024.29 3262.52 3920.79 4052.45 4293.81 4401.96 
-6.27744e+66 -6.27744e+66 -6.27744e+66 -6.27744e+66 52.6823 68.3553 71.49 118.509 137.317 176.499 345.769 433.538 621.614 847.306 1066.73 1290.85 1516.55 1516.55 1714.03 1714.03 2190.49 2750.02 2975.71 3601.06 3726.45 3956.84 4060.28 
-6.27744e+66 -6.27744e+66 -6.27744e+66 -6.27744e+66 -6.27744e+66 52.6823 54.2496 85.5957 99.7015 131.048 272.105 347.336 511.903 712.518 909.999 1113.75 1320.63 1320.63 1504.01 1504.01 1950.69 2477.3 2690.46 3282.9 3402.02 3621.44 3720.18 
-6.27744e+66 -6.27744e+66 -6.27744e+66 -6.27744e+66 -6.27744e+66 -6.27744e+66 52.6823 68.3553 77.7592 101.269 214.115 276.807 417.865 593.403 768.941 952.316 1140.39 1140.39 1309.66 1309.66 1726.57 2220.27 2420.88 2980.41 3093.26 3301.71 3395.75 
-6.27744e+66 -6.27744e+66 -6.27744e+66 -6.27744e+66 -6.27744e+66 -6.27744e+66 -6.27744e+66 52.6823 57.3842 73.0573 157.692 207.846 325.394 475.855 629.451 792.451 961.72 961.72 1116.88 1116.88 1504.01 1964.8 2152.87 2679.49 2786.06 2983.54 3072.88 
-6.27744e+66 -6.27744e+66 -6.27744e+66 -6.27744e+66 -6.27744e+66 -6.27744e+66 -6.27744e+66 -6.27744e+66 52.6823 60.5188 116.942 154.557 248.596 373.98 505.634 648.259 798.72 798.72 939.777 939.777 1297.12 1725 1900.54 2394.24 2494.55 2681.05 2765.69 
-6.27744e+66 -6.27744e+66 -6.27744e+66 -6.27744e+66 -6.27744e+66 -6.27744e+66 -6.27744e+66 -6.27744e+66 -6.27744e+66 52.6823 80.8938 105.971 176.499 276.807 386.518 508.768 640.422 640.422 767.374 767.374 1094.94 1489.9 1652.9 2113.69 2207.73 2383.27 2463.2 
-6.27744e+66 -6.27744e+66 -6.27744e+66 -6.27744e+66 -6.27744e+66 -6.27744e+66 -6.27744e+66 -6.27744e+66 -6.27744e+66 -6.27744e+66 52.6823 65.2207 112.24 187.471 275.24 377.115 489.961 489.961 602.807 602.807 900.595 1262.64 1413.1 1840.98 1928.75 2093.31 2168.55 
-6.27744e+66 -6.27744e+66 -6.27744e+66 -6.27744e+66 -6.27744e+66 -6.27744e+66 -6.27744e+66 -6.27744e+66 -6.27744e+66 -6.27744e+66 -6.27744e+66 52.6823 76.1919 126.346 192.173 273.672 367.711 367.711 466.451 466.451 734.46 1063.59 1201.52 1596.48 1677.98 1831.57 1902.1 
-6.27744e+66 -6.27744e+66 -6.27744e+66 -6.27744e+66 -6.27744e+66 -6.27744e+66 -6.27744e+66 -6.27744e+66 -6.27744e+66 -6.27744e+66 -6.27744e+66 -6.27744e+66 52.6823 77.7592 121.644 182.769 257.999 257.999 342.634 342.634 580.864 877.085 1002.47 1364.52 1439.75 1582.37 1648.2 
-6.27744e+66 -6.27744e+66 -6.27744e+66 -6.27744e+66 -6.27744e+66 -6.27744e+66 -6.27744e+66 -6.27744e+66 -6.27744e+66 -6.27744e+66 -6.27744e+66 -6.27744e+66 -6.27744e+66 52.6823 74.6246 115.375 171.798 171.798 242.326 242.326 450.778 714.085 826.931 1156.07 1225.03 1356.68 1417.81 
-6.27744e+66 -6.27744e+66 -6.27744e+66 -6.27744e+66 -6.27744e+66 -6.27744e+66 -6.27744e+66 -6.27744e+66 -6.27744e+66 -6.27744e+66 -6.27744e+66 -6.27744e+66 -6.27744e+66 -6.27744e+66 52.6823 73.0573 110.673 110.673 167.096 167.096 345.769 576.162 676.47 972.691 1035.38 1156.07 1212.49 
-6.27744e+66 -6.27744e+66 -6.27744e+66 -6.27744e+66 -6.27744e+66 -6.27744e+66 -6.27744e+66 -6.27744e+66 -6.27744e+66 -6.27744e+66 -6.27744e+66 -6.27744e+66 -6.27744e+66 -6.27744e+66 -6.27744e+66 52.6823 71.49 71.49 113.807 113.807 262.701 460.182 547.951 811.258 867.681 977.393 1029.11 
-6.27744e+66 -6.27744e+66 -6.27744e+66 -6.27744e+66 -6.27744e+66 -6.27744e+66 -6.27744e+66 -6.27744e+66 -6.27744e+66 -6.27744e+66 -6.27744e+66 -6.27744e+66 -6.27744e+66 -6.27744e+66 -6.27744e+66 -6.27744e+66 52.6823 52.6823 80.8938 80.8938 200.009 364.576 439.807 670.201 720.355 819.095 866.114 
-6.27744e+66 -6.27744e+66 -6.27744e+66 -6.27744e+66 -6.27744e+66 -6.27744e+66 -6.27744e+66 -6.27744e+66 -6.27744e+66 -6.27744e+66 -6.27744e+66 -6.27744e+66 -6.27744e+66 -6.27744e+66 -6.27744e+66 -6.27744e+66 -6.27744e+66 52.6823 66.788 66.788 156.124 287.778 350.47 547.951 591.836 679.605 721.922 
-6.27744e+66 -6.27744e+66 -6.27744e+66 -6.27744e+66 -6.27744e+66 -6.27744e+66 -6.27744e+66 -6.27744e+66 -6.27744e+66 -6.27744e+66 -6.27744e+66 -6.27744e+66 -6.27744e+66 -6.27744e+66 -6.27744e+66 -6.27744e+66 -6.27744e+66 -6.27744e+66 52.6823 52.6823 112.24 210.98 261.134 425.701 463.316 540.114 577.73 
-6.27744e+66 -6.27744e+66 -6.27744e+66 -6.27744e+66 -6.27744e+66 -6.27744e+66 -6.27744e+66 -6.27744e+66 -6.27744e+66 -6.27744e+66 -6.27744e+66 -6.27744e+66 -6.27744e+66 -6.27744e+66 -6.27744e+66 -6.27744e+66 -6.27744e+66 -6.27744e+66 -6.27744e+66 52.6823 82.4611 148.288 185.903 317.557 348.903 414.73 447.643 
-6.27744e+66 -6.27744e+66 -6.27744e+66 -6.27744e+66 -6.27744e+66 -6.27744e+66 -6.27744e+66 -6.27744e+66 -6.27744e+66 -6.27744e+66 -6.27744e+66 -6.27744e+66 -6.27744e+66 -6.27744e+66 -6.27744e+66 -6.27744e+66 -6.27744e+66 -6.27744e+66 -6.27744e+66 -6.27744e+66 52.6823 85.5957 110.673 209.413 234.49 289.345 317.557 
-6.27744e+66 -6.27744e+66 -6.27744e+66 -6.27744e+66 -6.27744e+66 -6.27744e+66 -6.27744e+66 -6.27744e+66 -6.27744e+66 -6.27744e+66 -6.27744e+66 -6.27744e+66 -6.27744e+66 -6.27744e+66 -6.27744e+66 -6.27744e+66 -6.27744e+66 -6.27744e+66 -6.27744e+66 -6.27744e+66 -6.27744e+66 52.6823 65.2207 131.048 149.855 193.74 217.249 
-6.27744e+66 -6.27744e+66 -6.27744e+66 -6.27744e+66 -6.27744e+66 -6.27744e+66 -6.27744e+66 -6.27744e+66 -6.27744e+66 -6.27744e+66 -6.27744e+66 -6.27744e+66 -6.27744e+66 -6.27744e+66 -6.27744e+66 -6.27744e+66 -6.27744e+66 -6.27744e+66 -6.27744e+66 -6.27744e+66 -6.27744e+66 -6.27744e+66 52.6823 85.5957 98.1342 131.048 149.855 
-6.27744e+66 -6.27744e+66 -6.27744e+66 -6.27744e+66 -6.27744e+66 -6.27744e+66 -6.27744e+66 -6.27744e+66 -6.27744e+66 -6.27744e+66 -6.27744e+66 -6.27744e+66 -6.27744e+66 -6.27744e+66 -6.27744e+66 -6.27744e+66 -6.27744e+66 -6.27744e+66 -6.27744e+66 -6.27744e+66 -6.27744e+66 -6.27744e+66 -6.27744e+66 52.6823 58.9515 80.8938 94.9995 
-6.27744e+66 -6.27744e+66 -6.27744e+66 -6.27744e+66 -6.27744e+66 -6.27744e+66 -6.27744e+66 -6.27744e+66 -6.27744e+66 -6.27744e+66 -6.27744e+66 -6.27744e+66 -6.27744e+66 -6.27744e+66 -6.27744e+66 -6.27744e+66 -6.27744e+66 -6.27744e+66 -6.27744e+66 -6.27744e+66 -6.27744e+66 -6.27744e+66 -6.27744e+66 -6.27744e+66 52.6823 63.6534 73.0573 
-6.27744e+66 -6.27744e+66 -6.27744e+66 -6.27744e+66 -6.27744e+66 -6.27744e+66 -6.27744e+66 -6.27744e+66 -6.27744e+66 -6.27744e+66 -6.27744e+66 -6.27744e+66 -6.27744e+66 -6.27744e+66 -6.27744e+66 -6.27744e+66 -6.27744e+66 -6.27744e+66 -6.27744e+66 -6.27744e+66 -6.27744e+66 -6.27744e+66 -6.27744e+66 -6.27744e+66 -6.27744e+66 52.6823 57.3842 
-6.27744e+66 -6.27744e+66 -6.27744e+66 -6.27744e+66 -6.27744e+66 -6.27744e+66 -6.27744e+66 -6.27744e+66 -6.27744e+66 -6.27744e+66 -6.27744e+66 -6.27744e+66 -6.27744e+66 -6.27744e+66 -6.27744e+66 -6.27744e+66 -6.27744e+66 -6.27744e+66 -6.27744e+66 -6.27744e+66 -6.27744e+66 -6.27744e+66 -6.27744e+66 -6.27744e+66 -6.27744e+66 -6.27744e+66 52.6823 
-6.27744e+66 -6.27744e+66 -6.27744e+66 -6.27744e+66 -6.27744e+66 -6.27744e+66 -6.27744e+66 -6.27744e+66 -6.27744e+66 -6.27744e+66 -6.27744e+66 -6.27744e+66 -6.27744e+66 -6.27744e+66 -6.27744e+66 -6.27744e+66 -6.27744e+66 -6.27744e+66 -6.27744e+66 -6.27744e+66 -6.27744e+66 -6.27744e+66 -6.27744e+66 -6.27744e+66 -6.27744e+66 -6.27744e+66 -6.27744e+66 
-6.27744e+66 116.377 129.838 180.316 225.747 259.399 343.53 565.636 600.971 749.041 885.334 1188.2 1188.2 1268.97 1356.47 1592.03 1894.9 2137.2 2137.2 2742.94 3030.67 3400.85 4284.22 4765.45 5771.66 5812.04 6443.02 
-6.27744e+66 -6.27744e+66 116.377 141.616 171.903 197.143 264.447 449.535 479.822 609.384 730.533 1003.12 1003.12 1077.15 1157.92 1376.66 1659.34 1886.49 1886.49 2458.58 2731.17 3082.83 3924.14 4383.5 5345.96 5384.66 5990.4 
-6.27744e+66 -6.27744e+66 -6.27744e+66 116.377 131.52 148.347 198.825 346.896 372.135 483.188 589.193 831.49 831.49 898.794 972.83 1174.74 1437.23 1649.24 1649.24 2187.68 2445.12 2778.28 3577.52 4015 4933.71 4970.73 5551.24 
-6.27744e+66 -6.27744e+66 -6.27744e+66 -6.27744e+66 116.377 124.79 158.442 269.495 289.687 382.231 473.092 685.102 685.102 745.676 812.981 998.069 1240.37 1437.23 1437.23 1942.02 2184.32 2498.96 3256.14 3671.75 4546.71 4582.05 5137.31 
-6.27744e+66 -6.27744e+66 -6.27744e+66 -6.27744e+66 -6.27744e+66 116.377 133.203 207.238 222.382 296.417 372.135 553.858 553.858 607.701 668.276 836.538 1058.64 1240.37 1240.37 1711.5 1938.65 2234.79 2949.91 3343.64 4174.85 4208.51 4738.53 
-6.27744e+66 -6.27744e+66 -6.27744e+66 -6.27744e+66 -6.27744e+66 -6.27744e+66 116.377 153.394 163.49 219.017 279.591 431.027 431.027 478.14 531.984 683.419 885.334 1051.91 1051.91 1489.39 1701.4 1979.04 2652.08 3023.94 3811.41 3843.38 4348.16 
-6.27744e+66 -6.27744e+66 -6.27744e+66 -6.27744e+66 -6.27744e+66 -6.27744e+66 -6.27744e+66 116.377 121.425 158.442 203.873 325.022 325.022 365.404 412.518 547.127 728.85 880.286 880.286 1284.11 1480.98 1740.1 2371.09 2721.07 3464.79 3495.08 3974.62 
-6.27744e+66 -6.27744e+66 -6.27744e+66 -6.27744e+66 -6.27744e+66 -6.27744e+66 -6.27744e+66 -6.27744e+66 116.377 134.886 165.173 256.034 256.034 289.687 330.069 447.853 609.384 745.676 745.676 1115.85 1297.58 1538.19 2127.11 2455.22 3155.19 3183.79 3638.1 
-6.27744e+66 -6.27744e+66 -6.27744e+66 -6.27744e+66 -6.27744e+66 -6.27744e+66 -6.27744e+66 -6.27744e+66 -6.27744e+66 116.377 131.52 192.095 192.095 219.017 252.669 353.626 494.966 616.115 616.115 952.638 1119.22 1341.32 1888.17 2194.41 2850.63 2877.55 3306.62 
-6.27744e+66 -6.27744e+66 -6.27744e+66 -6.27744e+66 -6.27744e+66 -6.27744e+66 -6.27744e+66 -6.27744e+66 -6.27744e+66 -6.27744e+66 116.377 146.664 146.664 166.855 193.777 277.908 399.057 505.062 505.062 807.933 959.369 1162.97 1667.75 1952.11 2564.59 2589.83 2993.65 
-6.27744e+66 -6.27744e+66 -6.27744e+66 -6.27744e+66 -6.27744e+66 -6.27744e+66 -6.27744e+66 -6.27744e+66 -6.27744e+66 -6.27744e+66 -6.27744e+66 116.377 116.377 129.838 150.029 217.334 318.291 409.152 409.152 678.371 814.664 999.752 1462.47 1724.96 2293.69 2317.24 2695.83 
-6.27744e+66 -6.27744e+66 -6.27744e+66 -6.27744e+66 -6.27744e+66 -6.27744e+66 -6.27744e+66 -6.27744e+66 -6.27744e+66 -6.27744e+66 -6.27744e+66 -6.27744e+66 116.377 123.107 136.568 187.047 267.813 343.53 343.53 579.097 700.245 866.825 1287.48 1528.09 2053.07 2074.94 2428.29 
-6.27744e+66 -6.27744e+66 -6.27744e+66 -6.27744e+66 -6.27744e+66 -6.27744e+66 -6.27744e+66 -6.27744e+66 -6.27744e+66 -6.27744e+66 -6.27744e+66 -6.27744e+66 -6.27744e+66 116.377 123.107 156.76 217.334 277.908 277.908 479.822 585.827 733.898 1112.49 1331.23 1812.46 1832.65 2160.76 
-6.27744e+66 -6.27744e+66 -6.27744e+66 -6.27744e+66 -6.27744e+66 -6.27744e+66 -6.27744e+66 -6.27744e+66 -6.27744e+66 -6.27744e+66 -6.27744e+66 -6.27744e+66 -6.27744e+66 -6.27744e+66 116.377 133.203 173.586 219.017 219.017 387.278 478.14 607.701 944.225 1141.09 1578.57 1597.08 1899.95 
-6.27744e+66 -6.27744e+66 -6.27744e+66 -6.27744e+66 -6.27744e+66 -6.27744e+66 -6.27744e+66 -6.27744e+66 -6.27744e+66 -6.27744e+66 -6.27744e+66 -6.27744e+66 -6.27744e+66 -6.27744e+66 -6.27744e+66 116.377 136.568 166.855 166.855 301.465 377.183 488.236 782.694 957.686 1351.42 1368.25 1645.88 
-6.27744e+66 -6.27744e+66 -6.27744e+66 -6.27744e+66 -6.27744e+66 -6.27744e+66 -6.27744e+66 -6.27744e+66 -6.27744e+66 -6.27744e+66 -6.27744e+66 -6.27744e+66 -6.27744e+66 -6.27744e+66 -6.27744e+66 -6.27744e+66 116.377 131.52 131.52 232.478 293.052 385.596 637.989 791.107 1141.09 1156.24 1408.63 
-6.27744e+66 -6.27744e+66 -6.27744e+66 -6.27744e+66 -6.27744e+66 -6.27744e+66 -6.27744e+66 -6.27744e+66 -6.27744e+66 -6.27744e+66 -6.27744e+66 -6.27744e+66 -6.27744e+66 -6.27744e+66 -6.27744e+66 -6.27744e+66 -6.27744e+66 116.377 116.377 183.682 229.112 303.147 513.475 644.719 950.956 964.417 1191.57 
-6.27744e+66 -6.27744e+66 -6.27744e+66 -6.27744e+66 -6.27744e+66 -6.27744e+66 -6.27744e+66 -6.27744e+66 -6.27744e+66 -6.27744e+66 -6.27744e+66 -6.27744e+66 -6.27744e+66 -6.27744e+66 -6.27744e+66 -6.27744e+66 -6.27744e+66 -6.27744e+66 116.377 150.029 180.316 235.843 404.105 513.475 775.963 787.742 989.656 
-6.27744e+66 -6.27744e+66 -6.27744e+66 -6.27744e+66 -6.27744e+66 -6.27744e+66 -6.27744e+66 -6.27744e+66 -6.27744e+66 -6.27744e+66 -6.27744e+66 -6.27744e+66 -6.27744e+66 -6.27744e+66 -6.27744e+66 -6.27744e+66 -6.27744e+66 -6.27744e+66 -6.27744e+66 116.377 131.52 168.538 294.734 382.231 600.971 611.067 787.742 
-6.27744e+66 -6.27744e+66 -6.27744e+66 -6.27744e+66 -6.27744e+66 -6.27744e+66 -6.27744e+66 -6.27744e+66 -6.27744e+66 -6.27744e+66 -6.27744e+66 -6.27744e+66 -6.27744e+66 -6.27744e+66 -6.27744e+66 -6.27744e+66 -6.27744e+66 -6.27744e+66 -6.27744e+66 -6.27744e+66 116.377 134.886 219.017 284.639 459.631 468.044 619.48 
-6.27744e+66 -6.27744e+66 -6.27744e+66 -6.27744e+66 -6.27744e+66 -6.27744e+66 -6.27744e+66 -6.27744e+66 -6.27744e+66 -6.27744e+66 -6.27744e+66 -6.27744e+66 -6.27744e+66 -6.27744e+66 -6.27744e+66 -6.27744e+66 -6.27744e+66 -6.27744e+66 -6.27744e+66 -6.27744e+66 -6.27744e+66 116.377 158.442 202.19 333.435 340.165 466.362 
-6.27744e+66 -6.27744e+66 -6.27744e+66 -6.27744e+66 -6.27744e+66 -6.27744e+66 -6.27744e+66 -6.27744e+66 -6.27744e+66 -6.27744e+66 -6.27744e+66 -6.27744e+66 -6.27744e+66 -6.27744e+66 -6.27744e+66 -6.27744e+66 -6.27744e+66 -6.27744e+66 -6.27744e+66 -6.27744e+66 -6.27744e+66 -6.27744e+66 116.377 138.251 225.747 230.795 331.752 
-6.27744e+66 -6.27744e+66 -6.27744e+66 -6.27744e+66 -6.27744e+66 -6.27744e+66 -6.27744e+66 -6.27744e+66 -6.27744e+66 -6.27744e+66 -6.27744e+66 -6.27744e+66 -6.27744e+66 -6.27744e+66 -6.27744e+66 -6.27744e+66 -6.27744e+66 -6.27744e+66 -6.27744e+66 -6.27744e+66 -6.27744e+66 -6.27744e+66 -6.27744e+66 116.377 160.125 163.49 239.208 
-6.27744e+66 -6.27744e+66 -6.27744e+66 -6.27744e+66 -6.27744e+66 -6.27744e+66 -6.27744e+66 -6.27744e+66 -6.27744e+66 -6.27744e+66 -6.27744e+66 -6.27744e+66 -6.27744e+66 -6.27744e+66 -6.27744e+66 -6.27744e+66 -6.27744e+66 -6.27744e+66 -6.27744e+66 -6.27744e+66 -6.27744e+66 -6.27744e+66 -6.27744e+66 -6.27744e+66 116.377 118.059 168.538 
-6.27744e+66 -6.27744e+66 -6.27744e+66 -6.27744e+66 -6.27744e+66 -6.27744e+66 -6.27744e+66 -6.27744e+66 -6.27744e+66 -6.27744e+66 -6.27744e+66 -6.27744e+66 -6.27744e+66 -6.27744e+66 -6.27744e+66 -6.27744e+66 -6.27744e+66 -6.27744e+66 -6.27744e+66 -6.27744e+66 -6.27744e+66 -6.27744e+66 -6.27744e+66 -6.27744e+66 -6.27744e+66 116.377 141.616 
-6.27744e+66 -6.27744e+66 -6.27744e+66 -6.27744e+66 -6.27744e+66 -6.27744e+66 -6.27744e+66 -6.27744e+66 -6.27744e+66 -6.27744e+66 -6.27744e+66 -6.27744e+66 -6.27744e+66 -6.27744e+66 -6.27744e+66 -6.27744e+66 -6.27744e+66 -6.27744e+66 -6.27744e+66 -6.27744e+66 -6.27744e+66 -6.27744e+66 -6.27744e+66 -6.27744e+66 -6.27744e+66 -6.27744e+66 116.377 
-6.27744e+66 -6.27744e+66 -6.27744e+66 -6.27744e+66 -6.27744e+66 -6.27744e+66 -6.27744e+66 -6.27744e+66 -6.27744e+66 -6.27744e+66 -6.27744e+66 -6.27744e+66 -6.27744e+66 -6.27744e+66 -6.27744e+66 -6.27744e+66 -6.27744e+66 -6.27744e+66 -6.27744e+66 -6.27744e+66 -6.27744e+66 -6.27744e+66 -6.27744e+66 -6.27744e+66 -6.27744e+66 -6.27744e+66 -6.27744e+66 
-6.27744e+66 93.5146 101.053 146.284 206.592 337.26 374.952 450.337 766.954 787.057 900.135 1076.03 1131.32 1493.16 1493.16 1774.6 1887.68 2571.17 2742.04 3375.28 3852.72 3852.72 4485.95 5149.34 6016.27 6257.5 6320.32 
-6.27744e+66 -6.27744e+66 93.5146 116.13 156.336 254.336 284.49 347.311 618.697 636.287 736.8 895.109 945.366 1277.06 1277.06 1538.39 1643.93 2284.71 2445.53 3043.58 3495.89 3495.89 4098.97 4732.21 5561.44 5792.62 5852.93 
-6.27744e+66 -6.27744e+66 -6.27744e+66 93.5146 113.617 178.951 201.567 251.823 477.978 493.055 581.005 721.723 766.954 1068.49 1068.49 1309.73 1407.73 2005.78 2156.55 2719.43 3146.61 3146.61 3719.54 4322.62 5114.16 5335.29 5393.08 
-6.27744e+66 -6.27744e+66 -6.27744e+66 -6.27744e+66 93.5146 126.181 141.259 178.951 359.875 372.439 447.824 570.953 611.159 882.545 882.545 1103.67 1194.14 1749.47 1890.19 2417.89 2819.94 2819.94 3362.71 3935.64 4689.49 4900.57 4955.85 
-6.27744e+66 -6.27744e+66 -6.27744e+66 -6.27744e+66 -6.27744e+66 93.5146 101.053 126.181 261.875 271.926 334.747 440.286 475.466 716.698 716.698 917.725 1000.65 1513.27 1643.93 2136.45 2513.37 2513.37 3025.99 3568.77 4284.92 4485.95 4538.72 
-6.27744e+66 -6.27744e+66 -6.27744e+66 -6.27744e+66 -6.27744e+66 -6.27744e+66 93.5146 106.079 196.541 204.079 254.336 342.285 372.439 583.517 583.517 764.442 839.827 1309.73 1430.34 1887.68 2239.48 2239.48 2721.94 3234.56 3913.02 4104 4154.26 
-6.27744e+66 -6.27744e+66 -6.27744e+66 -6.27744e+66 -6.27744e+66 -6.27744e+66 -6.27744e+66 93.5146 138.746 143.771 181.464 251.823 276.952 457.876 457.876 618.697 686.544 1113.73 1224.29 1646.45 1973.12 1973.12 2425.43 2907.89 3548.66 3729.59 3777.33 
-6.27744e+66 -6.27744e+66 -6.27744e+66 -6.27744e+66 -6.27744e+66 -6.27744e+66 -6.27744e+66 -6.27744e+66 93.5146 96.0275 121.156 173.925 194.028 344.798 344.798 485.517 545.825 930.289 1030.8 1417.78 1719.32 1719.32 2141.48 2593.79 3196.87 3367.74 3412.97 
-6.27744e+66 -6.27744e+66 -6.27744e+66 -6.27744e+66 -6.27744e+66 -6.27744e+66 -6.27744e+66 -6.27744e+66 -6.27744e+66 93.5146 106.079 141.259 156.336 276.952 276.952 397.568 450.337 792.083 882.545 1234.34 1510.75 1510.75 1902.76 2324.91 2890.3 3051.12 3093.84 
-6.27744e+66 -6.27744e+66 -6.27744e+66 -6.27744e+66 -6.27744e+66 -6.27744e+66 -6.27744e+66 -6.27744e+66 -6.27744e+66 -6.27744e+66 93.5146 111.104 121.156 211.618 211.618 312.131 357.362 656.39 736.8 1053.42 1304.7 1304.7 1666.55 2058.55 2586.25 2737.02 2777.22 
-6.27744e+66 -6.27744e+66 -6.27744e+66 -6.27744e+66 -6.27744e+66 -6.27744e+66 -6.27744e+66 -6.27744e+66 -6.27744e+66 -6.27744e+66 -6.27744e+66 93.5146 98.5403 158.848 158.848 239.259 276.952 533.261 603.62 885.058 1111.21 1111.21 1442.91 1804.76 2294.76 2435.48 2473.17 
-6.27744e+66 -6.27744e+66 -6.27744e+66 -6.27744e+66 -6.27744e+66 -6.27744e+66 -6.27744e+66 -6.27744e+66 -6.27744e+66 -6.27744e+66 -6.27744e+66 -6.27744e+66 93.5146 123.669 123.669 183.977 214.131 427.722 488.03 734.288 935.314 935.314 1236.85 1568.55 2020.86 2151.53 2186.71 
-6.27744e+66 -6.27744e+66 -6.27744e+66 -6.27744e+66 -6.27744e+66 -6.27744e+66 -6.27744e+66 -6.27744e+66 -6.27744e+66 -6.27744e+66 -6.27744e+66 -6.27744e+66 -6.27744e+66 93.5146 93.5146 133.72 156.336 327.208 377.465 588.543 764.442 764.442 1035.83 1337.37 1751.99 1872.6 1905.27 
-6.27744e+66 -6.27744e+66 -6.27744e+66 -6.27744e+66 -6.27744e+66 -6.27744e+66 -6.27744e+66 -6.27744e+66 -6.27744e+66 -6.27744e+66 -6.27744e+66 -6.27744e+66 -6.27744e+66 -6.27744e+66 93.5146 113.617 128.694 256.849 297.054 472.953 623.723 623.723 864.955 1136.34 1513.27 1623.83 1653.99 
-6.27744e+66 -6.27744e+66 -6.27744e+66 -6.27744e+66 -6.27744e+66 -6.27744e+66 -6.27744e+66 -6.27744e+66 -6.27744e+66 -6.27744e+66 -6.27744e+66 -6.27744e+66 -6.27744e+66 -6.27744e+66 -6.27744e+66 93.5146 101.053 186.49 216.644 357.362 483.004 483.004 694.082 935.314 1274.55 1375.06 1402.7 
-6.27744e+66 -6.27744e+66 -6.27744e+66 -6.27744e+66 -6.27744e+66 -6.27744e+66 -6.27744e+66 -6.27744e+66 -6.27744e+66 -6.27744e+66 -6.27744e+66 -6.27744e+66 -6.27744e+66 -6.27744e+66 -6.27744e+66 -6.27744e+66 93.5146 136.233 156.336 261.875 362.388 362.388 543.312 754.39 1055.93 1146.39 1171.52 
-6.27744e+66 -6.27744e+66 -6.27744e+66 -6.27744e+66 -6.27744e+66 -6.27744e+66 -6.27744e+66 -6.27744e+66 -6.27744e+66 -6.27744e+66 -6.27744e+66 -6.27744e+66 -6.27744e+66 -6.27744e+66 -6.27744e+66 -6.27744e+66 -6.27744e+66 93.5146 103.566 173.925 249.31 249.31 400.081 581.005 844.852 925.263 947.879 
-6.27744e+66 -6.27744e+66 -6.27744e+66 -6.27744e+66 -6.27744e+66 -6.27744e+66 -6.27744e+66 -6.27744e+66 -6.27744e+66 -6.27744e+66 -6.27744e+66 -6.27744e+66 -6.27744e+66 -6.27744e+66 -6.27744e+66 -6.27744e+66 -6.27744e+66 -6.27744e+66 93.5146 128.694 178.951 178.951 299.567 450.337 676.492 746.852 766.954 
-6.27744e+66 -6.27744e+66 -6.27744e+66 -6.27744e+66 -6.27744e+66 -6.27744e+66 -6.27744e+66 -6.27744e+66 -6.27744e+66 -6.27744e+66 -6.27744e+66 -6.27744e+66 -6.27744e+66 -6.27744e+66 -6.27744e+66 -6.27744e+66 -6.27744e+66 -6.27744e+66 -6.27744e+66 93.5146 118.643 118.643 209.105 329.721 518.184 578.492 596.082 
-6.27744e+66 -6.27744e+66 -6.27744e+66 -6.27744e+66 -6.27744e+66 -6.27744e+66 -6.27744e+66 -6.27744e+66 -6.27744e+66 -6.27744e+66 -6.27744e+66 -6.27744e+66 -6.27744e+66 -6.27744e+66 -6.27744e+66 -6.27744e+66 -6.27744e+66 -6.27744e+66 -6.27744e+66 -6.27744e+66 93.5146 93.5146 153.823 244.285 395.055 445.312 460.389 
-6.27744e+66 -6.27744e+66 -6.27744e+66 -6.27744e+66 -6.27744e+66 -6.27744e+66 -6.27744e+66 -6.27744e+66 -6.27744e+66 -6.27744e+66 -6.27744e+66 -6.27744e+66 -6.27744e+66 -6.27744e+66 -6.27744e+66 -6.27744e+66 -6.27744e+66 -6.27744e+66 -6.27744e+66 -6.27744e+66 -6.27744e+66 93.5146 123.669 183.977 297.054 337.26 349.824 
-6.27744e+66 -6.27744e+66 -6.27744e+66 -6.27744e+66 -6.27744e+66 -6.27744e+66 -6.27744e+66 -6.27744e+66 -6.27744e+66 -6.27744e+66 -6.27744e+66 -6.27744e+66 -6.27744e+66 -6.27744e+66 -6.27744e+66 -6.27744e+66 -6.27744e+66 -6.27744e+66 -6.27744e+66 -6.27744e+66 -6.27744e+66 -6.27744e+66 93.5146 123.669 199.054 229.208 239.259 
-6.27744e+66 -6.27744e+66 -6.27744e+66 -6.27744e+66 -6.27744e+66 -6.27744e+66 -6.27744e+66 -6.27744e+66 -6.27744e+66 -6.27744e+66 -6.27744e+66 -6.27744e+66 -6.27744e+66 -6.27744e+66 -6.27744e+66 -6.27744e+66 -6.27744e+66 -6.27744e+66 -6.27744e+66 -6.27744e+66 -6.27744e+66 -6.27744e+66 -6.27744e+66 93.5146 131.207 151.31 158.848 
-6.27744e+66 -6.27744e+66 -6.27744e+66 -6.27744e+66 -6.27744e+66 -6.27744e+66 -6.27744e+66 -6.27744e+66 -6.27744e+66 -6.27744e+66 -6.27744e+66 -6.27744e+66 -6.27744e+66 -6.27744e+66 -6.27744e+66 -6.27744e+66 -6.27744e+66 -6.27744e+66 -6.27744e+66 -6.27744e+66 -6.27744e+66 -6.27744e+66 -6.27744e+66 -6.27744e+66 93.5146 103.566 108.592 
-6.27744e+66 -6.27744e+66 -6.27744e+66 -6.27744e+66 -6.27744e+66 -6.27744e+66 -6.27744e+66 -6.27744e+66 -6.27744e+66 -6.27744e+66 -6.27744e+66 -6.27744e+66 -6.27744e+66 -6.27744e+66 -6.27744e+66 -6.27744e+66 -6.27744e+66 -6.27744e+66 -6.27744e+66 -6.27744e+66 -6.27744e+66 -6.27744e+66 -6.27744e+66 -6.27744e+66 -6.27744e+66 93.5146 96.0275 
-6.27744e+66 -6.27744e+66 -6.27744e+66 -6.27744e+66 -6.27744e+66 -6.27744e+66 -6.27744e+66 -6.27744e+66 -6.27744e+66 -6.27744e+66 -6.27744e+66 -6.27744e+66 -6.27744e+66 -6.27744e+66 -6.27744e+66 -6.27744e+66 -6.27744e+66 -6.27744e+66 -6.27744e+66 -6.27744e+66 -6.27744e+66 -6.27744e+66 -6.27744e+66 -6.27744e+66 -6.27744e+66 -6.27744e+66 93.5146 
-6.27744e+66 -6.27744e+66 -6.27744e+66 -6.27744e+66 -6.27744e+66 -6.27744e+66 -6.27744e+66 -6.27744e+66 -6.27744e+66 -6.27744e+66 -6.27744e+66 -6.27744e+66 -6.27744e+66 -6.27744e+66 -6.27744e+66 -6.27744e+66 -6.27744e+66 -6.27744e+66 -6.27744e+66 -6.27744e+66 -6.27744e+66 -6.27744e+66 -6.27744e+66 -6.27744e+66 -6.27744e+66 -6.27744e+66 -6.27744e+66 
-6.27744e+66 43.9617 64.4888 73.9628 130.807 225.547 233.442 375.552 519.241 519.241 718.196 812.936 1160.32 1330.85 1536.12 1602.44 1720.86 1897.71 1951.4 2434.57 2494.57 2684.05 3214.6 3423.03 3568.29 3606.19 4040.42 
-6.27744e+66 -6.27744e+66 43.9617 48.6988 86.5948 157.65 163.966 282.391 405.553 405.553 582.401 667.668 983.468 1139.79 1329.27 1390.85 1501.38 1667.18 1717.7 2174.04 2230.88 2410.89 2916.17 3115.12 3254.07 3290.39 3707.25 
-6.27744e+66 -6.27744e+66 -6.27744e+66 43.9617 62.9098 110.28 115.017 209.757 312.392 312.392 467.134 542.926 827.147 969.257 1142.95 1199.79 1302.43 1457.17 1504.54 1934.03 1987.71 2158.25 2638.26 2827.74 2960.38 2995.12 3394.6 
-6.27744e+66 -6.27744e+66 -6.27744e+66 -6.27744e+66 43.9617 67.6468 70.8048 141.86 223.968 223.968 356.604 422.922 675.563 803.462 961.362 1013.47 1108.21 1251.9 1296.11 1698.76 1749.28 1910.34 2365.09 2545.1 2671.42 2704.58 3086.7 
-6.27744e+66 -6.27744e+66 -6.27744e+66 -6.27744e+66 -6.27744e+66 43.9617 45.5407 92.9108 154.492 154.492 265.022 321.866 542.926 656.615 798.725 846.095 932.94 1065.58 1106.63 1482.43 1529.8 1681.39 2110.88 2281.41 2401.41 2432.99 2797.74 
-6.27744e+66 -6.27744e+66 -6.27744e+66 -6.27744e+66 -6.27744e+66 -6.27744e+66 43.9617 67.6468 108.701 108.701 197.125 244.495 433.975 533.452 659.773 702.406 781.356 902.939 940.835 1289.79 1334.01 1476.12 1880.34 2041.4 2155.09 2185.09 2532.47 
-6.27744e+66 -6.27744e+66 -6.27744e+66 -6.27744e+66 -6.27744e+66 -6.27744e+66 -6.27744e+66 43.9617 64.4888 64.4888 130.807 168.703 326.603 411.869 522.399 560.295 631.351 741.881 776.619 1098.74 1139.79 1272.43 1651.39 1802.97 1910.34 1938.76 2268.78 
-6.27744e+66 -6.27744e+66 -6.27744e+66 -6.27744e+66 -6.27744e+66 -6.27744e+66 -6.27744e+66 -6.27744e+66 43.9617 43.9617 88.1738 116.596 242.916 313.971 408.711 441.87 505.03 604.508 636.088 931.361 969.257 1092.42 1446.12 1588.23 1689.28 1716.13 2028.77 
-6.27744e+66 -6.27744e+66 -6.27744e+66 -6.27744e+66 -6.27744e+66 -6.27744e+66 -6.27744e+66 -6.27744e+66 -6.27744e+66 43.9617 66.0678 85.0158 179.756 236.6 315.55 343.972 399.237 487.661 516.083 784.514 819.252 932.94 1261.37 1394.01 1488.75 1514.01 1809.29 
-6.27744e+66 -6.27744e+66 -6.27744e+66 -6.27744e+66 -6.27744e+66 -6.27744e+66 -6.27744e+66 -6.27744e+66 -6.27744e+66 -6.27744e+66 43.9617 53.4358 116.596 159.229 222.389 246.074 293.444 370.815 396.079 637.667 669.247 773.461 1076.63 1199.79 1288.22 1311.9 1589.8 
-6.27744e+66 -6.27744e+66 -6.27744e+66 -6.27744e+66 -6.27744e+66 -6.27744e+66 -6.27744e+66 -6.27744e+66 -6.27744e+66 -6.27744e+66 -6.27744e+66 43.9617 75.5418 103.964 151.334 170.282 209.757 276.075 298.181 512.925 541.347 636.088 913.992 1027.68 1109.79 1131.89 1392.43 
-6.27744e+66 -6.27744e+66 -6.27744e+66 -6.27744e+66 -6.27744e+66 -6.27744e+66 -6.27744e+66 -6.27744e+66 -6.27744e+66 -6.27744e+66 -6.27744e+66 -6.27744e+66 43.9617 58.1728 89.7528 103.964 135.544 190.809 209.757 397.658 422.922 508.188 760.829 865.043 940.835 961.362 1204.53 
-6.27744e+66 -6.27744e+66 -6.27744e+66 -6.27744e+66 -6.27744e+66 -6.27744e+66 -6.27744e+66 -6.27744e+66 -6.27744e+66 -6.27744e+66 -6.27744e+66 -6.27744e+66 -6.27744e+66 43.9617 59.7518 69.2258 92.9108 137.123 152.913 313.971 336.077 411.869 639.246 733.986 803.462 822.41 1048.21 
-6.27744e+66 -6.27744e+66 -6.27744e+66 -6.27744e+66 -6.27744e+66 -6.27744e+66 -6.27744e+66 -6.27744e+66 -6.27744e+66 -6.27744e+66 -6.27744e+66 -6.27744e+66 -6.27744e+66 -6.27744e+66 43.9617 48.6988 64.4888 97.6478 110.28 244.495 263.443 329.761 531.873 617.14 680.3 697.669 906.097 
-6.27744e+66 -6.27744e+66 -6.27744e+66 -6.27744e+66 -6.27744e+66 -6.27744e+66 -6.27744e+66 -6.27744e+66 -6.27744e+66 -6.27744e+66 -6.27744e+66 -6.27744e+66 -6.27744e+66 -6.27744e+66 -6.27744e+66 43.9617 51.8568 73.9628 83.4368 190.809 206.599 263.443 440.291 516.083 572.927 588.717 779.777 
-6.27744e+66 -6.27744e+66 -6.27744e+66 -6.27744e+66 -6.27744e+66 -6.27744e+66 -6.27744e+66 -6.27744e+66 -6.27744e+66 -6.27744e+66 -6.27744e+66 -6.27744e+66 -6.27744e+66 -6.27744e+66 -6.27744e+66 -6.27744e+66 43.9617 55.0148 61.3308 141.86 154.492 201.862 353.446 419.764 470.292 484.503 658.194 
-6.27744e+66 -6.27744e+66 -6.27744e+66 -6.27744e+66 -6.27744e+66 -6.27744e+66 -6.27744e+66 -6.27744e+66 -6.27744e+66 -6.27744e+66 -6.27744e+66 -6.27744e+66 -6.27744e+66 -6.27744e+66 -6.27744e+66 -6.27744e+66 -6.27744e+66 43.9617 47.1197 100.806 110.28 148.176 274.496 331.34 375.552 388.184 544.505 
-6.27744e+66 -6.27744e+66 -6.27744e+66 -6.27744e+66 -6.27744e+66 -6.27744e+66 -6.27744e+66 -6.27744e+66 -6.27744e+66 -6.27744e+66 -6.27744e+66 -6.27744e+66 -6.27744e+66 -6.27744e+66 -6.27744e+66 -6.27744e+66 -6.27744e+66 -6.27744e+66 43.9617 70.8048 77.1208 105.543 206.599 253.969 291.865 302.918 441.87 
-6.27744e+66 -6.27744e+66 -6.27744e+66 -6.27744e+66 -6.27744e+66 -6.27744e+66 -6.27744e+66 -6.27744e+66 -6.27744e+66 -6.27744e+66 -6.27744e+66 -6.27744e+66 -6.27744e+66 -6.27744e+66 -6.27744e+66 -6.27744e+66 -6.27744e+66 -6.27744e+66 -6.27744e+66 43.9617 47.1197 66.0678 141.86 179.756 211.336 220.81 342.393 
-6.27744e+66 -6.27744e+66 -6.27744e+66 -6.27744e+66 -6.27744e+66 -6.27744e+66 -6.27744e+66 -6.27744e+66 -6.27744e+66 -6.27744e+66 -6.27744e+66 -6.27744e+66 -6.27744e+66 -6.27744e+66 -6.27744e+66 -6.27744e+66 -6.27744e+66 -6.27744e+66 -6.27744e+66 -6.27744e+66 43.9617 53.4358 103.964 132.386 157.65 165.545 269.759 
-6.27744e+66 -6.27744e+66 -6.27744e+66 -6.27744e+66 -6.27744e+66 -6.27744e+66 -6.27744e+66 -6.27744e+66 -6.27744e+66 -6.27744e+66 -6.27744e+66 -6.27744e+66 -6.27744e+66 -6.27744e+66 -6.27744e+66 -6.27744e+66 -6.27744e+66 -6.27744e+66 -6.27744e+66 -6.27744e+66 -6.27744e+66 43.9617 69.2258 88.1738 107.122 113.438 200.283 
-6.27744e+66 -6.27744e+66 -6.27744e+66 -6.27744e+66 -6.27744e+66 -6.27744e+66 -6.27744e+66 -6.27744e+66 -6.27744e+66 -6.27744e+66 -6.27744e+66 -6.27744e+66 -6.27744e+66 -6.27744e+66 -6.27744e+66 -6.27744e+66 -6.27744e+66 -6.27744e+66 -6.27744e+66 -6.27744e+66 -6.27744e+66 -6.27744e+66 43.9617 53.4358 66.0678 70.8048 140.281 
-6.27744e+66 -6.27744e+66 -6.27744e+66 -6.27744e+66 -6.27744e+66 -6.27744e+66 -6.27744e+66 -6.27744e+66 -6.27744e+66 -6.27744e+66 -6.27744e+66 -6.27744e+66 -6.27744e+66 -6.27744e+66 -6.27744e+66 -6.27744e+66 -6.27744e+66 -6.27744e+66 -6.27744e+66 -6.27744e+66 -6.27744e+66 -6.27744e+66 -6.27744e+66 43.9617 50.2778 53.4358 105.543 
-6.27744e+66 -6.27744e+66 -6.27744e+66 -6.27744e+66 -6.27744e+66 -6.27744e+66 -6.27744e+66 -6.27744e+66 -6.27744e+66 -6.27744e+66 -6.27744e+66 -6.27744e+66 -6.27744e+66 -6.27744e+66 -6.27744e+66 -6.27744e+66 -6.27744e+66 -6.27744e+66 -6.27744e+66 -6.27744e+66 -6.27744e+66 -6.27744e+66 -6.27744e+66 -6.27744e+66 43.9617 45.5407 80.2788 
-6.27744e+66 -6.27744e+66 -6.27744e+66 -6.27744e+66 -6.27744e+66 -6.27744e+66 -6.27744e+66 -6.27744e+66 -6.27744e+66 -6.27744e+66 -6.27744e+66 -6.27744e+66 -6.27744e+66 -6.27744e+66 -6.27744e+66 -6.27744e+66 -6.27744e+66 -6.27744e+66 -6.27744e+66 -6.27744e+66 -6.27744e+66 -6.27744e+66 -6.27744e+66 -6.27744e+66 -6.27744e+66 43.9617 61.3308 
-6.27744e+66 -6.27744e+66 -6.27744e+66 -6.27744e+66 -6.27744e+66 -6.27744e+66 -6.27744e+66 -6.27744e+66 -6.27744e+66 -6.27744e+66 -6.27744e+66 -6.27744e+66 -6.27744e+66 -6.27744e+66 -6.27744e+66 -6.27744e+66 -6.27744e+66 -6.27744e+66 -6.27744e+66 -6.27744e+66 -6.27744e+66 -6.27744e+66 -6.27744e+66 -6.27744e+66 -6.27744e+66 -6.27744e+66 43.9617 
-6.27744e+66 -6.27744e+66 -6.27744e+66 -6.27744e+66 -6.27744e+66 -6.27744e+66 -6.27744e+66 -6.27744e+66 -6.27744e+66 -6.27744e+66 -6.27744e+66 -6.27744e+66 -6.27744e+66 -6.27744e+66 -6.27744e+66 -6.27744e+66 -6.27744e+66 -6.27744e+66 -6.27744e+66 -6.27744e+66 -6.27744e+66 -6.27744e+66 -6.27744e+66 -6.27744e+66 -6.27744e+66 -6.27744e+66 -6.27744e+66 
