26 20
1000 1000 1000 1000 1000 1000 1000 1000 1000 1000 1000 1000 1000 1000 1000 1000 1000 1000 1000 1000 1000 1000 1000 1000 1000 1000 
item 0
25 120 50 20 60 165 65 135 205 45 240 10 30 170 10 65 250 195 150 95 230 75 170 220 85 295 
28.4641 28.4641 28.4641 28.4641 28.4641 28.4641 28.4641 28.4641 28.4641 28.4641 28.4641 28.4641 28.4641 28.4641 28.4641 28.4641 28.4641 28.4641 28.4641 28.4641 28.4641 28.4641 28.4641 28.4641 28.4641 28.4641 
0.113018 0.113018 0.113018 0.113018 0.113018 0.113018 0.113018 0.113018 0.113018 0.113018 0.113018 0.113018 0.113018 0.113018 0.113018 0.113018 0.113018 0.113018 0.113018 0.113018 0.113018 0.113018 0.113018 0.113018 0.113018 0.113018 
item 1
60 0 30 70 55 55 30 10 10 65 50 25 10 30 55 15 60 15 85 0 45 0 45 60 40 15 
29.9061 29.9061 29.9061 29.9061 29.9061 29.9061 29.9061 29.9061 29.9061 29.9061 29.9061 29.9061 29.9061 29.9061 29.9061 29.9061 29.9061 29.9061 29.9061 29.9061 29.9061 29.9061 29.9061 29.9061 29.9061 29.9061 
0.391681 0.391681 0.391681 0.391681 0.391681 0.391681 0.391681 0.391681 0.391681 0.391681 0.391681 0.391681 0.391681 0.391681 0.391681 0.391681 0.391681 0.391681 0.391681 0.391681 0.391681 0.391681 0.391681 0.391681 0.391681 0.391681 
item 2
20 85 20 30 10 5 5 0 5 20 5 5 25 10 40 20 20 30 55 15 5 45 15 30 0 5 
18.1742 18.1742 18.1742 18.1742 18.1742 18.1742 18.1742 18.1742 18.1742 18.1742 18.1742 18.1742 18.1742 18.1742 18.1742 18.1742 18.1742 18.1742 18.1742 18.1742 18.1742 18.1742 18.1742 18.1742 18.1742 18.1742 
0.426028 0.426028 0.426028 0.426028 0.426028 0.426028 0.426028 0.426028 0.426028 0.426028 0.426028 0.426028 0.426028 0.426028 0.426028 0.426028 0.426028 0.426028 0.426028 0.426028 0.426028 0.426028 0.426028 0.426028 0.426028 0.426028 
item 3
0 30 50 10 15 0 20 15 5 30 65 15 0 20 35 20 25 35 20 55 30 40 0 35 25 25 
43.7081 43.7081 43.7081 43.7081 43.7081 43.7081 43.7081 43.7081 43.7081 43.7081 43.7081 43.7081 43.7081 43.7081 43.7081 43.7081 43.7081 43.7081 43.7081 43.7081 43.7081 43.7081 43.7081 43.7081 43.7081 43.7081 
0.599608 0.599608 0.599608 0.599608 0.599608 0.599608 0.599608 0.599608 0.599608 0.599608 0.599608 0.599608 0.599608 0.599608 0.599608 0.599608 0.599608 0.599608 0.599608 0.599608 0.599608 0.599608 0.599608 0.599608 0.599608 0.599608 
item 4
220 175 30 180 95 30 135 230 210 55 70 50 25 80 165 95 145 80 5 100 40 165 190 20 245 10 
26.5197 26.5197 26.5197 26.5197 26.5197 26.5197 26.5197 26.5197 26.5197 26.5197 26.5197 26.5197 26.5197 26.5197 26.5197 26.5197 26.5197 26.5197 26.5197 26.5197 26.5197 26.5197 26.5197 26.5197 26.5197 26.5197 
0.121071 0.121071 0.121071 0.121071 0.121071 0.121071 0.121071 0.121071 0.121071 0.121071 0.121071 0.121071 0.121071 0.121071 0.121071 0.121071 0.121071 0.121071 0.121071 0.121071 0.121071 0.121071 0.121071 0.121071 0.121071 0.121071 
item 5
25 10 20 20 35 55 90 15 30 20 10 15 5 90 30 15 60 95 10 30 10 55 85 55 10 80 
12.5199 12.5199 12.5199 12.5199 12.5199 12.5199 12.5199 12.5199 12.5199 12.5199 12.5199 12.5199 12.5199 12.5199 12.5199 12.5199 12.5199 12.5199 12.5199 12.5199 12.5199 12.5199 12.5199 12.5199 12.5199 12.5199 
0.310129 0.310129 0.310129 0.310129 0.310129 0.310129 0.310129 0.310129 0.310129 0.310129 0.310129 0.310129 0.310129 0.310129 0.310129 0.310129 0.310129 0.310129 0.310129 0.310129 0.310129 0.310129 0.310129 0.310129 0.310129 0.310129 
item 6
5 50 15 20 15 15 5 5 10 20 10 20 0 75 35 20 20 0 10 25 20 25 5 0 30 20 
33.4015 33.4015 33.4015 33.4015 33.4015 33.4015 33.4015 33.4015 33.4015 33.4015 33.4015 33.4015 33.4015 33.4015 33.4015 33.4015 33.4015 33.4015 33.4015 33.4015 33.4015 33.4015 33.4015 33.4015 33.4015 33.4015 
0.47004 0.47004 0.47004 0.47004 0.47004 0.47004 0.47004 0.47004 0.47004 0.47004 0.47004 0.47004 0.47004 0.47004 0.47004 0.47004 0.47004 0.47004 0.47004 0.47004 0.47004 0.47004 0.47004 0.47004 0.47004 0.47004 
item 7
55 0 0 5 0 30 0 30 0 50 20 35 55 5 15 20 10 0 55 65 15 15 20 35 15 25 
1.85802 1.85802 1.85802 1.85802 1.85802 1.85802 1.85802 1.85802 1.85802 1.85802 1.85802 1.85802 1.85802 1.85802 1.85802 1.85802 1.85802 1.85802 1.85802 1.85802 1.85802 1.85802 1.85802 1.85802 1.85802 1.85802 
0.398172 0.398172 0.398172 0.398172 0.398172 0.398172 0.398172 0.398172 0.398172 0.398172 0.398172 0.398172 0.398172 0.398172 0.398172 0.398172 0.398172 0.398172 0.398172 0.398172 0.398172 0.398172 0.398172 0.398172 0.398172 0.398172 
item 8
20 10 0 10 5 0 50 45 0 0 5 45 5 40 0 15 25 35 35 55 50 45 0 5 40 0 
20.5304 20.5304 20.5304 20.5304 20.5304 20.5304 20.5304 20.5304 20.5304 20.5304 20.5304 20.5304 20.5304 20.5304 20.5304 20.5304 20.5304 20.5304 20.5304 20.5304 20.5304 20.5304 20.5304 20.5304 20.5304 20.5304 
0.491757 0.491757 0.491757 0.491757 0.491757 0.491757 0.491757 0.491757 0.491757 0.491757 0.491757 0.491757 0.491757 0.491757 0.491757 0.491757 0.491757 0.491757 0.491757 0.491757 0.491757 0.491757 0.491757 0.491757 0.491757 0.491757 
item 9
80 40 130 100 80 20 110 40 0 0 100 20 5 0 40 20 55 35 20 50 85 110 75 65 25 90 
13.8291 13.8291 13.8291 13.8291 13.8291 13.8291 13.8291 13.8291 13.8291 13.8291 13.8291 13.8291 13.8291 13.8291 13.8291 13.8291 13.8291 13.8291 13.8291 13.8291 13.8291 13.8291 13.8291 13.8291 13.8291 13.8291 
0.18952 0.18952 0.18952 0.18952 0.18952 0.18952 0.18952 0.18952 0.18952 0.18952 0.18952 0.18952 0.18952 0.18952 0.18952 0.18952 0.18952 0.18952 0.18952 0.18952 0.18952 0.18952 0.18952 0.18952 0.18952 0.18952 
item 10
50 40 130 35 70 60 15 90 35 0 15 5 70 70 70 55 45 60 75 120 70 15 100 110 20 30 
42.806 42.806 42.806 42.806 42.806 42.806 42.806 42.806 42.806 42.806 42.806 42.806 42.806 42.806 42.806 42.806 42.806 42.806 42.806 42.806 42.806 42.806 42.806 42.806 42.806 42.806 
0.272439 0.272439 0.272439 0.272439 0.272439 0.272439 0.272439 0.272439 0.272439 0.272439 0.272439 0.272439 0.272439 0.272439 0.272439 0.272439 0.272439 0.272439 0.272439 0.272439 0.272439 0.272439 0.272439 0.272439 0.272439 0.272439 
item 11
20 30 5 10 5 15 15 10 30 35 45 5 15 10 35 35 55 10 25 10 15 70 35 20 20 0 
32.5851 32.5851 32.5851 32.5851 32.5851 32.5851 32.5851 32.5851 32.5851 32.5851 32.5851 32.5851 32.5851 32.5851 32.5851 32.5851 32.5851 32.5851 32.5851 32.5851 32.5851 32.5851 32.5851 32.5851 32.5851 32.5851 
0.50465 0.50465 0.50465 0.50465 0.50465 0.50465 0.50465 0.50465 0.50465 0.50465 0.50465 0.50465 0.50465 0.50465 0.50465 0.50465 0.50465 0.50465 0.50465 0.50465 0.50465 0.50465 0.50465 0.50465 0.50465 0.50465 
item 12
0 0 10 0 15 0 35 60 0 5 55 15 20 5 15 35 10 10 0 20 0 0 5 15 5 15 
5.25088 5.25088 5.25088 5.25088 5.25088 5.25088 5.25088 5.25088 5.25088 5.25088 5.25088 5.25088 5.25088 5.25088 5.25088 5.25088 5.25088 5.25088 5.25088 5.25088 5.25088 5.25088 5.25088 5.25088 5.25088 5.25088 
0.529316 0.529316 0.529316 0.529316 0.529316 0.529316 0.529316 0.529316 0.529316 0.529316 0.529316 0.529316 0.529316 0.529316 0.529316 0.529316 0.529316 0.529316 0.529316 0.529316 0.529316 0.529316 0.529316 0.529316 0.529316 0.529316 
item 13
35 20 0 30 0 35 55 10 30 60 10 40 30 25 5 0 0 35 5 30 25 20 15 55 20 5 
43.3148 43.3148 43.3148 43.3148 43.3148 43.3148 43.3148 43.3148 43.3148 43.3148 43.3148 43.3148 43.3148 43.3148 43.3148 43.3148 43.3148 43.3148 43.3148 43.3148 43.3148 43.3148 43.3148 43.3148 43.3148 43.3148 
0.551768 0.551768 0.551768 0.551768 0.551768 0.551768 0.551768 0.551768 0.551768 0.551768 0.551768 0.551768 0.551768 0.551768 0.551768 0.551768 0.551768 0.551768 0.551768 0.551768 0.551768 0.551768 0.551768 0.551768 0.551768 0.551768 
item 14
20 25 60 30 70 50 20 20 0 20 80 25 25 85 55 10 0 40 30 15 65 5 10 50 75 35 
42.614 42.614 42.614 42.614 42.614 42.614 42.614 42.614 42.614 42.614 42.614 42.614 42.614 42.614 42.614 42.614 42.614 42.614 42.614 42.614 42.614 42.614 42.614 42.614 42.614 42.614 
0.44182 0.44182 0.44182 0.44182 0.44182 0.44182 0.44182 0.44182 0.44182 0.44182 0.44182 0.44182 0.44182 0.44182 0.44182 0.44182 0.44182 0.44182 0.44182 0.44182 0.44182 0.44182 0.44182 0.44182 0.44182 0.44182 
item 15
5 25 10 40 0 5 0 0 25 0 0 0 5 30 40 0 20 10 20 30 40 5 10 10 25 30 
0.347418 0.347418 0.347418 0.347418 0.347418 0.347418 0.347418 0.347418 0.347418 0.347418 0.347418 0.347418 0.347418 0.347418 0.347418 0.347418 0.347418 0.347418 0.347418 0.347418 0.347418 0.347418 0.347418 0.347418 0.347418 0.347418 
0.47565 0.47565 0.47565 0.47565 0.47565 0.47565 0.47565 0.47565 0.47565 0.47565 0.47565 0.47565 0.47565 0.47565 0.47565 0.47565 0.47565 0.47565 0.47565 0.47565 0.47565 0.47565 0.47565 0.47565 0.47565 0.47565 
item 16
25 125 75 70 15 85 100 10 105 105 20 10 125 115 10 75 70 0 10 10 60 30 70 140 25 60 
33.6362 33.6362 33.6362 33.6362 33.6362 33.6362 33.6362 33.6362 33.6362 33.6362 33.6362 33.6362 33.6362 33.6362 33.6362 33.6362 33.6362 33.6362 33.6362 33.6362 33.6362 33.6362 33.6362 33.6362 33.6362 33.6362 
0.28802 0.28802 0.28802 0.28802 0.28802 0.28802 0.28802 0.28802 0.28802 0.28802 0.28802 0.28802 0.28802 0.28802 0.28802 0.28802 0.28802 0.28802 0.28802 0.28802 0.28802 0.28802 0.28802 0.28802 0.28802 0.28802 
item 17
55 10 15 10 50 0 65 90 20 35 50 10 55 95 30 10 95 95 5 15 0 15 0 20 15 0 
23.9184 23.9184 23.9184 23.9184 23.9184 23.9184 23.9184 23.9184 23.9184 23.9184 23.9184 23.9184 23.9184 23.9184 23.9184 23.9184 23.9184 23.9184 23.9184 23.9184 23.9184 23.9184 23.9184 23.9184 23.9184 23.9184 
0.35827 0.35827 0.35827 0.35827 0.35827 0.35827 0.35827 0.35827 0.35827 0.35827 0.35827 0.35827 0.35827 0.35827 0.35827 0.35827 0.35827 0.35827 0.35827 0.35827 0.35827 0.35827 0.35827 0.35827 0.35827 0.35827 
item 18
135 10 185 90 20 65 40 50 65 120 5 20 90 80 110 45 175 25 10 90 10 40 20 20 100 15 
10.6028 10.6028 10.6028 10.6028 10.6028 10.6028 10.6028 10.6028 10.6028 10.6028 10.6028 10.6028 10.6028 10.6028 10.6028 10.6028 10.6028 10.6028 10.6028 10.6028 10.6028 10.6028 10.6028 10.6028 10.6028 10.6028 
0.165682 0.165682 0.165682 0.165682 0.165682 0.165682 0.165682 0.165682 0.165682 0.165682 0.165682 0.165682 0.165682 0.165682 0.165682 0.165682 0.165682 0.165682 0.165682 0.165682 0.165682 0.165682 0.165682 0.165682 0.165682 0.165682 
item 19
5 10 5 10 0 0 25 60 5 15 0 35 10 25 10 10 15 0 15 0 25 45 35 15 5 20 
36.0132 36.0132 36.0132 36.0132 36.0132 36.0132 36.0132 36.0132 36.0132 36.0132 36.0132 36.0132 36.0132 36.0132 36.0132 36.0132 36.0132 36.0132 36.0132 36.0132 36.0132 36.0132 36.0132 36.0132 36.0132 36.0132 
0.595418 0.595418 0.595418 0.595418 0.595418 0.595418 0.595418 0.595418 0.595418 0.595418 0.595418 0.595418 0.595418 0.595418 0.595418 0.595418 0.595418 0.595418 0.595418 0.595418 0.595418 0.595418 0.595418 0.595418 0.595418 0.595418 
