13 20
1000 1000 1000 1000 1000 1000 1000 1000 1000 1000 1000 1000 1000 
item 0
40 40 65 15 0 75 95 20 25 25 40 20 5 
27.524 27.524 27.524 27.524 27.524 27.524 27.524 27.524 27.524 27.524 27.524 27.524 27.524 
0.173681 0.173681 0.173681 0.173681 0.173681 0.173681 0.173681 0.173681 0.173681 0.173681 0.173681 0.173681 0.173681 
item 1
25 5 15 20 15 15 15 5 0 0 35 60 0 
28.1452 28.1452 28.1452 28.1452 28.1452 28.1452 28.1452 28.1452 28.1452 28.1452 28.1452 28.1452 28.1452 
0.407679 0.407679 0.407679 0.407679 0.407679 0.407679 0.407679 0.407679 0.407679 0.407679 0.407679 0.407679 0.407679 
item 2
25 10 5 10 0 15 15 10 10 5 35 5 5 
29.2925 29.2925 29.2925 29.2925 29.2925 29.2925 29.2925 29.2925 29.2925 29.2925 29.2925 29.2925 29.2925 
0.534218 0.534218 0.534218 0.534218 0.534218 0.534218 0.534218 0.534218 0.534218 0.534218 0.534218 0.534218 0.534218 
item 3
35 5 0 0 20 0 0 10 0 0 15 20 5 
29.4184 29.4184 29.4184 29.4184 29.4184 29.4184 29.4184 29.4184 29.4184 29.4184 29.4184 29.4184 29.4184 
0.545791 0.545791 0.545791 0.545791 0.545791 0.545791 0.545791 0.545791 0.545791 0.545791 0.545791 0.545791 0.545791 
item 4
15 0 5 0 0 20 20 10 5 5 0 15 10 
28.7066 28.7066 28.7066 28.7066 28.7066 28.7066 28.7066 28.7066 28.7066 28.7066 28.7066 28.7066 28.7066 
0.502331 0.502331 0.502331 0.502331 0.502331 0.502331 0.502331 0.502331 0.502331 0.502331 0.502331 0.502331 0.502331 
item 5
25 0 5 10 15 0 15 5 10 5 20 10 40 
23.425 23.425 23.425 23.425 23.425 23.425 23.425 23.425 23.425 23.425 23.425 23.425 23.425 
0.266512 0.266512 0.266512 0.266512 0.266512 0.266512 0.266512 0.266512 0.266512 0.266512 0.266512 0.266512 0.266512 
item 6
25 20 5 0 20 20 0 15 0 0 10 10 10 
15.5148 15.5148 15.5148 15.5148 15.5148 15.5148 15.5148 15.5148 15.5148 15.5148 15.5148 15.5148 15.5148 
0.483076 0.483076 0.483076 0.483076 0.483076 0.483076 0.483076 0.483076 0.483076 0.483076 0.483076 0.483076 0.483076 
item 7
20 5 30 10 35 10 15 0 40 5 5 5 15 
37.2849 37.2849 37.2849 37.2849 37.2849 37.2849 37.2849 37.2849 37.2849 37.2849 37.2849 37.2849 37.2849 
0.541869 0.541869 0.541869 0.541869 0.541869 0.541869 0.541869 0.541869 0.541869 0.541869 0.541869 0.541869 0.541869 
item 8
65 0 0 10 90 65 85 15 35 15 5 20 50 
22.5353 22.5353 22.5353 22.5353 22.5353 22.5353 22.5353 22.5353 22.5353 22.5353 22.5353 22.5353 22.5353 
0.226366 0.226366 0.226366 0.226366 0.226366 0.226366 0.226366 0.226366 0.226366 0.226366 0.226366 0.226366 0.226366 
item 9
65 45 70 35 0 0 25 0 25 30 45 65 35 
19.5849 19.5849 19.5849 19.5849 19.5849 19.5849 19.5849 19.5849 19.5849 19.5849 19.5849 19.5849 19.5849 
0.148138 0.148138 0.148138 0.148138 0.148138 0.148138 0.148138 0.148138 0.148138 0.148138 0.148138 0.148138 0.148138 
item 10
35 45 50 15 30 15 0 45 20 10 35 10 10 
14.8342 14.8342 14.8342 14.8342 14.8342 14.8342 14.8342 14.8342 14.8342 14.8342 14.8342 14.8342 14.8342 
0.255858 0.255858 0.255858 0.255858 0.255858 0.255858 0.255858 0.255858 0.255858 0.255858 0.255858 0.255858 0.255858 
item 11
45 10 30 0 25 35 10 35 20 10 55 40 5 
27.7058 27.7058 27.7058 27.7058 27.7058 27.7058 27.7058 27.7058 27.7058 27.7058 27.7058 27.7058 27.7058 
0.240021 0.240021 0.240021 0.240021 0.240021 0.240021 0.240021 0.240021 0.240021 0.240021 0.240021 0.240021 0.240021 
item 12
0 35 20 10 10 0 10 20 0 20 0 15 45 
35.4659 35.4659 35.4659 35.4659 35.4659 35.4659 35.4659 35.4659 35.4659 35.4659 35.4659 35.4659 35.4659 
0.480703 0.480703 0.480703 0.480703 0.480703 0.480703 0.480703 0.480703 0.480703 0.480703 0.480703 0.480703 0.480703 
item 13
15 35 45 100 30 60 20 5 30 30 30 95 45 
36.7863 36.7863 36.7863 36.7863 36.7863 36.7863 36.7863 36.7863 36.7863 36.7863 36.7863 36.7863 36.7863 
0.187721 0.187721 0.187721 0.187721 0.187721 0.187721 0.187721 0.187721 0.187721 0.187721 0.187721 0.187721 0.187721 
item 14
15 5 5 15 15 10 0 0 0 0 5 0 15 
7.27045 7.27045 7.27045 7.27045 7.27045 7.27045 7.27045 7.27045 7.27045 7.27045 7.27045 7.27045 7.27045 
0.486626 0.486626 0.486626 0.486626 0.486626 0.486626 0.486626 0.486626 0.486626 0.486626 0.486626 0.486626 0.486626 
item 15
15 5 5 10 0 15 10 0 5 0 15 25 15 
30.0495 30.0495 30.0495 30.0495 30.0495 30.0495 30.0495 30.0495 30.0495 30.0495 30.0495 30.0495 30.0495 
0.564351 0.564351 0.564351 0.564351 0.564351 0.564351 0.564351 0.564351 0.564351 0.564351 0.564351 0.564351 0.564351 
item 16
15 10 35 40 40 0 5 25 30 5 20 10 5 
38.679 38.679 38.679 38.679 38.679 38.679 38.679 38.679 38.679 38.679 38.679 38.679 38.679 
0.439181 0.439181 0.439181 0.439181 0.439181 0.439181 0.439181 0.439181 0.439181 0.439181 0.439181 0.439181 0.439181 
item 17
30 10 0 40 25 0 5 5 0 30 0 35 10 
28.9923 28.9923 28.9923 28.9923 28.9923 28.9923 28.9923 28.9923 28.9923 28.9923 28.9923 28.9923 28.9923 
0.504408 0.504408 0.504408 0.504408 0.504408 0.504408 0.504408 0.504408 0.504408 0.504408 0.504408 0.504408 0.504408 
item 18
0 0 55 25 0 5 50 25 15 10 0 55 15 
6.02095 6.02095 6.02095 6.02095 6.02095 6.02095 6.02095 6.02095 6.02095 6.02095 6.02095 6.02095 6.02095 
0.233188 0.233188 0.233188 0.233188 0.233188 0.233188 0.233188 0.233188 0.233188 0.233188 0.233188 0.233188 0.233188 
item 19
15 15 15 5 0 5 5 25 15 0 0 0 0 
12.7638 12.7638 12.7638 12.7638 12.7638 12.7638 12.7638 12.7638 12.7638 12.7638 12.7638 12.7638 12.7638 
0.586412 0.586412 0.586412 0.586412 0.586412 0.586412 0.586412 0.586412 0.586412 0.586412 0.586412 0.586412 0.586412 
