13 20
-6.27744e+66 133.592 133.592 174.853 190.326 293.477 345.053 437.89 473.993 535.884 837.603 1095.48 1265.68 1667.98 
-6.27744e+66 -6.27744e+66 133.592 154.222 164.538 241.901 283.162 360.526 391.472 445.626 713.821 945.913 1100.64 1469.41 
-6.27744e+66 -6.27744e+66 -6.27744e+66 133.592 138.75 190.326 221.271 283.162 308.95 355.369 590.039 796.343 935.598 1270.84 
-6.27744e+66 -6.27744e+66 -6.27744e+66 -6.27744e+66 133.592 159.38 180.01 226.429 247.059 285.741 486.887 667.403 791.185 1092.9 
-6.27744e+66 -6.27744e+66 -6.27744e+66 -6.27744e+66 -6.27744e+66 133.592 143.907 174.853 190.326 221.271 388.893 543.621 651.93 920.125 
-6.27744e+66 -6.27744e+66 -6.27744e+66 -6.27744e+66 -6.27744e+66 -6.27744e+66 133.592 149.065 159.38 182.589 316.687 445.626 538.463 773.133 
-6.27744e+66 -6.27744e+66 -6.27744e+66 -6.27744e+66 -6.27744e+66 -6.27744e+66 -6.27744e+66 133.592 138.75 154.222 254.795 357.947 435.311 636.457 
-6.27744e+66 -6.27744e+66 -6.27744e+66 -6.27744e+66 -6.27744e+66 -6.27744e+66 -6.27744e+66 -6.27744e+66 133.592 141.328 208.377 285.741 347.632 515.254 
-6.27744e+66 -6.27744e+66 -6.27744e+66 -6.27744e+66 -6.27744e+66 -6.27744e+66 -6.27744e+66 -6.27744e+66 -6.27744e+66 133.592 167.116 218.692 265.111 399.208 
-6.27744e+66 -6.27744e+66 -6.27744e+66 -6.27744e+66 -6.27744e+66 -6.27744e+66 -6.27744e+66 -6.27744e+66 -6.27744e+66 -6.27744e+66 133.592 159.38 190.326 290.899 
-6.27744e+66 -6.27744e+66 -6.27744e+66 -6.27744e+66 -6.27744e+66 -6.27744e+66 -6.27744e+66 -6.27744e+66 -6.27744e+66 -6.27744e+66 -6.27744e+66 133.592 149.065 216.114 
-6.27744e+66 -6.27744e+66 -6.27744e+66 -6.27744e+66 -6.27744e+66 -6.27744e+66 -6.27744e+66 -6.27744e+66 -6.27744e+66 -6.27744e+66 -6.27744e+66 -6.27744e+66 133.592 167.116 
-6.27744e+66 -6.27744e+66 -6.27744e+66 -6.27744e+66 -6.27744e+66 -6.27744e+66 -6.27744e+66 -6.27744e+66 -6.27744e+66 -6.27744e+66 -6.27744e+66 -6.27744e+66 -6.27744e+66 133.592 
-6.27744e+66 -6.27744e+66 -6.27744e+66 -6.27744e+66 -6.27744e+66 -6.27744e+66 -6.27744e+66 -6.27744e+66 -6.27744e+66 -6.27744e+66 -6.27744e+66 -6.27744e+66 -6.27744e+66 -6.27744e+66 
-6.27744e+66 154.537 177.338 263.658 310.075 391.508 456.655 505.515 659.425 685.484 934.67 1211.54 1632.56 1945.26 
-6.27744e+66 -6.27744e+66 154.537 197.696 228.641 289.716 341.834 382.551 514.473 537.274 758.774 1007.96 1390.7 1677.34 
-6.27744e+66 -6.27744e+66 -6.27744e+66 154.537 170.009 210.726 249.814 282.387 392.323 411.867 605.679 827.178 1171.64 1432.23 
-6.27744e+66 -6.27744e+66 -6.27744e+66 -6.27744e+66 154.537 174.895 200.954 225.384 313.332 329.619 495.743 689.555 995.746 1230.27 
-6.27744e+66 -6.27744e+66 -6.27744e+66 -6.27744e+66 -6.27744e+66 154.537 167.566 183.853 249.814 262.843 401.28 567.405 835.321 1043.79 
-6.27744e+66 -6.27744e+66 -6.27744e+66 -6.27744e+66 -6.27744e+66 -6.27744e+66 154.537 162.68 206.654 216.426 327.176 465.613 695.256 877.667 
-6.27744e+66 -6.27744e+66 -6.27744e+66 -6.27744e+66 -6.27744e+66 -6.27744e+66 -6.27744e+66 154.537 176.524 183.038 266.101 376.85 568.219 724.572 
-6.27744e+66 -6.27744e+66 -6.27744e+66 -6.27744e+66 -6.27744e+66 -6.27744e+66 -6.27744e+66 -6.27744e+66 154.537 157.794 213.169 296.231 449.326 579.62 
-6.27744e+66 -6.27744e+66 -6.27744e+66 -6.27744e+66 -6.27744e+66 -6.27744e+66 -6.27744e+66 -6.27744e+66 -6.27744e+66 154.537 182.224 237.599 352.42 456.655 
-6.27744e+66 -6.27744e+66 -6.27744e+66 -6.27744e+66 -6.27744e+66 -6.27744e+66 -6.27744e+66 -6.27744e+66 -6.27744e+66 -6.27744e+66 154.537 182.224 258.772 336.948 
-6.27744e+66 -6.27744e+66 -6.27744e+66 -6.27744e+66 -6.27744e+66 -6.27744e+66 -6.27744e+66 -6.27744e+66 -6.27744e+66 -6.27744e+66 -6.27744e+66 154.537 192.81 244.928 
-6.27744e+66 -6.27744e+66 -6.27744e+66 -6.27744e+66 -6.27744e+66 -6.27744e+66 -6.27744e+66 -6.27744e+66 -6.27744e+66 -6.27744e+66 -6.27744e+66 -6.27744e+66 154.537 180.595 
-6.27744e+66 -6.27744e+66 -6.27744e+66 -6.27744e+66 -6.27744e+66 -6.27744e+66 -6.27744e+66 -6.27744e+66 -6.27744e+66 -6.27744e+66 -6.27744e+66 -6.27744e+66 -6.27744e+66 154.537 
-6.27744e+66 -6.27744e+66 -6.27744e+66 -6.27744e+66 -6.27744e+66 -6.27744e+66 -6.27744e+66 -6.27744e+66 -6.27744e+66 -6.27744e+66 -6.27744e+66 -6.27744e+66 -6.27744e+66 -6.27744e+66 
-6.27744e+66 103.114 119.534 139.237 144.163 190.139 222.979 390.462 447.931 500.475 677.81 677.81 1020.99 1139.21 
-6.27744e+66 -6.27744e+66 103.114 112.966 116.25 150.731 177.003 316.572 365.832 411.808 569.439 569.439 881.416 989.788 
-6.27744e+66 -6.27744e+66 -6.27744e+66 103.114 104.756 127.744 147.447 259.103 300.152 339.56 477.487 477.487 758.267 856.787 
-6.27744e+66 -6.27744e+66 -6.27744e+66 -6.27744e+66 103.114 114.608 127.744 211.485 244.325 277.164 395.388 395.388 644.97 733.637 
-6.27744e+66 -6.27744e+66 -6.27744e+66 -6.27744e+66 -6.27744e+66 103.114 109.682 165.509 190.139 216.411 314.93 314.93 533.315 612.13 
-6.27744e+66 -6.27744e+66 -6.27744e+66 -6.27744e+66 -6.27744e+66 -6.27744e+66 103.114 131.027 147.447 167.151 245.967 245.967 433.153 502.117 
-6.27744e+66 -6.27744e+66 -6.27744e+66 -6.27744e+66 -6.27744e+66 -6.27744e+66 -6.27744e+66 103.114 111.324 124.46 183.571 183.571 339.56 398.672 
-6.27744e+66 -6.27744e+66 -6.27744e+66 -6.27744e+66 -6.27744e+66 -6.27744e+66 -6.27744e+66 -6.27744e+66 103.114 109.682 149.089 149.089 273.881 323.14 
-6.27744e+66 -6.27744e+66 -6.27744e+66 -6.27744e+66 -6.27744e+66 -6.27744e+66 -6.27744e+66 -6.27744e+66 -6.27744e+66 103.114 122.818 122.818 216.411 255.819 
-6.27744e+66 -6.27744e+66 -6.27744e+66 -6.27744e+66 -6.27744e+66 -6.27744e+66 -6.27744e+66 -6.27744e+66 -6.27744e+66 -6.27744e+66 103.114 103.114 165.509 195.065 
-6.27744e+66 -6.27744e+66 -6.27744e+66 -6.27744e+66 -6.27744e+66 -6.27744e+66 -6.27744e+66 -6.27744e+66 -6.27744e+66 -6.27744e+66 -6.27744e+66 103.114 134.311 154.015 
-6.27744e+66 -6.27744e+66 -6.27744e+66 -6.27744e+66 -6.27744e+66 -6.27744e+66 -6.27744e+66 -6.27744e+66 -6.27744e+66 -6.27744e+66 -6.27744e+66 -6.27744e+66 103.114 112.966 
-6.27744e+66 -6.27744e+66 -6.27744e+66 -6.27744e+66 -6.27744e+66 -6.27744e+66 -6.27744e+66 -6.27744e+66 -6.27744e+66 -6.27744e+66 -6.27744e+66 -6.27744e+66 -6.27744e+66 103.114 
-6.27744e+66 -6.27744e+66 -6.27744e+66 -6.27744e+66 -6.27744e+66 -6.27744e+66 -6.27744e+66 -6.27744e+66 -6.27744e+66 -6.27744e+66 -6.27744e+66 -6.27744e+66 -6.27744e+66 -6.27744e+66 
-6.27744e+66 137.765 176.043 208.852 249.864 282.673 282.673 463.125 654.513 807.624 807.624 999.012 1239.61 1633.33 
-6.27744e+66 -6.27744e+66 137.765 154.17 181.511 206.118 206.118 356.495 520.542 654.513 654.513 826.763 1045.49 1406.4 
-6.27744e+66 -6.27744e+66 -6.27744e+66 137.765 151.436 167.84 167.84 288.142 424.847 539.68 539.68 692.791 889.648 1217.74 
-6.27744e+66 -6.27744e+66 -6.27744e+66 -6.27744e+66 137.765 145.967 145.967 236.193 345.558 441.252 441.252 575.224 750.208 1045.49 
-6.27744e+66 -6.27744e+66 -6.27744e+66 -6.27744e+66 -6.27744e+66 137.765 137.765 197.916 279.939 356.495 356.495 471.327 624.438 886.913 
-6.27744e+66 -6.27744e+66 -6.27744e+66 -6.27744e+66 -6.27744e+66 -6.27744e+66 137.765 167.84 222.523 279.939 279.939 375.633 506.871 736.537 
-6.27744e+66 -6.27744e+66 -6.27744e+66 -6.27744e+66 -6.27744e+66 -6.27744e+66 -6.27744e+66 137.765 165.106 203.384 203.384 279.939 389.304 586.16 
-6.27744e+66 -6.27744e+66 -6.27744e+66 -6.27744e+66 -6.27744e+66 -6.27744e+66 -6.27744e+66 -6.27744e+66 137.765 156.904 156.904 214.32 301.812 465.859 
-6.27744e+66 -6.27744e+66 -6.27744e+66 -6.27744e+66 -6.27744e+66 -6.27744e+66 -6.27744e+66 -6.27744e+66 -6.27744e+66 137.765 137.765 176.043 241.662 372.899 
-6.27744e+66 -6.27744e+66 -6.27744e+66 -6.27744e+66 -6.27744e+66 -6.27744e+66 -6.27744e+66 -6.27744e+66 -6.27744e+66 -6.27744e+66 137.765 156.904 200.65 299.078 
-6.27744e+66 -6.27744e+66 -6.27744e+66 -6.27744e+66 -6.27744e+66 -6.27744e+66 -6.27744e+66 -6.27744e+66 -6.27744e+66 -6.27744e+66 -6.27744e+66 137.765 159.638 225.257 
-6.27744e+66 -6.27744e+66 -6.27744e+66 -6.27744e+66 -6.27744e+66 -6.27744e+66 -6.27744e+66 -6.27744e+66 -6.27744e+66 -6.27744e+66 -6.27744e+66 -6.27744e+66 137.765 170.574 
-6.27744e+66 -6.27744e+66 -6.27744e+66 -6.27744e+66 -6.27744e+66 -6.27744e+66 -6.27744e+66 -6.27744e+66 -6.27744e+66 -6.27744e+66 -6.27744e+66 -6.27744e+66 -6.27744e+66 137.765 
-6.27744e+66 -6.27744e+66 -6.27744e+66 -6.27744e+66 -6.27744e+66 -6.27744e+66 -6.27744e+66 -6.27744e+66 -6.27744e+66 -6.27744e+66 -6.27744e+66 -6.27744e+66 -6.27744e+66 -6.27744e+66 
-6.27744e+66 26.9166 39.5355 60.1846 63.6261 86.5696 86.5696 141.634 278.148 406.631 406.631 418.103 418.103 514.465 
-6.27744e+66 -6.27744e+66 26.9166 37.2412 39.5355 56.7431 56.7431 102.63 219.642 332.065 332.065 342.389 342.389 430.722 
-6.27744e+66 -6.27744e+66 -6.27744e+66 26.9166 28.0638 39.5355 39.5355 76.2451 173.755 270.117 270.117 279.295 279.295 359.597 
-6.27744e+66 -6.27744e+66 -6.27744e+66 -6.27744e+66 26.9166 32.6525 32.6525 60.1846 138.192 218.495 218.495 226.525 226.525 298.797 
-6.27744e+66 -6.27744e+66 -6.27744e+66 -6.27744e+66 -6.27744e+66 26.9166 26.9166 45.2714 103.777 168.019 168.019 174.902 174.902 239.144 
-6.27744e+66 -6.27744e+66 -6.27744e+66 -6.27744e+66 -6.27744e+66 -6.27744e+66 26.9166 36.094 75.0979 123.279 123.279 129.015 129.015 185.227 
-6.27744e+66 -6.27744e+66 -6.27744e+66 -6.27744e+66 -6.27744e+66 -6.27744e+66 -6.27744e+66 26.9166 46.4185 78.5394 78.5394 83.1281 83.1281 131.309 
-6.27744e+66 -6.27744e+66 -6.27744e+66 -6.27744e+66 -6.27744e+66 -6.27744e+66 -6.27744e+66 -6.27744e+66 26.9166 42.977 42.977 46.4185 46.4185 86.5696 
-6.27744e+66 -6.27744e+66 -6.27744e+66 -6.27744e+66 -6.27744e+66 -6.27744e+66 -6.27744e+66 -6.27744e+66 -6.27744e+66 26.9166 26.9166 29.2109 29.2109 61.3318 
-6.27744e+66 -6.27744e+66 -6.27744e+66 -6.27744e+66 -6.27744e+66 -6.27744e+66 -6.27744e+66 -6.27744e+66 -6.27744e+66 -6.27744e+66 26.9166 28.0638 28.0638 52.1544 
-6.27744e+66 -6.27744e+66 -6.27744e+66 -6.27744e+66 -6.27744e+66 -6.27744e+66 -6.27744e+66 -6.27744e+66 -6.27744e+66 -6.27744e+66 -6.27744e+66 26.9166 26.9166 42.977 
-6.27744e+66 -6.27744e+66 -6.27744e+66 -6.27744e+66 -6.27744e+66 -6.27744e+66 -6.27744e+66 -6.27744e+66 -6.27744e+66 -6.27744e+66 -6.27744e+66 -6.27744e+66 26.9166 34.9468 
-6.27744e+66 -6.27744e+66 -6.27744e+66 -6.27744e+66 -6.27744e+66 -6.27744e+66 -6.27744e+66 -6.27744e+66 -6.27744e+66 -6.27744e+66 -6.27744e+66 -6.27744e+66 -6.27744e+66 26.9166 
-6.27744e+66 -6.27744e+66 -6.27744e+66 -6.27744e+66 -6.27744e+66 -6.27744e+66 -6.27744e+66 -6.27744e+66 -6.27744e+66 -6.27744e+66 -6.27744e+66 -6.27744e+66 -6.27744e+66 -6.27744e+66 
-6.27744e+66 122.791 164.709 190.225 250.368 345.139 427.153 558.374 660.436 718.756 899.186 1117.89 1318.37 1602.68 
-6.27744e+66 -6.27744e+66 122.791 135.549 175.645 246.723 312.334 421.685 509.166 560.197 720.579 917.411 1099.66 1360.28 
-6.27744e+66 -6.27744e+66 -6.27744e+66 122.791 142.839 190.225 239.433 326.914 399.815 443.555 583.89 758.852 922.879 1159.81 
-6.27744e+66 -6.27744e+66 -6.27744e+66 -6.27744e+66 122.791 146.484 179.29 244.9 303.221 339.672 459.958 613.05 758.852 972.087 
-6.27744e+66 -6.27744e+66 -6.27744e+66 -6.27744e+66 -6.27744e+66 122.791 139.194 182.935 226.675 255.836 356.074 487.296 614.873 804.415 
-6.27744e+66 -6.27744e+66 -6.27744e+66 -6.27744e+66 -6.27744e+66 -6.27744e+66 122.791 144.662 173.822 195.692 275.883 385.235 494.586 660.436 
-6.27744e+66 -6.27744e+66 -6.27744e+66 -6.27744e+66 -6.27744e+66 -6.27744e+66 -6.27744e+66 122.791 137.372 151.952 212.095 299.576 390.702 532.859 
-6.27744e+66 -6.27744e+66 -6.27744e+66 -6.27744e+66 -6.27744e+66 -6.27744e+66 -6.27744e+66 -6.27744e+66 122.791 130.081 170.177 235.788 308.689 427.153 
-6.27744e+66 -6.27744e+66 -6.27744e+66 -6.27744e+66 -6.27744e+66 -6.27744e+66 -6.27744e+66 -6.27744e+66 -6.27744e+66 122.791 142.839 186.58 241.255 336.027 
-6.27744e+66 -6.27744e+66 -6.27744e+66 -6.27744e+66 -6.27744e+66 -6.27744e+66 -6.27744e+66 -6.27744e+66 -6.27744e+66 -6.27744e+66 122.791 144.662 181.112 252.19 
-6.27744e+66 -6.27744e+66 -6.27744e+66 -6.27744e+66 -6.27744e+66 -6.27744e+66 -6.27744e+66 -6.27744e+66 -6.27744e+66 -6.27744e+66 -6.27744e+66 122.791 141.017 188.402 
-6.27744e+66 -6.27744e+66 -6.27744e+66 -6.27744e+66 -6.27744e+66 -6.27744e+66 -6.27744e+66 -6.27744e+66 -6.27744e+66 -6.27744e+66 -6.27744e+66 -6.27744e+66 122.791 146.484 
-6.27744e+66 -6.27744e+66 -6.27744e+66 -6.27744e+66 -6.27744e+66 -6.27744e+66 -6.27744e+66 -6.27744e+66 -6.27744e+66 -6.27744e+66 -6.27744e+66 -6.27744e+66 -6.27744e+66 122.791 
-6.27744e+66 -6.27744e+66 -6.27744e+66 -6.27744e+66 -6.27744e+66 -6.27744e+66 -6.27744e+66 -6.27744e+66 -6.27744e+66 -6.27744e+66 -6.27744e+66 -6.27744e+66 -6.27744e+66 -6.27744e+66 
-6.27744e+66 101.12 122.192 164.335 185.407 304.813 348.712 475.143 548.894 619.133 903.601 1008.96 1008.96 1135.39 
-6.27744e+66 -6.27744e+66 101.12 122.192 136.239 225.794 260.914 366.272 429.487 490.946 743.807 838.629 838.629 954.524 
-6.27744e+66 -6.27744e+66 -6.27744e+66 101.12 108.144 167.847 194.187 278.473 331.153 383.832 605.085 689.372 689.372 794.73 
-6.27744e+66 -6.27744e+66 -6.27744e+66 -6.27744e+66 101.12 130.972 148.531 211.746 253.89 297.789 487.434 561.185 561.185 656.008 
-6.27744e+66 -6.27744e+66 -6.27744e+66 -6.27744e+66 -6.27744e+66 101.12 109.9 152.043 183.651 218.77 376.808 440.023 440.023 524.31 
-6.27744e+66 -6.27744e+66 -6.27744e+66 -6.27744e+66 -6.27744e+66 -6.27744e+66 101.12 122.192 143.263 169.603 296.033 348.712 348.712 422.463 
-6.27744e+66 -6.27744e+66 -6.27744e+66 -6.27744e+66 -6.27744e+66 -6.27744e+66 -6.27744e+66 101.12 111.656 129.216 224.038 266.182 266.182 329.397 
-6.27744e+66 -6.27744e+66 -6.27744e+66 -6.27744e+66 -6.27744e+66 -6.27744e+66 -6.27744e+66 -6.27744e+66 101.12 109.9 173.115 204.723 204.723 257.402 
-6.27744e+66 -6.27744e+66 -6.27744e+66 -6.27744e+66 -6.27744e+66 -6.27744e+66 -6.27744e+66 -6.27744e+66 -6.27744e+66 101.12 132.728 153.799 153.799 195.943 
-6.27744e+66 -6.27744e+66 -6.27744e+66 -6.27744e+66 -6.27744e+66 -6.27744e+66 -6.27744e+66 -6.27744e+66 -6.27744e+66 -6.27744e+66 101.12 111.656 111.656 143.263 
-6.27744e+66 -6.27744e+66 -6.27744e+66 -6.27744e+66 -6.27744e+66 -6.27744e+66 -6.27744e+66 -6.27744e+66 -6.27744e+66 -6.27744e+66 -6.27744e+66 101.12 101.12 122.192 
-6.27744e+66 -6.27744e+66 -6.27744e+66 -6.27744e+66 -6.27744e+66 -6.27744e+66 -6.27744e+66 -6.27744e+66 -6.27744e+66 -6.27744e+66 -6.27744e+66 -6.27744e+66 101.12 111.656 
-6.27744e+66 -6.27744e+66 -6.27744e+66 -6.27744e+66 -6.27744e+66 -6.27744e+66 -6.27744e+66 -6.27744e+66 -6.27744e+66 -6.27744e+66 -6.27744e+66 -6.27744e+66 -6.27744e+66 101.12 
-6.27744e+66 -6.27744e+66 -6.27744e+66 -6.27744e+66 -6.27744e+66 -6.27744e+66 -6.27744e+66 -6.27744e+66 -6.27744e+66 -6.27744e+66 -6.27744e+66 -6.27744e+66 -6.27744e+66 -6.27744e+66 
-6.27744e+66 41.9016 56.1082 74.1894 81.9385 128.433 154.263 247.252 373.821 394.485 440.98 531.386 531.386 577.88 
-6.27744e+66 -6.27744e+66 41.9016 50.9422 56.1082 90.9791 111.643 189.134 297.621 315.703 357.031 438.397 438.397 481.017 
-6.27744e+66 -6.27744e+66 -6.27744e+66 41.9016 44.4846 67.7319 83.23 145.223 235.629 251.127 287.289 359.614 359.614 398.36 
-6.27744e+66 -6.27744e+66 -6.27744e+66 -6.27744e+66 41.9016 53.5252 63.8573 110.352 182.677 195.592 226.588 289.872 289.872 324.743 
-6.27744e+66 -6.27744e+66 -6.27744e+66 -6.27744e+66 -6.27744e+66 41.9016 47.0676 78.064 132.308 142.64 168.47 222.714 222.714 253.71 
-6.27744e+66 -6.27744e+66 -6.27744e+66 -6.27744e+66 -6.27744e+66 -6.27744e+66 41.9016 57.3997 93.5621 101.311 121.975 167.178 167.178 194.3 
-6.27744e+66 -6.27744e+66 -6.27744e+66 -6.27744e+66 -6.27744e+66 -6.27744e+66 -6.27744e+66 41.9016 59.9828 65.1488 80.647 116.809 116.809 140.057 
-6.27744e+66 -6.27744e+66 -6.27744e+66 -6.27744e+66 -6.27744e+66 -6.27744e+66 -6.27744e+66 -6.27744e+66 41.9016 44.4846 54.8167 81.9385 81.9385 101.311 
-6.27744e+66 -6.27744e+66 -6.27744e+66 -6.27744e+66 -6.27744e+66 -6.27744e+66 -6.27744e+66 -6.27744e+66 -6.27744e+66 41.9016 47.0676 65.1488 65.1488 80.647 
-6.27744e+66 -6.27744e+66 -6.27744e+66 -6.27744e+66 -6.27744e+66 -6.27744e+66 -6.27744e+66 -6.27744e+66 -6.27744e+66 -6.27744e+66 41.9016 50.9422 50.9422 62.5658 
-6.27744e+66 -6.27744e+66 -6.27744e+66 -6.27744e+66 -6.27744e+66 -6.27744e+66 -6.27744e+66 -6.27744e+66 -6.27744e+66 -6.27744e+66 -6.27744e+66 41.9016 41.9016 49.6506 
-6.27744e+66 -6.27744e+66 -6.27744e+66 -6.27744e+66 -6.27744e+66 -6.27744e+66 -6.27744e+66 -6.27744e+66 -6.27744e+66 -6.27744e+66 -6.27744e+66 -6.27744e+66 41.9016 45.7761 
-6.27744e+66 -6.27744e+66 -6.27744e+66 -6.27744e+66 -6.27744e+66 -6.27744e+66 -6.27744e+66 -6.27744e+66 -6.27744e+66 -6.27744e+66 -6.27744e+66 -6.27744e+66 -6.27744e+66 41.9016 
-6.27744e+66 -6.27744e+66 -6.27744e+66 -6.27744e+66 -6.27744e+66 -6.27744e+66 -6.27744e+66 -6.27744e+66 -6.27744e+66 -6.27744e+66 -6.27744e+66 -6.27744e+66 -6.27744e+66 -6.27744e+66 
-6.27744e+66 168.788 179.278 185.272 221.236 305.153 372.585 462.496 714.246 822.139 1010.95 1385.58 1599.87 2121.35 
-6.27744e+66 -6.27744e+66 168.788 171.785 195.761 258.699 312.645 387.571 603.356 697.762 865.596 1202.76 1397.57 1875.59 
-6.27744e+66 -6.27744e+66 -6.27744e+66 168.788 180.776 222.734 263.194 323.135 502.956 583.876 730.73 1030.43 1205.76 1640.33 
-6.27744e+66 -6.27744e+66 -6.27744e+66 -6.27744e+66 168.788 189.767 216.74 261.696 405.553 472.986 598.861 861.1 1016.95 1408.06 
-6.27744e+66 -6.27744e+66 -6.27744e+66 -6.27744e+66 -6.27744e+66 168.788 182.275 212.245 320.138 374.084 478.98 703.756 840.121 1187.78 
-6.27744e+66 -6.27744e+66 -6.27744e+66 -6.27744e+66 -6.27744e+66 -6.27744e+66 168.788 183.773 255.702 296.161 380.078 567.392 684.276 988.473 
-6.27744e+66 -6.27744e+66 -6.27744e+66 -6.27744e+66 -6.27744e+66 -6.27744e+66 -6.27744e+66 168.788 204.752 231.725 294.663 444.514 541.917 802.658 
-6.27744e+66 -6.27744e+66 -6.27744e+66 -6.27744e+66 -6.27744e+66 -6.27744e+66 -6.27744e+66 -6.27744e+66 168.788 182.275 224.233 336.621 414.544 631.828 
-6.27744e+66 -6.27744e+66 -6.27744e+66 -6.27744e+66 -6.27744e+66 -6.27744e+66 -6.27744e+66 -6.27744e+66 -6.27744e+66 168.788 189.767 264.693 323.135 496.962 
-6.27744e+66 -6.27744e+66 -6.27744e+66 -6.27744e+66 -6.27744e+66 -6.27744e+66 -6.27744e+66 -6.27744e+66 -6.27744e+66 -6.27744e+66 168.788 206.251 245.212 375.583 
-6.27744e+66 -6.27744e+66 -6.27744e+66 -6.27744e+66 -6.27744e+66 -6.27744e+66 -6.27744e+66 -6.27744e+66 -6.27744e+66 -6.27744e+66 -6.27744e+66 168.788 188.269 275.182 
-6.27744e+66 -6.27744e+66 -6.27744e+66 -6.27744e+66 -6.27744e+66 -6.27744e+66 -6.27744e+66 -6.27744e+66 -6.27744e+66 -6.27744e+66 -6.27744e+66 -6.27744e+66 168.788 212.245 
-6.27744e+66 -6.27744e+66 -6.27744e+66 -6.27744e+66 -6.27744e+66 -6.27744e+66 -6.27744e+66 -6.27744e+66 -6.27744e+66 -6.27744e+66 -6.27744e+66 -6.27744e+66 -6.27744e+66 168.788 
-6.27744e+66 -6.27744e+66 -6.27744e+66 -6.27744e+66 -6.27744e+66 -6.27744e+66 -6.27744e+66 -6.27744e+66 -6.27744e+66 -6.27744e+66 -6.27744e+66 -6.27744e+66 -6.27744e+66 -6.27744e+66 
-6.27744e+66 181.907 208.486 295.114 383.711 407.337 441.792 489.043 675.097 682.972 877.886 956.639 1324.81 1667.38 
-6.27744e+66 -6.27744e+66 181.907 225.221 284.286 302.005 329.569 368.945 528.42 535.311 708.567 779.445 1114.14 1428.17 
-6.27744e+66 -6.27744e+66 -6.27744e+66 181.907 211.44 223.252 243.925 275.426 408.322 414.228 565.828 628.83 930.06 1215.54 
-6.27744e+66 -6.27744e+66 -6.27744e+66 -6.27744e+66 181.907 187.814 201.595 225.221 331.538 336.46 466.402 521.529 789.289 1046.22 
-6.27744e+66 -6.27744e+66 -6.27744e+66 -6.27744e+66 -6.27744e+66 181.907 188.798 204.549 284.286 288.224 396.509 443.761 678.05 906.434 
-6.27744e+66 -6.27744e+66 -6.27744e+66 -6.27744e+66 -6.27744e+66 -6.27744e+66 181.907 189.782 242.941 245.894 332.522 371.899 572.718 772.554 
-6.27744e+66 -6.27744e+66 -6.27744e+66 -6.27744e+66 -6.27744e+66 -6.27744e+66 -6.27744e+66 181.907 208.486 210.455 275.426 306.927 474.277 645.565 
-6.27744e+66 -6.27744e+66 -6.27744e+66 -6.27744e+66 -6.27744e+66 -6.27744e+66 -6.27744e+66 -6.27744e+66 181.907 182.892 226.206 249.832 383.711 526.451 
-6.27744e+66 -6.27744e+66 -6.27744e+66 -6.27744e+66 -6.27744e+66 -6.27744e+66 -6.27744e+66 -6.27744e+66 -6.27744e+66 181.907 203.564 219.315 319.725 433.916 
-6.27744e+66 -6.27744e+66 -6.27744e+66 -6.27744e+66 -6.27744e+66 -6.27744e+66 -6.27744e+66 -6.27744e+66 -6.27744e+66 -6.27744e+66 181.907 189.782 256.722 342.366 
-6.27744e+66 -6.27744e+66 -6.27744e+66 -6.27744e+66 -6.27744e+66 -6.27744e+66 -6.27744e+66 -6.27744e+66 -6.27744e+66 -6.27744e+66 -6.27744e+66 181.907 215.377 272.473 
-6.27744e+66 -6.27744e+66 -6.27744e+66 -6.27744e+66 -6.27744e+66 -6.27744e+66 -6.27744e+66 -6.27744e+66 -6.27744e+66 -6.27744e+66 -6.27744e+66 -6.27744e+66 181.907 210.455 
-6.27744e+66 -6.27744e+66 -6.27744e+66 -6.27744e+66 -6.27744e+66 -6.27744e+66 -6.27744e+66 -6.27744e+66 -6.27744e+66 -6.27744e+66 -6.27744e+66 -6.27744e+66 -6.27744e+66 181.907 
-6.27744e+66 -6.27744e+66 -6.27744e+66 -6.27744e+66 -6.27744e+66 -6.27744e+66 -6.27744e+66 -6.27744e+66 -6.27744e+66 -6.27744e+66 -6.27744e+66 -6.27744e+66 -6.27744e+66 -6.27744e+66 
-6.27744e+66 90.7264 93.7 111.542 133.844 217.106 291.447 353.893 447.562 590.297 777.635 1075 1303.97 1375.34 
-6.27744e+66 -6.27744e+66 90.7264 99.6473 114.515 176.962 236.434 288.473 368.761 493.654 660.177 927.804 1135.96 1201.38 
-6.27744e+66 -6.27744e+66 -6.27744e+66 90.7264 98.1605 139.791 184.396 226.027 292.933 399.984 545.692 783.583 970.921 1030.39 
-6.27744e+66 -6.27744e+66 -6.27744e+66 -6.27744e+66 90.7264 111.542 141.278 172.501 226.027 315.236 440.128 648.282 814.806 868.331 
-6.27744e+66 -6.27744e+66 -6.27744e+66 -6.27744e+66 -6.27744e+66 90.7264 105.595 126.41 166.554 237.921 341.998 520.416 666.124 713.702 
-6.27744e+66 -6.27744e+66 -6.27744e+66 -6.27744e+66 -6.27744e+66 -6.27744e+66 90.7264 101.134 127.897 181.422 264.684 413.365 538.258 579.889 
-6.27744e+66 -6.27744e+66 -6.27744e+66 -6.27744e+66 -6.27744e+66 -6.27744e+66 -6.27744e+66 90.7264 104.108 139.791 202.238 321.183 425.26 460.944 
-6.27744e+66 -6.27744e+66 -6.27744e+66 -6.27744e+66 -6.27744e+66 -6.27744e+66 -6.27744e+66 -6.27744e+66 90.7264 108.568 150.199 239.408 322.67 352.406 
-6.27744e+66 -6.27744e+66 -6.27744e+66 -6.27744e+66 -6.27744e+66 -6.27744e+66 -6.27744e+66 -6.27744e+66 -6.27744e+66 90.7264 111.542 171.014 233.461 257.25 
-6.27744e+66 -6.27744e+66 -6.27744e+66 -6.27744e+66 -6.27744e+66 -6.27744e+66 -6.27744e+66 -6.27744e+66 -6.27744e+66 -6.27744e+66 90.7264 120.463 162.094 179.935 
-6.27744e+66 -6.27744e+66 -6.27744e+66 -6.27744e+66 -6.27744e+66 -6.27744e+66 -6.27744e+66 -6.27744e+66 -6.27744e+66 -6.27744e+66 -6.27744e+66 90.7264 111.542 123.436 
-6.27744e+66 -6.27744e+66 -6.27744e+66 -6.27744e+66 -6.27744e+66 -6.27744e+66 -6.27744e+66 -6.27744e+66 -6.27744e+66 -6.27744e+66 -6.27744e+66 -6.27744e+66 90.7264 96.6737 
-6.27744e+66 -6.27744e+66 -6.27744e+66 -6.27744e+66 -6.27744e+66 -6.27744e+66 -6.27744e+66 -6.27744e+66 -6.27744e+66 -6.27744e+66 -6.27744e+66 -6.27744e+66 -6.27744e+66 90.7264 
-6.27744e+66 -6.27744e+66 -6.27744e+66 -6.27744e+66 -6.27744e+66 -6.27744e+66 -6.27744e+66 -6.27744e+66 -6.27744e+66 -6.27744e+66 -6.27744e+66 -6.27744e+66 -6.27744e+66 -6.27744e+66 
-6.27744e+66 41.8632 59.8438 77.8244 111.538 111.538 178.965 219.422 313.82 349.781 390.237 457.665 704.898 839.752 
-6.27744e+66 -6.27744e+66 41.8632 50.8535 73.3293 73.3293 127.271 160.985 241.897 273.363 309.325 370.009 594.767 718.383 
-6.27744e+66 -6.27744e+66 -6.27744e+66 41.8632 53.1011 53.1011 93.5574 120.528 187.956 214.926 246.393 300.334 502.616 614.995 
-6.27744e+66 -6.27744e+66 -6.27744e+66 -6.27744e+66 41.8632 41.8632 68.8341 89.0623 143.004 165.48 192.451 239.65 419.456 520.597 
-6.27744e+66 -6.27744e+66 -6.27744e+66 -6.27744e+66 -6.27744e+66 41.8632 55.3487 68.8341 109.29 127.271 149.747 190.203 347.533 437.436 
-6.27744e+66 -6.27744e+66 -6.27744e+66 -6.27744e+66 -6.27744e+66 -6.27744e+66 41.8632 48.6059 75.5768 89.0623 107.043 140.757 275.611 354.276 
-6.27744e+66 -6.27744e+66 -6.27744e+66 -6.27744e+66 -6.27744e+66 -6.27744e+66 -6.27744e+66 41.8632 55.3487 64.339 77.8244 104.795 217.174 284.601 
-6.27744e+66 -6.27744e+66 -6.27744e+66 -6.27744e+66 -6.27744e+66 -6.27744e+66 -6.27744e+66 -6.27744e+66 41.8632 46.3584 55.3487 75.5768 165.48 221.669 
-6.27744e+66 -6.27744e+66 -6.27744e+66 -6.27744e+66 -6.27744e+66 -6.27744e+66 -6.27744e+66 -6.27744e+66 -6.27744e+66 41.8632 46.3584 59.8438 127.271 172.223 
-6.27744e+66 -6.27744e+66 -6.27744e+66 -6.27744e+66 -6.27744e+66 -6.27744e+66 -6.27744e+66 -6.27744e+66 -6.27744e+66 -6.27744e+66 41.8632 48.6059 93.5574 127.271 
-6.27744e+66 -6.27744e+66 -6.27744e+66 -6.27744e+66 -6.27744e+66 -6.27744e+66 -6.27744e+66 -6.27744e+66 -6.27744e+66 -6.27744e+66 -6.27744e+66 41.8632 64.339 86.8147 
-6.27744e+66 -6.27744e+66 -6.27744e+66 -6.27744e+66 -6.27744e+66 -6.27744e+66 -6.27744e+66 -6.27744e+66 -6.27744e+66 -6.27744e+66 -6.27744e+66 -6.27744e+66 41.8632 53.1011 
-6.27744e+66 -6.27744e+66 -6.27744e+66 -6.27744e+66 -6.27744e+66 -6.27744e+66 -6.27744e+66 -6.27744e+66 -6.27744e+66 -6.27744e+66 -6.27744e+66 -6.27744e+66 -6.27744e+66 41.8632 
-6.27744e+66 -6.27744e+66 -6.27744e+66 -6.27744e+66 -6.27744e+66 -6.27744e+66 -6.27744e+66 -6.27744e+66 -6.27744e+66 -6.27744e+66 -6.27744e+66 -6.27744e+66 -6.27744e+66 -6.27744e+66 
-6.27744e+66 118.343 118.343 126.792 145.803 238.745 333.8 333.8 422.517 507.01 754.151 796.397 1028.75 1408.97 
-6.27744e+66 -6.27744e+66 118.343 122.568 135.242 204.948 280.992 280.992 357.035 430.966 650.647 688.669 899.901 1248.43 
-6.27744e+66 -6.27744e+66 -6.27744e+66 118.343 124.68 171.151 228.184 228.184 291.553 354.923 547.144 580.941 771.05 1087.9 
-6.27744e+66 -6.27744e+66 -6.27744e+66 -6.27744e+66 118.343 141.579 179.6 179.6 230.296 283.104 447.865 477.437 646.423 931.586 
-6.27744e+66 -6.27744e+66 -6.27744e+66 -6.27744e+66 -6.27744e+66 118.343 137.354 137.354 175.376 217.622 354.923 380.271 528.133 781.611 
-6.27744e+66 -6.27744e+66 -6.27744e+66 -6.27744e+66 -6.27744e+66 -6.27744e+66 118.343 118.343 143.691 175.376 285.216 306.339 433.079 654.872 
-6.27744e+66 -6.27744e+66 -6.27744e+66 -6.27744e+66 -6.27744e+66 -6.27744e+66 -6.27744e+66 118.343 131.017 152.14 234.521 251.419 357.035 547.144 
-6.27744e+66 -6.27744e+66 -6.27744e+66 -6.27744e+66 -6.27744e+66 -6.27744e+66 -6.27744e+66 -6.27744e+66 118.343 128.905 183.825 196.499 280.992 439.415 
-6.27744e+66 -6.27744e+66 -6.27744e+66 -6.27744e+66 -6.27744e+66 -6.27744e+66 -6.27744e+66 -6.27744e+66 -6.27744e+66 118.343 145.803 154.252 217.622 344.361 
-6.27744e+66 -6.27744e+66 -6.27744e+66 -6.27744e+66 -6.27744e+66 -6.27744e+66 -6.27744e+66 -6.27744e+66 -6.27744e+66 -6.27744e+66 118.343 122.568 164.814 259.868 
-6.27744e+66 -6.27744e+66 -6.27744e+66 -6.27744e+66 -6.27744e+66 -6.27744e+66 -6.27744e+66 -6.27744e+66 -6.27744e+66 -6.27744e+66 -6.27744e+66 118.343 139.466 202.836 
-6.27744e+66 -6.27744e+66 -6.27744e+66 -6.27744e+66 -6.27744e+66 -6.27744e+66 -6.27744e+66 -6.27744e+66 -6.27744e+66 -6.27744e+66 -6.27744e+66 -6.27744e+66 118.343 150.028 
-6.27744e+66 -6.27744e+66 -6.27744e+66 -6.27744e+66 -6.27744e+66 -6.27744e+66 -6.27744e+66 -6.27744e+66 -6.27744e+66 -6.27744e+66 -6.27744e+66 -6.27744e+66 -6.27744e+66 118.343 
-6.27744e+66 -6.27744e+66 -6.27744e+66 -6.27744e+66 -6.27744e+66 -6.27744e+66 -6.27744e+66 -6.27744e+66 -6.27744e+66 -6.27744e+66 -6.27744e+66 -6.27744e+66 -6.27744e+66 -6.27744e+66 
-6.27744e+66 60.8271 81.6273 85.4092 125.119 170.501 274.502 297.193 389.848 616.759 667.814 667.814 667.814 849.343 
-6.27744e+66 -6.27744e+66 60.8271 62.718 89.191 123.228 206.428 225.338 304.757 503.304 548.686 548.686 548.686 715.087 
-6.27744e+66 -6.27744e+66 -6.27744e+66 60.8271 74.0636 96.7547 159.155 174.283 240.465 410.648 450.358 450.358 450.358 601.632 
-6.27744e+66 -6.27744e+66 -6.27744e+66 -6.27744e+66 60.8271 72.1727 113.773 125.119 178.065 319.884 353.921 353.921 353.921 490.067 
-6.27744e+66 -6.27744e+66 -6.27744e+66 -6.27744e+66 -6.27744e+66 60.8271 81.6273 89.191 128.9 242.356 270.72 270.72 270.72 391.739 
-6.27744e+66 -6.27744e+66 -6.27744e+66 -6.27744e+66 -6.27744e+66 -6.27744e+66 60.8271 64.609 91.0819 176.174 198.865 198.865 198.865 304.757 
-6.27744e+66 -6.27744e+66 -6.27744e+66 -6.27744e+66 -6.27744e+66 -6.27744e+66 -6.27744e+66 60.8271 74.0636 130.791 147.81 147.81 147.81 238.574 
-6.27744e+66 -6.27744e+66 -6.27744e+66 -6.27744e+66 -6.27744e+66 -6.27744e+66 -6.27744e+66 -6.27744e+66 60.8271 89.191 100.537 100.537 100.537 176.174 
-6.27744e+66 -6.27744e+66 -6.27744e+66 -6.27744e+66 -6.27744e+66 -6.27744e+66 -6.27744e+66 -6.27744e+66 -6.27744e+66 60.8271 66.4999 66.4999 66.4999 127.01 
-6.27744e+66 -6.27744e+66 -6.27744e+66 -6.27744e+66 -6.27744e+66 -6.27744e+66 -6.27744e+66 -6.27744e+66 -6.27744e+66 -6.27744e+66 60.8271 60.8271 60.8271 106.209 
-6.27744e+66 -6.27744e+66 -6.27744e+66 -6.27744e+66 -6.27744e+66 -6.27744e+66 -6.27744e+66 -6.27744e+66 -6.27744e+66 -6.27744e+66 -6.27744e+66 60.8271 60.8271 91.0819 
-6.27744e+66 -6.27744e+66 -6.27744e+66 -6.27744e+66 -6.27744e+66 -6.27744e+66 -6.27744e+66 -6.27744e+66 -6.27744e+66 -6.27744e+66 -6.27744e+66 -6.27744e+66 60.8271 75.9545 
-6.27744e+66 -6.27744e+66 -6.27744e+66 -6.27744e+66 -6.27744e+66 -6.27744e+66 -6.27744e+66 -6.27744e+66 -6.27744e+66 -6.27744e+66 -6.27744e+66 -6.27744e+66 -6.27744e+66 60.8271 
-6.27744e+66 -6.27744e+66 -6.27744e+66 -6.27744e+66 -6.27744e+66 -6.27744e+66 -6.27744e+66 -6.27744e+66 -6.27744e+66 -6.27744e+66 -6.27744e+66 -6.27744e+66 -6.27744e+66 -6.27744e+66 
-6.27744e+66 184.702 198.459 239.73 322.271 377.298 434.619 489.646 714.342 787.712 1035.34 1104.12 1406.77 1489.31 
-6.27744e+66 -6.27744e+66 184.702 205.337 260.365 301.636 347.492 393.348 585.944 650.143 870.253 932.159 1207.3 1282.96 
-6.27744e+66 -6.27744e+66 -6.27744e+66 184.702 212.216 239.73 274.122 310.807 471.304 526.331 718.928 773.955 1021.58 1090.36 
-6.27744e+66 -6.27744e+66 -6.27744e+66 -6.27744e+66 184.702 198.459 221.387 248.901 377.298 423.155 588.237 636.386 856.496 918.402 
-6.27744e+66 -6.27744e+66 -6.27744e+66 -6.27744e+66 -6.27744e+66 184.702 196.166 214.509 310.807 347.492 485.061 526.331 718.928 773.955 
-6.27744e+66 -6.27744e+66 -6.27744e+66 -6.27744e+66 -6.27744e+66 -6.27744e+66 184.702 193.873 258.072 285.586 395.641 430.033 595.116 643.265 
-6.27744e+66 -6.27744e+66 -6.27744e+66 -6.27744e+66 -6.27744e+66 -6.27744e+66 -6.27744e+66 184.702 216.801 235.144 317.685 345.199 482.768 524.038 
-6.27744e+66 -6.27744e+66 -6.27744e+66 -6.27744e+66 -6.27744e+66 -6.27744e+66 -6.27744e+66 -6.27744e+66 184.702 193.873 248.901 269.536 379.591 413.983 
-6.27744e+66 -6.27744e+66 -6.27744e+66 -6.27744e+66 -6.27744e+66 -6.27744e+66 -6.27744e+66 -6.27744e+66 -6.27744e+66 184.702 212.216 225.973 308.514 336.028 
-6.27744e+66 -6.27744e+66 -6.27744e+66 -6.27744e+66 -6.27744e+66 -6.27744e+66 -6.27744e+66 -6.27744e+66 -6.27744e+66 -6.27744e+66 184.702 191.581 246.608 267.243 
-6.27744e+66 -6.27744e+66 -6.27744e+66 -6.27744e+66 -6.27744e+66 -6.27744e+66 -6.27744e+66 -6.27744e+66 -6.27744e+66 -6.27744e+66 -6.27744e+66 184.702 212.216 225.973 
-6.27744e+66 -6.27744e+66 -6.27744e+66 -6.27744e+66 -6.27744e+66 -6.27744e+66 -6.27744e+66 -6.27744e+66 -6.27744e+66 -6.27744e+66 -6.27744e+66 -6.27744e+66 184.702 191.581 
-6.27744e+66 -6.27744e+66 -6.27744e+66 -6.27744e+66 -6.27744e+66 -6.27744e+66 -6.27744e+66 -6.27744e+66 -6.27744e+66 -6.27744e+66 -6.27744e+66 -6.27744e+66 -6.27744e+66 184.702 
-6.27744e+66 -6.27744e+66 -6.27744e+66 -6.27744e+66 -6.27744e+66 -6.27744e+66 -6.27744e+66 -6.27744e+66 -6.27744e+66 -6.27744e+66 -6.27744e+66 -6.27744e+66 -6.27744e+66 -6.27744e+66 
-6.27744e+66 35.0293 45.3718 47.9575 106.134 137.162 195.338 234.123 333.67 385.382 536.642 588.354 659.459 690.487 
-6.27744e+66 -6.27744e+66 35.0293 36.3221 75.1066 98.3773 144.919 177.239 262.565 307.813 442.266 488.807 553.448 581.89 
-6.27744e+66 -6.27744e+66 -6.27744e+66 35.0293 54.4215 69.9353 104.841 130.698 201.802 240.587 358.233 399.603 457.78 483.636 
-6.27744e+66 -6.27744e+66 -6.27744e+66 -6.27744e+66 35.0293 42.7862 66.0569 85.4491 142.333 174.653 275.493 311.692 363.404 386.675 
-6.27744e+66 -6.27744e+66 -6.27744e+66 -6.27744e+66 -6.27744e+66 35.0293 46.6647 59.5928 102.256 128.112 212.145 243.173 288.421 309.106 
-6.27744e+66 -6.27744e+66 -6.27744e+66 -6.27744e+66 -6.27744e+66 -6.27744e+66 35.0293 41.4934 69.9353 89.3276 156.554 182.41 221.195 239.294 
-6.27744e+66 -6.27744e+66 -6.27744e+66 -6.27744e+66 -6.27744e+66 -6.27744e+66 -6.27744e+66 35.0293 49.2503 62.1784 112.598 133.283 165.604 181.117 
-6.27744e+66 -6.27744e+66 -6.27744e+66 -6.27744e+66 -6.27744e+66 -6.27744e+66 -6.27744e+66 -6.27744e+66 35.0293 41.4934 75.1066 90.6204 116.477 129.405 
-6.27744e+66 -6.27744e+66 -6.27744e+66 -6.27744e+66 -6.27744e+66 -6.27744e+66 -6.27744e+66 -6.27744e+66 -6.27744e+66 35.0293 51.8359 62.1784 81.5707 91.9132 
-6.27744e+66 -6.27744e+66 -6.27744e+66 -6.27744e+66 -6.27744e+66 -6.27744e+66 -6.27744e+66 -6.27744e+66 -6.27744e+66 -6.27744e+66 35.0293 40.2006 53.1287 60.8856 
-6.27744e+66 -6.27744e+66 -6.27744e+66 -6.27744e+66 -6.27744e+66 -6.27744e+66 -6.27744e+66 -6.27744e+66 -6.27744e+66 -6.27744e+66 -6.27744e+66 35.0293 41.4934 46.6647 
-6.27744e+66 -6.27744e+66 -6.27744e+66 -6.27744e+66 -6.27744e+66 -6.27744e+66 -6.27744e+66 -6.27744e+66 -6.27744e+66 -6.27744e+66 -6.27744e+66 -6.27744e+66 35.0293 37.6149 
-6.27744e+66 -6.27744e+66 -6.27744e+66 -6.27744e+66 -6.27744e+66 -6.27744e+66 -6.27744e+66 -6.27744e+66 -6.27744e+66 -6.27744e+66 -6.27744e+66 -6.27744e+66 -6.27744e+66 35.0293 
-6.27744e+66 -6.27744e+66 -6.27744e+66 -6.27744e+66 -6.27744e+66 -6.27744e+66 -6.27744e+66 -6.27744e+66 -6.27744e+66 -6.27744e+66 -6.27744e+66 -6.27744e+66 -6.27744e+66 -6.27744e+66 
-6.27744e+66 57.002 69.3366 107.882 161.075 207.33 272.857 277.483 315.258 364.596 454.793 632.102 835.623 1113.15 
-6.27744e+66 -6.27744e+66 57.002 76.2748 111.737 146.428 198.85 202.704 235.083 278.254 358.429 518.007 703.026 957.427 
-6.27744e+66 -6.27744e+66 -6.27744e+66 57.002 74.733 97.8603 137.177 140.261 167.242 204.246 274.399 416.247 582.764 814.038 
-6.27744e+66 -6.27744e+66 -6.27744e+66 -6.27744e+66 57.002 68.5657 94.7767 97.0894 118.675 149.511 209.643 333.759 481.775 689.921 
-6.27744e+66 -6.27744e+66 -6.27744e+66 -6.27744e+66 -6.27744e+66 57.002 70.1075 71.6493 87.8385 112.508 162.617 269.003 398.516 583.535 
-6.27744e+66 -6.27744e+66 -6.27744e+66 -6.27744e+66 -6.27744e+66 -6.27744e+66 57.002 57.7729 68.5657 87.0676 127.155 215.81 326.821 488.713 
-6.27744e+66 -6.27744e+66 -6.27744e+66 -6.27744e+66 -6.27744e+66 -6.27744e+66 -6.27744e+66 57.002 62.3984 74.733 104.799 175.722 268.232 406.996 
-6.27744e+66 -6.27744e+66 -6.27744e+66 -6.27744e+66 -6.27744e+66 -6.27744e+66 -6.27744e+66 -6.27744e+66 57.002 63.1693 83.213 136.406 210.414 326.05 
-6.27744e+66 -6.27744e+66 -6.27744e+66 -6.27744e+66 -6.27744e+66 -6.27744e+66 -6.27744e+66 -6.27744e+66 -6.27744e+66 57.002 67.0239 102.486 157.991 250.501 
-6.27744e+66 -6.27744e+66 -6.27744e+66 -6.27744e+66 -6.27744e+66 -6.27744e+66 -6.27744e+66 -6.27744e+66 -6.27744e+66 -6.27744e+66 57.002 74.733 111.737 181.119 
-6.27744e+66 -6.27744e+66 -6.27744e+66 -6.27744e+66 -6.27744e+66 -6.27744e+66 -6.27744e+66 -6.27744e+66 -6.27744e+66 -6.27744e+66 -6.27744e+66 57.002 75.5039 121.759 
-6.27744e+66 -6.27744e+66 -6.27744e+66 -6.27744e+66 -6.27744e+66 -6.27744e+66 -6.27744e+66 -6.27744e+66 -6.27744e+66 -6.27744e+66 -6.27744e+66 -6.27744e+66 57.002 80.1294 
-6.27744e+66 -6.27744e+66 -6.27744e+66 -6.27744e+66 -6.27744e+66 -6.27744e+66 -6.27744e+66 -6.27744e+66 -6.27744e+66 -6.27744e+66 -6.27744e+66 -6.27744e+66 -6.27744e+66 57.002 
-6.27744e+66 -6.27744e+66 -6.27744e+66 -6.27744e+66 -6.27744e+66 -6.27744e+66 -6.27744e+66 -6.27744e+66 -6.27744e+66 -6.27744e+66 -6.27744e+66 -6.27744e+66 -6.27744e+66 -6.27744e+66 
-6.27744e+66 56.0529 80.9174 88.568 134.472 203.327 203.327 295.135 415.632 461.536 461.536 614.548 698.705 744.608 
-6.27744e+66 -6.27744e+66 56.0529 59.8782 90.4807 142.122 142.122 218.628 321.912 362.078 362.078 499.789 576.295 618.373 
-6.27744e+66 -6.27744e+66 -6.27744e+66 56.0529 71.3541 105.782 105.782 166.987 253.056 287.484 287.484 409.894 478.749 517.003 
-6.27744e+66 -6.27744e+66 -6.27744e+66 -6.27744e+66 56.0529 73.2668 73.2668 119.17 188.026 216.716 216.716 323.824 385.029 419.457 
-6.27744e+66 -6.27744e+66 -6.27744e+66 -6.27744e+66 -6.27744e+66 56.0529 56.0529 86.6553 138.297 161.249 161.249 253.056 306.611 337.213 
-6.27744e+66 -6.27744e+66 -6.27744e+66 -6.27744e+66 -6.27744e+66 -6.27744e+66 56.0529 71.3541 105.782 122.996 122.996 199.502 245.406 272.183 
-6.27744e+66 -6.27744e+66 -6.27744e+66 -6.27744e+66 -6.27744e+66 -6.27744e+66 -6.27744e+66 56.0529 73.2668 84.7427 84.7427 145.948 184.201 207.153 
-6.27744e+66 -6.27744e+66 -6.27744e+66 -6.27744e+66 -6.27744e+66 -6.27744e+66 -6.27744e+66 -6.27744e+66 56.0529 61.7908 61.7908 107.695 138.297 157.424 
-6.27744e+66 -6.27744e+66 -6.27744e+66 -6.27744e+66 -6.27744e+66 -6.27744e+66 -6.27744e+66 -6.27744e+66 -6.27744e+66 56.0529 56.0529 86.6553 109.607 124.908 
-6.27744e+66 -6.27744e+66 -6.27744e+66 -6.27744e+66 -6.27744e+66 -6.27744e+66 -6.27744e+66 -6.27744e+66 -6.27744e+66 -6.27744e+66 56.0529 71.3541 86.6553 98.1313 
-6.27744e+66 -6.27744e+66 -6.27744e+66 -6.27744e+66 -6.27744e+66 -6.27744e+66 -6.27744e+66 -6.27744e+66 -6.27744e+66 -6.27744e+66 -6.27744e+66 56.0529 63.7035 71.3541 
-6.27744e+66 -6.27744e+66 -6.27744e+66 -6.27744e+66 -6.27744e+66 -6.27744e+66 -6.27744e+66 -6.27744e+66 -6.27744e+66 -6.27744e+66 -6.27744e+66 -6.27744e+66 56.0529 59.8782 
-6.27744e+66 -6.27744e+66 -6.27744e+66 -6.27744e+66 -6.27744e+66 -6.27744e+66 -6.27744e+66 -6.27744e+66 -6.27744e+66 -6.27744e+66 -6.27744e+66 -6.27744e+66 -6.27744e+66 56.0529 
-6.27744e+66 -6.27744e+66 -6.27744e+66 -6.27744e+66 -6.27744e+66 -6.27744e+66 -6.27744e+66 -6.27744e+66 -6.27744e+66 -6.27744e+66 -6.27744e+66 -6.27744e+66 -6.27744e+66 -6.27744e+66 
-6.27744e+66 146.268 180.38 185.548 216.559 367.48 442.424 495.143 665.187 685.861 685.861 685.861 1100.89 1274.56 
-6.27744e+66 -6.27744e+66 146.268 148.852 169.526 282.717 342.671 386.604 532.356 550.446 550.446 550.446 927.748 1086.94 
-6.27744e+66 -6.27744e+66 -6.27744e+66 146.268 156.605 232.065 277.031 312.177 433.637 449.143 449.143 449.143 788.715 933.434 
-6.27744e+66 -6.27744e+66 -6.27744e+66 -6.27744e+66 146.268 183.998 213.975 240.335 337.503 350.424 350.424 350.424 652.266 782.513 
-6.27744e+66 -6.27744e+66 -6.27744e+66 -6.27744e+66 -6.27744e+66 146.268 161.256 178.829 251.705 262.042 262.042 262.042 526.154 641.929 
-6.27744e+66 -6.27744e+66 -6.27744e+66 -6.27744e+66 -6.27744e+66 -6.27744e+66 146.268 155.054 203.638 211.391 211.391 211.391 437.772 539.075 
-6.27744e+66 -6.27744e+66 -6.27744e+66 -6.27744e+66 -6.27744e+66 -6.27744e+66 -6.27744e+66 146.268 170.56 175.728 175.728 175.728 364.379 451.21 
-6.27744e+66 -6.27744e+66 -6.27744e+66 -6.27744e+66 -6.27744e+66 -6.27744e+66 -6.27744e+66 -6.27744e+66 146.268 148.852 148.852 148.852 299.773 372.132 
-6.27744e+66 -6.27744e+66 -6.27744e+66 -6.27744e+66 -6.27744e+66 -6.27744e+66 -6.27744e+66 -6.27744e+66 -6.27744e+66 146.268 146.268 146.268 259.458 317.346 
-6.27744e+66 -6.27744e+66 -6.27744e+66 -6.27744e+66 -6.27744e+66 -6.27744e+66 -6.27744e+66 -6.27744e+66 -6.27744e+66 -6.27744e+66 146.268 146.268 221.728 265.144 
-6.27744e+66 -6.27744e+66 -6.27744e+66 -6.27744e+66 -6.27744e+66 -6.27744e+66 -6.27744e+66 -6.27744e+66 -6.27744e+66 -6.27744e+66 -6.27744e+66 146.268 183.998 212.941 
-6.27744e+66 -6.27744e+66 -6.27744e+66 -6.27744e+66 -6.27744e+66 -6.27744e+66 -6.27744e+66 -6.27744e+66 -6.27744e+66 -6.27744e+66 -6.27744e+66 -6.27744e+66 146.268 160.739 
-6.27744e+66 -6.27744e+66 -6.27744e+66 -6.27744e+66 -6.27744e+66 -6.27744e+66 -6.27744e+66 -6.27744e+66 -6.27744e+66 -6.27744e+66 -6.27744e+66 -6.27744e+66 -6.27744e+66 146.268 
-6.27744e+66 -6.27744e+66 -6.27744e+66 -6.27744e+66 -6.27744e+66 -6.27744e+66 -6.27744e+66 -6.27744e+66 -6.27744e+66 -6.27744e+66 -6.27744e+66 -6.27744e+66 -6.27744e+66 -6.27744e+66 
-6.27744e+66 36.7544 36.7544 36.7544 36.7544 72.8774 72.8774 86.4235 86.4235 140.608 262.523 352.831 477.003 477.003 
-6.27744e+66 -6.27744e+66 36.7544 36.7544 36.7544 63.8467 63.8467 75.1351 75.1351 122.547 230.915 312.192 425.077 425.077 
-6.27744e+66 -6.27744e+66 -6.27744e+66 36.7544 36.7544 54.8159 54.8159 63.8467 63.8467 104.485 199.308 271.554 373.15 373.15 
-6.27744e+66 -6.27744e+66 -6.27744e+66 -6.27744e+66 36.7544 45.7852 45.7852 52.5582 52.5582 86.4235 167.7 230.915 321.223 321.223 
-6.27744e+66 -6.27744e+66 -6.27744e+66 -6.27744e+66 -6.27744e+66 36.7544 36.7544 41.2698 41.2698 68.3621 136.093 190.277 269.296 269.296 
-6.27744e+66 -6.27744e+66 -6.27744e+66 -6.27744e+66 -6.27744e+66 -6.27744e+66 36.7544 39.0121 39.0121 59.3313 113.516 158.67 226.4 226.4 
-6.27744e+66 -6.27744e+66 -6.27744e+66 -6.27744e+66 -6.27744e+66 -6.27744e+66 -6.27744e+66 36.7544 36.7544 50.3006 90.9389 127.062 183.504 183.504 
-6.27744e+66 -6.27744e+66 -6.27744e+66 -6.27744e+66 -6.27744e+66 -6.27744e+66 -6.27744e+66 -6.27744e+66 36.7544 43.5275 70.6197 97.712 142.866 142.866 
-6.27744e+66 -6.27744e+66 -6.27744e+66 -6.27744e+66 -6.27744e+66 -6.27744e+66 -6.27744e+66 -6.27744e+66 -6.27744e+66 36.7544 50.3006 68.3621 102.227 102.227 
-6.27744e+66 -6.27744e+66 -6.27744e+66 -6.27744e+66 -6.27744e+66 -6.27744e+66 -6.27744e+66 -6.27744e+66 -6.27744e+66 -6.27744e+66 36.7544 45.7852 68.3621 68.3621 
-6.27744e+66 -6.27744e+66 -6.27744e+66 -6.27744e+66 -6.27744e+66 -6.27744e+66 -6.27744e+66 -6.27744e+66 -6.27744e+66 -6.27744e+66 -6.27744e+66 36.7544 48.0429 48.0429 
-6.27744e+66 -6.27744e+66 -6.27744e+66 -6.27744e+66 -6.27744e+66 -6.27744e+66 -6.27744e+66 -6.27744e+66 -6.27744e+66 -6.27744e+66 -6.27744e+66 -6.27744e+66 36.7544 36.7544 
-6.27744e+66 -6.27744e+66 -6.27744e+66 -6.27744e+66 -6.27744e+66 -6.27744e+66 -6.27744e+66 -6.27744e+66 -6.27744e+66 -6.27744e+66 -6.27744e+66 -6.27744e+66 -6.27744e+66 36.7544 
-6.27744e+66 -6.27744e+66 -6.27744e+66 -6.27744e+66 -6.27744e+66 -6.27744e+66 -6.27744e+66 -6.27744e+66 -6.27744e+66 -6.27744e+66 -6.27744e+66 -6.27744e+66 -6.27744e+66 -6.27744e+66 
