26 20
1000 1000 1000 1000 1000 1000 1000 1000 1000 1000 1000 1000 1000 1000 1000 1000 1000 1000 1000 1000 1000 1000 1000 1000 1000 1000 
item 0
230 165 5 155 175 165 10 215 155 15 45 220 45 150 195 115 90 190 155 165 10 125 230 145 165 110 
157.339 157.339 157.339 157.339 157.339 157.339 157.339 157.339 157.339 157.339 157.339 157.339 157.339 157.339 157.339 157.339 157.339 157.339 157.339 157.339 157.339 157.339 157.339 157.339 157.339 157.339 
0.300351 0.300351 0.300351 0.300351 0.300351 0.300351 0.300351 0.300351 0.300351 0.300351 0.300351 0.300351 0.300351 0.300351 0.300351 0.300351 0.300351 0.300351 0.300351 0.300351 0.300351 0.300351 0.300351 0.300351 0.300351 0.300351 
item 1
195 135 50 180 185 315 40 30 85 95 195 0 195 175 195 15 110 30 245 260 100 95 110 200 270 230 
185.359 185.359 185.359 185.359 185.359 185.359 185.359 185.359 185.359 185.359 185.359 185.359 185.359 185.359 185.359 185.359 185.359 185.359 185.359 185.359 185.359 185.359 185.359 185.359 185.359 185.359 
0.289342 0.289342 0.289342 0.289342 0.289342 0.289342 0.289342 0.289342 0.289342 0.289342 0.289342 0.289342 0.289342 0.289342 0.289342 0.289342 0.289342 0.289342 0.289342 0.289342 0.289342 0.289342 0.289342 0.289342 0.289342 0.289342 
item 2
85 70 105 130 30 30 50 85 110 65 100 115 25 105 35 105 95 30 10 115 95 10 35 90 5 110 
163.15 163.15 163.15 163.15 163.15 163.15 163.15 163.15 163.15 163.15 163.15 163.15 163.15 163.15 163.15 163.15 163.15 163.15 163.15 163.15 163.15 163.15 163.15 163.15 163.15 163.15 
0.516168 0.516168 0.516168 0.516168 0.516168 0.516168 0.516168 0.516168 0.516168 0.516168 0.516168 0.516168 0.516168 0.516168 0.516168 0.516168 0.516168 0.516168 0.516168 0.516168 0.516168 0.516168 0.516168 0.516168 0.516168 0.516168 
item 3
50 45 105 80 75 70 45 60 75 110 5 90 105 15 50 55 5 95 30 20 55 15 15 20 55 40 
61.5684 61.5684 61.5684 61.5684 61.5684 61.5684 61.5684 61.5684 61.5684 61.5684 61.5684 61.5684 61.5684 61.5684 61.5684 61.5684 61.5684 61.5684 61.5684 61.5684 61.5684 61.5684 61.5684 61.5684 61.5684 61.5684 
0.367434 0.367434 0.367434 0.367434 0.367434 0.367434 0.367434 0.367434 0.367434 0.367434 0.367434 0.367434 0.367434 0.367434 0.367434 0.367434 0.367434 0.367434 0.367434 0.367434 0.367434 0.367434 0.367434 0.367434 0.367434 0.367434 
item 4
25 5 25 115 5 60 0 90 155 30 105 10 15 80 125 45 20 65 25 25 60 15 0 100 155 20 
53.0192 53.0192 53.0192 53.0192 53.0192 53.0192 53.0192 53.0192 53.0192 53.0192 53.0192 53.0192 53.0192 53.0192 53.0192 53.0192 53.0192 53.0192 53.0192 53.0192 53.0192 53.0192 53.0192 53.0192 53.0192 53.0192 
0.290805 0.290805 0.290805 0.290805 0.290805 0.290805 0.290805 0.290805 0.290805 0.290805 0.290805 0.290805 0.290805 0.290805 0.290805 0.290805 0.290805 0.290805 0.290805 0.290805 0.290805 0.290805 0.290805 0.290805 0.290805 0.290805 
item 5
45 25 55 25 55 35 105 30 40 110 45 85 30 95 20 85 15 25 25 50 60 70 45 20 15 10 
74.6743 74.6743 74.6743 74.6743 74.6743 74.6743 74.6743 74.6743 74.6743 74.6743 74.6743 74.6743 74.6743 74.6743 74.6743 74.6743 74.6743 74.6743 74.6743 74.6743 74.6743 74.6743 74.6743 74.6743 74.6743 74.6743 
0.44 0.44 0.44 0.44 0.44 0.44 0.44 0.44 0.44 0.44 0.44 0.44 0.44 0.44 0.44 0.44 0.44 0.44 0.44 0.44 0.44 0.44 0.44 0.44 0.44 0.44 
item 6
80 0 25 45 15 80 150 10 60 0 10 25 20 130 0 5 35 25 135 10 95 35 15 45 10 45 
5.19771 5.19771 5.19771 5.19771 5.19771 5.19771 5.19771 5.19771 5.19771 5.19771 5.19771 5.19771 5.19771 5.19771 5.19771 5.19771 5.19771 5.19771 5.19771 5.19771 5.19771 5.19771 5.19771 5.19771 5.19771 5.19771 
0.173195 0.173195 0.173195 0.173195 0.173195 0.173195 0.173195 0.173195 0.173195 0.173195 0.173195 0.173195 0.173195 0.173195 0.173195 0.173195 0.173195 0.173195 0.173195 0.173195 0.173195 0.173195 0.173195 0.173195 0.173195 0.173195 
item 7
20 20 25 60 25 105 75 65 50 90 40 145 10 0 0 20 50 5 40 40 135 110 20 75 85 15 
30.8502 30.8502 30.8502 30.8502 30.8502 30.8502 30.8502 30.8502 30.8502 30.8502 30.8502 30.8502 30.8502 30.8502 30.8502 30.8502 30.8502 30.8502 30.8502 30.8502 30.8502 30.8502 30.8502 30.8502 30.8502 30.8502 
0.215873 0.215873 0.215873 0.215873 0.215873 0.215873 0.215873 0.215873 0.215873 0.215873 0.215873 0.215873 0.215873 0.215873 0.215873 0.215873 0.215873 0.215873 0.215873 0.215873 0.215873 0.215873 0.215873 0.215873 0.215873 0.215873 
item 8
185 380 185 250 285 130 280 35 285 395 170 125 330 160 130 320 300 5 380 5 155 95 260 290 320 110 
188.534 188.534 188.534 188.534 188.534 188.534 188.534 188.534 188.534 188.534 188.534 188.534 188.534 188.534 188.534 188.534 188.534 188.534 188.534 188.534 188.534 188.534 188.534 188.534 188.534 188.534 
0.195868 0.195868 0.195868 0.195868 0.195868 0.195868 0.195868 0.195868 0.195868 0.195868 0.195868 0.195868 0.195868 0.195868 0.195868 0.195868 0.195868 0.195868 0.195868 0.195868 0.195868 0.195868 0.195868 0.195868 0.195868 0.195868 
item 9
130 125 135 130 85 50 180 45 110 50 75 95 15 185 80 55 70 0 100 105 125 65 30 5 105 220 
97.8731 97.8731 97.8731 97.8731 97.8731 97.8731 97.8731 97.8731 97.8731 97.8731 97.8731 97.8731 97.8731 97.8731 97.8731 97.8731 97.8731 97.8731 97.8731 97.8731 97.8731 97.8731 97.8731 97.8731 97.8731 97.8731 
0.244642 0.244642 0.244642 0.244642 0.244642 0.244642 0.244642 0.244642 0.244642 0.244642 0.244642 0.244642 0.244642 0.244642 0.244642 0.244642 0.244642 0.244642 0.244642 0.244642 0.244642 0.244642 0.244642 0.244642 0.244642 0.244642 
item 10
100 30 100 130 100 0 70 190 5 15 75 145 35 10 140 60 70 160 55 25 155 85 130 45 40 130 
172.659 172.659 172.659 172.659 172.659 172.659 172.659 172.659 172.659 172.659 172.659 172.659 172.659 172.659 172.659 172.659 172.659 172.659 172.659 172.659 172.659 172.659 172.659 172.659 172.659 172.659 
0.402372 0.402372 0.402372 0.402372 0.402372 0.402372 0.402372 0.402372 0.402372 0.402372 0.402372 0.402372 0.402372 0.402372 0.402372 0.402372 0.402372 0.402372 0.402372 0.402372 0.402372 0.402372 0.402372 0.402372 0.402372 0.402372 
item 11
15 5 5 40 70 70 25 5 35 15 35 80 45 55 0 20 35 5 30 45 0 80 45 70 40 70 
85.8593 85.8593 85.8593 85.8593 85.8593 85.8593 85.8593 85.8593 85.8593 85.8593 85.8593 85.8593 85.8593 85.8593 85.8593 85.8593 85.8593 85.8593 85.8593 85.8593 85.8593 85.8593 85.8593 85.8593 85.8593 85.8593 
0.581601 0.581601 0.581601 0.581601 0.581601 0.581601 0.581601 0.581601 0.581601 0.581601 0.581601 0.581601 0.581601 0.581601 0.581601 0.581601 0.581601 0.581601 0.581601 0.581601 0.581601 0.581601 0.581601 0.581601 0.581601 0.581601 
item 12
105 155 145 25 165 25 135 240 10 75 60 130 40 35 55 115 150 65 10 125 0 250 95 115 5 95 
37.909 37.909 37.909 37.909 37.909 37.909 37.909 37.909 37.909 37.909 37.909 37.909 37.909 37.909 37.909 37.909 37.909 37.909 37.909 37.909 37.909 37.909 37.909 37.909 37.909 37.909 
0.147748 0.147748 0.147748 0.147748 0.147748 0.147748 0.147748 0.147748 0.147748 0.147748 0.147748 0.147748 0.147748 0.147748 0.147748 0.147748 0.147748 0.147748 0.147748 0.147748 0.147748 0.147748 0.147748 0.147748 0.147748 0.147748 
item 13
15 25 25 90 20 0 35 5 20 35 90 45 35 50 5 10 130 5 90 25 65 15 60 15 105 25 
8.38128 8.38128 8.38128 8.38128 8.38128 8.38128 8.38128 8.38128 8.38128 8.38128 8.38128 8.38128 8.38128 8.38128 8.38128 8.38128 8.38128 8.38128 8.38128 8.38128 8.38128 8.38128 8.38128 8.38128 8.38128 8.38128 
0.221569 0.221569 0.221569 0.221569 0.221569 0.221569 0.221569 0.221569 0.221569 0.221569 0.221569 0.221569 0.221569 0.221569 0.221569 0.221569 0.221569 0.221569 0.221569 0.221569 0.221569 0.221569 0.221569 0.221569 0.221569 0.221569 
item 14
60 15 20 10 0 20 10 10 75 5 20 60 25 60 30 10 5 30 15 25 15 0 80 35 5 75 
18.6844 18.6844 18.6844 18.6844 18.6844 18.6844 18.6844 18.6844 18.6844 18.6844 18.6844 18.6844 18.6844 18.6844 18.6844 18.6844 18.6844 18.6844 18.6844 18.6844 18.6844 18.6844 18.6844 18.6844 18.6844 18.6844 
0.389102 0.389102 0.389102 0.389102 0.389102 0.389102 0.389102 0.389102 0.389102 0.389102 0.389102 0.389102 0.389102 0.389102 0.389102 0.389102 0.389102 0.389102 0.389102 0.389102 0.389102 0.389102 0.389102 0.389102 0.389102 0.389102 
item 15
55 45 165 120 30 125 65 115 80 105 165 10 55 45 85 60 80 80 20 95 140 45 55 5 85 15 
54.1264 54.1264 54.1264 54.1264 54.1264 54.1264 54.1264 54.1264 54.1264 54.1264 54.1264 54.1264 54.1264 54.1264 54.1264 54.1264 54.1264 54.1264 54.1264 54.1264 54.1264 54.1264 54.1264 54.1264 54.1264 54.1264 
0.217712 0.217712 0.217712 0.217712 0.217712 0.217712 0.217712 0.217712 0.217712 0.217712 0.217712 0.217712 0.217712 0.217712 0.217712 0.217712 0.217712 0.217712 0.217712 0.217712 0.217712 0.217712 0.217712 0.217712 0.217712 0.217712 
item 16
65 10 145 95 80 25 20 145 60 55 35 55 100 95 80 45 70 20 125 90 0 40 75 75 55 95 
85.7175 85.7175 85.7175 85.7175 85.7175 85.7175 85.7175 85.7175 85.7175 85.7175 85.7175 85.7175 85.7175 85.7175 85.7175 85.7175 85.7175 85.7175 85.7175 85.7175 85.7175 85.7175 85.7175 85.7175 85.7175 85.7175 
0.368152 0.368152 0.368152 0.368152 0.368152 0.368152 0.368152 0.368152 0.368152 0.368152 0.368152 0.368152 0.368152 0.368152 0.368152 0.368152 0.368152 0.368152 0.368152 0.368152 0.368152 0.368152 0.368152 0.368152 0.368152 0.368152 
item 17
215 125 235 275 135 245 290 125 115 250 215 165 265 190 100 255 10 145 230 50 0 200 95 150 20 70 
185.187 185.187 185.187 185.187 185.187 185.187 185.187 185.187 185.187 185.187 185.187 185.187 185.187 185.187 185.187 185.187 185.187 185.187 185.187 185.187 185.187 185.187 185.187 185.187 185.187 185.187 
0.268177 0.268177 0.268177 0.268177 0.268177 0.268177 0.268177 0.268177 0.268177 0.268177 0.268177 0.268177 0.268177 0.268177 0.268177 0.268177 0.268177 0.268177 0.268177 0.268177 0.268177 0.268177 0.268177 0.268177 0.268177 0.268177 
item 18
320 240 460 250 230 125 175 410 255 415 330 225 230 125 105 580 50 310 265 30 270 345 145 295 385 235 
130.403 130.403 130.403 130.403 130.403 130.403 130.403 130.403 130.403 130.403 130.403 130.403 130.403 130.403 130.403 130.403 130.403 130.403 130.403 130.403 130.403 130.403 130.403 130.403 130.403 130.403 
0.113919 0.113919 0.113919 0.113919 0.113919 0.113919 0.113919 0.113919 0.113919 0.113919 0.113919 0.113919 0.113919 0.113919 0.113919 0.113919 0.113919 0.113919 0.113919 0.113919 0.113919 0.113919 0.113919 0.113919 0.113919 0.113919 
item 19
175 200 180 25 105 240 275 170 225 5 350 15 305 170 45 105 185 150 150 245 85 130 160 40 160 175 
203.508 203.508 203.508 203.508 203.508 203.508 203.508 203.508 203.508 203.508 203.508 203.508 203.508 203.508 203.508 203.508 203.508 203.508 203.508 203.508 203.508 203.508 203.508 203.508 203.508 203.508 
0.249241 0.249241 0.249241 0.249241 0.249241 0.249241 0.249241 0.249241 0.249241 0.249241 0.249241 0.249241 0.249241 0.249241 0.249241 0.249241 0.249241 0.249241 0.249241 0.249241 0.249241 0.249241 0.249241 0.249241 0.249241 0.249241 
