26 20
1000 1000 1000 1000 1000 1000 1000 1000 1000 1000 1000 1000 1000 1000 1000 1000 1000 1000 1000 1000 1000 1000 1000 1000 1000 1000 
item 0
20 10 10 20 5 25 25 15 15 35 15 10 35 25 25 0 20 5 40 40 5 20 25 40 25 5 
34.8397 34.8397 34.8397 34.8397 34.8397 34.8397 34.8397 34.8397 34.8397 34.8397 34.8397 34.8397 34.8397 34.8397 34.8397 34.8397 34.8397 34.8397 34.8397 34.8397 34.8397 34.8397 34.8397 34.8397 34.8397 34.8397 
0.499773 0.499773 0.499773 0.499773 0.499773 0.499773 0.499773 0.499773 0.499773 0.499773 0.499773 0.499773 0.499773 0.499773 0.499773 0.499773 0.499773 0.499773 0.499773 0.499773 0.499773 0.499773 0.499773 0.499773 0.499773 0.499773 
item 1
15 20 15 5 10 25 40 20 15 10 20 0 15 0 15 10 0 15 5 15 5 0 15 15 10 15 
24.721 24.721 24.721 24.721 24.721 24.721 24.721 24.721 24.721 24.721 24.721 24.721 24.721 24.721 24.721 24.721 24.721 24.721 24.721 24.721 24.721 24.721 24.721 24.721 24.721 24.721 
0.420425 0.420425 0.420425 0.420425 0.420425 0.420425 0.420425 0.420425 0.420425 0.420425 0.420425 0.420425 0.420425 0.420425 0.420425 0.420425 0.420425 0.420425 0.420425 0.420425 0.420425 0.420425 0.420425 0.420425 0.420425 0.420425 
item 2
25 15 20 0 5 15 5 35 20 75 0 5 35 20 0 5 0 0 40 60 0 20 0 10 20 20 
0.283548 0.283548 0.283548 0.283548 0.283548 0.283548 0.283548 0.283548 0.283548 0.283548 0.283548 0.283548 0.283548 0.283548 0.283548 0.283548 0.283548 0.283548 0.283548 0.283548 0.283548 0.283548 0.283548 0.283548 0.283548 0.283548 
0.221009 0.221009 0.221009 0.221009 0.221009 0.221009 0.221009 0.221009 0.221009 0.221009 0.221009 0.221009 0.221009 0.221009 0.221009 0.221009 0.221009 0.221009 0.221009 0.221009 0.221009 0.221009 0.221009 0.221009 0.221009 0.221009 
item 3
55 15 0 25 0 60 35 5 20 15 20 15 5 45 20 55 45 15 30 0 75 35 40 0 60 20 
16.0828 16.0828 16.0828 16.0828 16.0828 16.0828 16.0828 16.0828 16.0828 16.0828 16.0828 16.0828 16.0828 16.0828 16.0828 16.0828 16.0828 16.0828 16.0828 16.0828 16.0828 16.0828 16.0828 16.0828 16.0828 16.0828 
0.258136 0.258136 0.258136 0.258136 0.258136 0.258136 0.258136 0.258136 0.258136 0.258136 0.258136 0.258136 0.258136 0.258136 0.258136 0.258136 0.258136 0.258136 0.258136 0.258136 0.258136 0.258136 0.258136 0.258136 0.258136 0.258136 
item 4
20 70 10 55 80 15 55 35 20 80 25 10 5 20 0 65 30 0 80 0 30 30 25 30 40 10 
35.733 35.733 35.733 35.733 35.733 35.733 35.733 35.733 35.733 35.733 35.733 35.733 35.733 35.733 35.733 35.733 35.733 35.733 35.733 35.733 35.733 35.733 35.733 35.733 35.733 35.733 
0.234403 0.234403 0.234403 0.234403 0.234403 0.234403 0.234403 0.234403 0.234403 0.234403 0.234403 0.234403 0.234403 0.234403 0.234403 0.234403 0.234403 0.234403 0.234403 0.234403 0.234403 0.234403 0.234403 0.234403 0.234403 0.234403 
item 5
35 5 0 25 15 40 5 0 0 20 35 15 35 35 10 5 5 15 20 25 40 35 0 25 10 5 
23.7023 23.7023 23.7023 23.7023 23.7023 23.7023 23.7023 23.7023 23.7023 23.7023 23.7023 23.7023 23.7023 23.7023 23.7023 23.7023 23.7023 23.7023 23.7023 23.7023 23.7023 23.7023 23.7023 23.7023 23.7023 23.7023 
0.475558 0.475558 0.475558 0.475558 0.475558 0.475558 0.475558 0.475558 0.475558 0.475558 0.475558 0.475558 0.475558 0.475558 0.475558 0.475558 0.475558 0.475558 0.475558 0.475558 0.475558 0.475558 0.475558 0.475558 0.475558 0.475558 
item 6
15 10 5 5 25 10 10 0 0 5 5 0 0 15 40 10 45 0 25 35 45 5 30 15 10 5 
31.729 31.729 31.729 31.729 31.729 31.729 31.729 31.729 31.729 31.729 31.729 31.729 31.729 31.729 31.729 31.729 31.729 31.729 31.729 31.729 31.729 31.729 31.729 31.729 31.729 31.729 
0.451998 0.451998 0.451998 0.451998 0.451998 0.451998 0.451998 0.451998 0.451998 0.451998 0.451998 0.451998 0.451998 0.451998 0.451998 0.451998 0.451998 0.451998 0.451998 0.451998 0.451998 0.451998 0.451998 0.451998 0.451998 0.451998 
item 7
30 5 40 90 20 60 10 55 0 40 30 15 35 35 65 15 5 10 40 0 0 20 30 80 10 5 
34.9615 34.9615 34.9615 34.9615 34.9615 34.9615 34.9615 34.9615 34.9615 34.9615 34.9615 34.9615 34.9615 34.9615 34.9615 34.9615 34.9615 34.9615 34.9615 34.9615 34.9615 34.9615 34.9615 34.9615 34.9615 34.9615 
0.287892 0.287892 0.287892 0.287892 0.287892 0.287892 0.287892 0.287892 0.287892 0.287892 0.287892 0.287892 0.287892 0.287892 0.287892 0.287892 0.287892 0.287892 0.287892 0.287892 0.287892 0.287892 0.287892 0.287892 0.287892 0.287892 
item 8
40 35 40 25 5 0 15 5 10 0 15 0 35 35 15 35 5 5 25 10 30 0 0 0 35 20 
27.3809 27.3809 27.3809 27.3809 27.3809 27.3809 27.3809 27.3809 27.3809 27.3809 27.3809 27.3809 27.3809 27.3809 27.3809 27.3809 27.3809 27.3809 27.3809 27.3809 27.3809 27.3809 27.3809 27.3809 27.3809 27.3809 
0.425465 0.425465 0.425465 0.425465 0.425465 0.425465 0.425465 0.425465 0.425465 0.425465 0.425465 0.425465 0.425465 0.425465 0.425465 0.425465 0.425465 0.425465 0.425465 0.425465 0.425465 0.425465 0.425465 0.425465 0.425465 0.425465 
item 9
45 55 45 0 80 40 80 0 80 35 70 10 5 40 130 40 45 60 65 40 120 20 135 35 65 15 
26.0002 26.0002 26.0002 26.0002 26.0002 26.0002 26.0002 26.0002 26.0002 26.0002 26.0002 26.0002 26.0002 26.0002 26.0002 26.0002 26.0002 26.0002 26.0002 26.0002 26.0002 26.0002 26.0002 26.0002 26.0002 26.0002 
0.146024 0.146024 0.146024 0.146024 0.146024 0.146024 0.146024 0.146024 0.146024 0.146024 0.146024 0.146024 0.146024 0.146024 0.146024 0.146024 0.146024 0.146024 0.146024 0.146024 0.146024 0.146024 0.146024 0.146024 0.146024 0.146024 
item 10
25 15 55 75 150 40 55 65 50 0 95 45 130 10 65 25 50 30 20 55 15 0 100 30 80 90 
38.9445 38.9445 38.9445 38.9445 38.9445 38.9445 38.9445 38.9445 38.9445 38.9445 38.9445 38.9445 38.9445 38.9445 38.9445 38.9445 38.9445 38.9445 38.9445 38.9445 38.9445 38.9445 38.9445 38.9445 38.9445 38.9445 
0.149798 0.149798 0.149798 0.149798 0.149798 0.149798 0.149798 0.149798 0.149798 0.149798 0.149798 0.149798 0.149798 0.149798 0.149798 0.149798 0.149798 0.149798 0.149798 0.149798 0.149798 0.149798 0.149798 0.149798 0.149798 0.149798 
item 11
0 0 40 45 80 10 15 50 10 35 45 5 25 10 0 35 20 30 15 45 40 55 30 0 0 0 
6.2793 6.2793 6.2793 6.2793 6.2793 6.2793 6.2793 6.2793 6.2793 6.2793 6.2793 6.2793 6.2793 6.2793 6.2793 6.2793 6.2793 6.2793 6.2793 6.2793 6.2793 6.2793 6.2793 6.2793 6.2793 6.2793 
0.24174 0.24174 0.24174 0.24174 0.24174 0.24174 0.24174 0.24174 0.24174 0.24174 0.24174 0.24174 0.24174 0.24174 0.24174 0.24174 0.24174 0.24174 0.24174 0.24174 0.24174 0.24174 0.24174 0.24174 0.24174 0.24174 
item 12
15 15 0 15 0 30 5 15 10 0 5 0 0 5 5 0 5 10 15 15 30 5 5 5 5 5 
18.1789 18.1789 18.1789 18.1789 18.1789 18.1789 18.1789 18.1789 18.1789 18.1789 18.1789 18.1789 18.1789 18.1789 18.1789 18.1789 18.1789 18.1789 18.1789 18.1789 18.1789 18.1789 18.1789 18.1789 18.1789 18.1789 
0.579723 0.579723 0.579723 0.579723 0.579723 0.579723 0.579723 0.579723 0.579723 0.579723 0.579723 0.579723 0.579723 0.579723 0.579723 0.579723 0.579723 0.579723 0.579723 0.579723 0.579723 0.579723 0.579723 0.579723 0.579723 0.579723 
item 13
70 25 0 10 20 0 0 0 25 15 35 0 5 5 5 15 50 25 45 15 5 55 10 40 40 10 
4.92279 4.92279 4.92279 4.92279 4.92279 4.92279 4.92279 4.92279 4.92279 4.92279 4.92279 4.92279 4.92279 4.92279 4.92279 4.92279 4.92279 4.92279 4.92279 4.92279 4.92279 4.92279 4.92279 4.92279 4.92279 4.92279 
0.220698 0.220698 0.220698 0.220698 0.220698 0.220698 0.220698 0.220698 0.220698 0.220698 0.220698 0.220698 0.220698 0.220698 0.220698 0.220698 0.220698 0.220698 0.220698 0.220698 0.220698 0.220698 0.220698 0.220698 0.220698 0.220698 
item 14
0 10 15 10 5 0 10 35 5 25 0 20 15 0 10 5 30 5 5 5 10 10 0 0 0 10 
1.11356 1.11356 1.11356 1.11356 1.11356 1.11356 1.11356 1.11356 1.11356 1.11356 1.11356 1.11356 1.11356 1.11356 1.11356 1.11356 1.11356 1.11356 1.11356 1.11356 1.11356 1.11356 1.11356 1.11356 1.11356 1.11356 
0.411901 0.411901 0.411901 0.411901 0.411901 0.411901 0.411901 0.411901 0.411901 0.411901 0.411901 0.411901 0.411901 0.411901 0.411901 0.411901 0.411901 0.411901 0.411901 0.411901 0.411901 0.411901 0.411901 0.411901 0.411901 0.411901 
item 15
10 55 80 75 115 55 10 0 85 50 105 40 95 30 25 50 130 140 5 35 25 60 70 35 100 125 
33.5894 33.5894 33.5894 33.5894 33.5894 33.5894 33.5894 33.5894 33.5894 33.5894 33.5894 33.5894 33.5894 33.5894 33.5894 33.5894 33.5894 33.5894 33.5894 33.5894 33.5894 33.5894 33.5894 33.5894 33.5894 33.5894 
0.166014 0.166014 0.166014 0.166014 0.166014 0.166014 0.166014 0.166014 0.166014 0.166014 0.166014 0.166014 0.166014 0.166014 0.166014 0.166014 0.166014 0.166014 0.166014 0.166014 0.166014 0.166014 0.166014 0.166014 0.166014 0.166014 
item 16
5 10 0 5 35 25 5 10 5 20 10 20 5 25 30 10 40 5 0 10 5 25 0 30 15 0 
16.819 16.819 16.819 16.819 16.819 16.819 16.819 16.819 16.819 16.819 16.819 16.819 16.819 16.819 16.819 16.819 16.819 16.819 16.819 16.819 16.819 16.819 16.819 16.819 16.819 16.819 
0.452501 0.452501 0.452501 0.452501 0.452501 0.452501 0.452501 0.452501 0.452501 0.452501 0.452501 0.452501 0.452501 0.452501 0.452501 0.452501 0.452501 0.452501 0.452501 0.452501 0.452501 0.452501 0.452501 0.452501 0.452501 0.452501 
item 17
45 15 50 70 85 5 30 10 5 30 40 20 45 20 25 25 65 10 5 40 5 45 5 0 0 40 
37.1681 37.1681 37.1681 37.1681 37.1681 37.1681 37.1681 37.1681 37.1681 37.1681 37.1681 37.1681 37.1681 37.1681 37.1681 37.1681 37.1681 37.1681 37.1681 37.1681 37.1681 37.1681 37.1681 37.1681 37.1681 37.1681 
0.243115 0.243115 0.243115 0.243115 0.243115 0.243115 0.243115 0.243115 0.243115 0.243115 0.243115 0.243115 0.243115 0.243115 0.243115 0.243115 0.243115 0.243115 0.243115 0.243115 0.243115 0.243115 0.243115 0.243115 0.243115 0.243115 
item 18
45 60 20 55 10 20 70 5 5 40 55 60 55 25 15 45 25 0 20 50 25 30 55 15 55 15 
50.1196 50.1196 50.1196 50.1196 50.1196 50.1196 50.1196 50.1196 50.1196 50.1196 50.1196 50.1196 50.1196 50.1196 50.1196 50.1196 50.1196 50.1196 50.1196 50.1196 50.1196 50.1196 50.1196 50.1196 50.1196 50.1196 
0.334824 0.334824 0.334824 0.334824 0.334824 0.334824 0.334824 0.334824 0.334824 0.334824 0.334824 0.334824 0.334824 0.334824 0.334824 0.334824 0.334824 0.334824 0.334824 0.334824 0.334824 0.334824 0.334824 0.334824 0.334824 0.334824 
item 19
5 25 25 10 45 15 15 25 20 25 0 40 10 15 15 45 10 0 0 0 25 25 55 15 40 10 
37.4309 37.4309 37.4309 37.4309 37.4309 37.4309 37.4309 37.4309 37.4309 37.4309 37.4309 37.4309 37.4309 37.4309 37.4309 37.4309 37.4309 37.4309 37.4309 37.4309 37.4309 37.4309 37.4309 37.4309 37.4309 37.4309 
0.317067 0.317067 0.317067 0.317067 0.317067 0.317067 0.317067 0.317067 0.317067 0.317067 0.317067 0.317067 0.317067 0.317067 0.317067 0.317067 0.317067 0.317067 0.317067 0.317067 0.317067 0.317067 0.317067 0.317067 0.317067 0.317067 
