26 10
1000 1000 1000 1000 1000 1000 1000 1000 1000 1000 1000 1000 1000 1000 1000 1000 1000 1000 1000 1000 1000 1000 1000 1000 1000 1000 
item 0
75 75 30 25 5 30 35 30 50 40 30 20 55 110 90 70 0 35 150 15 10 55 55 15 30 0 
13.6264 13.6264 13.6264 13.6264 13.6264 13.6264 13.6264 13.6264 13.6264 13.6264 13.6264 13.6264 13.6264 13.6264 13.6264 13.6264 13.6264 13.6264 13.6264 13.6264 13.6264 13.6264 13.6264 13.6264 13.6264 13.6264 
0.224213 0.224213 0.224213 0.224213 0.224213 0.224213 0.224213 0.224213 0.224213 0.224213 0.224213 0.224213 0.224213 0.224213 0.224213 0.224213 0.224213 0.224213 0.224213 0.224213 0.224213 0.224213 0.224213 0.224213 0.224213 0.224213 
item 1
50 0 20 60 145 225 230 135 65 125 40 150 20 80 105 5 10 60 15 100 205 60 20 10 70 15 
10.1497 10.1497 10.1497 10.1497 10.1497 10.1497 10.1497 10.1497 10.1497 10.1497 10.1497 10.1497 10.1497 10.1497 10.1497 10.1497 10.1497 10.1497 10.1497 10.1497 10.1497 10.1497 10.1497 10.1497 10.1497 10.1497 
0.130575 0.130575 0.130575 0.130575 0.130575 0.130575 0.130575 0.130575 0.130575 0.130575 0.130575 0.130575 0.130575 0.130575 0.130575 0.130575 0.130575 0.130575 0.130575 0.130575 0.130575 0.130575 0.130575 0.130575 0.130575 0.130575 
item 2
35 0 10 15 0 35 5 0 40 5 20 0 40 15 10 10 10 25 10 0 20 10 0 10 5 20 
7.77598 7.77598 7.77598 7.77598 7.77598 7.77598 7.77598 7.77598 7.77598 7.77598 7.77598 7.77598 7.77598 7.77598 7.77598 7.77598 7.77598 7.77598 7.77598 7.77598 7.77598 7.77598 7.77598 7.77598 7.77598 7.77598 
0.516796 0.516796 0.516796 0.516796 0.516796 0.516796 0.516796 0.516796 0.516796 0.516796 0.516796 0.516796 0.516796 0.516796 0.516796 0.516796 0.516796 0.516796 0.516796 0.516796 0.516796 0.516796 0.516796 0.516796 0.516796 0.516796 
item 3
50 20 75 65 30 15 45 15 20 10 35 20 20 30 15 25 65 25 65 35 30 10 40 60 15 55 
67.7308 67.7308 67.7308 67.7308 67.7308 67.7308 67.7308 67.7308 67.7308 67.7308 67.7308 67.7308 67.7308 67.7308 67.7308 67.7308 67.7308 67.7308 67.7308 67.7308 67.7308 67.7308 67.7308 67.7308 67.7308 67.7308 
0.478592 0.478592 0.478592 0.478592 0.478592 0.478592 0.478592 0.478592 0.478592 0.478592 0.478592 0.478592 0.478592 0.478592 0.478592 0.478592 0.478592 0.478592 0.478592 0.478592 0.478592 0.478592 0.478592 0.478592 0.478592 0.478592 
item 4
30 60 165 125 75 105 30 115 50 70 20 40 5 55 115 0 40 85 110 30 60 0 130 55 50 110 
50.5981 50.5981 50.5981 50.5981 50.5981 50.5981 50.5981 50.5981 50.5981 50.5981 50.5981 50.5981 50.5981 50.5981 50.5981 50.5981 50.5981 50.5981 50.5981 50.5981 50.5981 50.5981 50.5981 50.5981 50.5981 50.5981 
0.239972 0.239972 0.239972 0.239972 0.239972 0.239972 0.239972 0.239972 0.239972 0.239972 0.239972 0.239972 0.239972 0.239972 0.239972 0.239972 0.239972 0.239972 0.239972 0.239972 0.239972 0.239972 0.239972 0.239972 0.239972 0.239972 
item 5
200 70 25 120 115 115 155 160 90 150 130 130 25 75 0 145 60 30 95 175 35 60 45 110 120 75 
94.2769 94.2769 94.2769 94.2769 94.2769 94.2769 94.2769 94.2769 94.2769 94.2769 94.2769 94.2769 94.2769 94.2769 94.2769 94.2769 94.2769 94.2769 94.2769 94.2769 94.2769 94.2769 94.2769 94.2769 94.2769 94.2769 
0.23595 0.23595 0.23595 0.23595 0.23595 0.23595 0.23595 0.23595 0.23595 0.23595 0.23595 0.23595 0.23595 0.23595 0.23595 0.23595 0.23595 0.23595 0.23595 0.23595 0.23595 0.23595 0.23595 0.23595 0.23595 0.23595 
item 6
110 75 90 40 25 25 90 100 40 80 95 60 40 145 65 25 0 105 125 5 35 120 5 65 100 95 
97.3254 97.3254 97.3254 97.3254 97.3254 97.3254 97.3254 97.3254 97.3254 97.3254 97.3254 97.3254 97.3254 97.3254 97.3254 97.3254 97.3254 97.3254 97.3254 97.3254 97.3254 97.3254 97.3254 97.3254 97.3254 97.3254 
0.321269 0.321269 0.321269 0.321269 0.321269 0.321269 0.321269 0.321269 0.321269 0.321269 0.321269 0.321269 0.321269 0.321269 0.321269 0.321269 0.321269 0.321269 0.321269 0.321269 0.321269 0.321269 0.321269 0.321269 0.321269 0.321269 
item 7
110 0 65 15 65 70 45 105 90 100 60 15 90 55 0 115 25 75 0 45 105 15 0 5 20 55 
70.4796 70.4796 70.4796 70.4796 70.4796 70.4796 70.4796 70.4796 70.4796 70.4796 70.4796 70.4796 70.4796 70.4796 70.4796 70.4796 70.4796 70.4796 70.4796 70.4796 70.4796 70.4796 70.4796 70.4796 70.4796 70.4796 
0.387999 0.387999 0.387999 0.387999 0.387999 0.387999 0.387999 0.387999 0.387999 0.387999 0.387999 0.387999 0.387999 0.387999 0.387999 0.387999 0.387999 0.387999 0.387999 0.387999 0.387999 0.387999 0.387999 0.387999 0.387999 0.387999 
item 8
5 75 60 10 5 20 15 20 50 10 60 0 5 100 10 0 35 45 65 0 15 90 25 65 120 0 
1.35822 1.35822 1.35822 1.35822 1.35822 1.35822 1.35822 1.35822 1.35822 1.35822 1.35822 1.35822 1.35822 1.35822 1.35822 1.35822 1.35822 1.35822 1.35822 1.35822 1.35822 1.35822 1.35822 1.35822 1.35822 1.35822 
0.313039 0.313039 0.313039 0.313039 0.313039 0.313039 0.313039 0.313039 0.313039 0.313039 0.313039 0.313039 0.313039 0.313039 0.313039 0.313039 0.313039 0.313039 0.313039 0.313039 0.313039 0.313039 0.313039 0.313039 0.313039 0.313039 
item 9
120 130 90 145 30 175 5 100 110 145 60 50 40 10 55 35 75 155 100 90 70 205 210 5 60 70 
86.679 86.679 86.679 86.679 86.679 86.679 86.679 86.679 86.679 86.679 86.679 86.679 86.679 86.679 86.679 86.679 86.679 86.679 86.679 86.679 86.679 86.679 86.679 86.679 86.679 86.679 
0.218873 0.218873 0.218873 0.218873 0.218873 0.218873 0.218873 0.218873 0.218873 0.218873 0.218873 0.218873 0.218873 0.218873 0.218873 0.218873 0.218873 0.218873 0.218873 0.218873 0.218873 0.218873 0.218873 0.218873 0.218873 0.218873 
