13 20
-6.27744e+66 4.00314 4.00314 32.315 32.315 32.315 74.7827 74.7827 94.601 162.549 238.991 238.991 394.707 462.655 
-6.27744e+66 -6.27744e+66 4.00314 18.1591 18.1591 18.1591 52.1333 52.1333 69.1204 128.575 196.524 196.524 338.083 400.369 
-6.27744e+66 -6.27744e+66 -6.27744e+66 4.00314 4.00314 4.00314 29.4838 29.4838 43.6397 94.601 154.056 154.056 281.459 338.083 
-6.27744e+66 -6.27744e+66 -6.27744e+66 -6.27744e+66 4.00314 4.00314 20.9902 20.9902 32.315 74.7827 125.744 125.744 238.991 289.953 
-6.27744e+66 -6.27744e+66 -6.27744e+66 -6.27744e+66 -6.27744e+66 4.00314 12.4967 12.4967 20.9902 54.9645 97.4322 97.4322 196.524 241.823 
-6.27744e+66 -6.27744e+66 -6.27744e+66 -6.27744e+66 -6.27744e+66 -6.27744e+66 4.00314 4.00314 9.66551 35.1462 69.1204 69.1204 154.056 193.692 
-6.27744e+66 -6.27744e+66 -6.27744e+66 -6.27744e+66 -6.27744e+66 -6.27744e+66 -6.27744e+66 4.00314 6.83433 23.8214 49.3021 49.3021 120.082 154.056 
-6.27744e+66 -6.27744e+66 -6.27744e+66 -6.27744e+66 -6.27744e+66 -6.27744e+66 -6.27744e+66 -6.27744e+66 4.00314 12.4967 29.4838 29.4838 86.1075 114.419 
-6.27744e+66 -6.27744e+66 -6.27744e+66 -6.27744e+66 -6.27744e+66 -6.27744e+66 -6.27744e+66 -6.27744e+66 -6.27744e+66 4.00314 12.4967 12.4967 54.9645 77.6139 
-6.27744e+66 -6.27744e+66 -6.27744e+66 -6.27744e+66 -6.27744e+66 -6.27744e+66 -6.27744e+66 -6.27744e+66 -6.27744e+66 -6.27744e+66 4.00314 4.00314 32.315 49.3021 
-6.27744e+66 -6.27744e+66 -6.27744e+66 -6.27744e+66 -6.27744e+66 -6.27744e+66 -6.27744e+66 -6.27744e+66 -6.27744e+66 -6.27744e+66 -6.27744e+66 4.00314 18.1591 29.4838 
-6.27744e+66 -6.27744e+66 -6.27744e+66 -6.27744e+66 -6.27744e+66 -6.27744e+66 -6.27744e+66 -6.27744e+66 -6.27744e+66 -6.27744e+66 -6.27744e+66 -6.27744e+66 4.00314 9.66551 
-6.27744e+66 -6.27744e+66 -6.27744e+66 -6.27744e+66 -6.27744e+66 -6.27744e+66 -6.27744e+66 -6.27744e+66 -6.27744e+66 -6.27744e+66 -6.27744e+66 -6.27744e+66 -6.27744e+66 4.00314 
-6.27744e+66 -6.27744e+66 -6.27744e+66 -6.27744e+66 -6.27744e+66 -6.27744e+66 -6.27744e+66 -6.27744e+66 -6.27744e+66 -6.27744e+66 -6.27744e+66 -6.27744e+66 -6.27744e+66 -6.27744e+66 
-6.27744e+66 65.22 89.3963 89.3963 147.419 195.772 256.213 401.27 401.27 401.27 488.305 681.715 681.715 1000.84 
-6.27744e+66 -6.27744e+66 65.22 65.22 103.902 140.166 188.519 309.4 309.4 309.4 386.764 560.833 560.833 853.366 
-6.27744e+66 -6.27744e+66 -6.27744e+66 65.22 84.561 108.737 145.002 241.707 241.707 241.707 309.4 464.128 464.128 730.067 
-6.27744e+66 -6.27744e+66 -6.27744e+66 -6.27744e+66 65.22 77.3082 101.484 174.013 174.013 174.013 232.036 367.423 367.423 606.768 
-6.27744e+66 -6.27744e+66 -6.27744e+66 -6.27744e+66 -6.27744e+66 65.22 77.3082 125.661 125.661 125.661 174.013 290.059 290.059 502.81 
-6.27744e+66 -6.27744e+66 -6.27744e+66 -6.27744e+66 -6.27744e+66 -6.27744e+66 65.22 89.3963 89.3963 89.3963 128.078 224.783 224.783 410.941 
-6.27744e+66 -6.27744e+66 -6.27744e+66 -6.27744e+66 -6.27744e+66 -6.27744e+66 -6.27744e+66 65.22 65.22 65.22 94.2315 171.596 171.596 331.159 
-6.27744e+66 -6.27744e+66 -6.27744e+66 -6.27744e+66 -6.27744e+66 -6.27744e+66 -6.27744e+66 -6.27744e+66 65.22 65.22 84.561 142.584 142.584 275.554 
-6.27744e+66 -6.27744e+66 -6.27744e+66 -6.27744e+66 -6.27744e+66 -6.27744e+66 -6.27744e+66 -6.27744e+66 -6.27744e+66 65.22 74.8905 113.573 113.573 219.948 
-6.27744e+66 -6.27744e+66 -6.27744e+66 -6.27744e+66 -6.27744e+66 -6.27744e+66 -6.27744e+66 -6.27744e+66 -6.27744e+66 -6.27744e+66 65.22 84.561 84.561 164.343 
-6.27744e+66 -6.27744e+66 -6.27744e+66 -6.27744e+66 -6.27744e+66 -6.27744e+66 -6.27744e+66 -6.27744e+66 -6.27744e+66 -6.27744e+66 -6.27744e+66 65.22 65.22 118.408 
-6.27744e+66 -6.27744e+66 -6.27744e+66 -6.27744e+66 -6.27744e+66 -6.27744e+66 -6.27744e+66 -6.27744e+66 -6.27744e+66 -6.27744e+66 -6.27744e+66 -6.27744e+66 65.22 91.8139 
-6.27744e+66 -6.27744e+66 -6.27744e+66 -6.27744e+66 -6.27744e+66 -6.27744e+66 -6.27744e+66 -6.27744e+66 -6.27744e+66 -6.27744e+66 -6.27744e+66 -6.27744e+66 -6.27744e+66 65.22 
-6.27744e+66 -6.27744e+66 -6.27744e+66 -6.27744e+66 -6.27744e+66 -6.27744e+66 -6.27744e+66 -6.27744e+66 -6.27744e+66 -6.27744e+66 -6.27744e+66 -6.27744e+66 -6.27744e+66 -6.27744e+66 
-6.27744e+66 1.80994 1.80994 1.80994 26.9347 68.8092 79.2779 79.2779 137.902 137.902 156.746 177.683 177.683 202.808 
-6.27744e+66 -6.27744e+66 1.80994 1.80994 18.5598 49.9657 58.3406 58.3406 108.59 108.59 125.34 144.183 144.183 167.214 
-6.27744e+66 -6.27744e+66 -6.27744e+66 1.80994 10.1849 31.1221 37.4033 37.4033 79.2779 79.2779 93.934 110.684 110.684 131.621 
-6.27744e+66 -6.27744e+66 -6.27744e+66 -6.27744e+66 1.80994 12.2786 16.466 16.466 49.9657 49.9657 62.528 77.1841 77.1841 96.0277 
-6.27744e+66 -6.27744e+66 -6.27744e+66 -6.27744e+66 -6.27744e+66 1.80994 3.90367 3.90367 29.0284 29.0284 39.497 52.0594 52.0594 68.8092 
-6.27744e+66 -6.27744e+66 -6.27744e+66 -6.27744e+66 -6.27744e+66 -6.27744e+66 1.80994 1.80994 18.5598 18.5598 26.9347 37.4033 37.4033 52.0594 
-6.27744e+66 -6.27744e+66 -6.27744e+66 -6.27744e+66 -6.27744e+66 -6.27744e+66 -6.27744e+66 1.80994 10.1849 10.1849 16.466 24.8409 24.8409 37.4033 
-6.27744e+66 -6.27744e+66 -6.27744e+66 -6.27744e+66 -6.27744e+66 -6.27744e+66 -6.27744e+66 -6.27744e+66 1.80994 1.80994 5.9974 12.2786 12.2786 22.7472 
-6.27744e+66 -6.27744e+66 -6.27744e+66 -6.27744e+66 -6.27744e+66 -6.27744e+66 -6.27744e+66 -6.27744e+66 -6.27744e+66 1.80994 3.90367 8.09112 8.09112 16.466 
-6.27744e+66 -6.27744e+66 -6.27744e+66 -6.27744e+66 -6.27744e+66 -6.27744e+66 -6.27744e+66 -6.27744e+66 -6.27744e+66 -6.27744e+66 1.80994 3.90367 3.90367 10.1849 
-6.27744e+66 -6.27744e+66 -6.27744e+66 -6.27744e+66 -6.27744e+66 -6.27744e+66 -6.27744e+66 -6.27744e+66 -6.27744e+66 -6.27744e+66 -6.27744e+66 1.80994 1.80994 5.9974 
-6.27744e+66 -6.27744e+66 -6.27744e+66 -6.27744e+66 -6.27744e+66 -6.27744e+66 -6.27744e+66 -6.27744e+66 -6.27744e+66 -6.27744e+66 -6.27744e+66 -6.27744e+66 1.80994 3.90367 
-6.27744e+66 -6.27744e+66 -6.27744e+66 -6.27744e+66 -6.27744e+66 -6.27744e+66 -6.27744e+66 -6.27744e+66 -6.27744e+66 -6.27744e+66 -6.27744e+66 -6.27744e+66 -6.27744e+66 1.80994 
-6.27744e+66 -6.27744e+66 -6.27744e+66 -6.27744e+66 -6.27744e+66 -6.27744e+66 -6.27744e+66 -6.27744e+66 -6.27744e+66 -6.27744e+66 -6.27744e+66 -6.27744e+66 -6.27744e+66 -6.27744e+66 
-6.27744e+66 93.7171 118.03 128.835 229.328 315.773 418.426 502.71 502.71 524.321 621.572 772.851 814.453 1047.85 
-6.27744e+66 -6.27744e+66 93.7171 99.1199 166.115 230.949 313.071 383.308 383.308 402.218 488.663 624.814 662.633 876.585 
-6.27744e+66 -6.27744e+66 -6.27744e+66 93.7171 127.215 170.437 232.029 288.218 288.218 304.427 380.066 501.089 535.127 729.628 
-6.27744e+66 -6.27744e+66 -6.27744e+66 -6.27744e+66 93.7171 115.328 156.39 198.532 198.532 212.039 276.873 382.768 413.023 588.075 
-6.27744e+66 -6.27744e+66 -6.27744e+66 -6.27744e+66 -6.27744e+66 93.7171 114.248 142.342 142.342 153.148 207.176 297.943 324.417 480.018 
-6.27744e+66 -6.27744e+66 -6.27744e+66 -6.27744e+66 -6.27744e+66 -6.27744e+66 93.7171 107.764 107.764 115.869 159.091 234.731 257.422 393.573 
-6.27744e+66 -6.27744e+66 -6.27744e+66 -6.27744e+66 -6.27744e+66 -6.27744e+66 -6.27744e+66 93.7171 93.7171 99.1199 131.537 192.048 210.958 327.659 
-6.27744e+66 -6.27744e+66 -6.27744e+66 -6.27744e+66 -6.27744e+66 -6.27744e+66 -6.27744e+66 -6.27744e+66 93.7171 96.4185 118.03 163.413 178.541 275.792 
-6.27744e+66 -6.27744e+66 -6.27744e+66 -6.27744e+66 -6.27744e+66 -6.27744e+66 -6.27744e+66 -6.27744e+66 -6.27744e+66 93.7171 104.523 134.778 146.124 223.925 
-6.27744e+66 -6.27744e+66 -6.27744e+66 -6.27744e+66 -6.27744e+66 -6.27744e+66 -6.27744e+66 -6.27744e+66 -6.27744e+66 -6.27744e+66 93.7171 108.845 116.409 174.759 
-6.27744e+66 -6.27744e+66 -6.27744e+66 -6.27744e+66 -6.27744e+66 -6.27744e+66 -6.27744e+66 -6.27744e+66 -6.27744e+66 -6.27744e+66 -6.27744e+66 93.7171 97.4991 136.399 
-6.27744e+66 -6.27744e+66 -6.27744e+66 -6.27744e+66 -6.27744e+66 -6.27744e+66 -6.27744e+66 -6.27744e+66 -6.27744e+66 -6.27744e+66 -6.27744e+66 -6.27744e+66 93.7171 113.167 
-6.27744e+66 -6.27744e+66 -6.27744e+66 -6.27744e+66 -6.27744e+66 -6.27744e+66 -6.27744e+66 -6.27744e+66 -6.27744e+66 -6.27744e+66 -6.27744e+66 -6.27744e+66 -6.27744e+66 93.7171 
-6.27744e+66 -6.27744e+66 -6.27744e+66 -6.27744e+66 -6.27744e+66 -6.27744e+66 -6.27744e+66 -6.27744e+66 -6.27744e+66 -6.27744e+66 -6.27744e+66 -6.27744e+66 -6.27744e+66 -6.27744e+66 
-6.27744e+66 87.4434 106.717 131.247 220.607 234.625 287.189 434.371 557.022 571.039 634.116 634.116 846.127 1035.36 
-6.27744e+66 -6.27744e+66 87.4434 99.7085 159.282 169.795 211.847 334.498 439.627 451.892 507.961 507.961 700.698 874.162 
-6.27744e+66 -6.27744e+66 -6.27744e+66 87.4434 117.23 124.239 155.778 253.898 341.506 352.019 401.08 401.08 574.543 732.237 
-6.27744e+66 -6.27744e+66 -6.27744e+66 -6.27744e+66 87.4434 90.9477 111.974 185.564 255.651 264.411 306.463 306.463 460.653 602.578 
-6.27744e+66 -6.27744e+66 -6.27744e+66 -6.27744e+66 -6.27744e+66 87.4434 97.9564 147.017 199.581 206.59 241.633 241.633 376.549 502.705 
-6.27744e+66 -6.27744e+66 -6.27744e+66 -6.27744e+66 -6.27744e+66 -6.27744e+66 87.4434 111.974 147.017 152.273 180.308 180.308 295.95 406.336 
-6.27744e+66 -6.27744e+66 -6.27744e+66 -6.27744e+66 -6.27744e+66 -6.27744e+66 -6.27744e+66 87.4434 104.965 108.469 129.495 129.495 225.864 320.48 
-6.27744e+66 -6.27744e+66 -6.27744e+66 -6.27744e+66 -6.27744e+66 -6.27744e+66 -6.27744e+66 -6.27744e+66 87.4434 89.1956 103.213 103.213 180.308 259.155 
-6.27744e+66 -6.27744e+66 -6.27744e+66 -6.27744e+66 -6.27744e+66 -6.27744e+66 -6.27744e+66 -6.27744e+66 -6.27744e+66 87.4434 94.4521 94.4521 152.273 215.351 
-6.27744e+66 -6.27744e+66 -6.27744e+66 -6.27744e+66 -6.27744e+66 -6.27744e+66 -6.27744e+66 -6.27744e+66 -6.27744e+66 -6.27744e+66 87.4434 87.4434 125.991 173.299 
-6.27744e+66 -6.27744e+66 -6.27744e+66 -6.27744e+66 -6.27744e+66 -6.27744e+66 -6.27744e+66 -6.27744e+66 -6.27744e+66 -6.27744e+66 -6.27744e+66 87.4434 106.717 138.256 
-6.27744e+66 -6.27744e+66 -6.27744e+66 -6.27744e+66 -6.27744e+66 -6.27744e+66 -6.27744e+66 -6.27744e+66 -6.27744e+66 -6.27744e+66 -6.27744e+66 -6.27744e+66 87.4434 103.213 
-6.27744e+66 -6.27744e+66 -6.27744e+66 -6.27744e+66 -6.27744e+66 -6.27744e+66 -6.27744e+66 -6.27744e+66 -6.27744e+66 -6.27744e+66 -6.27744e+66 -6.27744e+66 -6.27744e+66 87.4434 
-6.27744e+66 -6.27744e+66 -6.27744e+66 -6.27744e+66 -6.27744e+66 -6.27744e+66 -6.27744e+66 -6.27744e+66 -6.27744e+66 -6.27744e+66 -6.27744e+66 -6.27744e+66 -6.27744e+66 -6.27744e+66 
-6.27744e+66 53.2167 74.4773 97.6707 130.528 145.99 242.63 269.689 377.924 439.774 439.774 439.774 588.598 928.768 
-6.27744e+66 -6.27744e+66 53.2167 64.8134 86.7183 98.315 175.626 198.175 290.949 345.067 345.067 345.067 480.362 792.185 
-6.27744e+66 -6.27744e+66 -6.27744e+66 53.2167 64.1691 71.9003 129.884 147.923 225.234 271.621 271.621 271.621 393.387 676.862 
-6.27744e+66 -6.27744e+66 -6.27744e+66 -6.27744e+66 53.2167 57.0822 95.7379 109.267 171.117 209.772 209.772 209.772 318.008 573.136 
-6.27744e+66 -6.27744e+66 -6.27744e+66 -6.27744e+66 -6.27744e+66 53.2167 72.5445 81.5642 127.951 158.876 158.876 158.876 253.582 480.362 
-6.27744e+66 -6.27744e+66 -6.27744e+66 -6.27744e+66 -6.27744e+66 -6.27744e+66 53.2167 57.7265 88.6511 111.844 111.844 111.844 193.021 391.454 
-6.27744e+66 -6.27744e+66 -6.27744e+66 -6.27744e+66 -6.27744e+66 -6.27744e+66 -6.27744e+66 53.2167 68.6789 84.1412 84.1412 84.1412 151.789 321.874 
-6.27744e+66 -6.27744e+66 -6.27744e+66 -6.27744e+66 -6.27744e+66 -6.27744e+66 -6.27744e+66 -6.27744e+66 53.2167 60.9478 60.9478 60.9478 115.066 256.803 
-6.27744e+66 -6.27744e+66 -6.27744e+66 -6.27744e+66 -6.27744e+66 -6.27744e+66 -6.27744e+66 -6.27744e+66 -6.27744e+66 53.2167 53.2167 53.2167 93.8051 207.195 
-6.27744e+66 -6.27744e+66 -6.27744e+66 -6.27744e+66 -6.27744e+66 -6.27744e+66 -6.27744e+66 -6.27744e+66 -6.27744e+66 -6.27744e+66 53.2167 53.2167 80.2757 165.318 
-6.27744e+66 -6.27744e+66 -6.27744e+66 -6.27744e+66 -6.27744e+66 -6.27744e+66 -6.27744e+66 -6.27744e+66 -6.27744e+66 -6.27744e+66 -6.27744e+66 53.2167 66.7462 123.441 
-6.27744e+66 -6.27744e+66 -6.27744e+66 -6.27744e+66 -6.27744e+66 -6.27744e+66 -6.27744e+66 -6.27744e+66 -6.27744e+66 -6.27744e+66 -6.27744e+66 -6.27744e+66 53.2167 81.5642 
-6.27744e+66 -6.27744e+66 -6.27744e+66 -6.27744e+66 -6.27744e+66 -6.27744e+66 -6.27744e+66 -6.27744e+66 -6.27744e+66 -6.27744e+66 -6.27744e+66 -6.27744e+66 -6.27744e+66 53.2167 
-6.27744e+66 -6.27744e+66 -6.27744e+66 -6.27744e+66 -6.27744e+66 -6.27744e+66 -6.27744e+66 -6.27744e+66 -6.27744e+66 -6.27744e+66 -6.27744e+66 -6.27744e+66 -6.27744e+66 -6.27744e+66 
-6.27744e+66 2.59063 12.3426 22.0945 29.4085 48.9124 61.1023 90.3582 141.556 278.083 321.967 370.727 504.816 592.584 
-6.27744e+66 -6.27744e+66 2.59063 7.46661 12.3426 26.9705 36.7225 61.1023 104.986 224.448 263.455 307.339 429.239 509.692 
-6.27744e+66 -6.27744e+66 -6.27744e+66 2.59063 5.02862 14.7806 22.0945 41.5984 78.1683 180.564 214.696 253.703 363.413 436.553 
-6.27744e+66 -6.27744e+66 -6.27744e+66 -6.27744e+66 2.59063 7.46661 12.3426 26.9705 56.2264 141.556 170.812 204.944 302.463 368.289 
-6.27744e+66 -6.27744e+66 -6.27744e+66 -6.27744e+66 -6.27744e+66 2.59063 5.02862 14.7806 36.7225 104.986 129.366 158.622 243.951 302.463 
-6.27744e+66 -6.27744e+66 -6.27744e+66 -6.27744e+66 -6.27744e+66 -6.27744e+66 2.59063 7.46661 22.0945 73.2923 92.7962 117.176 190.316 241.513 
-6.27744e+66 -6.27744e+66 -6.27744e+66 -6.27744e+66 -6.27744e+66 -6.27744e+66 -6.27744e+66 2.59063 9.9046 44.0364 58.6644 78.1683 139.118 183.002 
-6.27744e+66 -6.27744e+66 -6.27744e+66 -6.27744e+66 -6.27744e+66 -6.27744e+66 -6.27744e+66 -6.27744e+66 2.59063 19.6565 29.4085 44.0364 92.7962 129.366 
-6.27744e+66 -6.27744e+66 -6.27744e+66 -6.27744e+66 -6.27744e+66 -6.27744e+66 -6.27744e+66 -6.27744e+66 -6.27744e+66 2.59063 7.46661 17.2186 53.7884 83.0442 
-6.27744e+66 -6.27744e+66 -6.27744e+66 -6.27744e+66 -6.27744e+66 -6.27744e+66 -6.27744e+66 -6.27744e+66 -6.27744e+66 -6.27744e+66 2.59063 7.46661 31.8465 53.7884 
-6.27744e+66 -6.27744e+66 -6.27744e+66 -6.27744e+66 -6.27744e+66 -6.27744e+66 -6.27744e+66 -6.27744e+66 -6.27744e+66 -6.27744e+66 -6.27744e+66 2.59063 14.7806 29.4085 
-6.27744e+66 -6.27744e+66 -6.27744e+66 -6.27744e+66 -6.27744e+66 -6.27744e+66 -6.27744e+66 -6.27744e+66 -6.27744e+66 -6.27744e+66 -6.27744e+66 -6.27744e+66 2.59063 9.9046 
-6.27744e+66 -6.27744e+66 -6.27744e+66 -6.27744e+66 -6.27744e+66 -6.27744e+66 -6.27744e+66 -6.27744e+66 -6.27744e+66 -6.27744e+66 -6.27744e+66 -6.27744e+66 -6.27744e+66 2.59063 
-6.27744e+66 -6.27744e+66 -6.27744e+66 -6.27744e+66 -6.27744e+66 -6.27744e+66 -6.27744e+66 -6.27744e+66 -6.27744e+66 -6.27744e+66 -6.27744e+66 -6.27744e+66 -6.27744e+66 -6.27744e+66 
-6.27744e+66 9.28247 18.8679 25.2583 30.051 55.6123 55.6123 65.1977 98.7469 149.869 149.869 309.627 397.494 397.494 
-6.27744e+66 -6.27744e+66 9.28247 12.4776 15.6728 34.8437 34.8437 42.8316 71.588 116.32 116.32 260.102 339.981 339.981 
-6.27744e+66 -6.27744e+66 -6.27744e+66 9.28247 10.88 23.6607 23.6607 30.051 54.0147 92.3566 92.3566 220.163 292.054 292.054 
-6.27744e+66 -6.27744e+66 -6.27744e+66 -6.27744e+66 9.28247 15.6728 15.6728 20.4655 39.6365 71.588 71.588 183.419 247.322 247.322 
-6.27744e+66 -6.27744e+66 -6.27744e+66 -6.27744e+66 -6.27744e+66 9.28247 9.28247 12.4776 26.8558 52.4171 52.4171 148.272 204.187 204.187 
-6.27744e+66 -6.27744e+66 -6.27744e+66 -6.27744e+66 -6.27744e+66 -6.27744e+66 9.28247 10.88 20.4655 39.6365 39.6365 119.515 167.443 167.443 
-6.27744e+66 -6.27744e+66 -6.27744e+66 -6.27744e+66 -6.27744e+66 -6.27744e+66 -6.27744e+66 9.28247 14.0752 26.8558 26.8558 90.759 130.698 130.698 
-6.27744e+66 -6.27744e+66 -6.27744e+66 -6.27744e+66 -6.27744e+66 -6.27744e+66 -6.27744e+66 -6.27744e+66 9.28247 15.6728 15.6728 63.6002 95.5517 95.5517 
-6.27744e+66 -6.27744e+66 -6.27744e+66 -6.27744e+66 -6.27744e+66 -6.27744e+66 -6.27744e+66 -6.27744e+66 -6.27744e+66 9.28247 9.28247 41.234 65.1977 65.1977 
-6.27744e+66 -6.27744e+66 -6.27744e+66 -6.27744e+66 -6.27744e+66 -6.27744e+66 -6.27744e+66 -6.27744e+66 -6.27744e+66 -6.27744e+66 9.28247 25.2583 41.234 41.234 
-6.27744e+66 -6.27744e+66 -6.27744e+66 -6.27744e+66 -6.27744e+66 -6.27744e+66 -6.27744e+66 -6.27744e+66 -6.27744e+66 -6.27744e+66 -6.27744e+66 9.28247 17.2704 17.2704 
-6.27744e+66 -6.27744e+66 -6.27744e+66 -6.27744e+66 -6.27744e+66 -6.27744e+66 -6.27744e+66 -6.27744e+66 -6.27744e+66 -6.27744e+66 -6.27744e+66 -6.27744e+66 9.28247 9.28247 
-6.27744e+66 -6.27744e+66 -6.27744e+66 -6.27744e+66 -6.27744e+66 -6.27744e+66 -6.27744e+66 -6.27744e+66 -6.27744e+66 -6.27744e+66 -6.27744e+66 -6.27744e+66 -6.27744e+66 9.28247 
-6.27744e+66 -6.27744e+66 -6.27744e+66 -6.27744e+66 -6.27744e+66 -6.27744e+66 -6.27744e+66 -6.27744e+66 -6.27744e+66 -6.27744e+66 -6.27744e+66 -6.27744e+66 -6.27744e+66 -6.27744e+66 
-6.27744e+66 53.6625 58.4637 58.4637 77.6684 103.275 167.29 234.507 324.129 400.947 487.369 631.404 719.425 892.267 
-6.27744e+66 -6.27744e+66 53.6625 53.6625 66.4657 85.6704 136.883 192.897 269.715 336.932 413.751 543.382 623.402 781.841 
-6.27744e+66 -6.27744e+66 -6.27744e+66 53.6625 60.0641 72.8672 111.277 156.088 220.103 277.717 344.934 460.162 532.179 676.215 
-6.27744e+66 -6.27744e+66 -6.27744e+66 -6.27744e+66 53.6625 60.0641 85.6704 119.279 170.491 218.503 276.117 376.942 440.957 570.589 
-6.27744e+66 -6.27744e+66 -6.27744e+66 -6.27744e+66 -6.27744e+66 53.6625 66.4657 88.8711 127.281 165.69 213.702 300.123 356.136 471.365 
-6.27744e+66 -6.27744e+66 -6.27744e+66 -6.27744e+66 -6.27744e+66 -6.27744e+66 53.6625 64.8653 90.4715 119.279 157.688 229.706 277.717 378.542 
-6.27744e+66 -6.27744e+66 -6.27744e+66 -6.27744e+66 -6.27744e+66 -6.27744e+66 -6.27744e+66 53.6625 66.4657 85.6704 114.477 172.091 212.101 298.522 
-6.27744e+66 -6.27744e+66 -6.27744e+66 -6.27744e+66 -6.27744e+66 -6.27744e+66 -6.27744e+66 -6.27744e+66 53.6625 63.2649 82.4696 125.68 157.688 229.706 
-6.27744e+66 -6.27744e+66 -6.27744e+66 -6.27744e+66 -6.27744e+66 -6.27744e+66 -6.27744e+66 -6.27744e+66 -6.27744e+66 53.6625 63.2649 92.0719 116.078 173.692 
-6.27744e+66 -6.27744e+66 -6.27744e+66 -6.27744e+66 -6.27744e+66 -6.27744e+66 -6.27744e+66 -6.27744e+66 -6.27744e+66 -6.27744e+66 53.6625 68.0661 84.07 127.281 
-6.27744e+66 -6.27744e+66 -6.27744e+66 -6.27744e+66 -6.27744e+66 -6.27744e+66 -6.27744e+66 -6.27744e+66 -6.27744e+66 -6.27744e+66 -6.27744e+66 53.6625 61.6645 90.4715 
-6.27744e+66 -6.27744e+66 -6.27744e+66 -6.27744e+66 -6.27744e+66 -6.27744e+66 -6.27744e+66 -6.27744e+66 -6.27744e+66 -6.27744e+66 -6.27744e+66 -6.27744e+66 53.6625 68.0661 
-6.27744e+66 -6.27744e+66 -6.27744e+66 -6.27744e+66 -6.27744e+66 -6.27744e+66 -6.27744e+66 -6.27744e+66 -6.27744e+66 -6.27744e+66 -6.27744e+66 -6.27744e+66 -6.27744e+66 53.6625 
-6.27744e+66 -6.27744e+66 -6.27744e+66 -6.27744e+66 -6.27744e+66 -6.27744e+66 -6.27744e+66 -6.27744e+66 -6.27744e+66 -6.27744e+66 -6.27744e+66 -6.27744e+66 -6.27744e+66 -6.27744e+66 
-6.27744e+66 82.5269 85.2002 117.279 197.477 197.477 224.21 416.684 510.249 595.793 740.149 793.614 852.426 884.505 
-6.27744e+66 -6.27744e+66 82.5269 98.5665 152.032 152.032 173.418 333.813 414.011 488.862 617.179 665.298 718.763 748.169 
-6.27744e+66 -6.27744e+66 -6.27744e+66 82.5269 109.26 109.26 125.299 253.616 320.447 384.605 496.882 539.654 587.773 614.506 
-6.27744e+66 -6.27744e+66 -6.27744e+66 -6.27744e+66 82.5269 82.5269 93.2199 189.457 242.923 296.388 392.625 430.051 472.823 496.882 
-6.27744e+66 -6.27744e+66 -6.27744e+66 -6.27744e+66 -6.27744e+66 82.5269 87.8734 152.032 192.131 234.903 315.101 347.18 384.605 405.991 
-6.27744e+66 -6.27744e+66 -6.27744e+66 -6.27744e+66 -6.27744e+66 -6.27744e+66 82.5269 114.606 141.339 173.418 237.576 264.309 296.388 315.101 
-6.27744e+66 -6.27744e+66 -6.27744e+66 -6.27744e+66 -6.27744e+66 -6.27744e+66 -6.27744e+66 82.5269 95.8932 117.279 165.398 186.784 213.517 229.556 
-6.27744e+66 -6.27744e+66 -6.27744e+66 -6.27744e+66 -6.27744e+66 -6.27744e+66 -6.27744e+66 -6.27744e+66 82.5269 93.2199 125.299 141.339 162.725 176.091 
-6.27744e+66 -6.27744e+66 -6.27744e+66 -6.27744e+66 -6.27744e+66 -6.27744e+66 -6.27744e+66 -6.27744e+66 -6.27744e+66 82.5269 98.5665 109.26 125.299 135.992 
-6.27744e+66 -6.27744e+66 -6.27744e+66 -6.27744e+66 -6.27744e+66 -6.27744e+66 -6.27744e+66 -6.27744e+66 -6.27744e+66 -6.27744e+66 82.5269 87.8734 98.5665 106.586 
-6.27744e+66 -6.27744e+66 -6.27744e+66 -6.27744e+66 -6.27744e+66 -6.27744e+66 -6.27744e+66 -6.27744e+66 -6.27744e+66 -6.27744e+66 -6.27744e+66 82.5269 87.8734 93.2199 
-6.27744e+66 -6.27744e+66 -6.27744e+66 -6.27744e+66 -6.27744e+66 -6.27744e+66 -6.27744e+66 -6.27744e+66 -6.27744e+66 -6.27744e+66 -6.27744e+66 -6.27744e+66 82.5269 85.2002 
-6.27744e+66 -6.27744e+66 -6.27744e+66 -6.27744e+66 -6.27744e+66 -6.27744e+66 -6.27744e+66 -6.27744e+66 -6.27744e+66 -6.27744e+66 -6.27744e+66 -6.27744e+66 -6.27744e+66 82.5269 
-6.27744e+66 -6.27744e+66 -6.27744e+66 -6.27744e+66 -6.27744e+66 -6.27744e+66 -6.27744e+66 -6.27744e+66 -6.27744e+66 -6.27744e+66 -6.27744e+66 -6.27744e+66 -6.27744e+66 -6.27744e+66 
-6.27744e+66 88.082 102.946 129.176 144.914 190.38 290.93 401.097 566.348 636.295 762.201 849.635 1118.93 1286.81 
-6.27744e+66 -6.27744e+66 88.082 101.197 111.689 145.789 226.228 318.034 459.678 520.882 632.798 711.489 956.305 1110.19 
-6.27744e+66 -6.27744e+66 -6.27744e+66 88.082 93.3281 116.061 176.391 249.835 367.872 420.332 518.259 588.206 808.541 948.436 
-6.27744e+66 -6.27744e+66 -6.27744e+66 -6.27744e+66 88.082 99.4485 139.668 194.752 289.181 332.898 416.835 478.039 673.892 799.797 
-6.27744e+66 -6.27744e+66 -6.27744e+66 -6.27744e+66 -6.27744e+66 88.082 108.192 144.914 215.736 250.71 320.657 373.118 544.489 656.405 
-6.27744e+66 -6.27744e+66 -6.27744e+66 -6.27744e+66 -6.27744e+66 -6.27744e+66 88.082 106.443 153.658 179.888 235.846 279.563 426.453 524.379 
-6.27744e+66 -6.27744e+66 -6.27744e+66 -6.27744e+66 -6.27744e+66 -6.27744e+66 -6.27744e+66 88.082 111.689 129.176 171.145 206.118 328.526 412.463 
-6.27744e+66 -6.27744e+66 -6.27744e+66 -6.27744e+66 -6.27744e+66 -6.27744e+66 -6.27744e+66 -6.27744e+66 88.082 96.8254 124.804 151.035 248.961 318.909 
-6.27744e+66 -6.27744e+66 -6.27744e+66 -6.27744e+66 -6.27744e+66 -6.27744e+66 -6.27744e+66 -6.27744e+66 -6.27744e+66 88.082 102.071 119.558 193.003 248.961 
-6.27744e+66 -6.27744e+66 -6.27744e+66 -6.27744e+66 -6.27744e+66 -6.27744e+66 -6.27744e+66 -6.27744e+66 -6.27744e+66 -6.27744e+66 88.082 96.8254 145.789 187.757 
-6.27744e+66 -6.27744e+66 -6.27744e+66 -6.27744e+66 -6.27744e+66 -6.27744e+66 -6.27744e+66 -6.27744e+66 -6.27744e+66 -6.27744e+66 -6.27744e+66 88.082 112.564 140.543 
-6.27744e+66 -6.27744e+66 -6.27744e+66 -6.27744e+66 -6.27744e+66 -6.27744e+66 -6.27744e+66 -6.27744e+66 -6.27744e+66 -6.27744e+66 -6.27744e+66 -6.27744e+66 88.082 102.071 
-6.27744e+66 -6.27744e+66 -6.27744e+66 -6.27744e+66 -6.27744e+66 -6.27744e+66 -6.27744e+66 -6.27744e+66 -6.27744e+66 -6.27744e+66 -6.27744e+66 -6.27744e+66 -6.27744e+66 88.082 
-6.27744e+66 -6.27744e+66 -6.27744e+66 -6.27744e+66 -6.27744e+66 -6.27744e+66 -6.27744e+66 -6.27744e+66 -6.27744e+66 -6.27744e+66 -6.27744e+66 -6.27744e+66 -6.27744e+66 -6.27744e+66 
-6.27744e+66 43.9415 67.4976 70.8628 91.0537 91.0537 133.118 183.596 289.598 356.901 372.044 372.044 390.553 451.126 
-6.27744e+66 -6.27744e+66 43.9415 45.6241 59.0847 59.0847 92.7363 134.801 225.66 284.55 298.011 298.011 314.837 370.362 
-6.27744e+66 -6.27744e+66 -6.27744e+66 43.9415 50.6718 50.6718 75.9105 109.562 185.278 235.756 247.534 247.534 262.677 313.154 
-6.27744e+66 -6.27744e+66 -6.27744e+66 -6.27744e+66 43.9415 43.9415 60.7673 86.006 146.579 188.643 198.739 198.739 212.199 257.629 
-6.27744e+66 -6.27744e+66 -6.27744e+66 -6.27744e+66 -6.27744e+66 43.9415 52.3544 69.1802 114.61 148.261 156.674 156.674 168.452 208.834 
-6.27744e+66 -6.27744e+66 -6.27744e+66 -6.27744e+66 -6.27744e+66 -6.27744e+66 43.9415 52.3544 82.6408 107.88 114.61 114.61 124.705 160.039 
-6.27744e+66 -6.27744e+66 -6.27744e+66 -6.27744e+66 -6.27744e+66 -6.27744e+66 -6.27744e+66 43.9415 59.0847 75.9105 80.9583 80.9583 89.3711 119.658 
-6.27744e+66 -6.27744e+66 -6.27744e+66 -6.27744e+66 -6.27744e+66 -6.27744e+66 -6.27744e+66 -6.27744e+66 43.9415 52.3544 55.7196 55.7196 62.4499 87.6886 
-6.27744e+66 -6.27744e+66 -6.27744e+66 -6.27744e+66 -6.27744e+66 -6.27744e+66 -6.27744e+66 -6.27744e+66 -6.27744e+66 43.9415 45.6241 45.6241 50.6718 70.8628 
-6.27744e+66 -6.27744e+66 -6.27744e+66 -6.27744e+66 -6.27744e+66 -6.27744e+66 -6.27744e+66 -6.27744e+66 -6.27744e+66 -6.27744e+66 43.9415 43.9415 47.3067 62.4499 
-6.27744e+66 -6.27744e+66 -6.27744e+66 -6.27744e+66 -6.27744e+66 -6.27744e+66 -6.27744e+66 -6.27744e+66 -6.27744e+66 -6.27744e+66 -6.27744e+66 43.9415 45.6241 55.7196 
-6.27744e+66 -6.27744e+66 -6.27744e+66 -6.27744e+66 -6.27744e+66 -6.27744e+66 -6.27744e+66 -6.27744e+66 -6.27744e+66 -6.27744e+66 -6.27744e+66 -6.27744e+66 43.9415 48.9893 
-6.27744e+66 -6.27744e+66 -6.27744e+66 -6.27744e+66 -6.27744e+66 -6.27744e+66 -6.27744e+66 -6.27744e+66 -6.27744e+66 -6.27744e+66 -6.27744e+66 -6.27744e+66 -6.27744e+66 43.9415 
-6.27744e+66 -6.27744e+66 -6.27744e+66 -6.27744e+66 -6.27744e+66 -6.27744e+66 -6.27744e+66 -6.27744e+66 -6.27744e+66 -6.27744e+66 -6.27744e+66 -6.27744e+66 -6.27744e+66 -6.27744e+66 
-6.27744e+66 16.5262 30.6534 30.6534 30.6534 64.5589 78.6862 163.45 163.45 163.45 163.45 219.959 282.119 383.835 
-6.27744e+66 -6.27744e+66 16.5262 16.5262 16.5262 41.9553 53.2571 123.893 123.893 123.893 123.893 174.752 231.261 324.501 
-6.27744e+66 -6.27744e+66 -6.27744e+66 16.5262 16.5262 33.4789 41.9553 98.4643 98.4643 98.4643 98.4643 143.672 194.53 279.293 
-6.27744e+66 -6.27744e+66 -6.27744e+66 -6.27744e+66 16.5262 25.0025 30.6534 73.0352 73.0352 73.0352 73.0352 112.592 157.799 234.086 
-6.27744e+66 -6.27744e+66 -6.27744e+66 -6.27744e+66 -6.27744e+66 16.5262 19.3516 47.6062 47.6062 47.6062 47.6062 81.5116 121.068 188.879 
-6.27744e+66 -6.27744e+66 -6.27744e+66 -6.27744e+66 -6.27744e+66 -6.27744e+66 16.5262 30.6534 30.6534 30.6534 30.6534 58.908 92.8134 152.148 
-6.27744e+66 -6.27744e+66 -6.27744e+66 -6.27744e+66 -6.27744e+66 -6.27744e+66 -6.27744e+66 16.5262 16.5262 16.5262 16.5262 39.1298 67.3843 118.243 
-6.27744e+66 -6.27744e+66 -6.27744e+66 -6.27744e+66 -6.27744e+66 -6.27744e+66 -6.27744e+66 -6.27744e+66 16.5262 16.5262 16.5262 33.4789 56.0825 98.4643 
-6.27744e+66 -6.27744e+66 -6.27744e+66 -6.27744e+66 -6.27744e+66 -6.27744e+66 -6.27744e+66 -6.27744e+66 -6.27744e+66 16.5262 16.5262 27.828 44.7807 78.6862 
-6.27744e+66 -6.27744e+66 -6.27744e+66 -6.27744e+66 -6.27744e+66 -6.27744e+66 -6.27744e+66 -6.27744e+66 -6.27744e+66 -6.27744e+66 16.5262 22.1771 33.4789 58.908 
-6.27744e+66 -6.27744e+66 -6.27744e+66 -6.27744e+66 -6.27744e+66 -6.27744e+66 -6.27744e+66 -6.27744e+66 -6.27744e+66 -6.27744e+66 -6.27744e+66 16.5262 22.1771 39.1298 
-6.27744e+66 -6.27744e+66 -6.27744e+66 -6.27744e+66 -6.27744e+66 -6.27744e+66 -6.27744e+66 -6.27744e+66 -6.27744e+66 -6.27744e+66 -6.27744e+66 -6.27744e+66 16.5262 25.0025 
-6.27744e+66 -6.27744e+66 -6.27744e+66 -6.27744e+66 -6.27744e+66 -6.27744e+66 -6.27744e+66 -6.27744e+66 -6.27744e+66 -6.27744e+66 -6.27744e+66 -6.27744e+66 -6.27744e+66 16.5262 
-6.27744e+66 -6.27744e+66 -6.27744e+66 -6.27744e+66 -6.27744e+66 -6.27744e+66 -6.27744e+66 -6.27744e+66 -6.27744e+66 -6.27744e+66 -6.27744e+66 -6.27744e+66 -6.27744e+66 -6.27744e+66 
-6.27744e+66 5.90513 10.334 41.336 67.9091 67.9091 67.9091 67.9091 98.9111 98.9111 218.49 373.5 422.217 528.51 
-6.27744e+66 -6.27744e+66 5.90513 21.4061 39.1215 39.1215 39.1215 39.1215 65.6947 65.6947 171.987 311.496 355.785 453.219 
-6.27744e+66 -6.27744e+66 -6.27744e+66 5.90513 14.7628 14.7628 14.7628 14.7628 36.9071 36.9071 129.913 253.921 293.781 382.358 
-6.27744e+66 -6.27744e+66 -6.27744e+66 -6.27744e+66 5.90513 5.90513 5.90513 5.90513 23.6205 23.6205 103.34 211.847 247.278 326.997 
-6.27744e+66 -6.27744e+66 -6.27744e+66 -6.27744e+66 -6.27744e+66 5.90513 5.90513 5.90513 19.1917 19.1917 85.6245 178.63 209.632 280.494 
-6.27744e+66 -6.27744e+66 -6.27744e+66 -6.27744e+66 -6.27744e+66 -6.27744e+66 5.90513 5.90513 14.7628 14.7628 67.9091 145.414 171.987 233.991 
-6.27744e+66 -6.27744e+66 -6.27744e+66 -6.27744e+66 -6.27744e+66 -6.27744e+66 -6.27744e+66 5.90513 10.334 10.334 50.1937 112.198 134.342 187.488 
-6.27744e+66 -6.27744e+66 -6.27744e+66 -6.27744e+66 -6.27744e+66 -6.27744e+66 -6.27744e+66 -6.27744e+66 5.90513 5.90513 32.4783 78.9812 96.6966 140.985 
-6.27744e+66 -6.27744e+66 -6.27744e+66 -6.27744e+66 -6.27744e+66 -6.27744e+66 -6.27744e+66 -6.27744e+66 -6.27744e+66 5.90513 19.1917 50.1937 63.4802 98.9111 
-6.27744e+66 -6.27744e+66 -6.27744e+66 -6.27744e+66 -6.27744e+66 -6.27744e+66 -6.27744e+66 -6.27744e+66 -6.27744e+66 -6.27744e+66 5.90513 21.4061 30.2638 56.837 
-6.27744e+66 -6.27744e+66 -6.27744e+66 -6.27744e+66 -6.27744e+66 -6.27744e+66 -6.27744e+66 -6.27744e+66 -6.27744e+66 -6.27744e+66 -6.27744e+66 5.90513 10.334 28.0494 
-6.27744e+66 -6.27744e+66 -6.27744e+66 -6.27744e+66 -6.27744e+66 -6.27744e+66 -6.27744e+66 -6.27744e+66 -6.27744e+66 -6.27744e+66 -6.27744e+66 -6.27744e+66 5.90513 14.7628 
-6.27744e+66 -6.27744e+66 -6.27744e+66 -6.27744e+66 -6.27744e+66 -6.27744e+66 -6.27744e+66 -6.27744e+66 -6.27744e+66 -6.27744e+66 -6.27744e+66 -6.27744e+66 -6.27744e+66 5.90513 
-6.27744e+66 -6.27744e+66 -6.27744e+66 -6.27744e+66 -6.27744e+66 -6.27744e+66 -6.27744e+66 -6.27744e+66 -6.27744e+66 -6.27744e+66 -6.27744e+66 -6.27744e+66 -6.27744e+66 -6.27744e+66 
-6.27744e+66 16.3248 23.8203 28.8173 53.8023 53.8023 53.8023 53.8023 71.2918 97.9425 165.402 223.7 260.345 360.285 
-6.27744e+66 -6.27744e+66 16.3248 18.8233 35.48 35.48 35.48 35.48 50.471 73.7903 133.754 186.223 219.536 311.148 
-6.27744e+66 -6.27744e+66 -6.27744e+66 16.3248 24.6531 24.6531 24.6531 24.6531 37.1456 57.1337 109.602 156.241 186.223 269.506 
-6.27744e+66 -6.27744e+66 -6.27744e+66 -6.27744e+66 16.3248 16.3248 16.3248 16.3248 26.3188 42.9755 87.9485 128.757 155.408 230.363 
-6.27744e+66 -6.27744e+66 -6.27744e+66 -6.27744e+66 -6.27744e+66 16.3248 16.3248 16.3248 23.8203 37.1456 74.6232 109.602 132.922 199.548 
-6.27744e+66 -6.27744e+66 -6.27744e+66 -6.27744e+66 -6.27744e+66 -6.27744e+66 16.3248 16.3248 21.3218 31.3158 61.2978 90.447 110.435 168.733 
-6.27744e+66 -6.27744e+66 -6.27744e+66 -6.27744e+66 -6.27744e+66 -6.27744e+66 -6.27744e+66 16.3248 18.8233 25.486 47.9725 71.2918 87.9485 137.919 
-6.27744e+66 -6.27744e+66 -6.27744e+66 -6.27744e+66 -6.27744e+66 -6.27744e+66 -6.27744e+66 -6.27744e+66 16.3248 19.6561 34.6471 52.1367 65.462 107.104 
-6.27744e+66 -6.27744e+66 -6.27744e+66 -6.27744e+66 -6.27744e+66 -6.27744e+66 -6.27744e+66 -6.27744e+66 -6.27744e+66 16.3248 23.8203 35.48 45.474 78.7873 
-6.27744e+66 -6.27744e+66 -6.27744e+66 -6.27744e+66 -6.27744e+66 -6.27744e+66 -6.27744e+66 -6.27744e+66 -6.27744e+66 -6.27744e+66 16.3248 22.1546 28.8173 53.8023 
-6.27744e+66 -6.27744e+66 -6.27744e+66 -6.27744e+66 -6.27744e+66 -6.27744e+66 -6.27744e+66 -6.27744e+66 -6.27744e+66 -6.27744e+66 -6.27744e+66 16.3248 19.6561 36.3128 
-6.27744e+66 -6.27744e+66 -6.27744e+66 -6.27744e+66 -6.27744e+66 -6.27744e+66 -6.27744e+66 -6.27744e+66 -6.27744e+66 -6.27744e+66 -6.27744e+66 -6.27744e+66 16.3248 24.6531 
-6.27744e+66 -6.27744e+66 -6.27744e+66 -6.27744e+66 -6.27744e+66 -6.27744e+66 -6.27744e+66 -6.27744e+66 -6.27744e+66 -6.27744e+66 -6.27744e+66 -6.27744e+66 -6.27744e+66 16.3248 
-6.27744e+66 -6.27744e+66 -6.27744e+66 -6.27744e+66 -6.27744e+66 -6.27744e+66 -6.27744e+66 -6.27744e+66 -6.27744e+66 -6.27744e+66 -6.27744e+66 -6.27744e+66 -6.27744e+66 -6.27744e+66 
-6.27744e+66 56.5967 60.9356 86.9695 93.4779 93.4779 115.173 141.207 141.207 314.766 392.867 479.647 551.24 733.477 
-6.27744e+66 -6.27744e+66 56.5967 69.6136 73.9526 73.9526 91.3085 113.003 113.003 264.867 334.291 412.393 477.477 644.528 
-6.27744e+66 -6.27744e+66 -6.27744e+66 56.5967 58.7661 58.7661 71.7831 89.139 89.139 219.308 280.054 349.477 408.054 559.918 
-6.27744e+66 -6.27744e+66 -6.27744e+66 -6.27744e+66 56.5967 56.5967 65.2746 78.2915 78.2915 186.766 238.834 299.579 351.647 488.325 
-6.27744e+66 -6.27744e+66 -6.27744e+66 -6.27744e+66 -6.27744e+66 56.5967 60.9356 69.6136 69.6136 156.393 199.783 251.851 297.41 418.901 
-6.27744e+66 -6.27744e+66 -6.27744e+66 -6.27744e+66 -6.27744e+66 -6.27744e+66 56.5967 60.9356 60.9356 126.02 160.732 204.122 243.173 349.477 
-6.27744e+66 -6.27744e+66 -6.27744e+66 -6.27744e+66 -6.27744e+66 -6.27744e+66 -6.27744e+66 56.5967 56.5967 99.9864 126.02 160.732 193.274 284.393 
-6.27744e+66 -6.27744e+66 -6.27744e+66 -6.27744e+66 -6.27744e+66 -6.27744e+66 -6.27744e+66 -6.27744e+66 56.5967 78.2915 95.6474 121.681 147.715 223.647 
-6.27744e+66 -6.27744e+66 -6.27744e+66 -6.27744e+66 -6.27744e+66 -6.27744e+66 -6.27744e+66 -6.27744e+66 -6.27744e+66 56.5967 65.2746 82.6305 102.156 162.902 
-6.27744e+66 -6.27744e+66 -6.27744e+66 -6.27744e+66 -6.27744e+66 -6.27744e+66 -6.27744e+66 -6.27744e+66 -6.27744e+66 -6.27744e+66 56.5967 65.2746 78.2915 123.851 
-6.27744e+66 -6.27744e+66 -6.27744e+66 -6.27744e+66 -6.27744e+66 -6.27744e+66 -6.27744e+66 -6.27744e+66 -6.27744e+66 -6.27744e+66 -6.27744e+66 56.5967 63.1051 93.4779 
-6.27744e+66 -6.27744e+66 -6.27744e+66 -6.27744e+66 -6.27744e+66 -6.27744e+66 -6.27744e+66 -6.27744e+66 -6.27744e+66 -6.27744e+66 -6.27744e+66 -6.27744e+66 56.5967 71.7831 
-6.27744e+66 -6.27744e+66 -6.27744e+66 -6.27744e+66 -6.27744e+66 -6.27744e+66 -6.27744e+66 -6.27744e+66 -6.27744e+66 -6.27744e+66 -6.27744e+66 -6.27744e+66 -6.27744e+66 56.5967 
-6.27744e+66 -6.27744e+66 -6.27744e+66 -6.27744e+66 -6.27744e+66 -6.27744e+66 -6.27744e+66 -6.27744e+66 -6.27744e+66 -6.27744e+66 -6.27744e+66 -6.27744e+66 -6.27744e+66 -6.27744e+66 
-6.27744e+66 49.9389 60.29 60.29 96.5187 151.724 151.724 162.075 198.304 253.51 269.036 407.05 520.912 686.529 
-6.27744e+66 -6.27744e+66 49.9389 49.9389 74.0914 115.496 115.496 124.121 155.175 203.48 217.281 341.494 445.004 596.82 
-6.27744e+66 -6.27744e+66 -6.27744e+66 49.9389 62.0152 89.618 89.618 96.5187 122.396 163.801 175.877 286.288 379.447 517.462 
-6.27744e+66 -6.27744e+66 -6.27744e+66 -6.27744e+66 49.9389 63.7403 63.7403 68.9159 89.618 124.121 134.473 231.082 313.891 438.103 
-6.27744e+66 -6.27744e+66 -6.27744e+66 -6.27744e+66 -6.27744e+66 49.9389 49.9389 53.3893 68.9159 96.5187 105.145 187.953 260.41 370.822 
-6.27744e+66 -6.27744e+66 -6.27744e+66 -6.27744e+66 -6.27744e+66 -6.27744e+66 49.9389 51.6641 62.0152 82.7173 89.618 158.625 220.731 317.341 
-6.27744e+66 -6.27744e+66 -6.27744e+66 -6.27744e+66 -6.27744e+66 -6.27744e+66 -6.27744e+66 49.9389 55.1145 68.9159 74.0914 129.297 181.052 263.861 
-6.27744e+66 -6.27744e+66 -6.27744e+66 -6.27744e+66 -6.27744e+66 -6.27744e+66 -6.27744e+66 -6.27744e+66 49.9389 56.8396 60.29 101.694 143.098 212.105 
-6.27744e+66 -6.27744e+66 -6.27744e+66 -6.27744e+66 -6.27744e+66 -6.27744e+66 -6.27744e+66 -6.27744e+66 -6.27744e+66 49.9389 51.6641 79.2669 110.32 165.526 
-6.27744e+66 -6.27744e+66 -6.27744e+66 -6.27744e+66 -6.27744e+66 -6.27744e+66 -6.27744e+66 -6.27744e+66 -6.27744e+66 -6.27744e+66 49.9389 63.7403 84.4424 125.847 
-6.27744e+66 -6.27744e+66 -6.27744e+66 -6.27744e+66 -6.27744e+66 -6.27744e+66 -6.27744e+66 -6.27744e+66 -6.27744e+66 -6.27744e+66 -6.27744e+66 49.9389 60.29 87.8928 
-6.27744e+66 -6.27744e+66 -6.27744e+66 -6.27744e+66 -6.27744e+66 -6.27744e+66 -6.27744e+66 -6.27744e+66 -6.27744e+66 -6.27744e+66 -6.27744e+66 -6.27744e+66 49.9389 63.7403 
-6.27744e+66 -6.27744e+66 -6.27744e+66 -6.27744e+66 -6.27744e+66 -6.27744e+66 -6.27744e+66 -6.27744e+66 -6.27744e+66 -6.27744e+66 -6.27744e+66 -6.27744e+66 -6.27744e+66 49.9389 
-6.27744e+66 -6.27744e+66 -6.27744e+66 -6.27744e+66 -6.27744e+66 -6.27744e+66 -6.27744e+66 -6.27744e+66 -6.27744e+66 -6.27744e+66 -6.27744e+66 -6.27744e+66 -6.27744e+66 -6.27744e+66 
-6.27744e+66 96.8381 101.355 137.489 212.015 293.316 372.359 467.21 467.21 738.213 839.84 952.758 1151.49 1314.1 
-6.27744e+66 -6.27744e+66 96.8381 114.905 164.589 225.565 288.799 367.842 367.842 604.97 695.305 796.931 977.6 1126.65 
-6.27744e+66 -6.27744e+66 -6.27744e+66 96.8381 121.68 162.331 209.756 272.991 272.991 476.243 555.286 645.621 808.223 943.725 
-6.27744e+66 -6.27744e+66 -6.27744e+66 -6.27744e+66 96.8381 117.163 148.781 196.206 196.206 365.583 433.334 512.377 656.912 778.864 
-6.27744e+66 -6.27744e+66 -6.27744e+66 -6.27744e+66 -6.27744e+66 96.8381 112.647 144.264 144.264 279.766 336.225 403.976 530.444 638.845 
-6.27744e+66 -6.27744e+66 -6.27744e+66 -6.27744e+66 -6.27744e+66 -6.27744e+66 96.8381 112.647 112.647 214.273 259.44 315.899 424.301 519.152 
-6.27744e+66 -6.27744e+66 -6.27744e+66 -6.27744e+66 -6.27744e+66 -6.27744e+66 -6.27744e+66 96.8381 96.8381 164.589 198.465 243.632 333.966 415.267 
-6.27744e+66 -6.27744e+66 -6.27744e+66 -6.27744e+66 -6.27744e+66 -6.27744e+66 -6.27744e+66 -6.27744e+66 96.8381 130.714 153.297 187.173 259.44 327.191 
-6.27744e+66 -6.27744e+66 -6.27744e+66 -6.27744e+66 -6.27744e+66 -6.27744e+66 -6.27744e+66 -6.27744e+66 -6.27744e+66 96.8381 108.13 130.714 184.914 239.115 
-6.27744e+66 -6.27744e+66 -6.27744e+66 -6.27744e+66 -6.27744e+66 -6.27744e+66 -6.27744e+66 -6.27744e+66 -6.27744e+66 -6.27744e+66 96.8381 108.13 144.264 184.914 
-6.27744e+66 -6.27744e+66 -6.27744e+66 -6.27744e+66 -6.27744e+66 -6.27744e+66 -6.27744e+66 -6.27744e+66 -6.27744e+66 -6.27744e+66 -6.27744e+66 96.8381 114.905 142.005 
-6.27744e+66 -6.27744e+66 -6.27744e+66 -6.27744e+66 -6.27744e+66 -6.27744e+66 -6.27744e+66 -6.27744e+66 -6.27744e+66 -6.27744e+66 -6.27744e+66 -6.27744e+66 96.8381 110.388 
-6.27744e+66 -6.27744e+66 -6.27744e+66 -6.27744e+66 -6.27744e+66 -6.27744e+66 -6.27744e+66 -6.27744e+66 -6.27744e+66 -6.27744e+66 -6.27744e+66 -6.27744e+66 -6.27744e+66 96.8381 
-6.27744e+66 -6.27744e+66 -6.27744e+66 -6.27744e+66 -6.27744e+66 -6.27744e+66 -6.27744e+66 -6.27744e+66 -6.27744e+66 -6.27744e+66 -6.27744e+66 -6.27744e+66 -6.27744e+66 -6.27744e+66 
-6.27744e+66 80.1452 89.5561 97.0849 114.025 159.197 178.019 313.536 326.711 447.171 548.809 812.315 915.835 1164.28 
-6.27744e+66 -6.27744e+66 80.1452 83.9096 95.2027 129.082 144.139 257.071 268.364 373.766 464.111 701.266 795.375 1023.12 
-6.27744e+66 -6.27744e+66 -6.27744e+66 80.1452 85.7918 108.378 119.671 210.016 219.427 309.772 388.823 599.628 684.326 891.367 
-6.27744e+66 -6.27744e+66 -6.27744e+66 -6.27744e+66 80.1452 91.4383 98.9671 166.726 174.254 249.542 317.3 501.754 577.042 763.378 
-6.27744e+66 -6.27744e+66 -6.27744e+66 -6.27744e+66 -6.27744e+66 80.1452 83.9096 129.082 134.729 194.958 251.424 409.527 475.404 641.036 
-6.27744e+66 -6.27744e+66 -6.27744e+66 -6.27744e+66 -6.27744e+66 -6.27744e+66 80.1452 102.731 106.496 151.668 196.841 328.594 385.059 529.987 
-6.27744e+66 -6.27744e+66 -6.27744e+66 -6.27744e+66 -6.27744e+66 -6.27744e+66 -6.27744e+66 80.1452 82.0274 112.142 146.022 251.424 298.479 422.703 
-6.27744e+66 -6.27744e+66 -6.27744e+66 -6.27744e+66 -6.27744e+66 -6.27744e+66 -6.27744e+66 -6.27744e+66 80.1452 95.2027 117.789 196.841 234.484 338.004 
-6.27744e+66 -6.27744e+66 -6.27744e+66 -6.27744e+66 -6.27744e+66 -6.27744e+66 -6.27744e+66 -6.27744e+66 -6.27744e+66 80.1452 91.4383 144.139 172.372 255.188 
-6.27744e+66 -6.27744e+66 -6.27744e+66 -6.27744e+66 -6.27744e+66 -6.27744e+66 -6.27744e+66 -6.27744e+66 -6.27744e+66 -6.27744e+66 80.1452 106.496 125.318 187.43 
-6.27744e+66 -6.27744e+66 -6.27744e+66 -6.27744e+66 -6.27744e+66 -6.27744e+66 -6.27744e+66 -6.27744e+66 -6.27744e+66 -6.27744e+66 -6.27744e+66 80.1452 89.5561 130.964 
-6.27744e+66 -6.27744e+66 -6.27744e+66 -6.27744e+66 -6.27744e+66 -6.27744e+66 -6.27744e+66 -6.27744e+66 -6.27744e+66 -6.27744e+66 -6.27744e+66 -6.27744e+66 80.1452 100.849 
-6.27744e+66 -6.27744e+66 -6.27744e+66 -6.27744e+66 -6.27744e+66 -6.27744e+66 -6.27744e+66 -6.27744e+66 -6.27744e+66 -6.27744e+66 -6.27744e+66 -6.27744e+66 -6.27744e+66 80.1452 
-6.27744e+66 -6.27744e+66 -6.27744e+66 -6.27744e+66 -6.27744e+66 -6.27744e+66 -6.27744e+66 -6.27744e+66 -6.27744e+66 -6.27744e+66 -6.27744e+66 -6.27744e+66 -6.27744e+66 -6.27744e+66 
-6.27744e+66 92.2286 103.505 137.336 171.166 182.443 267.019 368.51 467.182 737.825 864.688 1005.65 1315.76 1484.91 
-6.27744e+66 -6.27744e+66 92.2286 109.144 131.697 140.155 207.816 292.392 376.967 613.78 726.548 853.412 1135.33 1290.39 
-6.27744e+66 -6.27744e+66 -6.27744e+66 92.2286 103.505 109.144 159.889 227.55 298.03 501.012 599.684 712.452 966.179 1107.14 
-6.27744e+66 -6.27744e+66 -6.27744e+66 -6.27744e+66 92.2286 95.0478 128.878 179.624 236.008 405.159 489.735 588.407 813.943 940.807 
-6.27744e+66 -6.27744e+66 -6.27744e+66 -6.27744e+66 -6.27744e+66 92.2286 109.144 142.974 185.262 320.583 391.063 475.639 672.983 785.751 
-6.27744e+66 -6.27744e+66 -6.27744e+66 -6.27744e+66 -6.27744e+66 -6.27744e+66 92.2286 109.144 137.336 238.827 295.211 365.691 534.842 633.514 
-6.27744e+66 -6.27744e+66 -6.27744e+66 -6.27744e+66 -6.27744e+66 -6.27744e+66 -6.27744e+66 92.2286 106.325 173.985 216.273 272.657 413.617 498.193 
-6.27744e+66 -6.27744e+66 -6.27744e+66 -6.27744e+66 -6.27744e+66 -6.27744e+66 -6.27744e+66 -6.27744e+66 92.2286 126.059 154.251 196.539 309.307 379.787 
-6.27744e+66 -6.27744e+66 -6.27744e+66 -6.27744e+66 -6.27744e+66 -6.27744e+66 -6.27744e+66 -6.27744e+66 -6.27744e+66 92.2286 106.325 134.517 219.092 275.476 
-6.27744e+66 -6.27744e+66 -6.27744e+66 -6.27744e+66 -6.27744e+66 -6.27744e+66 -6.27744e+66 -6.27744e+66 -6.27744e+66 -6.27744e+66 92.2286 106.325 162.708 204.996 
-6.27744e+66 -6.27744e+66 -6.27744e+66 -6.27744e+66 -6.27744e+66 -6.27744e+66 -6.27744e+66 -6.27744e+66 -6.27744e+66 -6.27744e+66 -6.27744e+66 92.2286 120.421 148.613 
-6.27744e+66 -6.27744e+66 -6.27744e+66 -6.27744e+66 -6.27744e+66 -6.27744e+66 -6.27744e+66 -6.27744e+66 -6.27744e+66 -6.27744e+66 -6.27744e+66 -6.27744e+66 92.2286 106.325 
-6.27744e+66 -6.27744e+66 -6.27744e+66 -6.27744e+66 -6.27744e+66 -6.27744e+66 -6.27744e+66 -6.27744e+66 -6.27744e+66 -6.27744e+66 -6.27744e+66 -6.27744e+66 -6.27744e+66 92.2286 
-6.27744e+66 -6.27744e+66 -6.27744e+66 -6.27744e+66 -6.27744e+66 -6.27744e+66 -6.27744e+66 -6.27744e+66 -6.27744e+66 -6.27744e+66 -6.27744e+66 -6.27744e+66 -6.27744e+66 -6.27744e+66 
