26 20
1000 1000 1000 1000 1000 1000 1000 1000 1000 1000 1000 1000 1000 1000 1000 1000 1000 1000 1000 1000 1000 1000 1000 1000 1000 1000 
item 0
50 70 145 45 60 30 120 110 195 215 40 125 165 100 195 30 10 0 0 160 160 95 60 50 140 170 
48.8093 48.8093 48.8093 48.8093 48.8093 48.8093 48.8093 48.8093 48.8093 48.8093 48.8093 48.8093 48.8093 48.8093 48.8093 48.8093 48.8093 48.8093 48.8093 48.8093 48.8093 48.8093 48.8093 48.8093 48.8093 48.8093 
0.163705 0.163705 0.163705 0.163705 0.163705 0.163705 0.163705 0.163705 0.163705 0.163705 0.163705 0.163705 0.163705 0.163705 0.163705 0.163705 0.163705 0.163705 0.163705 0.163705 0.163705 0.163705 0.163705 0.163705 0.163705 0.163705 
item 1
0 5 15 85 80 95 65 40 15 95 20 30 105 25 75 40 45 15 25 0 70 40 35 15 5 50 
11.3464 11.3464 11.3464 11.3464 11.3464 11.3464 11.3464 11.3464 11.3464 11.3464 11.3464 11.3464 11.3464 11.3464 11.3464 11.3464 11.3464 11.3464 11.3464 11.3464 11.3464 11.3464 11.3464 11.3464 11.3464 11.3464 
0.274532 0.274532 0.274532 0.274532 0.274532 0.274532 0.274532 0.274532 0.274532 0.274532 0.274532 0.274532 0.274532 0.274532 0.274532 0.274532 0.274532 0.274532 0.274532 0.274532 0.274532 0.274532 0.274532 0.274532 0.274532 0.274532 
item 2
5 0 40 55 10 45 35 0 10 10 25 55 15 10 35 10 30 0 50 5 0 10 25 45 10 20 
27.8984 27.8984 27.8984 27.8984 27.8984 27.8984 27.8984 27.8984 27.8984 27.8984 27.8984 27.8984 27.8984 27.8984 27.8984 27.8984 27.8984 27.8984 27.8984 27.8984 27.8984 27.8984 27.8984 27.8984 27.8984 27.8984 
0.568127 0.568127 0.568127 0.568127 0.568127 0.568127 0.568127 0.568127 0.568127 0.568127 0.568127 0.568127 0.568127 0.568127 0.568127 0.568127 0.568127 0.568127 0.568127 0.568127 0.568127 0.568127 0.568127 0.568127 0.568127 0.568127 
item 3
95 5 35 140 105 115 90 0 60 95 45 140 10 65 25 55 15 10 30 25 55 15 130 155 110 25 
40.0383 40.0383 40.0383 40.0383 40.0383 40.0383 40.0383 40.0383 40.0383 40.0383 40.0383 40.0383 40.0383 40.0383 40.0383 40.0383 40.0383 40.0383 40.0383 40.0383 40.0383 40.0383 40.0383 40.0383 40.0383 40.0383 
0.198948 0.198948 0.198948 0.198948 0.198948 0.198948 0.198948 0.198948 0.198948 0.198948 0.198948 0.198948 0.198948 0.198948 0.198948 0.198948 0.198948 0.198948 0.198948 0.198948 0.198948 0.198948 0.198948 0.198948 0.198948 0.198948 
item 4
80 25 75 40 0 40 65 40 50 0 75 20 5 5 10 35 75 110 40 45 0 30 10 60 40 80 
5.13273 5.13273 5.13273 5.13273 5.13273 5.13273 5.13273 5.13273 5.13273 5.13273 5.13273 5.13273 5.13273 5.13273 5.13273 5.13273 5.13273 5.13273 5.13273 5.13273 5.13273 5.13273 5.13273 5.13273 5.13273 5.13273 
0.271776 0.271776 0.271776 0.271776 0.271776 0.271776 0.271776 0.271776 0.271776 0.271776 0.271776 0.271776 0.271776 0.271776 0.271776 0.271776 0.271776 0.271776 0.271776 0.271776 0.271776 0.271776 0.271776 0.271776 0.271776 0.271776 
item 5
10 0 45 115 140 15 25 65 5 25 15 110 0 10 45 5 85 85 95 65 100 10 80 135 45 145 
47.863 47.863 47.863 47.863 47.863 47.863 47.863 47.863 47.863 47.863 47.863 47.863 47.863 47.863 47.863 47.863 47.863 47.863 47.863 47.863 47.863 47.863 47.863 47.863 47.863 47.863 
0.227797 0.227797 0.227797 0.227797 0.227797 0.227797 0.227797 0.227797 0.227797 0.227797 0.227797 0.227797 0.227797 0.227797 0.227797 0.227797 0.227797 0.227797 0.227797 0.227797 0.227797 0.227797 0.227797 0.227797 0.227797 0.227797 
item 6
60 20 190 65 140 55 0 5 80 195 35 0 130 50 60 135 20 85 40 15 40 40 10 35 90 5 
24.8867 24.8867 24.8867 24.8867 24.8867 24.8867 24.8867 24.8867 24.8867 24.8867 24.8867 24.8867 24.8867 24.8867 24.8867 24.8867 24.8867 24.8867 24.8867 24.8867 24.8867 24.8867 24.8867 24.8867 24.8867 24.8867 
0.165798 0.165798 0.165798 0.165798 0.165798 0.165798 0.165798 0.165798 0.165798 0.165798 0.165798 0.165798 0.165798 0.165798 0.165798 0.165798 0.165798 0.165798 0.165798 0.165798 0.165798 0.165798 0.165798 0.165798 0.165798 0.165798 
item 7
110 95 0 45 25 55 35 30 70 15 100 45 105 45 5 25 30 35 65 0 40 15 0 25 20 40 
39.9645 39.9645 39.9645 39.9645 39.9645 39.9645 39.9645 39.9645 39.9645 39.9645 39.9645 39.9645 39.9645 39.9645 39.9645 39.9645 39.9645 39.9645 39.9645 39.9645 39.9645 39.9645 39.9645 39.9645 39.9645 39.9645 
0.314066 0.314066 0.314066 0.314066 0.314066 0.314066 0.314066 0.314066 0.314066 0.314066 0.314066 0.314066 0.314066 0.314066 0.314066 0.314066 0.314066 0.314066 0.314066 0.314066 0.314066 0.314066 0.314066 0.314066 0.314066 0.314066 
item 8
15 50 20 0 30 5 40 15 5 20 55 35 0 0 20 50 15 20 45 55 5 30 75 65 10 25 
39.9364 39.9364 39.9364 39.9364 39.9364 39.9364 39.9364 39.9364 39.9364 39.9364 39.9364 39.9364 39.9364 39.9364 39.9364 39.9364 39.9364 39.9364 39.9364 39.9364 39.9364 39.9364 39.9364 39.9364 39.9364 39.9364 
0.525432 0.525432 0.525432 0.525432 0.525432 0.525432 0.525432 0.525432 0.525432 0.525432 0.525432 0.525432 0.525432 0.525432 0.525432 0.525432 0.525432 0.525432 0.525432 0.525432 0.525432 0.525432 0.525432 0.525432 0.525432 0.525432 
item 9
25 20 20 15 20 15 35 40 45 5 5 20 35 10 55 10 0 10 10 25 10 15 5 0 15 5 
14.0829 14.0829 14.0829 14.0829 14.0829 14.0829 14.0829 14.0829 14.0829 14.0829 14.0829 14.0829 14.0829 14.0829 14.0829 14.0829 14.0829 14.0829 14.0829 14.0829 14.0829 14.0829 14.0829 14.0829 14.0829 14.0829 
0.586388 0.586388 0.586388 0.586388 0.586388 0.586388 0.586388 0.586388 0.586388 0.586388 0.586388 0.586388 0.586388 0.586388 0.586388 0.586388 0.586388 0.586388 0.586388 0.586388 0.586388 0.586388 0.586388 0.586388 0.586388 0.586388 
item 10
5 25 5 15 20 0 45 5 0 10 10 55 25 5 10 25 5 0 35 20 20 0 20 50 60 65 
17.2789 17.2789 17.2789 17.2789 17.2789 17.2789 17.2789 17.2789 17.2789 17.2789 17.2789 17.2789 17.2789 17.2789 17.2789 17.2789 17.2789 17.2789 17.2789 17.2789 17.2789 17.2789 17.2789 17.2789 17.2789 17.2789 
0.481568 0.481568 0.481568 0.481568 0.481568 0.481568 0.481568 0.481568 0.481568 0.481568 0.481568 0.481568 0.481568 0.481568 0.481568 0.481568 0.481568 0.481568 0.481568 0.481568 0.481568 0.481568 0.481568 0.481568 0.481568 0.481568 
item 11
135 55 30 135 150 35 200 165 30 0 10 35 30 45 30 50 215 85 75 45 70 65 65 210 55 0 
10.7844 10.7844 10.7844 10.7844 10.7844 10.7844 10.7844 10.7844 10.7844 10.7844 10.7844 10.7844 10.7844 10.7844 10.7844 10.7844 10.7844 10.7844 10.7844 10.7844 10.7844 10.7844 10.7844 10.7844 10.7844 10.7844 
0.145504 0.145504 0.145504 0.145504 0.145504 0.145504 0.145504 0.145504 0.145504 0.145504 0.145504 0.145504 0.145504 0.145504 0.145504 0.145504 0.145504 0.145504 0.145504 0.145504 0.145504 0.145504 0.145504 0.145504 0.145504 0.145504 
item 12
30 10 5 35 25 55 10 0 25 50 10 30 60 35 15 0 25 45 35 60 20 0 10 30 0 0 
30.7438 30.7438 30.7438 30.7438 30.7438 30.7438 30.7438 30.7438 30.7438 30.7438 30.7438 30.7438 30.7438 30.7438 30.7438 30.7438 30.7438 30.7438 30.7438 30.7438 30.7438 30.7438 30.7438 30.7438 30.7438 30.7438 
0.545697 0.545697 0.545697 0.545697 0.545697 0.545697 0.545697 0.545697 0.545697 0.545697 0.545697 0.545697 0.545697 0.545697 0.545697 0.545697 0.545697 0.545697 0.545697 0.545697 0.545697 0.545697 0.545697 0.545697 0.545697 0.545697 
item 13
15 20 35 15 15 10 25 30 25 65 60 0 35 60 0 30 0 20 30 25 95 25 5 5 40 25 
26.6015 26.6015 26.6015 26.6015 26.6015 26.6015 26.6015 26.6015 26.6015 26.6015 26.6015 26.6015 26.6015 26.6015 26.6015 26.6015 26.6015 26.6015 26.6015 26.6015 26.6015 26.6015 26.6015 26.6015 26.6015 26.6015 
0.397504 0.397504 0.397504 0.397504 0.397504 0.397504 0.397504 0.397504 0.397504 0.397504 0.397504 0.397504 0.397504 0.397504 0.397504 0.397504 0.397504 0.397504 0.397504 0.397504 0.397504 0.397504 0.397504 0.397504 0.397504 0.397504 
item 14
40 10 5 45 45 10 0 35 15 25 65 30 25 0 10 25 15 0 10 15 5 5 5 30 15 45 
9.73038 9.73038 9.73038 9.73038 9.73038 9.73038 9.73038 9.73038 9.73038 9.73038 9.73038 9.73038 9.73038 9.73038 9.73038 9.73038 9.73038 9.73038 9.73038 9.73038 9.73038 9.73038 9.73038 9.73038 9.73038 9.73038 
0.479474 0.479474 0.479474 0.479474 0.479474 0.479474 0.479474 0.479474 0.479474 0.479474 0.479474 0.479474 0.479474 0.479474 0.479474 0.479474 0.479474 0.479474 0.479474 0.479474 0.479474 0.479474 0.479474 0.479474 0.479474 0.479474 
item 15
5 10 0 5 5 5 5 20 50 5 25 40 30 30 10 50 0 5 25 25 15 10 25 20 45 10 
26.9554 26.9554 26.9554 26.9554 26.9554 26.9554 26.9554 26.9554 26.9554 26.9554 26.9554 26.9554 26.9554 26.9554 26.9554 26.9554 26.9554 26.9554 26.9554 26.9554 26.9554 26.9554 26.9554 26.9554 26.9554 26.9554 
0.49862 0.49862 0.49862 0.49862 0.49862 0.49862 0.49862 0.49862 0.49862 0.49862 0.49862 0.49862 0.49862 0.49862 0.49862 0.49862 0.49862 0.49862 0.49862 0.49862 0.49862 0.49862 0.49862 0.49862 0.49862 0.49862 
item 16
30 55 95 5 35 65 115 55 10 75 115 15 20 75 90 65 85 0 15 95 15 90 5 50 35 0 
46.2916 46.2916 46.2916 46.2916 46.2916 46.2916 46.2916 46.2916 46.2916 46.2916 46.2916 46.2916 46.2916 46.2916 46.2916 46.2916 46.2916 46.2916 46.2916 46.2916 46.2916 46.2916 46.2916 46.2916 46.2916 46.2916 
0.320632 0.320632 0.320632 0.320632 0.320632 0.320632 0.320632 0.320632 0.320632 0.320632 0.320632 0.320632 0.320632 0.320632 0.320632 0.320632 0.320632 0.320632 0.320632 0.320632 0.320632 0.320632 0.320632 0.320632 0.320632 0.320632 
item 17
15 0 5 5 15 0 30 5 50 5 0 90 15 40 40 5 95 100 55 50 35 130 120 30 45 20 
2.12098 2.12098 2.12098 2.12098 2.12098 2.12098 2.12098 2.12098 2.12098 2.12098 2.12098 2.12098 2.12098 2.12098 2.12098 2.12098 2.12098 2.12098 2.12098 2.12098 2.12098 2.12098 2.12098 2.12098 2.12098 2.12098 
0.232926 0.232926 0.232926 0.232926 0.232926 0.232926 0.232926 0.232926 0.232926 0.232926 0.232926 0.232926 0.232926 0.232926 0.232926 0.232926 0.232926 0.232926 0.232926 0.232926 0.232926 0.232926 0.232926 0.232926 0.232926 0.232926 
item 18
20 5 0 0 50 10 0 10 5 20 35 10 10 0 15 25 35 5 35 35 35 30 80 0 35 60 
11.572 11.572 11.572 11.572 11.572 11.572 11.572 11.572 11.572 11.572 11.572 11.572 11.572 11.572 11.572 11.572 11.572 11.572 11.572 11.572 11.572 11.572 11.572 11.572 11.572 11.572 
0.443536 0.443536 0.443536 0.443536 0.443536 0.443536 0.443536 0.443536 0.443536 0.443536 0.443536 0.443536 0.443536 0.443536 0.443536 0.443536 0.443536 0.443536 0.443536 0.443536 0.443536 0.443536 0.443536 0.443536 0.443536 0.443536 
item 19
50 120 60 40 145 5 30 20 0 160 35 270 135 65 160 30 65 75 80 115 0 55 155 175 75 100 
17.9624 17.9624 17.9624 17.9624 17.9624 17.9624 17.9624 17.9624 17.9624 17.9624 17.9624 17.9624 17.9624 17.9624 17.9624 17.9624 17.9624 17.9624 17.9624 17.9624 17.9624 17.9624 17.9624 17.9624 17.9624 17.9624 
0.131162 0.131162 0.131162 0.131162 0.131162 0.131162 0.131162 0.131162 0.131162 0.131162 0.131162 0.131162 0.131162 0.131162 0.131162 0.131162 0.131162 0.131162 0.131162 0.131162 0.131162 0.131162 0.131162 0.131162 0.131162 0.131162 
