26 10
-6.27744e+66 42.374 44.1722 159.255 180.833 202.411 265.347 340.871 378.632 508.101 572.835 770.634 988.212 1074.52 1425.17 2004.18 2166.02 2309.87 3074.09 3203.56 3647.71 3683.67 3834.72 3874.28 4618.72 4618.72 4753.58 
-6.27744e+66 -6.27744e+66 42.374 99.9155 114.301 130.484 180.833 243.769 276.136 389.421 446.963 624.982 822.781 901.9 1225.57 1763.22 1914.27 2049.13 2768.4 2890.68 3311.45 3345.62 3489.47 3527.23 4239.31 4239.31 4368.78 
-6.27744e+66 -6.27744e+66 -6.27744e+66 42.374 49.5667 60.3557 98.1173 148.466 175.439 272.54 322.889 481.128 659.147 731.074 1027.77 1524.07 1664.33 1790.2 2464.51 2579.59 2976.99 3009.36 3146.02 3181.98 3861.69 3861.69 3985.77 
-6.27744e+66 -6.27744e+66 -6.27744e+66 -6.27744e+66 42.374 47.7685 72.9429 110.705 132.283 213.2 256.356 394.816 553.055 617.789 887.515 1342.45 1471.92 1588.8 2218.16 2326.05 2700.07 2730.64 2860.11 2894.27 3541.62 3541.62 3660.3 
-6.27744e+66 -6.27744e+66 -6.27744e+66 -6.27744e+66 -6.27744e+66 42.374 54.9612 80.1356 96.3192 161.053 197.017 315.696 454.155 511.697 754.45 1168.03 1286.71 1394.6 1979.01 2079.7 2430.35 2459.12 2581.39 2613.76 3228.73 3228.73 3342.02 
-6.27744e+66 -6.27744e+66 -6.27744e+66 -6.27744e+66 -6.27744e+66 -6.27744e+66 42.374 54.9612 65.7503 114.301 143.072 241.971 360.65 410.999 626.78 999.001 1106.89 1205.79 1745.24 1838.75 2166.02 2192.99 2308.07 2338.64 2921.25 2921.25 3029.14 
-6.27744e+66 -6.27744e+66 -6.27744e+66 -6.27744e+66 -6.27744e+66 -6.27744e+66 -6.27744e+66 42.374 47.7685 80.1356 101.714 180.833 279.733 322.889 511.697 842.561 939.662 1029.57 1524.07 1610.38 1914.27 1939.45 2047.34 2076.11 2626.35 2626.35 2728.84 
-6.27744e+66 -6.27744e+66 -6.27744e+66 -6.27744e+66 -6.27744e+66 -6.27744e+66 -6.27744e+66 -6.27744e+66 42.374 58.5576 72.9429 132.283 211.402 247.366 409.201 698.707 785.019 865.937 1315.48 1394.6 1675.11 1698.49 1799.19 1826.16 2344.03 2344.03 2441.14 
-6.27744e+66 -6.27744e+66 -6.27744e+66 -6.27744e+66 -6.27744e+66 -6.27744e+66 -6.27744e+66 -6.27744e+66 -6.27744e+66 42.374 49.5667 89.1265 148.466 177.237 312.1 560.248 635.771 707.698 1112.29 1184.21 1441.35 1462.93 1556.43 1581.61 2067.12 2067.12 2158.82 
-6.27744e+66 -6.27744e+66 -6.27744e+66 -6.27744e+66 -6.27744e+66 -6.27744e+66 -6.27744e+66 -6.27744e+66 -6.27744e+66 -6.27744e+66 42.374 62.1539 101.714 123.292 231.182 437.972 502.706 565.642 925.276 990.011 1223.77 1243.55 1329.87 1353.24 1806.38 1806.38 1892.69 
-6.27744e+66 -6.27744e+66 -6.27744e+66 -6.27744e+66 -6.27744e+66 -6.27744e+66 -6.27744e+66 -6.27744e+66 -6.27744e+66 -6.27744e+66 -6.27744e+66 42.374 62.1539 76.5393 157.457 322.889 376.834 430.779 745.459 803.001 1013.39 1031.37 1110.49 1132.07 1552.84 1552.84 1633.76 
-6.27744e+66 -6.27744e+66 -6.27744e+66 -6.27744e+66 -6.27744e+66 -6.27744e+66 -6.27744e+66 -6.27744e+66 -6.27744e+66 -6.27744e+66 -6.27744e+66 -6.27744e+66 42.374 49.5667 103.512 227.586 270.742 315.696 585.422 635.771 822.781 838.964 910.891 930.671 1319.08 1319.08 1394.6 
-6.27744e+66 -6.27744e+66 -6.27744e+66 -6.27744e+66 -6.27744e+66 -6.27744e+66 -6.27744e+66 -6.27744e+66 -6.27744e+66 -6.27744e+66 -6.27744e+66 -6.27744e+66 -6.27744e+66 42.374 69.3466 152.063 184.43 220.393 445.165 488.321 651.954 666.34 731.074 749.056 1105.09 1105.09 1175.22 
-6.27744e+66 -6.27744e+66 -6.27744e+66 -6.27744e+66 -6.27744e+66 -6.27744e+66 -6.27744e+66 -6.27744e+66 -6.27744e+66 -6.27744e+66 -6.27744e+66 -6.27744e+66 -6.27744e+66 -6.27744e+66 42.374 83.732 105.31 132.283 312.1 348.063 488.321 500.908 558.449 574.633 898.304 898.304 963.038 
-6.27744e+66 -6.27744e+66 -6.27744e+66 -6.27744e+66 -6.27744e+66 -6.27744e+66 -6.27744e+66 -6.27744e+66 -6.27744e+66 -6.27744e+66 -6.27744e+66 -6.27744e+66 -6.27744e+66 -6.27744e+66 -6.27744e+66 42.374 53.1631 71.1448 206.008 234.778 351.66 362.449 412.797 427.183 718.487 718.487 777.826 
-6.27744e+66 -6.27744e+66 -6.27744e+66 -6.27744e+66 -6.27744e+66 -6.27744e+66 -6.27744e+66 -6.27744e+66 -6.27744e+66 -6.27744e+66 -6.27744e+66 -6.27744e+66 -6.27744e+66 -6.27744e+66 -6.27744e+66 -6.27744e+66 42.374 51.3649 141.273 162.852 256.356 265.347 308.503 321.091 580.027 580.027 633.973 
-6.27744e+66 -6.27744e+66 -6.27744e+66 -6.27744e+66 -6.27744e+66 -6.27744e+66 -6.27744e+66 -6.27744e+66 -6.27744e+66 -6.27744e+66 -6.27744e+66 -6.27744e+66 -6.27744e+66 -6.27744e+66 -6.27744e+66 -6.27744e+66 -6.27744e+66 42.374 87.3283 101.714 171.842 179.035 214.999 225.788 452.357 452.357 500.908 
-6.27744e+66 -6.27744e+66 -6.27744e+66 -6.27744e+66 -6.27744e+66 -6.27744e+66 -6.27744e+66 -6.27744e+66 -6.27744e+66 -6.27744e+66 -6.27744e+66 -6.27744e+66 -6.27744e+66 -6.27744e+66 -6.27744e+66 -6.27744e+66 -6.27744e+66 -6.27744e+66 42.374 49.5667 96.3192 101.714 130.484 139.475 333.678 333.678 376.834 
-6.27744e+66 -6.27744e+66 -6.27744e+66 -6.27744e+66 -6.27744e+66 -6.27744e+66 -6.27744e+66 -6.27744e+66 -6.27744e+66 -6.27744e+66 -6.27744e+66 -6.27744e+66 -6.27744e+66 -6.27744e+66 -6.27744e+66 -6.27744e+66 -6.27744e+66 -6.27744e+66 -6.27744e+66 42.374 65.7503 69.3466 90.9247 98.1173 259.953 259.953 297.714 
-6.27744e+66 -6.27744e+66 -6.27744e+66 -6.27744e+66 -6.27744e+66 -6.27744e+66 -6.27744e+66 -6.27744e+66 -6.27744e+66 -6.27744e+66 -6.27744e+66 -6.27744e+66 -6.27744e+66 -6.27744e+66 -6.27744e+66 -6.27744e+66 -6.27744e+66 -6.27744e+66 -6.27744e+66 -6.27744e+66 42.374 44.1722 58.5576 63.9521 193.42 193.42 225.788 
-6.27744e+66 -6.27744e+66 -6.27744e+66 -6.27744e+66 -6.27744e+66 -6.27744e+66 -6.27744e+66 -6.27744e+66 -6.27744e+66 -6.27744e+66 -6.27744e+66 -6.27744e+66 -6.27744e+66 -6.27744e+66 -6.27744e+66 -6.27744e+66 -6.27744e+66 -6.27744e+66 -6.27744e+66 -6.27744e+66 -6.27744e+66 42.374 49.5667 53.1631 150.264 150.264 177.237 
-6.27744e+66 -6.27744e+66 -6.27744e+66 -6.27744e+66 -6.27744e+66 -6.27744e+66 -6.27744e+66 -6.27744e+66 -6.27744e+66 -6.27744e+66 -6.27744e+66 -6.27744e+66 -6.27744e+66 -6.27744e+66 -6.27744e+66 -6.27744e+66 -6.27744e+66 -6.27744e+66 -6.27744e+66 -6.27744e+66 -6.27744e+66 -6.27744e+66 42.374 44.1722 108.906 108.906 130.484 
-6.27744e+66 -6.27744e+66 -6.27744e+66 -6.27744e+66 -6.27744e+66 -6.27744e+66 -6.27744e+66 -6.27744e+66 -6.27744e+66 -6.27744e+66 -6.27744e+66 -6.27744e+66 -6.27744e+66 -6.27744e+66 -6.27744e+66 -6.27744e+66 -6.27744e+66 -6.27744e+66 -6.27744e+66 -6.27744e+66 -6.27744e+66 -6.27744e+66 -6.27744e+66 42.374 74.7411 74.7411 90.9247 
-6.27744e+66 -6.27744e+66 -6.27744e+66 -6.27744e+66 -6.27744e+66 -6.27744e+66 -6.27744e+66 -6.27744e+66 -6.27744e+66 -6.27744e+66 -6.27744e+66 -6.27744e+66 -6.27744e+66 -6.27744e+66 -6.27744e+66 -6.27744e+66 -6.27744e+66 -6.27744e+66 -6.27744e+66 -6.27744e+66 -6.27744e+66 -6.27744e+66 -6.27744e+66 -6.27744e+66 42.374 42.374 53.1631 
-6.27744e+66 -6.27744e+66 -6.27744e+66 -6.27744e+66 -6.27744e+66 -6.27744e+66 -6.27744e+66 -6.27744e+66 -6.27744e+66 -6.27744e+66 -6.27744e+66 -6.27744e+66 -6.27744e+66 -6.27744e+66 -6.27744e+66 -6.27744e+66 -6.27744e+66 -6.27744e+66 -6.27744e+66 -6.27744e+66 -6.27744e+66 -6.27744e+66 -6.27744e+66 -6.27744e+66 -6.27744e+66 42.374 47.7685 
-6.27744e+66 -6.27744e+66 -6.27744e+66 -6.27744e+66 -6.27744e+66 -6.27744e+66 -6.27744e+66 -6.27744e+66 -6.27744e+66 -6.27744e+66 -6.27744e+66 -6.27744e+66 -6.27744e+66 -6.27744e+66 -6.27744e+66 -6.27744e+66 -6.27744e+66 -6.27744e+66 -6.27744e+66 -6.27744e+66 -6.27744e+66 -6.27744e+66 -6.27744e+66 -6.27744e+66 -6.27744e+66 -6.27744e+66 42.374 
-6.27744e+66 -6.27744e+66 -6.27744e+66 -6.27744e+66 -6.27744e+66 -6.27744e+66 -6.27744e+66 -6.27744e+66 -6.27744e+66 -6.27744e+66 -6.27744e+66 -6.27744e+66 -6.27744e+66 -6.27744e+66 -6.27744e+66 -6.27744e+66 -6.27744e+66 -6.27744e+66 -6.27744e+66 -6.27744e+66 -6.27744e+66 -6.27744e+66 -6.27744e+66 -6.27744e+66 -6.27744e+66 -6.27744e+66 -6.27744e+66 
-6.27744e+66 19.0417 33.617 45.7632 118.64 371.28 401.645 540.111 769.673 798.824 809.755 821.901 1049.03 1238.51 1285.88 1949.06 2094.82 3163.68 3163.68 3579.07 3671.38 3792.85 4098.93 4179.09 5156.86 5390.06 5481.16 
-6.27744e+66 -6.27744e+66 19.0417 25.1147 73.6993 263.179 287.471 402.86 599.627 625.134 634.851 645.782 852.267 1025.96 1069.68 1685.49 1821.53 2823.58 2823.58 3215.9 3303.36 3418.75 3710.25 3786.77 4722.03 4945.51 5032.97 
-6.27744e+66 -6.27744e+66 -6.27744e+66 19.0417 43.3339 169.654 187.873 280.184 444.156 466.019 474.522 484.239 670.075 827.974 868.057 1436.5 1562.82 2498.07 2498.07 2867.31 2949.9 3059.22 3336.15 3409.03 4301.77 4515.54 4599.35 
-6.27744e+66 -6.27744e+66 -6.27744e+66 -6.27744e+66 19.0417 82.2016 94.3477 163.581 294.759 312.978 320.266 328.768 493.956 636.065 672.504 1193.57 1310.18 2178.62 2178.62 2524.79 2602.52 2705.77 2968.12 3037.36 3887.59 4091.64 4171.81 
-6.27744e+66 -6.27744e+66 -6.27744e+66 -6.27744e+66 -6.27744e+66 19.0417 25.1147 71.2701 169.654 184.229 190.302 197.59 342.129 468.449 501.243 974.943 1081.83 1883.47 1883.47 2206.56 2279.44 2376.61 2624.39 2689.98 3497.69 3692.03 3768.55 
-6.27744e+66 -6.27744e+66 -6.27744e+66 -6.27744e+66 -6.27744e+66 -6.27744e+66 19.0417 42.1193 107.708 118.64 123.498 129.572 253.462 363.992 393.143 819.472 916.641 1651.48 1651.48 1951.49 2019.51 2110.61 2343.81 2405.76 3170.96 3355.59 3428.46 
-6.27744e+66 -6.27744e+66 -6.27744e+66 -6.27744e+66 -6.27744e+66 -6.27744e+66 -6.27744e+66 19.0417 51.8362 59.1239 62.7678 67.6262 170.868 265.608 291.115 670.075 757.527 1425.56 1425.56 1702.5 1765.66 1850.68 2069.31 2127.61 2850.31 3025.21 3094.44 
-6.27744e+66 -6.27744e+66 -6.27744e+66 -6.27744e+66 -6.27744e+66 -6.27744e+66 -6.27744e+66 -6.27744e+66 19.0417 22.6855 25.1147 28.7586 111.352 190.302 212.165 543.755 621.49 1222.72 1222.72 1476.58 1534.88 1613.83 1817.88 1872.54 2552.73 2717.91 2783.5 
-6.27744e+66 -6.27744e+66 -6.27744e+66 -6.27744e+66 -6.27744e+66 -6.27744e+66 -6.27744e+66 -6.27744e+66 -6.27744e+66 19.0417 20.2563 22.6855 84.6308 147.791 166.01 450.229 518.248 1052.68 1052.68 1283.45 1336.9 1409.77 1599.25 1650.27 2287.94 2443.41 2505.36 
-6.27744e+66 -6.27744e+66 -6.27744e+66 -6.27744e+66 -6.27744e+66 -6.27744e+66 -6.27744e+66 -6.27744e+66 -6.27744e+66 -6.27744e+66 19.0417 20.2563 61.5532 108.923 123.498 360.348 418.65 886.276 886.276 1093.97 1142.56 1209.36 1384.27 1431.64 2026.8 2172.55 2230.85 
-6.27744e+66 -6.27744e+66 -6.27744e+66 -6.27744e+66 -6.27744e+66 -6.27744e+66 -6.27744e+66 -6.27744e+66 -6.27744e+66 -6.27744e+66 -6.27744e+66 19.0417 39.6901 71.2701 82.2016 271.681 320.266 721.088 721.088 905.71 949.436 1010.17 1170.5 1214.22 1766.87 1902.91 1957.56 
-6.27744e+66 -6.27744e+66 -6.27744e+66 -6.27744e+66 -6.27744e+66 -6.27744e+66 -6.27744e+66 -6.27744e+66 -6.27744e+66 -6.27744e+66 -6.27744e+66 -6.27744e+66 19.0417 34.8317 42.1193 184.229 223.097 557.115 557.115 718.659 757.527 812.184 957.938 998.02 1508.16 1634.48 1685.49 
-6.27744e+66 -6.27744e+66 -6.27744e+66 -6.27744e+66 -6.27744e+66 -6.27744e+66 -6.27744e+66 -6.27744e+66 -6.27744e+66 -6.27744e+66 -6.27744e+66 -6.27744e+66 -6.27744e+66 19.0417 22.6855 117.425 146.576 413.791 413.791 552.257 586.266 634.851 766.029 802.467 1270.09 1386.7 1434.07 
-6.27744e+66 -6.27744e+66 -6.27744e+66 -6.27744e+66 -6.27744e+66 -6.27744e+66 -6.27744e+66 -6.27744e+66 -6.27744e+66 -6.27744e+66 -6.27744e+66 -6.27744e+66 -6.27744e+66 -6.27744e+66 19.0417 66.4116 85.8454 286.257 286.257 401.645 430.796 473.307 589.91 622.705 1047.82 1154.71 1198.43 
-6.27744e+66 -6.27744e+66 -6.27744e+66 -6.27744e+66 -6.27744e+66 -6.27744e+66 -6.27744e+66 -6.27744e+66 -6.27744e+66 -6.27744e+66 -6.27744e+66 -6.27744e+66 -6.27744e+66 -6.27744e+66 -6.27744e+66 19.0417 28.7586 162.366 162.366 254.677 278.969 315.407 417.435 446.586 829.189 926.358 966.44 
-6.27744e+66 -6.27744e+66 -6.27744e+66 -6.27744e+66 -6.27744e+66 -6.27744e+66 -6.27744e+66 -6.27744e+66 -6.27744e+66 -6.27744e+66 -6.27744e+66 -6.27744e+66 -6.27744e+66 -6.27744e+66 -6.27744e+66 -6.27744e+66 19.0417 85.8454 85.8454 155.078 174.512 204.878 292.33 317.837 657.928 745.381 781.819 
-6.27744e+66 -6.27744e+66 -6.27744e+66 -6.27744e+66 -6.27744e+66 -6.27744e+66 -6.27744e+66 -6.27744e+66 -6.27744e+66 -6.27744e+66 -6.27744e+66 -6.27744e+66 -6.27744e+66 -6.27744e+66 -6.27744e+66 -6.27744e+66 -6.27744e+66 19.0417 19.0417 65.197 79.7724 104.065 176.941 198.804 496.385 574.12 606.915 
-6.27744e+66 -6.27744e+66 -6.27744e+66 -6.27744e+66 -6.27744e+66 -6.27744e+66 -6.27744e+66 -6.27744e+66 -6.27744e+66 -6.27744e+66 -6.27744e+66 -6.27744e+66 -6.27744e+66 -6.27744e+66 -6.27744e+66 -6.27744e+66 -6.27744e+66 -6.27744e+66 19.0417 42.1193 51.8362 70.0554 128.357 146.576 401.645 469.663 498.814 
-6.27744e+66 -6.27744e+66 -6.27744e+66 -6.27744e+66 -6.27744e+66 -6.27744e+66 -6.27744e+66 -6.27744e+66 -6.27744e+66 -6.27744e+66 -6.27744e+66 -6.27744e+66 -6.27744e+66 -6.27744e+66 -6.27744e+66 -6.27744e+66 -6.27744e+66 -6.27744e+66 -6.27744e+66 19.0417 23.9001 36.0463 79.7724 94.3477 306.905 365.207 390.713 
-6.27744e+66 -6.27744e+66 -6.27744e+66 -6.27744e+66 -6.27744e+66 -6.27744e+66 -6.27744e+66 -6.27744e+66 -6.27744e+66 -6.27744e+66 -6.27744e+66 -6.27744e+66 -6.27744e+66 -6.27744e+66 -6.27744e+66 -6.27744e+66 -6.27744e+66 -6.27744e+66 -6.27744e+66 -6.27744e+66 19.0417 25.1147 54.2655 65.197 235.243 283.827 305.69 
-6.27744e+66 -6.27744e+66 -6.27744e+66 -6.27744e+66 -6.27744e+66 -6.27744e+66 -6.27744e+66 -6.27744e+66 -6.27744e+66 -6.27744e+66 -6.27744e+66 -6.27744e+66 -6.27744e+66 -6.27744e+66 -6.27744e+66 -6.27744e+66 -6.27744e+66 -6.27744e+66 -6.27744e+66 -6.27744e+66 -6.27744e+66 19.0417 33.617 40.9047 168.439 207.307 225.526 
-6.27744e+66 -6.27744e+66 -6.27744e+66 -6.27744e+66 -6.27744e+66 -6.27744e+66 -6.27744e+66 -6.27744e+66 -6.27744e+66 -6.27744e+66 -6.27744e+66 -6.27744e+66 -6.27744e+66 -6.27744e+66 -6.27744e+66 -6.27744e+66 -6.27744e+66 -6.27744e+66 -6.27744e+66 -6.27744e+66 -6.27744e+66 -6.27744e+66 19.0417 22.6855 107.708 136.859 151.435 
-6.27744e+66 -6.27744e+66 -6.27744e+66 -6.27744e+66 -6.27744e+66 -6.27744e+66 -6.27744e+66 -6.27744e+66 -6.27744e+66 -6.27744e+66 -6.27744e+66 -6.27744e+66 -6.27744e+66 -6.27744e+66 -6.27744e+66 -6.27744e+66 -6.27744e+66 -6.27744e+66 -6.27744e+66 -6.27744e+66 -6.27744e+66 -6.27744e+66 -6.27744e+66 19.0417 61.5532 80.987 91.9185 
-6.27744e+66 -6.27744e+66 -6.27744e+66 -6.27744e+66 -6.27744e+66 -6.27744e+66 -6.27744e+66 -6.27744e+66 -6.27744e+66 -6.27744e+66 -6.27744e+66 -6.27744e+66 -6.27744e+66 -6.27744e+66 -6.27744e+66 -6.27744e+66 -6.27744e+66 -6.27744e+66 -6.27744e+66 -6.27744e+66 -6.27744e+66 -6.27744e+66 -6.27744e+66 -6.27744e+66 19.0417 28.7586 36.0463 
-6.27744e+66 -6.27744e+66 -6.27744e+66 -6.27744e+66 -6.27744e+66 -6.27744e+66 -6.27744e+66 -6.27744e+66 -6.27744e+66 -6.27744e+66 -6.27744e+66 -6.27744e+66 -6.27744e+66 -6.27744e+66 -6.27744e+66 -6.27744e+66 -6.27744e+66 -6.27744e+66 -6.27744e+66 -6.27744e+66 -6.27744e+66 -6.27744e+66 -6.27744e+66 -6.27744e+66 -6.27744e+66 19.0417 22.6855 
-6.27744e+66 -6.27744e+66 -6.27744e+66 -6.27744e+66 -6.27744e+66 -6.27744e+66 -6.27744e+66 -6.27744e+66 -6.27744e+66 -6.27744e+66 -6.27744e+66 -6.27744e+66 -6.27744e+66 -6.27744e+66 -6.27744e+66 -6.27744e+66 -6.27744e+66 -6.27744e+66 -6.27744e+66 -6.27744e+66 -6.27744e+66 -6.27744e+66 -6.27744e+66 -6.27744e+66 -6.27744e+66 -6.27744e+66 19.0417 
-6.27744e+66 -6.27744e+66 -6.27744e+66 -6.27744e+66 -6.27744e+66 -6.27744e+66 -6.27744e+66 -6.27744e+66 -6.27744e+66 -6.27744e+66 -6.27744e+66 -6.27744e+66 -6.27744e+66 -6.27744e+66 -6.27744e+66 -6.27744e+66 -6.27744e+66 -6.27744e+66 -6.27744e+66 -6.27744e+66 -6.27744e+66 -6.27744e+66 -6.27744e+66 -6.27744e+66 -6.27744e+66 -6.27744e+66 -6.27744e+66 
-6.27744e+66 5.51443 16.0201 16.0201 21.2729 147.341 313.68 502.782 649.861 817.951 1085.84 1260.94 1761.71 1992.83 2516.36 2859.55 2859.55 2999.62 3356.81 3388.33 3854.08 4379.36 4857.37 4857.37 4937.91 5484.21 6053.26 
-6.27744e+66 -6.27744e+66 5.51443 5.51443 9.01631 103.567 236.639 394.223 520.291 667.37 905.498 1063.08 1518.33 1730.19 2213.45 2532.12 2532.12 2663.44 2999.62 3029.39 3470.63 3969.64 4424.89 4424.89 4501.93 5025.46 5571.75 
-6.27744e+66 -6.27744e+66 -6.27744e+66 5.51443 7.26537 70.2992 170.103 296.171 401.227 527.295 735.657 875.732 1285.45 1478.06 1921.04 2215.2 2215.2 2337.77 2652.94 2680.95 3097.68 3570.43 4002.91 4002.91 4076.45 4577.22 5100.75 
-6.27744e+66 -6.27744e+66 -6.27744e+66 -6.27744e+66 5.51443 37.0314 103.567 198.118 282.163 387.219 565.815 688.381 1052.58 1225.92 1628.64 1898.28 1898.28 2012.09 2306.25 2332.51 2724.73 3171.22 3580.94 3580.94 3650.97 4128.98 4629.75 
-6.27744e+66 -6.27744e+66 -6.27744e+66 -6.27744e+66 -6.27744e+66 5.51443 38.7823 101.816 164.85 248.895 397.725 502.782 821.453 975.536 1337.98 1583.11 1583.11 1688.17 1961.32 1985.83 2353.53 2773.75 3160.71 3160.71 3227.25 3682.49 4160.5 
-6.27744e+66 -6.27744e+66 -6.27744e+66 -6.27744e+66 -6.27744e+66 -6.27744e+66 5.51443 37.0314 79.0539 142.088 261.152 348.699 621.846 756.668 1078.84 1299.46 1299.46 1395.76 1647.9 1670.66 2013.84 2407.8 2772 2772 2835.03 3267.52 3722.76 
-6.27744e+66 -6.27744e+66 -6.27744e+66 -6.27744e+66 -6.27744e+66 -6.27744e+66 -6.27744e+66 5.51443 26.5257 68.5483 157.846 227.884 455.506 571.068 852.97 1049.08 1049.08 1136.62 1367.75 1388.76 1707.43 2075.13 2416.56 2416.56 2476.09 2885.81 3318.29 
-6.27744e+66 -6.27744e+66 -6.27744e+66 -6.27744e+66 -6.27744e+66 -6.27744e+66 -6.27744e+66 -6.27744e+66 5.51443 26.5257 86.0577 138.586 320.684 416.985 658.615 830.207 830.207 909 1119.11 1138.37 1432.53 1773.96 2092.64 2092.64 2148.67 2535.62 2945.34 
-6.27744e+66 -6.27744e+66 -6.27744e+66 -6.27744e+66 -6.27744e+66 -6.27744e+66 -6.27744e+66 -6.27744e+66 -6.27744e+66 5.51443 35.2804 70.2992 206.873 283.914 485.272 632.351 632.351 702.389 891.49 909 1178.64 1493.81 1789.72 1789.72 1842.25 2206.45 2593.4 
-6.27744e+66 -6.27744e+66 -6.27744e+66 -6.27744e+66 -6.27744e+66 -6.27744e+66 -6.27744e+66 -6.27744e+66 -6.27744e+66 -6.27744e+66 5.51443 23.0238 114.073 171.854 332.94 455.506 455.506 516.789 684.879 700.638 945.77 1234.67 1507.82 1507.82 1556.85 1898.28 2262.48 
-6.27744e+66 -6.27744e+66 -6.27744e+66 -6.27744e+66 -6.27744e+66 -6.27744e+66 -6.27744e+66 -6.27744e+66 -6.27744e+66 -6.27744e+66 -6.27744e+66 5.51443 51.0389 89.5596 210.374 308.427 308.427 360.955 508.034 522.042 742.66 1005.3 1255.69 1255.69 1301.21 1619.88 1961.32 
-6.27744e+66 -6.27744e+66 -6.27744e+66 -6.27744e+66 -6.27744e+66 -6.27744e+66 -6.27744e+66 -6.27744e+66 -6.27744e+66 -6.27744e+66 -6.27744e+66 -6.27744e+66 5.51443 24.7748 105.318 178.858 178.858 222.631 348.699 360.955 557.061 793.438 1021.06 1021.06 1063.08 1358.99 1677.66 
-6.27744e+66 -6.27744e+66 -6.27744e+66 -6.27744e+66 -6.27744e+66 -6.27744e+66 -6.27744e+66 -6.27744e+66 -6.27744e+66 -6.27744e+66 -6.27744e+66 -6.27744e+66 -6.27744e+66 5.51443 45.7861 94.8124 94.8124 129.831 234.888 245.393 416.985 627.098 831.958 831.958 870.479 1143.63 1439.53 
-6.27744e+66 -6.27744e+66 -6.27744e+66 -6.27744e+66 -6.27744e+66 -6.27744e+66 -6.27744e+66 -6.27744e+66 -6.27744e+66 -6.27744e+66 -6.27744e+66 -6.27744e+66 -6.27744e+66 -6.27744e+66 5.51443 30.0276 30.0276 56.2917 140.337 149.092 296.171 480.019 662.117 662.117 697.136 947.52 1220.67 
-6.27744e+66 -6.27744e+66 -6.27744e+66 -6.27744e+66 -6.27744e+66 -6.27744e+66 -6.27744e+66 -6.27744e+66 -6.27744e+66 -6.27744e+66 -6.27744e+66 -6.27744e+66 -6.27744e+66 -6.27744e+66 -6.27744e+66 5.51443 5.51443 23.0238 86.0577 93.0615 215.627 373.212 532.548 532.548 564.064 791.687 1042.07 
-6.27744e+66 -6.27744e+66 -6.27744e+66 -6.27744e+66 -6.27744e+66 -6.27744e+66 -6.27744e+66 -6.27744e+66 -6.27744e+66 -6.27744e+66 -6.27744e+66 -6.27744e+66 -6.27744e+66 -6.27744e+66 -6.27744e+66 -6.27744e+66 5.51443 14.2691 56.2917 61.5445 159.597 290.918 427.491 427.491 455.506 660.366 887.988 
-6.27744e+66 -6.27744e+66 -6.27744e+66 -6.27744e+66 -6.27744e+66 -6.27744e+66 -6.27744e+66 -6.27744e+66 -6.27744e+66 -6.27744e+66 -6.27744e+66 -6.27744e+66 -6.27744e+66 -6.27744e+66 -6.27744e+66 -6.27744e+66 -6.27744e+66 5.51443 26.5257 30.0276 103.567 208.624 322.435 322.435 346.948 529.046 733.906 
-6.27744e+66 -6.27744e+66 -6.27744e+66 -6.27744e+66 -6.27744e+66 -6.27744e+66 -6.27744e+66 -6.27744e+66 -6.27744e+66 -6.27744e+66 -6.27744e+66 -6.27744e+66 -6.27744e+66 -6.27744e+66 -6.27744e+66 -6.27744e+66 -6.27744e+66 -6.27744e+66 5.51443 7.26537 56.2917 135.084 226.133 226.133 247.144 406.48 588.578 
-6.27744e+66 -6.27744e+66 -6.27744e+66 -6.27744e+66 -6.27744e+66 -6.27744e+66 -6.27744e+66 -6.27744e+66 -6.27744e+66 -6.27744e+66 -6.27744e+66 -6.27744e+66 -6.27744e+66 -6.27744e+66 -6.27744e+66 -6.27744e+66 -6.27744e+66 -6.27744e+66 -6.27744e+66 5.51443 30.0276 82.5558 150.842 150.842 168.352 304.925 464.261 
-6.27744e+66 -6.27744e+66 -6.27744e+66 -6.27744e+66 -6.27744e+66 -6.27744e+66 -6.27744e+66 -6.27744e+66 -6.27744e+66 -6.27744e+66 -6.27744e+66 -6.27744e+66 -6.27744e+66 -6.27744e+66 -6.27744e+66 -6.27744e+66 -6.27744e+66 -6.27744e+66 -6.27744e+66 -6.27744e+66 5.51443 31.7785 77.303 77.303 91.3105 205.122 341.695 
-6.27744e+66 -6.27744e+66 -6.27744e+66 -6.27744e+66 -6.27744e+66 -6.27744e+66 -6.27744e+66 -6.27744e+66 -6.27744e+66 -6.27744e+66 -6.27744e+66 -6.27744e+66 -6.27744e+66 -6.27744e+66 -6.27744e+66 -6.27744e+66 -6.27744e+66 -6.27744e+66 -6.27744e+66 -6.27744e+66 -6.27744e+66 5.51443 28.2767 28.2767 38.7823 129.831 243.642 
-6.27744e+66 -6.27744e+66 -6.27744e+66 -6.27744e+66 -6.27744e+66 -6.27744e+66 -6.27744e+66 -6.27744e+66 -6.27744e+66 -6.27744e+66 -6.27744e+66 -6.27744e+66 -6.27744e+66 -6.27744e+66 -6.27744e+66 -6.27744e+66 -6.27744e+66 -6.27744e+66 -6.27744e+66 -6.27744e+66 -6.27744e+66 -6.27744e+66 5.51443 5.51443 12.5182 80.8049 171.854 
-6.27744e+66 -6.27744e+66 -6.27744e+66 -6.27744e+66 -6.27744e+66 -6.27744e+66 -6.27744e+66 -6.27744e+66 -6.27744e+66 -6.27744e+66 -6.27744e+66 -6.27744e+66 -6.27744e+66 -6.27744e+66 -6.27744e+66 -6.27744e+66 -6.27744e+66 -6.27744e+66 -6.27744e+66 -6.27744e+66 -6.27744e+66 -6.27744e+66 -6.27744e+66 5.51443 9.01631 54.5408 122.827 
-6.27744e+66 -6.27744e+66 -6.27744e+66 -6.27744e+66 -6.27744e+66 -6.27744e+66 -6.27744e+66 -6.27744e+66 -6.27744e+66 -6.27744e+66 -6.27744e+66 -6.27744e+66 -6.27744e+66 -6.27744e+66 -6.27744e+66 -6.27744e+66 -6.27744e+66 -6.27744e+66 -6.27744e+66 -6.27744e+66 -6.27744e+66 -6.27744e+66 -6.27744e+66 -6.27744e+66 5.51443 28.2767 73.8011 
-6.27744e+66 -6.27744e+66 -6.27744e+66 -6.27744e+66 -6.27744e+66 -6.27744e+66 -6.27744e+66 -6.27744e+66 -6.27744e+66 -6.27744e+66 -6.27744e+66 -6.27744e+66 -6.27744e+66 -6.27744e+66 -6.27744e+66 -6.27744e+66 -6.27744e+66 -6.27744e+66 -6.27744e+66 -6.27744e+66 -6.27744e+66 -6.27744e+66 -6.27744e+66 -6.27744e+66 -6.27744e+66 5.51443 28.2767 
-6.27744e+66 -6.27744e+66 -6.27744e+66 -6.27744e+66 -6.27744e+66 -6.27744e+66 -6.27744e+66 -6.27744e+66 -6.27744e+66 -6.27744e+66 -6.27744e+66 -6.27744e+66 -6.27744e+66 -6.27744e+66 -6.27744e+66 -6.27744e+66 -6.27744e+66 -6.27744e+66 -6.27744e+66 -6.27744e+66 -6.27744e+66 -6.27744e+66 -6.27744e+66 -6.27744e+66 -6.27744e+66 -6.27744e+66 5.51443 
-6.27744e+66 -6.27744e+66 -6.27744e+66 -6.27744e+66 -6.27744e+66 -6.27744e+66 -6.27744e+66 -6.27744e+66 -6.27744e+66 -6.27744e+66 -6.27744e+66 -6.27744e+66 -6.27744e+66 -6.27744e+66 -6.27744e+66 -6.27744e+66 -6.27744e+66 -6.27744e+66 -6.27744e+66 -6.27744e+66 -6.27744e+66 -6.27744e+66 -6.27744e+66 -6.27744e+66 -6.27744e+66 -6.27744e+66 -6.27744e+66 
-6.27744e+66 93.4928 107.826 152.871 238.868 492.763 677.041 738.468 738.468 820.369 1225.78 1287.21 1647.57 1795 1795 1909.66 2001.8 2263.88 2507.54 3023.52 3723.78 4133.29 4735.26 5095.63 6272.97 6322.11 6373.29 
-6.27744e+66 -6.27744e+66 93.4928 116.016 173.347 363.768 511.191 562.379 562.379 634.043 994.41 1049.69 1377.3 1512.44 1512.44 1618.91 1704.91 1950.61 2179.93 2667.25 3330.65 3719.68 4293 4636.98 5763.13 5810.22 5859.36 
-6.27744e+66 -6.27744e+66 -6.27744e+66 93.4928 122.158 249.106 359.673 400.624 400.624 462.05 777.371 826.512 1121.36 1244.21 1244.21 1342.49 1422.35 1651.67 1866.66 2325.31 2951.86 3320.41 3865.06 4192.67 5267.62 5312.67 5359.76 
-6.27744e+66 -6.27744e+66 -6.27744e+66 -6.27744e+66 93.4928 156.967 230.678 261.391 261.391 312.58 582.855 625.853 887.938 998.505 998.505 1088.6 1162.31 1375.25 1575.91 2005.89 2595.59 2943.67 3459.65 3770.87 4794.64 4837.64 4882.69 
-6.27744e+66 -6.27744e+66 -6.27744e+66 -6.27744e+66 -6.27744e+66 93.4928 130.349 150.824 150.824 191.775 417.004 453.86 683.184 781.466 781.466 863.367 930.936 1127.5 1313.83 1715.14 2267.98 2595.59 3082.9 3377.75 4350.33 4391.28 4434.28 
-6.27744e+66 -6.27744e+66 -6.27744e+66 -6.27744e+66 -6.27744e+66 -6.27744e+66 93.4928 103.731 103.731 134.444 314.627 345.34 541.904 627.9 627.9 701.612 763.038 943.221 1115.21 1487.87 2003.85 2310.98 2769.63 3048.09 3969.48 4008.39 4049.34 
-6.27744e+66 -6.27744e+66 -6.27744e+66 -6.27744e+66 -6.27744e+66 -6.27744e+66 -6.27744e+66 93.4928 93.4928 113.968 249.106 273.676 437.479 511.191 511.191 576.712 631.996 795.799 953.459 1297.45 1776.57 2063.23 2493.21 2755.29 3625.5 3662.35 3701.26 
-6.27744e+66 -6.27744e+66 -6.27744e+66 -6.27744e+66 -6.27744e+66 -6.27744e+66 -6.27744e+66 -6.27744e+66 93.4928 103.731 193.822 212.25 343.293 404.719 404.719 462.05 511.191 658.614 801.941 1117.26 1559.53 1825.71 2227.03 2472.73 3291.75 3326.56 3363.41 
-6.27744e+66 -6.27744e+66 -6.27744e+66 -6.27744e+66 -6.27744e+66 -6.27744e+66 -6.27744e+66 -6.27744e+66 -6.27744e+66 93.4928 138.539 150.824 249.106 298.247 298.247 347.388 390.386 521.428 650.423 937.079 1342.49 1588.2 1960.85 2190.17 2958 2990.76 3025.57 
-6.27744e+66 -6.27744e+66 -6.27744e+66 -6.27744e+66 -6.27744e+66 -6.27744e+66 -6.27744e+66 -6.27744e+66 -6.27744e+66 -6.27744e+66 93.4928 99.6355 165.157 202.012 202.012 242.963 279.819 394.481 509.143 767.133 1135.69 1360.92 1704.91 1917.85 2634.49 2665.2 2697.96 
-6.27744e+66 -6.27744e+66 -6.27744e+66 -6.27744e+66 -6.27744e+66 -6.27744e+66 -6.27744e+66 -6.27744e+66 -6.27744e+66 -6.27744e+66 -6.27744e+66 93.4928 126.253 150.824 150.824 183.585 214.298 312.58 412.909 642.233 973.935 1178.69 1494.01 1690.57 2356.02 2384.69 2415.4 
-6.27744e+66 -6.27744e+66 -6.27744e+66 -6.27744e+66 -6.27744e+66 -6.27744e+66 -6.27744e+66 -6.27744e+66 -6.27744e+66 -6.27744e+66 -6.27744e+66 -6.27744e+66 93.4928 105.778 105.778 130.349 154.919 236.821 322.817 523.476 818.322 1002.6 1289.26 1469.44 2083.7 2110.32 2138.98 
-6.27744e+66 -6.27744e+66 -6.27744e+66 -6.27744e+66 -6.27744e+66 -6.27744e+66 -6.27744e+66 -6.27744e+66 -6.27744e+66 -6.27744e+66 -6.27744e+66 -6.27744e+66 -6.27744e+66 93.4928 93.4928 109.873 128.301 193.822 265.486 437.479 695.469 859.272 1117.26 1281.07 1844.14 1868.71 1895.33 
-6.27744e+66 -6.27744e+66 -6.27744e+66 -6.27744e+66 -6.27744e+66 -6.27744e+66 -6.27744e+66 -6.27744e+66 -6.27744e+66 -6.27744e+66 -6.27744e+66 -6.27744e+66 -6.27744e+66 -6.27744e+66 93.4928 101.683 113.968 163.109 220.44 363.768 584.902 728.23 957.554 1104.98 1616.86 1639.38 1663.96 
-6.27744e+66 -6.27744e+66 -6.27744e+66 -6.27744e+66 -6.27744e+66 -6.27744e+66 -6.27744e+66 -6.27744e+66 -6.27744e+66 -6.27744e+66 -6.27744e+66 -6.27744e+66 -6.27744e+66 -6.27744e+66 -6.27744e+66 93.4928 99.6355 132.396 175.394 290.057 474.335 597.187 797.846 928.889 1389.58 1410.06 1432.58 
-6.27744e+66 -6.27744e+66 -6.27744e+66 -6.27744e+66 -6.27744e+66 -6.27744e+66 -6.27744e+66 -6.27744e+66 -6.27744e+66 -6.27744e+66 -6.27744e+66 -6.27744e+66 -6.27744e+66 -6.27744e+66 -6.27744e+66 -6.27744e+66 93.4928 109.873 138.539 224.535 371.958 474.335 646.328 760.991 1170.5 1188.93 1209.4 
-6.27744e+66 -6.27744e+66 -6.27744e+66 -6.27744e+66 -6.27744e+66 -6.27744e+66 -6.27744e+66 -6.27744e+66 -6.27744e+66 -6.27744e+66 -6.27744e+66 -6.27744e+66 -6.27744e+66 -6.27744e+66 -6.27744e+66 -6.27744e+66 -6.27744e+66 93.4928 107.826 165.157 275.724 357.625 500.953 599.235 957.554 973.935 992.362 
-6.27744e+66 -6.27744e+66 -6.27744e+66 -6.27744e+66 -6.27744e+66 -6.27744e+66 -6.27744e+66 -6.27744e+66 -6.27744e+66 -6.27744e+66 -6.27744e+66 -6.27744e+66 -6.27744e+66 -6.27744e+66 -6.27744e+66 -6.27744e+66 -6.27744e+66 -6.27744e+66 93.4928 122.158 195.87 257.296 371.958 453.86 760.991 775.323 791.704 
-6.27744e+66 -6.27744e+66 -6.27744e+66 -6.27744e+66 -6.27744e+66 -6.27744e+66 -6.27744e+66 -6.27744e+66 -6.27744e+66 -6.27744e+66 -6.27744e+66 -6.27744e+66 -6.27744e+66 -6.27744e+66 -6.27744e+66 -6.27744e+66 -6.27744e+66 -6.27744e+66 -6.27744e+66 93.4928 130.349 171.299 257.296 322.817 578.76 591.045 605.378 
-6.27744e+66 -6.27744e+66 -6.27744e+66 -6.27744e+66 -6.27744e+66 -6.27744e+66 -6.27744e+66 -6.27744e+66 -6.27744e+66 -6.27744e+66 -6.27744e+66 -6.27744e+66 -6.27744e+66 -6.27744e+66 -6.27744e+66 -6.27744e+66 -6.27744e+66 -6.27744e+66 -6.27744e+66 -6.27744e+66 93.4928 113.968 171.299 220.44 425.194 435.432 447.717 
-6.27744e+66 -6.27744e+66 -6.27744e+66 -6.27744e+66 -6.27744e+66 -6.27744e+66 -6.27744e+66 -6.27744e+66 -6.27744e+66 -6.27744e+66 -6.27744e+66 -6.27744e+66 -6.27744e+66 -6.27744e+66 -6.27744e+66 -6.27744e+66 -6.27744e+66 -6.27744e+66 -6.27744e+66 -6.27744e+66 -6.27744e+66 93.4928 122.158 154.919 308.484 316.675 326.912 
-6.27744e+66 -6.27744e+66 -6.27744e+66 -6.27744e+66 -6.27744e+66 -6.27744e+66 -6.27744e+66 -6.27744e+66 -6.27744e+66 -6.27744e+66 -6.27744e+66 -6.27744e+66 -6.27744e+66 -6.27744e+66 -6.27744e+66 -6.27744e+66 -6.27744e+66 -6.27744e+66 -6.27744e+66 -6.27744e+66 -6.27744e+66 -6.27744e+66 93.4928 109.873 212.25 218.393 226.583 
-6.27744e+66 -6.27744e+66 -6.27744e+66 -6.27744e+66 -6.27744e+66 -6.27744e+66 -6.27744e+66 -6.27744e+66 -6.27744e+66 -6.27744e+66 -6.27744e+66 -6.27744e+66 -6.27744e+66 -6.27744e+66 -6.27744e+66 -6.27744e+66 -6.27744e+66 -6.27744e+66 -6.27744e+66 -6.27744e+66 -6.27744e+66 -6.27744e+66 -6.27744e+66 93.4928 144.681 148.776 154.919 
-6.27744e+66 -6.27744e+66 -6.27744e+66 -6.27744e+66 -6.27744e+66 -6.27744e+66 -6.27744e+66 -6.27744e+66 -6.27744e+66 -6.27744e+66 -6.27744e+66 -6.27744e+66 -6.27744e+66 -6.27744e+66 -6.27744e+66 -6.27744e+66 -6.27744e+66 -6.27744e+66 -6.27744e+66 -6.27744e+66 -6.27744e+66 -6.27744e+66 -6.27744e+66 -6.27744e+66 93.4928 95.5404 99.6355 
-6.27744e+66 -6.27744e+66 -6.27744e+66 -6.27744e+66 -6.27744e+66 -6.27744e+66 -6.27744e+66 -6.27744e+66 -6.27744e+66 -6.27744e+66 -6.27744e+66 -6.27744e+66 -6.27744e+66 -6.27744e+66 -6.27744e+66 -6.27744e+66 -6.27744e+66 -6.27744e+66 -6.27744e+66 -6.27744e+66 -6.27744e+66 -6.27744e+66 -6.27744e+66 -6.27744e+66 -6.27744e+66 93.4928 95.5404 
-6.27744e+66 -6.27744e+66 -6.27744e+66 -6.27744e+66 -6.27744e+66 -6.27744e+66 -6.27744e+66 -6.27744e+66 -6.27744e+66 -6.27744e+66 -6.27744e+66 -6.27744e+66 -6.27744e+66 -6.27744e+66 -6.27744e+66 -6.27744e+66 -6.27744e+66 -6.27744e+66 -6.27744e+66 -6.27744e+66 -6.27744e+66 -6.27744e+66 -6.27744e+66 -6.27744e+66 -6.27744e+66 -6.27744e+66 93.4928 
-6.27744e+66 -6.27744e+66 -6.27744e+66 -6.27744e+66 -6.27744e+66 -6.27744e+66 -6.27744e+66 -6.27744e+66 -6.27744e+66 -6.27744e+66 -6.27744e+66 -6.27744e+66 -6.27744e+66 -6.27744e+66 -6.27744e+66 -6.27744e+66 -6.27744e+66 -6.27744e+66 -6.27744e+66 -6.27744e+66 -6.27744e+66 -6.27744e+66 -6.27744e+66 -6.27744e+66 -6.27744e+66 -6.27744e+66 -6.27744e+66 
-6.27744e+66 85.5545 131.637 185.153 185.153 268.399 290.697 656.385 1103.83 1234.65 1622.63 2038.86 2153.33 2510.1 3205.8 3247.42 3693.38 4121.5 4601.66 4869.23 5010.45 5456.42 6111.98 6308.2 7641.63 8069.75 8478.55 
-6.27744e+66 -6.27744e+66 85.5545 112.312 112.312 174.747 192.585 497.325 880.852 995.316 1340.19 1714.8 1818.86 2145.9 2788.08 2826.73 3242.96 3644.33 4096.23 4348.94 4482.73 4906.4 5530.74 5718.05 6993.5 7403.78 7796.23 
-6.27744e+66 -6.27744e+66 -6.27744e+66 85.5545 85.5545 127.178 140.556 384.349 703.954 802.066 1103.83 1436.82 1530.47 1827.78 2416.45 2452.12 2838.62 3213.23 3636.89 3874.74 4001.09 4402.46 4995.59 5173.97 6391.45 6783.89 7159.99 
-6.27744e+66 -6.27744e+66 -6.27744e+66 -6.27744e+66 85.5545 106.366 115.285 298.129 553.814 635.573 894.231 1185.59 1268.84 1536.42 2071.57 2104.27 2461.04 2808.89 3204.31 3427.29 3546.21 3925.28 4487.19 4656.66 5816.16 6190.76 6550.51 
-6.27744e+66 -6.27744e+66 -6.27744e+66 -6.27744e+66 -6.27744e+66 85.5545 90.0141 211.91 403.674 469.081 684.629 934.368 1007.21 1245.05 1726.69 1756.42 2083.46 2404.55 2771.73 2979.84 3091.33 3448.1 3978.8 4139.34 5240.87 5597.64 5941.03 
-6.27744e+66 -6.27744e+66 -6.27744e+66 -6.27744e+66 -6.27744e+66 -6.27744e+66 85.5545 146.503 274.345 323.401 495.839 703.954 766.389 974.504 1402.63 1429.38 1726.69 2021.03 2359.96 2553.21 2657.26 2991.74 3491.21 3642.84 4686.39 5025.32 5352.36 
-6.27744e+66 -6.27744e+66 -6.27744e+66 -6.27744e+66 -6.27744e+66 -6.27744e+66 -6.27744e+66 85.5545 149.476 182.179 311.508 478 530.029 708.414 1083.02 1106.81 1374.38 1641.96 1952.65 2131.03 2227.66 2539.83 3008.09 3150.8 4136.37 4457.46 4768.15 
-6.27744e+66 -6.27744e+66 -6.27744e+66 -6.27744e+66 -6.27744e+66 -6.27744e+66 -6.27744e+66 -6.27744e+66 85.5545 101.906 188.126 312.995 354.618 503.272 824.364 845.175 1083.02 1323.84 1606.28 1769.8 1858.99 2148.87 2585.91 2719.7 3647.3 3950.55 4244.89 
-6.27744e+66 -6.27744e+66 -6.27744e+66 -6.27744e+66 -6.27744e+66 -6.27744e+66 -6.27744e+66 -6.27744e+66 -6.27744e+66 85.5545 128.664 211.91 243.128 362.051 629.627 647.466 855.581 1069.64 1323.84 1472.49 1554.25 1821.83 2227.66 2352.52 3222.15 3507.56 3785.55 
-6.27744e+66 -6.27744e+66 -6.27744e+66 -6.27744e+66 -6.27744e+66 -6.27744e+66 -6.27744e+66 -6.27744e+66 -6.27744e+66 -6.27744e+66 85.5545 127.178 147.989 237.181 451.243 466.108 644.493 831.796 1057.75 1191.54 1265.87 1511.14 1885.75 2001.7 2813.35 3080.93 3342.56 
-6.27744e+66 -6.27744e+66 -6.27744e+66 -6.27744e+66 -6.27744e+66 -6.27744e+66 -6.27744e+66 -6.27744e+66 -6.27744e+66 -6.27744e+66 -6.27744e+66 85.5545 95.9603 155.422 315.968 327.86 476.514 637.06 834.769 953.693 1020.59 1243.57 1586.96 1693.99 2447.66 2697.4 2942.68 
-6.27744e+66 -6.27744e+66 -6.27744e+66 -6.27744e+66 -6.27744e+66 -6.27744e+66 -6.27744e+66 -6.27744e+66 -6.27744e+66 -6.27744e+66 -6.27744e+66 -6.27744e+66 85.5545 115.285 222.316 231.235 350.158 483.947 653.412 757.47 816.931 1017.61 1329.79 1427.9 2123.6 2355.5 2584.42 
-6.27744e+66 -6.27744e+66 -6.27744e+66 -6.27744e+66 -6.27744e+66 -6.27744e+66 -6.27744e+66 -6.27744e+66 -6.27744e+66 -6.27744e+66 -6.27744e+66 -6.27744e+66 -6.27744e+66 85.5545 139.07 145.016 234.208 341.239 482.46 571.652 623.681 802.066 1083.02 1172.21 1809.94 2024 2236.57 
-6.27744e+66 -6.27744e+66 -6.27744e+66 -6.27744e+66 -6.27744e+66 -6.27744e+66 -6.27744e+66 -6.27744e+66 -6.27744e+66 -6.27744e+66 -6.27744e+66 -6.27744e+66 -6.27744e+66 -6.27744e+66 85.5545 88.5276 147.989 228.262 341.239 415.566 460.162 616.248 865.987 946.26 1526.01 1722.23 1918.46 
-6.27744e+66 -6.27744e+66 -6.27744e+66 -6.27744e+66 -6.27744e+66 -6.27744e+66 -6.27744e+66 -6.27744e+66 -6.27744e+66 -6.27744e+66 -6.27744e+66 -6.27744e+66 -6.27744e+66 -6.27744e+66 -6.27744e+66 85.5545 115.285 168.801 253.533 312.995 350.158 483.947 702.468 773.821 1295.6 1473.98 1653.85 
-6.27744e+66 -6.27744e+66 -6.27744e+66 -6.27744e+66 -6.27744e+66 -6.27744e+66 -6.27744e+66 -6.27744e+66 -6.27744e+66 -6.27744e+66 -6.27744e+66 -6.27744e+66 -6.27744e+66 -6.27744e+66 -6.27744e+66 -6.27744e+66 85.5545 112.312 168.801 213.397 243.128 354.618 541.922 604.356 1068.16 1228.7 1392.22 
-6.27744e+66 -6.27744e+66 -6.27744e+66 -6.27744e+66 -6.27744e+66 -6.27744e+66 -6.27744e+66 -6.27744e+66 -6.27744e+66 -6.27744e+66 -6.27744e+66 -6.27744e+66 -6.27744e+66 -6.27744e+66 -6.27744e+66 -6.27744e+66 -6.27744e+66 85.5545 113.799 143.529 165.828 255.02 411.106 464.622 870.446 1013.15 1160.32 
-6.27744e+66 -6.27744e+66 -6.27744e+66 -6.27744e+66 -6.27744e+66 -6.27744e+66 -6.27744e+66 -6.27744e+66 -6.27744e+66 -6.27744e+66 -6.27744e+66 -6.27744e+66 -6.27744e+66 -6.27744e+66 -6.27744e+66 -6.27744e+66 -6.27744e+66 -6.27744e+66 85.5545 100.42 115.285 182.179 307.049 351.645 699.495 824.364 955.179 
-6.27744e+66 -6.27744e+66 -6.27744e+66 -6.27744e+66 -6.27744e+66 -6.27744e+66 -6.27744e+66 -6.27744e+66 -6.27744e+66 -6.27744e+66 -6.27744e+66 -6.27744e+66 -6.27744e+66 -6.27744e+66 -6.27744e+66 -6.27744e+66 -6.27744e+66 -6.27744e+66 -6.27744e+66 85.5545 92.9872 137.583 231.235 266.912 556.787 663.818 778.281 
-6.27744e+66 -6.27744e+66 -6.27744e+66 -6.27744e+66 -6.27744e+66 -6.27744e+66 -6.27744e+66 -6.27744e+66 -6.27744e+66 -6.27744e+66 -6.27744e+66 -6.27744e+66 -6.27744e+66 -6.27744e+66 -6.27744e+66 -6.27744e+66 -6.27744e+66 -6.27744e+66 -6.27744e+66 -6.27744e+66 85.5545 107.853 170.287 197.045 428.945 518.137 616.248 
-6.27744e+66 -6.27744e+66 -6.27744e+66 -6.27744e+66 -6.27744e+66 -6.27744e+66 -6.27744e+66 -6.27744e+66 -6.27744e+66 -6.27744e+66 -6.27744e+66 -6.27744e+66 -6.27744e+66 -6.27744e+66 -6.27744e+66 -6.27744e+66 -6.27744e+66 -6.27744e+66 -6.27744e+66 -6.27744e+66 -6.27744e+66 85.5545 116.772 134.61 308.535 379.889 461.649 
-6.27744e+66 -6.27744e+66 -6.27744e+66 -6.27744e+66 -6.27744e+66 -6.27744e+66 -6.27744e+66 -6.27744e+66 -6.27744e+66 -6.27744e+66 -6.27744e+66 -6.27744e+66 -6.27744e+66 -6.27744e+66 -6.27744e+66 -6.27744e+66 -6.27744e+66 -6.27744e+66 -6.27744e+66 -6.27744e+66 -6.27744e+66 -6.27744e+66 85.5545 94.4737 210.424 263.939 329.347 
-6.27744e+66 -6.27744e+66 -6.27744e+66 -6.27744e+66 -6.27744e+66 -6.27744e+66 -6.27744e+66 -6.27744e+66 -6.27744e+66 -6.27744e+66 -6.27744e+66 -6.27744e+66 -6.27744e+66 -6.27744e+66 -6.27744e+66 -6.27744e+66 -6.27744e+66 -6.27744e+66 -6.27744e+66 -6.27744e+66 -6.27744e+66 -6.27744e+66 -6.27744e+66 85.5545 143.529 179.206 228.262 
-6.27744e+66 -6.27744e+66 -6.27744e+66 -6.27744e+66 -6.27744e+66 -6.27744e+66 -6.27744e+66 -6.27744e+66 -6.27744e+66 -6.27744e+66 -6.27744e+66 -6.27744e+66 -6.27744e+66 -6.27744e+66 -6.27744e+66 -6.27744e+66 -6.27744e+66 -6.27744e+66 -6.27744e+66 -6.27744e+66 -6.27744e+66 -6.27744e+66 -6.27744e+66 -6.27744e+66 85.5545 103.393 136.097 
-6.27744e+66 -6.27744e+66 -6.27744e+66 -6.27744e+66 -6.27744e+66 -6.27744e+66 -6.27744e+66 -6.27744e+66 -6.27744e+66 -6.27744e+66 -6.27744e+66 -6.27744e+66 -6.27744e+66 -6.27744e+66 -6.27744e+66 -6.27744e+66 -6.27744e+66 -6.27744e+66 -6.27744e+66 -6.27744e+66 -6.27744e+66 -6.27744e+66 -6.27744e+66 -6.27744e+66 -6.27744e+66 85.5545 101.906 
-6.27744e+66 -6.27744e+66 -6.27744e+66 -6.27744e+66 -6.27744e+66 -6.27744e+66 -6.27744e+66 -6.27744e+66 -6.27744e+66 -6.27744e+66 -6.27744e+66 -6.27744e+66 -6.27744e+66 -6.27744e+66 -6.27744e+66 -6.27744e+66 -6.27744e+66 -6.27744e+66 -6.27744e+66 -6.27744e+66 -6.27744e+66 -6.27744e+66 -6.27744e+66 -6.27744e+66 -6.27744e+66 -6.27744e+66 85.5545 
-6.27744e+66 -6.27744e+66 -6.27744e+66 -6.27744e+66 -6.27744e+66 -6.27744e+66 -6.27744e+66 -6.27744e+66 -6.27744e+66 -6.27744e+66 -6.27744e+66 -6.27744e+66 -6.27744e+66 -6.27744e+66 -6.27744e+66 -6.27744e+66 -6.27744e+66 -6.27744e+66 -6.27744e+66 -6.27744e+66 -6.27744e+66 -6.27744e+66 -6.27744e+66 -6.27744e+66 -6.27744e+66 -6.27744e+66 -6.27744e+66 
-6.27744e+66 23.1739 35.819 86.3993 116.748 248.256 248.256 248.256 265.96 326.656 394.939 799.582 1133.41 1194.11 1259.86 2003.39 2268.94 2349.87 2736.81 2736.81 3121.22 3475.28 3581.5 4193.52 4891.53 5134.32 5323.99 
-6.27744e+66 -6.27744e+66 23.1739 48.4641 68.6962 167.328 167.328 167.328 182.502 235.611 296.308 660.486 963.968 1019.61 1080.3 1770.73 2018.57 2094.44 2458.62 2458.62 2822.8 3159.16 3260.32 3844.52 4512.18 4744.85 4926.94 
-6.27744e+66 -6.27744e+66 -6.27744e+66 23.1739 33.29 99.0444 99.0444 99.0444 111.69 157.212 210.321 534.035 807.169 857.75 913.388 1550.7 1780.84 1851.65 2193.07 2193.07 2537.02 2855.67 2951.78 3508.16 4145.47 4368.03 4542.53 
-6.27744e+66 -6.27744e+66 -6.27744e+66 -6.27744e+66 23.1739 56.0511 56.0511 56.0511 66.1672 104.102 149.625 432.875 675.66 721.183 771.763 1355.97 1568.4 1634.16 1952.81 1952.81 2276.53 2577.48 2668.53 3197.09 3804.06 4016.49 4183.41 
-6.27744e+66 -6.27744e+66 -6.27744e+66 -6.27744e+66 -6.27744e+66 23.1739 23.1739 23.1739 30.761 61.1092 99.0444 341.83 554.268 594.732 640.254 1171.35 1366.08 1426.78 1722.67 1722.67 2026.16 2309.41 2395.39 2896.14 3472.75 3675.08 3834.4 
-6.27744e+66 -6.27744e+66 -6.27744e+66 -6.27744e+66 -6.27744e+66 -6.27744e+66 23.1739 23.1739 28.2319 50.9931 81.3413 283.663 465.752 501.158 541.622 1019.61 1196.64 1252.28 1525.41 1525.41 1808.66 2074.21 2155.14 2628.06 3174.33 3366.54 3518.28 
-6.27744e+66 -6.27744e+66 -6.27744e+66 -6.27744e+66 -6.27744e+66 -6.27744e+66 -6.27744e+66 23.1739 25.7029 40.877 63.6382 225.495 377.236 407.585 442.991 867.866 1027.19 1077.77 1328.15 1328.15 1591.16 1839.01 1914.88 2359.99 2875.91 3057.99 3202.15 
-6.27744e+66 -6.27744e+66 -6.27744e+66 -6.27744e+66 -6.27744e+66 -6.27744e+66 -6.27744e+66 -6.27744e+66 23.1739 30.761 45.9351 167.328 288.721 314.011 344.359 716.125 857.75 903.272 1130.88 1130.88 1373.67 1603.81 1674.62 2091.91 2577.48 2749.45 2886.02 
-6.27744e+66 -6.27744e+66 -6.27744e+66 -6.27744e+66 -6.27744e+66 -6.27744e+66 -6.27744e+66 -6.27744e+66 -6.27744e+66 23.1739 30.761 111.69 202.734 222.966 248.256 566.913 690.835 731.299 936.149 936.149 1158.7 1371.14 1436.89 1826.36 2281.59 2443.44 2572.42 
-6.27744e+66 -6.27744e+66 -6.27744e+66 -6.27744e+66 -6.27744e+66 -6.27744e+66 -6.27744e+66 -6.27744e+66 -6.27744e+66 -6.27744e+66 23.1739 63.6382 124.335 139.509 159.741 425.288 531.506 566.913 749.002 749.002 951.323 1146.06 1206.75 1568.4 1993.28 2145.02 2266.41 
-6.27744e+66 -6.27744e+66 -6.27744e+66 -6.27744e+66 -6.27744e+66 -6.27744e+66 -6.27744e+66 -6.27744e+66 -6.27744e+66 -6.27744e+66 -6.27744e+66 23.1739 53.5221 63.6382 78.8123 291.25 379.765 410.114 569.442 569.442 751.531 928.562 984.201 1318.03 1712.56 1854.18 1967.99 
-6.27744e+66 -6.27744e+66 -6.27744e+66 -6.27744e+66 -6.27744e+66 -6.27744e+66 -6.27744e+66 -6.27744e+66 -6.27744e+66 -6.27744e+66 -6.27744e+66 -6.27744e+66 23.1739 28.2319 38.348 197.676 268.489 293.779 430.346 430.346 592.203 751.531 802.111 1108.12 1472.3 1603.81 1710.03 
-6.27744e+66 -6.27744e+66 -6.27744e+66 -6.27744e+66 -6.27744e+66 -6.27744e+66 -6.27744e+66 -6.27744e+66 -6.27744e+66 -6.27744e+66 -6.27744e+66 -6.27744e+66 -6.27744e+66 23.1739 28.2319 134.451 187.56 207.792 321.598 321.598 463.223 604.848 650.37 928.562 1262.39 1383.79 1482.42 
-6.27744e+66 -6.27744e+66 -6.27744e+66 -6.27744e+66 -6.27744e+66 -6.27744e+66 -6.27744e+66 -6.27744e+66 -6.27744e+66 -6.27744e+66 -6.27744e+66 -6.27744e+66 -6.27744e+66 -6.27744e+66 23.1739 76.2833 111.69 126.864 217.908 217.908 339.301 463.223 503.687 754.06 1057.54 1168.82 1259.86 
-6.27744e+66 -6.27744e+66 -6.27744e+66 -6.27744e+66 -6.27744e+66 -6.27744e+66 -6.27744e+66 -6.27744e+66 -6.27744e+66 -6.27744e+66 -6.27744e+66 -6.27744e+66 -6.27744e+66 -6.27744e+66 -6.27744e+66 23.1739 40.877 50.9931 119.277 119.277 220.437 326.656 362.062 584.616 857.75 958.91 1042.37 
-6.27744e+66 -6.27744e+66 -6.27744e+66 -6.27744e+66 -6.27744e+66 -6.27744e+66 -6.27744e+66 -6.27744e+66 -6.27744e+66 -6.27744e+66 -6.27744e+66 -6.27744e+66 -6.27744e+66 -6.27744e+66 -6.27744e+66 -6.27744e+66 23.1739 28.2319 73.7542 73.7542 154.683 243.198 273.547 468.281 711.067 802.111 877.982 
-6.27744e+66 -6.27744e+66 -6.27744e+66 -6.27744e+66 -6.27744e+66 -6.27744e+66 -6.27744e+66 -6.27744e+66 -6.27744e+66 -6.27744e+66 -6.27744e+66 -6.27744e+66 -6.27744e+66 -6.27744e+66 -6.27744e+66 -6.27744e+66 -6.27744e+66 23.1739 45.9351 45.9351 106.631 177.444 202.734 369.649 582.087 663.015 731.299 
-6.27744e+66 -6.27744e+66 -6.27744e+66 -6.27744e+66 -6.27744e+66 -6.27744e+66 -6.27744e+66 -6.27744e+66 -6.27744e+66 -6.27744e+66 -6.27744e+66 -6.27744e+66 -6.27744e+66 -6.27744e+66 -6.27744e+66 -6.27744e+66 -6.27744e+66 -6.27744e+66 23.1739 23.1739 63.6382 116.748 136.98 276.076 458.165 528.977 589.674 
-6.27744e+66 -6.27744e+66 -6.27744e+66 -6.27744e+66 -6.27744e+66 -6.27744e+66 -6.27744e+66 -6.27744e+66 -6.27744e+66 -6.27744e+66 -6.27744e+66 -6.27744e+66 -6.27744e+66 -6.27744e+66 -6.27744e+66 -6.27744e+66 -6.27744e+66 -6.27744e+66 -6.27744e+66 23.1739 43.406 78.8123 93.9864 205.263 357.004 417.701 470.81 
-6.27744e+66 -6.27744e+66 -6.27744e+66 -6.27744e+66 -6.27744e+66 -6.27744e+66 -6.27744e+66 -6.27744e+66 -6.27744e+66 -6.27744e+66 -6.27744e+66 -6.27744e+66 -6.27744e+66 -6.27744e+66 -6.27744e+66 -6.27744e+66 -6.27744e+66 -6.27744e+66 -6.27744e+66 -6.27744e+66 23.1739 40.877 50.9931 134.451 255.844 306.424 351.946 
-6.27744e+66 -6.27744e+66 -6.27744e+66 -6.27744e+66 -6.27744e+66 -6.27744e+66 -6.27744e+66 -6.27744e+66 -6.27744e+66 -6.27744e+66 -6.27744e+66 -6.27744e+66 -6.27744e+66 -6.27744e+66 -6.27744e+66 -6.27744e+66 -6.27744e+66 -6.27744e+66 -6.27744e+66 -6.27744e+66 -6.27744e+66 23.1739 28.2319 83.8703 174.915 215.379 253.314 
-6.27744e+66 -6.27744e+66 -6.27744e+66 -6.27744e+66 -6.27744e+66 -6.27744e+66 -6.27744e+66 -6.27744e+66 -6.27744e+66 -6.27744e+66 -6.27744e+66 -6.27744e+66 -6.27744e+66 -6.27744e+66 -6.27744e+66 -6.27744e+66 -6.27744e+66 -6.27744e+66 -6.27744e+66 -6.27744e+66 -6.27744e+66 -6.27744e+66 23.1739 50.9931 111.69 142.038 172.386 
-6.27744e+66 -6.27744e+66 -6.27744e+66 -6.27744e+66 -6.27744e+66 -6.27744e+66 -6.27744e+66 -6.27744e+66 -6.27744e+66 -6.27744e+66 -6.27744e+66 -6.27744e+66 -6.27744e+66 -6.27744e+66 -6.27744e+66 -6.27744e+66 -6.27744e+66 -6.27744e+66 -6.27744e+66 -6.27744e+66 -6.27744e+66 -6.27744e+66 -6.27744e+66 23.1739 53.5221 73.7542 96.5154 
-6.27744e+66 -6.27744e+66 -6.27744e+66 -6.27744e+66 -6.27744e+66 -6.27744e+66 -6.27744e+66 -6.27744e+66 -6.27744e+66 -6.27744e+66 -6.27744e+66 -6.27744e+66 -6.27744e+66 -6.27744e+66 -6.27744e+66 -6.27744e+66 -6.27744e+66 -6.27744e+66 -6.27744e+66 -6.27744e+66 -6.27744e+66 -6.27744e+66 -6.27744e+66 -6.27744e+66 23.1739 33.29 48.4641 
-6.27744e+66 -6.27744e+66 -6.27744e+66 -6.27744e+66 -6.27744e+66 -6.27744e+66 -6.27744e+66 -6.27744e+66 -6.27744e+66 -6.27744e+66 -6.27744e+66 -6.27744e+66 -6.27744e+66 -6.27744e+66 -6.27744e+66 -6.27744e+66 -6.27744e+66 -6.27744e+66 -6.27744e+66 -6.27744e+66 -6.27744e+66 -6.27744e+66 -6.27744e+66 -6.27744e+66 -6.27744e+66 23.1739 30.761 
-6.27744e+66 -6.27744e+66 -6.27744e+66 -6.27744e+66 -6.27744e+66 -6.27744e+66 -6.27744e+66 -6.27744e+66 -6.27744e+66 -6.27744e+66 -6.27744e+66 -6.27744e+66 -6.27744e+66 -6.27744e+66 -6.27744e+66 -6.27744e+66 -6.27744e+66 -6.27744e+66 -6.27744e+66 -6.27744e+66 -6.27744e+66 -6.27744e+66 -6.27744e+66 -6.27744e+66 -6.27744e+66 -6.27744e+66 23.1739 
-6.27744e+66 -6.27744e+66 -6.27744e+66 -6.27744e+66 -6.27744e+66 -6.27744e+66 -6.27744e+66 -6.27744e+66 -6.27744e+66 -6.27744e+66 -6.27744e+66 -6.27744e+66 -6.27744e+66 -6.27744e+66 -6.27744e+66 -6.27744e+66 -6.27744e+66 -6.27744e+66 -6.27744e+66 -6.27744e+66 -6.27744e+66 -6.27744e+66 -6.27744e+66 -6.27744e+66 -6.27744e+66 -6.27744e+66 -6.27744e+66 
-6.27744e+66 66.9671 82.2455 125.534 190.468 368.716 578.795 670.465 928.926 1122.45 1305.79 1598.63 1640.65 1839.27 2501.33 2840 3011.89 3235.97 3842.01 4139.94 4889.86 5119.04 5840.94 6429.16 7424.81 8249.84 8854.62 
-6.27744e+66 -6.27744e+66 66.9671 88.6116 131.9 265.587 433.65 510.042 731.579 900.915 1063.89 1327.44 1365.63 1547.7 2158.84 2473.32 2633.74 2843.82 3414.22 3695.6 4406.04 4623.76 5311.29 5872.77 6825.13 7615.79 8196.37 
-6.27744e+66 -6.27744e+66 -6.27744e+66 66.9671 88.6116 177.736 303.783 364.897 549.511 694.656 837.255 1071.52 1105.9 1271.42 1831.63 2121.92 2270.88 2466.96 3001.7 3266.53 3937.51 4143.76 4796.92 5331.66 6240.73 6997.01 7553.4 
-6.27744e+66 -6.27744e+66 -6.27744e+66 -6.27744e+66 66.9671 111.529 195.561 241.396 389.088 510.042 632.269 837.255 867.812 1016.78 1526.06 1792.16 1929.66 2111.73 2610.83 2859.1 3490.61 3685.41 4304.19 4812.2 5677.97 6399.88 6932.08 
-6.27744e+66 -6.27744e+66 -6.27744e+66 -6.27744e+66 -6.27744e+66 66.9671 108.983 139.54 250.308 347.072 448.928 624.63 651.367 783.781 1242.13 1484.04 1610.09 1778.15 2241.6 2473.32 3065.36 3248.7 3833.1 4314.37 5136.86 5824.39 6332.4 
-6.27744e+66 -6.27744e+66 -6.27744e+66 -6.27744e+66 -6.27744e+66 -6.27744e+66 66.9671 82.2455 156.091 228.664 310.149 456.567 479.485 595.346 1002.77 1220.49 1335.08 1489.14 1916.93 2132.1 2684.67 2856.56 3406.58 3861.11 4640.31 5293.47 5777.28 
-6.27744e+66 -6.27744e+66 -6.27744e+66 -6.27744e+66 -6.27744e+66 -6.27744e+66 -6.27744e+66 66.9671 103.89 152.272 213.385 330.52 349.618 448.928 805.425 998.952 1102.08 1242.13 1634.28 1832.9 2346 2506.42 3022.07 3449.87 4185.78 4804.56 5264.18 
-6.27744e+66 -6.27744e+66 -6.27744e+66 -6.27744e+66 -6.27744e+66 -6.27744e+66 -6.27744e+66 -6.27744e+66 66.9671 91.158 131.9 219.751 235.03 317.788 623.357 792.693 884.364 1010.41 1366.91 1548.98 2022.61 2171.57 2652.84 3053.9 3746.52 4330.92 4766.36 
-6.27744e+66 -6.27744e+66 -6.27744e+66 -6.27744e+66 -6.27744e+66 -6.27744e+66 -6.27744e+66 -6.27744e+66 -6.27744e+66 66.9671 87.3383 145.906 157.365 223.571 478.212 623.357 703.569 815.611 1136.46 1301.97 1736.14 1873.64 2320.54 2694.86 3344.19 3894.22 4305.46 
-6.27744e+66 -6.27744e+66 -6.27744e+66 -6.27744e+66 -6.27744e+66 -6.27744e+66 -6.27744e+66 -6.27744e+66 -6.27744e+66 -6.27744e+66 66.9671 96.2508 103.89 153.545 357.257 478.212 546.965 645.001 930.199 1079.16 1473.86 1599.9 2012.42 2360.01 2966.05 3481.7 3868.75 
-6.27744e+66 -6.27744e+66 -6.27744e+66 -6.27744e+66 -6.27744e+66 -6.27744e+66 -6.27744e+66 -6.27744e+66 -6.27744e+66 -6.27744e+66 -6.27744e+66 66.9671 70.7867 103.89 256.674 353.438 410.732 494.763 744.311 876.724 1231.95 1346.54 1724.68 2045.52 2608.28 3089.55 3452.41 
-6.27744e+66 -6.27744e+66 -6.27744e+66 -6.27744e+66 -6.27744e+66 -6.27744e+66 -6.27744e+66 -6.27744e+66 -6.27744e+66 -6.27744e+66 -6.27744e+66 -6.27744e+66 66.9671 83.5187 185.375 257.948 303.783 373.809 587.707 703.569 1019.32 1122.45 1466.22 1760.33 2279.79 2726.69 3065.36 
-6.27744e+66 -6.27744e+66 -6.27744e+66 -6.27744e+66 -6.27744e+66 -6.27744e+66 -6.27744e+66 -6.27744e+66 -6.27744e+66 -6.27744e+66 -6.27744e+66 -6.27744e+66 -6.27744e+66 66.9671 117.895 166.277 200.653 256.674 434.923 534.233 810.518 902.188 1211.58 1478.95 1955.13 2367.65 2682.13 
-6.27744e+66 -6.27744e+66 -6.27744e+66 -6.27744e+66 -6.27744e+66 -6.27744e+66 -6.27744e+66 -6.27744e+66 -6.27744e+66 -6.27744e+66 -6.27744e+66 -6.27744e+66 -6.27744e+66 -6.27744e+66 66.9671 91.158 114.076 156.091 298.69 381.448 618.264 698.476 973.488 1214.12 1647.01 2025.15 2315.44 
-6.27744e+66 -6.27744e+66 -6.27744e+66 -6.27744e+66 -6.27744e+66 -6.27744e+66 -6.27744e+66 -6.27744e+66 -6.27744e+66 -6.27744e+66 -6.27744e+66 -6.27744e+66 -6.27744e+66 -6.27744e+66 -6.27744e+66 66.9671 78.4259 106.436 213.385 279.592 476.939 545.692 786.327 1000.23 1389.83 1733.59 1999.69 
-6.27744e+66 -6.27744e+66 -6.27744e+66 -6.27744e+66 -6.27744e+66 -6.27744e+66 -6.27744e+66 -6.27744e+66 -6.27744e+66 -6.27744e+66 -6.27744e+66 -6.27744e+66 -6.27744e+66 -6.27744e+66 -6.27744e+66 -6.27744e+66 66.9671 80.9723 152.272 201.927 359.804 417.098 623.357 810.518 1156.83 1466.22 1708.13 
-6.27744e+66 -6.27744e+66 -6.27744e+66 -6.27744e+66 -6.27744e+66 -6.27744e+66 -6.27744e+66 -6.27744e+66 -6.27744e+66 -6.27744e+66 -6.27744e+66 -6.27744e+66 -6.27744e+66 -6.27744e+66 -6.27744e+66 -6.27744e+66 -6.27744e+66 66.9671 102.617 135.72 254.128 299.963 471.846 632.269 935.292 1210.3 1428.02 
-6.27744e+66 -6.27744e+66 -6.27744e+66 -6.27744e+66 -6.27744e+66 -6.27744e+66 -6.27744e+66 -6.27744e+66 -6.27744e+66 -6.27744e+66 -6.27744e+66 -6.27744e+66 -6.27744e+66 -6.27744e+66 -6.27744e+66 -6.27744e+66 -6.27744e+66 -6.27744e+66 66.9671 83.5187 162.457 196.834 334.34 468.026 727.76 968.395 1161.92 
-6.27744e+66 -6.27744e+66 -6.27744e+66 -6.27744e+66 -6.27744e+66 -6.27744e+66 -6.27744e+66 -6.27744e+66 -6.27744e+66 -6.27744e+66 -6.27744e+66 -6.27744e+66 -6.27744e+66 -6.27744e+66 -6.27744e+66 -6.27744e+66 -6.27744e+66 -6.27744e+66 -6.27744e+66 66.9671 106.436 129.354 232.484 339.433 555.877 762.136 931.472 
-6.27744e+66 -6.27744e+66 -6.27744e+66 -6.27744e+66 -6.27744e+66 -6.27744e+66 -6.27744e+66 -6.27744e+66 -6.27744e+66 -6.27744e+66 -6.27744e+66 -6.27744e+66 -6.27744e+66 -6.27744e+66 -6.27744e+66 -6.27744e+66 -6.27744e+66 -6.27744e+66 -6.27744e+66 -6.27744e+66 66.9671 78.4259 147.179 227.391 400.546 572.429 717.574 
-6.27744e+66 -6.27744e+66 -6.27744e+66 -6.27744e+66 -6.27744e+66 -6.27744e+66 -6.27744e+66 -6.27744e+66 -6.27744e+66 -6.27744e+66 -6.27744e+66 -6.27744e+66 -6.27744e+66 -6.27744e+66 -6.27744e+66 -6.27744e+66 -6.27744e+66 -6.27744e+66 -6.27744e+66 -6.27744e+66 -6.27744e+66 66.9671 101.344 154.818 284.685 422.191 543.145 
-6.27744e+66 -6.27744e+66 -6.27744e+66 -6.27744e+66 -6.27744e+66 -6.27744e+66 -6.27744e+66 -6.27744e+66 -6.27744e+66 -6.27744e+66 -6.27744e+66 -6.27744e+66 -6.27744e+66 -6.27744e+66 -6.27744e+66 -6.27744e+66 -6.27744e+66 -6.27744e+66 -6.27744e+66 -6.27744e+66 -6.27744e+66 -6.27744e+66 66.9671 93.7044 180.282 283.412 380.175 
-6.27744e+66 -6.27744e+66 -6.27744e+66 -6.27744e+66 -6.27744e+66 -6.27744e+66 -6.27744e+66 -6.27744e+66 -6.27744e+66 -6.27744e+66 -6.27744e+66 -6.27744e+66 -6.27744e+66 -6.27744e+66 -6.27744e+66 -6.27744e+66 -6.27744e+66 -6.27744e+66 -6.27744e+66 -6.27744e+66 -6.27744e+66 -6.27744e+66 -6.27744e+66 66.9671 110.256 179.009 251.582 
-6.27744e+66 -6.27744e+66 -6.27744e+66 -6.27744e+66 -6.27744e+66 -6.27744e+66 -6.27744e+66 -6.27744e+66 -6.27744e+66 -6.27744e+66 -6.27744e+66 -6.27744e+66 -6.27744e+66 -6.27744e+66 -6.27744e+66 -6.27744e+66 -6.27744e+66 -6.27744e+66 -6.27744e+66 -6.27744e+66 -6.27744e+66 -6.27744e+66 -6.27744e+66 -6.27744e+66 66.9671 101.344 149.725 
-6.27744e+66 -6.27744e+66 -6.27744e+66 -6.27744e+66 -6.27744e+66 -6.27744e+66 -6.27744e+66 -6.27744e+66 -6.27744e+66 -6.27744e+66 -6.27744e+66 -6.27744e+66 -6.27744e+66 -6.27744e+66 -6.27744e+66 -6.27744e+66 -6.27744e+66 -6.27744e+66 -6.27744e+66 -6.27744e+66 -6.27744e+66 -6.27744e+66 -6.27744e+66 -6.27744e+66 -6.27744e+66 66.9671 91.158 
-6.27744e+66 -6.27744e+66 -6.27744e+66 -6.27744e+66 -6.27744e+66 -6.27744e+66 -6.27744e+66 -6.27744e+66 -6.27744e+66 -6.27744e+66 -6.27744e+66 -6.27744e+66 -6.27744e+66 -6.27744e+66 -6.27744e+66 -6.27744e+66 -6.27744e+66 -6.27744e+66 -6.27744e+66 -6.27744e+66 -6.27744e+66 -6.27744e+66 -6.27744e+66 -6.27744e+66 -6.27744e+66 -6.27744e+66 66.9671 
-6.27744e+66 -6.27744e+66 -6.27744e+66 -6.27744e+66 -6.27744e+66 -6.27744e+66 -6.27744e+66 -6.27744e+66 -6.27744e+66 -6.27744e+66 -6.27744e+66 -6.27744e+66 -6.27744e+66 -6.27744e+66 -6.27744e+66 -6.27744e+66 -6.27744e+66 -6.27744e+66 -6.27744e+66 -6.27744e+66 -6.27744e+66 -6.27744e+66 -6.27744e+66 -6.27744e+66 -6.27744e+66 -6.27744e+66 -6.27744e+66 
-6.27744e+66 72.5181 92.789 113.06 120.662 191.61 432.327 569.156 1012.58 1539.63 1950.11 2026.13 2388.47 2449.28 2581.04 3219.58 4055.75 4299.01 4729.76 5140.25 5236.54 5388.57 5548.2 5994.16 6227.28 6713.78 6967.17 
-6.27744e+66 -6.27744e+66 72.5181 82.6536 87.7213 140.932 333.506 447.53 827.61 1288.77 1653.65 1722.06 2051.47 2107.21 2228.84 2821.76 3602.19 3830.24 4235.66 4623.34 4714.56 4858.99 5011.02 5436.71 5659.69 6125.92 6369.17 
-6.27744e+66 -6.27744e+66 -6.27744e+66 72.5181 75.052 110.526 254.956 346.176 662.909 1058.19 1377.46 1438.27 1734.73 1785.41 1896.9 2444.22 3168.9 3381.75 3761.83 4126.7 4212.85 4349.68 4494.11 4899.53 5112.38 5558.34 5791.45 
-6.27744e+66 -6.27744e+66 -6.27744e+66 -6.27744e+66 72.5181 90.2552 186.542 254.956 508.343 837.745 1111.4 1164.61 1428.14 1473.75 1575.1 2076.81 2745.75 2943.39 3298.13 3640.2 3721.28 3850.51 3987.34 4372.49 4575.2 5000.89 5223.87 
-6.27744e+66 -6.27744e+66 -6.27744e+66 -6.27744e+66 -6.27744e+66 72.5181 120.662 166.271 356.311 619.833 847.881 893.49 1124.07 1164.61 1255.83 1711.93 2325.12 2507.56 2836.96 3156.23 3232.25 3353.87 3483.1 3847.98 4040.55 4445.97 4658.81 
-6.27744e+66 -6.27744e+66 -6.27744e+66 -6.27744e+66 -6.27744e+66 -6.27744e+66 72.5181 95.3229 222.016 419.658 602.096 640.104 837.745 873.22 954.303 1364.79 1922.24 2089.47 2393.54 2690 2760.95 2874.97 2996.6 3341.2 3523.64 3908.79 4111.5 
-6.27744e+66 -6.27744e+66 -6.27744e+66 -6.27744e+66 -6.27744e+66 -6.27744e+66 -6.27744e+66 72.5181 135.865 267.626 404.454 434.861 599.562 629.968 700.917 1065.79 1567.5 1719.53 1998.26 2271.91 2337.79 2444.22 2558.24 2882.57 3054.88 3419.75 3612.33 
-6.27744e+66 -6.27744e+66 -6.27744e+66 -6.27744e+66 -6.27744e+66 -6.27744e+66 -6.27744e+66 -6.27744e+66 72.5181 138.399 229.618 252.423 384.184 409.522 470.335 789.602 1235.56 1372.39 1625.78 1876.63 1937.44 2036.26 2142.69 2446.75 2608.92 2953.52 3135.96 
-6.27744e+66 -6.27744e+66 -6.27744e+66 -6.27744e+66 -6.27744e+66 -6.27744e+66 -6.27744e+66 -6.27744e+66 -6.27744e+66 72.5181 118.128 133.331 232.152 252.423 303.1 576.757 966.973 1088.6 1316.65 1544.69 1600.44 1691.66 1790.48 2074.27 2226.3 2550.64 2722.94 
-6.27744e+66 -6.27744e+66 -6.27744e+66 -6.27744e+66 -6.27744e+66 -6.27744e+66 -6.27744e+66 -6.27744e+66 -6.27744e+66 -6.27744e+66 72.5181 80.1197 146 161.203 201.745 429.793 764.263 870.686 1073.39 1278.64 1329.32 1412.93 1504.15 1767.67 1909.57 2213.63 2375.8 
-6.27744e+66 -6.27744e+66 -6.27744e+66 -6.27744e+66 -6.27744e+66 -6.27744e+66 -6.27744e+66 -6.27744e+66 -6.27744e+66 -6.27744e+66 -6.27744e+66 72.5181 105.458 115.594 146 328.438 607.164 698.383 875.753 1058.19 1103.8 1179.82 1263.43 1506.69 1638.45 1922.24 2074.27 
-6.27744e+66 -6.27744e+66 -6.27744e+66 -6.27744e+66 -6.27744e+66 -6.27744e+66 -6.27744e+66 -6.27744e+66 -6.27744e+66 -6.27744e+66 -6.27744e+66 -6.27744e+66 72.5181 77.5858 97.8568 234.685 457.666 533.682 685.713 845.347 885.889 954.303 1030.32 1253.3 1374.92 1638.45 1780.34 
-6.27744e+66 -6.27744e+66 -6.27744e+66 -6.27744e+66 -6.27744e+66 -6.27744e+66 -6.27744e+66 -6.27744e+66 -6.27744e+66 -6.27744e+66 -6.27744e+66 -6.27744e+66 -6.27744e+66 72.5181 82.6536 173.873 341.108 401.921 528.614 665.443 700.917 761.729 830.144 1032.85 1144.34 1387.59 1519.36 
-6.27744e+66 -6.27744e+66 -6.27744e+66 -6.27744e+66 -6.27744e+66 -6.27744e+66 -6.27744e+66 -6.27744e+66 -6.27744e+66 -6.27744e+66 -6.27744e+66 -6.27744e+66 -6.27744e+66 -6.27744e+66 72.5181 118.128 229.618 275.227 376.582 490.606 521.012 574.223 635.036 817.474 918.829 1141.81 1263.43 
-6.27744e+66 -6.27744e+66 -6.27744e+66 -6.27744e+66 -6.27744e+66 -6.27744e+66 -6.27744e+66 -6.27744e+66 -6.27744e+66 -6.27744e+66 -6.27744e+66 -6.27744e+66 -6.27744e+66 -6.27744e+66 -6.27744e+66 72.5181 128.263 158.67 234.685 325.905 351.243 396.853 450.064 612.231 703.451 906.16 1017.65 
-6.27744e+66 -6.27744e+66 -6.27744e+66 -6.27744e+66 -6.27744e+66 -6.27744e+66 -6.27744e+66 -6.27744e+66 -6.27744e+66 -6.27744e+66 -6.27744e+66 -6.27744e+66 -6.27744e+66 -6.27744e+66 -6.27744e+66 -6.27744e+66 72.5181 87.7213 138.399 206.813 227.084 265.092 310.701 452.598 533.682 716.12 817.474 
-6.27744e+66 -6.27744e+66 -6.27744e+66 -6.27744e+66 -6.27744e+66 -6.27744e+66 -6.27744e+66 -6.27744e+66 -6.27744e+66 -6.27744e+66 -6.27744e+66 -6.27744e+66 -6.27744e+66 -6.27744e+66 -6.27744e+66 -6.27744e+66 -6.27744e+66 72.5181 97.8568 143.466 158.67 189.076 227.084 348.709 419.658 581.825 673.044 
-6.27744e+66 -6.27744e+66 -6.27744e+66 -6.27744e+66 -6.27744e+66 -6.27744e+66 -6.27744e+66 -6.27744e+66 -6.27744e+66 -6.27744e+66 -6.27744e+66 -6.27744e+66 -6.27744e+66 -6.27744e+66 -6.27744e+66 -6.27744e+66 -6.27744e+66 -6.27744e+66 72.5181 95.3229 105.458 128.263 158.67 260.024 320.837 462.733 543.817 
-6.27744e+66 -6.27744e+66 -6.27744e+66 -6.27744e+66 -6.27744e+66 -6.27744e+66 -6.27744e+66 -6.27744e+66 -6.27744e+66 -6.27744e+66 -6.27744e+66 -6.27744e+66 -6.27744e+66 -6.27744e+66 -6.27744e+66 -6.27744e+66 -6.27744e+66 -6.27744e+66 -6.27744e+66 72.5181 77.5858 92.789 115.594 196.678 247.355 368.98 439.929 
-6.27744e+66 -6.27744e+66 -6.27744e+66 -6.27744e+66 -6.27744e+66 -6.27744e+66 -6.27744e+66 -6.27744e+66 -6.27744e+66 -6.27744e+66 -6.27744e+66 -6.27744e+66 -6.27744e+66 -6.27744e+66 -6.27744e+66 -6.27744e+66 -6.27744e+66 -6.27744e+66 -6.27744e+66 -6.27744e+66 72.5181 80.1197 95.3229 156.136 196.678 298.032 358.845 
-6.27744e+66 -6.27744e+66 -6.27744e+66 -6.27744e+66 -6.27744e+66 -6.27744e+66 -6.27744e+66 -6.27744e+66 -6.27744e+66 -6.27744e+66 -6.27744e+66 -6.27744e+66 -6.27744e+66 -6.27744e+66 -6.27744e+66 -6.27744e+66 -6.27744e+66 -6.27744e+66 -6.27744e+66 -6.27744e+66 -6.27744e+66 72.5181 80.1197 120.662 151.068 232.152 282.829 
-6.27744e+66 -6.27744e+66 -6.27744e+66 -6.27744e+66 -6.27744e+66 -6.27744e+66 -6.27744e+66 -6.27744e+66 -6.27744e+66 -6.27744e+66 -6.27744e+66 -6.27744e+66 -6.27744e+66 -6.27744e+66 -6.27744e+66 -6.27744e+66 -6.27744e+66 -6.27744e+66 -6.27744e+66 -6.27744e+66 -6.27744e+66 -6.27744e+66 72.5181 92.789 113.06 173.873 214.415 
-6.27744e+66 -6.27744e+66 -6.27744e+66 -6.27744e+66 -6.27744e+66 -6.27744e+66 -6.27744e+66 -6.27744e+66 -6.27744e+66 -6.27744e+66 -6.27744e+66 -6.27744e+66 -6.27744e+66 -6.27744e+66 -6.27744e+66 -6.27744e+66 -6.27744e+66 -6.27744e+66 -6.27744e+66 -6.27744e+66 -6.27744e+66 -6.27744e+66 -6.27744e+66 72.5181 82.6536 123.195 153.602 
-6.27744e+66 -6.27744e+66 -6.27744e+66 -6.27744e+66 -6.27744e+66 -6.27744e+66 -6.27744e+66 -6.27744e+66 -6.27744e+66 -6.27744e+66 -6.27744e+66 -6.27744e+66 -6.27744e+66 -6.27744e+66 -6.27744e+66 -6.27744e+66 -6.27744e+66 -6.27744e+66 -6.27744e+66 -6.27744e+66 -6.27744e+66 -6.27744e+66 -6.27744e+66 -6.27744e+66 72.5181 92.789 113.06 
-6.27744e+66 -6.27744e+66 -6.27744e+66 -6.27744e+66 -6.27744e+66 -6.27744e+66 -6.27744e+66 -6.27744e+66 -6.27744e+66 -6.27744e+66 -6.27744e+66 -6.27744e+66 -6.27744e+66 -6.27744e+66 -6.27744e+66 -6.27744e+66 -6.27744e+66 -6.27744e+66 -6.27744e+66 -6.27744e+66 -6.27744e+66 -6.27744e+66 -6.27744e+66 -6.27744e+66 -6.27744e+66 72.5181 82.6536 
-6.27744e+66 -6.27744e+66 -6.27744e+66 -6.27744e+66 -6.27744e+66 -6.27744e+66 -6.27744e+66 -6.27744e+66 -6.27744e+66 -6.27744e+66 -6.27744e+66 -6.27744e+66 -6.27744e+66 -6.27744e+66 -6.27744e+66 -6.27744e+66 -6.27744e+66 -6.27744e+66 -6.27744e+66 -6.27744e+66 -6.27744e+66 -6.27744e+66 -6.27744e+66 -6.27744e+66 -6.27744e+66 -6.27744e+66 72.5181 
-6.27744e+66 -6.27744e+66 -6.27744e+66 -6.27744e+66 -6.27744e+66 -6.27744e+66 -6.27744e+66 -6.27744e+66 -6.27744e+66 -6.27744e+66 -6.27744e+66 -6.27744e+66 -6.27744e+66 -6.27744e+66 -6.27744e+66 -6.27744e+66 -6.27744e+66 -6.27744e+66 -6.27744e+66 -6.27744e+66 -6.27744e+66 -6.27744e+66 -6.27744e+66 -6.27744e+66 -6.27744e+66 -6.27744e+66 -6.27744e+66 
-6.27744e+66 74.207 102.307 240.935 274.655 327.109 636.211 703.651 808.558 973.413 1074.57 1467.98 2251.03 2902.96 3365.67 3706.62 4324.83 4624.56 5611.82 6758.3 7221.02 7520.76 8779.64 8779.64 9425.95 9830.59 11282.4 
-6.27744e+66 -6.27744e+66 74.207 143.521 166.001 205.341 452.623 508.823 598.744 742.991 832.912 1186.97 1898.85 2496.44 2923.57 3240.16 3817.15 4098.15 5027.33 6110.13 6548.49 6833.24 8032.18 8032.18 8650.38 9038.16 10431.9 
-6.27744e+66 -6.27744e+66 -6.27744e+66 74.207 85.447 111.674 297.135 342.095 417.029 540.67 619.351 934.073 1574.76 2118.03 2509.56 2801.8 3337.57 3599.84 4470.95 5490.05 5904.06 6173.82 7312.81 7312.81 7902.92 8273.84 9609.54 
-6.27744e+66 -6.27744e+66 -6.27744e+66 -6.27744e+66 74.207 87.3204 210.961 244.681 304.628 407.662 475.103 750.485 1319.98 1808.92 2164.86 2432.75 2927.31 3170.85 3983.88 4939.29 5328.94 5583.72 6662.76 6662.76 7224.77 7578.83 8856.45 
-6.27744e+66 -6.27744e+66 -6.27744e+66 -6.27744e+66 -6.27744e+66 74.207 136.027 158.508 203.468 285.895 342.095 578.137 1076.45 1511.06 1831.41 2074.94 2528.29 2753.09 3508.05 4399.76 4765.06 5004.85 6023.95 6023.95 6557.86 6895.06 8114.61 
-6.27744e+66 -6.27744e+66 -6.27744e+66 -6.27744e+66 -6.27744e+66 -6.27744e+66 74.207 85.447 115.421 177.241 222.201 418.903 846.025 1226.31 1511.06 1730.24 2142.38 2348.45 3045.33 3873.35 4214.3 4439.1 5398.25 5398.25 5904.06 6224.4 7385.87 
-6.27744e+66 -6.27744e+66 -6.27744e+66 -6.27744e+66 -6.27744e+66 -6.27744e+66 -6.27744e+66 74.207 89.1937 130.407 164.128 321.489 677.424 1003.39 1252.54 1447.37 1818.29 2005.63 2644.44 3408.76 3725.36 3935.17 4834.38 4834.38 5312.08 5615.56 6718.96 
-6.27744e+66 -6.27744e+66 -6.27744e+66 -6.27744e+66 -6.27744e+66 -6.27744e+66 -6.27744e+66 -6.27744e+66 74.207 94.8138 117.294 235.315 520.063 791.698 1005.26 1175.73 1505.44 1674.04 2254.78 2955.41 3247.65 3442.48 4281.74 4281.74 4731.34 5017.97 6063.29 
-6.27744e+66 -6.27744e+66 -6.27744e+66 -6.27744e+66 -6.27744e+66 -6.27744e+66 -6.27744e+66 -6.27744e+66 -6.27744e+66 74.207 85.447 164.128 377.689 594.997 772.965 919.086 1207.58 1357.45 1880.11 2517.05 2784.94 2964.78 3744.09 3744.09 4165.59 4435.36 5422.61 
-6.27744e+66 -6.27744e+66 -6.27744e+66 -6.27744e+66 -6.27744e+66 -6.27744e+66 -6.27744e+66 -6.27744e+66 -6.27744e+66 -6.27744e+66 74.207 113.547 255.921 418.903 561.277 683.044 930.326 1061.46 1526.05 2099.29 2342.83 2507.68 3227.05 3227.05 3620.45 3873.35 4802.53 
-6.27744e+66 -6.27744e+66 -6.27744e+66 -6.27744e+66 -6.27744e+66 -6.27744e+66 -6.27744e+66 -6.27744e+66 -6.27744e+66 -6.27744e+66 -6.27744e+66 74.207 145.394 254.048 360.829 458.243 664.311 776.712 1183.23 1692.78 1911.96 2061.83 2721.24 2721.24 3086.55 3322.59 4193.69 
-6.27744e+66 -6.27744e+66 -6.27744e+66 -6.27744e+66 -6.27744e+66 -6.27744e+66 -6.27744e+66 -6.27744e+66 -6.27744e+66 -6.27744e+66 -6.27744e+66 -6.27744e+66 74.207 128.534 199.721 272.782 437.636 531.303 879.746 1325.6 1520.43 1655.31 2254.78 2254.78 2591.98 2811.16 3624.2 
-6.27744e+66 -6.27744e+66 -6.27744e+66 -6.27744e+66 -6.27744e+66 -6.27744e+66 -6.27744e+66 -6.27744e+66 -6.27744e+66 -6.27744e+66 -6.27744e+66 -6.27744e+66 -6.27744e+66 74.207 109.801 158.508 282.148 357.082 647.451 1029.61 1200.09 1319.98 1859.51 1859.51 2168.61 2370.93 3125.89 
-6.27744e+66 -6.27744e+66 -6.27744e+66 -6.27744e+66 -6.27744e+66 -6.27744e+66 -6.27744e+66 -6.27744e+66 -6.27744e+66 -6.27744e+66 -6.27744e+66 -6.27744e+66 -6.27744e+66 -6.27744e+66 74.207 98.5605 180.988 237.188 469.483 787.952 934.073 1038.98 1518.56 1518.56 1799.56 1985.02 2681.9 
-6.27744e+66 -6.27744e+66 -6.27744e+66 -6.27744e+66 -6.27744e+66 -6.27744e+66 -6.27744e+66 -6.27744e+66 -6.27744e+66 -6.27744e+66 -6.27744e+66 -6.27744e+66 -6.27744e+66 -6.27744e+66 -6.27744e+66 74.207 115.421 152.887 327.109 581.884 703.651 793.572 1213.2 1213.2 1466.1 1634.7 2273.51 
-6.27744e+66 -6.27744e+66 -6.27744e+66 -6.27744e+66 -6.27744e+66 -6.27744e+66 -6.27744e+66 -6.27744e+66 -6.27744e+66 -6.27744e+66 -6.27744e+66 -6.27744e+66 -6.27744e+66 -6.27744e+66 -6.27744e+66 -6.27744e+66 74.207 92.9404 209.088 400.169 497.583 572.517 932.199 932.199 1157 1308.74 1889.48 
-6.27744e+66 -6.27744e+66 -6.27744e+66 -6.27744e+66 -6.27744e+66 -6.27744e+66 -6.27744e+66 -6.27744e+66 -6.27744e+66 -6.27744e+66 -6.27744e+66 -6.27744e+66 -6.27744e+66 -6.27744e+66 -6.27744e+66 -6.27744e+66 -6.27744e+66 74.207 132.281 259.668 332.729 392.676 692.411 692.411 889.112 1023.99 1546.66 
-6.27744e+66 -6.27744e+66 -6.27744e+66 -6.27744e+66 -6.27744e+66 -6.27744e+66 -6.27744e+66 -6.27744e+66 -6.27744e+66 -6.27744e+66 -6.27744e+66 -6.27744e+66 -6.27744e+66 -6.27744e+66 -6.27744e+66 -6.27744e+66 -6.27744e+66 -6.27744e+66 74.207 137.901 186.608 231.568 471.356 471.356 639.957 757.978 1222.57 
-6.27744e+66 -6.27744e+66 -6.27744e+66 -6.27744e+66 -6.27744e+66 -6.27744e+66 -6.27744e+66 -6.27744e+66 -6.27744e+66 -6.27744e+66 -6.27744e+66 -6.27744e+66 -6.27744e+66 -6.27744e+66 -6.27744e+66 -6.27744e+66 -6.27744e+66 -6.27744e+66 -6.27744e+66 74.207 98.5605 128.534 308.375 308.375 448.876 550.037 956.553 
-6.27744e+66 -6.27744e+66 -6.27744e+66 -6.27744e+66 -6.27744e+66 -6.27744e+66 -6.27744e+66 -6.27744e+66 -6.27744e+66 -6.27744e+66 -6.27744e+66 -6.27744e+66 -6.27744e+66 -6.27744e+66 -6.27744e+66 -6.27744e+66 -6.27744e+66 -6.27744e+66 -6.27744e+66 -6.27744e+66 74.207 89.1937 209.088 209.088 321.489 405.789 754.231 
-6.27744e+66 -6.27744e+66 -6.27744e+66 -6.27744e+66 -6.27744e+66 -6.27744e+66 -6.27744e+66 -6.27744e+66 -6.27744e+66 -6.27744e+66 -6.27744e+66 -6.27744e+66 -6.27744e+66 -6.27744e+66 -6.27744e+66 -6.27744e+66 -6.27744e+66 -6.27744e+66 -6.27744e+66 -6.27744e+66 -6.27744e+66 74.207 134.154 134.154 218.455 285.895 576.264 
-6.27744e+66 -6.27744e+66 -6.27744e+66 -6.27744e+66 -6.27744e+66 -6.27744e+66 -6.27744e+66 -6.27744e+66 -6.27744e+66 -6.27744e+66 -6.27744e+66 -6.27744e+66 -6.27744e+66 -6.27744e+66 -6.27744e+66 -6.27744e+66 -6.27744e+66 -6.27744e+66 -6.27744e+66 -6.27744e+66 -6.27744e+66 -6.27744e+66 74.207 74.207 130.407 180.988 413.283 
-6.27744e+66 -6.27744e+66 -6.27744e+66 -6.27744e+66 -6.27744e+66 -6.27744e+66 -6.27744e+66 -6.27744e+66 -6.27744e+66 -6.27744e+66 -6.27744e+66 -6.27744e+66 -6.27744e+66 -6.27744e+66 -6.27744e+66 -6.27744e+66 -6.27744e+66 -6.27744e+66 -6.27744e+66 -6.27744e+66 -6.27744e+66 -6.27744e+66 -6.27744e+66 74.207 102.307 136.027 310.249 
-6.27744e+66 -6.27744e+66 -6.27744e+66 -6.27744e+66 -6.27744e+66 -6.27744e+66 -6.27744e+66 -6.27744e+66 -6.27744e+66 -6.27744e+66 -6.27744e+66 -6.27744e+66 -6.27744e+66 -6.27744e+66 -6.27744e+66 -6.27744e+66 -6.27744e+66 -6.27744e+66 -6.27744e+66 -6.27744e+66 -6.27744e+66 -6.27744e+66 -6.27744e+66 -6.27744e+66 74.207 91.0671 207.215 
-6.27744e+66 -6.27744e+66 -6.27744e+66 -6.27744e+66 -6.27744e+66 -6.27744e+66 -6.27744e+66 -6.27744e+66 -6.27744e+66 -6.27744e+66 -6.27744e+66 -6.27744e+66 -6.27744e+66 -6.27744e+66 -6.27744e+66 -6.27744e+66 -6.27744e+66 -6.27744e+66 -6.27744e+66 -6.27744e+66 -6.27744e+66 -6.27744e+66 -6.27744e+66 -6.27744e+66 -6.27744e+66 74.207 132.281 
-6.27744e+66 -6.27744e+66 -6.27744e+66 -6.27744e+66 -6.27744e+66 -6.27744e+66 -6.27744e+66 -6.27744e+66 -6.27744e+66 -6.27744e+66 -6.27744e+66 -6.27744e+66 -6.27744e+66 -6.27744e+66 -6.27744e+66 -6.27744e+66 -6.27744e+66 -6.27744e+66 -6.27744e+66 -6.27744e+66 -6.27744e+66 -6.27744e+66 -6.27744e+66 -6.27744e+66 -6.27744e+66 -6.27744e+66 74.207 
-6.27744e+66 -6.27744e+66 -6.27744e+66 -6.27744e+66 -6.27744e+66 -6.27744e+66 -6.27744e+66 -6.27744e+66 -6.27744e+66 -6.27744e+66 -6.27744e+66 -6.27744e+66 -6.27744e+66 -6.27744e+66 -6.27744e+66 -6.27744e+66 -6.27744e+66 -6.27744e+66 -6.27744e+66 -6.27744e+66 -6.27744e+66 -6.27744e+66 -6.27744e+66 -6.27744e+66 -6.27744e+66 -6.27744e+66 -6.27744e+66 
-6.27744e+66 17.1564 66.0709 166.286 184.181 198.498 377.453 620.832 662.588 901.195 933.407 1160.08 1225.7 1225.7 1225.7 1426.13 1945.1 2174.16 2174.16 2453.33 3110.7 3230 3430.43 3456.68 4417.07 4502.97 5069.66 
-6.27744e+66 -6.27744e+66 17.1564 67.2639 79.1942 89.9316 233.096 435.912 471.703 680.484 709.117 913.125 972.777 972.777 972.777 1158.89 1643.26 1858.01 1858.01 2121.67 2744.43 2857.77 3048.66 3073.71 3992.35 4074.67 4618.69 
-6.27744e+66 -6.27744e+66 -6.27744e+66 17.1564 23.1216 30.2798 137.653 299.906 329.732 508.687 533.74 715.082 768.768 768.768 768.768 940.565 1390.34 1590.77 1590.77 1838.92 2427.09 2534.46 2715.8 2739.66 3616.54 3695.28 4216.64 
-6.27744e+66 -6.27744e+66 -6.27744e+66 -6.27744e+66 17.1564 20.7355 92.3176 214.007 237.868 386.997 408.472 567.145 614.867 614.867 614.867 772.347 1187.52 1373.64 1373.64 1606.28 2159.85 2261.25 2433.05 2455.72 3290.84 3366 3864.69 
-6.27744e+66 -6.27744e+66 -6.27744e+66 -6.27744e+66 -6.27744e+66 17.1564 52.9475 134.074 151.969 271.273 289.168 425.174 466.93 466.93 466.93 610.095 990.673 1162.47 1162.47 1379.6 1898.57 1994.01 2156.27 2177.74 2971.11 3042.69 3518.71 
-6.27744e+66 -6.27744e+66 -6.27744e+66 -6.27744e+66 -6.27744e+66 -6.27744e+66 17.1564 57.7196 69.65 159.128 173.444 286.782 322.573 322.573 322.573 451.421 797.401 954.882 954.882 1156.5 1640.88 1730.35 1883.06 1903.34 2654.96 2722.96 3176.31 
-6.27744e+66 -6.27744e+66 -6.27744e+66 -6.27744e+66 -6.27744e+66 -6.27744e+66 -6.27744e+66 17.1564 23.1216 82.7733 93.5107 184.181 214.007 214.007 214.007 328.538 639.921 783.085 783.085 969.198 1418.97 1502.48 1645.65 1664.74 2374.59 2439.02 2869.7 
-6.27744e+66 -6.27744e+66 -6.27744e+66 -6.27744e+66 -6.27744e+66 -6.27744e+66 -6.27744e+66 -6.27744e+66 17.1564 46.9823 54.1405 122.143 146.004 146.004 146.004 246.219 523.003 651.851 651.851 822.455 1237.63 1315.18 1448.8 1466.69 2134.79 2195.64 2603.66 
-6.27744e+66 -6.27744e+66 -6.27744e+66 -6.27744e+66 -6.27744e+66 -6.27744e+66 -6.27744e+66 -6.27744e+66 -6.27744e+66 17.1564 20.7355 66.0709 83.9664 83.9664 83.9664 169.865 412.051 526.582 526.582 681.677 1062.25 1133.84 1257.91 1274.61 1900.96 1958.22 2343.57 
-6.27744e+66 -6.27744e+66 -6.27744e+66 -6.27744e+66 -6.27744e+66 -6.27744e+66 -6.27744e+66 -6.27744e+66 -6.27744e+66 -6.27744e+66 17.1564 39.8241 51.7544 51.7544 51.7544 123.337 330.925 431.139 431.139 570.725 916.705 982.321 1096.85 1112.36 1696.95 1750.64 2113.32 
-6.27744e+66 -6.27744e+66 -6.27744e+66 -6.27744e+66 -6.27744e+66 -6.27744e+66 -6.27744e+66 -6.27744e+66 -6.27744e+66 -6.27744e+66 -6.27744e+66 17.1564 23.1216 23.1216 23.1216 80.3873 253.377 339.276 339.276 463.351 774.733 834.385 939.372 953.689 1496.52 1546.63 1886.64 
-6.27744e+66 -6.27744e+66 -6.27744e+66 -6.27744e+66 -6.27744e+66 -6.27744e+66 -6.27744e+66 -6.27744e+66 -6.27744e+66 -6.27744e+66 -6.27744e+66 -6.27744e+66 17.1564 17.1564 17.1564 60.1057 198.498 270.08 270.08 378.646 655.43 709.117 804.559 817.683 1318.76 1365.29 1682.63 
-6.27744e+66 -6.27744e+66 -6.27744e+66 -6.27744e+66 -6.27744e+66 -6.27744e+66 -6.27744e+66 -6.27744e+66 -6.27744e+66 -6.27744e+66 -6.27744e+66 -6.27744e+66 -6.27744e+66 17.1564 17.1564 45.7893 149.583 206.849 206.849 299.906 542.092 589.813 675.712 687.642 1146.96 1189.91 1484.59 
-6.27744e+66 -6.27744e+66 -6.27744e+66 -6.27744e+66 -6.27744e+66 -6.27744e+66 -6.27744e+66 -6.27744e+66 -6.27744e+66 -6.27744e+66 -6.27744e+66 -6.27744e+66 -6.27744e+66 -6.27744e+66 17.1564 31.4729 100.669 143.618 143.618 221.165 428.753 470.51 546.864 557.601 975.163 1014.53 1286.55 
-6.27744e+66 -6.27744e+66 -6.27744e+66 -6.27744e+66 -6.27744e+66 -6.27744e+66 -6.27744e+66 -6.27744e+66 -6.27744e+66 -6.27744e+66 -6.27744e+66 -6.27744e+66 -6.27744e+66 -6.27744e+66 -6.27744e+66 17.1564 51.7544 80.3873 80.3873 142.425 315.415 351.206 418.016 427.56 803.366 839.157 1088.5 
-6.27744e+66 -6.27744e+66 -6.27744e+66 -6.27744e+66 -6.27744e+66 -6.27744e+66 -6.27744e+66 -6.27744e+66 -6.27744e+66 -6.27744e+66 -6.27744e+66 -6.27744e+66 -6.27744e+66 -6.27744e+66 -6.27744e+66 -6.27744e+66 17.1564 31.4729 31.4729 78.0012 216.393 246.219 303.485 311.836 645.886 678.098 904.774 
-6.27744e+66 -6.27744e+66 -6.27744e+66 -6.27744e+66 -6.27744e+66 -6.27744e+66 -6.27744e+66 -6.27744e+66 -6.27744e+66 -6.27744e+66 -6.27744e+66 -6.27744e+66 -6.27744e+66 -6.27744e+66 -6.27744e+66 -6.27744e+66 -6.27744e+66 17.1564 17.1564 48.1753 151.969 175.83 223.551 230.71 523.003 551.636 755.645 
-6.27744e+66 -6.27744e+66 -6.27744e+66 -6.27744e+66 -6.27744e+66 -6.27744e+66 -6.27744e+66 -6.27744e+66 -6.27744e+66 -6.27744e+66 -6.27744e+66 -6.27744e+66 -6.27744e+66 -6.27744e+66 -6.27744e+66 -6.27744e+66 -6.27744e+66 -6.27744e+66 17.1564 32.6659 101.862 119.757 157.935 163.9 414.437 439.491 620.832 
-6.27744e+66 -6.27744e+66 -6.27744e+66 -6.27744e+66 -6.27744e+66 -6.27744e+66 -6.27744e+66 -6.27744e+66 -6.27744e+66 -6.27744e+66 -6.27744e+66 -6.27744e+66 -6.27744e+66 -6.27744e+66 -6.27744e+66 -6.27744e+66 -6.27744e+66 -6.27744e+66 -6.27744e+66 17.1564 51.7544 63.6848 92.3176 97.0898 305.871 327.345 486.019 
-6.27744e+66 -6.27744e+66 -6.27744e+66 -6.27744e+66 -6.27744e+66 -6.27744e+66 -6.27744e+66 -6.27744e+66 -6.27744e+66 -6.27744e+66 -6.27744e+66 -6.27744e+66 -6.27744e+66 -6.27744e+66 -6.27744e+66 -6.27744e+66 -6.27744e+66 -6.27744e+66 -6.27744e+66 -6.27744e+66 17.1564 23.1216 42.2102 45.7893 212.814 230.71 366.716 
-6.27744e+66 -6.27744e+66 -6.27744e+66 -6.27744e+66 -6.27744e+66 -6.27744e+66 -6.27744e+66 -6.27744e+66 -6.27744e+66 -6.27744e+66 -6.27744e+66 -6.27744e+66 -6.27744e+66 -6.27744e+66 -6.27744e+66 -6.27744e+66 -6.27744e+66 -6.27744e+66 -6.27744e+66 -6.27744e+66 -6.27744e+66 17.1564 26.7007 29.0868 154.355 168.672 282.01 
-6.27744e+66 -6.27744e+66 -6.27744e+66 -6.27744e+66 -6.27744e+66 -6.27744e+66 -6.27744e+66 -6.27744e+66 -6.27744e+66 -6.27744e+66 -6.27744e+66 -6.27744e+66 -6.27744e+66 -6.27744e+66 -6.27744e+66 -6.27744e+66 -6.27744e+66 -6.27744e+66 -6.27744e+66 -6.27744e+66 -6.27744e+66 -6.27744e+66 17.1564 18.3495 101.862 112.599 203.27 
-6.27744e+66 -6.27744e+66 -6.27744e+66 -6.27744e+66 -6.27744e+66 -6.27744e+66 -6.27744e+66 -6.27744e+66 -6.27744e+66 -6.27744e+66 -6.27744e+66 -6.27744e+66 -6.27744e+66 -6.27744e+66 -6.27744e+66 -6.27744e+66 -6.27744e+66 -6.27744e+66 -6.27744e+66 -6.27744e+66 -6.27744e+66 -6.27744e+66 -6.27744e+66 17.1564 58.9127 66.0709 134.074 
-6.27744e+66 -6.27744e+66 -6.27744e+66 -6.27744e+66 -6.27744e+66 -6.27744e+66 -6.27744e+66 -6.27744e+66 -6.27744e+66 -6.27744e+66 -6.27744e+66 -6.27744e+66 -6.27744e+66 -6.27744e+66 -6.27744e+66 -6.27744e+66 -6.27744e+66 -6.27744e+66 -6.27744e+66 -6.27744e+66 -6.27744e+66 -6.27744e+66 -6.27744e+66 -6.27744e+66 17.1564 20.7355 66.0709 
-6.27744e+66 -6.27744e+66 -6.27744e+66 -6.27744e+66 -6.27744e+66 -6.27744e+66 -6.27744e+66 -6.27744e+66 -6.27744e+66 -6.27744e+66 -6.27744e+66 -6.27744e+66 -6.27744e+66 -6.27744e+66 -6.27744e+66 -6.27744e+66 -6.27744e+66 -6.27744e+66 -6.27744e+66 -6.27744e+66 -6.27744e+66 -6.27744e+66 -6.27744e+66 -6.27744e+66 -6.27744e+66 17.1564 39.8241 
-6.27744e+66 -6.27744e+66 -6.27744e+66 -6.27744e+66 -6.27744e+66 -6.27744e+66 -6.27744e+66 -6.27744e+66 -6.27744e+66 -6.27744e+66 -6.27744e+66 -6.27744e+66 -6.27744e+66 -6.27744e+66 -6.27744e+66 -6.27744e+66 -6.27744e+66 -6.27744e+66 -6.27744e+66 -6.27744e+66 -6.27744e+66 -6.27744e+66 -6.27744e+66 -6.27744e+66 -6.27744e+66 -6.27744e+66 17.1564 
-6.27744e+66 -6.27744e+66 -6.27744e+66 -6.27744e+66 -6.27744e+66 -6.27744e+66 -6.27744e+66 -6.27744e+66 -6.27744e+66 -6.27744e+66 -6.27744e+66 -6.27744e+66 -6.27744e+66 -6.27744e+66 -6.27744e+66 -6.27744e+66 -6.27744e+66 -6.27744e+66 -6.27744e+66 -6.27744e+66 -6.27744e+66 -6.27744e+66 -6.27744e+66 -6.27744e+66 -6.27744e+66 -6.27744e+66 -6.27744e+66 
