26 10
1000 1000 1000 1000 1000 1000 1000 1000 1000 1000 1000 1000 1000 1000 1000 1000 1000 1000 1000 1000 1000 1000 1000 1000 1000 1000 
item 0
85 50 60 25 15 105 130 80 80 120 60 85 55 105 20 185 25 120 140 5 245 115 50 175 90 50 
186.264 186.264 186.264 186.264 186.264 186.264 186.264 186.264 186.264 186.264 186.264 186.264 186.264 186.264 186.264 186.264 186.264 186.264 186.264 186.264 186.264 186.264 186.264 186.264 186.264 186.264 
0.503789 0.503789 0.503789 0.503789 0.503789 0.503789 0.503789 0.503789 0.503789 0.503789 0.503789 0.503789 0.503789 0.503789 0.503789 0.503789 0.503789 0.503789 0.503789 0.503789 0.503789 0.503789 0.503789 0.503789 0.503789 0.503789 
item 1
20 70 45 30 105 130 140 80 100 120 0 20 105 125 55 110 80 25 145 95 125 100 150 105 55 80 
189.608 189.608 189.608 189.608 189.608 189.608 189.608 189.608 189.608 189.608 189.608 189.608 189.608 189.608 189.608 189.608 189.608 189.608 189.608 189.608 189.608 189.608 189.608 189.608 189.608 189.608 
0.483275 0.483275 0.483275 0.483275 0.483275 0.483275 0.483275 0.483275 0.483275 0.483275 0.483275 0.483275 0.483275 0.483275 0.483275 0.483275 0.483275 0.483275 0.483275 0.483275 0.483275 0.483275 0.483275 0.483275 0.483275 0.483275 
item 2
175 195 250 80 95 295 150 25 190 300 55 170 320 165 100 50 15 65 125 250 15 165 170 70 260 5 
365.16 365.16 365.16 365.16 365.16 365.16 365.16 365.16 365.16 365.16 365.16 365.16 365.16 365.16 365.16 365.16 365.16 365.16 365.16 365.16 365.16 365.16 365.16 365.16 365.16 365.16 
0.527334 0.527334 0.527334 0.527334 0.527334 0.527334 0.527334 0.527334 0.527334 0.527334 0.527334 0.527334 0.527334 0.527334 0.527334 0.527334 0.527334 0.527334 0.527334 0.527334 0.527334 0.527334 0.527334 0.527334 0.527334 0.527334 
item 3
125 75 155 120 195 50 215 130 10 460 320 335 490 25 80 545 390 255 75 200 345 355 485 285 75 630 
529.325 529.325 529.325 529.325 529.325 529.325 529.325 529.325 529.325 529.325 529.325 529.325 529.325 529.325 529.325 529.325 529.325 529.325 529.325 529.325 529.325 529.325 529.325 529.325 529.325 529.325 
0.355481 0.355481 0.355481 0.355481 0.355481 0.355481 0.355481 0.355481 0.355481 0.355481 0.355481 0.355481 0.355481 0.355481 0.355481 0.355481 0.355481 0.355481 0.355481 0.355481 0.355481 0.355481 0.355481 0.355481 0.355481 0.355481 
item 4
20 5 20 25 140 55 105 20 10 15 65 0 30 30 20 110 15 30 20 45 15 40 60 15 10 15 
31.1784 31.1784 31.1784 31.1784 31.1784 31.1784 31.1784 31.1784 31.1784 31.1784 31.1784 31.1784 31.1784 31.1784 31.1784 31.1784 31.1784 31.1784 31.1784 31.1784 31.1784 31.1784 31.1784 31.1784 31.1784 31.1784 
0.515329 0.515329 0.515329 0.515329 0.515329 0.515329 0.515329 0.515329 0.515329 0.515329 0.515329 0.515329 0.515329 0.515329 0.515329 0.515329 0.515329 0.515329 0.515329 0.515329 0.515329 0.515329 0.515329 0.515329 0.515329 0.515329 
item 5
95 55 70 55 145 0 75 70 55 80 125 95 35 10 90 140 95 80 25 70 50 80 75 120 25 80 
85.9493 85.9493 85.9493 85.9493 85.9493 85.9493 85.9493 85.9493 85.9493 85.9493 85.9493 85.9493 85.9493 85.9493 85.9493 85.9493 85.9493 85.9493 85.9493 85.9493 85.9493 85.9493 85.9493 85.9493 85.9493 85.9493 
0.457371 0.457371 0.457371 0.457371 0.457371 0.457371 0.457371 0.457371 0.457371 0.457371 0.457371 0.457371 0.457371 0.457371 0.457371 0.457371 0.457371 0.457371 0.457371 0.457371 0.457371 0.457371 0.457371 0.457371 0.457371 0.457371 
item 6
10 20 115 30 150 220 10 50 260 100 140 190 15 80 175 50 90 155 75 225 120 20 150 250 70 130 
44.2096 44.2096 44.2096 44.2096 44.2096 44.2096 44.2096 44.2096 44.2096 44.2096 44.2096 44.2096 44.2096 44.2096 44.2096 44.2096 44.2096 44.2096 44.2096 44.2096 44.2096 44.2096 44.2096 44.2096 44.2096 44.2096 
0.231192 0.231192 0.231192 0.231192 0.231192 0.231192 0.231192 0.231192 0.231192 0.231192 0.231192 0.231192 0.231192 0.231192 0.231192 0.231192 0.231192 0.231192 0.231192 0.231192 0.231192 0.231192 0.231192 0.231192 0.231192 0.231192 
item 7
290 25 170 10 30 95 70 40 225 60 185 175 160 210 130 135 95 245 20 50 90 10 195 115 215 150 
196.631 196.631 196.631 196.631 196.631 196.631 196.631 196.631 196.631 196.631 196.631 196.631 196.631 196.631 196.631 196.631 196.631 196.631 196.631 196.631 196.631 196.631 196.631 196.631 196.631 196.631 
0.396956 0.396956 0.396956 0.396956 0.396956 0.396956 0.396956 0.396956 0.396956 0.396956 0.396956 0.396956 0.396956 0.396956 0.396956 0.396956 0.396956 0.396956 0.396956 0.396956 0.396956 0.396956 0.396956 0.396956 0.396956 0.396956 
item 8
65 60 45 10 70 75 85 105 15 0 10 40 55 15 40 30 40 30 50 70 25 10 5 25 50 15 
71.3085 71.3085 71.3085 71.3085 71.3085 71.3085 71.3085 71.3085 71.3085 71.3085 71.3085 71.3085 71.3085 71.3085 71.3085 71.3085 71.3085 71.3085 71.3085 71.3085 71.3085 71.3085 71.3085 71.3085 71.3085 71.3085 
0.534721 0.534721 0.534721 0.534721 0.534721 0.534721 0.534721 0.534721 0.534721 0.534721 0.534721 0.534721 0.534721 0.534721 0.534721 0.534721 0.534721 0.534721 0.534721 0.534721 0.534721 0.534721 0.534721 0.534721 0.534721 0.534721 
item 9
220 175 350 155 125 105 210 175 175 235 160 85 350 350 270 265 55 125 200 325 155 105 260 95 80 90 
300.365 300.365 300.365 300.365 300.365 300.365 300.365 300.365 300.365 300.365 300.365 300.365 300.365 300.365 300.365 300.365 300.365 300.365 300.365 300.365 300.365 300.365 300.365 300.365 300.365 300.365 
0.379214 0.379214 0.379214 0.379214 0.379214 0.379214 0.379214 0.379214 0.379214 0.379214 0.379214 0.379214 0.379214 0.379214 0.379214 0.379214 0.379214 0.379214 0.379214 0.379214 0.379214 0.379214 0.379214 0.379214 0.379214 0.379214 
