26 10
1000 1000 1000 1000 1000 1000 1000 1000 1000 1000 1000 1000 1000 1000 1000 1000 1000 1000 1000 1000 1000 1000 1000 1000 1000 1000 
item 0
130 250 20 140 255 155 155 55 65 150 50 165 210 65 110 0 180 160 150 110 265 60 100 280 180 100 
79.7019 79.7019 79.7019 79.7019 79.7019 79.7019 79.7019 79.7019 79.7019 79.7019 79.7019 79.7019 79.7019 79.7019 79.7019 79.7019 79.7019 79.7019 79.7019 79.7019 79.7019 79.7019 79.7019 79.7019 79.7019 79.7019 
0.237928 0.237928 0.237928 0.237928 0.237928 0.237928 0.237928 0.237928 0.237928 0.237928 0.237928 0.237928 0.237928 0.237928 0.237928 0.237928 0.237928 0.237928 0.237928 0.237928 0.237928 0.237928 0.237928 0.237928 0.237928 0.237928 
item 1
45 265 155 130 75 120 150 125 25 280 90 130 240 25 5 15 160 110 15 10 45 50 5 110 50 15 
38.1142 38.1142 38.1142 38.1142 38.1142 38.1142 38.1142 38.1142 38.1142 38.1142 38.1142 38.1142 38.1142 38.1142 38.1142 38.1142 38.1142 38.1142 38.1142 38.1142 38.1142 38.1142 38.1142 38.1142 38.1142 38.1142 
0.195498 0.195498 0.195498 0.195498 0.195498 0.195498 0.195498 0.195498 0.195498 0.195498 0.195498 0.195498 0.195498 0.195498 0.195498 0.195498 0.195498 0.195498 0.195498 0.195498 0.195498 0.195498 0.195498 0.195498 0.195498 0.195498 
item 2
710 90 295 140 235 375 145 535 595 130 405 70 280 145 590 15 100 340 330 70 735 175 250 180 70 85 
76.9552 76.9552 76.9552 76.9552 76.9552 76.9552 76.9552 76.9552 76.9552 76.9552 76.9552 76.9552 76.9552 76.9552 76.9552 76.9552 76.9552 76.9552 76.9552 76.9552 76.9552 76.9552 76.9552 76.9552 76.9552 76.9552 
0.103532 0.103532 0.103532 0.103532 0.103532 0.103532 0.103532 0.103532 0.103532 0.103532 0.103532 0.103532 0.103532 0.103532 0.103532 0.103532 0.103532 0.103532 0.103532 0.103532 0.103532 0.103532 0.103532 0.103532 0.103532 0.103532 
item 3
55 110 85 100 95 70 95 150 135 95 40 50 145 250 25 175 75 170 150 110 75 390 15 180 165 65 
53.9061 53.9061 53.9061 53.9061 53.9061 53.9061 53.9061 53.9061 53.9061 53.9061 53.9061 53.9061 53.9061 53.9061 53.9061 53.9061 53.9061 53.9061 53.9061 53.9061 53.9061 53.9061 53.9061 53.9061 53.9061 53.9061 
0.202378 0.202378 0.202378 0.202378 0.202378 0.202378 0.202378 0.202378 0.202378 0.202378 0.202378 0.202378 0.202378 0.202378 0.202378 0.202378 0.202378 0.202378 0.202378 0.202378 0.202378 0.202378 0.202378 0.202378 0.202378 0.202378 
item 4
115 235 125 80 25 265 65 55 80 110 210 10 80 50 160 325 280 10 280 85 55 15 190 180 170 210 
67.414 67.414 67.414 67.414 67.414 67.414 67.414 67.414 67.414 67.414 67.414 67.414 67.414 67.414 67.414 67.414 67.414 67.414 67.414 67.414 67.414 67.414 67.414 67.414 67.414 67.414 
0.229253 0.229253 0.229253 0.229253 0.229253 0.229253 0.229253 0.229253 0.229253 0.229253 0.229253 0.229253 0.229253 0.229253 0.229253 0.229253 0.229253 0.229253 0.229253 0.229253 0.229253 0.229253 0.229253 0.229253 0.229253 0.229253 
item 5
15 110 80 65 70 15 10 85 25 50 135 45 40 10 20 25 5 95 80 25 75 45 15 5 45 50 
62.9054 62.9054 62.9054 62.9054 62.9054 62.9054 62.9054 62.9054 62.9054 62.9054 62.9054 62.9054 62.9054 62.9054 62.9054 62.9054 62.9054 62.9054 62.9054 62.9054 62.9054 62.9054 62.9054 62.9054 62.9054 62.9054 
0.559665 0.559665 0.559665 0.559665 0.559665 0.559665 0.559665 0.559665 0.559665 0.559665 0.559665 0.559665 0.559665 0.559665 0.559665 0.559665 0.559665 0.559665 0.559665 0.559665 0.559665 0.559665 0.559665 0.559665 0.559665 0.559665 
item 6
280 105 10 30 30 80 50 65 55 220 80 25 295 170 110 5 40 25 335 375 60 415 200 25 130 430 
14.66 14.66 14.66 14.66 14.66 14.66 14.66 14.66 14.66 14.66 14.66 14.66 14.66 14.66 14.66 14.66 14.66 14.66 14.66 14.66 14.66 14.66 14.66 14.66 14.66 14.66 
0.128026 0.128026 0.128026 0.128026 0.128026 0.128026 0.128026 0.128026 0.128026 0.128026 0.128026 0.128026 0.128026 0.128026 0.128026 0.128026 0.128026 0.128026 0.128026 0.128026 0.128026 0.128026 0.128026 0.128026 0.128026 0.128026 
item 7
5 0 110 70 5 30 55 30 0 110 15 30 40 25 15 65 70 15 70 5 35 10 110 20 60 25 
55.4525 55.4525 55.4525 55.4525 55.4525 55.4525 55.4525 55.4525 55.4525 55.4525 55.4525 55.4525 55.4525 55.4525 55.4525 55.4525 55.4525 55.4525 55.4525 55.4525 55.4525 55.4525 55.4525 55.4525 55.4525 55.4525 
0.543227 0.543227 0.543227 0.543227 0.543227 0.543227 0.543227 0.543227 0.543227 0.543227 0.543227 0.543227 0.543227 0.543227 0.543227 0.543227 0.543227 0.543227 0.543227 0.543227 0.543227 0.543227 0.543227 0.543227 0.543227 0.543227 
item 8
60 90 90 15 95 25 115 50 140 15 140 5 0 65 30 10 95 20 90 15 105 95 40 45 10 50 
37.4132 37.4132 37.4132 37.4132 37.4132 37.4132 37.4132 37.4132 37.4132 37.4132 37.4132 37.4132 37.4132 37.4132 37.4132 37.4132 37.4132 37.4132 37.4132 37.4132 37.4132 37.4132 37.4132 37.4132 37.4132 37.4132 
0.414503 0.414503 0.414503 0.414503 0.414503 0.414503 0.414503 0.414503 0.414503 0.414503 0.414503 0.414503 0.414503 0.414503 0.414503 0.414503 0.414503 0.414503 0.414503 0.414503 0.414503 0.414503 0.414503 0.414503 0.414503 0.414503 
item 9
110 35 75 5 75 40 130 115 10 55 20 100 190 35 115 5 20 95 0 45 125 5 40 120 80 50 
13.4775 13.4775 13.4775 13.4775 13.4775 13.4775 13.4775 13.4775 13.4775 13.4775 13.4775 13.4775 13.4775 13.4775 13.4775 13.4775 13.4775 13.4775 13.4775 13.4775 13.4775 13.4775 13.4775 13.4775 13.4775 13.4775 
0.349677 0.349677 0.349677 0.349677 0.349677 0.349677 0.349677 0.349677 0.349677 0.349677 0.349677 0.349677 0.349677 0.349677 0.349677 0.349677 0.349677 0.349677 0.349677 0.349677 0.349677 0.349677 0.349677 0.349677 0.349677 0.349677 
