13 20
1000 1000 1000 1000 1000 1000 1000 1000 1000 1000 1000 1000 1000 
item 0
5 25 70 40 35 25 5 25 5 25 40 5 25 
35.964 35.964 35.964 35.964 35.964 35.964 35.964 35.964 35.964 35.964 35.964 35.964 35.964 
0.527393 0.527393 0.527393 0.527393 0.527393 0.527393 0.527393 0.527393 0.527393 0.527393 0.527393 0.527393 0.527393 
item 1
95 50 70 5 60 30 75 30 115 25 60 65 50 
30.5434 30.5434 30.5434 30.5434 30.5434 30.5434 30.5434 30.5434 30.5434 30.5434 30.5434 30.5434 30.5434 
0.228519 0.228519 0.228519 0.228519 0.228519 0.228519 0.228519 0.228519 0.228519 0.228519 0.228519 0.228519 0.228519 
item 2
85 20 70 15 40 145 10 60 80 5 55 40 0 
65.5881 65.5881 65.5881 65.5881 65.5881 65.5881 65.5881 65.5881 65.5881 65.5881 65.5881 65.5881 65.5881 
0.320069 0.320069 0.320069 0.320069 0.320069 0.320069 0.320069 0.320069 0.320069 0.320069 0.320069 0.320069 0.320069 
item 3
80 105 45 0 55 110 5 5 50 65 50 35 15 
94.5062 94.5062 94.5062 94.5062 94.5062 94.5062 94.5062 94.5062 94.5062 94.5062 94.5062 94.5062 94.5062 
0.389457 0.389457 0.389457 0.389457 0.389457 0.389457 0.389457 0.389457 0.389457 0.389457 0.389457 0.389457 0.389457 
item 4
20 20 40 0 15 15 5 10 10 25 0 0 0 
5.3339 5.3339 5.3339 5.3339 5.3339 5.3339 5.3339 5.3339 5.3339 5.3339 5.3339 5.3339 5.3339 
0.510577 0.510577 0.510577 0.510577 0.510577 0.510577 0.510577 0.510577 0.510577 0.510577 0.510577 0.510577 0.510577 
item 5
135 30 75 40 210 205 15 5 140 5 115 40 45 
64.33 64.33 64.33 64.33 64.33 64.33 64.33 64.33 64.33 64.33 64.33 64.33 64.33 
0.145863 0.145863 0.145863 0.145863 0.145863 0.145863 0.145863 0.145863 0.145863 0.145863 0.145863 0.145863 0.145863 
item 6
40 35 10 10 0 0 50 60 30 60 15 5 30 
47.1007 47.1007 47.1007 47.1007 47.1007 47.1007 47.1007 47.1007 47.1007 47.1007 47.1007 47.1007 47.1007 
0.564577 0.564577 0.564577 0.564577 0.564577 0.564577 0.564577 0.564577 0.564577 0.564577 0.564577 0.564577 0.564577 
item 7
75 5 35 5 25 60 10 15 0 75 65 5 35 
25.5845 25.5845 25.5845 25.5845 25.5845 25.5845 25.5845 25.5845 25.5845 25.5845 25.5845 25.5845 25.5845 
0.334721 0.334721 0.334721 0.334721 0.334721 0.334721 0.334721 0.334721 0.334721 0.334721 0.334721 0.334721 0.334721 
item 8
10 0 15 35 5 5 25 5 10 15 10 30 45 
10.3935 10.3935 10.3935 10.3935 10.3935 10.3935 10.3935 10.3935 10.3935 10.3935 10.3935 10.3935 10.3935 
0.59258 0.59258 0.59258 0.59258 0.59258 0.59258 0.59258 0.59258 0.59258 0.59258 0.59258 0.59258 0.59258 
item 9
125 50 20 30 35 0 10 60 60 10 30 55 110 
56.1404 56.1404 56.1404 56.1404 56.1404 56.1404 56.1404 56.1404 56.1404 56.1404 56.1404 56.1404 56.1404 
0.336535 0.336535 0.336535 0.336535 0.336535 0.336535 0.336535 0.336535 0.336535 0.336535 0.336535 0.336535 0.336535 
item 10
190 145 0 30 105 25 45 320 70 140 145 10 80 
46.1602 46.1602 46.1602 46.1602 46.1602 46.1602 46.1602 46.1602 46.1602 46.1602 46.1602 46.1602 46.1602 
0.137674 0.137674 0.137674 0.137674 0.137674 0.137674 0.137674 0.137674 0.137674 0.137674 0.137674 0.137674 0.137674 
item 11
15 90 90 30 25 55 100 45 25 90 155 50 10 
75.0748 75.0748 75.0748 75.0748 75.0748 75.0748 75.0748 75.0748 75.0748 75.0748 75.0748 75.0748 75.0748 
0.271167 0.271167 0.271167 0.271167 0.271167 0.271167 0.271167 0.271167 0.271167 0.271167 0.271167 0.271167 0.271167 
item 12
85 30 10 30 35 20 80 45 70 60 85 50 30 
82.9499 82.9499 82.9499 82.9499 82.9499 82.9499 82.9499 82.9499 82.9499 82.9499 82.9499 82.9499 82.9499 
0.548265 0.548265 0.548265 0.548265 0.548265 0.548265 0.548265 0.548265 0.548265 0.548265 0.548265 0.548265 0.548265 
item 13
145 40 95 130 80 65 145 110 90 70 10 25 75 
95.3204 95.3204 95.3204 95.3204 95.3204 95.3204 95.3204 95.3204 95.3204 95.3204 95.3204 95.3204 95.3204 
0.374859 0.374859 0.374859 0.374859 0.374859 0.374859 0.374859 0.374859 0.374859 0.374859 0.374859 0.374859 0.374859 
item 14
60 0 5 15 65 110 15 25 135 105 55 45 0 
87.0459 87.0459 87.0459 87.0459 87.0459 87.0459 87.0459 87.0459 87.0459 87.0459 87.0459 87.0459 87.0459 
0.417475 0.417475 0.417475 0.417475 0.417475 0.417475 0.417475 0.417475 0.417475 0.417475 0.417475 0.417475 0.417475 
item 15
0 30 40 5 10 20 50 30 40 75 0 20 10 
1.15285 1.15285 1.15285 1.15285 1.15285 1.15285 1.15285 1.15285 1.15285 1.15285 1.15285 1.15285 1.15285 
0.297809 0.297809 0.297809 0.297809 0.297809 0.297809 0.297809 0.297809 0.297809 0.297809 0.297809 0.297809 0.297809 
item 16
20 35 55 45 15 0 85 55 25 10 35 15 30 
34.1857 34.1857 34.1857 34.1857 34.1857 34.1857 34.1857 34.1857 34.1857 34.1857 34.1857 34.1857 34.1857 
0.405644 0.405644 0.405644 0.405644 0.405644 0.405644 0.405644 0.405644 0.405644 0.405644 0.405644 0.405644 0.405644 
item 17
40 35 90 20 10 60 60 10 10 90 25 40 15 
34.843 34.843 34.843 34.843 34.843 34.843 34.843 34.843 34.843 34.843 34.843 34.843 34.843 
0.37266 0.37266 0.37266 0.37266 0.37266 0.37266 0.37266 0.37266 0.37266 0.37266 0.37266 0.37266 0.37266 
item 18
50 65 40 55 25 5 35 85 0 0 60 30 25 
90.594 90.594 90.594 90.594 90.594 90.594 90.594 90.594 90.594 90.594 90.594 90.594 90.594 
0.522038 0.522038 0.522038 0.522038 0.522038 0.522038 0.522038 0.522038 0.522038 0.522038 0.522038 0.522038 0.522038 
item 19
100 60 10 75 10 30 45 35 40 130 45 50 90 
17.1888 17.1888 17.1888 17.1888 17.1888 17.1888 17.1888 17.1888 17.1888 17.1888 17.1888 17.1888 17.1888 
0.217538 0.217538 0.217538 0.217538 0.217538 0.217538 0.217538 0.217538 0.217538 0.217538 0.217538 0.217538 0.217538 
