12 10 
-6.27744e+66 189.584 189.584 189.584 189.584 306.051 985.035 985.035 985.035 1345.46 1345.46 1345.46 2212.55 
-6.27744e+66 -6.27744e+66 189.584 189.584 189.584 276.934 820.122 820.122 820.122 1135.49 1135.49 1135.49 1923.76 
-6.27744e+66 -6.27744e+66 -6.27744e+66 189.584 189.584 247.818 655.208 655.208 655.208 925.525 925.525 925.525 1634.97 
-6.27744e+66 -6.27744e+66 -6.27744e+66 -6.27744e+66 189.584 218.701 490.295 490.295 490.295 715.559 715.559 715.559 1346.17 
-6.27744e+66 -6.27744e+66 -6.27744e+66 -6.27744e+66 -6.27744e+66 189.584 325.381 325.381 325.381 505.592 505.592 505.592 1057.38 
-6.27744e+66 -6.27744e+66 -6.27744e+66 -6.27744e+66 -6.27744e+66 -6.27744e+66 189.584 189.584 189.584 324.743 324.743 324.743 797.703 
-6.27744e+66 -6.27744e+66 -6.27744e+66 -6.27744e+66 -6.27744e+66 -6.27744e+66 -6.27744e+66 189.584 189.584 279.69 279.69 279.69 673.824 
-6.27744e+66 -6.27744e+66 -6.27744e+66 -6.27744e+66 -6.27744e+66 -6.27744e+66 -6.27744e+66 -6.27744e+66 189.584 234.637 234.637 234.637 549.944 
-6.27744e+66 -6.27744e+66 -6.27744e+66 -6.27744e+66 -6.27744e+66 -6.27744e+66 -6.27744e+66 -6.27744e+66 -6.27744e+66 189.584 189.584 189.584 426.065 
-6.27744e+66 -6.27744e+66 -6.27744e+66 -6.27744e+66 -6.27744e+66 -6.27744e+66 -6.27744e+66 -6.27744e+66 -6.27744e+66 -6.27744e+66 189.584 189.584 347.238 
-6.27744e+66 -6.27744e+66 -6.27744e+66 -6.27744e+66 -6.27744e+66 -6.27744e+66 -6.27744e+66 -6.27744e+66 -6.27744e+66 -6.27744e+66 -6.27744e+66 189.584 268.411 
-6.27744e+66 -6.27744e+66 -6.27744e+66 -6.27744e+66 -6.27744e+66 -6.27744e+66 -6.27744e+66 -6.27744e+66 -6.27744e+66 -6.27744e+66 -6.27744e+66 -6.27744e+66 189.584 
-6.27744e+66 -6.27744e+66 -6.27744e+66 -6.27744e+66 -6.27744e+66 -6.27744e+66 -6.27744e+66 -6.27744e+66 -6.27744e+66 -6.27744e+66 -6.27744e+66 -6.27744e+66 -6.27744e+66 
-6.27744e+66 129.671 253.738 253.738 436.819 436.819 936.304 936.304 1553.36 1553.36 1553.36 1553.36 1553.36 
-6.27744e+66 -6.27744e+66 129.671 129.671 251.725 251.725 651.313 651.313 1180.22 1180.22 1180.22 1180.22 1180.22 
-6.27744e+66 -6.27744e+66 -6.27744e+66 129.671 190.698 190.698 490.389 490.389 931.146 931.146 931.146 931.146 931.146 
-6.27744e+66 -6.27744e+66 -6.27744e+66 -6.27744e+66 129.671 129.671 329.465 329.465 682.071 682.071 682.071 682.071 682.071 
-6.27744e+66 -6.27744e+66 -6.27744e+66 -6.27744e+66 -6.27744e+66 129.671 229.568 229.568 494.022 494.022 494.022 494.022 494.022 
-6.27744e+66 -6.27744e+66 -6.27744e+66 -6.27744e+66 -6.27744e+66 -6.27744e+66 129.671 129.671 305.974 305.974 305.974 305.974 305.974 
-6.27744e+66 -6.27744e+66 -6.27744e+66 -6.27744e+66 -6.27744e+66 -6.27744e+66 -6.27744e+66 129.671 217.823 217.823 217.823 217.823 217.823 
-6.27744e+66 -6.27744e+66 -6.27744e+66 -6.27744e+66 -6.27744e+66 -6.27744e+66 -6.27744e+66 -6.27744e+66 129.671 129.671 129.671 129.671 129.671 
-6.27744e+66 -6.27744e+66 -6.27744e+66 -6.27744e+66 -6.27744e+66 -6.27744e+66 -6.27744e+66 -6.27744e+66 -6.27744e+66 129.671 129.671 129.671 129.671 
-6.27744e+66 -6.27744e+66 -6.27744e+66 -6.27744e+66 -6.27744e+66 -6.27744e+66 -6.27744e+66 -6.27744e+66 -6.27744e+66 -6.27744e+66 129.671 129.671 129.671 
-6.27744e+66 -6.27744e+66 -6.27744e+66 -6.27744e+66 -6.27744e+66 -6.27744e+66 -6.27744e+66 -6.27744e+66 -6.27744e+66 -6.27744e+66 -6.27744e+66 129.671 129.671 
-6.27744e+66 -6.27744e+66 -6.27744e+66 -6.27744e+66 -6.27744e+66 -6.27744e+66 -6.27744e+66 -6.27744e+66 -6.27744e+66 -6.27744e+66 -6.27744e+66 -6.27744e+66 129.671 
-6.27744e+66 -6.27744e+66 -6.27744e+66 -6.27744e+66 -6.27744e+66 -6.27744e+66 -6.27744e+66 -6.27744e+66 -6.27744e+66 -6.27744e+66 -6.27744e+66 -6.27744e+66 -6.27744e+66 
-6.27744e+66 313.179 378.877 419.171 419.171 419.171 1003.58 1003.58 1003.58 1529.86 1529.86 1827.38 3142.09 
-6.27744e+66 -6.27744e+66 313.179 333.326 333.326 333.326 800.856 800.856 800.856 1261.34 1261.34 1529.11 2724.31 
-6.27744e+66 -6.27744e+66 -6.27744e+66 313.179 313.179 313.179 663.827 663.827 663.827 1058.53 1058.53 1296.55 2372.22 
-6.27744e+66 -6.27744e+66 -6.27744e+66 -6.27744e+66 313.179 313.179 546.944 546.944 546.944 875.864 875.864 1084.13 2040.28 
-6.27744e+66 -6.27744e+66 -6.27744e+66 -6.27744e+66 -6.27744e+66 313.179 430.061 430.061 430.061 693.197 693.197 871.71 1708.34 
-6.27744e+66 -6.27744e+66 -6.27744e+66 -6.27744e+66 -6.27744e+66 -6.27744e+66 313.179 313.179 313.179 510.531 510.531 659.291 1376.41 
-6.27744e+66 -6.27744e+66 -6.27744e+66 -6.27744e+66 -6.27744e+66 -6.27744e+66 -6.27744e+66 313.179 313.179 444.747 444.747 563.755 1161.35 
-6.27744e+66 -6.27744e+66 -6.27744e+66 -6.27744e+66 -6.27744e+66 -6.27744e+66 -6.27744e+66 -6.27744e+66 313.179 378.963 378.963 468.219 946.296 
-6.27744e+66 -6.27744e+66 -6.27744e+66 -6.27744e+66 -6.27744e+66 -6.27744e+66 -6.27744e+66 -6.27744e+66 -6.27744e+66 313.179 313.179 372.683 731.241 
-6.27744e+66 -6.27744e+66 -6.27744e+66 -6.27744e+66 -6.27744e+66 -6.27744e+66 -6.27744e+66 -6.27744e+66 -6.27744e+66 -6.27744e+66 313.179 342.931 581.969 
-6.27744e+66 -6.27744e+66 -6.27744e+66 -6.27744e+66 -6.27744e+66 -6.27744e+66 -6.27744e+66 -6.27744e+66 -6.27744e+66 -6.27744e+66 -6.27744e+66 313.179 432.698 
-6.27744e+66 -6.27744e+66 -6.27744e+66 -6.27744e+66 -6.27744e+66 -6.27744e+66 -6.27744e+66 -6.27744e+66 -6.27744e+66 -6.27744e+66 -6.27744e+66 -6.27744e+66 313.179 
-6.27744e+66 -6.27744e+66 -6.27744e+66 -6.27744e+66 -6.27744e+66 -6.27744e+66 -6.27744e+66 -6.27744e+66 -6.27744e+66 -6.27744e+66 -6.27744e+66 -6.27744e+66 -6.27744e+66 
-6.27744e+66 154.552 154.552 287.113 525.326 525.326 1044.49 1322 1948.6 1948.6 2809.15 3166.91 3166.91 
-6.27744e+66 -6.27744e+66 154.552 220.832 379.641 379.641 794.976 1026.23 1563.31 1563.31 2328.25 2650.23 2650.23 
-6.27744e+66 -6.27744e+66 -6.27744e+66 154.552 233.956 233.956 545.458 730.462 1178.03 1178.03 1847.35 2133.56 2133.56 
-6.27744e+66 -6.27744e+66 -6.27744e+66 -6.27744e+66 154.552 154.552 362.219 500.973 859.027 859.027 1432.73 1683.16 1683.16 
-6.27744e+66 -6.27744e+66 -6.27744e+66 -6.27744e+66 -6.27744e+66 154.552 258.386 350.888 619.428 619.428 1097.51 1312.17 1312.17 
-6.27744e+66 -6.27744e+66 -6.27744e+66 -6.27744e+66 -6.27744e+66 -6.27744e+66 154.552 200.803 379.83 379.83 762.297 941.177 941.177 
-6.27744e+66 -6.27744e+66 -6.27744e+66 -6.27744e+66 -6.27744e+66 -6.27744e+66 -6.27744e+66 154.552 244.065 244.065 530.916 674.02 674.02 
-6.27744e+66 -6.27744e+66 -6.27744e+66 -6.27744e+66 -6.27744e+66 -6.27744e+66 -6.27744e+66 -6.27744e+66 154.552 154.552 345.785 453.113 453.113 
-6.27744e+66 -6.27744e+66 -6.27744e+66 -6.27744e+66 -6.27744e+66 -6.27744e+66 -6.27744e+66 -6.27744e+66 -6.27744e+66 154.552 250.169 321.721 321.721 
-6.27744e+66 -6.27744e+66 -6.27744e+66 -6.27744e+66 -6.27744e+66 -6.27744e+66 -6.27744e+66 -6.27744e+66 -6.27744e+66 -6.27744e+66 154.552 190.328 190.328 
-6.27744e+66 -6.27744e+66 -6.27744e+66 -6.27744e+66 -6.27744e+66 -6.27744e+66 -6.27744e+66 -6.27744e+66 -6.27744e+66 -6.27744e+66 -6.27744e+66 154.552 154.552 
-6.27744e+66 -6.27744e+66 -6.27744e+66 -6.27744e+66 -6.27744e+66 -6.27744e+66 -6.27744e+66 -6.27744e+66 -6.27744e+66 -6.27744e+66 -6.27744e+66 -6.27744e+66 154.552 
-6.27744e+66 -6.27744e+66 -6.27744e+66 -6.27744e+66 -6.27744e+66 -6.27744e+66 -6.27744e+66 -6.27744e+66 -6.27744e+66 -6.27744e+66 -6.27744e+66 -6.27744e+66 -6.27744e+66 
-6.27744e+66 170.593 243.417 243.417 558.472 703.978 1182.16 1541.09 2223.91 2223.91 3481.86 3481.86 3481.86 
-6.27744e+66 -6.27744e+66 170.593 170.593 380.63 489.76 872.308 1171.41 1756.68 1756.68 2874.87 2874.87 2874.87 
-6.27744e+66 -6.27744e+66 -6.27744e+66 170.593 275.612 348.365 635.276 874.56 1362.29 1362.29 2340.7 2340.7 2340.7 
-6.27744e+66 -6.27744e+66 -6.27744e+66 -6.27744e+66 170.593 206.97 398.244 577.707 967.888 967.888 1806.52 1806.52 1806.52 
-6.27744e+66 -6.27744e+66 -6.27744e+66 -6.27744e+66 -6.27744e+66 170.593 266.23 385.872 678.508 678.508 1377.37 1377.37 1377.37 
-6.27744e+66 -6.27744e+66 -6.27744e+66 -6.27744e+66 -6.27744e+66 -6.27744e+66 170.593 230.414 425.505 425.505 984.595 984.595 984.595 
-6.27744e+66 -6.27744e+66 -6.27744e+66 -6.27744e+66 -6.27744e+66 -6.27744e+66 -6.27744e+66 170.593 268.138 268.138 687.456 687.456 687.456 
-6.27744e+66 -6.27744e+66 -6.27744e+66 -6.27744e+66 -6.27744e+66 -6.27744e+66 -6.27744e+66 -6.27744e+66 170.593 170.593 450.139 450.139 450.139 
-6.27744e+66 -6.27744e+66 -6.27744e+66 -6.27744e+66 -6.27744e+66 -6.27744e+66 -6.27744e+66 -6.27744e+66 -6.27744e+66 170.593 310.366 310.366 310.366 
-6.27744e+66 -6.27744e+66 -6.27744e+66 -6.27744e+66 -6.27744e+66 -6.27744e+66 -6.27744e+66 -6.27744e+66 -6.27744e+66 -6.27744e+66 170.593 170.593 170.593 
-6.27744e+66 -6.27744e+66 -6.27744e+66 -6.27744e+66 -6.27744e+66 -6.27744e+66 -6.27744e+66 -6.27744e+66 -6.27744e+66 -6.27744e+66 -6.27744e+66 170.593 170.593 
-6.27744e+66 -6.27744e+66 -6.27744e+66 -6.27744e+66 -6.27744e+66 -6.27744e+66 -6.27744e+66 -6.27744e+66 -6.27744e+66 -6.27744e+66 -6.27744e+66 -6.27744e+66 170.593 
-6.27744e+66 -6.27744e+66 -6.27744e+66 -6.27744e+66 -6.27744e+66 -6.27744e+66 -6.27744e+66 -6.27744e+66 -6.27744e+66 -6.27744e+66 -6.27744e+66 -6.27744e+66 -6.27744e+66 
-6.27744e+66 739.387 802.859 929.966 1234.74 1475.8 2053.97 2435.26 3122.18 3122.18 4202.49 4202.49 5108.14 
-6.27744e+66 -6.27744e+66 739.387 802.94 1006.12 1186.92 1649.45 1967.2 2555.99 2555.99 3516.26 3516.26 4339.57 
-6.27744e+66 -6.27744e+66 -6.27744e+66 739.387 840.978 961.509 1308.41 1562.6 2053.26 2053.26 2893.5 2893.5 3634.48 
-6.27744e+66 -6.27744e+66 -6.27744e+66 -6.27744e+66 739.387 799.653 1030.92 1221.57 1614.09 1614.09 2334.29 2334.29 2992.95 
-6.27744e+66 -6.27744e+66 -6.27744e+66 -6.27744e+66 -6.27744e+66 739.387 855.021 982.118 1276.51 1276.51 1876.68 1876.68 2453 
-6.27744e+66 -6.27744e+66 -6.27744e+66 -6.27744e+66 -6.27744e+66 -6.27744e+66 739.387 802.936 999.199 999.199 1479.33 1479.33 1973.32 
-6.27744e+66 -6.27744e+66 -6.27744e+66 -6.27744e+66 -6.27744e+66 -6.27744e+66 -6.27744e+66 739.387 837.519 837.519 1197.62 1197.62 1609.28 
-6.27744e+66 -6.27744e+66 -6.27744e+66 -6.27744e+66 -6.27744e+66 -6.27744e+66 -6.27744e+66 -6.27744e+66 739.387 739.387 979.454 979.454 1308.78 
-6.27744e+66 -6.27744e+66 -6.27744e+66 -6.27744e+66 -6.27744e+66 -6.27744e+66 -6.27744e+66 -6.27744e+66 -6.27744e+66 739.387 859.421 859.421 1106.42 
-6.27744e+66 -6.27744e+66 -6.27744e+66 -6.27744e+66 -6.27744e+66 -6.27744e+66 -6.27744e+66 -6.27744e+66 -6.27744e+66 -6.27744e+66 739.387 739.387 904.051 
-6.27744e+66 -6.27744e+66 -6.27744e+66 -6.27744e+66 -6.27744e+66 -6.27744e+66 -6.27744e+66 -6.27744e+66 -6.27744e+66 -6.27744e+66 -6.27744e+66 739.387 821.719 
-6.27744e+66 -6.27744e+66 -6.27744e+66 -6.27744e+66 -6.27744e+66 -6.27744e+66 -6.27744e+66 -6.27744e+66 -6.27744e+66 -6.27744e+66 -6.27744e+66 -6.27744e+66 739.387 
-6.27744e+66 -6.27744e+66 -6.27744e+66 -6.27744e+66 -6.27744e+66 -6.27744e+66 -6.27744e+66 -6.27744e+66 -6.27744e+66 -6.27744e+66 -6.27744e+66 -6.27744e+66 -6.27744e+66 
-6.27744e+66 117.424 237.312 237.312 573.46 633.671 1030.11 1030.11 1030.11 1704.84 1704.84 1704.84 2768.46 
-6.27744e+66 -6.27744e+66 117.424 117.424 341.523 386.681 703.829 703.829 703.829 1294.22 1294.22 1294.22 2261.15 
-6.27744e+66 -6.27744e+66 -6.27744e+66 117.424 229.474 259.579 497.44 497.44 497.44 1003.49 1003.49 1003.49 1873.73 
-6.27744e+66 -6.27744e+66 -6.27744e+66 -6.27744e+66 117.424 132.477 291.051 291.051 291.051 712.759 712.759 712.759 1486.31 
-6.27744e+66 -6.27744e+66 -6.27744e+66 -6.27744e+66 -6.27744e+66 117.424 196.711 196.711 196.711 534.078 534.078 534.078 1210.93 
-6.27744e+66 -6.27744e+66 -6.27744e+66 -6.27744e+66 -6.27744e+66 -6.27744e+66 117.424 117.424 117.424 370.449 370.449 370.449 950.609 
-6.27744e+66 -6.27744e+66 -6.27744e+66 -6.27744e+66 -6.27744e+66 -6.27744e+66 -6.27744e+66 117.424 117.424 286.107 286.107 286.107 769.574 
-6.27744e+66 -6.27744e+66 -6.27744e+66 -6.27744e+66 -6.27744e+66 -6.27744e+66 -6.27744e+66 -6.27744e+66 117.424 201.766 201.766 201.766 588.539 
-6.27744e+66 -6.27744e+66 -6.27744e+66 -6.27744e+66 -6.27744e+66 -6.27744e+66 -6.27744e+66 -6.27744e+66 -6.27744e+66 117.424 117.424 117.424 407.504 
-6.27744e+66 -6.27744e+66 -6.27744e+66 -6.27744e+66 -6.27744e+66 -6.27744e+66 -6.27744e+66 -6.27744e+66 -6.27744e+66 -6.27744e+66 117.424 117.424 310.811 
-6.27744e+66 -6.27744e+66 -6.27744e+66 -6.27744e+66 -6.27744e+66 -6.27744e+66 -6.27744e+66 -6.27744e+66 -6.27744e+66 -6.27744e+66 -6.27744e+66 117.424 214.117 
-6.27744e+66 -6.27744e+66 -6.27744e+66 -6.27744e+66 -6.27744e+66 -6.27744e+66 -6.27744e+66 -6.27744e+66 -6.27744e+66 -6.27744e+66 -6.27744e+66 -6.27744e+66 117.424 
-6.27744e+66 -6.27744e+66 -6.27744e+66 -6.27744e+66 -6.27744e+66 -6.27744e+66 -6.27744e+66 -6.27744e+66 -6.27744e+66 -6.27744e+66 -6.27744e+66 -6.27744e+66 -6.27744e+66 
-6.27744e+66 739.416 862.571 1013.31 1013.31 1256.42 1256.42 1256.42 1256.42 1256.42 2033.37 2428.89 3769.6 
-6.27744e+66 -6.27744e+66 739.416 814.787 814.787 997.116 997.116 997.116 997.116 997.116 1687.74 2043.71 3262.53 
-6.27744e+66 -6.27744e+66 -6.27744e+66 739.416 739.416 860.969 860.969 860.969 860.969 860.969 1465.27 1781.68 2878.62 
-6.27744e+66 -6.27744e+66 -6.27744e+66 -6.27744e+66 739.416 800.192 800.192 800.192 800.192 800.192 1318.16 1595.03 2570.09 
-6.27744e+66 -6.27744e+66 -6.27744e+66 -6.27744e+66 -6.27744e+66 739.416 739.416 739.416 739.416 739.416 1171.06 1408.37 2261.55 
-6.27744e+66 -6.27744e+66 -6.27744e+66 -6.27744e+66 -6.27744e+66 -6.27744e+66 739.416 739.416 739.416 739.416 1084.73 1282.49 2013.78 
-6.27744e+66 -6.27744e+66 -6.27744e+66 -6.27744e+66 -6.27744e+66 -6.27744e+66 -6.27744e+66 739.416 739.416 739.416 998.4 1156.61 1766.02 
-6.27744e+66 -6.27744e+66 -6.27744e+66 -6.27744e+66 -6.27744e+66 -6.27744e+66 -6.27744e+66 -6.27744e+66 739.416 739.416 912.072 1030.73 1518.26 
-6.27744e+66 -6.27744e+66 -6.27744e+66 -6.27744e+66 -6.27744e+66 -6.27744e+66 -6.27744e+66 -6.27744e+66 -6.27744e+66 739.416 825.744 904.848 1270.5 
-6.27744e+66 -6.27744e+66 -6.27744e+66 -6.27744e+66 -6.27744e+66 -6.27744e+66 -6.27744e+66 -6.27744e+66 -6.27744e+66 -6.27744e+66 739.416 778.968 1022.73 
-6.27744e+66 -6.27744e+66 -6.27744e+66 -6.27744e+66 -6.27744e+66 -6.27744e+66 -6.27744e+66 -6.27744e+66 -6.27744e+66 -6.27744e+66 -6.27744e+66 739.416 861.298 
-6.27744e+66 -6.27744e+66 -6.27744e+66 -6.27744e+66 -6.27744e+66 -6.27744e+66 -6.27744e+66 -6.27744e+66 -6.27744e+66 -6.27744e+66 -6.27744e+66 -6.27744e+66 739.416 
-6.27744e+66 -6.27744e+66 -6.27744e+66 -6.27744e+66 -6.27744e+66 -6.27744e+66 -6.27744e+66 -6.27744e+66 -6.27744e+66 -6.27744e+66 -6.27744e+66 -6.27744e+66 -6.27744e+66 
-6.27744e+66 105.192 105.192 209.189 511.682 623.969 1068.7 1438.64 1438.64 2069.25 3080.41 3080.41 3080.41 
-6.27744e+66 -6.27744e+66 105.192 157.191 358.853 443.068 798.856 1107.14 1107.14 1658.92 2557.73 2557.73 2557.73 
-6.27744e+66 -6.27744e+66 -6.27744e+66 105.192 206.023 262.167 529.007 775.633 775.633 1248.59 2035.05 2035.05 2035.05 
-6.27744e+66 -6.27744e+66 -6.27744e+66 -6.27744e+66 105.192 133.264 311.158 496.127 496.127 890.255 1564.36 1564.36 1564.36 
-6.27744e+66 -6.27744e+66 -6.27744e+66 -6.27744e+66 -6.27744e+66 105.192 194.139 317.452 317.452 632.754 1194.51 1194.51 1194.51 
-6.27744e+66 -6.27744e+66 -6.27744e+66 -6.27744e+66 -6.27744e+66 -6.27744e+66 105.192 166.849 166.849 403.325 852.73 852.73 852.73 
-6.27744e+66 -6.27744e+66 -6.27744e+66 -6.27744e+66 -6.27744e+66 -6.27744e+66 -6.27744e+66 105.192 105.192 262.843 599.897 599.897 599.897 
-6.27744e+66 -6.27744e+66 -6.27744e+66 -6.27744e+66 -6.27744e+66 -6.27744e+66 -6.27744e+66 -6.27744e+66 105.192 184.018 408.72 408.72 408.72 
-6.27744e+66 -6.27744e+66 -6.27744e+66 -6.27744e+66 -6.27744e+66 -6.27744e+66 -6.27744e+66 -6.27744e+66 -6.27744e+66 105.192 217.544 217.544 217.544 
-6.27744e+66 -6.27744e+66 -6.27744e+66 -6.27744e+66 -6.27744e+66 -6.27744e+66 -6.27744e+66 -6.27744e+66 -6.27744e+66 -6.27744e+66 105.192 105.192 105.192 
-6.27744e+66 -6.27744e+66 -6.27744e+66 -6.27744e+66 -6.27744e+66 -6.27744e+66 -6.27744e+66 -6.27744e+66 -6.27744e+66 -6.27744e+66 -6.27744e+66 105.192 105.192 
-6.27744e+66 -6.27744e+66 -6.27744e+66 -6.27744e+66 -6.27744e+66 -6.27744e+66 -6.27744e+66 -6.27744e+66 -6.27744e+66 -6.27744e+66 -6.27744e+66 -6.27744e+66 105.192 
-6.27744e+66 -6.27744e+66 -6.27744e+66 -6.27744e+66 -6.27744e+66 -6.27744e+66 -6.27744e+66 -6.27744e+66 -6.27744e+66 -6.27744e+66 -6.27744e+66 -6.27744e+66 -6.27744e+66 
-6.27744e+66 186.413 186.413 282.416 282.416 282.416 282.416 282.416 282.416 406.154 1367.05 1775.6 1775.6 
-6.27744e+66 -6.27744e+66 186.413 234.414 234.414 234.414 234.414 234.414 234.414 342.685 1196.81 1564.51 1564.51 
-6.27744e+66 -6.27744e+66 -6.27744e+66 186.413 186.413 186.413 186.413 186.413 186.413 279.216 1026.58 1353.42 1353.42 
-6.27744e+66 -6.27744e+66 -6.27744e+66 -6.27744e+66 186.413 186.413 186.413 186.413 186.413 263.749 904.345 1190.33 1190.33 
-6.27744e+66 -6.27744e+66 -6.27744e+66 -6.27744e+66 -6.27744e+66 186.413 186.413 186.413 186.413 248.282 782.112 1027.25 1027.25 
-6.27744e+66 -6.27744e+66 -6.27744e+66 -6.27744e+66 -6.27744e+66 -6.27744e+66 186.413 186.413 186.413 232.815 659.878 864.157 864.157 
-6.27744e+66 -6.27744e+66 -6.27744e+66 -6.27744e+66 -6.27744e+66 -6.27744e+66 -6.27744e+66 186.413 186.413 217.347 537.645 701.068 701.068 
-6.27744e+66 -6.27744e+66 -6.27744e+66 -6.27744e+66 -6.27744e+66 -6.27744e+66 -6.27744e+66 -6.27744e+66 186.413 201.88 415.412 537.979 537.979 
-6.27744e+66 -6.27744e+66 -6.27744e+66 -6.27744e+66 -6.27744e+66 -6.27744e+66 -6.27744e+66 -6.27744e+66 -6.27744e+66 186.413 293.179 374.89 374.89 
-6.27744e+66 -6.27744e+66 -6.27744e+66 -6.27744e+66 -6.27744e+66 -6.27744e+66 -6.27744e+66 -6.27744e+66 -6.27744e+66 -6.27744e+66 186.413 227.269 227.269 
-6.27744e+66 -6.27744e+66 -6.27744e+66 -6.27744e+66 -6.27744e+66 -6.27744e+66 -6.27744e+66 -6.27744e+66 -6.27744e+66 -6.27744e+66 -6.27744e+66 186.413 186.413 
-6.27744e+66 -6.27744e+66 -6.27744e+66 -6.27744e+66 -6.27744e+66 -6.27744e+66 -6.27744e+66 -6.27744e+66 -6.27744e+66 -6.27744e+66 -6.27744e+66 -6.27744e+66 186.413 
-6.27744e+66 -6.27744e+66 -6.27744e+66 -6.27744e+66 -6.27744e+66 -6.27744e+66 -6.27744e+66 -6.27744e+66 -6.27744e+66 -6.27744e+66 -6.27744e+66 -6.27744e+66 -6.27744e+66 
