48 40 
54278.6 54278.6 54278.6 54278.6 54278.6 54278.6 54278.6 54278.6 54278.6 54278.6 54278.6 54278.6 54278.6 54278.6 54278.6 54278.6 54278.6 54278.6 54278.6 54278.6 54278.6 54278.6 54278.6 54278.6 54278.6 54278.6 54278.6 54278.6 54278.6 54278.6 54278.6 54278.6 54278.6 54278.6 54278.6 54278.6 54278.6 54278.6 54278.6 54278.6 54278.6 54278.6 54278.6 54278.6 54278.6 54278.6 54278.6 54278.6 
item 0
60.1488 0 0 120.842 69.3335 0 0 94.128 0 0 0 0 45.1528 106.231 0 57.4021 52.1176 132.931 0 0 0 101.263 89.8969 0 0 0 0 0 0 0 65.5956 130.035 0 0 0 0 32.7444 125.098 0 0 48.112 111.049 73.1569 119.09 0 0 0 78.2498 
139.984 139.984 139.984 139.984 139.984 139.984 139.984 139.984 139.984 139.984 139.984 139.984 139.984 139.984 139.984 139.984 139.984 139.984 139.984 139.984 139.984 139.984 139.984 139.984 139.984 139.984 139.984 139.984 139.984 139.984 139.984 139.984 139.984 139.984 139.984 139.984 139.984 139.984 139.984 139.984 139.984 139.984 139.984 139.984 139.984 139.984 139.984 139.984 
1 1 1 1 1 1 1 1 1 1 1 1 1 1 1 1 1 1 1 1 1 1 1 1 1 1 1 1 1 1 1 1 1 1 1 1 1 1 1 1 1 1 1 1 1 1 1 1 
item 1
85.442 140.406 0 71.6619 0 0 0 148.765 80.6945 91.8074 45.1214 80.1035 0 0 0 0 0 106.751 88.8866 106.252 32.0637 92.305 0 116.252 0 120.332 46.1987 0 0 0 0 0 32.187 0 55.9887 0 61.0244 0 0 0 0 94.1926 44.2951 115.716 0 0 54.1849 109.288 
281.032 281.032 281.032 281.032 281.032 281.032 281.032 281.032 281.032 281.032 281.032 281.032 281.032 281.032 281.032 281.032 281.032 281.032 281.032 281.032 281.032 281.032 281.032 281.032 281.032 281.032 281.032 281.032 281.032 281.032 281.032 281.032 281.032 281.032 281.032 281.032 281.032 281.032 281.032 281.032 281.032 281.032 281.032 281.032 281.032 281.032 281.032 281.032 
1 1 1 1 1 1 1 1 1 1 1 1 1 1 1 1 1 1 1 1 1 1 1 1 1 1 1 1 1 1 1 1 1 1 1 1 1 1 1 1 1 1 1 1 1 1 1 1 
item 2
34.9962 0 61.0128 101.94 0 0 0 104.514 50.3377 110.936 0 98.0478 30.8867 105.672 42.1443 0 44.4276 0 53.2569 0 55.8987 0 33.5666 110.863 68.4271 120.669 29.6901 124.831 0 123.785 64.8839 0 80.7144 165.021 0 96.6097 0 0 0 101.587 73.6903 113.662 80.9538 0 0 84.6775 30.7446 115.344 
140.514 140.514 140.514 140.514 140.514 140.514 140.514 140.514 140.514 140.514 140.514 140.514 140.514 140.514 140.514 140.514 140.514 140.514 140.514 140.514 140.514 140.514 140.514 140.514 140.514 140.514 140.514 140.514 140.514 140.514 140.514 140.514 140.514 140.514 140.514 140.514 140.514 140.514 140.514 140.514 140.514 140.514 140.514 140.514 140.514 140.514 140.514 140.514 
1 1 1 1 1 1 1 1 1 1 1 1 1 1 1 1 1 1 1 1 1 1 1 1 1 1 1 1 1 1 1 1 1 1 1 1 1 1 1 1 1 1 1 1 1 1 1 1 
item 3
19.7961 0 56.987 0 0 0 35.5053 81.1743 43.0231 0 38.0222 113.74 0 98.9247 77.3899 0 38.7844 78.6022 67.3761 112.623 0 107.414 44.3263 107.964 0 112.352 64.4563 110.429 16.0415 0 0 0 43.2978 74.0917 83.1428 119.969 0 62.9328 12.4261 89.0249 0 132.058 41.0047 0 68.542 0 0 0 
564.013 564.013 564.013 564.013 564.013 564.013 564.013 564.013 564.013 564.013 564.013 564.013 564.013 564.013 564.013 564.013 564.013 564.013 564.013 564.013 564.013 564.013 564.013 564.013 564.013 564.013 564.013 564.013 564.013 564.013 564.013 564.013 564.013 564.013 564.013 564.013 564.013 564.013 564.013 564.013 564.013 564.013 564.013 564.013 564.013 564.013 564.013 564.013 
1 1 1 1 1 1 1 1 1 1 1 1 1 1 1 1 1 1 1 1 1 1 1 1 1 1 1 1 1 1 1 1 1 1 1 1 1 1 1 1 1 1 1 1 1 1 1 1 
item 4
72.8908 0 46.6439 114.933 59.3452 0 37.743 0 0 0 0 78.0595 34.7945 81.5158 0 85.6619 20.178 0 84.7945 105.851 61.8768 78.8103 29.5412 96.0651 0 107.134 0 0 8.09043 0 0 66.692 0 110.346 0 84.8396 0 136.136 0 117.149 0 0 52.6105 0 65.1898 0 0 127.146 
667.534 667.534 667.534 667.534 667.534 667.534 667.534 667.534 667.534 667.534 667.534 667.534 667.534 667.534 667.534 667.534 667.534 667.534 667.534 667.534 667.534 667.534 667.534 667.534 667.534 667.534 667.534 667.534 667.534 667.534 667.534 667.534 667.534 667.534 667.534 667.534 667.534 667.534 667.534 667.534 667.534 667.534 667.534 667.534 667.534 667.534 667.534 667.534 
1 1 1 1 1 1 1 1 1 1 1 1 1 1 1 1 1 1 1 1 1 1 1 1 1 1 1 1 1 1 1 1 1 1 1 1 1 1 1 1 1 1 1 1 1 1 1 1 
item 5
70.6068 113.737 0 0 42.0094 146.651 17.8972 0 93.5384 118.401 0 0 0 0 0 0 63.0245 112.121 13.2954 104.61 0 100.149 49.0943 0 0 0 37.066 0 0 43.8961 31.3758 0 45.4603 0 93.8113 127.539 0 96.1526 48.6852 94.8966 51.7731 0 0 89.0605 0 94.017 0 0 
212.16 212.16 212.16 212.16 212.16 212.16 212.16 212.16 212.16 212.16 212.16 212.16 212.16 212.16 212.16 212.16 212.16 212.16 212.16 212.16 212.16 212.16 212.16 212.16 212.16 212.16 212.16 212.16 212.16 212.16 212.16 212.16 212.16 212.16 212.16 212.16 212.16 212.16 212.16 212.16 212.16 212.16 212.16 212.16 212.16 212.16 212.16 212.16 
1 1 1 1 1 1 1 1 1 1 1 1 1 1 1 1 1 1 1 1 1 1 1 1 1 1 1 1 1 1 1 1 1 1 1 1 1 1 1 1 1 1 1 1 1 1 1 1 
item 6
67.8235 112.028 0 95.6967 0 0 49.2862 0 49.5785 0 0 0 51.1614 0 0 85.5956 17.4017 0 54.175 70.6043 51.3415 124.129 72.077 66.8684 0 0 45.7722 104.96 0 125.912 0 32.8204 0 0 0 0 67.115 0 0 0 67.8675 143.909 61.6746 94.9441 0 121.823 10.8466 0 
327.023 327.023 327.023 327.023 327.023 327.023 327.023 327.023 327.023 327.023 327.023 327.023 327.023 327.023 327.023 327.023 327.023 327.023 327.023 327.023 327.023 327.023 327.023 327.023 327.023 327.023 327.023 327.023 327.023 327.023 327.023 327.023 327.023 327.023 327.023 327.023 327.023 327.023 327.023 327.023 327.023 327.023 327.023 327.023 327.023 327.023 327.023 327.023 
1 1 1 1 1 1 1 1 1 1 1 1 1 1 1 1 1 1 1 1 1 1 1 1 1 1 1 1 1 1 1 1 1 1 1 1 1 1 1 1 1 1 1 1 1 1 1 1 
item 7
4.51918 111.546 0 0 0 86.1148 0 99.4967 43.8151 0 0 83.8104 42.6722 0 0 126.856 0 89.8029 0 0 0 0 0 124.508 53.8499 0 0 87.6443 0 120.996 0 0 0 0 33.2846 48.234 0 97.7205 51.6203 126.343 46.6456 0 0 0 0 0 0 102.387 
96.6965 96.6965 96.6965 96.6965 96.6965 96.6965 96.6965 96.6965 96.6965 96.6965 96.6965 96.6965 96.6965 96.6965 96.6965 96.6965 96.6965 96.6965 96.6965 96.6965 96.6965 96.6965 96.6965 96.6965 96.6965 96.6965 96.6965 96.6965 96.6965 96.6965 96.6965 96.6965 96.6965 96.6965 96.6965 96.6965 96.6965 96.6965 96.6965 96.6965 96.6965 96.6965 96.6965 96.6965 96.6965 96.6965 96.6965 96.6965 
1 1 1 1 1 1 1 1 1 1 1 1 1 1 1 1 1 1 1 1 1 1 1 1 1 1 1 1 1 1 1 1 1 1 1 1 1 1 1 1 1 1 1 1 1 1 1 1 
item 8
65.1881 105.58 29.126 111.36 41.1476 0 0 0 49.4664 95.6662 0 95.6972 0 0 0 143.916 0 0 0 94.3763 0 89.4264 0 0 60.3208 0 44.2461 0 42.0878 104.37 0 0 0 0 0 100.839 0 0 84.5787 0 91.6056 128.998 30.4302 91.1441 0 0 10.8408 86.6005 
610.726 610.726 610.726 610.726 610.726 610.726 610.726 610.726 610.726 610.726 610.726 610.726 610.726 610.726 610.726 610.726 610.726 610.726 610.726 610.726 610.726 610.726 610.726 610.726 610.726 610.726 610.726 610.726 610.726 610.726 610.726 610.726 610.726 610.726 610.726 610.726 610.726 610.726 610.726 610.726 610.726 610.726 610.726 610.726 610.726 610.726 610.726 610.726 
1 1 1 1 1 1 1 1 1 1 1 1 1 1 1 1 1 1 1 1 1 1 1 1 1 1 1 1 1 1 1 1 1 1 1 1 1 1 1 1 1 1 1 1 1 1 1 1 
item 9
46.37 100.652 0 94.5984 36.6826 0 35.6585 110.526 0 117.371 0 97.8586 0 106.564 73.0477 0 0 108.993 0 107.117 38.8133 0 0 121.405 0 0 49.1633 56.0011 34.8085 0 69.8004 125.655 38.7106 102.456 66.478 125.474 0 0 0 136.081 0 95.5964 0 0 0 118.414 0 81.9099 
124.297 124.297 124.297 124.297 124.297 124.297 124.297 124.297 124.297 124.297 124.297 124.297 124.297 124.297 124.297 124.297 124.297 124.297 124.297 124.297 124.297 124.297 124.297 124.297 124.297 124.297 124.297 124.297 124.297 124.297 124.297 124.297 124.297 124.297 124.297 124.297 124.297 124.297 124.297 124.297 124.297 124.297 124.297 124.297 124.297 124.297 124.297 124.297 
1 1 1 1 1 1 1 1 1 1 1 1 1 1 1 1 1 1 1 1 1 1 1 1 1 1 1 1 1 1 1 1 1 1 1 1 1 1 1 1 1 1 1 1 1 1 1 1 
item 10
58.4733 105.828 0 0 0 56.9703 66.326 0 49.9417 129.279 62.6579 92.4404 33.1716 107.842 67.5385 0 0 0 0 0 61.3685 0 0 151.634 0 78.788 50.2202 0 59.0798 105.87 0 0 0 114.401 0 0 25.5511 82.0808 57.1505 113.04 41.4319 0 44.6152 0 0 100.466 0 98.1574 
440.527 440.527 440.527 440.527 440.527 440.527 440.527 440.527 440.527 440.527 440.527 440.527 440.527 440.527 440.527 440.527 440.527 440.527 440.527 440.527 440.527 440.527 440.527 440.527 440.527 440.527 440.527 440.527 440.527 440.527 440.527 440.527 440.527 440.527 440.527 440.527 440.527 440.527 440.527 440.527 440.527 440.527 440.527 440.527 440.527 440.527 440.527 440.527 
1 1 1 1 1 1 1 1 1 1 1 1 1 1 1 1 1 1 1 1 1 1 1 1 1 1 1 1 1 1 1 1 1 1 1 1 1 1 1 1 1 1 1 1 1 1 1 1 
item 11
75.1403 72.0251 30.2746 130.08 0 0 0 137.288 60.137 0 0 0 72.4043 0 0 0 0 0 61.7158 106.312 0 0 39.0212 66.7843 66.6973 0 84.1035 96.5045 56.8534 0 0 0 42.1184 111.367 59.4862 0 57.2605 0 0 94.9459 0 0 0 0 0 0 0 87.0974 
477.718 477.718 477.718 477.718 477.718 477.718 477.718 477.718 477.718 477.718 477.718 477.718 477.718 477.718 477.718 477.718 477.718 477.718 477.718 477.718 477.718 477.718 477.718 477.718 477.718 477.718 477.718 477.718 477.718 477.718 477.718 477.718 477.718 477.718 477.718 477.718 477.718 477.718 477.718 477.718 477.718 477.718 477.718 477.718 477.718 477.718 477.718 477.718 
1 1 1 1 1 1 1 1 1 1 1 1 1 1 1 1 1 1 1 1 1 1 1 1 1 1 1 1 1 1 1 1 1 1 1 1 1 1 1 1 1 1 1 1 1 1 1 1 
item 12
33.3444 0 85.9147 81.5469 42.1942 124.627 70.2944 97.5461 0 118.033 0 104.94 86.4989 0 0 113.216 0 0 48.1786 116.076 22.5447 93.6611 0 96.9629 0 116.687 77.9596 99.8004 35.6363 132.868 0 106.627 48.8457 113.492 0 0 0 111.062 0 117.862 0 0 0 0 0 0 64.9432 90.7113 
102.539 102.539 102.539 102.539 102.539 102.539 102.539 102.539 102.539 102.539 102.539 102.539 102.539 102.539 102.539 102.539 102.539 102.539 102.539 102.539 102.539 102.539 102.539 102.539 102.539 102.539 102.539 102.539 102.539 102.539 102.539 102.539 102.539 102.539 102.539 102.539 102.539 102.539 102.539 102.539 102.539 102.539 102.539 102.539 102.539 102.539 102.539 102.539 
1 1 1 1 1 1 1 1 1 1 1 1 1 1 1 1 1 1 1 1 1 1 1 1 1 1 1 1 1 1 1 1 1 1 1 1 1 1 1 1 1 1 1 1 1 1 1 1 
item 13
37.3465 0 0 0 0 82.7901 0 0 55.5707 0 0 109.791 32.5029 88.8127 0 0 71.9076 0 0 103.758 76.7633 98.6508 61.3363 0 0 0 54.7069 95.2827 74.9404 93.422 49.8158 91.0491 57.3714 103.008 0 58.8501 0 0 39.936 0 0 0 75.2903 0 30.903 157.784 0 0 
83.5864 83.5864 83.5864 83.5864 83.5864 83.5864 83.5864 83.5864 83.5864 83.5864 83.5864 83.5864 83.5864 83.5864 83.5864 83.5864 83.5864 83.5864 83.5864 83.5864 83.5864 83.5864 83.5864 83.5864 83.5864 83.5864 83.5864 83.5864 83.5864 83.5864 83.5864 83.5864 83.5864 83.5864 83.5864 83.5864 83.5864 83.5864 83.5864 83.5864 83.5864 83.5864 83.5864 83.5864 83.5864 83.5864 83.5864 83.5864 
1 1 1 1 1 1 1 1 1 1 1 1 1 1 1 1 1 1 1 1 1 1 1 1 1 1 1 1 1 1 1 1 1 1 1 1 1 1 1 1 1 1 1 1 1 1 1 1 
item 14
68.5245 0 0 0 0 143.37 51.4916 89.7309 45.0426 96.4437 49.9453 129.604 59.676 0 50.4039 122.727 62.0279 0 70.1697 124.213 0 73.0049 0 0 26.1263 0 0 113.249 64.5648 0 40.677 102.393 0 85.444 38.4901 0 70.0208 105.08 0 0 59.7244 0 56.5435 0 0 123.043 0 0 
619.783 619.783 619.783 619.783 619.783 619.783 619.783 619.783 619.783 619.783 619.783 619.783 619.783 619.783 619.783 619.783 619.783 619.783 619.783 619.783 619.783 619.783 619.783 619.783 619.783 619.783 619.783 619.783 619.783 619.783 619.783 619.783 619.783 619.783 619.783 619.783 619.783 619.783 619.783 619.783 619.783 619.783 619.783 619.783 619.783 619.783 619.783 619.783 
1 1 1 1 1 1 1 1 1 1 1 1 1 1 1 1 1 1 1 1 1 1 1 1 1 1 1 1 1 1 1 1 1 1 1 1 1 1 1 1 1 1 1 1 1 1 1 1 
item 15
51.7117 129.321 0 36.7422 77.2677 0 0 0 0 0 65.2442 0 0 0 0 98.4103 0 89.1899 0 110.915 0 104.37 60.696 113.973 0 0 65.1627 150.182 0 79.5368 42.3077 117.574 0 0 0 101.187 0 114.622 0 117.214 91.4445 0 0 0 0 0 0 0 
627.84 627.84 627.84 627.84 627.84 627.84 627.84 627.84 627.84 627.84 627.84 627.84 627.84 627.84 627.84 627.84 627.84 627.84 627.84 627.84 627.84 627.84 627.84 627.84 627.84 627.84 627.84 627.84 627.84 627.84 627.84 627.84 627.84 627.84 627.84 627.84 627.84 627.84 627.84 627.84 627.84 627.84 627.84 627.84 627.84 627.84 627.84 627.84 
1 1 1 1 1 1 1 1 1 1 1 1 1 1 1 1 1 1 1 1 1 1 1 1 1 1 1 1 1 1 1 1 1 1 1 1 1 1 1 1 1 1 1 1 1 1 1 1 
item 16
45.1223 0 0 0 51.1788 0 57.0447 0 0 0 44.2162 78.4898 0 0 0 110.212 53.1291 90.4651 0 117.638 55.1177 0 0 0 0 0 0 127.915 0 0 35.4146 128.114 21.7192 0 0 111.337 0 0 0 73.3432 0 0 43.8193 88.593 0 0 87.1506 79.6569 
148.756 148.756 148.756 148.756 148.756 148.756 148.756 148.756 148.756 148.756 148.756 148.756 148.756 148.756 148.756 148.756 148.756 148.756 148.756 148.756 148.756 148.756 148.756 148.756 148.756 148.756 148.756 148.756 148.756 148.756 148.756 148.756 148.756 148.756 148.756 148.756 148.756 148.756 148.756 148.756 148.756 148.756 148.756 148.756 148.756 148.756 148.756 148.756 
1 1 1 1 1 1 1 1 1 1 1 1 1 1 1 1 1 1 1 1 1 1 1 1 1 1 1 1 1 1 1 1 1 1 1 1 1 1 1 1 1 1 1 1 1 1 1 1 
item 17
42.6104 106.297 36.7672 93.5991 74.8737 0 77.1401 117.092 0 0 0 104.365 47.1646 0 0 143.876 0 120.996 41.8537 0 0 105.519 19.592 109.88 19.3722 84.9589 0 0 0 0 0 83.6046 0 116.345 0 0 0 0 11.4463 0 45.9108 58.9628 25.8027 135.596 0 0 0 0 
91.484 91.484 91.484 91.484 91.484 91.484 91.484 91.484 91.484 91.484 91.484 91.484 91.484 91.484 91.484 91.484 91.484 91.484 91.484 91.484 91.484 91.484 91.484 91.484 91.484 91.484 91.484 91.484 91.484 91.484 91.484 91.484 91.484 91.484 91.484 91.484 91.484 91.484 91.484 91.484 91.484 91.484 91.484 91.484 91.484 91.484 91.484 91.484 
1 1 1 1 1 1 1 1 1 1 1 1 1 1 1 1 1 1 1 1 1 1 1 1 1 1 1 1 1 1 1 1 1 1 1 1 1 1 1 1 1 1 1 1 1 1 1 1 
item 18
74.1674 0 0 53.9951 0 115.051 0 86.303 58.2367 92.421 0 103.454 66.8525 71.0426 0 0 0 0 43.9423 0 58.0997 0 0 118.761 77.4451 0 68.6572 122.202 0 0 0 0 38.5338 0 0 96.0352 51.9097 101.059 36.9826 119.773 96.3124 112.995 0 77.6738 34.3352 0 19.8981 114.043 
393.134 393.134 393.134 393.134 393.134 393.134 393.134 393.134 393.134 393.134 393.134 393.134 393.134 393.134 393.134 393.134 393.134 393.134 393.134 393.134 393.134 393.134 393.134 393.134 393.134 393.134 393.134 393.134 393.134 393.134 393.134 393.134 393.134 393.134 393.134 393.134 393.134 393.134 393.134 393.134 393.134 393.134 393.134 393.134 393.134 393.134 393.134 393.134 
1 1 1 1 1 1 1 1 1 1 1 1 1 1 1 1 1 1 1 1 1 1 1 1 1 1 1 1 1 1 1 1 1 1 1 1 1 1 1 1 1 1 1 1 1 1 1 1 
item 19
63.0172 100.127 0 127.879 0 0 50.6476 101.76 0 83.2328 62.2847 143.443 53.2846 101.656 20.7347 88.3777 0 84.9265 56.7942 0 0 82.6803 0 83.5531 0 0 56.0688 92.2124 0 137.526 0 114.097 62.4529 111.847 0 100.943 61.5811 128.899 15.7599 0 42.8466 0 39.7313 70.3147 0 120.359 0 83.122 
618.71 618.71 618.71 618.71 618.71 618.71 618.71 618.71 618.71 618.71 618.71 618.71 618.71 618.71 618.71 618.71 618.71 618.71 618.71 618.71 618.71 618.71 618.71 618.71 618.71 618.71 618.71 618.71 618.71 618.71 618.71 618.71 618.71 618.71 618.71 618.71 618.71 618.71 618.71 618.71 618.71 618.71 618.71 618.71 618.71 618.71 618.71 618.71 
1 1 1 1 1 1 1 1 1 1 1 1 1 1 1 1 1 1 1 1 1 1 1 1 1 1 1 1 1 1 1 1 1 1 1 1 1 1 1 1 1 1 1 1 1 1 1 1 
item 20
65.1693 0 0 103.391 0 84.8363 98.2307 36.8071 72.3591 0 36.5003 65.8029 32.7853 0 0 0 68.5493 82.6615 69.5658 0 59.6856 0 0 99.0952 51.6727 87.5042 23.7806 81.937 75.439 78.8176 0 0 59.5041 0 75.1875 0 0 78.9604 60.5688 0 43.7067 124.065 50.2834 0 0 0 0 66.3216 
277.117 277.117 277.117 277.117 277.117 277.117 277.117 277.117 277.117 277.117 277.117 277.117 277.117 277.117 277.117 277.117 277.117 277.117 277.117 277.117 277.117 277.117 277.117 277.117 277.117 277.117 277.117 277.117 277.117 277.117 277.117 277.117 277.117 277.117 277.117 277.117 277.117 277.117 277.117 277.117 277.117 277.117 277.117 277.117 277.117 277.117 277.117 277.117 
1 1 1 1 1 1 1 1 1 1 1 1 1 1 1 1 1 1 1 1 1 1 1 1 1 1 1 1 1 1 1 1 1 1 1 1 1 1 1 1 1 1 1 1 1 1 1 1 
item 21
48.7494 92.1847 48.7946 0 0 0 79.104 89.1601 0 80.1989 100.352 107.924 33.4855 0 0 105.065 14.4804 103.248 46.7525 105.694 0 0 43.4979 70.6012 39.6861 98.2003 0 86.544 61.559 0 0 113.62 59.985 0 73.3419 0 48.2809 0 0 0 0 0 39.6641 72.9752 0 0 0 0 
106.305 106.305 106.305 106.305 106.305 106.305 106.305 106.305 106.305 106.305 106.305 106.305 106.305 106.305 106.305 106.305 106.305 106.305 106.305 106.305 106.305 106.305 106.305 106.305 106.305 106.305 106.305 106.305 106.305 106.305 106.305 106.305 106.305 106.305 106.305 106.305 106.305 106.305 106.305 106.305 106.305 106.305 106.305 106.305 106.305 106.305 106.305 106.305 
1 1 1 1 1 1 1 1 1 1 1 1 1 1 1 1 1 1 1 1 1 1 1 1 1 1 1 1 1 1 1 1 1 1 1 1 1 1 1 1 1 1 1 1 1 1 1 1 
item 22
50.7752 83.9685 0 103.237 9.35393 0 48.7362 97.9497 50.2965 0 28.8037 110.037 40.4759 126.076 38.3767 103.541 25.4935 92.3255 0 0 0 114.833 16.7828 120.032 0 0 0 0 79.8315 104.364 41.7416 0 74.0245 107.751 44.1602 94.7547 78.0672 113.499 53.6791 113.286 35.6031 0 85.098 0 0 91.1284 52.6908 0 
140.376 140.376 140.376 140.376 140.376 140.376 140.376 140.376 140.376 140.376 140.376 140.376 140.376 140.376 140.376 140.376 140.376 140.376 140.376 140.376 140.376 140.376 140.376 140.376 140.376 140.376 140.376 140.376 140.376 140.376 140.376 140.376 140.376 140.376 140.376 140.376 140.376 140.376 140.376 140.376 140.376 140.376 140.376 140.376 140.376 140.376 140.376 140.376 
1 1 1 1 1 1 1 1 1 1 1 1 1 1 1 1 1 1 1 1 1 1 1 1 1 1 1 1 1 1 1 1 1 1 1 1 1 1 1 1 1 1 1 1 1 1 1 1 
item 23
56.5378 0 0 80.8244 0 125.854 0 0 34.302 99.1586 0 0 0 87.6552 0 109.483 0 0 33.9206 80.0109 40.5657 0 0 93.0643 0 142.735 0 73.1193 18.592 0 42.5336 90.932 32.5261 108.569 56.7247 0 0 108.393 29.3112 0 42.5873 80.2776 0 0 60.6025 96.1768 64.4316 0 
417.774 417.774 417.774 417.774 417.774 417.774 417.774 417.774 417.774 417.774 417.774 417.774 417.774 417.774 417.774 417.774 417.774 417.774 417.774 417.774 417.774 417.774 417.774 417.774 417.774 417.774 417.774 417.774 417.774 417.774 417.774 417.774 417.774 417.774 417.774 417.774 417.774 417.774 417.774 417.774 417.774 417.774 417.774 417.774 417.774 417.774 417.774 417.774 
1 1 1 1 1 1 1 1 1 1 1 1 1 1 1 1 1 1 1 1 1 1 1 1 1 1 1 1 1 1 1 1 1 1 1 1 1 1 1 1 1 1 1 1 1 1 1 1 
item 24
92.7769 76.4769 63.5681 120.996 32.6787 87.2561 22.0909 107.156 0 101.523 50.172 78.6221 69.0116 84.0784 55.0439 0 50.9024 0 65.3177 88.4469 23.5979 89.5844 0 92.9781 76.4377 94.7881 0 103.614 15.0819 63.834 0 133.957 55.2017 0 0 0 0 110.233 53.1036 94.9839 47.8052 0 0 0 67.8739 0 36.9833 109.817 
280.29 280.29 280.29 280.29 280.29 280.29 280.29 280.29 280.29 280.29 280.29 280.29 280.29 280.29 280.29 280.29 280.29 280.29 280.29 280.29 280.29 280.29 280.29 280.29 280.29 280.29 280.29 280.29 280.29 280.29 280.29 280.29 280.29 280.29 280.29 280.29 280.29 280.29 280.29 280.29 280.29 280.29 280.29 280.29 280.29 280.29 280.29 280.29 
1 1 1 1 1 1 1 1 1 1 1 1 1 1 1 1 1 1 1 1 1 1 1 1 1 1 1 1 1 1 1 1 1 1 1 1 1 1 1 1 1 1 1 1 1 1 1 1 
item 25
69.1525 128.471 0 78.3435 57.9096 0 80.7461 0 94.6536 82.2121 46.3858 0 0 0 0 0 0 0 0 0 50.6525 81.2828 43.2424 95.38 47.3404 0 0 0 29.9185 0 0 107.302 78.5075 0 0 0 66.6426 95.6831 27.6084 110.6 68.3129 0 34.0506 111.557 66.2127 0 69.1392 0 
222.068 222.068 222.068 222.068 222.068 222.068 222.068 222.068 222.068 222.068 222.068 222.068 222.068 222.068 222.068 222.068 222.068 222.068 222.068 222.068 222.068 222.068 222.068 222.068 222.068 222.068 222.068 222.068 222.068 222.068 222.068 222.068 222.068 222.068 222.068 222.068 222.068 222.068 222.068 222.068 222.068 222.068 222.068 222.068 222.068 222.068 222.068 222.068 
1 1 1 1 1 1 1 1 1 1 1 1 1 1 1 1 1 1 1 1 1 1 1 1 1 1 1 1 1 1 1 1 1 1 1 1 1 1 1 1 1 1 1 1 1 1 1 1 
item 26
12.8329 104.63 0 0 0 0 81.1684 0 0 122.283 0 0 48.3462 0 0 83.9968 14.1203 99.3981 68.3093 0 0 0 52.8616 115.43 0 119.01 91.678 89.4692 31.3013 74.4952 0 99.4745 0 95.9077 0 112.603 0 102.431 58.8492 0 0 90.3939 0 0 0 0 0 0 
575.942 575.942 575.942 575.942 575.942 575.942 575.942 575.942 575.942 575.942 575.942 575.942 575.942 575.942 575.942 575.942 575.942 575.942 575.942 575.942 575.942 575.942 575.942 575.942 575.942 575.942 575.942 575.942 575.942 575.942 575.942 575.942 575.942 575.942 575.942 575.942 575.942 575.942 575.942 575.942 575.942 575.942 575.942 575.942 575.942 575.942 575.942 575.942 
1 1 1 1 1 1 1 1 1 1 1 1 1 1 1 1 1 1 1 1 1 1 1 1 1 1 1 1 1 1 1 1 1 1 1 1 1 1 1 1 1 1 1 1 1 1 1 1 
item 27
60.625 0 55.1671 105.848 29.8662 0 0 100.3 43.0885 0 0 63.3117 76.9097 106.289 62.0352 102.385 0 118.64 37.6659 78.0992 0 96.2077 41.5446 0 43.4916 119.226 53.8792 0 0 0 22.4636 0 36.6554 119.028 27.641 75.4523 78.9964 0 0 102.29 0 0 0 0 0 78.307 56.3504 77.7247 
672.505 672.505 672.505 672.505 672.505 672.505 672.505 672.505 672.505 672.505 672.505 672.505 672.505 672.505 672.505 672.505 672.505 672.505 672.505 672.505 672.505 672.505 672.505 672.505 672.505 672.505 672.505 672.505 672.505 672.505 672.505 672.505 672.505 672.505 672.505 672.505 672.505 672.505 672.505 672.505 672.505 672.505 672.505 672.505 672.505 672.505 672.505 672.505 
1 1 1 1 1 1 1 1 1 1 1 1 1 1 1 1 1 1 1 1 1 1 1 1 1 1 1 1 1 1 1 1 1 1 1 1 1 1 1 1 1 1 1 1 1 1 1 1 
item 28
104.477 114.485 54.9852 0 23.8379 147.537 0 108.234 0 0 0 0 27.3338 0 0 0 0 0 37.8265 125.501 55.0016 99.5105 0 0 0 0 0 88.9935 0 0 0 0 72.4593 95.8007 0 92.1582 33.6466 87.8136 0 0 71.6801 106.362 0 67.519 58.4564 0 66.7077 0 
256.797 256.797 256.797 256.797 256.797 256.797 256.797 256.797 256.797 256.797 256.797 256.797 256.797 256.797 256.797 256.797 256.797 256.797 256.797 256.797 256.797 256.797 256.797 256.797 256.797 256.797 256.797 256.797 256.797 256.797 256.797 256.797 256.797 256.797 256.797 256.797 256.797 256.797 256.797 256.797 256.797 256.797 256.797 256.797 256.797 256.797 256.797 256.797 
1 1 1 1 1 1 1 1 1 1 1 1 1 1 1 1 1 1 1 1 1 1 1 1 1 1 1 1 1 1 1 1 1 1 1 1 1 1 1 1 1 1 1 1 1 1 1 1 
item 29
38.271 98.0589 51.9774 85.1716 53.0416 0 60.6575 0 32.7399 0 0 0 0 0 0 0 75.2977 0 0 0 42.7545 0 47.0155 123.464 54.1784 81.1016 57.355 0 0 121.467 0 89.7083 0 118.169 91.6305 76.5324 0 76.649 0 103.403 76.7933 119.151 0 118.273 35.5115 0 73.046 98.3221 
523.124 523.124 523.124 523.124 523.124 523.124 523.124 523.124 523.124 523.124 523.124 523.124 523.124 523.124 523.124 523.124 523.124 523.124 523.124 523.124 523.124 523.124 523.124 523.124 523.124 523.124 523.124 523.124 523.124 523.124 523.124 523.124 523.124 523.124 523.124 523.124 523.124 523.124 523.124 523.124 523.124 523.124 523.124 523.124 523.124 523.124 523.124 523.124 
1 1 1 1 1 1 1 1 1 1 1 1 1 1 1 1 1 1 1 1 1 1 1 1 1 1 1 1 1 1 1 1 1 1 1 1 1 1 1 1 1 1 1 1 1 1 1 1 
item 30
98.0743 67.2757 0 0 0 123.61 0 0 10.9955 104.219 39.8069 93.5012 0 126.756 68.3454 0 64.986 0 3.69618 105.975 53.714 106.108 57.6662 0 62.8538 83.3253 0 94.4006 0 105.758 28.7724 74.1152 0 0 0 0 0 0 68.6081 98.5762 36.774 93.1444 42.9307 0 30.1646 0 47.6036 0 
238.805 238.805 238.805 238.805 238.805 238.805 238.805 238.805 238.805 238.805 238.805 238.805 238.805 238.805 238.805 238.805 238.805 238.805 238.805 238.805 238.805 238.805 238.805 238.805 238.805 238.805 238.805 238.805 238.805 238.805 238.805 238.805 238.805 238.805 238.805 238.805 238.805 238.805 238.805 238.805 238.805 238.805 238.805 238.805 238.805 238.805 238.805 238.805 
1 1 1 1 1 1 1 1 1 1 1 1 1 1 1 1 1 1 1 1 1 1 1 1 1 1 1 1 1 1 1 1 1 1 1 1 1 1 1 1 1 1 1 1 1 1 1 1 
item 31
64.4461 79.2501 16.028 0 0 0 0 108.974 0 88.4098 0 122.883 65.605 0 37.6029 89.1055 0 82.1906 57.9937 0 35.364 0 63.1994 101.195 0 0 65.4525 0 27.1954 0 39.2854 0 0 74.3679 42.6496 75.7143 39.6808 0 0 0 0 0 42.0529 91.7093 97.9256 61.2798 0 88.7241 
83.668 83.668 83.668 83.668 83.668 83.668 83.668 83.668 83.668 83.668 83.668 83.668 83.668 83.668 83.668 83.668 83.668 83.668 83.668 83.668 83.668 83.668 83.668 83.668 83.668 83.668 83.668 83.668 83.668 83.668 83.668 83.668 83.668 83.668 83.668 83.668 83.668 83.668 83.668 83.668 83.668 83.668 83.668 83.668 83.668 83.668 83.668 83.668 
1 1 1 1 1 1 1 1 1 1 1 1 1 1 1 1 1 1 1 1 1 1 1 1 1 1 1 1 1 1 1 1 1 1 1 1 1 1 1 1 1 1 1 1 1 1 1 1 
item 32
59.5615 126.217 0 0 37.6128 68.6794 90.1028 0 54.9587 116.298 0 0 0 0 50.6576 77.75 41.1076 97.297 0 0 0 80.7874 43.3258 0 70.7241 0 46.6198 0 0 80.4672 73.0287 0 20.9161 0 83.0179 0 0 74.664 0 0 0 92.7697 45.831 98.9319 40.431 120.408 27.4127 0 
269.399 269.399 269.399 269.399 269.399 269.399 269.399 269.399 269.399 269.399 269.399 269.399 269.399 269.399 269.399 269.399 269.399 269.399 269.399 269.399 269.399 269.399 269.399 269.399 269.399 269.399 269.399 269.399 269.399 269.399 269.399 269.399 269.399 269.399 269.399 269.399 269.399 269.399 269.399 269.399 269.399 269.399 269.399 269.399 269.399 269.399 269.399 269.399 
1 1 1 1 1 1 1 1 1 1 1 1 1 1 1 1 1 1 1 1 1 1 1 1 1 1 1 1 1 1 1 1 1 1 1 1 1 1 1 1 1 1 1 1 1 1 1 1 
item 33
13.9833 0 64.2055 105.705 0 0 35.852 0 0 0 0 114.438 0 0 38.5964 114.56 0 0 31.1462 119.599 51.5511 127.462 39.3075 0 0 65.9524 0 0 50.7838 94.4244 0 119.177 22.8047 132.654 0 0 36.1579 105.111 79.4718 0 0 0 0 0 7.17915 0 0 121.967 
544.741 544.741 544.741 544.741 544.741 544.741 544.741 544.741 544.741 544.741 544.741 544.741 544.741 544.741 544.741 544.741 544.741 544.741 544.741 544.741 544.741 544.741 544.741 544.741 544.741 544.741 544.741 544.741 544.741 544.741 544.741 544.741 544.741 544.741 544.741 544.741 544.741 544.741 544.741 544.741 544.741 544.741 544.741 544.741 544.741 544.741 544.741 544.741 
1 1 1 1 1 1 1 1 1 1 1 1 1 1 1 1 1 1 1 1 1 1 1 1 1 1 1 1 1 1 1 1 1 1 1 1 1 1 1 1 1 1 1 1 1 1 1 1 
item 34
21.9574 0 45.6768 110.667 0 110.355 0 0 0 0 0 119.001 55.6755 0 0 107.003 57.9526 0 0 0 40.1344 0 0 0 75.987 100.75 31.4599 0 64.1545 0 0 0 41.184 0 0 109.491 57.8227 100.463 31.4291 73.6967 49.4881 0 84.166 155.303 27.3221 0 0 86.3177 
477.235 477.235 477.235 477.235 477.235 477.235 477.235 477.235 477.235 477.235 477.235 477.235 477.235 477.235 477.235 477.235 477.235 477.235 477.235 477.235 477.235 477.235 477.235 477.235 477.235 477.235 477.235 477.235 477.235 477.235 477.235 477.235 477.235 477.235 477.235 477.235 477.235 477.235 477.235 477.235 477.235 477.235 477.235 477.235 477.235 477.235 477.235 477.235 
1 1 1 1 1 1 1 1 1 1 1 1 1 1 1 1 1 1 1 1 1 1 1 1 1 1 1 1 1 1 1 1 1 1 1 1 1 1 1 1 1 1 1 1 1 1 1 1 
item 35
36.1595 87.9739 0 0 0 0 75.5533 0 79.7896 0 49.314 0 0 134.914 0 0 0 96.6298 0 106.035 76.926 108.006 0 92.6832 0 0 0 106.225 20.2187 114.032 0 0 34.2031 80.0497 0 52.7122 81.3936 0 0 0 68.5181 0 0 102.809 0 74.4234 56.2714 107.112 
301.94 301.94 301.94 301.94 301.94 301.94 301.94 301.94 301.94 301.94 301.94 301.94 301.94 301.94 301.94 301.94 301.94 301.94 301.94 301.94 301.94 301.94 301.94 301.94 301.94 301.94 301.94 301.94 301.94 301.94 301.94 301.94 301.94 301.94 301.94 301.94 301.94 301.94 301.94 301.94 301.94 301.94 301.94 301.94 301.94 301.94 301.94 301.94 
1 1 1 1 1 1 1 1 1 1 1 1 1 1 1 1 1 1 1 1 1 1 1 1 1 1 1 1 1 1 1 1 1 1 1 1 1 1 1 1 1 1 1 1 1 1 1 1 
item 36
71.4984 100.786 0 0 0 118.922 0 82.4791 39.7952 117.742 44.4319 0 0 0 0 64.4661 60.9571 78.3383 0 61.4928 0 65.1309 0 99.5501 48.0689 75.837 71.8813 0 0 0 0 0 0 0 55.1628 0 0 0 0 0 0 131.373 0 0 13.79 109.77 0 77.8866 
227.015 227.015 227.015 227.015 227.015 227.015 227.015 227.015 227.015 227.015 227.015 227.015 227.015 227.015 227.015 227.015 227.015 227.015 227.015 227.015 227.015 227.015 227.015 227.015 227.015 227.015 227.015 227.015 227.015 227.015 227.015 227.015 227.015 227.015 227.015 227.015 227.015 227.015 227.015 227.015 227.015 227.015 227.015 227.015 227.015 227.015 227.015 227.015 
1 1 1 1 1 1 1 1 1 1 1 1 1 1 1 1 1 1 1 1 1 1 1 1 1 1 1 1 1 1 1 1 1 1 1 1 1 1 1 1 1 1 1 1 1 1 1 1 
item 37
42.1643 0 0 0 0 0 26.0748 0 0 91.6824 0 119.689 52.1001 94.7104 0 0 28.8499 0 41.6351 0 0 0 0 113.614 0 88.511 58.4145 91.3209 52.9786 112.773 38.1903 0 0 0 55.0193 79.129 65.8959 0 0 0 76.6243 0 37.9835 0 0 0 0 0 
238.504 238.504 238.504 238.504 238.504 238.504 238.504 238.504 238.504 238.504 238.504 238.504 238.504 238.504 238.504 238.504 238.504 238.504 238.504 238.504 238.504 238.504 238.504 238.504 238.504 238.504 238.504 238.504 238.504 238.504 238.504 238.504 238.504 238.504 238.504 238.504 238.504 238.504 238.504 238.504 238.504 238.504 238.504 238.504 238.504 238.504 238.504 238.504 
1 1 1 1 1 1 1 1 1 1 1 1 1 1 1 1 1 1 1 1 1 1 1 1 1 1 1 1 1 1 1 1 1 1 1 1 1 1 1 1 1 1 1 1 1 1 1 1 
item 38
76.8168 70.6052 64.4741 88.802 0 0 0 102.105 0 94.0212 44.4003 86.9506 0 88.0192 0 0 0 116.606 58.2342 0 0 0 0 0 0 0 37.2138 113.478 80.02 111.602 0 0 0 118.564 0 0 0 0 0 112.814 19.8941 72.6531 59.1913 103.892 0 0 60.5266 87.9636 
505.303 505.303 505.303 505.303 505.303 505.303 505.303 505.303 505.303 505.303 505.303 505.303 505.303 505.303 505.303 505.303 505.303 505.303 505.303 505.303 505.303 505.303 505.303 505.303 505.303 505.303 505.303 505.303 505.303 505.303 505.303 505.303 505.303 505.303 505.303 505.303 505.303 505.303 505.303 505.303 505.303 505.303 505.303 505.303 505.303 505.303 505.303 505.303 
1 1 1 1 1 1 1 1 1 1 1 1 1 1 1 1 1 1 1 1 1 1 1 1 1 1 1 1 1 1 1 1 1 1 1 1 1 1 1 1 1 1 1 1 1 1 1 1 
item 39
32.4258 125.201 0 115.157 31.0812 86.8999 53.6846 169.512 0 0 0 110.936 22.7291 95.5326 55.9812 128.068 0 0 0 0 67.6056 94.4089 63.1044 0 35.4283 92.9691 0 91.7313 58.8766 90.0761 0 117.326 0 104.04 0 0 0 0 64.1179 101.809 37.5191 0 119.139 122.904 40.7795 102.672 0 110.792 
883.174 883.174 883.174 883.174 883.174 883.174 883.174 883.174 883.174 883.174 883.174 883.174 883.174 883.174 883.174 883.174 883.174 883.174 883.174 883.174 883.174 883.174 883.174 883.174 883.174 883.174 883.174 883.174 883.174 883.174 883.174 883.174 883.174 883.174 883.174 883.174 883.174 883.174 883.174 883.174 883.174 883.174 883.174 883.174 883.174 883.174 883.174 883.174 
1 1 1 1 1 1 1 1 1 1 1 1 1 1 1 1 1 1 1 1 1 1 1 1 1 1 1 1 1 1 1 1 1 1 1 1 1 1 1 1 1 1 1 1 1 1 1 1 
