Runtimes:
Runtimes dpamult for Q:
1 0.001
10 0.002
20 0.001
Runtime dpaunc: 0
Runtimes MIP:
Min: 0.004
Max: 0.075
Avg: 0.0300233

Objective values for each no of shipment periods and method:
1 50925.8 50925.8 50925.8 50925.8 50925.8 50925.8 
2 23031.2 23031.2 23031.2 23031.2 23031.2 23031.2 
3 17220.8 17220.8 17220.8 17220.8 17220.8 17220.8 
4 13435.8 13435.8 13435.8 13435.8 13435.8 13435.8 
5 13051.3 13051.3 13051.3 13051.3 13564.7 13051.3 
6 12780.4 12780.4 12780.4 12780.4 13791 12780.4 

Optimality gap (in %) statistics min/max/avg for each method: 
Method 1: 0 0 0
Method 2: 0 0 0
Method 3: 0 0 0
Method 4: 0 7.90752 1.97354
Method 5: 0 0 0

Objective of JRP found by using curve for each method
Method 0: Obj 12605.8, setups 6
Method 1: Obj 12605.8, setups 6
Method 2: Obj 12605.8, setups 6
Method 3: Obj 12605.8, setups 6
Method 4: Obj 13319.5, setups 4
Method 5: Obj 12605.8, setups 6

Optimal solution for each no of shipment periods, item and period:
Shipments 1:
1 0 0 0 0 0 
1 0 0 0 0 0 
1 0 0 0 0 0 
1 0 0 0 0 0 
1 0 0 0 0 0 
1 0 0 0 0 0 
1 0 0 0 0 0 
1 0 0 0 0 0 
1 0 0 0 0 0 
1 0 0 0 0 0 
1 0 0 0 0 0 
1 0 0 0 0 0 
1 0 0 0 0 0 
1 0 0 0 0 0 
1 0 0 0 0 0 
1 0 0 0 0 0 
1 0 0 0 0 0 
1 0 0 0 0 0 
1 0 0 0 0 0 
1 0 0 0 0 0 
1 0 0 0 0 0 
1 0 0 0 0 0 
1 0 0 0 0 0 
1 0 0 0 0 0 
1 0 0 0 0 0 
1 0 0 0 0 0 
1 0 0 0 0 0 
1 0 0 0 0 0 
1 0 0 0 0 0 
1 0 0 0 0 0 
1 0 0 0 0 0 
1 0 0 0 0 0 
1 0 0 0 0 0 
1 0 0 0 0 0 
1 0 0 0 0 0 
1 0 0 0 0 0 
1 0 0 0 0 0 
1 0 0 0 0 0 
1 0 0 0 0 0 
1 0 0 0 0 0 

Shipments 2:
1 0 0 1 0 0 
1 0 0 1 0 0 
1 0 0 1 0 0 
1 0 0 1 0 0 
1 0 0 1 0 0 
1 0 0 1 0 0 
1 0 0 1 0 0 
1 0 0 1 0 0 
1 0 0 1 0 0 
1 0 0 1 0 0 
1 0 0 1 0 0 
1 0 0 1 0 0 
1 0 0 1 0 0 
1 0 0 1 0 0 
1 0 0 1 0 0 
1 0 0 1 0 0 
1 0 0 1 0 0 
1 0 0 1 0 0 
1 0 0 1 0 0 
1 0 0 1 0 0 
1 0 0 1 0 0 
1 0 0 1 0 0 
1 0 0 1 0 0 
1 0 0 1 0 0 
1 0 0 1 0 0 
1 0 0 1 0 0 
1 0 0 1 0 0 
1 0 0 1 0 0 
1 0 0 1 0 0 
1 0 0 1 0 0 
1 0 0 1 0 0 
1 0 0 1 0 0 
1 0 0 1 0 0 
1 0 0 1 0 0 
1 0 0 1 0 0 
1 0 0 1 0 0 
1 0 0 1 0 0 
1 0 0 1 0 0 
1 0 0 1 0 0 
1 0 0 1 0 0 

Shipments 3:
1 0 0 1 0 1 
1 0 0 1 0 1 
1 0 0 1 0 1 
1 0 0 1 0 1 
1 0 0 1 0 1 
1 0 0 1 0 1 
1 0 0 1 0 1 
1 0 0 1 0 1 
1 0 0 1 0 1 
1 0 0 1 0 1 
1 0 0 1 0 1 
1 0 0 1 0 1 
1 0 0 1 0 1 
1 0 0 1 0 1 
1 0 0 1 0 1 
1 0 0 1 0 1 
1 0 0 1 0 1 
1 0 0 1 0 1 
1 0 0 1 0 1 
1 0 0 1 0 1 
1 0 0 1 0 1 
1 0 0 1 0 1 
1 0 0 1 0 1 
1 0 0 1 0 1 
1 0 0 1 0 1 
1 0 0 1 0 1 
1 0 0 1 0 1 
1 0 0 1 0 1 
1 0 0 1 0 1 
1 0 0 1 0 1 
1 0 0 1 0 1 
1 0 0 1 0 1 
1 0 0 1 0 1 
1 0 0 1 0 1 
1 0 0 1 0 1 
1 0 0 1 0 1 
1 0 0 1 0 1 
1 0 0 1 0 1 
1 0 0 1 0 1 
1 0 0 1 0 1 

Shipments 4:
1 1 0 1 0 1 
1 1 0 1 0 1 
1 1 0 1 0 1 
1 1 0 1 0 1 
1 1 0 1 0 1 
1 1 0 1 0 1 
1 1 0 1 0 1 
1 1 0 1 0 1 
1 1 0 1 0 1 
1 1 0 1 0 1 
1 1 0 1 0 1 
1 1 0 1 0 1 
1 1 0 1 0 1 
1 1 0 1 0 1 
1 1 0 1 0 1 
1 1 0 1 0 1 
1 1 0 1 0 1 
1 1 0 1 0 1 
1 1 0 1 0 1 
1 1 0 1 0 1 
1 1 0 1 0 1 
1 1 0 1 0 1 
1 1 0 1 0 1 
1 1 0 1 0 1 
1 1 0 1 0 1 
1 1 0 1 0 1 
1 1 0 1 0 1 
1 1 0 1 0 1 
1 1 0 1 0 1 
1 1 0 1 0 1 
1 1 0 1 0 1 
1 1 0 1 0 1 
1 1 0 1 0 1 
1 1 0 1 0 1 
1 1 0 1 0 1 
1 1 0 1 0 1 
1 1 0 1 0 1 
1 1 0 1 0 1 
1 1 0 1 0 1 
1 1 0 1 0 1 

Shipments 5:
1 1 0 1 0 1 
1 1 0 1 1 1 
1 1 0 1 1 1 
1 1 0 1 1 1 
1 1 0 1 0 1 
1 1 0 1 1 1 
1 1 0 1 1 1 
1 1 0 1 1 1 
1 1 0 1 1 1 
1 1 0 1 1 1 
1 1 0 1 0 1 
1 1 0 1 1 1 
1 1 0 1 0 1 
1 1 0 1 1 1 
1 1 0 1 0 1 
1 1 0 1 0 1 
1 1 0 1 0 1 
1 1 0 1 0 1 
1 1 0 1 0 1 
1 1 0 1 1 1 
1 1 0 1 0 1 
1 1 0 1 1 1 
1 1 0 1 1 1 
1 1 0 1 0 1 
1 1 0 1 0 1 
1 1 0 1 0 1 
1 1 0 1 0 1 
1 1 0 1 1 1 
1 1 0 1 0 1 
1 1 0 1 0 1 
1 1 0 1 1 1 
1 1 0 1 0 1 
1 1 0 1 1 1 
1 1 0 1 1 1 
1 1 0 1 0 1 
1 1 0 1 1 1 
1 1 0 1 1 1 
1 1 0 1 0 1 
1 1 0 1 0 1 
1 1 0 1 1 1 

Shipments 6:
1 1 0 1 0 1 
1 1 1 1 1 1 
1 1 0 1 1 1 
1 1 1 1 1 1 
1 1 1 1 0 1 
1 1 1 1 1 1 
1 1 1 1 1 1 
1 1 0 1 1 1 
1 1 0 1 1 1 
1 1 1 1 1 1 
1 1 0 1 0 1 
1 1 0 1 1 1 
1 1 0 1 0 1 
1 1 1 1 1 1 
1 1 1 1 0 1 
1 1 0 1 0 1 
1 1 1 1 0 1 
1 1 0 1 0 1 
1 1 0 1 0 1 
1 1 1 1 1 1 
1 1 0 1 0 1 
1 1 0 1 1 1 
1 1 1 1 1 1 
1 1 0 1 0 1 
1 1 0 1 0 1 
1 1 1 1 0 1 
1 1 0 1 0 1 
1 1 1 1 1 1 
1 1 0 1 0 1 
1 1 0 1 0 1 
1 1 0 1 1 1 
1 1 0 1 0 1 
1 1 1 1 1 1 
1 1 0 1 1 1 
1 1 0 1 0 1 
1 1 0 1 1 1 
1 1 0 1 1 1 
1 1 0 1 0 1 
1 1 0 1 0 1 
1 1 1 1 1 1 

