12 10 
-6.27744e+66 78.7091 78.7091 78.7091 78.7091 387.036 387.036 387.036 1080.33 1500.72 2256.79 2256.79 2256.79 
-6.27744e+66 -6.27744e+66 78.7091 78.7091 78.7091 309.955 309.955 309.955 904.203 1272.05 1944.11 1944.11 1944.11 
-6.27744e+66 -6.27744e+66 -6.27744e+66 78.7091 78.7091 232.873 232.873 232.873 728.08 1043.37 1631.43 1631.43 1631.43 
-6.27744e+66 -6.27744e+66 -6.27744e+66 -6.27744e+66 78.7091 155.791 155.791 155.791 551.957 814.701 1318.75 1318.75 1318.75 
-6.27744e+66 -6.27744e+66 -6.27744e+66 -6.27744e+66 -6.27744e+66 78.7091 78.7091 78.7091 375.833 586.029 1006.07 1006.07 1006.07 
-6.27744e+66 -6.27744e+66 -6.27744e+66 -6.27744e+66 -6.27744e+66 -6.27744e+66 78.7091 78.7091 276.792 434.439 770.47 770.47 770.47 
-6.27744e+66 -6.27744e+66 -6.27744e+66 -6.27744e+66 -6.27744e+66 -6.27744e+66 -6.27744e+66 78.7091 177.751 282.848 534.872 534.872 534.872 
-6.27744e+66 -6.27744e+66 -6.27744e+66 -6.27744e+66 -6.27744e+66 -6.27744e+66 -6.27744e+66 -6.27744e+66 78.7091 131.258 299.274 299.274 299.274 
-6.27744e+66 -6.27744e+66 -6.27744e+66 -6.27744e+66 -6.27744e+66 -6.27744e+66 -6.27744e+66 -6.27744e+66 -6.27744e+66 78.7091 162.717 162.717 162.717 
-6.27744e+66 -6.27744e+66 -6.27744e+66 -6.27744e+66 -6.27744e+66 -6.27744e+66 -6.27744e+66 -6.27744e+66 -6.27744e+66 -6.27744e+66 78.7091 78.7091 78.7091 
-6.27744e+66 -6.27744e+66 -6.27744e+66 -6.27744e+66 -6.27744e+66 -6.27744e+66 -6.27744e+66 -6.27744e+66 -6.27744e+66 -6.27744e+66 -6.27744e+66 78.7091 78.7091 
-6.27744e+66 -6.27744e+66 -6.27744e+66 -6.27744e+66 -6.27744e+66 -6.27744e+66 -6.27744e+66 -6.27744e+66 -6.27744e+66 -6.27744e+66 -6.27744e+66 -6.27744e+66 78.7091 
-6.27744e+66 -6.27744e+66 -6.27744e+66 -6.27744e+66 -6.27744e+66 -6.27744e+66 -6.27744e+66 -6.27744e+66 -6.27744e+66 -6.27744e+66 -6.27744e+66 -6.27744e+66 -6.27744e+66 
-6.27744e+66 960.995 1084.71 1084.71 1338.81 1534.85 2039.66 2207.84 2207.84 2207.84 3396.53 3783.01 4750.85 
-6.27744e+66 -6.27744e+66 960.995 960.995 1130.4 1277.43 1681.27 1821.42 1821.42 1821.42 2878.04 3225.87 4105.72 
-6.27744e+66 -6.27744e+66 -6.27744e+66 960.995 1045.7 1143.72 1446.6 1558.72 1558.72 1558.72 2483.26 2792.44 3584.31 
-6.27744e+66 -6.27744e+66 -6.27744e+66 -6.27744e+66 960.995 1010.01 1211.93 1296.02 1296.02 1296.02 2088.48 2359.01 3062.9 
-6.27744e+66 -6.27744e+66 -6.27744e+66 -6.27744e+66 -6.27744e+66 960.995 1061.95 1118.02 1118.02 1118.02 1778.4 2010.29 2626.19 
-6.27744e+66 -6.27744e+66 -6.27744e+66 -6.27744e+66 -6.27744e+66 -6.27744e+66 960.995 989.025 989.025 989.025 1517.33 1710.57 2238.49 
-6.27744e+66 -6.27744e+66 -6.27744e+66 -6.27744e+66 -6.27744e+66 -6.27744e+66 -6.27744e+66 960.995 960.995 960.995 1357.23 1511.82 1951.74 
-6.27744e+66 -6.27744e+66 -6.27744e+66 -6.27744e+66 -6.27744e+66 -6.27744e+66 -6.27744e+66 -6.27744e+66 960.995 960.995 1225.15 1341.09 1693.03 
-6.27744e+66 -6.27744e+66 -6.27744e+66 -6.27744e+66 -6.27744e+66 -6.27744e+66 -6.27744e+66 -6.27744e+66 -6.27744e+66 960.995 1093.07 1170.37 1434.32 
-6.27744e+66 -6.27744e+66 -6.27744e+66 -6.27744e+66 -6.27744e+66 -6.27744e+66 -6.27744e+66 -6.27744e+66 -6.27744e+66 -6.27744e+66 960.995 999.642 1175.61 
-6.27744e+66 -6.27744e+66 -6.27744e+66 -6.27744e+66 -6.27744e+66 -6.27744e+66 -6.27744e+66 -6.27744e+66 -6.27744e+66 -6.27744e+66 -6.27744e+66 960.995 1048.98 
-6.27744e+66 -6.27744e+66 -6.27744e+66 -6.27744e+66 -6.27744e+66 -6.27744e+66 -6.27744e+66 -6.27744e+66 -6.27744e+66 -6.27744e+66 -6.27744e+66 -6.27744e+66 960.995 
-6.27744e+66 -6.27744e+66 -6.27744e+66 -6.27744e+66 -6.27744e+66 -6.27744e+66 -6.27744e+66 -6.27744e+66 -6.27744e+66 -6.27744e+66 -6.27744e+66 -6.27744e+66 -6.27744e+66 
-6.27744e+66 519.738 519.738 519.738 861.221 1065.94 1065.94 1065.94 1065.94 1214.59 1997.14 2486.69 3414.68 
-6.27744e+66 -6.27744e+66 519.738 519.738 747.393 900.93 900.93 900.93 900.93 1031 1726.61 2167.2 3010.83 
-6.27744e+66 -6.27744e+66 -6.27744e+66 519.738 633.565 735.923 735.923 735.923 735.923 847.412 1456.07 1847.7 2606.97 
-6.27744e+66 -6.27744e+66 -6.27744e+66 -6.27744e+66 519.738 570.917 570.917 570.917 570.917 663.824 1185.53 1528.21 2203.11 
-6.27744e+66 -6.27744e+66 -6.27744e+66 -6.27744e+66 -6.27744e+66 519.738 519.738 519.738 519.738 594.063 1028.82 1322.55 1913.09 
-6.27744e+66 -6.27744e+66 -6.27744e+66 -6.27744e+66 -6.27744e+66 -6.27744e+66 519.738 519.738 519.738 575.482 923.284 1168.06 1674.24 
-6.27744e+66 -6.27744e+66 -6.27744e+66 -6.27744e+66 -6.27744e+66 -6.27744e+66 -6.27744e+66 519.738 519.738 556.9 817.752 1013.57 1435.39 
-6.27744e+66 -6.27744e+66 -6.27744e+66 -6.27744e+66 -6.27744e+66 -6.27744e+66 -6.27744e+66 -6.27744e+66 519.738 538.319 712.22 859.085 1196.54 
-6.27744e+66 -6.27744e+66 -6.27744e+66 -6.27744e+66 -6.27744e+66 -6.27744e+66 -6.27744e+66 -6.27744e+66 -6.27744e+66 519.738 606.688 704.598 957.687 
-6.27744e+66 -6.27744e+66 -6.27744e+66 -6.27744e+66 -6.27744e+66 -6.27744e+66 -6.27744e+66 -6.27744e+66 -6.27744e+66 -6.27744e+66 519.738 568.692 737.418 
-6.27744e+66 -6.27744e+66 -6.27744e+66 -6.27744e+66 -6.27744e+66 -6.27744e+66 -6.27744e+66 -6.27744e+66 -6.27744e+66 -6.27744e+66 -6.27744e+66 519.738 604.101 
-6.27744e+66 -6.27744e+66 -6.27744e+66 -6.27744e+66 -6.27744e+66 -6.27744e+66 -6.27744e+66 -6.27744e+66 -6.27744e+66 -6.27744e+66 -6.27744e+66 -6.27744e+66 519.738 
-6.27744e+66 -6.27744e+66 -6.27744e+66 -6.27744e+66 -6.27744e+66 -6.27744e+66 -6.27744e+66 -6.27744e+66 -6.27744e+66 -6.27744e+66 -6.27744e+66 -6.27744e+66 -6.27744e+66 
-6.27744e+66 735.852 821.997 863.018 863.018 1079.71 1079.71 1079.71 1826.57 2376.73 3348.01 3348.01 3348.01 
-6.27744e+66 -6.27744e+66 735.852 756.362 756.362 918.885 918.885 918.885 1559.04 2040.44 2903.8 2903.8 2903.8 
-6.27744e+66 -6.27744e+66 -6.27744e+66 735.852 735.852 844.2 844.2 844.2 1377.66 1790.29 2545.73 2545.73 2545.73 
-6.27744e+66 -6.27744e+66 -6.27744e+66 -6.27744e+66 735.852 790.026 790.026 790.026 1216.8 1560.65 2208.17 2208.17 2208.17 
-6.27744e+66 -6.27744e+66 -6.27744e+66 -6.27744e+66 -6.27744e+66 735.852 735.852 735.852 1055.93 1331.01 1870.61 1870.61 1870.61 
-6.27744e+66 -6.27744e+66 -6.27744e+66 -6.27744e+66 -6.27744e+66 -6.27744e+66 735.852 735.852 949.238 1155.55 1587.23 1587.23 1587.23 
-6.27744e+66 -6.27744e+66 -6.27744e+66 -6.27744e+66 -6.27744e+66 -6.27744e+66 -6.27744e+66 735.852 842.545 980.087 1303.85 1303.85 1303.85 
-6.27744e+66 -6.27744e+66 -6.27744e+66 -6.27744e+66 -6.27744e+66 -6.27744e+66 -6.27744e+66 -6.27744e+66 735.852 804.623 1020.46 1020.46 1020.46 
-6.27744e+66 -6.27744e+66 -6.27744e+66 -6.27744e+66 -6.27744e+66 -6.27744e+66 -6.27744e+66 -6.27744e+66 -6.27744e+66 735.852 843.771 843.771 843.771 
-6.27744e+66 -6.27744e+66 -6.27744e+66 -6.27744e+66 -6.27744e+66 -6.27744e+66 -6.27744e+66 -6.27744e+66 -6.27744e+66 -6.27744e+66 735.852 735.852 735.852 
-6.27744e+66 -6.27744e+66 -6.27744e+66 -6.27744e+66 -6.27744e+66 -6.27744e+66 -6.27744e+66 -6.27744e+66 -6.27744e+66 -6.27744e+66 -6.27744e+66 735.852 735.852 
-6.27744e+66 -6.27744e+66 -6.27744e+66 -6.27744e+66 -6.27744e+66 -6.27744e+66 -6.27744e+66 -6.27744e+66 -6.27744e+66 -6.27744e+66 -6.27744e+66 -6.27744e+66 735.852 
-6.27744e+66 -6.27744e+66 -6.27744e+66 -6.27744e+66 -6.27744e+66 -6.27744e+66 -6.27744e+66 -6.27744e+66 -6.27744e+66 -6.27744e+66 -6.27744e+66 -6.27744e+66 -6.27744e+66 
-6.27744e+66 176.967 176.967 176.967 176.967 460.23 1005.34 1005.34 1005.34 1689.17 2594.87 2878.03 2878.03 
-6.27744e+66 -6.27744e+66 176.967 176.967 176.967 389.414 825.504 825.504 825.504 1423.86 2228.92 2483.77 2483.77 
-6.27744e+66 -6.27744e+66 -6.27744e+66 176.967 176.967 318.598 645.666 645.666 645.666 1158.54 1862.97 2089.5 2089.5 
-6.27744e+66 -6.27744e+66 -6.27744e+66 -6.27744e+66 176.967 247.783 465.828 465.828 465.828 893.222 1497.02 1695.24 1695.24 
-6.27744e+66 -6.27744e+66 -6.27744e+66 -6.27744e+66 -6.27744e+66 176.967 285.989 285.989 285.989 627.905 1131.07 1300.97 1300.97 
-6.27744e+66 -6.27744e+66 -6.27744e+66 -6.27744e+66 -6.27744e+66 -6.27744e+66 176.967 176.967 176.967 433.404 835.934 977.518 977.518 
-6.27744e+66 -6.27744e+66 -6.27744e+66 -6.27744e+66 -6.27744e+66 -6.27744e+66 -6.27744e+66 176.967 176.967 347.925 649.823 763.09 763.09 
-6.27744e+66 -6.27744e+66 -6.27744e+66 -6.27744e+66 -6.27744e+66 -6.27744e+66 -6.27744e+66 -6.27744e+66 176.967 262.446 463.711 548.662 548.662 
-6.27744e+66 -6.27744e+66 -6.27744e+66 -6.27744e+66 -6.27744e+66 -6.27744e+66 -6.27744e+66 -6.27744e+66 -6.27744e+66 176.967 277.6 334.233 334.233 
-6.27744e+66 -6.27744e+66 -6.27744e+66 -6.27744e+66 -6.27744e+66 -6.27744e+66 -6.27744e+66 -6.27744e+66 -6.27744e+66 -6.27744e+66 176.967 205.284 205.284 
-6.27744e+66 -6.27744e+66 -6.27744e+66 -6.27744e+66 -6.27744e+66 -6.27744e+66 -6.27744e+66 -6.27744e+66 -6.27744e+66 -6.27744e+66 -6.27744e+66 176.967 176.967 
-6.27744e+66 -6.27744e+66 -6.27744e+66 -6.27744e+66 -6.27744e+66 -6.27744e+66 -6.27744e+66 -6.27744e+66 -6.27744e+66 -6.27744e+66 -6.27744e+66 -6.27744e+66 176.967 
-6.27744e+66 -6.27744e+66 -6.27744e+66 -6.27744e+66 -6.27744e+66 -6.27744e+66 -6.27744e+66 -6.27744e+66 -6.27744e+66 -6.27744e+66 -6.27744e+66 -6.27744e+66 -6.27744e+66 
-6.27744e+66 252.756 252.756 371.652 604.566 857.381 857.381 857.381 857.381 857.381 1660.66 2403.5 3176.8 
-6.27744e+66 -6.27744e+66 252.756 312.204 467.48 657.091 657.091 657.091 657.091 657.091 1371.12 2039.67 2742.67 
-6.27744e+66 -6.27744e+66 -6.27744e+66 252.756 330.394 456.801 456.801 456.801 456.801 456.801 1081.58 1675.85 2308.55 
-6.27744e+66 -6.27744e+66 -6.27744e+66 -6.27744e+66 252.756 315.96 315.96 315.96 315.96 315.96 851.481 1371.47 1933.87 
-6.27744e+66 -6.27744e+66 -6.27744e+66 -6.27744e+66 -6.27744e+66 252.756 252.756 252.756 252.756 252.756 699.024 1144.73 1636.83 
-6.27744e+66 -6.27744e+66 -6.27744e+66 -6.27744e+66 -6.27744e+66 -6.27744e+66 252.756 252.756 252.756 252.756 609.77 981.19 1402.99 
-6.27744e+66 -6.27744e+66 -6.27744e+66 -6.27744e+66 -6.27744e+66 -6.27744e+66 -6.27744e+66 252.756 252.756 252.756 520.517 817.652 1169.15 
-6.27744e+66 -6.27744e+66 -6.27744e+66 -6.27744e+66 -6.27744e+66 -6.27744e+66 -6.27744e+66 -6.27744e+66 252.756 252.756 431.263 654.115 935.314 
-6.27744e+66 -6.27744e+66 -6.27744e+66 -6.27744e+66 -6.27744e+66 -6.27744e+66 -6.27744e+66 -6.27744e+66 -6.27744e+66 252.756 342.01 490.577 701.477 
-6.27744e+66 -6.27744e+66 -6.27744e+66 -6.27744e+66 -6.27744e+66 -6.27744e+66 -6.27744e+66 -6.27744e+66 -6.27744e+66 -6.27744e+66 252.756 327.04 467.64 
-6.27744e+66 -6.27744e+66 -6.27744e+66 -6.27744e+66 -6.27744e+66 -6.27744e+66 -6.27744e+66 -6.27744e+66 -6.27744e+66 -6.27744e+66 -6.27744e+66 252.756 323.056 
-6.27744e+66 -6.27744e+66 -6.27744e+66 -6.27744e+66 -6.27744e+66 -6.27744e+66 -6.27744e+66 -6.27744e+66 -6.27744e+66 -6.27744e+66 -6.27744e+66 -6.27744e+66 252.756 
-6.27744e+66 -6.27744e+66 -6.27744e+66 -6.27744e+66 -6.27744e+66 -6.27744e+66 -6.27744e+66 -6.27744e+66 -6.27744e+66 -6.27744e+66 -6.27744e+66 -6.27744e+66 -6.27744e+66 
-6.27744e+66 430.225 430.225 541.407 838.695 1060.31 1060.31 1060.31 1060.31 1399.62 1399.62 1399.62 1399.62 
-6.27744e+66 -6.27744e+66 430.225 485.816 684.008 850.222 850.222 850.222 850.222 1147.11 1147.11 1147.11 1147.11 
-6.27744e+66 -6.27744e+66 -6.27744e+66 430.225 529.321 640.13 640.13 640.13 640.13 894.609 894.609 894.609 894.609 
-6.27744e+66 -6.27744e+66 -6.27744e+66 -6.27744e+66 430.225 485.63 485.63 485.63 485.63 697.695 697.695 697.695 697.695 
-6.27744e+66 -6.27744e+66 -6.27744e+66 -6.27744e+66 -6.27744e+66 430.225 430.225 430.225 430.225 599.878 599.878 599.878 599.878 
-6.27744e+66 -6.27744e+66 -6.27744e+66 -6.27744e+66 -6.27744e+66 -6.27744e+66 430.225 430.225 430.225 557.464 557.464 557.464 557.464 
-6.27744e+66 -6.27744e+66 -6.27744e+66 -6.27744e+66 -6.27744e+66 -6.27744e+66 -6.27744e+66 430.225 430.225 515.051 515.051 515.051 515.051 
-6.27744e+66 -6.27744e+66 -6.27744e+66 -6.27744e+66 -6.27744e+66 -6.27744e+66 -6.27744e+66 -6.27744e+66 430.225 472.638 472.638 472.638 472.638 
-6.27744e+66 -6.27744e+66 -6.27744e+66 -6.27744e+66 -6.27744e+66 -6.27744e+66 -6.27744e+66 -6.27744e+66 -6.27744e+66 430.225 430.225 430.225 430.225 
-6.27744e+66 -6.27744e+66 -6.27744e+66 -6.27744e+66 -6.27744e+66 -6.27744e+66 -6.27744e+66 -6.27744e+66 -6.27744e+66 -6.27744e+66 430.225 430.225 430.225 
-6.27744e+66 -6.27744e+66 -6.27744e+66 -6.27744e+66 -6.27744e+66 -6.27744e+66 -6.27744e+66 -6.27744e+66 -6.27744e+66 -6.27744e+66 -6.27744e+66 430.225 430.225 
-6.27744e+66 -6.27744e+66 -6.27744e+66 -6.27744e+66 -6.27744e+66 -6.27744e+66 -6.27744e+66 -6.27744e+66 -6.27744e+66 -6.27744e+66 -6.27744e+66 -6.27744e+66 430.225 
-6.27744e+66 -6.27744e+66 -6.27744e+66 -6.27744e+66 -6.27744e+66 -6.27744e+66 -6.27744e+66 -6.27744e+66 -6.27744e+66 -6.27744e+66 -6.27744e+66 -6.27744e+66 -6.27744e+66 
-6.27744e+66 731.666 823.988 977.803 977.803 977.803 977.803 1307.43 1307.43 1307.43 2345 2839.75 4122.23 
-6.27744e+66 -6.27744e+66 731.666 808.574 808.574 808.574 808.574 1083.26 1083.26 1083.26 2005.55 2450.82 3616.72 
-6.27744e+66 -6.27744e+66 -6.27744e+66 731.666 731.666 731.666 731.666 951.418 951.418 951.418 1758.42 2154.22 3203.52 
-6.27744e+66 -6.27744e+66 -6.27744e+66 -6.27744e+66 731.666 731.666 731.666 896.48 896.48 896.48 1588.19 1934.52 2867.23 
-6.27744e+66 -6.27744e+66 -6.27744e+66 -6.27744e+66 -6.27744e+66 731.666 731.666 841.542 841.542 841.542 1417.97 1714.82 2530.95 
-6.27744e+66 -6.27744e+66 -6.27744e+66 -6.27744e+66 -6.27744e+66 -6.27744e+66 731.666 786.604 786.604 786.604 1247.75 1495.12 2194.66 
-6.27744e+66 -6.27744e+66 -6.27744e+66 -6.27744e+66 -6.27744e+66 -6.27744e+66 -6.27744e+66 731.666 731.666 731.666 1077.52 1275.42 1858.37 
-6.27744e+66 -6.27744e+66 -6.27744e+66 -6.27744e+66 -6.27744e+66 -6.27744e+66 -6.27744e+66 -6.27744e+66 731.666 731.666 962.238 1110.66 1577.02 
-6.27744e+66 -6.27744e+66 -6.27744e+66 -6.27744e+66 -6.27744e+66 -6.27744e+66 -6.27744e+66 -6.27744e+66 -6.27744e+66 731.666 846.952 945.902 1295.67 
-6.27744e+66 -6.27744e+66 -6.27744e+66 -6.27744e+66 -6.27744e+66 -6.27744e+66 -6.27744e+66 -6.27744e+66 -6.27744e+66 -6.27744e+66 731.666 781.141 1014.32 
-6.27744e+66 -6.27744e+66 -6.27744e+66 -6.27744e+66 -6.27744e+66 -6.27744e+66 -6.27744e+66 -6.27744e+66 -6.27744e+66 -6.27744e+66 -6.27744e+66 731.666 848.256 
-6.27744e+66 -6.27744e+66 -6.27744e+66 -6.27744e+66 -6.27744e+66 -6.27744e+66 -6.27744e+66 -6.27744e+66 -6.27744e+66 -6.27744e+66 -6.27744e+66 -6.27744e+66 731.666 
-6.27744e+66 -6.27744e+66 -6.27744e+66 -6.27744e+66 -6.27744e+66 -6.27744e+66 -6.27744e+66 -6.27744e+66 -6.27744e+66 -6.27744e+66 -6.27744e+66 -6.27744e+66 -6.27744e+66 
-6.27744e+66 446.762 553.144 553.144 553.144 665.663 665.663 1114.39 1114.39 1114.39 1799.02 1799.02 3460.54 
-6.27744e+66 -6.27744e+66 446.762 446.762 446.762 531.151 531.151 905.09 905.09 905.09 1513.65 1513.65 3024.12 
-6.27744e+66 -6.27744e+66 -6.27744e+66 446.762 446.762 503.021 503.021 802.172 802.172 802.172 1334.66 1334.66 2694.08 
-6.27744e+66 -6.27744e+66 -6.27744e+66 -6.27744e+66 446.762 474.891 474.891 699.255 699.255 699.255 1155.68 1155.68 2364.05 
-6.27744e+66 -6.27744e+66 -6.27744e+66 -6.27744e+66 -6.27744e+66 446.762 446.762 596.337 596.337 596.337 976.688 976.688 2034.01 
-6.27744e+66 -6.27744e+66 -6.27744e+66 -6.27744e+66 -6.27744e+66 -6.27744e+66 446.762 521.549 521.549 521.549 825.83 825.83 1732.11 
-6.27744e+66 -6.27744e+66 -6.27744e+66 -6.27744e+66 -6.27744e+66 -6.27744e+66 -6.27744e+66 446.762 446.762 446.762 674.972 674.972 1430.21 
-6.27744e+66 -6.27744e+66 -6.27744e+66 -6.27744e+66 -6.27744e+66 -6.27744e+66 -6.27744e+66 -6.27744e+66 446.762 446.762 598.902 598.902 1203.09 
-6.27744e+66 -6.27744e+66 -6.27744e+66 -6.27744e+66 -6.27744e+66 -6.27744e+66 -6.27744e+66 -6.27744e+66 -6.27744e+66 446.762 522.832 522.832 975.972 
-6.27744e+66 -6.27744e+66 -6.27744e+66 -6.27744e+66 -6.27744e+66 -6.27744e+66 -6.27744e+66 -6.27744e+66 -6.27744e+66 -6.27744e+66 446.762 446.762 748.855 
-6.27744e+66 -6.27744e+66 -6.27744e+66 -6.27744e+66 -6.27744e+66 -6.27744e+66 -6.27744e+66 -6.27744e+66 -6.27744e+66 -6.27744e+66 -6.27744e+66 446.762 597.808 
-6.27744e+66 -6.27744e+66 -6.27744e+66 -6.27744e+66 -6.27744e+66 -6.27744e+66 -6.27744e+66 -6.27744e+66 -6.27744e+66 -6.27744e+66 -6.27744e+66 -6.27744e+66 446.762 
-6.27744e+66 -6.27744e+66 -6.27744e+66 -6.27744e+66 -6.27744e+66 -6.27744e+66 -6.27744e+66 -6.27744e+66 -6.27744e+66 -6.27744e+66 -6.27744e+66 -6.27744e+66 -6.27744e+66 
-6.27744e+66 451.942 555.166 555.166 945.001 1109.41 1563.83 1802.83 2780 2780 3659.38 3969.07 5044.81 
-6.27744e+66 -6.27744e+66 451.942 451.942 711.831 835.138 1198.68 1397.84 2235.42 2235.42 3017.08 3295.81 4273.75 
-6.27744e+66 -6.27744e+66 -6.27744e+66 451.942 581.886 664.091 936.745 1096.08 1794.06 1794.06 2478.02 2725.77 3605.92 
-6.27744e+66 -6.27744e+66 -6.27744e+66 -6.27744e+66 451.942 493.044 674.813 794.312 1352.69 1352.69 1938.95 2155.73 2938.09 
-6.27744e+66 -6.27744e+66 -6.27744e+66 -6.27744e+66 -6.27744e+66 451.942 542.826 622.492 1041.28 1041.28 1529.82 1715.64 2400.2 
-6.27744e+66 -6.27744e+66 -6.27744e+66 -6.27744e+66 -6.27744e+66 -6.27744e+66 451.942 491.775 770.966 770.966 1161.8 1316.65 1903.41 
-6.27744e+66 -6.27744e+66 -6.27744e+66 -6.27744e+66 -6.27744e+66 -6.27744e+66 -6.27744e+66 451.942 591.537 591.537 884.663 1008.54 1497.51 
-6.27744e+66 -6.27744e+66 -6.27744e+66 -6.27744e+66 -6.27744e+66 -6.27744e+66 -6.27744e+66 -6.27744e+66 451.942 451.942 647.359 740.266 1131.44 
-6.27744e+66 -6.27744e+66 -6.27744e+66 -6.27744e+66 -6.27744e+66 -6.27744e+66 -6.27744e+66 -6.27744e+66 -6.27744e+66 451.942 549.65 611.589 904.972 
-6.27744e+66 -6.27744e+66 -6.27744e+66 -6.27744e+66 -6.27744e+66 -6.27744e+66 -6.27744e+66 -6.27744e+66 -6.27744e+66 -6.27744e+66 451.942 482.911 678.5 
-6.27744e+66 -6.27744e+66 -6.27744e+66 -6.27744e+66 -6.27744e+66 -6.27744e+66 -6.27744e+66 -6.27744e+66 -6.27744e+66 -6.27744e+66 -6.27744e+66 451.942 549.736 
-6.27744e+66 -6.27744e+66 -6.27744e+66 -6.27744e+66 -6.27744e+66 -6.27744e+66 -6.27744e+66 -6.27744e+66 -6.27744e+66 -6.27744e+66 -6.27744e+66 -6.27744e+66 451.942 
-6.27744e+66 -6.27744e+66 -6.27744e+66 -6.27744e+66 -6.27744e+66 -6.27744e+66 -6.27744e+66 -6.27744e+66 -6.27744e+66 -6.27744e+66 -6.27744e+66 -6.27744e+66 -6.27744e+66 
