6 5 
81.653 81.653 81.653 81.653 81.653 81.653 
item 0
60.9672 0 0 85.4956 97.3632 0 
99.1038 99.1038 99.1038 99.1038 99.1038 99.1038 
1 1 1 1 1 1 
item 1
0 93.7094 63.6603 0 48.5915 0 
61.1411 61.1411 61.1411 61.1411 61.1411 61.1411 
1 1 1 1 1 1 
item 2
0 0 13.9379 0 78.5629 0 
38.2465 38.2465 38.2465 38.2465 38.2465 38.2465 
1 1 1 1 1 1 
item 3
0 0 56.0593 0 27.0514 0 
83.0283 83.0283 83.0283 83.0283 83.0283 83.0283 
1 1 1 1 1 1 
item 4
51.3758 104.405 36.6723 0 51.9412 115.413 
62.7983 62.7983 62.7983 62.7983 62.7983 62.7983 
1 1 1 1 1 1 
