6 40 
-6.27744e+66 42.5611 125.429 227.282 597.439 941.344 1373.37 
-6.27744e+66 -6.27744e+66 42.5611 93.4875 340.259 598.187 943.807 
-6.27744e+66 -6.27744e+66 -6.27744e+66 42.5611 165.947 337.899 597.114 
-6.27744e+66 -6.27744e+66 -6.27744e+66 -6.27744e+66 42.5611 128.537 301.347 
-6.27744e+66 -6.27744e+66 -6.27744e+66 -6.27744e+66 -6.27744e+66 42.5611 128.966 
-6.27744e+66 -6.27744e+66 -6.27744e+66 -6.27744e+66 -6.27744e+66 -6.27744e+66 42.5611 
-6.27744e+66 -6.27744e+66 -6.27744e+66 -6.27744e+66 -6.27744e+66 -6.27744e+66 -6.27744e+66 
-6.27744e+66 66.978 158.021 282.03 548.574 660.596 1165.73 
-6.27744e+66 -6.27744e+66 66.978 128.983 306.679 390.695 794.798 
-6.27744e+66 -6.27744e+66 -6.27744e+66 66.978 155.826 211.837 514.914 
-6.27744e+66 -6.27744e+66 -6.27744e+66 -6.27744e+66 66.978 94.9835 297.035 
-6.27744e+66 -6.27744e+66 -6.27744e+66 -6.27744e+66 -6.27744e+66 66.978 168.004 
-6.27744e+66 -6.27744e+66 -6.27744e+66 -6.27744e+66 -6.27744e+66 -6.27744e+66 66.978 
-6.27744e+66 -6.27744e+66 -6.27744e+66 -6.27744e+66 -6.27744e+66 -6.27744e+66 -6.27744e+66 
-6.27744e+66 40.3437 127.319 182.503 560.741 942.401 1430.6 
-6.27744e+66 -6.27744e+66 40.3437 67.9356 320.094 606.34 996.901 
-6.27744e+66 -6.27744e+66 -6.27744e+66 40.3437 166.423 357.253 650.174 
-6.27744e+66 -6.27744e+66 -6.27744e+66 -6.27744e+66 40.3437 135.759 331.04 
-6.27744e+66 -6.27744e+66 -6.27744e+66 -6.27744e+66 -6.27744e+66 40.3437 137.984 
-6.27744e+66 -6.27744e+66 -6.27744e+66 -6.27744e+66 -6.27744e+66 -6.27744e+66 40.3437 
-6.27744e+66 -6.27744e+66 -6.27744e+66 -6.27744e+66 -6.27744e+66 -6.27744e+66 -6.27744e+66 
-6.27744e+66 73.7332 205.216 312.46 574.726 809.436 1299.3 
-6.27744e+66 -6.27744e+66 73.7332 127.355 302.199 478.232 870.123 
-6.27744e+66 -6.27744e+66 -6.27744e+66 73.7332 161.155 278.51 572.429 
-6.27744e+66 -6.27744e+66 -6.27744e+66 -6.27744e+66 73.7332 132.411 328.356 
-6.27744e+66 -6.27744e+66 -6.27744e+66 -6.27744e+66 -6.27744e+66 73.7332 171.706 
-6.27744e+66 -6.27744e+66 -6.27744e+66 -6.27744e+66 -6.27744e+66 -6.27744e+66 73.7332 
-6.27744e+66 -6.27744e+66 -6.27744e+66 -6.27744e+66 -6.27744e+66 -6.27744e+66 -6.27744e+66 
-6.27744e+66 63.7391 184.032 288.755 627.524 794.435 1346.16 
-6.27744e+66 -6.27744e+66 63.7391 116.101 341.946 467.129 908.511 
-6.27744e+66 -6.27744e+66 -6.27744e+66 63.7391 176.662 260.117 591.154 
-6.27744e+66 -6.27744e+66 -6.27744e+66 -6.27744e+66 63.7391 105.467 326.158 
-6.27744e+66 -6.27744e+66 -6.27744e+66 -6.27744e+66 -6.27744e+66 63.7391 174.085 
-6.27744e+66 -6.27744e+66 -6.27744e+66 -6.27744e+66 -6.27744e+66 -6.27744e+66 63.7391 
-6.27744e+66 -6.27744e+66 -6.27744e+66 -6.27744e+66 -6.27744e+66 -6.27744e+66 -6.27744e+66 
-6.27744e+66 101.894 198.473 351.048 688.938 845.438 1331.66 
-6.27744e+66 -6.27744e+66 101.894 178.181 403.441 520.816 909.794 
-6.27744e+66 -6.27744e+66 -6.27744e+66 101.894 214.524 292.774 584.507 
-6.27744e+66 -6.27744e+66 -6.27744e+66 -6.27744e+66 101.894 141.019 335.508 
-6.27744e+66 -6.27744e+66 -6.27744e+66 -6.27744e+66 -6.27744e+66 101.894 199.138 
-6.27744e+66 -6.27744e+66 -6.27744e+66 -6.27744e+66 -6.27744e+66 -6.27744e+66 101.894 
-6.27744e+66 -6.27744e+66 -6.27744e+66 -6.27744e+66 -6.27744e+66 -6.27744e+66 -6.27744e+66 
-6.27744e+66 90.9196 193.294 275.024 645.153 918.381 1454.54 
-6.27744e+66 -6.27744e+66 90.9196 131.785 378.537 583.458 1012.38 
-6.27744e+66 -6.27744e+66 -6.27744e+66 90.9196 214.296 350.91 672.602 
-6.27744e+66 -6.27744e+66 -6.27744e+66 -6.27744e+66 90.9196 159.227 373.688 
-6.27744e+66 -6.27744e+66 -6.27744e+66 -6.27744e+66 -6.27744e+66 90.9196 198.15 
-6.27744e+66 -6.27744e+66 -6.27744e+66 -6.27744e+66 -6.27744e+66 -6.27744e+66 90.9196 
-6.27744e+66 -6.27744e+66 -6.27744e+66 -6.27744e+66 -6.27744e+66 -6.27744e+66 -6.27744e+66 
-6.27744e+66 62.1606 156.883 277.863 579.01 767.175 1279.48 
-6.27744e+66 -6.27744e+66 62.1606 122.65 323.415 464.539 874.384 
-6.27744e+66 -6.27744e+66 -6.27744e+66 62.1606 162.543 256.625 564.01 
-6.27744e+66 -6.27744e+66 -6.27744e+66 -6.27744e+66 62.1606 109.202 314.125 
-6.27744e+66 -6.27744e+66 -6.27744e+66 -6.27744e+66 -6.27744e+66 62.1606 164.622 
-6.27744e+66 -6.27744e+66 -6.27744e+66 -6.27744e+66 -6.27744e+66 -6.27744e+66 62.1606 
-6.27744e+66 -6.27744e+66 -6.27744e+66 -6.27744e+66 -6.27744e+66 -6.27744e+66 -6.27744e+66 
-6.27744e+66 28.4441 119.107 234.339 572.265 831.107 1297.31 
-6.27744e+66 -6.27744e+66 28.4441 86.0603 311.344 505.475 878.436 
-6.27744e+66 -6.27744e+66 -6.27744e+66 28.4441 141.086 270.507 550.227 
-6.27744e+66 -6.27744e+66 -6.27744e+66 -6.27744e+66 28.4441 93.1544 279.635 
-6.27744e+66 -6.27744e+66 -6.27744e+66 -6.27744e+66 -6.27744e+66 28.4441 121.684 
-6.27744e+66 -6.27744e+66 -6.27744e+66 -6.27744e+66 -6.27744e+66 -6.27744e+66 28.4441 
-6.27744e+66 -6.27744e+66 -6.27744e+66 -6.27744e+66 -6.27744e+66 -6.27744e+66 -6.27744e+66 
-6.27744e+66 66.0944 178.156 290.313 597.39 889.491 1351.4 
-6.27744e+66 -6.27744e+66 66.0944 122.173 326.891 545.967 915.493 
-6.27744e+66 -6.27744e+66 -6.27744e+66 66.0944 168.453 314.504 591.649 
-6.27744e+66 -6.27744e+66 -6.27744e+66 -6.27744e+66 66.0944 139.12 323.883 
-6.27744e+66 -6.27744e+66 -6.27744e+66 -6.27744e+66 -6.27744e+66 66.0944 158.476 
-6.27744e+66 -6.27744e+66 -6.27744e+66 -6.27744e+66 -6.27744e+66 -6.27744e+66 66.0944 
-6.27744e+66 -6.27744e+66 -6.27744e+66 -6.27744e+66 -6.27744e+66 -6.27744e+66 -6.27744e+66 
-6.27744e+66 31.5095 104.752 149.164 300.402 548.772 1050.49 
-6.27744e+66 -6.27744e+66 31.5095 53.7152 154.54 340.818 742.194 
-6.27744e+66 -6.27744e+66 -6.27744e+66 31.5095 81.922 206.107 507.139 
-6.27744e+66 -6.27744e+66 -6.27744e+66 -6.27744e+66 31.5095 93.602 294.29 
-6.27744e+66 -6.27744e+66 -6.27744e+66 -6.27744e+66 -6.27744e+66 31.5095 131.853 
-6.27744e+66 -6.27744e+66 -6.27744e+66 -6.27744e+66 -6.27744e+66 -6.27744e+66 31.5095 
-6.27744e+66 -6.27744e+66 -6.27744e+66 -6.27744e+66 -6.27744e+66 -6.27744e+66 -6.27744e+66 
-6.27744e+66 51.7149 144.024 292.9 525.458 755.268 985.189 
-6.27744e+66 -6.27744e+66 51.7149 126.153 281.191 453.549 637.486 
-6.27744e+66 -6.27744e+66 -6.27744e+66 51.7149 129.234 244.139 382.092 
-6.27744e+66 -6.27744e+66 -6.27744e+66 -6.27744e+66 51.7149 109.167 201.136 
-6.27744e+66 -6.27744e+66 -6.27744e+66 -6.27744e+66 -6.27744e+66 51.7149 97.6991 
-6.27744e+66 -6.27744e+66 -6.27744e+66 -6.27744e+66 -6.27744e+66 -6.27744e+66 51.7149 
-6.27744e+66 -6.27744e+66 -6.27744e+66 -6.27744e+66 -6.27744e+66 -6.27744e+66 -6.27744e+66 
-6.27744e+66 33.7313 92.5009 188.916 507.188 726.9 1351.23 
-6.27744e+66 -6.27744e+66 33.7313 81.9386 294.12 458.904 958.365 
-6.27744e+66 -6.27744e+66 -6.27744e+66 33.7313 139.822 249.678 624.273 
-6.27744e+66 -6.27744e+66 -6.27744e+66 -6.27744e+66 33.7313 88.6593 338.39 
-6.27744e+66 -6.27744e+66 -6.27744e+66 -6.27744e+66 -6.27744e+66 33.7313 158.596 
-6.27744e+66 -6.27744e+66 -6.27744e+66 -6.27744e+66 -6.27744e+66 -6.27744e+66 33.7313 
-6.27744e+66 -6.27744e+66 -6.27744e+66 -6.27744e+66 -6.27744e+66 -6.27744e+66 -6.27744e+66 
-6.27744e+66 82.5168 186.523 233.962 463.599 702.84 1264.46 
-6.27744e+66 -6.27744e+66 82.5168 106.236 259.328 438.759 888.053 
-6.27744e+66 -6.27744e+66 -6.27744e+66 82.5168 159.063 278.683 615.654 
-6.27744e+66 -6.27744e+66 -6.27744e+66 -6.27744e+66 82.5168 142.327 366.974 
-6.27744e+66 -6.27744e+66 -6.27744e+66 -6.27744e+66 -6.27744e+66 82.5168 194.84 
-6.27744e+66 -6.27744e+66 -6.27744e+66 -6.27744e+66 -6.27744e+66 -6.27744e+66 82.5168 
-6.27744e+66 -6.27744e+66 -6.27744e+66 -6.27744e+66 -6.27744e+66 -6.27744e+66 -6.27744e+66 
-6.27744e+66 64.0973 137.751 226.955 461.082 730.777 1302.47 
-6.27744e+66 -6.27744e+66 64.0973 108.699 264.784 467.055 924.409 
-6.27744e+66 -6.27744e+66 -6.27744e+66 64.0973 142.14 276.987 620.003 
-6.27744e+66 -6.27744e+66 -6.27744e+66 -6.27744e+66 64.0973 131.521 360.198 
-6.27744e+66 -6.27744e+66 -6.27744e+66 -6.27744e+66 -6.27744e+66 64.0973 178.436 
-6.27744e+66 -6.27744e+66 -6.27744e+66 -6.27744e+66 -6.27744e+66 -6.27744e+66 64.0973 
-6.27744e+66 -6.27744e+66 -6.27744e+66 -6.27744e+66 -6.27744e+66 -6.27744e+66 -6.27744e+66 
-6.27744e+66 49.6982 162.535 208.421 508.72 733.479 1245.21 
-6.27744e+66 -6.27744e+66 49.6982 72.6413 272.841 441.41 850.798 
-6.27744e+66 -6.27744e+66 -6.27744e+66 49.6982 149.798 262.177 569.219 
-6.27744e+66 -6.27744e+66 -6.27744e+66 -6.27744e+66 49.6982 105.888 310.582 
-6.27744e+66 -6.27744e+66 -6.27744e+66 -6.27744e+66 -6.27744e+66 49.6982 152.045 
-6.27744e+66 -6.27744e+66 -6.27744e+66 -6.27744e+66 -6.27744e+66 -6.27744e+66 49.6982 
-6.27744e+66 -6.27744e+66 -6.27744e+66 -6.27744e+66 -6.27744e+66 -6.27744e+66 -6.27744e+66 
-6.27744e+66 44.8674 161.003 323.901 653.393 867.559 1301.14 
-6.27744e+66 -6.27744e+66 44.8674 126.317 345.978 506.603 853.465 
-6.27744e+66 -6.27744e+66 -6.27744e+66 44.8674 154.698 261.781 521.928 
-6.27744e+66 -6.27744e+66 -6.27744e+66 -6.27744e+66 44.8674 98.4089 271.84 
-6.27744e+66 -6.27744e+66 -6.27744e+66 -6.27744e+66 -6.27744e+66 44.8674 131.583 
-6.27744e+66 -6.27744e+66 -6.27744e+66 -6.27744e+66 -6.27744e+66 -6.27744e+66 44.8674 
-6.27744e+66 -6.27744e+66 -6.27744e+66 -6.27744e+66 -6.27744e+66 -6.27744e+66 -6.27744e+66 
-6.27744e+66 55.9066 157.1 255.817 516.098 714.981 1190.64 
-6.27744e+66 -6.27744e+66 55.9066 105.265 278.786 427.948 808.478 
-6.27744e+66 -6.27744e+66 -6.27744e+66 55.9066 142.667 242.108 527.506 
-6.27744e+66 -6.27744e+66 -6.27744e+66 -6.27744e+66 55.9066 105.627 295.892 
-6.27744e+66 -6.27744e+66 -6.27744e+66 -6.27744e+66 -6.27744e+66 55.9066 151.039 
-6.27744e+66 -6.27744e+66 -6.27744e+66 -6.27744e+66 -6.27744e+66 -6.27744e+66 55.9066 
-6.27744e+66 -6.27744e+66 -6.27744e+66 -6.27744e+66 -6.27744e+66 -6.27744e+66 -6.27744e+66 
-6.27744e+66 42.9008 138.257 224.59 541.696 555.673 1002.37 
-6.27744e+66 -6.27744e+66 42.9008 86.0671 297.471 307.954 665.313 
-6.27744e+66 -6.27744e+66 -6.27744e+66 42.9008 148.603 155.591 423.611 
-6.27744e+66 -6.27744e+66 -6.27744e+66 -6.27744e+66 42.9008 46.3951 225.075 
-6.27744e+66 -6.27744e+66 -6.27744e+66 -6.27744e+66 -6.27744e+66 42.9008 132.241 
-6.27744e+66 -6.27744e+66 -6.27744e+66 -6.27744e+66 -6.27744e+66 -6.27744e+66 42.9008 
-6.27744e+66 -6.27744e+66 -6.27744e+66 -6.27744e+66 -6.27744e+66 -6.27744e+66 -6.27744e+66 
-6.27744e+66 99.2208 207.258 369.27 587.169 855.128 1199.34 
-6.27744e+66 -6.27744e+66 99.2208 180.227 325.492 526.462 801.834 
-6.27744e+66 -6.27744e+66 -6.27744e+66 99.2208 171.854 305.833 512.362 
-6.27744e+66 -6.27744e+66 -6.27744e+66 -6.27744e+66 99.2208 166.211 303.896 
-6.27744e+66 -6.27744e+66 -6.27744e+66 -6.27744e+66 -6.27744e+66 99.2208 168.064 
-6.27744e+66 -6.27744e+66 -6.27744e+66 -6.27744e+66 -6.27744e+66 -6.27744e+66 99.2208 
-6.27744e+66 -6.27744e+66 -6.27744e+66 -6.27744e+66 -6.27744e+66 -6.27744e+66 -6.27744e+66 
-6.27744e+66 77.1914 189.71 231.594 418.475 529.53 986.902 
-6.27744e+66 -6.27744e+66 77.1914 98.1335 222.721 306.012 671.91 
-6.27744e+66 -6.27744e+66 -6.27744e+66 77.1914 139.485 195.012 469.436 
-6.27744e+66 -6.27744e+66 -6.27744e+66 -6.27744e+66 77.1914 104.955 287.904 
-6.27744e+66 -6.27744e+66 -6.27744e+66 -6.27744e+66 -6.27744e+66 77.1914 168.666 
-6.27744e+66 -6.27744e+66 -6.27744e+66 -6.27744e+66 -6.27744e+66 -6.27744e+66 77.1914 
-6.27744e+66 -6.27744e+66 -6.27744e+66 -6.27744e+66 -6.27744e+66 -6.27744e+66 -6.27744e+66 
-6.27744e+66 70.2131 163.682 298.997 634.292 899.388 1204.19 
-6.27744e+66 -6.27744e+66 70.2131 137.871 361.4 560.222 804.062 
-6.27744e+66 -6.27744e+66 -6.27744e+66 70.2131 181.978 314.526 497.405 
-6.27744e+66 -6.27744e+66 -6.27744e+66 -6.27744e+66 70.2131 136.487 258.407 
-6.27744e+66 -6.27744e+66 -6.27744e+66 -6.27744e+66 -6.27744e+66 70.2131 131.173 
-6.27744e+66 -6.27744e+66 -6.27744e+66 -6.27744e+66 -6.27744e+66 -6.27744e+66 70.2131 
-6.27744e+66 -6.27744e+66 -6.27744e+66 -6.27744e+66 -6.27744e+66 -6.27744e+66 -6.27744e+66 
-6.27744e+66 60.3925 161.381 280.601 596.121 721.339 1224.85 
-6.27744e+66 -6.27744e+66 60.3925 120.002 330.349 424.262 827.071 
-6.27744e+66 -6.27744e+66 -6.27744e+66 60.3925 165.566 228.175 530.281 
-6.27744e+66 -6.27744e+66 -6.27744e+66 -6.27744e+66 60.3925 91.697 293.101 
-6.27744e+66 -6.27744e+66 -6.27744e+66 -6.27744e+66 -6.27744e+66 60.3925 161.095 
-6.27744e+66 -6.27744e+66 -6.27744e+66 -6.27744e+66 -6.27744e+66 -6.27744e+66 60.3925 
-6.27744e+66 -6.27744e+66 -6.27744e+66 -6.27744e+66 -6.27744e+66 -6.27744e+66 -6.27744e+66 
-6.27744e+66 58.5014 138.881 176.26 438.306 685.281 1105.07 
-6.27744e+66 -6.27744e+66 58.5014 77.1906 251.888 437.119 772.948 
-6.27744e+66 -6.27744e+66 -6.27744e+66 58.5014 145.85 269.337 521.209 
-6.27744e+66 -6.27744e+66 -6.27744e+66 -6.27744e+66 58.5014 120.245 288.159 
-6.27744e+66 -6.27744e+66 -6.27744e+66 -6.27744e+66 -6.27744e+66 58.5014 142.459 
-6.27744e+66 -6.27744e+66 -6.27744e+66 -6.27744e+66 -6.27744e+66 -6.27744e+66 58.5014 
-6.27744e+66 -6.27744e+66 -6.27744e+66 -6.27744e+66 -6.27744e+66 -6.27744e+66 -6.27744e+66 
-6.27744e+66 59.5589 169.958 234.968 493.079 737.984 1490.04 
-6.27744e+66 -6.27744e+66 59.5589 92.0639 264.138 447.817 1049.46 
-6.27744e+66 -6.27744e+66 -6.27744e+66 59.5589 145.596 268.049 719.283 
-6.27744e+66 -6.27744e+66 -6.27744e+66 -6.27744e+66 59.5589 120.785 421.608 
-6.27744e+66 -6.27744e+66 -6.27744e+66 -6.27744e+66 -6.27744e+66 59.5589 209.97 
-6.27744e+66 -6.27744e+66 -6.27744e+66 -6.27744e+66 -6.27744e+66 -6.27744e+66 59.5589 
-6.27744e+66 -6.27744e+66 -6.27744e+66 -6.27744e+66 -6.27744e+66 -6.27744e+66 -6.27744e+66 
-6.27744e+66 55.7607 155.71 155.71 517.075 881.214 1254.07 
-6.27744e+66 -6.27744e+66 55.7607 55.7607 296.671 569.775 868.058 
-6.27744e+66 -6.27744e+66 -6.27744e+66 55.7607 176.216 358.285 581.997 
-6.27744e+66 -6.27744e+66 -6.27744e+66 -6.27744e+66 55.7607 146.795 295.937 
-6.27744e+66 -6.27744e+66 -6.27744e+66 -6.27744e+66 -6.27744e+66 55.7607 130.331 
-6.27744e+66 -6.27744e+66 -6.27744e+66 -6.27744e+66 -6.27744e+66 -6.27744e+66 55.7607 
-6.27744e+66 -6.27744e+66 -6.27744e+66 -6.27744e+66 -6.27744e+66 -6.27744e+66 -6.27744e+66 
-6.27744e+66 69.4631 190.175 300.415 586.618 935.319 1578.13 
-6.27744e+66 -6.27744e+66 69.4631 124.583 315.385 576.91 1091.16 
-6.27744e+66 -6.27744e+66 -6.27744e+66 69.4631 164.864 339.214 724.9 
-6.27744e+66 -6.27744e+66 -6.27744e+66 -6.27744e+66 69.4631 156.638 413.762 
-6.27744e+66 -6.27744e+66 -6.27744e+66 -6.27744e+66 -6.27744e+66 69.4631 198.025 
-6.27744e+66 -6.27744e+66 -6.27744e+66 -6.27744e+66 -6.27744e+66 -6.27744e+66 69.4631 
-6.27744e+66 -6.27744e+66 -6.27744e+66 -6.27744e+66 -6.27744e+66 -6.27744e+66 -6.27744e+66 
-6.27744e+66 72.6056 143.034 301.626 583.884 772.083 1283.29 
-6.27744e+66 -6.27744e+66 72.6056 151.902 340.073 481.223 890.187 
-6.27744e+66 -6.27744e+66 -6.27744e+66 72.6056 166.691 260.791 567.515 
-6.27744e+66 -6.27744e+66 -6.27744e+66 -6.27744e+66 72.6056 119.656 324.138 
-6.27744e+66 -6.27744e+66 -6.27744e+66 -6.27744e+66 -6.27744e+66 72.6056 174.847 
-6.27744e+66 -6.27744e+66 -6.27744e+66 -6.27744e+66 -6.27744e+66 -6.27744e+66 72.6056 
-6.27744e+66 -6.27744e+66 -6.27744e+66 -6.27744e+66 -6.27744e+66 -6.27744e+66 -6.27744e+66 
-6.27744e+66 93.0002 209.593 273.737 589.151 824.136 1284.48 
-6.27744e+66 -6.27744e+66 93.0002 125.072 335.348 511.587 879.866 
-6.27744e+66 -6.27744e+66 -6.27744e+66 93.0002 198.138 315.631 591.84 
-6.27744e+66 -6.27744e+66 -6.27744e+66 -6.27744e+66 93.0002 151.746 335.886 
-6.27744e+66 -6.27744e+66 -6.27744e+66 -6.27744e+66 -6.27744e+66 93.0002 185.07 
-6.27744e+66 -6.27744e+66 -6.27744e+66 -6.27744e+66 -6.27744e+66 -6.27744e+66 93.0002 
-6.27744e+66 -6.27744e+66 -6.27744e+66 -6.27744e+66 -6.27744e+66 -6.27744e+66 -6.27744e+66 
-6.27744e+66 29.6095 130.055 215.07 624.143 809.21 1277.5 
-6.27744e+66 -6.27744e+66 29.6095 72.1169 344.832 483.632 858.265 
-6.27744e+66 -6.27744e+66 -6.27744e+66 29.6095 165.967 258.501 539.475 
-6.27744e+66 -6.27744e+66 -6.27744e+66 -6.27744e+66 29.6095 75.8762 263.192 
-6.27744e+66 -6.27744e+66 -6.27744e+66 -6.27744e+66 -6.27744e+66 29.6095 123.267 
-6.27744e+66 -6.27744e+66 -6.27744e+66 -6.27744e+66 -6.27744e+66 -6.27744e+66 29.6095 
-6.27744e+66 -6.27744e+66 -6.27744e+66 -6.27744e+66 -6.27744e+66 -6.27744e+66 -6.27744e+66 
-6.27744e+66 40.7418 126.276 189.287 484.602 592.185 1086.55 
-6.27744e+66 -6.27744e+66 40.7418 72.2472 269.124 349.811 745.306 
-6.27744e+66 -6.27744e+66 -6.27744e+66 40.7418 139.18 192.972 489.593 
-6.27744e+66 -6.27744e+66 -6.27744e+66 -6.27744e+66 40.7418 67.6375 265.385 
-6.27744e+66 -6.27744e+66 -6.27744e+66 -6.27744e+66 -6.27744e+66 40.7418 139.615 
-6.27744e+66 -6.27744e+66 -6.27744e+66 -6.27744e+66 -6.27744e+66 -6.27744e+66 40.7418 
-6.27744e+66 -6.27744e+66 -6.27744e+66 -6.27744e+66 -6.27744e+66 -6.27744e+66 -6.27744e+66 
-6.27744e+66 55.7471 126.95 175.234 462.534 712.843 1093.07 
-6.27744e+66 -6.27744e+66 55.7471 79.8894 271.422 459.154 763.335 
-6.27744e+66 -6.27744e+66 -6.27744e+66 55.7471 151.514 276.668 504.804 
-6.27744e+66 -6.27744e+66 -6.27744e+66 -6.27744e+66 55.7471 118.324 270.415 
-6.27744e+66 -6.27744e+66 -6.27744e+66 -6.27744e+66 -6.27744e+66 55.7471 131.792 
-6.27744e+66 -6.27744e+66 -6.27744e+66 -6.27744e+66 -6.27744e+66 -6.27744e+66 55.7471 
-6.27744e+66 -6.27744e+66 -6.27744e+66 -6.27744e+66 -6.27744e+66 -6.27744e+66 -6.27744e+66 
-6.27744e+66 31.6557 128.146 252.252 594.203 876.098 1371.14 
-6.27744e+66 -6.27744e+66 31.6557 93.709 321.676 533.098 929.129 
-6.27744e+66 -6.27744e+66 -6.27744e+66 31.6557 145.639 286.587 583.61 
-6.27744e+66 -6.27744e+66 -6.27744e+66 -6.27744e+66 31.6557 102.13 300.145 
-6.27744e+66 -6.27744e+66 -6.27744e+66 -6.27744e+66 -6.27744e+66 31.6557 130.663 
-6.27744e+66 -6.27744e+66 -6.27744e+66 -6.27744e+66 -6.27744e+66 -6.27744e+66 31.6557 
-6.27744e+66 -6.27744e+66 -6.27744e+66 -6.27744e+66 -6.27744e+66 -6.27744e+66 -6.27744e+66 
-6.27744e+66 77.7766 175.759 262.148 546.118 689.186 1168.86 
-6.27744e+66 -6.27744e+66 77.7766 120.971 310.285 417.586 801.321 
-6.27744e+66 -6.27744e+66 -6.27744e+66 77.7766 172.433 243.967 531.769 
-6.27744e+66 -6.27744e+66 -6.27744e+66 -6.27744e+66 77.7766 113.544 305.411 
-6.27744e+66 -6.27744e+66 -6.27744e+66 -6.27744e+66 -6.27744e+66 77.7766 173.71 
-6.27744e+66 -6.27744e+66 -6.27744e+66 -6.27744e+66 -6.27744e+66 -6.27744e+66 77.7766 
-6.27744e+66 -6.27744e+66 -6.27744e+66 -6.27744e+66 -6.27744e+66 -6.27744e+66 -6.27744e+66 
-6.27744e+66 88.6252 150.704 221.067 558.086 827.059 1432.59 
-6.27744e+66 -6.27744e+66 88.6252 123.807 348.486 550.216 1034.64 
-6.27744e+66 -6.27744e+66 -6.27744e+66 88.6252 200.965 335.451 698.77 
-6.27744e+66 -6.27744e+66 -6.27744e+66 -6.27744e+66 88.6252 155.868 398.081 
-6.27744e+66 -6.27744e+66 -6.27744e+66 -6.27744e+66 -6.27744e+66 88.6252 209.732 
-6.27744e+66 -6.27744e+66 -6.27744e+66 -6.27744e+66 -6.27744e+66 -6.27744e+66 88.6252 
-6.27744e+66 -6.27744e+66 -6.27744e+66 -6.27744e+66 -6.27744e+66 -6.27744e+66 -6.27744e+66 
-6.27744e+66 63.6052 127.976 182.526 426.481 641.856 1212.23 
-6.27744e+66 -6.27744e+66 63.6052 90.8802 253.517 415.048 871.349 
-6.27744e+66 -6.27744e+66 -6.27744e+66 63.6052 144.923 252.611 594.837 
-6.27744e+66 -6.27744e+66 -6.27744e+66 -6.27744e+66 63.6052 117.449 345.599 
-6.27744e+66 -6.27744e+66 -6.27744e+66 -6.27744e+66 -6.27744e+66 63.6052 177.68 
-6.27744e+66 -6.27744e+66 -6.27744e+66 -6.27744e+66 -6.27744e+66 -6.27744e+66 63.6052 
-6.27744e+66 -6.27744e+66 -6.27744e+66 -6.27744e+66 -6.27744e+66 -6.27744e+66 -6.27744e+66 
-6.27744e+66 61.7081 177.445 306.028 608.856 836.485 1243.47 
-6.27744e+66 -6.27744e+66 61.7081 126 327.885 498.607 824.196 
-6.27744e+66 -6.27744e+66 -6.27744e+66 61.7081 162.651 276.466 520.657 
-6.27744e+66 -6.27744e+66 -6.27744e+66 -6.27744e+66 61.7081 118.615 281.41 
-6.27744e+66 -6.27744e+66 -6.27744e+66 -6.27744e+66 -6.27744e+66 61.7081 143.105 
-6.27744e+66 -6.27744e+66 -6.27744e+66 -6.27744e+66 -6.27744e+66 -6.27744e+66 61.7081 
-6.27744e+66 -6.27744e+66 -6.27744e+66 -6.27744e+66 -6.27744e+66 -6.27744e+66 -6.27744e+66 
-6.27744e+66 47.1865 120.192 247.901 561.576 621.943 1105.51 
-6.27744e+66 -6.27744e+66 47.1865 111.041 320.157 365.433 752.289 
-6.27744e+66 -6.27744e+66 -6.27744e+66 47.1865 151.745 181.928 472.071 
-6.27744e+66 -6.27744e+66 -6.27744e+66 -6.27744e+66 47.1865 62.2784 255.706 
-6.27744e+66 -6.27744e+66 -6.27744e+66 -6.27744e+66 -6.27744e+66 47.1865 143.901 
-6.27744e+66 -6.27744e+66 -6.27744e+66 -6.27744e+66 -6.27744e+66 -6.27744e+66 47.1865 
-6.27744e+66 -6.27744e+66 -6.27744e+66 -6.27744e+66 -6.27744e+66 -6.27744e+66 -6.27744e+66 
-6.27744e+66 39.6842 155.55 269.774 587.441 779.458 1425.6 
-6.27744e+66 -6.27744e+66 39.6842 96.7961 308.574 452.587 969.499 
-6.27744e+66 -6.27744e+66 -6.27744e+66 39.6842 145.573 241.582 629.266 
-6.27744e+66 -6.27744e+66 -6.27744e+66 -6.27744e+66 39.6842 87.6887 346.144 
-6.27744e+66 -6.27744e+66 -6.27744e+66 -6.27744e+66 -6.27744e+66 39.6842 168.912 
-6.27744e+66 -6.27744e+66 -6.27744e+66 -6.27744e+66 -6.27744e+66 -6.27744e+66 39.6842 
-6.27744e+66 -6.27744e+66 -6.27744e+66 -6.27744e+66 -6.27744e+66 -6.27744e+66 -6.27744e+66 
-6.27744e+66 17.494 119.114 213.767 517.021 639.104 1129.53 
-6.27744e+66 -6.27744e+66 17.494 64.8205 266.99 358.552 750.895 
-6.27744e+66 -6.27744e+66 -6.27744e+66 17.494 118.579 179.62 473.878 
-6.27744e+66 -6.27744e+66 -6.27744e+66 -6.27744e+66 17.494 48.0149 244.187 
-6.27744e+66 -6.27744e+66 -6.27744e+66 -6.27744e+66 -6.27744e+66 17.494 115.58 
-6.27744e+66 -6.27744e+66 -6.27744e+66 -6.27744e+66 -6.27744e+66 -6.27744e+66 17.494 
-6.27744e+66 -6.27744e+66 -6.27744e+66 -6.27744e+66 -6.27744e+66 -6.27744e+66 -6.27744e+66 
