48 20 
55300.7 55300.7 55300.7 55300.7 55300.7 55300.7 55300.7 55300.7 55300.7 55300.7 55300.7 55300.7 55300.7 55300.7 55300.7 55300.7 55300.7 55300.7 55300.7 55300.7 55300.7 55300.7 55300.7 55300.7 55300.7 55300.7 55300.7 55300.7 55300.7 55300.7 55300.7 55300.7 55300.7 55300.7 55300.7 55300.7 55300.7 55300.7 55300.7 55300.7 55300.7 55300.7 55300.7 55300.7 55300.7 55300.7 55300.7 55300.7 
item 0
62.7294 87.8441 68.8331 117.35 50.3051 128.825 26.6674 120.949 63.8399 113.663 49.1937 67.5344 51.6654 104.522 48.7613 64.8057 40.8816 90.7361 49.9912 121.775 17.2489 79.7447 56.2667 96.7267 73.0611 102.98 64.6804 85.3264 71.1845 105.714 39.7194 94.605 66.64 123.414 79.4135 81.8777 87.3484 107.476 36.0807 102.997 78.0882 85.3483 56.1955 88.8738 49.8234 73.0851 71.9184 108.187 
195.304 195.304 195.304 195.304 195.304 195.304 195.304 195.304 195.304 195.304 195.304 195.304 195.304 195.304 195.304 195.304 195.304 195.304 195.304 195.304 195.304 195.304 195.304 195.304 195.304 195.304 195.304 195.304 195.304 195.304 195.304 195.304 195.304 195.304 195.304 195.304 195.304 195.304 195.304 195.304 195.304 195.304 195.304 195.304 195.304 195.304 195.304 195.304 
1 1 1 1 1 1 1 1 1 1 1 1 1 1 1 1 1 1 1 1 1 1 1 1 1 1 1 1 1 1 1 1 1 1 1 1 1 1 1 1 1 1 1 1 1 1 1 1 
item 1
50.8157 106.996 43.9956 94.6615 52.592 74.8527 59.4106 90.9546 73.2672 118.711 57.8791 118.38 33.3234 109.416 46.1396 85.1168 32.0049 73.5539 30.6187 91.9217 50.992 96.1915 29.4236 81.155 64.8662 96.0822 54.9174 90.6297 54.3484 82.4326 30.5829 122.817 41.5196 81.1872 7.66829 71.8856 68.5907 97.9148 45.5747 116.762 70.7882 111.283 55.8168 123.916 51.7485 90.6978 41.2766 116.073 
1275.09 1275.09 1275.09 1275.09 1275.09 1275.09 1275.09 1275.09 1275.09 1275.09 1275.09 1275.09 1275.09 1275.09 1275.09 1275.09 1275.09 1275.09 1275.09 1275.09 1275.09 1275.09 1275.09 1275.09 1275.09 1275.09 1275.09 1275.09 1275.09 1275.09 1275.09 1275.09 1275.09 1275.09 1275.09 1275.09 1275.09 1275.09 1275.09 1275.09 1275.09 1275.09 1275.09 1275.09 1275.09 1275.09 1275.09 1275.09 
1 1 1 1 1 1 1 1 1 1 1 1 1 1 1 1 1 1 1 1 1 1 1 1 1 1 1 1 1 1 1 1 1 1 1 1 1 1 1 1 1 1 1 1 1 1 1 1 
item 2
80.5054 100.692 7.99923 118.231 2.52128 110.372 41.3058 101.969 59.2137 147.348 52.3887 65.4872 64.8091 63.0006 68.4816 106.049 46.2052 86.4028 64.1668 99.8361 52.9362 111.329 13.7178 109.437 46.7261 107.834 22.0191 116.907 8.96419 71.9641 55.7784 76.6893 54.7831 118.292 65.2149 83.1203 8.50402 102.942 54.0935 89.5373 31.8389 125.366 49.6866 111.931 33.9412 117.092 66.8148 54.9991 
833.744 833.744 833.744 833.744 833.744 833.744 833.744 833.744 833.744 833.744 833.744 833.744 833.744 833.744 833.744 833.744 833.744 833.744 833.744 833.744 833.744 833.744 833.744 833.744 833.744 833.744 833.744 833.744 833.744 833.744 833.744 833.744 833.744 833.744 833.744 833.744 833.744 833.744 833.744 833.744 833.744 833.744 833.744 833.744 833.744 833.744 833.744 833.744 
1 1 1 1 1 1 1 1 1 1 1 1 1 1 1 1 1 1 1 1 1 1 1 1 1 1 1 1 1 1 1 1 1 1 1 1 1 1 1 1 1 1 1 1 1 1 1 1 
item 3
34.4695 119.448 36.6942 106.828 43.9795 108.471 62.0093 94.2739 28.4394 116.655 94.3171 89.0645 61.583 95.1423 52.641 94.4307 43.5178 135.194 36.6137 111.572 23.1286 77.3404 18.8505 107.093 10.7456 83.22 43.0003 131.253 54.2097 101.723 27.6983 104.129 62.3598 112.103 56.3759 83.8763 75.791 129.662 44.5343 92.8016 45.8446 86.7292 64.4968 57.786 49.2595 89.9892 70.5482 136.944 
792.781 792.781 792.781 792.781 792.781 792.781 792.781 792.781 792.781 792.781 792.781 792.781 792.781 792.781 792.781 792.781 792.781 792.781 792.781 792.781 792.781 792.781 792.781 792.781 792.781 792.781 792.781 792.781 792.781 792.781 792.781 792.781 792.781 792.781 792.781 792.781 792.781 792.781 792.781 792.781 792.781 792.781 792.781 792.781 792.781 792.781 792.781 792.781 
1 1 1 1 1 1 1 1 1 1 1 1 1 1 1 1 1 1 1 1 1 1 1 1 1 1 1 1 1 1 1 1 1 1 1 1 1 1 1 1 1 1 1 1 1 1 1 1 
item 4
78.2573 124.494 19.0944 146.876 45.0523 131.558 65.2561 96.1528 52.2629 129.07 88.9625 68.6352 38.0418 110.143 52.6791 120.593 57.18 139.682 56.493 146.013 22.1136 87.7225 31.2661 114.701 57.143 93.9009 16.2848 117.743 38.9071 112.911 46.5778 141.571 79.3489 79.9932 45.9019 96.1897 58.5949 59.3818 21.1998 108.345 48.6297 121.977 21.7158 109.503 90.7776 81.9791 69.0485 128.543 
1234.18 1234.18 1234.18 1234.18 1234.18 1234.18 1234.18 1234.18 1234.18 1234.18 1234.18 1234.18 1234.18 1234.18 1234.18 1234.18 1234.18 1234.18 1234.18 1234.18 1234.18 1234.18 1234.18 1234.18 1234.18 1234.18 1234.18 1234.18 1234.18 1234.18 1234.18 1234.18 1234.18 1234.18 1234.18 1234.18 1234.18 1234.18 1234.18 1234.18 1234.18 1234.18 1234.18 1234.18 1234.18 1234.18 1234.18 1234.18 
1 1 1 1 1 1 1 1 1 1 1 1 1 1 1 1 1 1 1 1 1 1 1 1 1 1 1 1 1 1 1 1 1 1 1 1 1 1 1 1 1 1 1 1 1 1 1 1 
item 5
11.8555 100.503 47.9831 127.813 66.989 113.814 37.0357 83.1471 66.1789 138.394 68.5334 110.854 74.0147 118.5 42.734 102.851 54.6633 124.812 37.2226 104.677 70.8912 86.1641 86.2261 104.217 63.1777 92.3595 89.6177 89.4275 42.6349 100.659 50.2895 97.2365 65.2684 67.844 53.6388 114.038 23.1526 85.4202 67.7272 92.1034 22.9078 94.3286 39.9599 106.679 50.5941 109.18 41.2852 142.907 
971.181 971.181 971.181 971.181 971.181 971.181 971.181 971.181 971.181 971.181 971.181 971.181 971.181 971.181 971.181 971.181 971.181 971.181 971.181 971.181 971.181 971.181 971.181 971.181 971.181 971.181 971.181 971.181 971.181 971.181 971.181 971.181 971.181 971.181 971.181 971.181 971.181 971.181 971.181 971.181 971.181 971.181 971.181 971.181 971.181 971.181 971.181 971.181 
1 1 1 1 1 1 1 1 1 1 1 1 1 1 1 1 1 1 1 1 1 1 1 1 1 1 1 1 1 1 1 1 1 1 1 1 1 1 1 1 1 1 1 1 1 1 1 1 
item 6
62.2861 125.144 40.2249 120.06 74.4367 108.829 77.5754 76.4145 35.9394 56.8153 59.7364 86.0527 31.1077 98.6731 49.756 86.9104 45.0734 108.155 23.1211 100.731 29.5903 80.5082 78.0152 80.053 52.908 86.3942 73.239 76.8982 18.0024 88.0197 24.734 104.852 40.3472 110.601 33.5199 76.8673 101.724 91.321 8.80082 109.272 52.9761 100.257 87.1 75.0827 30.5381 92.134 55.6702 107.437 
193.172 193.172 193.172 193.172 193.172 193.172 193.172 193.172 193.172 193.172 193.172 193.172 193.172 193.172 193.172 193.172 193.172 193.172 193.172 193.172 193.172 193.172 193.172 193.172 193.172 193.172 193.172 193.172 193.172 193.172 193.172 193.172 193.172 193.172 193.172 193.172 193.172 193.172 193.172 193.172 193.172 193.172 193.172 193.172 193.172 193.172 193.172 193.172 
1 1 1 1 1 1 1 1 1 1 1 1 1 1 1 1 1 1 1 1 1 1 1 1 1 1 1 1 1 1 1 1 1 1 1 1 1 1 1 1 1 1 1 1 1 1 1 1 
item 7
61.6372 91.9331 48.1225 95.3715 44.0847 89.5107 13.7238 120.58 66.2029 102.551 60.1406 61.4973 28.6587 85.6061 46.4664 65.444 83.5048 102.963 67.617 103.962 44.5195 87.6864 7.73217 91.0679 33.0032 91.823 39.3858 90.7554 52.3101 94.9231 77.141 120.225 46.8614 102.046 45.957 111.125 61.227 86.3163 31.4606 70.3078 11.0456 125.683 44.6754 111.344 45.3384 93.5998 47.6216 102.576 
222.526 222.526 222.526 222.526 222.526 222.526 222.526 222.526 222.526 222.526 222.526 222.526 222.526 222.526 222.526 222.526 222.526 222.526 222.526 222.526 222.526 222.526 222.526 222.526 222.526 222.526 222.526 222.526 222.526 222.526 222.526 222.526 222.526 222.526 222.526 222.526 222.526 222.526 222.526 222.526 222.526 222.526 222.526 222.526 222.526 222.526 222.526 222.526 
1 1 1 1 1 1 1 1 1 1 1 1 1 1 1 1 1 1 1 1 1 1 1 1 1 1 1 1 1 1 1 1 1 1 1 1 1 1 1 1 1 1 1 1 1 1 1 1 
item 8
22.5173 107.187 21.1919 58.4991 54.034 114.775 32.6414 84.2709 58.5999 97.6304 56.7891 103.863 30.3384 118.642 46.3187 106.475 51.5121 71.9624 88.4295 106.023 58.0121 89.6217 8.89817 112.241 43.9585 104.62 54.5804 127.311 24.0859 120.64 28.7287 122.119 13.8091 112.38 40.9876 90.072 19.6807 71.9777 38.3986 74.552 33.1385 128.898 17.136 55.1019 39.813 74.6706 55.2502 91.0126 
847.758 847.758 847.758 847.758 847.758 847.758 847.758 847.758 847.758 847.758 847.758 847.758 847.758 847.758 847.758 847.758 847.758 847.758 847.758 847.758 847.758 847.758 847.758 847.758 847.758 847.758 847.758 847.758 847.758 847.758 847.758 847.758 847.758 847.758 847.758 847.758 847.758 847.758 847.758 847.758 847.758 847.758 847.758 847.758 847.758 847.758 847.758 847.758 
1 1 1 1 1 1 1 1 1 1 1 1 1 1 1 1 1 1 1 1 1 1 1 1 1 1 1 1 1 1 1 1 1 1 1 1 1 1 1 1 1 1 1 1 1 1 1 1 
item 9
45.5485 91.0991 34.66 118.964 49.0541 101.031 24.7817 55.2063 53.9158 76.0928 75.9034 98.8099 28.9975 106.518 50.3905 115.473 45.2925 81.2398 33.1293 77.0086 59.7441 161.093 61.097 110.489 71.1619 95.8383 59.2092 105.721 41.4769 146.759 57.5985 85.9476 39.8617 85.1466 67.0418 78.6758 32.0869 85.0237 29.1741 88.6627 50.1482 97.4237 53.3151 130.112 0 110.93 83.1285 109.514 
1300.55 1300.55 1300.55 1300.55 1300.55 1300.55 1300.55 1300.55 1300.55 1300.55 1300.55 1300.55 1300.55 1300.55 1300.55 1300.55 1300.55 1300.55 1300.55 1300.55 1300.55 1300.55 1300.55 1300.55 1300.55 1300.55 1300.55 1300.55 1300.55 1300.55 1300.55 1300.55 1300.55 1300.55 1300.55 1300.55 1300.55 1300.55 1300.55 1300.55 1300.55 1300.55 1300.55 1300.55 1300.55 1300.55 1300.55 1300.55 
1 1 1 1 1 1 1 1 1 1 1 1 1 1 1 1 1 1 1 1 1 1 1 1 1 1 1 1 1 1 1 1 1 1 1 1 1 1 1 1 1 1 1 1 1 1 1 1 
item 10
72.2749 97.6153 31.8986 94.721 26.2774 84.6742 45.2729 104.806 42.8889 104.371 48.2553 95.3527 53.8529 62.6808 72.0103 108.466 61.595 77.2351 84.4743 103.071 69.2598 96.4998 78.8403 87.1118 57.6123 100.048 69.8805 92.66 44.5066 145.565 64.7655 150.246 0 83.6211 78.0135 135.101 69.6436 99.0874 30.4961 69.023 75.1968 121.861 45.8932 143.351 63.939 101.257 43.6988 70.5471 
1370.19 1370.19 1370.19 1370.19 1370.19 1370.19 1370.19 1370.19 1370.19 1370.19 1370.19 1370.19 1370.19 1370.19 1370.19 1370.19 1370.19 1370.19 1370.19 1370.19 1370.19 1370.19 1370.19 1370.19 1370.19 1370.19 1370.19 1370.19 1370.19 1370.19 1370.19 1370.19 1370.19 1370.19 1370.19 1370.19 1370.19 1370.19 1370.19 1370.19 1370.19 1370.19 1370.19 1370.19 1370.19 1370.19 1370.19 1370.19 
1 1 1 1 1 1 1 1 1 1 1 1 1 1 1 1 1 1 1 1 1 1 1 1 1 1 1 1 1 1 1 1 1 1 1 1 1 1 1 1 1 1 1 1 1 1 1 1 
item 11
37.3026 98.2971 90.2283 88.1597 33.1266 113.764 60.3799 77.9989 66.2563 103.242 52.1685 134.75 2.53341 121.955 53.24 101.924 75.8521 92.2901 51.7978 94.2799 63.1976 109.861 3.554 78.9109 46.1592 95.4552 69.8053 95.5781 31.6645 92.7257 37.2938 72.6005 58.977 97.2175 82.5905 78.7471 60.8063 90.202 37.0452 92.4986 39.5884 68.8943 67.6386 118.036 34.6177 131.233 35.5379 107.678 
1329.31 1329.31 1329.31 1329.31 1329.31 1329.31 1329.31 1329.31 1329.31 1329.31 1329.31 1329.31 1329.31 1329.31 1329.31 1329.31 1329.31 1329.31 1329.31 1329.31 1329.31 1329.31 1329.31 1329.31 1329.31 1329.31 1329.31 1329.31 1329.31 1329.31 1329.31 1329.31 1329.31 1329.31 1329.31 1329.31 1329.31 1329.31 1329.31 1329.31 1329.31 1329.31 1329.31 1329.31 1329.31 1329.31 1329.31 1329.31 
1 1 1 1 1 1 1 1 1 1 1 1 1 1 1 1 1 1 1 1 1 1 1 1 1 1 1 1 1 1 1 1 1 1 1 1 1 1 1 1 1 1 1 1 1 1 1 1 
item 12
61.3797 129.36 45.5064 114.4 43.9848 104.689 34.5056 131.374 57.724 107.437 30.8527 109.905 68.5506 90.0439 70.0359 91.3272 37.2303 96.6661 45.1148 106.305 89.9187 140.386 48.5512 97.3405 41.7418 114.93 22.9513 113.663 24.509 118.107 64.5224 84.1296 29.9984 85.4349 39.7649 95.9429 28.9659 75.9931 49.0458 85.8419 43.0033 61.9465 28.5662 127.817 49.148 75.8728 53.0225 98.8373 
1049.61 1049.61 1049.61 1049.61 1049.61 1049.61 1049.61 1049.61 1049.61 1049.61 1049.61 1049.61 1049.61 1049.61 1049.61 1049.61 1049.61 1049.61 1049.61 1049.61 1049.61 1049.61 1049.61 1049.61 1049.61 1049.61 1049.61 1049.61 1049.61 1049.61 1049.61 1049.61 1049.61 1049.61 1049.61 1049.61 1049.61 1049.61 1049.61 1049.61 1049.61 1049.61 1049.61 1049.61 1049.61 1049.61 1049.61 1049.61 
1 1 1 1 1 1 1 1 1 1 1 1 1 1 1 1 1 1 1 1 1 1 1 1 1 1 1 1 1 1 1 1 1 1 1 1 1 1 1 1 1 1 1 1 1 1 1 1 
item 13
57.8798 118.163 76.1207 103.647 35.7317 115.405 61.1193 93.6843 18.1691 78.6975 18.408 106.743 46.9174 76.5343 66.6452 87.9044 26.2971 79.8055 48.5498 99.0585 44.3141 94.4854 59.4626 113.795 80.5919 108.265 40.4159 104.645 88.7532 138.386 18.3563 103.62 100.334 78.4315 47.4072 100.217 77.6718 96.3606 47.8273 118.501 77.1649 75.1473 65.1619 88.6493 53.1369 76.5172 55.2893 68.3954 
551.662 551.662 551.662 551.662 551.662 551.662 551.662 551.662 551.662 551.662 551.662 551.662 551.662 551.662 551.662 551.662 551.662 551.662 551.662 551.662 551.662 551.662 551.662 551.662 551.662 551.662 551.662 551.662 551.662 551.662 551.662 551.662 551.662 551.662 551.662 551.662 551.662 551.662 551.662 551.662 551.662 551.662 551.662 551.662 551.662 551.662 551.662 551.662 
1 1 1 1 1 1 1 1 1 1 1 1 1 1 1 1 1 1 1 1 1 1 1 1 1 1 1 1 1 1 1 1 1 1 1 1 1 1 1 1 1 1 1 1 1 1 1 1 
item 14
61.8279 102.423 58.6869 140.991 14.4664 100.637 30.0678 90.6694 33.3316 83.0624 62.3744 81.8429 70.5511 117.776 76.871 115.058 55.948 83.9401 55.4893 114.759 56.7969 109.577 54.2033 102.49 58.1782 62.2436 60.2552 90.9573 29.8012 101.592 53.2819 110.693 48.9873 96.9723 4.9774 56.4544 41.1147 76.2639 32.2567 48.6012 97.8395 96.4959 55.6539 124.964 40.8985 57.3856 82.9314 116.654 
187.926 187.926 187.926 187.926 187.926 187.926 187.926 187.926 187.926 187.926 187.926 187.926 187.926 187.926 187.926 187.926 187.926 187.926 187.926 187.926 187.926 187.926 187.926 187.926 187.926 187.926 187.926 187.926 187.926 187.926 187.926 187.926 187.926 187.926 187.926 187.926 187.926 187.926 187.926 187.926 187.926 187.926 187.926 187.926 187.926 187.926 187.926 187.926 
1 1 1 1 1 1 1 1 1 1 1 1 1 1 1 1 1 1 1 1 1 1 1 1 1 1 1 1 1 1 1 1 1 1 1 1 1 1 1 1 1 1 1 1 1 1 1 1 
item 15
50.545 78.5869 68.0996 80.8925 46.0947 98.8735 33.1119 88.0843 39.7457 108.164 69.892 79.9256 34.2787 114.129 57.789 85.2895 59.8652 100.384 67.6917 87.1198 63.9752 79.6554 49.871 120.852 37.7598 100.902 64.8563 90.1548 49.3098 92.2403 63.0835 110.935 62.6742 110.754 61.9868 93.2819 28.9744 95.2314 22.3779 143.363 45.5337 86.7251 18.5776 101.848 51.3789 112.346 57.4506 112.567 
811.935 811.935 811.935 811.935 811.935 811.935 811.935 811.935 811.935 811.935 811.935 811.935 811.935 811.935 811.935 811.935 811.935 811.935 811.935 811.935 811.935 811.935 811.935 811.935 811.935 811.935 811.935 811.935 811.935 811.935 811.935 811.935 811.935 811.935 811.935 811.935 811.935 811.935 811.935 811.935 811.935 811.935 811.935 811.935 811.935 811.935 811.935 811.935 
1 1 1 1 1 1 1 1 1 1 1 1 1 1 1 1 1 1 1 1 1 1 1 1 1 1 1 1 1 1 1 1 1 1 1 1 1 1 1 1 1 1 1 1 1 1 1 1 
item 16
68.2551 93.6258 97.6245 105.351 22.7779 127.685 52.292 110.372 41.804 115.296 69.1498 121.336 8.73704 90.9404 36.8251 92.5079 99.5944 96.6407 25.5731 109.935 57.3759 71.7374 35.8782 114.282 80.3726 125.084 68.6513 96.9837 95.7031 100.053 56.1626 125.553 51.7426 114.261 40.5902 105.836 40.5633 94.352 47.7438 88.2988 39.0776 81.0482 52.488 106.967 33.0937 74.6221 33.3528 128.273 
476.81 476.81 476.81 476.81 476.81 476.81 476.81 476.81 476.81 476.81 476.81 476.81 476.81 476.81 476.81 476.81 476.81 476.81 476.81 476.81 476.81 476.81 476.81 476.81 476.81 476.81 476.81 476.81 476.81 476.81 476.81 476.81 476.81 476.81 476.81 476.81 476.81 476.81 476.81 476.81 476.81 476.81 476.81 476.81 476.81 476.81 476.81 476.81 
1 1 1 1 1 1 1 1 1 1 1 1 1 1 1 1 1 1 1 1 1 1 1 1 1 1 1 1 1 1 1 1 1 1 1 1 1 1 1 1 1 1 1 1 1 1 1 1 
item 17
59.5959 93.9128 54.248 104.638 59.7441 90.2604 56.203 122.731 63.9276 128.994 28.7604 100.825 27.3224 105.08 32.6011 128.432 35.8823 42.7502 56.8869 93.7325 56.7449 75.0709 77.5797 64.0521 67.3112 87.6812 37.3214 115.893 70.8595 98.4797 61.5732 93.8837 63.9263 105.612 44.0542 114.377 58.6485 72.7375 63.8841 94.4596 68.0345 140.849 55.4435 120.21 64.557 88.1531 84.8093 69.437 
777.849 777.849 777.849 777.849 777.849 777.849 777.849 777.849 777.849 777.849 777.849 777.849 777.849 777.849 777.849 777.849 777.849 777.849 777.849 777.849 777.849 777.849 777.849 777.849 777.849 777.849 777.849 777.849 777.849 777.849 777.849 777.849 777.849 777.849 777.849 777.849 777.849 777.849 777.849 777.849 777.849 777.849 777.849 777.849 777.849 777.849 777.849 777.849 
1 1 1 1 1 1 1 1 1 1 1 1 1 1 1 1 1 1 1 1 1 1 1 1 1 1 1 1 1 1 1 1 1 1 1 1 1 1 1 1 1 1 1 1 1 1 1 1 
item 18
27.7337 100.517 55.2681 90.8313 51.3702 112.855 46.0285 98.6598 55.4153 89.0158 73.6151 96.2816 58.4017 80.2965 53.2864 123.529 56.3502 132.667 39.7036 98.3265 49.1663 105.403 63.9984 101.2 66.9035 92.3551 16.6097 122.577 76.2985 113.509 60.1889 114.115 62.6176 103.448 29.775 100.404 65.5963 96.7814 55.7737 80.3241 37.339 126.419 78.3529 99.6449 39.3245 111.593 63.2843 107.824 
703.331 703.331 703.331 703.331 703.331 703.331 703.331 703.331 703.331 703.331 703.331 703.331 703.331 703.331 703.331 703.331 703.331 703.331 703.331 703.331 703.331 703.331 703.331 703.331 703.331 703.331 703.331 703.331 703.331 703.331 703.331 703.331 703.331 703.331 703.331 703.331 703.331 703.331 703.331 703.331 703.331 703.331 703.331 703.331 703.331 703.331 703.331 703.331 
1 1 1 1 1 1 1 1 1 1 1 1 1 1 1 1 1 1 1 1 1 1 1 1 1 1 1 1 1 1 1 1 1 1 1 1 1 1 1 1 1 1 1 1 1 1 1 1 
item 19
51.7888 87.791 42.1504 73.1301 5.52166 93.3508 43.7348 132.994 91.0257 120.051 63.433 105.588 24.294 111.465 45.9611 109.578 28.1273 86.5506 55.3452 104.113 32.8203 105.255 65.3384 85.0401 59.9255 88.065 7.54206 62.2211 35.9345 102.702 73.6608 125.888 56.2169 67.6617 76.7605 95.8778 33.2228 101.508 50.0704 89.0614 23.1525 130.352 56.5969 100.57 30.2323 87.9189 59.7372 100.801 
645.052 645.052 645.052 645.052 645.052 645.052 645.052 645.052 645.052 645.052 645.052 645.052 645.052 645.052 645.052 645.052 645.052 645.052 645.052 645.052 645.052 645.052 645.052 645.052 645.052 645.052 645.052 645.052 645.052 645.052 645.052 645.052 645.052 645.052 645.052 645.052 645.052 645.052 645.052 645.052 645.052 645.052 645.052 645.052 645.052 645.052 645.052 645.052 
1 1 1 1 1 1 1 1 1 1 1 1 1 1 1 1 1 1 1 1 1 1 1 1 1 1 1 1 1 1 1 1 1 1 1 1 1 1 1 1 1 1 1 1 1 1 1 1 
