6 40 
-29.0914 -29.0914 -29.0914 -29.0914 -29.0914 -29.0914 
item 0
57.1991 91.9328 43.2613 93.9808 75.8356 126.698 
78.7231 78.7231 78.7231 78.7231 78.7231 78.7231 
1 1 1 1 1 1 
item 1
27.6827 105.232 7.44116 91.2813 28.2279 84.4047 
82.539 82.539 82.539 82.539 82.539 82.539 
1 1 1 1 1 1 
item 2
31.2187 86.2003 40.9595 106.11 73.7819 84.1703 
4.83617 4.83617 4.83617 4.83617 4.83617 4.83617 
1 1 1 1 1 1 
item 3
41.3419 87.7649 69.3869 62.5986 56.8844 103.833 
83.8367 83.8367 83.8367 83.8367 83.8367 83.8367 
1 1 1 1 1 1 
item 4
49.4228 112.549 56.7206 72.9055 55.6473 126.773 
4.6512 4.6512 4.6512 4.6512 4.6512 4.6512 
1 1 1 1 1 1 
item 5
30.0021 115.849 45.9219 91.7596 47.3428 77.6148 
56.5438 56.5438 56.5438 56.5438 56.5438 56.5438 
1 1 1 1 1 1 
item 6
63.9758 100.723 83.0918 92.8474 92.9287 102.434 
65.5439 65.5439 65.5439 65.5439 65.5439 65.5439 
1 1 1 1 1 1 
item 7
90.4286 97.5921 100.954 129.272 51.692 71.7267 
44.7125 44.7125 44.7125 44.7125 44.7125 44.7125 
1 1 1 1 1 1 
item 8
83.7303 106.976 72.691 91.7471 33.8173 118.247 
95.7423 95.7423 95.7423 95.7423 95.7423 95.7423 
1 1 1 1 1 1 
item 9
75.5327 74.2648 52.3062 70.5326 69.4353 70.6972 
53.8325 53.8325 53.8325 53.8325 53.8325 53.8325 
1 1 1 1 1 1 
item 10
26.5779 83.8963 46.7504 89.2404 71.6628 72.4643 
35.6085 35.6085 35.6085 35.6085 35.6085 35.6085 
1 1 1 1 1 1 
item 11
72.0095 113.205 42.1076 74.8046 50.1583 107.873 
60.5988 60.5988 60.5988 60.5988 60.5988 60.5988 
1 1 1 1 1 1 
item 12
46.4595 119.478 62.6054 59.0805 51.9499 105.668 
41.8146 41.8146 41.8146 41.8146 41.8146 41.8146 
1 1 1 1 1 1 
item 13
19.82 91.6934 74.6777 77.2163 86.148 115.206 
55.018 55.018 55.018 55.018 55.018 55.018 
1 1 1 1 1 1 
item 14
14.5463 116.025 54.5684 102.621 55.5299 85.2767 
91.6166 91.6166 91.6166 91.6166 91.6166 91.6166 
1 1 1 1 1 1 
item 15
67.1119 100.13 44.6849 127.448 66.0108 114.389 
75.9392 75.9392 75.9392 75.9392 75.9392 75.9392 
1 1 1 1 1 1 
item 16
57.4534 116.166 27.3085 73.9111 47.8527 69.2011 
46.8579 46.8579 46.8579 46.8579 46.8579 46.8579 
1 1 1 1 1 1 
item 17
69.7471 93.773 15.4554 79.8383 57.2969 98.9872 
33.2648 33.2648 33.2648 33.2648 33.2648 33.2648 
1 1 1 1 1 1 
item 18
47.0497 114.93 60.9529 116.99 62.9007 113.583 
96.1425 96.1425 96.1425 96.1425 96.1425 96.1425 
1 1 1 1 1 1 
item 19
67.81 92.993 41.4518 109.344 50.1121 120.402 
79.5396 79.5396 79.5396 79.5396 79.5396 79.5396 
1 1 1 1 1 1 
item 20
29.7315 94.6045 74.5436 100.097 46.7896 82.6109 
51.8924 51.8924 51.8924 51.8924 51.8924 51.8924 
1 1 1 1 1 1 
item 21
56.8123 108.151 54.8531 126.682 44.7465 64.116 
48.191 48.191 48.191 48.191 48.191 48.191 
1 1 1 1 1 1 
item 22
43.9458 136.63 64.6983 87.879 53.5514 102.421 
42.7056 42.7056 42.7056 42.7056 42.7056 42.7056 
1 1 1 1 1 1 
item 23
79.0015 63.8257 33.1772 105.36 22.0037 131.421 
81.4563 81.4563 81.4563 81.4563 81.4563 81.4563 
1 1 1 1 1 1 
item 24
79.2498 75.3772 42.5518 67.4578 60.5493 76.137 
44.9851 44.9851 44.9851 44.9851 44.9851 44.9851 
1 1 1 1 1 1 
item 25
48.7578 90.6469 30.6909 84.5331 45.8606 91.2042 
83.2848 83.2848 83.2848 83.2848 83.2848 83.2848 
1 1 1 1 1 1 
item 26
66.1648 146.797 48.3714 122.882 70.935 119 
47.0116 47.0116 47.0116 47.0116 47.0116 47.0116 
1 1 1 1 1 1 
item 27
73.0049 96.4447 48.8211 118.092 54.359 71.6676 
35.3831 35.3831 35.3831 35.3831 35.3831 35.3831 
1 1 1 1 1 1 
item 28
22.4164 128.135 50.0854 96.6899 73.0539 94.7056 
65.1651 65.1651 65.1651 65.1651 65.1651 65.1651 
1 1 1 1 1 1 
item 29
101.423 95.2338 56.3126 91.5779 55.7007 112.792 
70.8566 70.8566 70.8566 70.8566 70.8566 70.8566 
1 1 1 1 1 1 
item 30
49.6808 114.213 59.2294 94.4933 49.1973 88.8564 
65.4457 65.4457 65.4457 65.4457 65.4457 65.4457 
1 1 1 1 1 1 
item 31
62.3302 111.327 10.3237 79.1677 54.5068 142.038 
77.9918 77.9918 77.9918 77.9918 77.9918 77.9918 
1 1 1 1 1 1 
item 32
9.39953 92.8389 64.7296 73.6615 49.5042 90.1364 
49.1866 49.1866 49.1866 49.1866 49.1866 49.1866 
1 1 1 1 1 1 
item 33
44.0628 97.5658 51.421 83.2066 72.0312 100.506 
74.9748 74.9748 74.9748 74.9748 74.9748 74.9748 
1 1 1 1 1 1 
item 34
59.2569 101.232 60.0749 125.943 79.3253 84.0342 
107.032 107.032 107.032 107.032 107.032 107.032 
1 1 1 1 1 1 
item 35
29.2675 102.289 51.8189 110.711 59.9461 108.006 
60.6062 60.6062 60.6062 60.6062 60.6062 60.6062 
1 1 1 1 1 1 
item 36
38.5663 71.5179 57.1801 65.2509 35.4539 107.654 
70.2036 70.2036 70.2036 70.2036 70.2036 70.2036 
1 1 1 1 1 1 
item 37
52.6515 106.471 58.7842 105.154 74.5679 113.074 
68.0817 68.0817 68.0817 68.0817 68.0817 68.0817 
1 1 1 1 1 1 
item 38
41.2892 97.2221 38.4276 77.0975 56.7033 83.2709 
47.7639 47.7639 47.7639 47.7639 47.7639 47.7639 
1 1 1 1 1 1 
item 39
69.9012 102.922 43.3762 106.299 29.1298 146.033 
49.3823 49.3823 49.3823 49.3823 49.3823 49.3823 
1 1 1 1 1 1 
