24 10 
-6.27744e+66 199.583 199.583 267.498 619.771 619.771 619.771 619.771 619.771 645.581 1749.65 2265.79 3080.8 3080.8 3080.8 3642.74 5332.64 5332.64 5332.64 5623.8 5623.8 5623.8 8568.2 8568.2 10773.5 
-6.27744e+66 -6.27744e+66 199.583 233.54 468.389 468.389 468.389 468.389 468.389 490.973 1472.37 1936.9 2677.81 2677.81 2677.81 3199.61 4776.85 4776.85 4776.85 5051.84 5051.84 5051.84 7856.03 7856.03 9965.41 
-6.27744e+66 -6.27744e+66 -6.27744e+66 199.583 317.007 317.007 317.007 317.007 317.007 336.365 1195.08 1608 2274.82 2274.82 2274.82 2756.49 4221.06 4221.06 4221.06 4479.88 4479.88 4479.88 7143.86 7143.86 9157.36 
-6.27744e+66 -6.27744e+66 -6.27744e+66 -6.27744e+66 199.583 199.583 199.583 199.583 199.583 215.714 951.76 1313.06 1905.79 1905.79 1905.79 2347.32 3699.23 3699.23 3699.23 3941.87 3941.87 3941.87 6465.64 6465.64 8383.26 
-6.27744e+66 -6.27744e+66 -6.27744e+66 -6.27744e+66 -6.27744e+66 199.583 199.583 199.583 199.583 212.488 825.859 1135.55 1654.19 1654.19 1654.19 2055.57 3294.83 3294.83 3294.83 3521.29 3521.29 3521.29 5904.85 5904.85 7726.59 
-6.27744e+66 -6.27744e+66 -6.27744e+66 -6.27744e+66 -6.27744e+66 -6.27744e+66 199.583 199.583 199.583 209.262 699.958 958.031 1402.58 1402.58 1402.58 1763.83 2890.42 2890.42 2890.42 3100.71 3100.71 3100.71 5344.06 5344.06 7069.92 
-6.27744e+66 -6.27744e+66 -6.27744e+66 -6.27744e+66 -6.27744e+66 -6.27744e+66 -6.27744e+66 199.583 199.583 206.035 574.058 780.516 1150.97 1150.97 1150.97 1472.08 2486.02 2486.02 2486.02 2680.13 2680.13 2680.13 4783.27 4783.27 6413.25 
-6.27744e+66 -6.27744e+66 -6.27744e+66 -6.27744e+66 -6.27744e+66 -6.27744e+66 -6.27744e+66 -6.27744e+66 199.583 202.809 448.157 603.001 899.366 899.366 899.366 1180.34 2081.61 2081.61 2081.61 2259.55 2259.55 2259.55 4222.48 4222.48 5756.58 
-6.27744e+66 -6.27744e+66 -6.27744e+66 -6.27744e+66 -6.27744e+66 -6.27744e+66 -6.27744e+66 -6.27744e+66 -6.27744e+66 199.583 322.257 425.486 647.76 647.76 647.76 888.592 1677.21 1677.21 1677.21 1838.97 1838.97 1838.97 3661.69 3661.69 5099.9 
-6.27744e+66 -6.27744e+66 -6.27744e+66 -6.27744e+66 -6.27744e+66 -6.27744e+66 -6.27744e+66 -6.27744e+66 -6.27744e+66 -6.27744e+66 199.583 251.197 399.38 399.38 399.38 600.073 1276.03 1276.03 1276.03 1421.62 1421.62 1421.62 3104.13 3104.13 4446.46 
-6.27744e+66 -6.27744e+66 -6.27744e+66 -6.27744e+66 -6.27744e+66 -6.27744e+66 -6.27744e+66 -6.27744e+66 -6.27744e+66 -6.27744e+66 -6.27744e+66 199.583 273.674 273.674 273.674 434.229 997.527 997.527 997.527 1126.94 1126.94 1126.94 2669.24 2669.24 3915.69 
-6.27744e+66 -6.27744e+66 -6.27744e+66 -6.27744e+66 -6.27744e+66 -6.27744e+66 -6.27744e+66 -6.27744e+66 -6.27744e+66 -6.27744e+66 -6.27744e+66 -6.27744e+66 199.583 199.583 199.583 319.999 770.637 770.637 770.637 883.869 883.869 883.869 2285.96 2285.96 3436.53 
-6.27744e+66 -6.27744e+66 -6.27744e+66 -6.27744e+66 -6.27744e+66 -6.27744e+66 -6.27744e+66 -6.27744e+66 -6.27744e+66 -6.27744e+66 -6.27744e+66 -6.27744e+66 -6.27744e+66 199.583 199.583 279.86 617.839 617.839 617.839 714.895 714.895 714.895 1976.78 1976.78 3031.47 
-6.27744e+66 -6.27744e+66 -6.27744e+66 -6.27744e+66 -6.27744e+66 -6.27744e+66 -6.27744e+66 -6.27744e+66 -6.27744e+66 -6.27744e+66 -6.27744e+66 -6.27744e+66 -6.27744e+66 -6.27744e+66 199.583 239.721 465.041 465.041 465.041 545.921 545.921 545.921 1667.59 1667.59 2626.4 
-6.27744e+66 -6.27744e+66 -6.27744e+66 -6.27744e+66 -6.27744e+66 -6.27744e+66 -6.27744e+66 -6.27744e+66 -6.27744e+66 -6.27744e+66 -6.27744e+66 -6.27744e+66 -6.27744e+66 -6.27744e+66 -6.27744e+66 199.583 312.242 312.242 312.242 376.946 376.946 376.946 1358.41 1358.41 2221.34 
-6.27744e+66 -6.27744e+66 -6.27744e+66 -6.27744e+66 -6.27744e+66 -6.27744e+66 -6.27744e+66 -6.27744e+66 -6.27744e+66 -6.27744e+66 -6.27744e+66 -6.27744e+66 -6.27744e+66 -6.27744e+66 -6.27744e+66 -6.27744e+66 199.583 199.583 199.583 248.111 248.111 248.111 1089.37 1089.37 1856.41 
-6.27744e+66 -6.27744e+66 -6.27744e+66 -6.27744e+66 -6.27744e+66 -6.27744e+66 -6.27744e+66 -6.27744e+66 -6.27744e+66 -6.27744e+66 -6.27744e+66 -6.27744e+66 -6.27744e+66 -6.27744e+66 -6.27744e+66 -6.27744e+66 -6.27744e+66 199.583 199.583 231.935 231.935 231.935 932.981 932.981 1604.15 
-6.27744e+66 -6.27744e+66 -6.27744e+66 -6.27744e+66 -6.27744e+66 -6.27744e+66 -6.27744e+66 -6.27744e+66 -6.27744e+66 -6.27744e+66 -6.27744e+66 -6.27744e+66 -6.27744e+66 -6.27744e+66 -6.27744e+66 -6.27744e+66 -6.27744e+66 -6.27744e+66 199.583 215.759 215.759 215.759 776.596 776.596 1351.88 
-6.27744e+66 -6.27744e+66 -6.27744e+66 -6.27744e+66 -6.27744e+66 -6.27744e+66 -6.27744e+66 -6.27744e+66 -6.27744e+66 -6.27744e+66 -6.27744e+66 -6.27744e+66 -6.27744e+66 -6.27744e+66 -6.27744e+66 -6.27744e+66 -6.27744e+66 -6.27744e+66 -6.27744e+66 199.583 199.583 199.583 620.21 620.21 1099.62 
-6.27744e+66 -6.27744e+66 -6.27744e+66 -6.27744e+66 -6.27744e+66 -6.27744e+66 -6.27744e+66 -6.27744e+66 -6.27744e+66 -6.27744e+66 -6.27744e+66 -6.27744e+66 -6.27744e+66 -6.27744e+66 -6.27744e+66 -6.27744e+66 -6.27744e+66 -6.27744e+66 -6.27744e+66 -6.27744e+66 199.583 199.583 480.001 480.001 863.525 
-6.27744e+66 -6.27744e+66 -6.27744e+66 -6.27744e+66 -6.27744e+66 -6.27744e+66 -6.27744e+66 -6.27744e+66 -6.27744e+66 -6.27744e+66 -6.27744e+66 -6.27744e+66 -6.27744e+66 -6.27744e+66 -6.27744e+66 -6.27744e+66 -6.27744e+66 -6.27744e+66 -6.27744e+66 -6.27744e+66 -6.27744e+66 199.583 339.792 339.792 627.435 
-6.27744e+66 -6.27744e+66 -6.27744e+66 -6.27744e+66 -6.27744e+66 -6.27744e+66 -6.27744e+66 -6.27744e+66 -6.27744e+66 -6.27744e+66 -6.27744e+66 -6.27744e+66 -6.27744e+66 -6.27744e+66 -6.27744e+66 -6.27744e+66 -6.27744e+66 -6.27744e+66 -6.27744e+66 -6.27744e+66 -6.27744e+66 -6.27744e+66 199.583 199.583 391.345 
-6.27744e+66 -6.27744e+66 -6.27744e+66 -6.27744e+66 -6.27744e+66 -6.27744e+66 -6.27744e+66 -6.27744e+66 -6.27744e+66 -6.27744e+66 -6.27744e+66 -6.27744e+66 -6.27744e+66 -6.27744e+66 -6.27744e+66 -6.27744e+66 -6.27744e+66 -6.27744e+66 -6.27744e+66 -6.27744e+66 -6.27744e+66 -6.27744e+66 -6.27744e+66 199.583 295.464 
-6.27744e+66 -6.27744e+66 -6.27744e+66 -6.27744e+66 -6.27744e+66 -6.27744e+66 -6.27744e+66 -6.27744e+66 -6.27744e+66 -6.27744e+66 -6.27744e+66 -6.27744e+66 -6.27744e+66 -6.27744e+66 -6.27744e+66 -6.27744e+66 -6.27744e+66 -6.27744e+66 -6.27744e+66 -6.27744e+66 -6.27744e+66 -6.27744e+66 -6.27744e+66 -6.27744e+66 199.583 
-6.27744e+66 -6.27744e+66 -6.27744e+66 -6.27744e+66 -6.27744e+66 -6.27744e+66 -6.27744e+66 -6.27744e+66 -6.27744e+66 -6.27744e+66 -6.27744e+66 -6.27744e+66 -6.27744e+66 -6.27744e+66 -6.27744e+66 -6.27744e+66 -6.27744e+66 -6.27744e+66 -6.27744e+66 -6.27744e+66 -6.27744e+66 -6.27744e+66 -6.27744e+66 -6.27744e+66 -6.27744e+66 
-6.27744e+66 267.27 382.338 463.632 463.632 671.734 671.734 808.5 808.5 1130.74 2077.26 2775.81 2775.81 2775.81 2775.81 2775.81 4165.16 4165.16 4165.16 4435.32 6534.83 8043.79 8043.79 8043.79 10804.2 
-6.27744e+66 -6.27744e+66 267.27 307.917 307.917 463.993 463.993 577.965 577.965 859.924 1701.28 2329.97 2329.97 2329.97 2329.97 2329.97 3626.7 3626.7 3626.7 3881.85 5870.86 7304.37 7304.37 7304.37 9944.72 
-6.27744e+66 -6.27744e+66 -6.27744e+66 267.27 267.27 371.321 371.321 462.498 462.498 704.177 1440.36 1999.2 1999.2 1999.2 1999.2 1999.2 3203.3 3203.3 3203.3 3443.44 5321.95 6680.02 6680.02 6680.02 9200.35 
-6.27744e+66 -6.27744e+66 -6.27744e+66 -6.27744e+66 267.27 319.295 319.295 387.679 387.679 589.077 1220.09 1709.08 1709.08 1709.08 1709.08 1709.08 2820.56 2820.56 2820.56 3045.69 4813.7 6096.31 6096.31 6096.31 8496.63 
-6.27744e+66 -6.27744e+66 -6.27744e+66 -6.27744e+66 -6.27744e+66 267.27 267.27 312.859 312.859 473.978 999.824 1418.95 1418.95 1418.95 1418.95 1418.95 2437.81 2437.81 2437.81 2647.93 4305.44 5512.61 5512.61 5512.61 7792.91 
-6.27744e+66 -6.27744e+66 -6.27744e+66 -6.27744e+66 -6.27744e+66 -6.27744e+66 267.27 290.064 290.064 410.904 831.58 1180.85 1180.85 1180.85 1180.85 1180.85 2107.09 2107.09 2107.09 2302.2 3849.21 4980.93 4980.93 4980.93 7141.22 
-6.27744e+66 -6.27744e+66 -6.27744e+66 -6.27744e+66 -6.27744e+66 -6.27744e+66 -6.27744e+66 267.27 267.27 347.829 663.337 942.756 942.756 942.756 942.756 942.756 1776.37 1776.37 1776.37 1956.47 3392.98 4449.25 4449.25 4449.25 6489.52 
-6.27744e+66 -6.27744e+66 -6.27744e+66 -6.27744e+66 -6.27744e+66 -6.27744e+66 -6.27744e+66 -6.27744e+66 267.27 307.55 517.888 727.452 727.452 727.452 727.452 727.452 1468.44 1468.44 1468.44 1633.53 2959.54 3940.37 3940.37 3940.37 5860.62 
-6.27744e+66 -6.27744e+66 -6.27744e+66 -6.27744e+66 -6.27744e+66 -6.27744e+66 -6.27744e+66 -6.27744e+66 -6.27744e+66 267.27 372.439 512.149 512.149 512.149 512.149 512.149 1160.51 1160.51 1160.51 1310.6 2526.11 3431.48 3431.48 3431.48 5231.72 
-6.27744e+66 -6.27744e+66 -6.27744e+66 -6.27744e+66 -6.27744e+66 -6.27744e+66 -6.27744e+66 -6.27744e+66 -6.27744e+66 -6.27744e+66 267.27 337.125 337.125 337.125 337.125 337.125 892.866 892.866 892.866 1027.94 2132.95 2962.88 2962.88 2962.88 4643.1 
-6.27744e+66 -6.27744e+66 -6.27744e+66 -6.27744e+66 -6.27744e+66 -6.27744e+66 -6.27744e+66 -6.27744e+66 -6.27744e+66 -6.27744e+66 -6.27744e+66 267.27 267.27 267.27 267.27 267.27 730.387 730.387 730.387 850.456 1844.96 2599.44 2599.44 2599.44 4159.65 
-6.27744e+66 -6.27744e+66 -6.27744e+66 -6.27744e+66 -6.27744e+66 -6.27744e+66 -6.27744e+66 -6.27744e+66 -6.27744e+66 -6.27744e+66 -6.27744e+66 -6.27744e+66 267.27 267.27 267.27 267.27 637.764 637.764 637.764 742.824 1626.83 2305.86 2305.86 2305.86 3746.05 
-6.27744e+66 -6.27744e+66 -6.27744e+66 -6.27744e+66 -6.27744e+66 -6.27744e+66 -6.27744e+66 -6.27744e+66 -6.27744e+66 -6.27744e+66 -6.27744e+66 -6.27744e+66 -6.27744e+66 267.27 267.27 267.27 545.14 545.14 545.14 635.192 1408.7 2012.28 2012.28 2012.28 3332.46 
-6.27744e+66 -6.27744e+66 -6.27744e+66 -6.27744e+66 -6.27744e+66 -6.27744e+66 -6.27744e+66 -6.27744e+66 -6.27744e+66 -6.27744e+66 -6.27744e+66 -6.27744e+66 -6.27744e+66 -6.27744e+66 267.27 267.27 452.517 452.517 452.517 527.56 1190.56 1718.7 1718.7 1718.7 2918.86 
-6.27744e+66 -6.27744e+66 -6.27744e+66 -6.27744e+66 -6.27744e+66 -6.27744e+66 -6.27744e+66 -6.27744e+66 -6.27744e+66 -6.27744e+66 -6.27744e+66 -6.27744e+66 -6.27744e+66 -6.27744e+66 -6.27744e+66 267.27 359.893 359.893 359.893 419.928 972.431 1425.12 1425.12 1425.12 2505.26 
-6.27744e+66 -6.27744e+66 -6.27744e+66 -6.27744e+66 -6.27744e+66 -6.27744e+66 -6.27744e+66 -6.27744e+66 -6.27744e+66 -6.27744e+66 -6.27744e+66 -6.27744e+66 -6.27744e+66 -6.27744e+66 -6.27744e+66 -6.27744e+66 267.27 267.27 267.27 312.296 754.298 1131.54 1131.54 1131.54 2091.67 
-6.27744e+66 -6.27744e+66 -6.27744e+66 -6.27744e+66 -6.27744e+66 -6.27744e+66 -6.27744e+66 -6.27744e+66 -6.27744e+66 -6.27744e+66 -6.27744e+66 -6.27744e+66 -6.27744e+66 -6.27744e+66 -6.27744e+66 -6.27744e+66 -6.27744e+66 267.27 267.27 297.287 628.789 930.581 930.581 930.581 1770.69 
-6.27744e+66 -6.27744e+66 -6.27744e+66 -6.27744e+66 -6.27744e+66 -6.27744e+66 -6.27744e+66 -6.27744e+66 -6.27744e+66 -6.27744e+66 -6.27744e+66 -6.27744e+66 -6.27744e+66 -6.27744e+66 -6.27744e+66 -6.27744e+66 -6.27744e+66 -6.27744e+66 267.27 282.279 503.28 729.623 729.623 729.623 1449.72 
-6.27744e+66 -6.27744e+66 -6.27744e+66 -6.27744e+66 -6.27744e+66 -6.27744e+66 -6.27744e+66 -6.27744e+66 -6.27744e+66 -6.27744e+66 -6.27744e+66 -6.27744e+66 -6.27744e+66 -6.27744e+66 -6.27744e+66 -6.27744e+66 -6.27744e+66 -6.27744e+66 -6.27744e+66 267.27 377.771 528.666 528.666 528.666 1128.75 
-6.27744e+66 -6.27744e+66 -6.27744e+66 -6.27744e+66 -6.27744e+66 -6.27744e+66 -6.27744e+66 -6.27744e+66 -6.27744e+66 -6.27744e+66 -6.27744e+66 -6.27744e+66 -6.27744e+66 -6.27744e+66 -6.27744e+66 -6.27744e+66 -6.27744e+66 -6.27744e+66 -6.27744e+66 -6.27744e+66 267.27 342.718 342.718 342.718 822.782 
-6.27744e+66 -6.27744e+66 -6.27744e+66 -6.27744e+66 -6.27744e+66 -6.27744e+66 -6.27744e+66 -6.27744e+66 -6.27744e+66 -6.27744e+66 -6.27744e+66 -6.27744e+66 -6.27744e+66 -6.27744e+66 -6.27744e+66 -6.27744e+66 -6.27744e+66 -6.27744e+66 -6.27744e+66 -6.27744e+66 -6.27744e+66 267.27 267.27 267.27 627.318 
-6.27744e+66 -6.27744e+66 -6.27744e+66 -6.27744e+66 -6.27744e+66 -6.27744e+66 -6.27744e+66 -6.27744e+66 -6.27744e+66 -6.27744e+66 -6.27744e+66 -6.27744e+66 -6.27744e+66 -6.27744e+66 -6.27744e+66 -6.27744e+66 -6.27744e+66 -6.27744e+66 -6.27744e+66 -6.27744e+66 -6.27744e+66 -6.27744e+66 267.27 267.27 507.302 
-6.27744e+66 -6.27744e+66 -6.27744e+66 -6.27744e+66 -6.27744e+66 -6.27744e+66 -6.27744e+66 -6.27744e+66 -6.27744e+66 -6.27744e+66 -6.27744e+66 -6.27744e+66 -6.27744e+66 -6.27744e+66 -6.27744e+66 -6.27744e+66 -6.27744e+66 -6.27744e+66 -6.27744e+66 -6.27744e+66 -6.27744e+66 -6.27744e+66 -6.27744e+66 267.27 387.286 
-6.27744e+66 -6.27744e+66 -6.27744e+66 -6.27744e+66 -6.27744e+66 -6.27744e+66 -6.27744e+66 -6.27744e+66 -6.27744e+66 -6.27744e+66 -6.27744e+66 -6.27744e+66 -6.27744e+66 -6.27744e+66 -6.27744e+66 -6.27744e+66 -6.27744e+66 -6.27744e+66 -6.27744e+66 -6.27744e+66 -6.27744e+66 -6.27744e+66 -6.27744e+66 -6.27744e+66 267.27 
-6.27744e+66 -6.27744e+66 -6.27744e+66 -6.27744e+66 -6.27744e+66 -6.27744e+66 -6.27744e+66 -6.27744e+66 -6.27744e+66 -6.27744e+66 -6.27744e+66 -6.27744e+66 -6.27744e+66 -6.27744e+66 -6.27744e+66 -6.27744e+66 -6.27744e+66 -6.27744e+66 -6.27744e+66 -6.27744e+66 -6.27744e+66 -6.27744e+66 -6.27744e+66 -6.27744e+66 -6.27744e+66 
-6.27744e+66 771.673 771.673 771.673 1063.82 1166.55 1760.99 2188.13 2879.39 3094.36 3733.31 4155.05 5008.89 5452.56 6602.62 7147.39 7147.39 7931.22 7931.22 9673.01 11945.9 11945.9 14036.1 14753 14753 
-6.27744e+66 -6.27744e+66 771.673 771.673 966.436 1043.48 1519.04 1874.99 2467.49 2655.59 3223.55 3603.11 4379.33 4786.03 5847.63 6353.48 6353.48 7088.32 7088.32 8733.34 10886.6 10886.6 12877.2 13561.6 13561.6 
-6.27744e+66 -6.27744e+66 -6.27744e+66 771.673 869.054 920.419 1277.09 1561.85 2055.6 2216.83 2713.79 3051.18 3749.78 4119.51 5092.63 5559.58 5559.58 6245.43 6245.43 7793.68 9827.31 9827.31 11718.4 12370.2 12370.2 
-6.27744e+66 -6.27744e+66 -6.27744e+66 -6.27744e+66 771.673 797.355 1035.13 1248.7 1643.71 1778.06 2204.03 2499.25 3120.22 3452.98 4337.64 4765.67 4765.67 5402.53 5402.53 6854.02 8768.02 8768.02 10559.6 11178.8 11178.8 
-6.27744e+66 -6.27744e+66 -6.27744e+66 -6.27744e+66 -6.27744e+66 771.673 890.562 1032.94 1329.19 1436.68 1791.66 2044.69 2588.05 2883.83 3680.02 4069.15 4069.15 4657.02 4657.02 6011.74 7806.12 7806.12 9498.17 10084.7 10084.7 
-6.27744e+66 -6.27744e+66 -6.27744e+66 -6.27744e+66 -6.27744e+66 -6.27744e+66 771.673 842.862 1040.36 1120.98 1404.96 1615.82 2081.56 2340.37 3048.09 3398.3 3398.3 3937.18 3937.18 5195.14 6869.89 6869.89 8462.41 9016.39 9016.39 
-6.27744e+66 -6.27744e+66 -6.27744e+66 -6.27744e+66 -6.27744e+66 -6.27744e+66 -6.27744e+66 771.673 870.423 924.166 1137.15 1305.84 1693.96 1915.79 2535.05 2846.35 2846.35 3336.24 3336.24 4497.43 6052.56 6052.56 7545.54 8066.94 8066.94 
-6.27744e+66 -6.27744e+66 -6.27744e+66 -6.27744e+66 -6.27744e+66 -6.27744e+66 -6.27744e+66 -6.27744e+66 771.673 798.544 940.534 1067.05 1377.54 1562.41 2093.2 2365.59 2365.59 2806.49 2806.49 3870.92 5306.42 5306.42 6699.87 7188.67 7188.67 
-6.27744e+66 -6.27744e+66 -6.27744e+66 -6.27744e+66 -6.27744e+66 -6.27744e+66 -6.27744e+66 -6.27744e+66 -6.27744e+66 771.673 842.668 927.014 1159.88 1307.77 1750.1 1983.57 1983.57 2375.49 2375.49 3343.15 4659.02 4659.02 5952.94 6409.16 6409.16 
-6.27744e+66 -6.27744e+66 -6.27744e+66 -6.27744e+66 -6.27744e+66 -6.27744e+66 -6.27744e+66 -6.27744e+66 -6.27744e+66 -6.27744e+66 771.673 813.846 969.09 1080.01 1433.87 1628.43 1628.43 1971.36 1971.36 2842.25 4038.5 4038.5 5232.89 5656.52 5656.52 
-6.27744e+66 -6.27744e+66 -6.27744e+66 -6.27744e+66 -6.27744e+66 -6.27744e+66 -6.27744e+66 -6.27744e+66 -6.27744e+66 -6.27744e+66 -6.27744e+66 771.673 849.295 923.24 1188.64 1344.29 1344.29 1638.22 1638.22 2412.35 3488.97 3488.97 4583.83 4974.87 4974.87 
-6.27744e+66 -6.27744e+66 -6.27744e+66 -6.27744e+66 -6.27744e+66 -6.27744e+66 -6.27744e+66 -6.27744e+66 -6.27744e+66 -6.27744e+66 -6.27744e+66 -6.27744e+66 771.673 808.645 985.577 1102.31 1102.31 1347.26 1347.26 2024.62 2981.62 2981.62 3976.94 4335.4 4335.4 
-6.27744e+66 -6.27744e+66 -6.27744e+66 -6.27744e+66 -6.27744e+66 -6.27744e+66 -6.27744e+66 -6.27744e+66 -6.27744e+66 -6.27744e+66 -6.27744e+66 -6.27744e+66 -6.27744e+66 771.673 860.138 937.963 937.963 1133.92 1133.92 1714.52 2551.89 2551.89 3447.68 3773.55 3773.55 
-6.27744e+66 -6.27744e+66 -6.27744e+66 -6.27744e+66 -6.27744e+66 -6.27744e+66 -6.27744e+66 -6.27744e+66 -6.27744e+66 -6.27744e+66 -6.27744e+66 -6.27744e+66 -6.27744e+66 -6.27744e+66 771.673 810.585 810.585 957.552 957.552 1441.38 2159.13 2159.13 2955.39 3248.67 3248.67 
-6.27744e+66 -6.27744e+66 -6.27744e+66 -6.27744e+66 -6.27744e+66 -6.27744e+66 -6.27744e+66 -6.27744e+66 -6.27744e+66 -6.27744e+66 -6.27744e+66 -6.27744e+66 -6.27744e+66 -6.27744e+66 -6.27744e+66 771.673 771.673 869.651 869.651 1256.71 1854.84 1854.84 2551.57 2812.26 2812.26 
-6.27744e+66 -6.27744e+66 -6.27744e+66 -6.27744e+66 -6.27744e+66 -6.27744e+66 -6.27744e+66 -6.27744e+66 -6.27744e+66 -6.27744e+66 -6.27744e+66 -6.27744e+66 -6.27744e+66 -6.27744e+66 -6.27744e+66 -6.27744e+66 771.673 820.662 820.662 1110.96 1589.46 1589.46 2186.65 2414.76 2414.76 
-6.27744e+66 -6.27744e+66 -6.27744e+66 -6.27744e+66 -6.27744e+66 -6.27744e+66 -6.27744e+66 -6.27744e+66 -6.27744e+66 -6.27744e+66 -6.27744e+66 -6.27744e+66 -6.27744e+66 -6.27744e+66 -6.27744e+66 -6.27744e+66 -6.27744e+66 771.673 771.673 965.205 1324.08 1324.08 1821.74 2017.26 2017.26 
-6.27744e+66 -6.27744e+66 -6.27744e+66 -6.27744e+66 -6.27744e+66 -6.27744e+66 -6.27744e+66 -6.27744e+66 -6.27744e+66 -6.27744e+66 -6.27744e+66 -6.27744e+66 -6.27744e+66 -6.27744e+66 -6.27744e+66 -6.27744e+66 -6.27744e+66 -6.27744e+66 771.673 868.439 1107.69 1107.69 1505.82 1668.75 1668.75 
-6.27744e+66 -6.27744e+66 -6.27744e+66 -6.27744e+66 -6.27744e+66 -6.27744e+66 -6.27744e+66 -6.27744e+66 -6.27744e+66 -6.27744e+66 -6.27744e+66 -6.27744e+66 -6.27744e+66 -6.27744e+66 -6.27744e+66 -6.27744e+66 -6.27744e+66 -6.27744e+66 -6.27744e+66 771.673 891.298 891.298 1189.89 1320.24 1320.24 
-6.27744e+66 -6.27744e+66 -6.27744e+66 -6.27744e+66 -6.27744e+66 -6.27744e+66 -6.27744e+66 -6.27744e+66 -6.27744e+66 -6.27744e+66 -6.27744e+66 -6.27744e+66 -6.27744e+66 -6.27744e+66 -6.27744e+66 -6.27744e+66 -6.27744e+66 -6.27744e+66 -6.27744e+66 -6.27744e+66 771.673 771.673 970.737 1068.5 1068.5 
-6.27744e+66 -6.27744e+66 -6.27744e+66 -6.27744e+66 -6.27744e+66 -6.27744e+66 -6.27744e+66 -6.27744e+66 -6.27744e+66 -6.27744e+66 -6.27744e+66 -6.27744e+66 -6.27744e+66 -6.27744e+66 -6.27744e+66 -6.27744e+66 -6.27744e+66 -6.27744e+66 -6.27744e+66 -6.27744e+66 -6.27744e+66 771.673 871.205 936.379 936.379 
-6.27744e+66 -6.27744e+66 -6.27744e+66 -6.27744e+66 -6.27744e+66 -6.27744e+66 -6.27744e+66 -6.27744e+66 -6.27744e+66 -6.27744e+66 -6.27744e+66 -6.27744e+66 -6.27744e+66 -6.27744e+66 -6.27744e+66 -6.27744e+66 -6.27744e+66 -6.27744e+66 -6.27744e+66 -6.27744e+66 -6.27744e+66 -6.27744e+66 771.673 804.26 804.26 
-6.27744e+66 -6.27744e+66 -6.27744e+66 -6.27744e+66 -6.27744e+66 -6.27744e+66 -6.27744e+66 -6.27744e+66 -6.27744e+66 -6.27744e+66 -6.27744e+66 -6.27744e+66 -6.27744e+66 -6.27744e+66 -6.27744e+66 -6.27744e+66 -6.27744e+66 -6.27744e+66 -6.27744e+66 -6.27744e+66 -6.27744e+66 -6.27744e+66 -6.27744e+66 771.673 771.673 
-6.27744e+66 -6.27744e+66 -6.27744e+66 -6.27744e+66 -6.27744e+66 -6.27744e+66 -6.27744e+66 -6.27744e+66 -6.27744e+66 -6.27744e+66 -6.27744e+66 -6.27744e+66 -6.27744e+66 -6.27744e+66 -6.27744e+66 -6.27744e+66 -6.27744e+66 -6.27744e+66 -6.27744e+66 -6.27744e+66 -6.27744e+66 -6.27744e+66 -6.27744e+66 -6.27744e+66 771.673 
-6.27744e+66 -6.27744e+66 -6.27744e+66 -6.27744e+66 -6.27744e+66 -6.27744e+66 -6.27744e+66 -6.27744e+66 -6.27744e+66 -6.27744e+66 -6.27744e+66 -6.27744e+66 -6.27744e+66 -6.27744e+66 -6.27744e+66 -6.27744e+66 -6.27744e+66 -6.27744e+66 -6.27744e+66 -6.27744e+66 -6.27744e+66 -6.27744e+66 -6.27744e+66 -6.27744e+66 -6.27744e+66 
-6.27744e+66 199.25 199.25 199.25 439.386 573.791 1045.3 1045.3 1045.3 1045.3 1045.3 1721.5 2863.44 3055.64 4011.47 4011.47 4011.47 4457.28 4457.28 4457.28 4457.28 5651.55 8071.25 8071.25 8071.25 
-6.27744e+66 -6.27744e+66 199.25 199.25 359.341 460.145 837.355 837.355 837.355 837.355 837.355 1445.93 2484.06 2660.24 3542.54 3542.54 3542.54 3960.49 3960.49 3960.49 3960.49 5095.05 7399.53 7399.53 7399.53 
-6.27744e+66 -6.27744e+66 -6.27744e+66 199.25 279.295 346.498 629.406 629.406 629.406 629.406 629.406 1170.36 2104.67 2264.84 3073.62 3073.62 3073.62 3463.71 3463.71 3463.71 3463.71 4538.55 6727.8 6727.8 6727.8 
-6.27744e+66 -6.27744e+66 -6.27744e+66 -6.27744e+66 199.25 232.851 421.457 421.457 421.457 421.457 421.457 894.792 1725.29 1869.45 2604.7 2604.7 2604.7 2966.92 2966.92 2966.92 2966.92 3982.05 6056.08 6056.08 6056.08 
-6.27744e+66 -6.27744e+66 -6.27744e+66 -6.27744e+66 -6.27744e+66 199.25 293.553 293.553 293.553 293.553 293.553 699.269 1425.96 1554.09 2215.82 2215.82 2215.82 2550.18 2550.18 2550.18 2550.18 3505.6 5464.4 5464.4 5464.4 
-6.27744e+66 -6.27744e+66 -6.27744e+66 -6.27744e+66 -6.27744e+66 -6.27744e+66 199.25 199.25 199.25 199.25 199.25 537.347 1160.22 1272.34 1860.54 1860.54 1860.54 2167.04 2167.04 2167.04 2167.04 3062.74 4906.32 4906.32 4906.32 
-6.27744e+66 -6.27744e+66 -6.27744e+66 -6.27744e+66 -6.27744e+66 -6.27744e+66 -6.27744e+66 199.25 199.25 199.25 199.25 469.727 988.791 1084.89 1599.57 1599.57 1599.57 1878.2 1878.2 1878.2 1878.2 2714.19 4442.55 4442.55 4442.55 
-6.27744e+66 -6.27744e+66 -6.27744e+66 -6.27744e+66 -6.27744e+66 -6.27744e+66 -6.27744e+66 -6.27744e+66 199.25 199.25 199.25 402.108 817.359 897.444 1338.59 1338.59 1338.59 1589.36 1589.36 1589.36 1589.36 2365.64 3978.77 3978.77 3978.77 
-6.27744e+66 -6.27744e+66 -6.27744e+66 -6.27744e+66 -6.27744e+66 -6.27744e+66 -6.27744e+66 -6.27744e+66 -6.27744e+66 199.25 199.25 334.489 645.927 709.995 1077.62 1077.62 1077.62 1300.53 1300.53 1300.53 1300.53 2017.09 3515 3515 3515 
-6.27744e+66 -6.27744e+66 -6.27744e+66 -6.27744e+66 -6.27744e+66 -6.27744e+66 -6.27744e+66 -6.27744e+66 -6.27744e+66 -6.27744e+66 199.25 266.869 474.495 522.546 816.646 816.646 816.646 1011.69 1011.69 1011.69 1011.69 1668.54 3051.22 3051.22 3051.22 
-6.27744e+66 -6.27744e+66 -6.27744e+66 -6.27744e+66 -6.27744e+66 -6.27744e+66 -6.27744e+66 -6.27744e+66 -6.27744e+66 -6.27744e+66 -6.27744e+66 199.25 303.063 335.097 555.672 555.672 555.672 722.852 722.852 722.852 722.852 1319.99 2587.45 2587.45 2587.45 
-6.27744e+66 -6.27744e+66 -6.27744e+66 -6.27744e+66 -6.27744e+66 -6.27744e+66 -6.27744e+66 -6.27744e+66 -6.27744e+66 -6.27744e+66 -6.27744e+66 -6.27744e+66 199.25 215.267 362.317 362.317 362.317 501.634 501.634 501.634 501.634 1039.06 2191.29 2191.29 2191.29 
-6.27744e+66 -6.27744e+66 -6.27744e+66 -6.27744e+66 -6.27744e+66 -6.27744e+66 -6.27744e+66 -6.27744e+66 -6.27744e+66 -6.27744e+66 -6.27744e+66 -6.27744e+66 -6.27744e+66 199.25 272.775 272.775 272.775 384.229 384.229 384.229 384.229 861.938 1898.95 1898.95 1898.95 
-6.27744e+66 -6.27744e+66 -6.27744e+66 -6.27744e+66 -6.27744e+66 -6.27744e+66 -6.27744e+66 -6.27744e+66 -6.27744e+66 -6.27744e+66 -6.27744e+66 -6.27744e+66 -6.27744e+66 -6.27744e+66 199.25 199.25 199.25 282.84 282.84 282.84 282.84 700.836 1622.62 1622.62 1622.62 
-6.27744e+66 -6.27744e+66 -6.27744e+66 -6.27744e+66 -6.27744e+66 -6.27744e+66 -6.27744e+66 -6.27744e+66 -6.27744e+66 -6.27744e+66 -6.27744e+66 -6.27744e+66 -6.27744e+66 -6.27744e+66 -6.27744e+66 199.25 199.25 254.977 254.977 254.977 254.977 613.259 1419.82 1419.82 1419.82 
-6.27744e+66 -6.27744e+66 -6.27744e+66 -6.27744e+66 -6.27744e+66 -6.27744e+66 -6.27744e+66 -6.27744e+66 -6.27744e+66 -6.27744e+66 -6.27744e+66 -6.27744e+66 -6.27744e+66 -6.27744e+66 -6.27744e+66 -6.27744e+66 199.25 227.114 227.114 227.114 227.114 525.682 1217.02 1217.02 1217.02 
-6.27744e+66 -6.27744e+66 -6.27744e+66 -6.27744e+66 -6.27744e+66 -6.27744e+66 -6.27744e+66 -6.27744e+66 -6.27744e+66 -6.27744e+66 -6.27744e+66 -6.27744e+66 -6.27744e+66 -6.27744e+66 -6.27744e+66 -6.27744e+66 -6.27744e+66 199.25 199.25 199.25 199.25 438.105 1014.22 1014.22 1014.22 
-6.27744e+66 -6.27744e+66 -6.27744e+66 -6.27744e+66 -6.27744e+66 -6.27744e+66 -6.27744e+66 -6.27744e+66 -6.27744e+66 -6.27744e+66 -6.27744e+66 -6.27744e+66 -6.27744e+66 -6.27744e+66 -6.27744e+66 -6.27744e+66 -6.27744e+66 -6.27744e+66 199.25 199.25 199.25 378.391 839.285 839.285 839.285 
-6.27744e+66 -6.27744e+66 -6.27744e+66 -6.27744e+66 -6.27744e+66 -6.27744e+66 -6.27744e+66 -6.27744e+66 -6.27744e+66 -6.27744e+66 -6.27744e+66 -6.27744e+66 -6.27744e+66 -6.27744e+66 -6.27744e+66 -6.27744e+66 -6.27744e+66 -6.27744e+66 -6.27744e+66 199.25 199.25 318.677 664.348 664.348 664.348 
-6.27744e+66 -6.27744e+66 -6.27744e+66 -6.27744e+66 -6.27744e+66 -6.27744e+66 -6.27744e+66 -6.27744e+66 -6.27744e+66 -6.27744e+66 -6.27744e+66 -6.27744e+66 -6.27744e+66 -6.27744e+66 -6.27744e+66 -6.27744e+66 -6.27744e+66 -6.27744e+66 -6.27744e+66 -6.27744e+66 199.25 258.964 489.411 489.411 489.411 
-6.27744e+66 -6.27744e+66 -6.27744e+66 -6.27744e+66 -6.27744e+66 -6.27744e+66 -6.27744e+66 -6.27744e+66 -6.27744e+66 -6.27744e+66 -6.27744e+66 -6.27744e+66 -6.27744e+66 -6.27744e+66 -6.27744e+66 -6.27744e+66 -6.27744e+66 -6.27744e+66 -6.27744e+66 -6.27744e+66 -6.27744e+66 199.25 314.474 314.474 314.474 
-6.27744e+66 -6.27744e+66 -6.27744e+66 -6.27744e+66 -6.27744e+66 -6.27744e+66 -6.27744e+66 -6.27744e+66 -6.27744e+66 -6.27744e+66 -6.27744e+66 -6.27744e+66 -6.27744e+66 -6.27744e+66 -6.27744e+66 -6.27744e+66 -6.27744e+66 -6.27744e+66 -6.27744e+66 -6.27744e+66 -6.27744e+66 -6.27744e+66 199.25 199.25 199.25 
-6.27744e+66 -6.27744e+66 -6.27744e+66 -6.27744e+66 -6.27744e+66 -6.27744e+66 -6.27744e+66 -6.27744e+66 -6.27744e+66 -6.27744e+66 -6.27744e+66 -6.27744e+66 -6.27744e+66 -6.27744e+66 -6.27744e+66 -6.27744e+66 -6.27744e+66 -6.27744e+66 -6.27744e+66 -6.27744e+66 -6.27744e+66 -6.27744e+66 -6.27744e+66 199.25 199.25 
-6.27744e+66 -6.27744e+66 -6.27744e+66 -6.27744e+66 -6.27744e+66 -6.27744e+66 -6.27744e+66 -6.27744e+66 -6.27744e+66 -6.27744e+66 -6.27744e+66 -6.27744e+66 -6.27744e+66 -6.27744e+66 -6.27744e+66 -6.27744e+66 -6.27744e+66 -6.27744e+66 -6.27744e+66 -6.27744e+66 -6.27744e+66 -6.27744e+66 -6.27744e+66 -6.27744e+66 199.25 
-6.27744e+66 -6.27744e+66 -6.27744e+66 -6.27744e+66 -6.27744e+66 -6.27744e+66 -6.27744e+66 -6.27744e+66 -6.27744e+66 -6.27744e+66 -6.27744e+66 -6.27744e+66 -6.27744e+66 -6.27744e+66 -6.27744e+66 -6.27744e+66 -6.27744e+66 -6.27744e+66 -6.27744e+66 -6.27744e+66 -6.27744e+66 -6.27744e+66 -6.27744e+66 -6.27744e+66 -6.27744e+66 
-6.27744e+66 350.497 453.156 453.156 739.289 841.315 1213.2 1213.2 1213.2 1599.32 2407 2407 3571.86 3571.86 3571.86 3571.86 4840.09 4840.09 6447.25 6447.25 6447.25 6963.27 6963.27 6963.27 6963.27 
-6.27744e+66 -6.27744e+66 350.497 350.497 541.252 617.772 915.279 915.279 915.279 1253.13 1971.07 1971.07 3030.03 3030.03 3030.03 3030.03 4213.72 4213.72 5726.34 5726.34 5726.34 6216.56 6216.56 6216.56 6216.56 
-6.27744e+66 -6.27744e+66 -6.27744e+66 350.497 445.875 496.888 720.018 720.018 720.018 1009.61 1637.81 1637.81 2590.87 2590.87 2590.87 2590.87 3690 3690 5108.09 5108.09 5108.09 5572.51 5572.51 5572.51 5572.51 
-6.27744e+66 -6.27744e+66 -6.27744e+66 -6.27744e+66 350.497 376.003 524.757 524.757 524.757 766.081 1304.54 1304.54 2151.71 2151.71 2151.71 2151.71 3166.29 3166.29 4489.84 4489.84 4489.84 4928.45 4928.45 4928.45 4928.45 
-6.27744e+66 -6.27744e+66 -6.27744e+66 -6.27744e+66 -6.27744e+66 350.497 424.874 424.874 424.874 617.933 1066.65 1066.65 1807.92 1807.92 1807.92 1807.92 2737.96 2737.96 3966.96 3966.96 3966.96 4379.78 4379.78 4379.78 4379.78 
-6.27744e+66 -6.27744e+66 -6.27744e+66 -6.27744e+66 -6.27744e+66 -6.27744e+66 350.497 350.497 350.497 495.291 854.263 854.263 1489.64 1489.64 1489.64 1489.64 2335.13 2335.13 3469.59 3469.59 3469.59 3856.61 3856.61 3856.61 3856.61 
-6.27744e+66 -6.27744e+66 -6.27744e+66 -6.27744e+66 -6.27744e+66 -6.27744e+66 -6.27744e+66 350.497 350.497 447.026 716.255 716.255 1245.73 1245.73 1245.73 1245.73 2006.67 2006.67 3046.6 3046.6 3046.6 3407.82 3407.82 3407.82 3407.82 
-6.27744e+66 -6.27744e+66 -6.27744e+66 -6.27744e+66 -6.27744e+66 -6.27744e+66 -6.27744e+66 -6.27744e+66 350.497 398.762 578.247 578.247 1001.83 1001.83 1001.83 1001.83 1678.22 1678.22 2623.61 2623.61 2623.61 2959.02 2959.02 2959.02 2959.02 
-6.27744e+66 -6.27744e+66 -6.27744e+66 -6.27744e+66 -6.27744e+66 -6.27744e+66 -6.27744e+66 -6.27744e+66 -6.27744e+66 350.497 440.24 440.24 757.928 757.928 757.928 757.928 1349.77 1349.77 2200.62 2200.62 2200.62 2510.23 2510.23 2510.23 2510.23 
-6.27744e+66 -6.27744e+66 -6.27744e+66 -6.27744e+66 -6.27744e+66 -6.27744e+66 -6.27744e+66 -6.27744e+66 -6.27744e+66 -6.27744e+66 350.497 350.497 562.289 562.289 562.289 562.289 1069.58 1069.58 1825.89 1825.89 1825.89 2109.7 2109.7 2109.7 2109.7 
-6.27744e+66 -6.27744e+66 -6.27744e+66 -6.27744e+66 -6.27744e+66 -6.27744e+66 -6.27744e+66 -6.27744e+66 -6.27744e+66 -6.27744e+66 -6.27744e+66 350.497 456.393 456.393 456.393 456.393 879.137 879.137 1540.91 1540.91 1540.91 1798.92 1798.92 1798.92 1798.92 
-6.27744e+66 -6.27744e+66 -6.27744e+66 -6.27744e+66 -6.27744e+66 -6.27744e+66 -6.27744e+66 -6.27744e+66 -6.27744e+66 -6.27744e+66 -6.27744e+66 -6.27744e+66 350.497 350.497 350.497 350.497 688.692 688.692 1255.93 1255.93 1255.93 1488.14 1488.14 1488.14 1488.14 
-6.27744e+66 -6.27744e+66 -6.27744e+66 -6.27744e+66 -6.27744e+66 -6.27744e+66 -6.27744e+66 -6.27744e+66 -6.27744e+66 -6.27744e+66 -6.27744e+66 -6.27744e+66 -6.27744e+66 350.497 350.497 350.497 604.143 604.143 1076.84 1076.84 1076.84 1283.25 1283.25 1283.25 1283.25 
-6.27744e+66 -6.27744e+66 -6.27744e+66 -6.27744e+66 -6.27744e+66 -6.27744e+66 -6.27744e+66 -6.27744e+66 -6.27744e+66 -6.27744e+66 -6.27744e+66 -6.27744e+66 -6.27744e+66 -6.27744e+66 350.497 350.497 519.594 519.594 897.751 897.751 897.751 1078.36 1078.36 1078.36 1078.36 
-6.27744e+66 -6.27744e+66 -6.27744e+66 -6.27744e+66 -6.27744e+66 -6.27744e+66 -6.27744e+66 -6.27744e+66 -6.27744e+66 -6.27744e+66 -6.27744e+66 -6.27744e+66 -6.27744e+66 -6.27744e+66 -6.27744e+66 350.497 435.046 435.046 718.663 718.663 718.663 873.469 873.469 873.469 873.469 
-6.27744e+66 -6.27744e+66 -6.27744e+66 -6.27744e+66 -6.27744e+66 -6.27744e+66 -6.27744e+66 -6.27744e+66 -6.27744e+66 -6.27744e+66 -6.27744e+66 -6.27744e+66 -6.27744e+66 -6.27744e+66 -6.27744e+66 -6.27744e+66 350.497 350.497 539.575 539.575 539.575 668.58 668.58 668.58 668.58 
-6.27744e+66 -6.27744e+66 -6.27744e+66 -6.27744e+66 -6.27744e+66 -6.27744e+66 -6.27744e+66 -6.27744e+66 -6.27744e+66 -6.27744e+66 -6.27744e+66 -6.27744e+66 -6.27744e+66 -6.27744e+66 -6.27744e+66 -6.27744e+66 -6.27744e+66 350.497 445.036 445.036 445.036 548.24 548.24 548.24 548.24 
-6.27744e+66 -6.27744e+66 -6.27744e+66 -6.27744e+66 -6.27744e+66 -6.27744e+66 -6.27744e+66 -6.27744e+66 -6.27744e+66 -6.27744e+66 -6.27744e+66 -6.27744e+66 -6.27744e+66 -6.27744e+66 -6.27744e+66 -6.27744e+66 -6.27744e+66 -6.27744e+66 350.497 350.497 350.497 427.9 427.9 427.9 427.9 
-6.27744e+66 -6.27744e+66 -6.27744e+66 -6.27744e+66 -6.27744e+66 -6.27744e+66 -6.27744e+66 -6.27744e+66 -6.27744e+66 -6.27744e+66 -6.27744e+66 -6.27744e+66 -6.27744e+66 -6.27744e+66 -6.27744e+66 -6.27744e+66 -6.27744e+66 -6.27744e+66 -6.27744e+66 350.497 350.497 402.099 402.099 402.099 402.099 
-6.27744e+66 -6.27744e+66 -6.27744e+66 -6.27744e+66 -6.27744e+66 -6.27744e+66 -6.27744e+66 -6.27744e+66 -6.27744e+66 -6.27744e+66 -6.27744e+66 -6.27744e+66 -6.27744e+66 -6.27744e+66 -6.27744e+66 -6.27744e+66 -6.27744e+66 -6.27744e+66 -6.27744e+66 -6.27744e+66 350.497 376.298 376.298 376.298 376.298 
-6.27744e+66 -6.27744e+66 -6.27744e+66 -6.27744e+66 -6.27744e+66 -6.27744e+66 -6.27744e+66 -6.27744e+66 -6.27744e+66 -6.27744e+66 -6.27744e+66 -6.27744e+66 -6.27744e+66 -6.27744e+66 -6.27744e+66 -6.27744e+66 -6.27744e+66 -6.27744e+66 -6.27744e+66 -6.27744e+66 -6.27744e+66 350.497 350.497 350.497 350.497 
-6.27744e+66 -6.27744e+66 -6.27744e+66 -6.27744e+66 -6.27744e+66 -6.27744e+66 -6.27744e+66 -6.27744e+66 -6.27744e+66 -6.27744e+66 -6.27744e+66 -6.27744e+66 -6.27744e+66 -6.27744e+66 -6.27744e+66 -6.27744e+66 -6.27744e+66 -6.27744e+66 -6.27744e+66 -6.27744e+66 -6.27744e+66 -6.27744e+66 350.497 350.497 350.497 
-6.27744e+66 -6.27744e+66 -6.27744e+66 -6.27744e+66 -6.27744e+66 -6.27744e+66 -6.27744e+66 -6.27744e+66 -6.27744e+66 -6.27744e+66 -6.27744e+66 -6.27744e+66 -6.27744e+66 -6.27744e+66 -6.27744e+66 -6.27744e+66 -6.27744e+66 -6.27744e+66 -6.27744e+66 -6.27744e+66 -6.27744e+66 -6.27744e+66 -6.27744e+66 350.497 350.497 
-6.27744e+66 -6.27744e+66 -6.27744e+66 -6.27744e+66 -6.27744e+66 -6.27744e+66 -6.27744e+66 -6.27744e+66 -6.27744e+66 -6.27744e+66 -6.27744e+66 -6.27744e+66 -6.27744e+66 -6.27744e+66 -6.27744e+66 -6.27744e+66 -6.27744e+66 -6.27744e+66 -6.27744e+66 -6.27744e+66 -6.27744e+66 -6.27744e+66 -6.27744e+66 -6.27744e+66 350.497 
-6.27744e+66 -6.27744e+66 -6.27744e+66 -6.27744e+66 -6.27744e+66 -6.27744e+66 -6.27744e+66 -6.27744e+66 -6.27744e+66 -6.27744e+66 -6.27744e+66 -6.27744e+66 -6.27744e+66 -6.27744e+66 -6.27744e+66 -6.27744e+66 -6.27744e+66 -6.27744e+66 -6.27744e+66 -6.27744e+66 -6.27744e+66 -6.27744e+66 -6.27744e+66 -6.27744e+66 -6.27744e+66 
-6.27744e+66 432.783 536.76 568.217 908.769 908.769 1394.87 1394.87 1971.95 1971.95 1971.95 1971.95 1971.95 2425.81 2425.81 3171.67 3171.67 3171.67 3171.67 3171.67 3171.67 3171.67 3171.67 3845.52 6306.11 
-6.27744e+66 -6.27744e+66 432.783 448.512 675.546 675.546 1064.43 1064.43 1559.07 1559.07 1559.07 1559.07 1559.07 1975.1 1975.1 2667.69 2667.69 2667.69 2667.69 2667.69 2667.69 2667.69 2667.69 3310.91 5664.52 
-6.27744e+66 -6.27744e+66 -6.27744e+66 432.783 546.3 546.3 837.963 837.963 1250.16 1250.16 1250.16 1250.16 1250.16 1628.37 1628.37 2267.68 2267.68 2267.68 2267.68 2267.68 2267.68 2267.68 2267.68 2880.28 5126.9 
-6.27744e+66 -6.27744e+66 -6.27744e+66 -6.27744e+66 432.783 432.783 627.225 627.225 956.985 956.985 956.985 956.985 956.985 1297.38 1297.38 1883.41 1883.41 1883.41 1883.41 1883.41 1883.41 1883.41 1883.41 2465.37 4605.01 
-6.27744e+66 -6.27744e+66 -6.27744e+66 -6.27744e+66 -6.27744e+66 432.783 530.004 530.004 777.324 777.324 777.324 777.324 777.324 1079.89 1079.89 1612.65 1612.65 1612.65 1612.65 1612.65 1612.65 1612.65 1612.65 2163.99 4196.65 
-6.27744e+66 -6.27744e+66 -6.27744e+66 -6.27744e+66 -6.27744e+66 -6.27744e+66 432.783 432.783 597.663 597.663 597.663 597.663 597.663 862.411 862.411 1341.89 1341.89 1341.89 1341.89 1341.89 1341.89 1341.89 1341.89 1862.6 3788.28 
-6.27744e+66 -6.27744e+66 -6.27744e+66 -6.27744e+66 -6.27744e+66 -6.27744e+66 -6.27744e+66 432.783 515.223 515.223 515.223 515.223 515.223 742.15 742.15 1168.35 1168.35 1168.35 1168.35 1168.35 1168.35 1168.35 1168.35 1658.43 3477.13 
-6.27744e+66 -6.27744e+66 -6.27744e+66 -6.27744e+66 -6.27744e+66 -6.27744e+66 -6.27744e+66 -6.27744e+66 432.783 432.783 432.783 432.783 432.783 621.888 621.888 994.818 994.818 994.818 994.818 994.818 994.818 994.818 994.818 1454.27 3165.98 
-6.27744e+66 -6.27744e+66 -6.27744e+66 -6.27744e+66 -6.27744e+66 -6.27744e+66 -6.27744e+66 -6.27744e+66 -6.27744e+66 432.783 432.783 432.783 432.783 584.067 584.067 903.721 903.721 903.721 903.721 903.721 903.721 903.721 903.721 1332.54 2937.27 
-6.27744e+66 -6.27744e+66 -6.27744e+66 -6.27744e+66 -6.27744e+66 -6.27744e+66 -6.27744e+66 -6.27744e+66 -6.27744e+66 -6.27744e+66 432.783 432.783 432.783 546.246 546.246 812.624 812.624 812.624 812.624 812.624 812.624 812.624 812.624 1210.81 2708.56 
-6.27744e+66 -6.27744e+66 -6.27744e+66 -6.27744e+66 -6.27744e+66 -6.27744e+66 -6.27744e+66 -6.27744e+66 -6.27744e+66 -6.27744e+66 -6.27744e+66 432.783 432.783 508.425 508.425 721.528 721.528 721.528 721.528 721.528 721.528 721.528 721.528 1089.09 2479.85 
-6.27744e+66 -6.27744e+66 -6.27744e+66 -6.27744e+66 -6.27744e+66 -6.27744e+66 -6.27744e+66 -6.27744e+66 -6.27744e+66 -6.27744e+66 -6.27744e+66 -6.27744e+66 432.783 470.604 470.604 630.431 630.431 630.431 630.431 630.431 630.431 630.431 630.431 967.359 2251.14 
-6.27744e+66 -6.27744e+66 -6.27744e+66 -6.27744e+66 -6.27744e+66 -6.27744e+66 -6.27744e+66 -6.27744e+66 -6.27744e+66 -6.27744e+66 -6.27744e+66 -6.27744e+66 -6.27744e+66 432.783 432.783 539.334 539.334 539.334 539.334 539.334 539.334 539.334 539.334 845.632 2022.43 
-6.27744e+66 -6.27744e+66 -6.27744e+66 -6.27744e+66 -6.27744e+66 -6.27744e+66 -6.27744e+66 -6.27744e+66 -6.27744e+66 -6.27744e+66 -6.27744e+66 -6.27744e+66 -6.27744e+66 -6.27744e+66 432.783 486.058 486.058 486.058 486.058 486.058 486.058 486.058 486.058 761.727 1831.55 
-6.27744e+66 -6.27744e+66 -6.27744e+66 -6.27744e+66 -6.27744e+66 -6.27744e+66 -6.27744e+66 -6.27744e+66 -6.27744e+66 -6.27744e+66 -6.27744e+66 -6.27744e+66 -6.27744e+66 -6.27744e+66 -6.27744e+66 432.783 432.783 432.783 432.783 432.783 432.783 432.783 432.783 677.821 1640.66 
-6.27744e+66 -6.27744e+66 -6.27744e+66 -6.27744e+66 -6.27744e+66 -6.27744e+66 -6.27744e+66 -6.27744e+66 -6.27744e+66 -6.27744e+66 -6.27744e+66 -6.27744e+66 -6.27744e+66 -6.27744e+66 -6.27744e+66 -6.27744e+66 432.783 432.783 432.783 432.783 432.783 432.783 432.783 647.192 1503.05 
-6.27744e+66 -6.27744e+66 -6.27744e+66 -6.27744e+66 -6.27744e+66 -6.27744e+66 -6.27744e+66 -6.27744e+66 -6.27744e+66 -6.27744e+66 -6.27744e+66 -6.27744e+66 -6.27744e+66 -6.27744e+66 -6.27744e+66 -6.27744e+66 -6.27744e+66 432.783 432.783 432.783 432.783 432.783 432.783 616.562 1365.44 
-6.27744e+66 -6.27744e+66 -6.27744e+66 -6.27744e+66 -6.27744e+66 -6.27744e+66 -6.27744e+66 -6.27744e+66 -6.27744e+66 -6.27744e+66 -6.27744e+66 -6.27744e+66 -6.27744e+66 -6.27744e+66 -6.27744e+66 -6.27744e+66 -6.27744e+66 -6.27744e+66 432.783 432.783 432.783 432.783 432.783 585.932 1227.82 
-6.27744e+66 -6.27744e+66 -6.27744e+66 -6.27744e+66 -6.27744e+66 -6.27744e+66 -6.27744e+66 -6.27744e+66 -6.27744e+66 -6.27744e+66 -6.27744e+66 -6.27744e+66 -6.27744e+66 -6.27744e+66 -6.27744e+66 -6.27744e+66 -6.27744e+66 -6.27744e+66 -6.27744e+66 432.783 432.783 432.783 432.783 555.302 1090.21 
-6.27744e+66 -6.27744e+66 -6.27744e+66 -6.27744e+66 -6.27744e+66 -6.27744e+66 -6.27744e+66 -6.27744e+66 -6.27744e+66 -6.27744e+66 -6.27744e+66 -6.27744e+66 -6.27744e+66 -6.27744e+66 -6.27744e+66 -6.27744e+66 -6.27744e+66 -6.27744e+66 -6.27744e+66 -6.27744e+66 432.783 432.783 432.783 524.672 952.601 
-6.27744e+66 -6.27744e+66 -6.27744e+66 -6.27744e+66 -6.27744e+66 -6.27744e+66 -6.27744e+66 -6.27744e+66 -6.27744e+66 -6.27744e+66 -6.27744e+66 -6.27744e+66 -6.27744e+66 -6.27744e+66 -6.27744e+66 -6.27744e+66 -6.27744e+66 -6.27744e+66 -6.27744e+66 -6.27744e+66 -6.27744e+66 432.783 432.783 494.042 814.989 
-6.27744e+66 -6.27744e+66 -6.27744e+66 -6.27744e+66 -6.27744e+66 -6.27744e+66 -6.27744e+66 -6.27744e+66 -6.27744e+66 -6.27744e+66 -6.27744e+66 -6.27744e+66 -6.27744e+66 -6.27744e+66 -6.27744e+66 -6.27744e+66 -6.27744e+66 -6.27744e+66 -6.27744e+66 -6.27744e+66 -6.27744e+66 -6.27744e+66 432.783 463.413 677.377 
-6.27744e+66 -6.27744e+66 -6.27744e+66 -6.27744e+66 -6.27744e+66 -6.27744e+66 -6.27744e+66 -6.27744e+66 -6.27744e+66 -6.27744e+66 -6.27744e+66 -6.27744e+66 -6.27744e+66 -6.27744e+66 -6.27744e+66 -6.27744e+66 -6.27744e+66 -6.27744e+66 -6.27744e+66 -6.27744e+66 -6.27744e+66 -6.27744e+66 -6.27744e+66 432.783 539.765 
-6.27744e+66 -6.27744e+66 -6.27744e+66 -6.27744e+66 -6.27744e+66 -6.27744e+66 -6.27744e+66 -6.27744e+66 -6.27744e+66 -6.27744e+66 -6.27744e+66 -6.27744e+66 -6.27744e+66 -6.27744e+66 -6.27744e+66 -6.27744e+66 -6.27744e+66 -6.27744e+66 -6.27744e+66 -6.27744e+66 -6.27744e+66 -6.27744e+66 -6.27744e+66 -6.27744e+66 432.783 
-6.27744e+66 -6.27744e+66 -6.27744e+66 -6.27744e+66 -6.27744e+66 -6.27744e+66 -6.27744e+66 -6.27744e+66 -6.27744e+66 -6.27744e+66 -6.27744e+66 -6.27744e+66 -6.27744e+66 -6.27744e+66 -6.27744e+66 -6.27744e+66 -6.27744e+66 -6.27744e+66 -6.27744e+66 -6.27744e+66 -6.27744e+66 -6.27744e+66 -6.27744e+66 -6.27744e+66 -6.27744e+66 
-6.27744e+66 349.27 443.583 443.583 443.583 443.583 850.275 1199.85 2026.4 2700.21 3591.09 3591.09 3591.09 4222.92 5654.81 5654.81 7116.06 7891.99 7891.99 7891.99 10270 10270 10270 11602.6 11602.6 
-6.27744e+66 -6.27744e+66 349.27 349.27 349.27 349.27 674.623 965.936 1674.4 2263.99 3055.89 3055.89 3055.89 3635.07 4956.81 4956.81 6320.64 7048.07 7048.07 7048.07 9300.95 9300.95 9300.95 10573 10573 
-6.27744e+66 -6.27744e+66 -6.27744e+66 349.27 349.27 349.27 593.285 826.335 1416.72 1922.08 2614.99 2614.99 2614.99 3141.52 4353.12 4353.12 5619.53 6298.47 6298.47 6298.47 8426.19 8426.19 8426.19 9637.66 9637.66 
-6.27744e+66 -6.27744e+66 -6.27744e+66 -6.27744e+66 349.27 349.27 511.946 686.734 1159.05 1580.18 2174.1 2174.1 2174.1 2647.98 3749.43 3749.43 4918.42 5548.87 5548.87 5548.87 7551.43 7551.43 7551.43 8702.32 8702.32 
-6.27744e+66 -6.27744e+66 -6.27744e+66 -6.27744e+66 -6.27744e+66 349.27 430.608 547.133 901.367 1238.27 1733.21 1733.21 1733.21 2154.43 3145.74 3145.74 4217.32 4799.26 4799.26 4799.26 6676.67 6676.67 6676.67 7766.99 7766.99 
-6.27744e+66 -6.27744e+66 -6.27744e+66 -6.27744e+66 -6.27744e+66 -6.27744e+66 349.27 407.532 643.688 896.367 1292.32 1292.32 1292.32 1660.88 2542.05 2542.05 3516.21 4049.66 4049.66 4049.66 5801.9 5801.9 5801.9 6831.65 6831.65 
-6.27744e+66 -6.27744e+66 -6.27744e+66 -6.27744e+66 -6.27744e+66 -6.27744e+66 -6.27744e+66 349.27 467.347 635.8 932.762 932.762 932.762 1248.68 2019.69 2019.69 2896.44 3381.4 3381.4 3381.4 5008.48 5008.48 5008.48 5977.65 5977.65 
-6.27744e+66 -6.27744e+66 -6.27744e+66 -6.27744e+66 -6.27744e+66 -6.27744e+66 -6.27744e+66 -6.27744e+66 349.27 433.496 631.471 631.471 631.471 894.733 1555.6 1555.6 2334.94 2771.4 2771.4 2771.4 4273.32 4273.32 4273.32 5181.92 5181.92 
-6.27744e+66 -6.27744e+66 -6.27744e+66 -6.27744e+66 -6.27744e+66 -6.27744e+66 -6.27744e+66 -6.27744e+66 -6.27744e+66 349.27 448.257 448.257 448.257 658.867 1209.59 1209.59 1891.51 2279.47 2279.47 2279.47 3656.23 3656.23 3656.23 4504.26 4504.26 
-6.27744e+66 -6.27744e+66 -6.27744e+66 -6.27744e+66 -6.27744e+66 -6.27744e+66 -6.27744e+66 -6.27744e+66 -6.27744e+66 -6.27744e+66 349.27 349.27 349.27 507.227 947.808 947.808 1532.31 1871.78 1871.78 1871.78 3123.38 3123.38 3123.38 3910.83 3910.83 
-6.27744e+66 -6.27744e+66 -6.27744e+66 -6.27744e+66 -6.27744e+66 -6.27744e+66 -6.27744e+66 -6.27744e+66 -6.27744e+66 -6.27744e+66 -6.27744e+66 349.27 349.27 454.575 785.01 785.01 1272.09 1563.07 1563.07 1563.07 2689.51 2689.51 2689.51 3416.39 3416.39 
-6.27744e+66 -6.27744e+66 -6.27744e+66 -6.27744e+66 -6.27744e+66 -6.27744e+66 -6.27744e+66 -6.27744e+66 -6.27744e+66 -6.27744e+66 -6.27744e+66 -6.27744e+66 349.27 401.922 622.213 622.213 1011.88 1254.36 1254.36 1254.36 2255.64 2255.64 2255.64 2921.94 2921.94 
-6.27744e+66 -6.27744e+66 -6.27744e+66 -6.27744e+66 -6.27744e+66 -6.27744e+66 -6.27744e+66 -6.27744e+66 -6.27744e+66 -6.27744e+66 -6.27744e+66 -6.27744e+66 -6.27744e+66 349.27 459.415 459.415 751.664 945.646 945.646 945.646 1821.77 1821.77 1821.77 2427.5 2427.5 
-6.27744e+66 -6.27744e+66 -6.27744e+66 -6.27744e+66 -6.27744e+66 -6.27744e+66 -6.27744e+66 -6.27744e+66 -6.27744e+66 -6.27744e+66 -6.27744e+66 -6.27744e+66 -6.27744e+66 -6.27744e+66 349.27 349.27 544.102 689.589 689.589 689.589 1440.55 1440.55 1440.55 1985.71 1985.71 
-6.27744e+66 -6.27744e+66 -6.27744e+66 -6.27744e+66 -6.27744e+66 -6.27744e+66 -6.27744e+66 -6.27744e+66 -6.27744e+66 -6.27744e+66 -6.27744e+66 -6.27744e+66 -6.27744e+66 -6.27744e+66 -6.27744e+66 349.27 446.686 543.677 543.677 543.677 1169.48 1169.48 1169.48 1654.06 1654.06 
-6.27744e+66 -6.27744e+66 -6.27744e+66 -6.27744e+66 -6.27744e+66 -6.27744e+66 -6.27744e+66 -6.27744e+66 -6.27744e+66 -6.27744e+66 -6.27744e+66 -6.27744e+66 -6.27744e+66 -6.27744e+66 -6.27744e+66 -6.27744e+66 349.27 397.765 397.765 397.765 898.406 898.406 898.406 1322.42 1322.42 
-6.27744e+66 -6.27744e+66 -6.27744e+66 -6.27744e+66 -6.27744e+66 -6.27744e+66 -6.27744e+66 -6.27744e+66 -6.27744e+66 -6.27744e+66 -6.27744e+66 -6.27744e+66 -6.27744e+66 -6.27744e+66 -6.27744e+66 -6.27744e+66 -6.27744e+66 349.27 349.27 349.27 724.75 724.75 724.75 1088.19 1088.19 
-6.27744e+66 -6.27744e+66 -6.27744e+66 -6.27744e+66 -6.27744e+66 -6.27744e+66 -6.27744e+66 -6.27744e+66 -6.27744e+66 -6.27744e+66 -6.27744e+66 -6.27744e+66 -6.27744e+66 -6.27744e+66 -6.27744e+66 -6.27744e+66 -6.27744e+66 -6.27744e+66 349.27 349.27 599.59 599.59 599.59 902.456 902.456 
-6.27744e+66 -6.27744e+66 -6.27744e+66 -6.27744e+66 -6.27744e+66 -6.27744e+66 -6.27744e+66 -6.27744e+66 -6.27744e+66 -6.27744e+66 -6.27744e+66 -6.27744e+66 -6.27744e+66 -6.27744e+66 -6.27744e+66 -6.27744e+66 -6.27744e+66 -6.27744e+66 -6.27744e+66 349.27 474.43 474.43 474.43 716.723 716.723 
-6.27744e+66 -6.27744e+66 -6.27744e+66 -6.27744e+66 -6.27744e+66 -6.27744e+66 -6.27744e+66 -6.27744e+66 -6.27744e+66 -6.27744e+66 -6.27744e+66 -6.27744e+66 -6.27744e+66 -6.27744e+66 -6.27744e+66 -6.27744e+66 -6.27744e+66 -6.27744e+66 -6.27744e+66 -6.27744e+66 349.27 349.27 349.27 530.989 530.989 
-6.27744e+66 -6.27744e+66 -6.27744e+66 -6.27744e+66 -6.27744e+66 -6.27744e+66 -6.27744e+66 -6.27744e+66 -6.27744e+66 -6.27744e+66 -6.27744e+66 -6.27744e+66 -6.27744e+66 -6.27744e+66 -6.27744e+66 -6.27744e+66 -6.27744e+66 -6.27744e+66 -6.27744e+66 -6.27744e+66 -6.27744e+66 349.27 349.27 470.416 470.416 
-6.27744e+66 -6.27744e+66 -6.27744e+66 -6.27744e+66 -6.27744e+66 -6.27744e+66 -6.27744e+66 -6.27744e+66 -6.27744e+66 -6.27744e+66 -6.27744e+66 -6.27744e+66 -6.27744e+66 -6.27744e+66 -6.27744e+66 -6.27744e+66 -6.27744e+66 -6.27744e+66 -6.27744e+66 -6.27744e+66 -6.27744e+66 -6.27744e+66 349.27 409.843 409.843 
-6.27744e+66 -6.27744e+66 -6.27744e+66 -6.27744e+66 -6.27744e+66 -6.27744e+66 -6.27744e+66 -6.27744e+66 -6.27744e+66 -6.27744e+66 -6.27744e+66 -6.27744e+66 -6.27744e+66 -6.27744e+66 -6.27744e+66 -6.27744e+66 -6.27744e+66 -6.27744e+66 -6.27744e+66 -6.27744e+66 -6.27744e+66 -6.27744e+66 -6.27744e+66 349.27 349.27 
-6.27744e+66 -6.27744e+66 -6.27744e+66 -6.27744e+66 -6.27744e+66 -6.27744e+66 -6.27744e+66 -6.27744e+66 -6.27744e+66 -6.27744e+66 -6.27744e+66 -6.27744e+66 -6.27744e+66 -6.27744e+66 -6.27744e+66 -6.27744e+66 -6.27744e+66 -6.27744e+66 -6.27744e+66 -6.27744e+66 -6.27744e+66 -6.27744e+66 -6.27744e+66 -6.27744e+66 349.27 
-6.27744e+66 -6.27744e+66 -6.27744e+66 -6.27744e+66 -6.27744e+66 -6.27744e+66 -6.27744e+66 -6.27744e+66 -6.27744e+66 -6.27744e+66 -6.27744e+66 -6.27744e+66 -6.27744e+66 -6.27744e+66 -6.27744e+66 -6.27744e+66 -6.27744e+66 -6.27744e+66 -6.27744e+66 -6.27744e+66 -6.27744e+66 -6.27744e+66 -6.27744e+66 -6.27744e+66 -6.27744e+66 
-6.27744e+66 278.634 278.634 278.634 278.634 427.122 812.995 812.995 1433.11 1433.11 2668.46 3216.21 3216.21 3990.82 5216.09 5545.96 5545.96 5545.96 7702.38 7702.38 7702.38 8966.21 8966.21 9619.77 12330 
-6.27744e+66 -6.27744e+66 278.634 278.634 278.634 390 698.698 698.698 1230.22 1230.22 2328.32 2821.29 2821.29 3531.35 4662.37 4968.67 4968.67 4968.67 6998.25 6998.25 6998.25 8198.89 8198.89 8822.74 11415.2 
-6.27744e+66 -6.27744e+66 -6.27744e+66 278.634 278.634 352.878 584.402 584.402 1027.34 1027.34 1988.17 2426.37 2426.37 3071.88 4108.64 4391.39 4391.39 4391.39 6294.11 6294.11 6294.11 7431.56 7431.56 8025.71 10500.3 
-6.27744e+66 -6.27744e+66 -6.27744e+66 -6.27744e+66 278.634 315.756 470.105 470.105 824.454 824.454 1648.02 2031.45 2031.45 2612.41 3554.92 3814.1 3814.1 3814.1 5589.98 5589.98 5589.98 6664.24 6664.24 7228.67 9585.41 
-6.27744e+66 -6.27744e+66 -6.27744e+66 -6.27744e+66 -6.27744e+66 278.634 355.809 355.809 621.571 621.571 1307.88 1636.53 1636.53 2152.94 3001.2 3236.82 3236.82 3236.82 4885.85 4885.85 4885.85 5896.91 5896.91 6431.64 8670.54 
-6.27744e+66 -6.27744e+66 -6.27744e+66 -6.27744e+66 -6.27744e+66 -6.27744e+66 278.634 278.634 455.809 455.809 1004.86 1278.73 1278.73 1730.59 2484.6 2696.66 2696.66 2696.66 4218.84 4218.84 4218.84 5166.71 5166.71 5671.73 7792.8 
-6.27744e+66 -6.27744e+66 -6.27744e+66 -6.27744e+66 -6.27744e+66 -6.27744e+66 -6.27744e+66 278.634 367.221 367.221 779.007 998.105 998.105 1385.41 2045.17 2233.67 2233.67 2233.67 3629 3629 3629 4513.68 4513.68 4989 6992.23 
-6.27744e+66 -6.27744e+66 -6.27744e+66 -6.27744e+66 -6.27744e+66 -6.27744e+66 -6.27744e+66 -6.27744e+66 278.634 278.634 553.157 717.481 717.481 1040.24 1605.75 1770.68 1770.68 1770.68 3039.16 3039.16 3039.16 3860.66 3860.66 4306.26 6191.65 
-6.27744e+66 -6.27744e+66 -6.27744e+66 -6.27744e+66 -6.27744e+66 -6.27744e+66 -6.27744e+66 -6.27744e+66 -6.27744e+66 278.634 415.896 525.445 525.445 783.65 1254.91 1396.28 1396.28 1396.28 2537.91 2537.91 2537.91 3296.21 3296.21 3712.11 5479.67 
-6.27744e+66 -6.27744e+66 -6.27744e+66 -6.27744e+66 -6.27744e+66 -6.27744e+66 -6.27744e+66 -6.27744e+66 -6.27744e+66 -6.27744e+66 278.634 333.409 333.409 527.063 904.068 1021.88 1021.88 1021.88 2036.66 2036.66 2036.66 2731.77 2731.77 3117.97 4767.68 
-6.27744e+66 -6.27744e+66 -6.27744e+66 -6.27744e+66 -6.27744e+66 -6.27744e+66 -6.27744e+66 -6.27744e+66 -6.27744e+66 -6.27744e+66 -6.27744e+66 278.634 278.634 407.737 690.491 784.738 784.738 784.738 1672.68 1672.68 1672.68 2304.59 2304.59 2661.08 4192.96 
-6.27744e+66 -6.27744e+66 -6.27744e+66 -6.27744e+66 -6.27744e+66 -6.27744e+66 -6.27744e+66 -6.27744e+66 -6.27744e+66 -6.27744e+66 -6.27744e+66 -6.27744e+66 278.634 343.185 531.688 602.374 602.374 602.374 1363.46 1363.46 1363.46 1932.19 1932.19 2258.97 3673.01 
-6.27744e+66 -6.27744e+66 -6.27744e+66 -6.27744e+66 -6.27744e+66 -6.27744e+66 -6.27744e+66 -6.27744e+66 -6.27744e+66 -6.27744e+66 -6.27744e+66 -6.27744e+66 -6.27744e+66 278.634 372.885 420.009 420.009 420.009 1054.25 1054.25 1054.25 1559.78 1559.78 1856.86 3153.06 
-6.27744e+66 -6.27744e+66 -6.27744e+66 -6.27744e+66 -6.27744e+66 -6.27744e+66 -6.27744e+66 -6.27744e+66 -6.27744e+66 -6.27744e+66 -6.27744e+66 -6.27744e+66 -6.27744e+66 -6.27744e+66 278.634 302.196 302.196 302.196 809.59 809.59 809.59 1251.93 1251.93 1519.3 2697.67 
-6.27744e+66 -6.27744e+66 -6.27744e+66 -6.27744e+66 -6.27744e+66 -6.27744e+66 -6.27744e+66 -6.27744e+66 -6.27744e+66 -6.27744e+66 -6.27744e+66 -6.27744e+66 -6.27744e+66 -6.27744e+66 -6.27744e+66 278.634 278.634 278.634 659.179 659.179 659.179 1038.33 1038.33 1275.99 2336.52 
-6.27744e+66 -6.27744e+66 -6.27744e+66 -6.27744e+66 -6.27744e+66 -6.27744e+66 -6.27744e+66 -6.27744e+66 -6.27744e+66 -6.27744e+66 -6.27744e+66 -6.27744e+66 -6.27744e+66 -6.27744e+66 -6.27744e+66 -6.27744e+66 278.634 278.634 532.331 532.331 532.331 848.29 848.29 1056.24 1998.93 
-6.27744e+66 -6.27744e+66 -6.27744e+66 -6.27744e+66 -6.27744e+66 -6.27744e+66 -6.27744e+66 -6.27744e+66 -6.27744e+66 -6.27744e+66 -6.27744e+66 -6.27744e+66 -6.27744e+66 -6.27744e+66 -6.27744e+66 -6.27744e+66 -6.27744e+66 278.634 405.483 405.483 405.483 658.249 658.249 836.492 1661.35 
-6.27744e+66 -6.27744e+66 -6.27744e+66 -6.27744e+66 -6.27744e+66 -6.27744e+66 -6.27744e+66 -6.27744e+66 -6.27744e+66 -6.27744e+66 -6.27744e+66 -6.27744e+66 -6.27744e+66 -6.27744e+66 -6.27744e+66 -6.27744e+66 -6.27744e+66 -6.27744e+66 278.634 278.634 278.634 468.209 468.209 616.745 1323.77 
-6.27744e+66 -6.27744e+66 -6.27744e+66 -6.27744e+66 -6.27744e+66 -6.27744e+66 -6.27744e+66 -6.27744e+66 -6.27744e+66 -6.27744e+66 -6.27744e+66 -6.27744e+66 -6.27744e+66 -6.27744e+66 -6.27744e+66 -6.27744e+66 -6.27744e+66 -6.27744e+66 -6.27744e+66 278.634 278.634 405.018 405.018 523.846 1113.03 
-6.27744e+66 -6.27744e+66 -6.27744e+66 -6.27744e+66 -6.27744e+66 -6.27744e+66 -6.27744e+66 -6.27744e+66 -6.27744e+66 -6.27744e+66 -6.27744e+66 -6.27744e+66 -6.27744e+66 -6.27744e+66 -6.27744e+66 -6.27744e+66 -6.27744e+66 -6.27744e+66 -6.27744e+66 -6.27744e+66 278.634 341.826 341.826 430.947 902.295 
-6.27744e+66 -6.27744e+66 -6.27744e+66 -6.27744e+66 -6.27744e+66 -6.27744e+66 -6.27744e+66 -6.27744e+66 -6.27744e+66 -6.27744e+66 -6.27744e+66 -6.27744e+66 -6.27744e+66 -6.27744e+66 -6.27744e+66 -6.27744e+66 -6.27744e+66 -6.27744e+66 -6.27744e+66 -6.27744e+66 -6.27744e+66 278.634 278.634 338.048 691.559 
-6.27744e+66 -6.27744e+66 -6.27744e+66 -6.27744e+66 -6.27744e+66 -6.27744e+66 -6.27744e+66 -6.27744e+66 -6.27744e+66 -6.27744e+66 -6.27744e+66 -6.27744e+66 -6.27744e+66 -6.27744e+66 -6.27744e+66 -6.27744e+66 -6.27744e+66 -6.27744e+66 -6.27744e+66 -6.27744e+66 -6.27744e+66 -6.27744e+66 278.634 308.341 544.015 
-6.27744e+66 -6.27744e+66 -6.27744e+66 -6.27744e+66 -6.27744e+66 -6.27744e+66 -6.27744e+66 -6.27744e+66 -6.27744e+66 -6.27744e+66 -6.27744e+66 -6.27744e+66 -6.27744e+66 -6.27744e+66 -6.27744e+66 -6.27744e+66 -6.27744e+66 -6.27744e+66 -6.27744e+66 -6.27744e+66 -6.27744e+66 -6.27744e+66 -6.27744e+66 278.634 396.471 
-6.27744e+66 -6.27744e+66 -6.27744e+66 -6.27744e+66 -6.27744e+66 -6.27744e+66 -6.27744e+66 -6.27744e+66 -6.27744e+66 -6.27744e+66 -6.27744e+66 -6.27744e+66 -6.27744e+66 -6.27744e+66 -6.27744e+66 -6.27744e+66 -6.27744e+66 -6.27744e+66 -6.27744e+66 -6.27744e+66 -6.27744e+66 -6.27744e+66 -6.27744e+66 -6.27744e+66 278.634 
-6.27744e+66 -6.27744e+66 -6.27744e+66 -6.27744e+66 -6.27744e+66 -6.27744e+66 -6.27744e+66 -6.27744e+66 -6.27744e+66 -6.27744e+66 -6.27744e+66 -6.27744e+66 -6.27744e+66 -6.27744e+66 -6.27744e+66 -6.27744e+66 -6.27744e+66 -6.27744e+66 -6.27744e+66 -6.27744e+66 -6.27744e+66 -6.27744e+66 -6.27744e+66 -6.27744e+66 -6.27744e+66 
-6.27744e+66 222.545 337.858 468.427 468.427 716.9 1174.23 1438.54 1438.54 1856.73 2726.85 3231.28 4435.61 4435.61 4435.61 4435.61 4435.61 4804.38 4804.38 6645.12 8406.34 8406.34 8406.34 9505.76 12306 
-6.27744e+66 -6.27744e+66 222.545 287.829 287.829 474.184 840.048 1060.31 1060.31 1426.22 2199.66 2653.65 3748.5 3748.5 3748.5 3748.5 3748.5 4094.21 4094.21 5832.69 7501.22 7501.22 7501.22 8550.67 11229.2 
-6.27744e+66 -6.27744e+66 -6.27744e+66 222.545 222.545 346.781 621.179 797.385 797.385 1111.03 1787.79 2191.34 3176.7 3176.7 3176.7 3176.7 3176.7 3499.36 3499.36 5135.58 6711.41 6711.41 6711.41 7710.88 10267.6 
-6.27744e+66 -6.27744e+66 -6.27744e+66 -6.27744e+66 222.545 284.663 467.595 599.749 599.749 861.119 1441.2 1794.3 2670.18 2670.18 2670.18 2670.18 2670.18 2969.8 2969.8 4503.75 5986.89 5986.89 5986.89 6936.39 9371.38 
-6.27744e+66 -6.27744e+66 -6.27744e+66 -6.27744e+66 -6.27744e+66 222.545 314.011 402.114 402.114 611.209 1094.61 1397.27 2163.66 2163.66 2163.66 2163.66 2163.66 2440.23 2440.23 3871.92 5262.36 5262.36 5262.36 6161.89 8475.14 
-6.27744e+66 -6.27744e+66 -6.27744e+66 -6.27744e+66 -6.27744e+66 -6.27744e+66 222.545 266.596 266.596 423.418 810.138 1062.35 1719.26 1719.26 1719.26 1719.26 1719.26 1972.79 1972.79 3302.21 4599.95 4599.95 4599.95 5449.51 7641.01 
-6.27744e+66 -6.27744e+66 -6.27744e+66 -6.27744e+66 -6.27744e+66 -6.27744e+66 -6.27744e+66 222.545 222.545 327.092 617.133 818.906 1366.33 1366.33 1366.33 1366.33 1366.33 1596.8 1596.8 2823.97 4029.01 4029.01 4029.01 4828.59 6898.34 
-6.27744e+66 -6.27744e+66 -6.27744e+66 -6.27744e+66 -6.27744e+66 -6.27744e+66 -6.27744e+66 -6.27744e+66 222.545 274.818 468.179 619.508 1057.45 1057.45 1057.45 1057.45 1057.45 1264.88 1264.88 2389.77 3502.13 3502.13 3502.13 4251.73 6199.73 
-6.27744e+66 -6.27744e+66 -6.27744e+66 -6.27744e+66 -6.27744e+66 -6.27744e+66 -6.27744e+66 -6.27744e+66 -6.27744e+66 222.545 319.225 420.111 748.564 748.564 748.564 748.564 748.564 932.946 932.946 1955.58 2975.24 2975.24 2975.24 3674.87 5501.12 
-6.27744e+66 -6.27744e+66 -6.27744e+66 -6.27744e+66 -6.27744e+66 -6.27744e+66 -6.27744e+66 -6.27744e+66 -6.27744e+66 -6.27744e+66 222.545 272.988 491.957 491.957 491.957 491.957 491.957 653.29 653.29 1573.66 2500.62 2500.62 2500.62 3150.28 4854.78 
-6.27744e+66 -6.27744e+66 -6.27744e+66 -6.27744e+66 -6.27744e+66 -6.27744e+66 -6.27744e+66 -6.27744e+66 -6.27744e+66 -6.27744e+66 -6.27744e+66 222.545 332.029 332.029 332.029 332.029 332.029 470.315 470.315 1288.42 2122.69 2122.69 2122.69 2722.37 4305.12 
-6.27744e+66 -6.27744e+66 -6.27744e+66 -6.27744e+66 -6.27744e+66 -6.27744e+66 -6.27744e+66 -6.27744e+66 -6.27744e+66 -6.27744e+66 -6.27744e+66 -6.27744e+66 222.545 222.545 222.545 222.545 222.545 337.783 337.783 1053.63 1795.2 1795.2 1795.2 2344.91 3805.91 
-6.27744e+66 -6.27744e+66 -6.27744e+66 -6.27744e+66 -6.27744e+66 -6.27744e+66 -6.27744e+66 -6.27744e+66 -6.27744e+66 -6.27744e+66 -6.27744e+66 -6.27744e+66 -6.27744e+66 222.545 222.545 222.545 222.545 314.735 314.735 928.316 1577.19 1577.19 1577.19 2076.92 3416.17 
-6.27744e+66 -6.27744e+66 -6.27744e+66 -6.27744e+66 -6.27744e+66 -6.27744e+66 -6.27744e+66 -6.27744e+66 -6.27744e+66 -6.27744e+66 -6.27744e+66 -6.27744e+66 -6.27744e+66 -6.27744e+66 222.545 222.545 222.545 291.688 291.688 803.005 1359.18 1359.18 1359.18 1808.94 3026.44 
-6.27744e+66 -6.27744e+66 -6.27744e+66 -6.27744e+66 -6.27744e+66 -6.27744e+66 -6.27744e+66 -6.27744e+66 -6.27744e+66 -6.27744e+66 -6.27744e+66 -6.27744e+66 -6.27744e+66 -6.27744e+66 -6.27744e+66 222.545 222.545 268.64 268.64 677.693 1141.17 1141.17 1141.17 1540.96 2636.71 
-6.27744e+66 -6.27744e+66 -6.27744e+66 -6.27744e+66 -6.27744e+66 -6.27744e+66 -6.27744e+66 -6.27744e+66 -6.27744e+66 -6.27744e+66 -6.27744e+66 -6.27744e+66 -6.27744e+66 -6.27744e+66 -6.27744e+66 -6.27744e+66 222.545 245.592 245.592 552.382 923.167 923.167 923.167 1272.98 2246.98 
-6.27744e+66 -6.27744e+66 -6.27744e+66 -6.27744e+66 -6.27744e+66 -6.27744e+66 -6.27744e+66 -6.27744e+66 -6.27744e+66 -6.27744e+66 -6.27744e+66 -6.27744e+66 -6.27744e+66 -6.27744e+66 -6.27744e+66 -6.27744e+66 -6.27744e+66 222.545 222.545 427.071 705.16 705.16 705.16 1005 1857.25 
-6.27744e+66 -6.27744e+66 -6.27744e+66 -6.27744e+66 -6.27744e+66 -6.27744e+66 -6.27744e+66 -6.27744e+66 -6.27744e+66 -6.27744e+66 -6.27744e+66 -6.27744e+66 -6.27744e+66 -6.27744e+66 -6.27744e+66 -6.27744e+66 -6.27744e+66 -6.27744e+66 222.545 324.808 510.2 510.2 510.2 760.068 1490.57 
-6.27744e+66 -6.27744e+66 -6.27744e+66 -6.27744e+66 -6.27744e+66 -6.27744e+66 -6.27744e+66 -6.27744e+66 -6.27744e+66 -6.27744e+66 -6.27744e+66 -6.27744e+66 -6.27744e+66 -6.27744e+66 -6.27744e+66 -6.27744e+66 -6.27744e+66 -6.27744e+66 -6.27744e+66 222.545 315.241 315.241 315.241 515.135 1123.89 
-6.27744e+66 -6.27744e+66 -6.27744e+66 -6.27744e+66 -6.27744e+66 -6.27744e+66 -6.27744e+66 -6.27744e+66 -6.27744e+66 -6.27744e+66 -6.27744e+66 -6.27744e+66 -6.27744e+66 -6.27744e+66 -6.27744e+66 -6.27744e+66 -6.27744e+66 -6.27744e+66 -6.27744e+66 -6.27744e+66 222.545 222.545 222.545 372.466 859.466 
-6.27744e+66 -6.27744e+66 -6.27744e+66 -6.27744e+66 -6.27744e+66 -6.27744e+66 -6.27744e+66 -6.27744e+66 -6.27744e+66 -6.27744e+66 -6.27744e+66 -6.27744e+66 -6.27744e+66 -6.27744e+66 -6.27744e+66 -6.27744e+66 -6.27744e+66 -6.27744e+66 -6.27744e+66 -6.27744e+66 -6.27744e+66 222.545 222.545 322.492 687.742 
-6.27744e+66 -6.27744e+66 -6.27744e+66 -6.27744e+66 -6.27744e+66 -6.27744e+66 -6.27744e+66 -6.27744e+66 -6.27744e+66 -6.27744e+66 -6.27744e+66 -6.27744e+66 -6.27744e+66 -6.27744e+66 -6.27744e+66 -6.27744e+66 -6.27744e+66 -6.27744e+66 -6.27744e+66 -6.27744e+66 -6.27744e+66 -6.27744e+66 222.545 272.518 516.018 
-6.27744e+66 -6.27744e+66 -6.27744e+66 -6.27744e+66 -6.27744e+66 -6.27744e+66 -6.27744e+66 -6.27744e+66 -6.27744e+66 -6.27744e+66 -6.27744e+66 -6.27744e+66 -6.27744e+66 -6.27744e+66 -6.27744e+66 -6.27744e+66 -6.27744e+66 -6.27744e+66 -6.27744e+66 -6.27744e+66 -6.27744e+66 -6.27744e+66 -6.27744e+66 222.545 344.295 
-6.27744e+66 -6.27744e+66 -6.27744e+66 -6.27744e+66 -6.27744e+66 -6.27744e+66 -6.27744e+66 -6.27744e+66 -6.27744e+66 -6.27744e+66 -6.27744e+66 -6.27744e+66 -6.27744e+66 -6.27744e+66 -6.27744e+66 -6.27744e+66 -6.27744e+66 -6.27744e+66 -6.27744e+66 -6.27744e+66 -6.27744e+66 -6.27744e+66 -6.27744e+66 -6.27744e+66 222.545 
-6.27744e+66 -6.27744e+66 -6.27744e+66 -6.27744e+66 -6.27744e+66 -6.27744e+66 -6.27744e+66 -6.27744e+66 -6.27744e+66 -6.27744e+66 -6.27744e+66 -6.27744e+66 -6.27744e+66 -6.27744e+66 -6.27744e+66 -6.27744e+66 -6.27744e+66 -6.27744e+66 -6.27744e+66 -6.27744e+66 -6.27744e+66 -6.27744e+66 -6.27744e+66 -6.27744e+66 -6.27744e+66 
-6.27744e+66 402.967 402.967 402.967 721.162 721.162 721.162 721.162 1496.89 1496.89 1496.89 1496.89 2882.41 3291.69 3291.69 3922.45 5526.42 6593.35 6593.35 7656.47 7656.47 7656.47 10031.2 10031.2 11889.4 
-6.27744e+66 -6.27744e+66 402.967 402.967 615.097 615.097 615.097 615.097 1280 1280 1280 1280 2539.57 2914.74 2914.74 3500.45 4997.49 5997.73 5997.73 7001.79 7001.79 7001.79 9263.47 9263.47 11040.8 
-6.27744e+66 -6.27744e+66 -6.27744e+66 402.967 509.032 509.032 509.032 509.032 1063.12 1063.12 1063.12 1063.12 2196.74 2537.79 2537.79 3078.45 4468.56 5402.12 5402.12 6347.11 6347.11 6347.11 8495.7 8495.7 10192.3 
-6.27744e+66 -6.27744e+66 -6.27744e+66 -6.27744e+66 402.967 402.967 402.967 402.967 846.238 846.238 846.238 846.238 1853.9 2160.85 2160.85 2656.45 3939.63 4806.5 4806.5 5692.44 5692.44 5692.44 7727.94 7727.94 9343.74 
-6.27744e+66 -6.27744e+66 -6.27744e+66 -6.27744e+66 -6.27744e+66 402.967 402.967 402.967 735.421 735.421 735.421 735.421 1617.12 1889.97 1889.97 2340.51 3516.76 4316.95 4316.95 5143.82 5143.82 5143.82 7066.25 7066.25 8601.25 
-6.27744e+66 -6.27744e+66 -6.27744e+66 -6.27744e+66 -6.27744e+66 -6.27744e+66 402.967 402.967 624.603 624.603 624.603 624.603 1380.35 1619.09 1619.09 2024.58 3093.89 3827.41 3827.41 4595.21 4595.21 4595.21 6404.55 6404.55 7858.77 
-6.27744e+66 -6.27744e+66 -6.27744e+66 -6.27744e+66 -6.27744e+66 -6.27744e+66 -6.27744e+66 402.967 513.785 513.785 513.785 513.785 1143.57 1348.21 1348.21 1708.64 2671.03 3337.86 3337.86 4046.6 4046.6 4046.6 5742.86 5742.86 7116.28 
-6.27744e+66 -6.27744e+66 -6.27744e+66 -6.27744e+66 -6.27744e+66 -6.27744e+66 -6.27744e+66 -6.27744e+66 402.967 402.967 402.967 402.967 906.795 1077.32 1077.32 1392.71 2248.16 2848.31 2848.31 3497.99 3497.99 3497.99 5081.16 5081.16 6373.8 
-6.27744e+66 -6.27744e+66 -6.27744e+66 -6.27744e+66 -6.27744e+66 -6.27744e+66 -6.27744e+66 -6.27744e+66 -6.27744e+66 402.967 402.967 402.967 780.838 917.262 917.262 1187.59 1936.11 2469.57 2469.57 3060.19 3060.19 3060.19 4530.28 4530.28 5742.13 
-6.27744e+66 -6.27744e+66 -6.27744e+66 -6.27744e+66 -6.27744e+66 -6.27744e+66 -6.27744e+66 -6.27744e+66 -6.27744e+66 -6.27744e+66 402.967 402.967 654.881 757.199 757.199 982.471 1624.06 2090.84 2090.84 2622.4 2622.4 2622.4 3979.41 3979.41 5110.46 
-6.27744e+66 -6.27744e+66 -6.27744e+66 -6.27744e+66 -6.27744e+66 -6.27744e+66 -6.27744e+66 -6.27744e+66 -6.27744e+66 -6.27744e+66 -6.27744e+66 402.967 528.924 597.136 597.136 777.353 1312.01 1712.11 1712.11 2184.61 2184.61 2184.61 3428.53 3428.53 4478.79 
-6.27744e+66 -6.27744e+66 -6.27744e+66 -6.27744e+66 -6.27744e+66 -6.27744e+66 -6.27744e+66 -6.27744e+66 -6.27744e+66 -6.27744e+66 -6.27744e+66 -6.27744e+66 402.967 437.073 437.073 572.236 999.963 1333.38 1333.38 1746.81 1746.81 1746.81 2877.65 2877.65 3847.13 
-6.27744e+66 -6.27744e+66 -6.27744e+66 -6.27744e+66 -6.27744e+66 -6.27744e+66 -6.27744e+66 -6.27744e+66 -6.27744e+66 -6.27744e+66 -6.27744e+66 -6.27744e+66 -6.27744e+66 402.967 402.967 493.076 813.871 1080.6 1080.6 1434.98 1434.98 1434.98 2452.73 2452.73 3341.42 
-6.27744e+66 -6.27744e+66 -6.27744e+66 -6.27744e+66 -6.27744e+66 -6.27744e+66 -6.27744e+66 -6.27744e+66 -6.27744e+66 -6.27744e+66 -6.27744e+66 -6.27744e+66 -6.27744e+66 -6.27744e+66 402.967 448.021 661.885 861.934 861.934 1157.24 1157.24 1157.24 2061.91 2061.91 2869.81 
-6.27744e+66 -6.27744e+66 -6.27744e+66 -6.27744e+66 -6.27744e+66 -6.27744e+66 -6.27744e+66 -6.27744e+66 -6.27744e+66 -6.27744e+66 -6.27744e+66 -6.27744e+66 -6.27744e+66 -6.27744e+66 -6.27744e+66 402.967 509.899 643.265 643.265 879.513 879.513 879.513 1671.1 1671.1 2398.21 
-6.27744e+66 -6.27744e+66 -6.27744e+66 -6.27744e+66 -6.27744e+66 -6.27744e+66 -6.27744e+66 -6.27744e+66 -6.27744e+66 -6.27744e+66 -6.27744e+66 -6.27744e+66 -6.27744e+66 -6.27744e+66 -6.27744e+66 -6.27744e+66 402.967 469.65 469.65 646.836 646.836 646.836 1325.34 1325.34 1971.66 
-6.27744e+66 -6.27744e+66 -6.27744e+66 -6.27744e+66 -6.27744e+66 -6.27744e+66 -6.27744e+66 -6.27744e+66 -6.27744e+66 -6.27744e+66 -6.27744e+66 -6.27744e+66 -6.27744e+66 -6.27744e+66 -6.27744e+66 -6.27744e+66 -6.27744e+66 402.967 402.967 521.091 521.091 521.091 1086.51 1086.51 1652.04 
-6.27744e+66 -6.27744e+66 -6.27744e+66 -6.27744e+66 -6.27744e+66 -6.27744e+66 -6.27744e+66 -6.27744e+66 -6.27744e+66 -6.27744e+66 -6.27744e+66 -6.27744e+66 -6.27744e+66 -6.27744e+66 -6.27744e+66 -6.27744e+66 -6.27744e+66 -6.27744e+66 402.967 462.029 462.029 462.029 914.364 914.364 1399.1 
-6.27744e+66 -6.27744e+66 -6.27744e+66 -6.27744e+66 -6.27744e+66 -6.27744e+66 -6.27744e+66 -6.27744e+66 -6.27744e+66 -6.27744e+66 -6.27744e+66 -6.27744e+66 -6.27744e+66 -6.27744e+66 -6.27744e+66 -6.27744e+66 -6.27744e+66 -6.27744e+66 -6.27744e+66 402.967 402.967 402.967 742.218 742.218 1146.17 
-6.27744e+66 -6.27744e+66 -6.27744e+66 -6.27744e+66 -6.27744e+66 -6.27744e+66 -6.27744e+66 -6.27744e+66 -6.27744e+66 -6.27744e+66 -6.27744e+66 -6.27744e+66 -6.27744e+66 -6.27744e+66 -6.27744e+66 -6.27744e+66 -6.27744e+66 -6.27744e+66 -6.27744e+66 -6.27744e+66 402.967 402.967 629.135 629.135 952.294 
-6.27744e+66 -6.27744e+66 -6.27744e+66 -6.27744e+66 -6.27744e+66 -6.27744e+66 -6.27744e+66 -6.27744e+66 -6.27744e+66 -6.27744e+66 -6.27744e+66 -6.27744e+66 -6.27744e+66 -6.27744e+66 -6.27744e+66 -6.27744e+66 -6.27744e+66 -6.27744e+66 -6.27744e+66 -6.27744e+66 -6.27744e+66 402.967 516.051 516.051 758.42 
-6.27744e+66 -6.27744e+66 -6.27744e+66 -6.27744e+66 -6.27744e+66 -6.27744e+66 -6.27744e+66 -6.27744e+66 -6.27744e+66 -6.27744e+66 -6.27744e+66 -6.27744e+66 -6.27744e+66 -6.27744e+66 -6.27744e+66 -6.27744e+66 -6.27744e+66 -6.27744e+66 -6.27744e+66 -6.27744e+66 -6.27744e+66 -6.27744e+66 402.967 402.967 564.547 
-6.27744e+66 -6.27744e+66 -6.27744e+66 -6.27744e+66 -6.27744e+66 -6.27744e+66 -6.27744e+66 -6.27744e+66 -6.27744e+66 -6.27744e+66 -6.27744e+66 -6.27744e+66 -6.27744e+66 -6.27744e+66 -6.27744e+66 -6.27744e+66 -6.27744e+66 -6.27744e+66 -6.27744e+66 -6.27744e+66 -6.27744e+66 -6.27744e+66 -6.27744e+66 402.967 483.757 
-6.27744e+66 -6.27744e+66 -6.27744e+66 -6.27744e+66 -6.27744e+66 -6.27744e+66 -6.27744e+66 -6.27744e+66 -6.27744e+66 -6.27744e+66 -6.27744e+66 -6.27744e+66 -6.27744e+66 -6.27744e+66 -6.27744e+66 -6.27744e+66 -6.27744e+66 -6.27744e+66 -6.27744e+66 -6.27744e+66 -6.27744e+66 -6.27744e+66 -6.27744e+66 -6.27744e+66 402.967 
-6.27744e+66 -6.27744e+66 -6.27744e+66 -6.27744e+66 -6.27744e+66 -6.27744e+66 -6.27744e+66 -6.27744e+66 -6.27744e+66 -6.27744e+66 -6.27744e+66 -6.27744e+66 -6.27744e+66 -6.27744e+66 -6.27744e+66 -6.27744e+66 -6.27744e+66 -6.27744e+66 -6.27744e+66 -6.27744e+66 -6.27744e+66 -6.27744e+66 -6.27744e+66 -6.27744e+66 -6.27744e+66 
