12 40 
67546.7 67546.7 67546.7 67546.7 67546.7 67546.7 67546.7 67546.7 67546.7 67546.7 67546.7 67546.7 
item 0
48.9217 117.331 37.8164 132.522 83.3294 87.4967 78.0681 94.6775 29.7331 108.298 54.0598 109.268 
876.549 876.549 876.549 876.549 876.549 876.549 876.549 876.549 876.549 876.549 876.549 876.549 
1 1 1 1 1 1 1 1 1 1 1 1 
item 1
17.4924 117.898 55.9101 82.7674 73.1947 102.814 40.9248 95.7378 54.6992 117.216 32.8028 83.7088 
553.462 553.462 553.462 553.462 553.462 553.462 553.462 553.462 553.462 553.462 553.462 553.462 
1 1 1 1 1 1 1 1 1 1 1 1 
item 2
52.1859 138.121 21.9863 103.233 46.2732 107.432 31.771 105.798 58.8911 97.8841 93.6363 95.6898 
1266.92 1266.92 1266.92 1266.92 1266.92 1266.92 1266.92 1266.92 1266.92 1266.92 1266.92 1266.92 
1 1 1 1 1 1 1 1 1 1 1 1 
item 3
9.03461 100.3 33.9324 139.083 17.6011 121.356 71.7342 43.9171 17.552 116.714 77.7851 123.594 
1115.24 1115.24 1115.24 1115.24 1115.24 1115.24 1115.24 1115.24 1115.24 1115.24 1115.24 1115.24 
1 1 1 1 1 1 1 1 1 1 1 1 
item 4
59.0259 101.789 47.0746 86.4911 56.3851 110.43 58.9044 90.106 38.0048 95.5048 63.1925 97.1021 
347.421 347.421 347.421 347.421 347.421 347.421 347.421 347.421 347.421 347.421 347.421 347.421 
1 1 1 1 1 1 1 1 1 1 1 1 
item 5
55.7896 128.613 61.687 92.1265 46.6768 109.007 40.1247 119.613 41.8811 122.169 13.4597 107.428 
1376.06 1376.06 1376.06 1376.06 1376.06 1376.06 1376.06 1376.06 1376.06 1376.06 1376.06 1376.06 
1 1 1 1 1 1 1 1 1 1 1 1 
item 6
44.1886 83.1414 67.8781 97.6152 62.1385 111.491 53.2056 122.374 88.0799 100.349 19.6386 109.798 
356.121 356.121 356.121 356.121 356.121 356.121 356.121 356.121 356.121 356.121 356.121 356.121 
1 1 1 1 1 1 1 1 1 1 1 1 
item 7
39.5887 81.4794 65.4437 74.3521 92.0254 91.7207 29.9352 125.592 77.7465 106.978 67.7849 100.94 
669.877 669.877 669.877 669.877 669.877 669.877 669.877 669.877 669.877 669.877 669.877 669.877 
1 1 1 1 1 1 1 1 1 1 1 1 
item 8
58.6841 71.4055 30.6032 103.703 61.4693 116.251 64 84.4354 63.2773 127.065 58.0343 100.962 
415.055 415.055 415.055 415.055 415.055 415.055 415.055 415.055 415.055 415.055 415.055 415.055 
1 1 1 1 1 1 1 1 1 1 1 1 
item 9
35.6768 77.608 50.4059 137.035 58.7528 107.208 38.1812 101.475 88.7131 90.9647 87.8675 136.903 
747.6 747.6 747.6 747.6 747.6 747.6 747.6 747.6 747.6 747.6 747.6 747.6 
1 1 1 1 1 1 1 1 1 1 1 1 
item 10
67.8869 65.6546 34.491 95.8683 5.05703 90.1854 23.7783 82.1044 56.581 97.4942 49.7037 83.5435 
473.797 473.797 473.797 473.797 473.797 473.797 473.797 473.797 473.797 473.797 473.797 473.797 
1 1 1 1 1 1 1 1 1 1 1 1 
item 11
79.5469 76.0787 45.276 62.4526 55.6847 122.311 49.1412 84.9252 56.2638 119.796 24.9685 67.9494 
1095.82 1095.82 1095.82 1095.82 1095.82 1095.82 1095.82 1095.82 1095.82 1095.82 1095.82 1095.82 
1 1 1 1 1 1 1 1 1 1 1 1 
item 12
83.0999 73.6981 63.327 122.783 75.6148 117.787 8.528 78.2574 63.5933 68.6547 38.2722 102.57 
917.004 917.004 917.004 917.004 917.004 917.004 917.004 917.004 917.004 917.004 917.004 917.004 
1 1 1 1 1 1 1 1 1 1 1 1 
item 13
56.2972 102.626 51.6771 108.06 43.1119 90.0953 58.6269 84.2955 63.9423 120.512 79.2301 116.206 
365.254 365.254 365.254 365.254 365.254 365.254 365.254 365.254 365.254 365.254 365.254 365.254 
1 1 1 1 1 1 1 1 1 1 1 1 
item 14
6.05927 112.16 53.0656 84.8323 28.3286 115.725 38.5542 117.778 42.2938 97.766 37.2044 100.243 
432.403 432.403 432.403 432.403 432.403 432.403 432.403 432.403 432.403 432.403 432.403 432.403 
1 1 1 1 1 1 1 1 1 1 1 1 
item 15
1 91.3991 35.7322 73.2291 53.9373 107.054 39.0897 105.39 37.9697 101.698 10.9053 105.269 
158.98 158.98 158.98 158.98 158.98 158.98 158.98 158.98 158.98 158.98 158.98 158.98 
1 1 1 1 1 1 1 1 1 1 1 1 
item 16
1 74.8907 18.5509 87.2287 23.2066 85.2805 37.7112 71.6844 49.825 105.441 76.4279 117.157 
898.002 898.002 898.002 898.002 898.002 898.002 898.002 898.002 898.002 898.002 898.002 898.002 
1 1 1 1 1 1 1 1 1 1 1 1 
item 17
35.5558 135.49 35.8727 126.905 66.3248 96.3871 7.21132 74.2522 30.7509 126.957 5.59757 102.557 
602.499 602.499 602.499 602.499 602.499 602.499 602.499 602.499 602.499 602.499 602.499 602.499 
1 1 1 1 1 1 1 1 1 1 1 1 
item 18
79.0099 98.0251 75.8151 85.8848 73.6851 76.7223 51.1992 105.321 78.7391 119.686 72.5621 86.01 
1472.05 1472.05 1472.05 1472.05 1472.05 1472.05 1472.05 1472.05 1472.05 1472.05 1472.05 1472.05 
1 1 1 1 1 1 1 1 1 1 1 1 
item 19
58.196 91.7424 54.3553 90.9469 89.1153 94.6542 45.5382 103.287 55.5809 100.669 56.8307 115.753 
417.961 417.961 417.961 417.961 417.961 417.961 417.961 417.961 417.961 417.961 417.961 417.961 
1 1 1 1 1 1 1 1 1 1 1 1 
item 20
19.9475 129.193 70.7946 89.3595 52.121 94.0147 33.5907 102.044 60.3397 102.64 27.6102 90.4131 
325.096 325.096 325.096 325.096 325.096 325.096 325.096 325.096 325.096 325.096 325.096 325.096 
1 1 1 1 1 1 1 1 1 1 1 1 
item 21
37.679 74.1163 69.0745 93.0129 29.3747 104.528 33.1437 49.7185 50.0538 130.465 49.0181 72.0305 
164.809 164.809 164.809 164.809 164.809 164.809 164.809 164.809 164.809 164.809 164.809 164.809 
1 1 1 1 1 1 1 1 1 1 1 1 
item 22
74.3603 105.858 85.9409 92.5902 27.8508 135.999 24.351 84.845 65.1328 80.6095 72.6628 98.7985 
234.843 234.843 234.843 234.843 234.843 234.843 234.843 234.843 234.843 234.843 234.843 234.843 
1 1 1 1 1 1 1 1 1 1 1 1 
item 23
40.0674 50.8318 67.4722 148.718 55.0754 110.604 54.3466 103.385 43.6935 99.3878 81.4416 103.799 
888.513 888.513 888.513 888.513 888.513 888.513 888.513 888.513 888.513 888.513 888.513 888.513 
1 1 1 1 1 1 1 1 1 1 1 1 
item 24
27.0839 144.681 37.6917 89.0852 55.295 102.53 51.9074 115.096 63.2419 116.64 50.8666 118.182 
811.953 811.953 811.953 811.953 811.953 811.953 811.953 811.953 811.953 811.953 811.953 811.953 
1 1 1 1 1 1 1 1 1 1 1 1 
item 25
49.221 133.535 51.55 105.539 26.7121 120.885 102.652 124.803 53.4034 111.626 23.6746 87.7607 
406.235 406.235 406.235 406.235 406.235 406.235 406.235 406.235 406.235 406.235 406.235 406.235 
1 1 1 1 1 1 1 1 1 1 1 1 
item 26
57.0209 105.213 42.7369 70.9042 39.4611 110.614 24.658 124.156 61.7862 82.3697 39.1286 76.3745 
1148.53 1148.53 1148.53 1148.53 1148.53 1148.53 1148.53 1148.53 1148.53 1148.53 1148.53 1148.53 
1 1 1 1 1 1 1 1 1 1 1 1 
item 27
48.195 108.006 36.3924 108.419 86.0529 99.2835 65.88 86.9879 22.7253 107.341 51.7652 85.2111 
945.814 945.814 945.814 945.814 945.814 945.814 945.814 945.814 945.814 945.814 945.814 945.814 
1 1 1 1 1 1 1 1 1 1 1 1 
item 28
19.8946 98.5189 28.3843 102.027 43.8125 130.289 59.514 100.865 67.3479 86.848 33.1094 97.3182 
808.964 808.964 808.964 808.964 808.964 808.964 808.964 808.964 808.964 808.964 808.964 808.964 
1 1 1 1 1 1 1 1 1 1 1 1 
item 29
58.9802 106.342 28.8439 88.2102 41.4228 78.1982 60.2801 108.259 58.5247 114.806 41.0869 86.0807 
832.383 832.383 832.383 832.383 832.383 832.383 832.383 832.383 832.383 832.383 832.383 832.383 
1 1 1 1 1 1 1 1 1 1 1 1 
item 30
68.2683 110.307 48.5145 112.138 78.1205 102.353 11.2768 105.247 59.9111 105.989 72.5141 91.16 
327.563 327.563 327.563 327.563 327.563 327.563 327.563 327.563 327.563 327.563 327.563 327.563 
1 1 1 1 1 1 1 1 1 1 1 1 
item 31
62.305 138.11 40.3838 84.2463 48.1298 100.922 68.4446 76.4813 66.4537 116.791 36.6264 74.1017 
1295.93 1295.93 1295.93 1295.93 1295.93 1295.93 1295.93 1295.93 1295.93 1295.93 1295.93 1295.93 
1 1 1 1 1 1 1 1 1 1 1 1 
item 32
42.8796 92.1867 41.1644 108.181 78.2733 122.919 28.7278 90.4308 28.4224 144.421 63.0769 121.811 
622.989 622.989 622.989 622.989 622.989 622.989 622.989 622.989 622.989 622.989 622.989 622.989 
1 1 1 1 1 1 1 1 1 1 1 1 
item 33
63.6764 85.3078 48.9688 101.228 69.8451 104.298 36.6021 83.1068 0 89.5827 41.1034 83.4595 
237.01 237.01 237.01 237.01 237.01 237.01 237.01 237.01 237.01 237.01 237.01 237.01 
1 1 1 1 1 1 1 1 1 1 1 1 
item 34
60.2496 109.22 61.9622 101.392 49.6241 89.9147 51.9882 58.9464 22.0569 92.6918 87.9267 91.0149 
662.534 662.534 662.534 662.534 662.534 662.534 662.534 662.534 662.534 662.534 662.534 662.534 
1 1 1 1 1 1 1 1 1 1 1 1 
item 35
16.4514 83.3341 53.3288 121.791 37.03 91.0454 31.3871 126.427 65.6136 139.427 57.0648 119.047 
565.669 565.669 565.669 565.669 565.669 565.669 565.669 565.669 565.669 565.669 565.669 565.669 
1 1 1 1 1 1 1 1 1 1 1 1 
item 36
37.014 123.471 59.2386 92.4524 50.1704 90.9791 59.561 101.584 29.9613 81.2468 54.8125 70.6643 
332.877 332.877 332.877 332.877 332.877 332.877 332.877 332.877 332.877 332.877 332.877 332.877 
1 1 1 1 1 1 1 1 1 1 1 1 
item 37
59.0614 96.3987 44.2801 110.916 57.817 101.862 108.819 108.175 60.8047 116.355 63.9637 58.2653 
626.955 626.955 626.955 626.955 626.955 626.955 626.955 626.955 626.955 626.955 626.955 626.955 
1 1 1 1 1 1 1 1 1 1 1 1 
item 38
49.8825 120.286 65.2158 88.4975 75.2684 105.682 52.0994 103.878 57.5048 80.196 37.5038 98.3943 
362.407 362.407 362.407 362.407 362.407 362.407 362.407 362.407 362.407 362.407 362.407 362.407 
1 1 1 1 1 1 1 1 1 1 1 1 
item 39
59.0299 87.9769 81.8549 90.7572 60.7687 127.994 64.0187 100.582 68.6383 144.279 63.7646 112.107 
783.789 783.789 783.789 783.789 783.789 783.789 783.789 783.789 783.789 783.789 783.789 783.789 
1 1 1 1 1 1 1 1 1 1 1 1 
