12 10 
2498.78 2498.78 2498.78 2498.78 2498.78 2498.78 2498.78 2498.78 2498.78 2498.78 2498.78 2498.78 
item 0
43.6964 109.461 64.9017 110.712 28.113 121.562 22.1189 81.0991 25.9114 86.736 25.2143 116.906 
1247.21 1247.21 1247.21 1247.21 1247.21 1247.21 1247.21 1247.21 1247.21 1247.21 1247.21 1247.21 
1 1 1 1 1 1 1 1 1 1 1 1 
item 1
43.5102 74.2792 39.339 105.288 28.3635 99.3559 47.9364 103.125 27.7153 130.085 31.4117 106.313 
684.498 684.498 684.498 684.498 684.498 684.498 684.498 684.498 684.498 684.498 684.498 684.498 
1 1 1 1 1 1 1 1 1 1 1 1 
item 2
82.74 79.3372 41.0318 80.6076 62.1977 92.9857 59.123 83.1426 80.6804 120.95 68.2762 78.9924 
176.625 176.625 176.625 176.625 176.625 176.625 176.625 176.625 176.625 176.625 176.625 176.625 
1 1 1 1 1 1 1 1 1 1 1 1 
item 3
65.9926 92.938 32.0538 161.765 74.5716 111.836 27.6042 104.231 79.2614 112.971 0 53.459 
1282.66 1282.66 1282.66 1282.66 1282.66 1282.66 1282.66 1282.66 1282.66 1282.66 1282.66 1282.66 
1 1 1 1 1 1 1 1 1 1 1 1 
item 4
60.1903 91.2348 71.9496 103.257 38.747 91.6675 68.5383 82.9253 39.4247 106.427 54.1474 91.7506 
241.792 241.792 241.792 241.792 241.792 241.792 241.792 241.792 241.792 241.792 241.792 241.792 
1 1 1 1 1 1 1 1 1 1 1 1 
item 5
68.9962 96.9321 70.4228 133.853 30.9638 104.733 47.4643 97.312 32.7944 121.594 61.903 81.5044 
373.614 373.614 373.614 373.614 373.614 373.614 373.614 373.614 373.614 373.614 373.614 373.614 
1 1 1 1 1 1 1 1 1 1 1 1 
item 6
62.7108 125.282 40.2445 112.139 70.3503 63.02 50.8253 123.86 60.9889 104.825 57.776 109.195 
1464.64 1464.64 1464.64 1464.64 1464.64 1464.64 1464.64 1464.64 1464.64 1464.64 1464.64 1464.64 
1 1 1 1 1 1 1 1 1 1 1 1 
item 7
35.4792 113.12 86.4854 83.6112 43.7193 97.502 36.4201 82.5137 72.8756 87.7933 54.6592 82.376 
388.158 388.158 388.158 388.158 388.158 388.158 388.158 388.158 388.158 388.158 388.158 388.158 
1 1 1 1 1 1 1 1 1 1 1 1 
item 8
49.2757 70.7573 34.3803 83.0227 34.0204 79.8016 52.5428 117.459 37.2126 136.258 88.6194 107.376 
645.837 645.837 645.837 645.837 645.837 645.837 645.837 645.837 645.837 645.837 645.837 645.837 
1 1 1 1 1 1 1 1 1 1 1 1 
item 9
42.8943 85.3746 20.6235 113.072 26.7774 68.7009 6.11607 110.648 41.9432 98.3584 63.5068 67.4498 
419.267 419.267 419.267 419.267 419.267 419.267 419.267 419.267 419.267 419.267 419.267 419.267 
1 1 1 1 1 1 1 1 1 1 1 1 
