24 20 
2683.55 2683.55 2683.55 2683.55 2683.55 2683.55 2683.55 2683.55 2683.55 2683.55 2683.55 2683.55 2683.55 2683.55 2683.55 2683.55 2683.55 2683.55 2683.55 2683.55 2683.55 2683.55 2683.55 2683.55 
item 0
77.5206 94.7263 73.2207 91.0269 73.0038 94.7089 55.5271 103.67 55.8391 101.475 42.1226 83.3639 37.6392 121.014 14.8863 116.202 76.6278 118.342 50.9325 126.837 38.3049 99.1033 40.1466 104.954 
231.973 231.973 231.973 231.973 231.973 231.973 231.973 231.973 231.973 231.973 231.973 231.973 231.973 231.973 231.973 231.973 231.973 231.973 231.973 231.973 231.973 231.973 231.973 231.973 
1 1 1 1 1 1 1 1 1 1 1 1 1 1 1 1 1 1 1 1 1 1 1 1 
item 1
52.0192 130.432 88.4748 94.6023 39.0351 79.894 56.7328 117.934 32.8053 102.885 39.6755 80.8947 39.4349 94.8242 66.5149 94.6573 24.4473 86.569 88.0804 102.124 53.037 90.0841 51.6271 113.421 
974.685 974.685 974.685 974.685 974.685 974.685 974.685 974.685 974.685 974.685 974.685 974.685 974.685 974.685 974.685 974.685 974.685 974.685 974.685 974.685 974.685 974.685 974.685 974.685 
1 1 1 1 1 1 1 1 1 1 1 1 1 1 1 1 1 1 1 1 1 1 1 1 
item 2
63.9416 125.697 46.7742 144.659 68.5822 77.7864 34.6479 92.4663 40.234 109.451 58.3937 97.7312 57.0048 109.186 49.8042 71.5145 29.8963 111.086 27.959 73.9456 19.7227 117.541 16.2688 138.145 
1088.9 1088.9 1088.9 1088.9 1088.9 1088.9 1088.9 1088.9 1088.9 1088.9 1088.9 1088.9 1088.9 1088.9 1088.9 1088.9 1088.9 1088.9 1088.9 1088.9 1088.9 1088.9 1088.9 1088.9 
1 1 1 1 1 1 1 1 1 1 1 1 1 1 1 1 1 1 1 1 1 1 1 1 
item 3
13.4371 90.3975 58.3682 108.076 31.5832 70.2452 67.4502 116.663 60.8894 99.0329 53.2087 75.5359 44.2511 54.6371 50.7683 85.5473 35.043 110.417 0 113.777 27.1846 129.444 15.5976 91.1219 
713.25 713.25 713.25 713.25 713.25 713.25 713.25 713.25 713.25 713.25 713.25 713.25 713.25 713.25 713.25 713.25 713.25 713.25 713.25 713.25 713.25 713.25 713.25 713.25 
1 1 1 1 1 1 1 1 1 1 1 1 1 1 1 1 1 1 1 1 1 1 1 1 
item 4
39.5311 122.162 56.1973 62.9935 25.0043 85.8172 25.056 60.9107 55.1163 135.696 28.8872 117.316 13.4921 69.6845 68.5832 77.7029 42.454 114.625 22.93 100.143 65.3038 118.324 46.5212 75.5782 
181.267 181.267 181.267 181.267 181.267 181.267 181.267 181.267 181.267 181.267 181.267 181.267 181.267 181.267 181.267 181.267 181.267 181.267 181.267 181.267 181.267 181.267 181.267 181.267 
1 1 1 1 1 1 1 1 1 1 1 1 1 1 1 1 1 1 1 1 1 1 1 1 
item 5
26.9854 106.331 75.3045 88.7874 68.8012 82.7723 73.0049 103.65 56.6496 74.5597 62.0101 120.379 55.7399 119.031 46.5484 146.243 62.0784 131.899 0 63.436 74.8428 108.181 72.5127 115.783 
897.514 897.514 897.514 897.514 897.514 897.514 897.514 897.514 897.514 897.514 897.514 897.514 897.514 897.514 897.514 897.514 897.514 897.514 897.514 897.514 897.514 897.514 897.514 897.514 
1 1 1 1 1 1 1 1 1 1 1 1 1 1 1 1 1 1 1 1 1 1 1 1 
item 6
28.928 61.7331 60.0849 77.8289 57.4975 132.237 54.0058 95.3599 63.6003 99.4274 28.3482 97.7763 59.4159 123.637 0.3581 111.9 60.462 62.4639 61.129 95.4183 59.5096 105.587 64.4591 113.067 
505.132 505.132 505.132 505.132 505.132 505.132 505.132 505.132 505.132 505.132 505.132 505.132 505.132 505.132 505.132 505.132 505.132 505.132 505.132 505.132 505.132 505.132 505.132 505.132 
1 1 1 1 1 1 1 1 1 1 1 1 1 1 1 1 1 1 1 1 1 1 1 1 
item 7
67.7083 103.551 61.4151 116.014 54.6014 111.791 24.3661 104.849 36.8551 92.7727 63.8406 86.0157 46.7988 94.1967 42.7177 83.6368 40.5371 111.545 42.3847 91.2194 46.515 63.6127 78.2032 100.878 
596.403 596.403 596.403 596.403 596.403 596.403 596.403 596.403 596.403 596.403 596.403 596.403 596.403 596.403 596.403 596.403 596.403 596.403 596.403 596.403 596.403 596.403 596.403 596.403 
1 1 1 1 1 1 1 1 1 1 1 1 1 1 1 1 1 1 1 1 1 1 1 1 
item 8
19.578 118.771 60.1537 124.907 83.1582 113.631 29.1154 83.0668 61.7492 104.739 44.9495 68.4498 73.8833 82.5632 17.1991 93.9118 46.2122 123.685 79.7527 82.3798 68.6819 93.8407 75.0915 137.541 
1405.86 1405.86 1405.86 1405.86 1405.86 1405.86 1405.86 1405.86 1405.86 1405.86 1405.86 1405.86 1405.86 1405.86 1405.86 1405.86 1405.86 1405.86 1405.86 1405.86 1405.86 1405.86 1405.86 1405.86 
1 1 1 1 1 1 1 1 1 1 1 1 1 1 1 1 1 1 1 1 1 1 1 1 
item 9
52.6297 86.4595 73.262 86.9813 18.3344 123.815 38.4119 123.713 52.3168 88.4792 53.3006 88.7362 67.8425 111.161 0 117.503 75.0054 116.433 71.295 112.005 74.575 102.077 74.0735 95.2281 
553.219 553.219 553.219 553.219 553.219 553.219 553.219 553.219 553.219 553.219 553.219 553.219 553.219 553.219 553.219 553.219 553.219 553.219 553.219 553.219 553.219 553.219 553.219 553.219 
1 1 1 1 1 1 1 1 1 1 1 1 1 1 1 1 1 1 1 1 1 1 1 1 
item 10
45.8475 90.7084 47.0159 89.2711 41.7631 95.3432 73.0548 95.8348 71.9939 109.194 67.8174 133.087 59.0985 108.404 29.0083 68.5963 43.1687 100.574 66.6438 97.0948 48.5004 96.3324 64.0186 116.126 
552.953 552.953 552.953 552.953 552.953 552.953 552.953 552.953 552.953 552.953 552.953 552.953 552.953 552.953 552.953 552.953 552.953 552.953 552.953 552.953 552.953 552.953 552.953 552.953 
1 1 1 1 1 1 1 1 1 1 1 1 1 1 1 1 1 1 1 1 1 1 1 1 
item 11
45.9072 85.0385 68.8564 125.39 34.6263 87.3079 22.5657 106.231 41.922 135.67 37.9648 76.417 43.6247 133.923 35.015 107.383 40.3896 82.2266 52.275 101.872 81.7852 109.299 36.9534 104.156 
228.154 228.154 228.154 228.154 228.154 228.154 228.154 228.154 228.154 228.154 228.154 228.154 228.154 228.154 228.154 228.154 228.154 228.154 228.154 228.154 228.154 228.154 228.154 228.154 
1 1 1 1 1 1 1 1 1 1 1 1 1 1 1 1 1 1 1 1 1 1 1 1 
item 12
41.5193 52.5086 23.4239 84.9445 38.6405 138.389 25.175 80.8232 33.8567 91.0941 21.0204 93.2872 61.7768 134.182 36.7547 95.7468 87.997 70.2627 84.2383 116.72 55.6532 125.91 31.2135 87.4247 
213.271 213.271 213.271 213.271 213.271 213.271 213.271 213.271 213.271 213.271 213.271 213.271 213.271 213.271 213.271 213.271 213.271 213.271 213.271 213.271 213.271 213.271 213.271 213.271 
1 1 1 1 1 1 1 1 1 1 1 1 1 1 1 1 1 1 1 1 1 1 1 1 
item 13
54.7958 95.5375 34.6873 99.626 32.1194 127.638 72.3106 96.5492 50.2532 89.9185 41.0217 80.2283 72.1157 65.6963 81.9646 95.3456 59.0176 81.2191 34.1782 74.3663 10.5516 79.987 63.5287 84.6064 
432.01 432.01 432.01 432.01 432.01 432.01 432.01 432.01 432.01 432.01 432.01 432.01 432.01 432.01 432.01 432.01 432.01 432.01 432.01 432.01 432.01 432.01 432.01 432.01 
1 1 1 1 1 1 1 1 1 1 1 1 1 1 1 1 1 1 1 1 1 1 1 1 
item 14
19.8702 89.7421 32.5245 72.5787 60.9866 107.307 49.4114 85.5309 51.3136 96.981 5.69387 59.7876 96.3958 94.2992 27.6666 104.894 40.1033 84.4779 31.751 92.9176 17.363 100.042 56.4435 109.735 
431.959 431.959 431.959 431.959 431.959 431.959 431.959 431.959 431.959 431.959 431.959 431.959 431.959 431.959 431.959 431.959 431.959 431.959 431.959 431.959 431.959 431.959 431.959 431.959 
1 1 1 1 1 1 1 1 1 1 1 1 1 1 1 1 1 1 1 1 1 1 1 1 
item 15
89.994 83.0473 86.0517 87.4246 28.7831 107.741 16.5728 82.2604 0.448771 73.2183 45.115 119.4 50.1167 119.908 79.7772 119.667 36.3564 101.549 36.8305 85.3857 27.7731 98.9231 47.6836 90.0483 
672.714 672.714 672.714 672.714 672.714 672.714 672.714 672.714 672.714 672.714 672.714 672.714 672.714 672.714 672.714 672.714 672.714 672.714 672.714 672.714 672.714 672.714 672.714 672.714 
1 1 1 1 1 1 1 1 1 1 1 1 1 1 1 1 1 1 1 1 1 1 1 1 
item 16
88.032 78.1932 90.5532 89.9079 32.0485 91.5293 61.4417 73.3776 32.9197 56.5575 51.569 97.1195 60.8121 96.823 49.8664 98.8265 78.6148 116.78 41.6829 101.009 37.0609 83.3283 67.7551 97.5384 
495.786 495.786 495.786 495.786 495.786 495.786 495.786 495.786 495.786 495.786 495.786 495.786 495.786 495.786 495.786 495.786 495.786 495.786 495.786 495.786 495.786 495.786 495.786 495.786 
1 1 1 1 1 1 1 1 1 1 1 1 1 1 1 1 1 1 1 1 1 1 1 1 
item 17
37.4368 76.7699 0.809001 109.304 71.166 77.2408 64.2663 130.967 33.9582 88.6498 39.1004 49.1508 54.7695 104.67 12.3258 141.532 68.8243 95.9167 50.584 115.533 27.0515 131.105 67.9836 113.522 
1033.48 1033.48 1033.48 1033.48 1033.48 1033.48 1033.48 1033.48 1033.48 1033.48 1033.48 1033.48 1033.48 1033.48 1033.48 1033.48 1033.48 1033.48 1033.48 1033.48 1033.48 1033.48 1033.48 1033.48 
1 1 1 1 1 1 1 1 1 1 1 1 1 1 1 1 1 1 1 1 1 1 1 1 
item 18
64.9594 114.027 41.3777 65.5417 33.8735 87.2263 11.1844 77.7342 41.8462 65.4178 15.5667 84.747 62.1247 102.636 49.299 113.398 61.6616 83.7198 85.75 91.7557 27.6734 107.447 60.3509 79.4287 
198.63 198.63 198.63 198.63 198.63 198.63 198.63 198.63 198.63 198.63 198.63 198.63 198.63 198.63 198.63 198.63 198.63 198.63 198.63 198.63 198.63 198.63 198.63 198.63 
1 1 1 1 1 1 1 1 1 1 1 1 1 1 1 1 1 1 1 1 1 1 1 1 
item 19
27.9185 118.669 34.0413 112.939 37.3582 47.3522 74.2635 102.941 57.893 81.652 53.3111 97.8613 81.2601 95.8938 43.8469 85.7457 83.6672 104.111 45.0094 103.996 47.3166 80.8636 35.8611 100.423 
863.185 863.185 863.185 863.185 863.185 863.185 863.185 863.185 863.185 863.185 863.185 863.185 863.185 863.185 863.185 863.185 863.185 863.185 863.185 863.185 863.185 863.185 863.185 863.185 
1 1 1 1 1 1 1 1 1 1 1 1 1 1 1 1 1 1 1 1 1 1 1 1 
