6 40 
-29.0914 -29.0914 -29.0914 -29.0914 -29.0914 -29.0914 
item 0
42.15 0 0 0 0 0 
48.8261 48.8261 48.8261 48.8261 48.8261 48.8261 
1 1 1 1 1 1 
item 1
81.0781 76.3462 0 0 0 0 
74.7903 74.7903 74.7903 74.7903 74.7903 74.7903 
1 1 1 1 1 1 
item 2
0 61.4078 0 0 0 106.735 
70.3705 70.3705 70.3705 70.3705 70.3705 70.3705 
1 1 1 1 1 1 
item 3
0 0 63.031 0 0 0 
63.5343 63.5343 63.5343 63.5343 63.5343 63.5343 
1 1 1 1 1 1 
item 4
0 0 0 99.199 0 0 
54.1114 54.1114 54.1114 54.1114 54.1114 54.1114 
1 1 1 1 1 1 
item 5
57.0977 134.513 37.3845 104.645 61.1263 0 
66.0237 66.0237 66.0237 66.0237 66.0237 66.0237 
1 1 1 1 1 1 
item 6
0 0 0 0 0 80.5036 
75.9817 75.9817 75.9817 75.9817 75.9817 75.9817 
1 1 1 1 1 1 
item 7
46.4591 0 67.2631 0 0 82.129 
37.9475 37.9475 37.9475 37.9475 37.9475 37.9475 
1 1 1 1 1 1 
item 8
0 0 53.9041 0 0 99.4277 
70.3132 70.3132 70.3132 70.3132 70.3132 70.3132 
1 1 1 1 1 1 
item 9
63.1169 0 38.6886 77.1587 64.1328 123.406 
47.1952 47.1952 47.1952 47.1952 47.1952 47.1952 
1 1 1 1 1 1 
item 10
0 0 0 77.8112 27.2354 88.2484 
51.1409 51.1409 51.1409 51.1409 51.1409 51.1409 
1 1 1 1 1 1 
item 11
0 0 49.6779 0 66.1355 125.822 
55.9624 55.9624 55.9624 55.9624 55.9624 55.9624 
1 1 1 1 1 1 
item 12
0 97.6254 0 85.7484 0 118.724 
81.2803 81.2803 81.2803 81.2803 81.2803 81.2803 
1 1 1 1 1 1 
item 13
0 0 12.8651 68.7567 0 0 
73.0682 73.0682 73.0682 73.0682 73.0682 73.0682 
1 1 1 1 1 1 
item 14
96.0728 0 0 0 0 98.7914 
69.15 69.15 69.15 69.15 69.15 69.15 
1 1 1 1 1 1 
item 15
60.8752 135.421 70.7268 93.2818 10.0058 104.453 
72.8686 72.8686 72.8686 72.8686 72.8686 72.8686 
1 1 1 1 1 1 
item 16
64.5603 88.2515 89.4853 121.287 0 0 
49.854 49.854 49.854 49.854 49.854 49.854 
1 1 1 1 1 1 
item 17
72.1681 0 0 0 0 0 
75.4542 75.4542 75.4542 75.4542 75.4542 75.4542 
1 1 1 1 1 1 
item 18
0 0 0 50.2871 0 0 
34.6021 34.6021 34.6021 34.6021 34.6021 34.6021 
1 1 1 1 1 1 
item 19
0 108.202 37.329 106.412 0 0 
41.4732 41.4732 41.4732 41.4732 41.4732 41.4732 
1 1 1 1 1 1 
item 20
0 110.258 47.8801 98.7009 0 64.3989 
60.6044 60.6044 60.6044 60.6044 60.6044 60.6044 
1 1 1 1 1 1 
item 21
0 72.3412 45.5231 140.367 58.6738 0 
44.1473 44.1473 44.1473 44.1473 44.1473 44.1473 
1 1 1 1 1 1 
item 22
0 0 0 112.201 47.7299 0 
41.5666 41.5666 41.5666 41.5666 41.5666 41.5666 
1 1 1 1 1 1 
item 23
58.1909 93.0033 0 0 0 0 
82.468 82.468 82.468 82.468 82.468 82.468 
1 1 1 1 1 1 
item 24
0 0 0 0 0 0 
69.9823 69.9823 69.9823 69.9823 69.9823 69.9823 
1 1 1 1 1 1 
item 25
53.9495 0 0 0 0 88.1661 
96.1151 96.1151 96.1151 96.1151 96.1151 96.1151 
1 1 1 1 1 1 
item 26
0 99.8602 0 111.072 0 75.3821 
39.2583 39.2583 39.2583 39.2583 39.2583 39.2583 
1 1 1 1 1 1 
item 27
66.2206 144.575 0 0 0 88.3495 
46.6894 46.6894 46.6894 46.6894 46.6894 46.6894 
1 1 1 1 1 1 
item 28
0 0 55.7138 102.065 0 133.094 
51.2257 51.2257 51.2257 51.2257 51.2257 51.2257 
1 1 1 1 1 1 
item 29
29.3886 81.0724 61.0321 0 52.6238 79.7029 
58.8563 58.8563 58.8563 58.8563 58.8563 58.8563 
1 1 1 1 1 1 
item 30
45.3768 73.9884 51.597 0 58.8721 84.8833 
68.6317 68.6317 68.6317 68.6317 68.6317 68.6317 
1 1 1 1 1 1 
item 31
51.0949 0 0 0 0 0 
78.6142 78.6142 78.6142 78.6142 78.6142 78.6142 
1 1 1 1 1 1 
item 32
0 84.5455 57.3213 0 37.5715 92.1253 
76.1599 76.1599 76.1599 76.1599 76.1599 76.1599 
1 1 1 1 1 1 
item 33
0 45.7314 0 127.009 0 0 
39.0494 39.0494 39.0494 39.0494 39.0494 39.0494 
1 1 1 1 1 1 
item 34
0 82.9815 71.8097 65.4254 0 0 
80.4938 80.4938 80.4938 80.4938 80.4938 80.4938 
1 1 1 1 1 1 
item 35
58.056 119.767 59.0924 0 34.7831 88.9585 
53.1634 53.1634 53.1634 53.1634 53.1634 53.1634 
1 1 1 1 1 1 
item 36
74.2826 120.563 0 0 0 0 
86.5221 86.5221 86.5221 86.5221 86.5221 86.5221 
1 1 1 1 1 1 
item 37
68.4375 0 76.3755 99.0758 0 120.323 
62.5211 62.5211 62.5211 62.5211 62.5211 62.5211 
1 1 1 1 1 1 
item 38
0 0 53.7915 0 0 0 
64.4076 64.4076 64.4076 64.4076 64.4076 64.4076 
1 1 1 1 1 1 
item 39
0 0 0 87.4747 0 0 
43.6963 43.6963 43.6963 43.6963 43.6963 43.6963 
1 1 1 1 1 1 
