36 20 
3195.53 3195.53 3195.53 3195.53 3195.53 3195.53 3195.53 3195.53 3195.53 3195.53 3195.53 3195.53 3195.53 3195.53 3195.53 3195.53 3195.53 3195.53 3195.53 3195.53 3195.53 3195.53 3195.53 3195.53 3195.53 3195.53 3195.53 3195.53 3195.53 3195.53 3195.53 3195.53 3195.53 3195.53 3195.53 3195.53 
item 0
39.8646 144.766 0 99.7342 0 77.8541 0 0 57.9311 111.557 0 136.069 48.2677 0 56.3486 0 0 100.568 0 0 59.3316 115.793 0 0 0 0 1.55901 69.8373 58.8406 0 0 123.976 61.4526 94.0387 35.528 0 
460.376 460.376 460.376 460.376 460.376 460.376 460.376 460.376 460.376 460.376 460.376 460.376 460.376 460.376 460.376 460.376 460.376 460.376 460.376 460.376 460.376 460.376 460.376 460.376 460.376 460.376 460.376 460.376 460.376 460.376 460.376 460.376 460.376 460.376 460.376 460.376 
1 1 1 1 1 1 1 1 1 1 1 1 1 1 1 1 1 1 1 1 1 1 1 1 1 1 1 1 1 1 1 1 1 1 1 1 
item 1
75.0719 0 50.9465 101.078 0 0 0 0 0 107.034 0 79.4598 66.4513 88.8937 0 0 0 142.481 0 0 0 141.063 0 125.911 11.099 0 84.8412 113.284 34.199 125.249 0 0 58.1727 0 61.1804 0 
198.242 198.242 198.242 198.242 198.242 198.242 198.242 198.242 198.242 198.242 198.242 198.242 198.242 198.242 198.242 198.242 198.242 198.242 198.242 198.242 198.242 198.242 198.242 198.242 198.242 198.242 198.242 198.242 198.242 198.242 198.242 198.242 198.242 198.242 198.242 198.242 
1 1 1 1 1 1 1 1 1 1 1 1 1 1 1 1 1 1 1 1 1 1 1 1 1 1 1 1 1 1 1 1 1 1 1 1 
item 2
41.1655 0 38.9148 0 0 92.5003 42.3462 0 0 0 0 0 0 0 82.973 0 0 0 51.4903 0 0 0 0 72.0279 93.1883 119.77 53.9144 0 58.5724 0 75.6373 0 73.2871 88.4593 45.3262 0 
319.141 319.141 319.141 319.141 319.141 319.141 319.141 319.141 319.141 319.141 319.141 319.141 319.141 319.141 319.141 319.141 319.141 319.141 319.141 319.141 319.141 319.141 319.141 319.141 319.141 319.141 319.141 319.141 319.141 319.141 319.141 319.141 319.141 319.141 319.141 319.141 
1 1 1 1 1 1 1 1 1 1 1 1 1 1 1 1 1 1 1 1 1 1 1 1 1 1 1 1 1 1 1 1 1 1 1 1 
item 3
59.9013 89.6545 24.8358 0 0 0 29.6617 111.791 0 97.226 0 96.4822 61.8245 111.9 71.8749 0 0 101.93 0 121.196 42.1725 94.1152 40.9786 91.644 0 126.495 56.1392 80.1844 56.5142 0 65.5438 85.7309 0 101.232 0 81.0971 
223.109 223.109 223.109 223.109 223.109 223.109 223.109 223.109 223.109 223.109 223.109 223.109 223.109 223.109 223.109 223.109 223.109 223.109 223.109 223.109 223.109 223.109 223.109 223.109 223.109 223.109 223.109 223.109 223.109 223.109 223.109 223.109 223.109 223.109 223.109 223.109 
1 1 1 1 1 1 1 1 1 1 1 1 1 1 1 1 1 1 1 1 1 1 1 1 1 1 1 1 1 1 1 1 1 1 1 1 
item 4
13.6443 75.4224 36.9201 0 0 0 61.8051 112.89 0 0 0 82.6988 0 0 60.3604 101.572 0 0 28.6471 132.154 0 86.2808 0 106.77 44.7725 0 40.2763 0 26.8103 129.343 34.1285 0 36.2276 111.494 53.3299 64.7944 
648.974 648.974 648.974 648.974 648.974 648.974 648.974 648.974 648.974 648.974 648.974 648.974 648.974 648.974 648.974 648.974 648.974 648.974 648.974 648.974 648.974 648.974 648.974 648.974 648.974 648.974 648.974 648.974 648.974 648.974 648.974 648.974 648.974 648.974 648.974 648.974 
1 1 1 1 1 1 1 1 1 1 1 1 1 1 1 1 1 1 1 1 1 1 1 1 1 1 1 1 1 1 1 1 1 1 1 1 
item 5
100.074 108.078 42.3823 106.256 27.2483 0 0 79.6024 52.7191 0 0 123.282 48.7316 0 49.1705 0 17.6288 0 35.3648 102.854 60.4395 0 55.5222 65.8117 0 0 42.0194 87.5403 0 0 0 103.787 0 0 0 83.8527 
603.795 603.795 603.795 603.795 603.795 603.795 603.795 603.795 603.795 603.795 603.795 603.795 603.795 603.795 603.795 603.795 603.795 603.795 603.795 603.795 603.795 603.795 603.795 603.795 603.795 603.795 603.795 603.795 603.795 603.795 603.795 603.795 603.795 603.795 603.795 603.795 
1 1 1 1 1 1 1 1 1 1 1 1 1 1 1 1 1 1 1 1 1 1 1 1 1 1 1 1 1 1 1 1 1 1 1 1 
item 6
33.603 0 47.9281 85.9037 0 0 60.042 0 55.2264 57.8124 0 0 78.3353 101.682 47.5082 0 58.9922 0 40.5043 0 35.073 101.6 65.1558 132.617 33.7892 0 26.745 0 0 0 50.413 0 0 44.9324 0 81.8011 
265.975 265.975 265.975 265.975 265.975 265.975 265.975 265.975 265.975 265.975 265.975 265.975 265.975 265.975 265.975 265.975 265.975 265.975 265.975 265.975 265.975 265.975 265.975 265.975 265.975 265.975 265.975 265.975 265.975 265.975 265.975 265.975 265.975 265.975 265.975 265.975 
1 1 1 1 1 1 1 1 1 1 1 1 1 1 1 1 1 1 1 1 1 1 1 1 1 1 1 1 1 1 1 1 1 1 1 1 
item 7
41.8918 94.084 0 93.0807 0 0 57.5428 0 63.9871 87.9025 53.1359 40.2689 0 0 0 0 53.3277 0 0 0 66.0879 105.242 0 0 54.5881 96.6577 33.7738 112.522 0 98.6136 51.6225 0 0 59.1453 0 81.8327 
524.839 524.839 524.839 524.839 524.839 524.839 524.839 524.839 524.839 524.839 524.839 524.839 524.839 524.839 524.839 524.839 524.839 524.839 524.839 524.839 524.839 524.839 524.839 524.839 524.839 524.839 524.839 524.839 524.839 524.839 524.839 524.839 524.839 524.839 524.839 524.839 
1 1 1 1 1 1 1 1 1 1 1 1 1 1 1 1 1 1 1 1 1 1 1 1 1 1 1 1 1 1 1 1 1 1 1 1 
item 8
69.8406 123.058 0 82.7428 45.4972 0 63.3473 87.9095 0 0 0 0 37.9891 0 0 86.1214 0 0 56.3637 0 53.6494 0 61.4353 0 51.5953 134.085 40.0583 0 75.3307 130.779 0 0 0 81.3476 74.7239 110.768 
142.568 142.568 142.568 142.568 142.568 142.568 142.568 142.568 142.568 142.568 142.568 142.568 142.568 142.568 142.568 142.568 142.568 142.568 142.568 142.568 142.568 142.568 142.568 142.568 142.568 142.568 142.568 142.568 142.568 142.568 142.568 142.568 142.568 142.568 142.568 142.568 
1 1 1 1 1 1 1 1 1 1 1 1 1 1 1 1 1 1 1 1 1 1 1 1 1 1 1 1 1 1 1 1 1 1 1 1 
item 9
65.519 116.427 82.027 119.862 26.3035 0 0 0 48.7011 113.13 66.3005 0 0 0 27.5743 64.2858 0 69.696 0 0 53.1643 103.273 44.7992 0 0 128.576 71.5027 133.726 33.1295 83.3583 27.2304 0 0 0 78.4776 60.9895 
619.147 619.147 619.147 619.147 619.147 619.147 619.147 619.147 619.147 619.147 619.147 619.147 619.147 619.147 619.147 619.147 619.147 619.147 619.147 619.147 619.147 619.147 619.147 619.147 619.147 619.147 619.147 619.147 619.147 619.147 619.147 619.147 619.147 619.147 619.147 619.147 
1 1 1 1 1 1 1 1 1 1 1 1 1 1 1 1 1 1 1 1 1 1 1 1 1 1 1 1 1 1 1 1 1 1 1 1 
item 10
48.1145 115.42 32.4923 0 65.0517 119.249 0 75.2972 46.4293 103.412 52.2373 83.8759 0 128.807 49.3327 111.378 43.7553 0 64.9314 105.398 0 0 74.1337 112.278 73.8707 0 0 0 40.2972 0 73.8771 0 0 104.549 51.5637 0 
141.794 141.794 141.794 141.794 141.794 141.794 141.794 141.794 141.794 141.794 141.794 141.794 141.794 141.794 141.794 141.794 141.794 141.794 141.794 141.794 141.794 141.794 141.794 141.794 141.794 141.794 141.794 141.794 141.794 141.794 141.794 141.794 141.794 141.794 141.794 141.794 
1 1 1 1 1 1 1 1 1 1 1 1 1 1 1 1 1 1 1 1 1 1 1 1 1 1 1 1 1 1 1 1 1 1 1 1 
item 11
71.3673 0 0 110.036 68.5276 98.6291 0 111.352 63.998 0 0 100.667 50.2565 0 55.8998 120.486 48.2541 0 38.0194 88.8512 19.9696 0 48.3161 0 0 86.3071 53.4914 0 65.9085 107.821 68.1358 139.129 55.2239 105.599 0 83.7882 
637.007 637.007 637.007 637.007 637.007 637.007 637.007 637.007 637.007 637.007 637.007 637.007 637.007 637.007 637.007 637.007 637.007 637.007 637.007 637.007 637.007 637.007 637.007 637.007 637.007 637.007 637.007 637.007 637.007 637.007 637.007 637.007 637.007 637.007 637.007 637.007 
1 1 1 1 1 1 1 1 1 1 1 1 1 1 1 1 1 1 1 1 1 1 1 1 1 1 1 1 1 1 1 1 1 1 1 1 
item 12
23.2046 0 0 0 0 0 0 138.416 0 0 0 0 0 93.2581 32.2996 124.765 63.9058 96.608 0 0 0 0 25.3024 0 0 99.9788 0 136.07 0 0 24.3742 118.943 77.3534 74.9307 0 113.546 
296.728 296.728 296.728 296.728 296.728 296.728 296.728 296.728 296.728 296.728 296.728 296.728 296.728 296.728 296.728 296.728 296.728 296.728 296.728 296.728 296.728 296.728 296.728 296.728 296.728 296.728 296.728 296.728 296.728 296.728 296.728 296.728 296.728 296.728 296.728 296.728 
1 1 1 1 1 1 1 1 1 1 1 1 1 1 1 1 1 1 1 1 1 1 1 1 1 1 1 1 1 1 1 1 1 1 1 1 
item 13
52.4147 0 0 123.302 67.4243 0 58.0967 115 76.2239 78.9241 17.9316 131.694 0 0 0 84.5635 53.3869 86.6201 40.6636 0 0 0 0 95.1195 0 0 27.1199 0 0 0 0 0 0 102.474 21.4754 0 
292.737 292.737 292.737 292.737 292.737 292.737 292.737 292.737 292.737 292.737 292.737 292.737 292.737 292.737 292.737 292.737 292.737 292.737 292.737 292.737 292.737 292.737 292.737 292.737 292.737 292.737 292.737 292.737 292.737 292.737 292.737 292.737 292.737 292.737 292.737 292.737 
1 1 1 1 1 1 1 1 1 1 1 1 1 1 1 1 1 1 1 1 1 1 1 1 1 1 1 1 1 1 1 1 1 1 1 1 
item 14
66.4852 0 43.3579 0 0 0 0 77.5179 103.677 0 0 0 0 58.7059 23.7646 107.726 0 0 0 0 72.3581 0 42.5166 0 0 102.97 0 107.108 46.762 0 0 95.8118 0 113.675 49.9365 107.813 
88.699 88.699 88.699 88.699 88.699 88.699 88.699 88.699 88.699 88.699 88.699 88.699 88.699 88.699 88.699 88.699 88.699 88.699 88.699 88.699 88.699 88.699 88.699 88.699 88.699 88.699 88.699 88.699 88.699 88.699 88.699 88.699 88.699 88.699 88.699 88.699 
1 1 1 1 1 1 1 1 1 1 1 1 1 1 1 1 1 1 1 1 1 1 1 1 1 1 1 1 1 1 1 1 1 1 1 1 
item 15
72.6939 0 38.2421 75.4494 0 142.039 33.3853 119.889 0 0 0 0 55.7264 107.986 0 0 42.087 116.172 0 96.8958 48.653 125.507 62.6416 122.281 0 0 105.635 0 40.3405 0 66.4618 110.403 0 0 0 0 
223.044 223.044 223.044 223.044 223.044 223.044 223.044 223.044 223.044 223.044 223.044 223.044 223.044 223.044 223.044 223.044 223.044 223.044 223.044 223.044 223.044 223.044 223.044 223.044 223.044 223.044 223.044 223.044 223.044 223.044 223.044 223.044 223.044 223.044 223.044 223.044 
1 1 1 1 1 1 1 1 1 1 1 1 1 1 1 1 1 1 1 1 1 1 1 1 1 1 1 1 1 1 1 1 1 1 1 1 
item 16
80.0734 0 63.5546 0 0 100.036 0 0 0 91.1752 68.2064 0 0 0 0 0 0 94.3779 0 0 66.295 116.669 0 61.9676 70.0401 86.7686 0 0 0 73.5738 32.539 0 0 0 0 114.04 
419.686 419.686 419.686 419.686 419.686 419.686 419.686 419.686 419.686 419.686 419.686 419.686 419.686 419.686 419.686 419.686 419.686 419.686 419.686 419.686 419.686 419.686 419.686 419.686 419.686 419.686 419.686 419.686 419.686 419.686 419.686 419.686 419.686 419.686 419.686 419.686 
1 1 1 1 1 1 1 1 1 1 1 1 1 1 1 1 1 1 1 1 1 1 1 1 1 1 1 1 1 1 1 1 1 1 1 1 
item 17
60.744 0 0 0 0 126.618 6.61613 112.517 55.0228 0 42.3176 0 0 100.035 60.2904 141.36 34.1118 100.869 48.1342 0 0 0 60.7987 0 0 96.0367 0 110.531 0 0 0 102.427 0 0 37.3995 100.625 
197.501 197.501 197.501 197.501 197.501 197.501 197.501 197.501 197.501 197.501 197.501 197.501 197.501 197.501 197.501 197.501 197.501 197.501 197.501 197.501 197.501 197.501 197.501 197.501 197.501 197.501 197.501 197.501 197.501 197.501 197.501 197.501 197.501 197.501 197.501 197.501 
1 1 1 1 1 1 1 1 1 1 1 1 1 1 1 1 1 1 1 1 1 1 1 1 1 1 1 1 1 1 1 1 1 1 1 1 
item 18
41.1322 93.7467 37.1606 102.77 0 98.5352 44.662 0 0 124.705 0 0 0 91.2926 0 70.7729 0 0 69.5046 107.744 54.8657 132.41 0 0 0 0 114.624 86.6301 51.2009 0 0 121.973 0 0 0 0 
468.816 468.816 468.816 468.816 468.816 468.816 468.816 468.816 468.816 468.816 468.816 468.816 468.816 468.816 468.816 468.816 468.816 468.816 468.816 468.816 468.816 468.816 468.816 468.816 468.816 468.816 468.816 468.816 468.816 468.816 468.816 468.816 468.816 468.816 468.816 468.816 
1 1 1 1 1 1 1 1 1 1 1 1 1 1 1 1 1 1 1 1 1 1 1 1 1 1 1 1 1 1 1 1 1 1 1 1 
item 19
39.8185 93.7883 0 101.124 35.3273 89.83 0 0 0 100.49 58.5608 85.9125 0 91.4649 0 0 0 0 0 69.9899 99.2924 0 0 0 19.7451 0 50.0172 120.535 0 108.483 0 0 53.6564 0 0 0 
290.838 290.838 290.838 290.838 290.838 290.838 290.838 290.838 290.838 290.838 290.838 290.838 290.838 290.838 290.838 290.838 290.838 290.838 290.838 290.838 290.838 290.838 290.838 290.838 290.838 290.838 290.838 290.838 290.838 290.838 290.838 290.838 290.838 290.838 290.838 290.838 
1 1 1 1 1 1 1 1 1 1 1 1 1 1 1 1 1 1 1 1 1 1 1 1 1 1 1 1 1 1 1 1 1 1 1 1 
