24 40 
22544 22544 22544 22544 22544 22544 22544 22544 22544 22544 22544 22544 22544 22544 22544 22544 22544 22544 22544 22544 22544 22544 22544 22544 
item 0
29.7322 108.527 27.5804 122.936 41.4488 113.465 31.531 109.896 5.59818 107.975 48.5373 58.1706 57.6703 98.6845 42.9397 97.9849 53.7663 73.7372 25.7897 84.6971 77.9059 94.8379 39.8606 93.6073 
943.281 943.281 943.281 943.281 943.281 943.281 943.281 943.281 943.281 943.281 943.281 943.281 943.281 943.281 943.281 943.281 943.281 943.281 943.281 943.281 943.281 943.281 943.281 943.281 
1 1 1 1 1 1 1 1 1 1 1 1 1 1 1 1 1 1 1 1 1 1 1 1 
item 1
65.4512 94.5681 98.2058 91.2356 62.2462 105.62 50.8149 97.7919 69.2346 118.11 56.5484 82.9246 41.803 131.539 93.0848 88.7516 39.046 56.9162 45.2651 90.1036 2.3744 117.823 44.5979 100.527 
520.854 520.854 520.854 520.854 520.854 520.854 520.854 520.854 520.854 520.854 520.854 520.854 520.854 520.854 520.854 520.854 520.854 520.854 520.854 520.854 520.854 520.854 520.854 520.854 
1 1 1 1 1 1 1 1 1 1 1 1 1 1 1 1 1 1 1 1 1 1 1 1 
item 2
40.8619 96.603 77.0973 77.2018 20.0491 93.1286 44.3169 93.7875 61.0962 104.807 68.8648 72.724 5.51533 106.222 25.6418 45.8396 59.8152 102.859 87.8446 81.2581 31.878 100.561 44.1673 138.938 
393.629 393.629 393.629 393.629 393.629 393.629 393.629 393.629 393.629 393.629 393.629 393.629 393.629 393.629 393.629 393.629 393.629 393.629 393.629 393.629 393.629 393.629 393.629 393.629 
1 1 1 1 1 1 1 1 1 1 1 1 1 1 1 1 1 1 1 1 1 1 1 1 
item 3
44.1342 107.102 52.6699 37.3282 52.1826 101.992 24.2877 86.2655 37.0737 84.9965 53.1654 101.382 34.2049 117.926 48.4179 129.662 36.269 87.0599 41.8184 91.1422 58.8859 81.4778 39.9343 89.9162 
655.407 655.407 655.407 655.407 655.407 655.407 655.407 655.407 655.407 655.407 655.407 655.407 655.407 655.407 655.407 655.407 655.407 655.407 655.407 655.407 655.407 655.407 655.407 655.407 
1 1 1 1 1 1 1 1 1 1 1 1 1 1 1 1 1 1 1 1 1 1 1 1 
item 4
63.2372 126.585 57.0369 128.578 76.4925 68.163 68.3386 115.974 35.6325 110.201 65.2148 65.972 17.6353 88.138 45.0477 84.1383 44.1526 129.833 77.9645 82.0634 40.0225 113.125 72.1909 97.6146 
510.203 510.203 510.203 510.203 510.203 510.203 510.203 510.203 510.203 510.203 510.203 510.203 510.203 510.203 510.203 510.203 510.203 510.203 510.203 510.203 510.203 510.203 510.203 510.203 
1 1 1 1 1 1 1 1 1 1 1 1 1 1 1 1 1 1 1 1 1 1 1 1 
item 5
51.5273 82.8017 71.7471 94.0739 27.9401 77.9594 13.6251 97.5648 41.082 100.22 59.8939 118.956 67.1988 92.0217 33.4359 102.024 49.7528 99.1552 31.9765 98.6286 7.60748 80.4143 74.3183 126.519 
860.601 860.601 860.601 860.601 860.601 860.601 860.601 860.601 860.601 860.601 860.601 860.601 860.601 860.601 860.601 860.601 860.601 860.601 860.601 860.601 860.601 860.601 860.601 860.601 
1 1 1 1 1 1 1 1 1 1 1 1 1 1 1 1 1 1 1 1 1 1 1 1 
item 6
59.471 107.872 35.9626 51.1337 58.2446 92.3365 65.4889 128.249 74.3217 50.4153 106.686 105.21 45.5198 85.1568 69.4526 75.1703 52.7393 73.3618 73.4468 102.344 60.675 82.2714 58.7518 133.481 
713.742 713.742 713.742 713.742 713.742 713.742 713.742 713.742 713.742 713.742 713.742 713.742 713.742 713.742 713.742 713.742 713.742 713.742 713.742 713.742 713.742 713.742 713.742 713.742 
1 1 1 1 1 1 1 1 1 1 1 1 1 1 1 1 1 1 1 1 1 1 1 1 
item 7
37.6074 96.6166 79.6187 105.458 37.9098 90.7977 46.3572 110.493 31.7002 100.216 44.0201 144.732 34.3837 94.3141 43.7132 129.482 40.8816 129.391 30.5149 79.1935 40.5571 103.137 38.66 127.024 
168.891 168.891 168.891 168.891 168.891 168.891 168.891 168.891 168.891 168.891 168.891 168.891 168.891 168.891 168.891 168.891 168.891 168.891 168.891 168.891 168.891 168.891 168.891 168.891 
1 1 1 1 1 1 1 1 1 1 1 1 1 1 1 1 1 1 1 1 1 1 1 1 
item 8
55.8764 98.9224 58.5356 96.3563 25.3784 77.7675 46.2172 141.183 26.4279 80.4511 54.0247 83.9764 39.8013 88.1739 30.5236 108.135 60.898 65.458 55.5849 116.931 64.6879 111.309 68.8483 108.823 
704.238 704.238 704.238 704.238 704.238 704.238 704.238 704.238 704.238 704.238 704.238 704.238 704.238 704.238 704.238 704.238 704.238 704.238 704.238 704.238 704.238 704.238 704.238 704.238 
1 1 1 1 1 1 1 1 1 1 1 1 1 1 1 1 1 1 1 1 1 1 1 1 
item 9
27.6103 98.3225 20.6123 97.5158 68.8605 127.29 64.0775 72.7813 48.4491 117.565 54.2641 83.3688 31.0008 74.1726 63.104 115.381 15.3005 100.025 83.2328 70.3688 41.5722 80.534 58.2637 61.7117 
692.96 692.96 692.96 692.96 692.96 692.96 692.96 692.96 692.96 692.96 692.96 692.96 692.96 692.96 692.96 692.96 692.96 692.96 692.96 692.96 692.96 692.96 692.96 692.96 
1 1 1 1 1 1 1 1 1 1 1 1 1 1 1 1 1 1 1 1 1 1 1 1 
item 10
44.5024 93.7688 64.5566 105.787 56.7819 119.187 78.5425 107.928 75.4793 89.9186 70.6945 101.761 40.5143 79.6439 67.9346 63.5345 45.4394 118.854 47.8932 73.84 41.7911 110.139 86.6647 90.8765 
522.605 522.605 522.605 522.605 522.605 522.605 522.605 522.605 522.605 522.605 522.605 522.605 522.605 522.605 522.605 522.605 522.605 522.605 522.605 522.605 522.605 522.605 522.605 522.605 
1 1 1 1 1 1 1 1 1 1 1 1 1 1 1 1 1 1 1 1 1 1 1 1 
item 11
33.6659 97.6176 14.3177 96.5419 67.6594 98.4309 41.0981 124.871 18.6553 107.599 73.7184 117.257 47.6023 112.759 75.7258 79.7497 56.1822 105.164 55.583 92.6493 62.6679 86.6235 58.2456 73.3199 
1100.65 1100.65 1100.65 1100.65 1100.65 1100.65 1100.65 1100.65 1100.65 1100.65 1100.65 1100.65 1100.65 1100.65 1100.65 1100.65 1100.65 1100.65 1100.65 1100.65 1100.65 1100.65 1100.65 1100.65 
1 1 1 1 1 1 1 1 1 1 1 1 1 1 1 1 1 1 1 1 1 1 1 1 
item 12
34.0198 90.3134 50.824 138.064 26.1649 108.214 109.353 82.5128 47.7534 80.7872 39.1857 109.571 64.9668 76.56 66.676 89.9761 36.0835 162.571 21.4206 81.6723 52.2799 110.803 78.7989 96.3147 
985.696 985.696 985.696 985.696 985.696 985.696 985.696 985.696 985.696 985.696 985.696 985.696 985.696 985.696 985.696 985.696 985.696 985.696 985.696 985.696 985.696 985.696 985.696 985.696 
1 1 1 1 1 1 1 1 1 1 1 1 1 1 1 1 1 1 1 1 1 1 1 1 
item 13
67.7644 78.4692 44.2641 97.0924 43.1832 94.2694 41.6837 126.657 31.9529 93.9061 63.2631 102.955 40.8854 90.662 53.3798 112.445 26.105 101.771 71.8571 93.6596 33.6957 98.5979 57.9874 81.4874 
548.462 548.462 548.462 548.462 548.462 548.462 548.462 548.462 548.462 548.462 548.462 548.462 548.462 548.462 548.462 548.462 548.462 548.462 548.462 548.462 548.462 548.462 548.462 548.462 
1 1 1 1 1 1 1 1 1 1 1 1 1 1 1 1 1 1 1 1 1 1 1 1 
item 14
71.0322 96.1578 51.2763 88.215 0 101.678 90.7822 103.515 15.7988 99.7141 62.4171 89.7755 76.9346 68.3528 45.5829 109.243 29.1906 84.8585 60.8979 137.149 63.1704 62.7607 71.2399 114.73 
1053.96 1053.96 1053.96 1053.96 1053.96 1053.96 1053.96 1053.96 1053.96 1053.96 1053.96 1053.96 1053.96 1053.96 1053.96 1053.96 1053.96 1053.96 1053.96 1053.96 1053.96 1053.96 1053.96 1053.96 
1 1 1 1 1 1 1 1 1 1 1 1 1 1 1 1 1 1 1 1 1 1 1 1 
item 15
73.5978 119.718 36.8426 69.7715 16.553 122.833 46.1328 73.089 54.397 80.6323 67.9946 115.871 66.4134 101.914 35.4679 121.509 59.065 116.02 59.9461 112.28 31.6863 108.682 36.9166 60.8384 
827.689 827.689 827.689 827.689 827.689 827.689 827.689 827.689 827.689 827.689 827.689 827.689 827.689 827.689 827.689 827.689 827.689 827.689 827.689 827.689 827.689 827.689 827.689 827.689 
1 1 1 1 1 1 1 1 1 1 1 1 1 1 1 1 1 1 1 1 1 1 1 1 
item 16
41.8103 108.691 18.1699 75.6813 73.5545 124.856 24.3275 109.338 75.4898 86.6654 58.3598 100.838 39.339 104.057 70.9058 95.6317 54.9581 108.292 71.4352 126.777 56.9918 94.3777 59.4384 99.5435 
455.021 455.021 455.021 455.021 455.021 455.021 455.021 455.021 455.021 455.021 455.021 455.021 455.021 455.021 455.021 455.021 455.021 455.021 455.021 455.021 455.021 455.021 455.021 455.021 
1 1 1 1 1 1 1 1 1 1 1 1 1 1 1 1 1 1 1 1 1 1 1 1 
item 17
43.3097 93.574 35.1594 85.8637 27.6093 115.996 43.1481 95.1215 45.195 118.671 29.8735 122.385 24.3737 93.8969 38.3645 109.767 31.1075 87.3576 68.0084 111.192 77.8207 56.9795 94.52 74.3845 
467.601 467.601 467.601 467.601 467.601 467.601 467.601 467.601 467.601 467.601 467.601 467.601 467.601 467.601 467.601 467.601 467.601 467.601 467.601 467.601 467.601 467.601 467.601 467.601 
1 1 1 1 1 1 1 1 1 1 1 1 1 1 1 1 1 1 1 1 1 1 1 1 
item 18
35.2767 89.6351 31.9793 107.796 47.0093 88.5126 79.7061 107.135 38.7284 121.213 54.9926 69.1458 71.5552 111.181 20.0527 95.3756 72.7419 113.999 47.8647 108.919 54.4521 105.775 42.1022 125.691 
361.115 361.115 361.115 361.115 361.115 361.115 361.115 361.115 361.115 361.115 361.115 361.115 361.115 361.115 361.115 361.115 361.115 361.115 361.115 361.115 361.115 361.115 361.115 361.115 
1 1 1 1 1 1 1 1 1 1 1 1 1 1 1 1 1 1 1 1 1 1 1 1 
item 19
36.4143 59.6804 76.1358 81.3462 68.8701 106.467 38.8181 123.841 52.1982 90.4714 60.1007 122.016 31.6367 96.7794 43.4044 156.069 17.3781 120.983 46.6335 78.0408 34.8236 137.033 48.8716 101.587 
909.498 909.498 909.498 909.498 909.498 909.498 909.498 909.498 909.498 909.498 909.498 909.498 909.498 909.498 909.498 909.498 909.498 909.498 909.498 909.498 909.498 909.498 909.498 909.498 
1 1 1 1 1 1 1 1 1 1 1 1 1 1 1 1 1 1 1 1 1 1 1 1 
item 20
23.6604 78.5269 48.0746 77.5074 39.2726 104.114 79.8687 126.586 42.8195 132.41 43.4632 102.474 57.7046 95.1013 51.2705 89.8452 33.8909 97.0389 32.586 96.4704 66.2829 132.12 32.3551 110.689 
986.115 986.115 986.115 986.115 986.115 986.115 986.115 986.115 986.115 986.115 986.115 986.115 986.115 986.115 986.115 986.115 986.115 986.115 986.115 986.115 986.115 986.115 986.115 986.115 
1 1 1 1 1 1 1 1 1 1 1 1 1 1 1 1 1 1 1 1 1 1 1 1 
item 21
32.6718 102.526 85.928 129.738 6.0699 96.7815 21.8258 85.3953 60.4108 107.055 37.8875 100.694 44.3565 92.71 51.9478 100.909 95.9586 102.508 50.1556 46.4355 86.0009 118.993 58.7586 75.8258 
191.281 191.281 191.281 191.281 191.281 191.281 191.281 191.281 191.281 191.281 191.281 191.281 191.281 191.281 191.281 191.281 191.281 191.281 191.281 191.281 191.281 191.281 191.281 191.281 
1 1 1 1 1 1 1 1 1 1 1 1 1 1 1 1 1 1 1 1 1 1 1 1 
item 22
57.5344 119.231 72.1319 79.6686 31.2367 96.6876 15.1948 98.3439 42.6829 107.506 77.8715 112.545 60.5277 64.4807 55.1809 79.2486 42.6137 118.395 79.5095 32.1276 44.5615 102.194 86.1136 90.7054 
1057.71 1057.71 1057.71 1057.71 1057.71 1057.71 1057.71 1057.71 1057.71 1057.71 1057.71 1057.71 1057.71 1057.71 1057.71 1057.71 1057.71 1057.71 1057.71 1057.71 1057.71 1057.71 1057.71 1057.71 
1 1 1 1 1 1 1 1 1 1 1 1 1 1 1 1 1 1 1 1 1 1 1 1 
item 23
80.9863 115.662 42.6969 101.811 28.2158 93.9014 48.5986 130.714 31.9537 115.023 39.5799 98.6228 79.1178 93.0314 39.6547 112.157 32.1483 92.317 45.6278 77.0189 38.8385 137.286 66.3778 65.6478 
348.367 348.367 348.367 348.367 348.367 348.367 348.367 348.367 348.367 348.367 348.367 348.367 348.367 348.367 348.367 348.367 348.367 348.367 348.367 348.367 348.367 348.367 348.367 348.367 
1 1 1 1 1 1 1 1 1 1 1 1 1 1 1 1 1 1 1 1 1 1 1 1 
item 24
8.12994 133.722 35.8982 127.841 58.2907 124.574 38.4437 145.712 61.8632 96.6037 24.2895 102.922 37.8202 87.255 48.8789 96.1626 56.3791 91.31 42.4251 95.2743 16.8833 144.298 80.043 112.455 
910.298 910.298 910.298 910.298 910.298 910.298 910.298 910.298 910.298 910.298 910.298 910.298 910.298 910.298 910.298 910.298 910.298 910.298 910.298 910.298 910.298 910.298 910.298 910.298 
1 1 1 1 1 1 1 1 1 1 1 1 1 1 1 1 1 1 1 1 1 1 1 1 
item 25
44.5167 96.1199 48.7584 116.021 60.0893 62.2905 31.3249 108.29 65.5309 100.258 39.8081 131.031 11.7337 119.106 57.5083 108.612 70.5989 124.627 41.424 109.296 18.9388 80.2313 37.7904 75.9143 
1047.64 1047.64 1047.64 1047.64 1047.64 1047.64 1047.64 1047.64 1047.64 1047.64 1047.64 1047.64 1047.64 1047.64 1047.64 1047.64 1047.64 1047.64 1047.64 1047.64 1047.64 1047.64 1047.64 1047.64 
1 1 1 1 1 1 1 1 1 1 1 1 1 1 1 1 1 1 1 1 1 1 1 1 
item 26
56.8209 86.6927 48.0504 112.787 10.7387 123.267 53.086 114.585 6.30108 126.648 52.8381 100.572 68.1735 102.395 81.4975 105.016 53.3608 112.317 50.5611 91.6987 42.5834 65.6555 67.4853 116.669 
502.652 502.652 502.652 502.652 502.652 502.652 502.652 502.652 502.652 502.652 502.652 502.652 502.652 502.652 502.652 502.652 502.652 502.652 502.652 502.652 502.652 502.652 502.652 502.652 
1 1 1 1 1 1 1 1 1 1 1 1 1 1 1 1 1 1 1 1 1 1 1 1 
item 27
51.4081 86.1802 67.89 117.249 58.8782 57.4623 38.0068 92.8978 41.5645 96.3567 82.6555 124.533 78.4952 123.36 44.0644 81.4131 78.7307 105.132 54.1191 114.382 41.0099 103.483 39.0092 123.324 
908.501 908.501 908.501 908.501 908.501 908.501 908.501 908.501 908.501 908.501 908.501 908.501 908.501 908.501 908.501 908.501 908.501 908.501 908.501 908.501 908.501 908.501 908.501 908.501 
1 1 1 1 1 1 1 1 1 1 1 1 1 1 1 1 1 1 1 1 1 1 1 1 
item 28
20.0123 110.455 54.3168 79.2899 54.2008 131.401 65.1441 140.409 54.0392 94.6572 73.2857 75.6633 47.5134 116.689 18.0195 106.854 19.7337 111.29 22.6422 85.576 54.6303 55.753 50.9096 80.8516 
236.009 236.009 236.009 236.009 236.009 236.009 236.009 236.009 236.009 236.009 236.009 236.009 236.009 236.009 236.009 236.009 236.009 236.009 236.009 236.009 236.009 236.009 236.009 236.009 
1 1 1 1 1 1 1 1 1 1 1 1 1 1 1 1 1 1 1 1 1 1 1 1 
item 29
55.5721 92.3985 60.6993 101.188 84.3535 118.43 14.4489 119.639 35.699 100.496 1.87826 78.8394 35.7209 122.247 60.2101 101.471 41.7896 72.1726 54.7481 129.25 71.7164 83.6777 33.6534 123.88 
274.191 274.191 274.191 274.191 274.191 274.191 274.191 274.191 274.191 274.191 274.191 274.191 274.191 274.191 274.191 274.191 274.191 274.191 274.191 274.191 274.191 274.191 274.191 274.191 
1 1 1 1 1 1 1 1 1 1 1 1 1 1 1 1 1 1 1 1 1 1 1 1 
item 30
59.7929 109.747 40.2283 88.2466 40.6443 88.1638 41.2307 117.313 39.7695 49.4813 56.062 100.08 14.3833 115.171 32.9473 112.413 54.4376 112.847 38.3791 104.604 41.9689 86.8997 58.5781 109.683 
315.147 315.147 315.147 315.147 315.147 315.147 315.147 315.147 315.147 315.147 315.147 315.147 315.147 315.147 315.147 315.147 315.147 315.147 315.147 315.147 315.147 315.147 315.147 315.147 
1 1 1 1 1 1 1 1 1 1 1 1 1 1 1 1 1 1 1 1 1 1 1 1 
item 31
32.1251 136.286 29.0927 100.374 41.1282 96.7101 57.7924 100.584 58.3817 105.831 94.7872 124.08 88.4348 103.211 57.2602 98.9263 21.5409 80.1973 30.7227 105.676 66.4334 110.241 76.7923 139.348 
1008.13 1008.13 1008.13 1008.13 1008.13 1008.13 1008.13 1008.13 1008.13 1008.13 1008.13 1008.13 1008.13 1008.13 1008.13 1008.13 1008.13 1008.13 1008.13 1008.13 1008.13 1008.13 1008.13 1008.13 
1 1 1 1 1 1 1 1 1 1 1 1 1 1 1 1 1 1 1 1 1 1 1 1 
item 32
44.212 69.1974 52.962 124.041 88.4166 108.98 87.6712 109.886 41.4183 88.7756 24.53 138.04 65.3628 83.6064 56.1289 114.588 40.5818 112.016 40.0068 91.5664 23.8451 110.493 38.2422 101.846 
1359.65 1359.65 1359.65 1359.65 1359.65 1359.65 1359.65 1359.65 1359.65 1359.65 1359.65 1359.65 1359.65 1359.65 1359.65 1359.65 1359.65 1359.65 1359.65 1359.65 1359.65 1359.65 1359.65 1359.65 
1 1 1 1 1 1 1 1 1 1 1 1 1 1 1 1 1 1 1 1 1 1 1 1 
item 33
99.4255 127.474 91.3114 79.6016 28.0823 89.7616 52.2527 106.059 58.8718 85.6798 52.009 109.16 48.5065 96.314 87.994 104.073 61.4402 110.647 24.9398 106.438 44.9105 100.817 65.167 73.3771 
259.653 259.653 259.653 259.653 259.653 259.653 259.653 259.653 259.653 259.653 259.653 259.653 259.653 259.653 259.653 259.653 259.653 259.653 259.653 259.653 259.653 259.653 259.653 259.653 
1 1 1 1 1 1 1 1 1 1 1 1 1 1 1 1 1 1 1 1 1 1 1 1 
item 34
7.48594 95.2159 37.2069 88.8883 52.6369 126.267 53.3393 128.504 16.9474 44.5959 51.446 99.856 30.1854 94.2613 25.8596 87.9035 77.6982 157.017 41.3407 89.1249 53.7573 137.399 53.6146 136.692 
635.791 635.791 635.791 635.791 635.791 635.791 635.791 635.791 635.791 635.791 635.791 635.791 635.791 635.791 635.791 635.791 635.791 635.791 635.791 635.791 635.791 635.791 635.791 635.791 
1 1 1 1 1 1 1 1 1 1 1 1 1 1 1 1 1 1 1 1 1 1 1 1 
item 35
48.2027 102.595 51.939 89.657 68.0884 125.964 72.2411 110.147 87.3996 100.063 30.435 93.5933 96.6125 124.085 62.6577 51.7651 42.3232 143.87 16.8901 101.769 42.9101 75.9199 58.2516 73.6494 
259.333 259.333 259.333 259.333 259.333 259.333 259.333 259.333 259.333 259.333 259.333 259.333 259.333 259.333 259.333 259.333 259.333 259.333 259.333 259.333 259.333 259.333 259.333 259.333 
1 1 1 1 1 1 1 1 1 1 1 1 1 1 1 1 1 1 1 1 1 1 1 1 
item 36
45.5571 89.2108 68.3908 75.0526 49.9621 112.244 46.9862 132.498 68.6881 84.6181 34.0114 122.805 44.7639 94.0907 46.1993 111.552 46.994 103.865 42.8726 103.212 49.0936 71.38 62.286 93.256 
230.955 230.955 230.955 230.955 230.955 230.955 230.955 230.955 230.955 230.955 230.955 230.955 230.955 230.955 230.955 230.955 230.955 230.955 230.955 230.955 230.955 230.955 230.955 230.955 
1 1 1 1 1 1 1 1 1 1 1 1 1 1 1 1 1 1 1 1 1 1 1 1 
item 37
60.8041 132.686 41.6741 118.342 42.1017 106.304 48.6547 78.1992 49.0606 101.208 66.5239 102.654 29.3845 90.8695 24.4091 106.125 48.6366 92.6576 43.3581 94.8293 66.2361 115.886 56.0492 94.8637 
162.372 162.372 162.372 162.372 162.372 162.372 162.372 162.372 162.372 162.372 162.372 162.372 162.372 162.372 162.372 162.372 162.372 162.372 162.372 162.372 162.372 162.372 162.372 162.372 
1 1 1 1 1 1 1 1 1 1 1 1 1 1 1 1 1 1 1 1 1 1 1 1 
item 38
50.0717 77.9157 59.6884 68.5947 19.049 82.0883 68.237 89.1901 38.8438 92.0817 74.496 95.8827 36.0351 96.5313 35.2524 144.768 53.3542 124.515 68.855 71.5819 6.74974 122.181 30.4711 94.2327 
607.784 607.784 607.784 607.784 607.784 607.784 607.784 607.784 607.784 607.784 607.784 607.784 607.784 607.784 607.784 607.784 607.784 607.784 607.784 607.784 607.784 607.784 607.784 607.784 
1 1 1 1 1 1 1 1 1 1 1 1 1 1 1 1 1 1 1 1 1 1 1 1 
item 39
36.1343 110.228 53.8803 102.813 64.0572 123.77 51.5542 117.48 51.4623 76.3901 66.5157 108.661 65.0256 135.391 52.8102 119.663 45.6878 91.2888 70.9633 100.058 58.1839 85.2697 25.9198 107.245 
341.862 341.862 341.862 341.862 341.862 341.862 341.862 341.862 341.862 341.862 341.862 341.862 341.862 341.862 341.862 341.862 341.862 341.862 341.862 341.862 341.862 341.862 341.862 341.862 
1 1 1 1 1 1 1 1 1 1 1 1 1 1 1 1 1 1 1 1 1 1 1 1 
