48 10 
964.779 964.779 964.779 964.779 964.779 964.779 964.779 964.779 964.779 964.779 964.779 964.779 964.779 964.779 964.779 964.779 964.779 964.779 964.779 964.779 964.779 964.779 964.779 964.779 964.779 964.779 964.779 964.779 964.779 964.779 964.779 964.779 964.779 964.779 964.779 964.779 964.779 964.779 964.779 964.779 964.779 964.779 964.779 964.779 964.779 964.779 964.779 964.779 
item 0
50.7702 0 35.1318 95.1127 42.3096 82.167 0 82.4672 15.8663 117.28 45.1122 99.3827 0 0 0 133.229 0 0 50.7494 113.098 47.3655 108.031 1.13295 0 0 88.2312 0 102.034 0 70.1751 0 101.768 79.6722 0 59.3143 0 0 0 0 0 0 109.202 58.8221 0 35.5367 78.8956 0 89.4455 
728.984 728.984 728.984 728.984 728.984 728.984 728.984 728.984 728.984 728.984 728.984 728.984 728.984 728.984 728.984 728.984 728.984 728.984 728.984 728.984 728.984 728.984 728.984 728.984 728.984 728.984 728.984 728.984 728.984 728.984 728.984 728.984 728.984 728.984 728.984 728.984 728.984 728.984 728.984 728.984 728.984 728.984 728.984 728.984 728.984 728.984 728.984 728.984 
1 1 1 1 1 1 1 1 1 1 1 1 1 1 1 1 1 1 1 1 1 1 1 1 1 1 1 1 1 1 1 1 1 1 1 1 1 1 1 1 1 1 1 1 1 1 1 1 
item 1
53.2276 67.2664 0 118.693 69.6212 0 0 0 0 0 31.9371 48.0705 0 0 0 0 0 0 0 108.793 45.7845 0 0 0 0 108.624 0 96.2368 67.4972 114.518 35.682 144.192 0 0 21.6771 0 0 0 52.9635 81.777 64.4234 0 31.2934 0 0 82.3644 63.1947 0 
75.2055 75.2055 75.2055 75.2055 75.2055 75.2055 75.2055 75.2055 75.2055 75.2055 75.2055 75.2055 75.2055 75.2055 75.2055 75.2055 75.2055 75.2055 75.2055 75.2055 75.2055 75.2055 75.2055 75.2055 75.2055 75.2055 75.2055 75.2055 75.2055 75.2055 75.2055 75.2055 75.2055 75.2055 75.2055 75.2055 75.2055 75.2055 75.2055 75.2055 75.2055 75.2055 75.2055 75.2055 75.2055 75.2055 75.2055 75.2055 
1 1 1 1 1 1 1 1 1 1 1 1 1 1 1 1 1 1 1 1 1 1 1 1 1 1 1 1 1 1 1 1 1 1 1 1 1 1 1 1 1 1 1 1 1 1 1 1 
item 2
42.484 0 60.0565 114.798 0 111.382 0 110.317 0 0 0 0 17.0376 95.8543 0 127.527 39.26 93.2588 64.9951 0 0 0 41.4992 109.383 57.98 123.502 0 0 0 0 43.5116 122.453 0 0 0 78.1937 0 0 0 81.9946 40.1244 0 18.3419 0 80.4218 0 28.6916 0 
72.2427 72.2427 72.2427 72.2427 72.2427 72.2427 72.2427 72.2427 72.2427 72.2427 72.2427 72.2427 72.2427 72.2427 72.2427 72.2427 72.2427 72.2427 72.2427 72.2427 72.2427 72.2427 72.2427 72.2427 72.2427 72.2427 72.2427 72.2427 72.2427 72.2427 72.2427 72.2427 72.2427 72.2427 72.2427 72.2427 72.2427 72.2427 72.2427 72.2427 72.2427 72.2427 72.2427 72.2427 72.2427 72.2427 72.2427 72.2427 
1 1 1 1 1 1 1 1 1 1 1 1 1 1 1 1 1 1 1 1 1 1 1 1 1 1 1 1 1 1 1 1 1 1 1 1 1 1 1 1 1 1 1 1 1 1 1 1 
item 3
43.3458 130.038 60.543 117.758 18.2951 95.2503 0 68.0888 0 111.415 53.8279 0 56.8654 83.2183 58.7314 89.2278 42.937 0 0 0 0 92.3525 0 0 0 120.05 48.8327 0 0 0 69.6782 62.16 67.1682 0 57.5335 118.715 58.8519 99.2122 0 94.7112 0 110.413 0 98.5738 79.2656 128.796 37.5538 111.551 
306.12 306.12 306.12 306.12 306.12 306.12 306.12 306.12 306.12 306.12 306.12 306.12 306.12 306.12 306.12 306.12 306.12 306.12 306.12 306.12 306.12 306.12 306.12 306.12 306.12 306.12 306.12 306.12 306.12 306.12 306.12 306.12 306.12 306.12 306.12 306.12 306.12 306.12 306.12 306.12 306.12 306.12 306.12 306.12 306.12 306.12 306.12 306.12 
1 1 1 1 1 1 1 1 1 1 1 1 1 1 1 1 1 1 1 1 1 1 1 1 1 1 1 1 1 1 1 1 1 1 1 1 1 1 1 1 1 1 1 1 1 1 1 1 
item 4
50.4801 0 0 97.3808 85.909 0 0 0 0 0 42.9071 0 0 0 45.2261 0 76.3691 0 0 139.924 26.3542 0 34.0168 98.2398 0 105.288 46.8778 0 0 0 0 132.728 41.1895 0 0 64.2223 27.9538 112.697 43.9442 0 44.728 118.826 64.8047 0 0 143.278 0 103.666 
465.064 465.064 465.064 465.064 465.064 465.064 465.064 465.064 465.064 465.064 465.064 465.064 465.064 465.064 465.064 465.064 465.064 465.064 465.064 465.064 465.064 465.064 465.064 465.064 465.064 465.064 465.064 465.064 465.064 465.064 465.064 465.064 465.064 465.064 465.064 465.064 465.064 465.064 465.064 465.064 465.064 465.064 465.064 465.064 465.064 465.064 465.064 465.064 
1 1 1 1 1 1 1 1 1 1 1 1 1 1 1 1 1 1 1 1 1 1 1 1 1 1 1 1 1 1 1 1 1 1 1 1 1 1 1 1 1 1 1 1 1 1 1 1 
item 5
56.8293 0 0 0 0 118.204 0 92.5992 0 104.292 0 67.4801 0 105.606 59.4486 0 0 102.275 0 125.674 0 0 0 117.549 19.3384 0 0 0 42.0371 0 0 37.5828 0 0 78.9245 103.837 54.4718 0 0 0 0 0 0 0 45.9987 0 35.1721 76.9657 
260.041 260.041 260.041 260.041 260.041 260.041 260.041 260.041 260.041 260.041 260.041 260.041 260.041 260.041 260.041 260.041 260.041 260.041 260.041 260.041 260.041 260.041 260.041 260.041 260.041 260.041 260.041 260.041 260.041 260.041 260.041 260.041 260.041 260.041 260.041 260.041 260.041 260.041 260.041 260.041 260.041 260.041 260.041 260.041 260.041 260.041 260.041 260.041 
1 1 1 1 1 1 1 1 1 1 1 1 1 1 1 1 1 1 1 1 1 1 1 1 1 1 1 1 1 1 1 1 1 1 1 1 1 1 1 1 1 1 1 1 1 1 1 1 
item 6
64.5012 96.4692 52.1536 0 0 0 0 139.535 17.2365 87.91 0 98.8957 0 103.972 0 0 49.0668 78.6555 0 99.9172 0 113.815 0 0 0 71.3471 0 105.026 0 0 58.5324 0 43.0663 0 0 98.0976 0 0 0 0 55.0221 126.282 61.7659 0 59.8498 0 97.2936 122.457 
187.89 187.89 187.89 187.89 187.89 187.89 187.89 187.89 187.89 187.89 187.89 187.89 187.89 187.89 187.89 187.89 187.89 187.89 187.89 187.89 187.89 187.89 187.89 187.89 187.89 187.89 187.89 187.89 187.89 187.89 187.89 187.89 187.89 187.89 187.89 187.89 187.89 187.89 187.89 187.89 187.89 187.89 187.89 187.89 187.89 187.89 187.89 187.89 
1 1 1 1 1 1 1 1 1 1 1 1 1 1 1 1 1 1 1 1 1 1 1 1 1 1 1 1 1 1 1 1 1 1 1 1 1 1 1 1 1 1 1 1 1 1 1 1 
item 7
43.4232 109.327 0 0 47.3029 0 65.9534 144.414 0 0 0 0 65.0979 0 0 0 14.7053 83.9762 74.0996 0 0 0 0 117.557 70.185 0 57.8843 0 0 0 33.6553 0 46.9829 0 0 0 0 115.457 0 115.645 38.3865 101.938 0 99.4897 50.1731 103.793 78.4782 87.1969 
192.828 192.828 192.828 192.828 192.828 192.828 192.828 192.828 192.828 192.828 192.828 192.828 192.828 192.828 192.828 192.828 192.828 192.828 192.828 192.828 192.828 192.828 192.828 192.828 192.828 192.828 192.828 192.828 192.828 192.828 192.828 192.828 192.828 192.828 192.828 192.828 192.828 192.828 192.828 192.828 192.828 192.828 192.828 192.828 192.828 192.828 192.828 192.828 
1 1 1 1 1 1 1 1 1 1 1 1 1 1 1 1 1 1 1 1 1 1 1 1 1 1 1 1 1 1 1 1 1 1 1 1 1 1 1 1 1 1 1 1 1 1 1 1 
item 8
60.174 0 0 0 0 0 0 0 0 118.632 0 0 0 0 53.0764 0 0 0 64.047 107.019 53.8293 0 60.6125 0 0 0 31.5559 110.16 0 0 69.161 92.5707 0 111.466 0 98.867 0 120.336 11.3988 98.6901 0 0 0 0 0 105.897 36.5449 89.7966 
485.094 485.094 485.094 485.094 485.094 485.094 485.094 485.094 485.094 485.094 485.094 485.094 485.094 485.094 485.094 485.094 485.094 485.094 485.094 485.094 485.094 485.094 485.094 485.094 485.094 485.094 485.094 485.094 485.094 485.094 485.094 485.094 485.094 485.094 485.094 485.094 485.094 485.094 485.094 485.094 485.094 485.094 485.094 485.094 485.094 485.094 485.094 485.094 
1 1 1 1 1 1 1 1 1 1 1 1 1 1 1 1 1 1 1 1 1 1 1 1 1 1 1 1 1 1 1 1 1 1 1 1 1 1 1 1 1 1 1 1 1 1 1 1 
item 9
59.6143 118.171 14.0113 0 78.4575 0 0 0 53.4319 146.535 0 110.783 0.794465 0 0 96.6183 0 121.826 33.5095 0 53.4674 0 0 0 0 97.3599 0 0 0 0 0 0 39.8157 0 0 81.3727 0 101.333 0 115.53 0 92.3779 0 79.9871 67.3323 68.9396 0 0 
482.346 482.346 482.346 482.346 482.346 482.346 482.346 482.346 482.346 482.346 482.346 482.346 482.346 482.346 482.346 482.346 482.346 482.346 482.346 482.346 482.346 482.346 482.346 482.346 482.346 482.346 482.346 482.346 482.346 482.346 482.346 482.346 482.346 482.346 482.346 482.346 482.346 482.346 482.346 482.346 482.346 482.346 482.346 482.346 482.346 482.346 482.346 482.346 
1 1 1 1 1 1 1 1 1 1 1 1 1 1 1 1 1 1 1 1 1 1 1 1 1 1 1 1 1 1 1 1 1 1 1 1 1 1 1 1 1 1 1 1 1 1 1 1 
