24 20 
6613.63 6613.63 6613.63 6613.63 6613.63 6613.63 6613.63 6613.63 6613.63 6613.63 6613.63 6613.63 6613.63 6613.63 6613.63 6613.63 6613.63 6613.63 6613.63 6613.63 6613.63 6613.63 6613.63 6613.63 
item 0
42.1103 114.553 57.8634 72.7481 0 86.1882 22.4852 0 90.2896 131.499 0 0 0 0 6.63466 0 0 0 88.0727 114.234 87.0957 82.3773 51.7863 120.173 
277.367 277.367 277.367 277.367 277.367 277.367 277.367 277.367 277.367 277.367 277.367 277.367 277.367 277.367 277.367 277.367 277.367 277.367 277.367 277.367 277.367 277.367 277.367 277.367 
1 1 1 1 1 1 1 1 1 1 1 1 1 1 1 1 1 1 1 1 1 1 1 1 
item 1
74.885 0 0 101.602 65.7736 0 0 79.6175 54.9008 0 53.0763 0 53.9592 0 55.6019 0 57.2362 0 17.898 130.456 0 126.862 0 0 
192.281 192.281 192.281 192.281 192.281 192.281 192.281 192.281 192.281 192.281 192.281 192.281 192.281 192.281 192.281 192.281 192.281 192.281 192.281 192.281 192.281 192.281 192.281 192.281 
1 1 1 1 1 1 1 1 1 1 1 1 1 1 1 1 1 1 1 1 1 1 1 1 
item 2
38.7808 94.9203 0 0 0 0 0 102.404 0 0 61.6071 87.7519 2.96011 0 53.7956 128.634 0 0 76.8629 109.655 34.8713 100.165 0 76.0839 
436.722 436.722 436.722 436.722 436.722 436.722 436.722 436.722 436.722 436.722 436.722 436.722 436.722 436.722 436.722 436.722 436.722 436.722 436.722 436.722 436.722 436.722 436.722 436.722 
1 1 1 1 1 1 1 1 1 1 1 1 1 1 1 1 1 1 1 1 1 1 1 1 
item 3
71.0923 131.185 0 62.3532 0 0 69.8578 0 0 136.179 0 0 72.879 0 10.2224 72.3666 0 129.873 0 66.6913 0 88.9116 0 106.028 
478.915 478.915 478.915 478.915 478.915 478.915 478.915 478.915 478.915 478.915 478.915 478.915 478.915 478.915 478.915 478.915 478.915 478.915 478.915 478.915 478.915 478.915 478.915 478.915 
1 1 1 1 1 1 1 1 1 1 1 1 1 1 1 1 1 1 1 1 1 1 1 1 
item 4
53.5361 0 0 0 30.3505 100.691 0 60.3683 0 0 0 0 0 85.2086 0 0 0 0 0 0 22.5946 107.68 0 0 
159.927 159.927 159.927 159.927 159.927 159.927 159.927 159.927 159.927 159.927 159.927 159.927 159.927 159.927 159.927 159.927 159.927 159.927 159.927 159.927 159.927 159.927 159.927 159.927 
1 1 1 1 1 1 1 1 1 1 1 1 1 1 1 1 1 1 1 1 1 1 1 1 
item 5
48.7751 101.387 0 0 0 0 0 0 0 96.7065 83.0016 89.4977 0 99.7087 53.617 0 0 0 23.3632 0 0 0 0 46.4587 
73.2038 73.2038 73.2038 73.2038 73.2038 73.2038 73.2038 73.2038 73.2038 73.2038 73.2038 73.2038 73.2038 73.2038 73.2038 73.2038 73.2038 73.2038 73.2038 73.2038 73.2038 73.2038 73.2038 73.2038 
1 1 1 1 1 1 1 1 1 1 1 1 1 1 1 1 1 1 1 1 1 1 1 1 
item 6
32.9712 0 0 112.388 0 0 0 131.435 43.0161 0 0 0 0 96.4541 43.1463 101.948 52.352 0 46.1038 0 31.5702 125.265 0 0 
547.529 547.529 547.529 547.529 547.529 547.529 547.529 547.529 547.529 547.529 547.529 547.529 547.529 547.529 547.529 547.529 547.529 547.529 547.529 547.529 547.529 547.529 547.529 547.529 
1 1 1 1 1 1 1 1 1 1 1 1 1 1 1 1 1 1 1 1 1 1 1 1 
item 7
43.9663 0 0 0 0 104.332 0 0 0 0 54.8 113.982 0 0 0 96.5265 28.9287 0 59.2209 0 24.5787 0 27.4023 54.3267 
177.154 177.154 177.154 177.154 177.154 177.154 177.154 177.154 177.154 177.154 177.154 177.154 177.154 177.154 177.154 177.154 177.154 177.154 177.154 177.154 177.154 177.154 177.154 177.154 
1 1 1 1 1 1 1 1 1 1 1 1 1 1 1 1 1 1 1 1 1 1 1 1 
item 8
56.2028 0 0 0 63.7904 0 0 0 43.7882 100.314 34.6302 0 66.2787 114.869 0 94.4636 0 0 68.9939 0 0 0 35.797 75.6812 
290.905 290.905 290.905 290.905 290.905 290.905 290.905 290.905 290.905 290.905 290.905 290.905 290.905 290.905 290.905 290.905 290.905 290.905 290.905 290.905 290.905 290.905 290.905 290.905 
1 1 1 1 1 1 1 1 1 1 1 1 1 1 1 1 1 1 1 1 1 1 1 1 
item 9
43.5706 0 0 0 38.7868 107.357 24.6437 0 0 104.025 0 0 0 0 67.6973 0 0 0 0 0 0 101.325 0 0 
77.7308 77.7308 77.7308 77.7308 77.7308 77.7308 77.7308 77.7308 77.7308 77.7308 77.7308 77.7308 77.7308 77.7308 77.7308 77.7308 77.7308 77.7308 77.7308 77.7308 77.7308 77.7308 77.7308 77.7308 
1 1 1 1 1 1 1 1 1 1 1 1 1 1 1 1 1 1 1 1 1 1 1 1 
item 10
102.738 124.274 42.5215 93.2299 0 76.8435 74.9775 0 0 0 58.5756 0 0 129.114 0 103.135 61.2686 122.845 0 120.909 60.4349 0 49.658 75.363 
466.959 466.959 466.959 466.959 466.959 466.959 466.959 466.959 466.959 466.959 466.959 466.959 466.959 466.959 466.959 466.959 466.959 466.959 466.959 466.959 466.959 466.959 466.959 466.959 
1 1 1 1 1 1 1 1 1 1 1 1 1 1 1 1 1 1 1 1 1 1 1 1 
item 11
64.1603 0 0 105.35 56.8298 118.48 0 0 15.5799 113.897 0 137.092 0 0 0 0 0 0 0 130.467 60.1778 71.3774 0 110.332 
274.212 274.212 274.212 274.212 274.212 274.212 274.212 274.212 274.212 274.212 274.212 274.212 274.212 274.212 274.212 274.212 274.212 274.212 274.212 274.212 274.212 274.212 274.212 274.212 
1 1 1 1 1 1 1 1 1 1 1 1 1 1 1 1 1 1 1 1 1 1 1 1 
item 12
71.7489 91.5334 67.8138 0 0 0 65.0034 113.681 0 65.6921 64.4533 83.7679 72.787 0 44.3844 0 0 59.3628 0 98.3408 30.1422 124.369 37.5364 0 
442.508 442.508 442.508 442.508 442.508 442.508 442.508 442.508 442.508 442.508 442.508 442.508 442.508 442.508 442.508 442.508 442.508 442.508 442.508 442.508 442.508 442.508 442.508 442.508 
1 1 1 1 1 1 1 1 1 1 1 1 1 1 1 1 1 1 1 1 1 1 1 1 
item 13
36.2771 0 56.6859 0 0 133.25 63.6768 0 35.8781 139.043 31.3412 122.413 57.4556 0 91.8129 0 0 0 0 119.018 50.102 0 0 0 
624.095 624.095 624.095 624.095 624.095 624.095 624.095 624.095 624.095 624.095 624.095 624.095 624.095 624.095 624.095 624.095 624.095 624.095 624.095 624.095 624.095 624.095 624.095 624.095 
1 1 1 1 1 1 1 1 1 1 1 1 1 1 1 1 1 1 1 1 1 1 1 1 
item 14
29.6774 117.78 50.7518 84.7615 0 117.609 0 79.9013 0 0 71.4462 123.99 71.2614 127.575 0 104.93 0 0 10.1621 104.616 16.8956 110.613 0 132.076 
613.24 613.24 613.24 613.24 613.24 613.24 613.24 613.24 613.24 613.24 613.24 613.24 613.24 613.24 613.24 613.24 613.24 613.24 613.24 613.24 613.24 613.24 613.24 613.24 
1 1 1 1 1 1 1 1 1 1 1 1 1 1 1 1 1 1 1 1 1 1 1 1 
item 15
54.3462 0 0 0 38.6634 85.6967 0 0 56.2858 101.218 90.585 0 0 91.6897 0 0 0 0 42.7026 0 0 0 46.5742 95.5474 
323.801 323.801 323.801 323.801 323.801 323.801 323.801 323.801 323.801 323.801 323.801 323.801 323.801 323.801 323.801 323.801 323.801 323.801 323.801 323.801 323.801 323.801 323.801 323.801 
1 1 1 1 1 1 1 1 1 1 1 1 1 1 1 1 1 1 1 1 1 1 1 1 
item 16
35.4545 95.725 62.0878 107.08 0 0 69.428 0 0 99.8901 0 91.1098 0 0 69.6072 0 0 0 41.9427 100.361 23.1466 0 29.01 103.936 
327.401 327.401 327.401 327.401 327.401 327.401 327.401 327.401 327.401 327.401 327.401 327.401 327.401 327.401 327.401 327.401 327.401 327.401 327.401 327.401 327.401 327.401 327.401 327.401 
1 1 1 1 1 1 1 1 1 1 1 1 1 1 1 1 1 1 1 1 1 1 1 1 
item 17
67.3057 122.643 0 0 0 86.6105 0 121.856 0 154.848 0 92.4319 93.6719 140.93 0 104.859 0 85.1222 55.2247 121.516 0 123.421 0 0 
452.217 452.217 452.217 452.217 452.217 452.217 452.217 452.217 452.217 452.217 452.217 452.217 452.217 452.217 452.217 452.217 452.217 452.217 452.217 452.217 452.217 452.217 452.217 452.217 
1 1 1 1 1 1 1 1 1 1 1 1 1 1 1 1 1 1 1 1 1 1 1 1 
item 18
75.6996 0 0 71.0964 80.7043 0 0 79.5688 0 0 15.8686 0 0 0 62.3418 0 0 99.5604 0 0 34.5541 115.136 0 97.0389 
159.861 159.861 159.861 159.861 159.861 159.861 159.861 159.861 159.861 159.861 159.861 159.861 159.861 159.861 159.861 159.861 159.861 159.861 159.861 159.861 159.861 159.861 159.861 159.861 
1 1 1 1 1 1 1 1 1 1 1 1 1 1 1 1 1 1 1 1 1 1 1 1 
item 19
81.9998 118.131 50.9382 0 0 134.325 0 90.8716 38.55 0 85.1932 119.791 0 79.1584 72.4177 105.761 0 92.2102 49.9801 0 0 0 0 0 
363.402 363.402 363.402 363.402 363.402 363.402 363.402 363.402 363.402 363.402 363.402 363.402 363.402 363.402 363.402 363.402 363.402 363.402 363.402 363.402 363.402 363.402 363.402 363.402 
1 1 1 1 1 1 1 1 1 1 1 1 1 1 1 1 1 1 1 1 1 1 1 1 
