12 40 
-6.27744e+66 864.507 962.318 1050.68 1302.96 1623.83 2137.81 2303.08 3126.7 3487.91 4282.57 4404.87 5654.05 
-6.27744e+66 -6.27744e+66 864.507 908.688 1076.87 1317.53 1728.71 1866.44 2572.4 2888.45 3594.82 3704.89 4840.51 
-6.27744e+66 -6.27744e+66 -6.27744e+66 864.507 948.599 1109.04 1417.42 1527.61 2115.91 2386.81 3004.88 3102.72 4124.78 
-6.27744e+66 -6.27744e+66 -6.27744e+66 -6.27744e+66 864.507 944.726 1150.32 1232.95 1703.59 1929.35 2459.12 2544.74 3453.23 
-6.27744e+66 -6.27744e+66 -6.27744e+66 -6.27744e+66 -6.27744e+66 864.507 967.302 1022.4 1375.37 1555.98 1997.46 2070.84 2865.77 
-6.27744e+66 -6.27744e+66 -6.27744e+66 -6.27744e+66 -6.27744e+66 -6.27744e+66 864.507 892.054 1127.37 1262.83 1616.01 1677.16 2358.53 
-6.27744e+66 -6.27744e+66 -6.27744e+66 -6.27744e+66 -6.27744e+66 -6.27744e+66 -6.27744e+66 864.507 982.167 1072.47 1337.36 1386.28 1954.08 
-6.27744e+66 -6.27744e+66 -6.27744e+66 -6.27744e+66 -6.27744e+66 -6.27744e+66 -6.27744e+66 -6.27744e+66 864.507 909.658 1086.25 1122.94 1577.19 
-6.27744e+66 -6.27744e+66 -6.27744e+66 -6.27744e+66 -6.27744e+66 -6.27744e+66 -6.27744e+66 -6.27744e+66 -6.27744e+66 864.507 952.803 977.264 1317.95 
-6.27744e+66 -6.27744e+66 -6.27744e+66 -6.27744e+66 -6.27744e+66 -6.27744e+66 -6.27744e+66 -6.27744e+66 -6.27744e+66 -6.27744e+66 864.507 876.738 1103.86 
-6.27744e+66 -6.27744e+66 -6.27744e+66 -6.27744e+66 -6.27744e+66 -6.27744e+66 -6.27744e+66 -6.27744e+66 -6.27744e+66 -6.27744e+66 -6.27744e+66 864.507 978.069 
-6.27744e+66 -6.27744e+66 -6.27744e+66 -6.27744e+66 -6.27744e+66 -6.27744e+66 -6.27744e+66 -6.27744e+66 -6.27744e+66 -6.27744e+66 -6.27744e+66 -6.27744e+66 864.507 
-6.27744e+66 -6.27744e+66 -6.27744e+66 -6.27744e+66 -6.27744e+66 -6.27744e+66 -6.27744e+66 -6.27744e+66 -6.27744e+66 -6.27744e+66 -6.27744e+66 -6.27744e+66 -6.27744e+66 
-6.27744e+66 436.323 512.117 618.05 876.315 947.435 1453.61 1587.97 2299.66 2628.55 3616.32 3962.23 5323.72 
-6.27744e+66 -6.27744e+66 436.323 489.289 661.466 714.806 1119.74 1231.71 1841.73 2129.51 3007.53 3318.85 4556.57 
-6.27744e+66 -6.27744e+66 -6.27744e+66 436.323 522.411 557.971 861.673 951.25 1459.6 1706.27 2474.53 2751.26 3865.21 
-6.27744e+66 -6.27744e+66 -6.27744e+66 -6.27744e+66 436.323 454.103 656.571 723.754 1130.43 1335.99 1994.5 2236.64 3226.82 
-6.27744e+66 -6.27744e+66 -6.27744e+66 -6.27744e+66 -6.27744e+66 436.323 537.557 582.345 887.355 1051.8 1600.56 1808.11 2674.51 
-6.27744e+66 -6.27744e+66 -6.27744e+66 -6.27744e+66 -6.27744e+66 -6.27744e+66 436.323 458.717 662.057 785.392 1224.4 1397.35 2139.99 
-6.27744e+66 -6.27744e+66 -6.27744e+66 -6.27744e+66 -6.27744e+66 -6.27744e+66 -6.27744e+66 436.323 537.992 620.216 949.472 1087.84 1706.7 
-6.27744e+66 -6.27744e+66 -6.27744e+66 -6.27744e+66 -6.27744e+66 -6.27744e+66 -6.27744e+66 -6.27744e+66 436.323 477.434 696.938 800.711 1295.8 
-6.27744e+66 -6.27744e+66 -6.27744e+66 -6.27744e+66 -6.27744e+66 -6.27744e+66 -6.27744e+66 -6.27744e+66 -6.27744e+66 436.323 546.075 615.256 986.573 
-6.27744e+66 -6.27744e+66 -6.27744e+66 -6.27744e+66 -6.27744e+66 -6.27744e+66 -6.27744e+66 -6.27744e+66 -6.27744e+66 -6.27744e+66 436.323 470.914 718.458 
-6.27744e+66 -6.27744e+66 -6.27744e+66 -6.27744e+66 -6.27744e+66 -6.27744e+66 -6.27744e+66 -6.27744e+66 -6.27744e+66 -6.27744e+66 -6.27744e+66 436.323 560.095 
-6.27744e+66 -6.27744e+66 -6.27744e+66 -6.27744e+66 -6.27744e+66 -6.27744e+66 -6.27744e+66 -6.27744e+66 -6.27744e+66 -6.27744e+66 -6.27744e+66 -6.27744e+66 436.323 
-6.27744e+66 -6.27744e+66 -6.27744e+66 -6.27744e+66 -6.27744e+66 -6.27744e+66 -6.27744e+66 -6.27744e+66 -6.27744e+66 -6.27744e+66 -6.27744e+66 -6.27744e+66 -6.27744e+66 
-6.27744e+66 1158.19 1290.63 1388.95 1699.03 1882.81 2259.19 2622.53 3516.9 3787.61 4661.08 5382.19 6507.75 
-6.27744e+66 -6.27744e+66 1158.19 1207.35 1414.07 1551.91 1853.01 2155.79 2922.39 3159.27 3935.69 4584.69 5607.92 
-6.27744e+66 -6.27744e+66 -6.27744e+66 1158.19 1261.55 1353.44 1579.27 1821.49 2460.33 2663.36 3342.73 3919.62 4840.53 
-6.27744e+66 -6.27744e+66 -6.27744e+66 -6.27744e+66 1158.19 1204.14 1354.69 1536.36 2047.43 2216.62 2798.93 3303.71 4122.3 
-6.27744e+66 -6.27744e+66 -6.27744e+66 -6.27744e+66 -6.27744e+66 1158.19 1233.47 1354.58 1737.88 1873.24 2358.5 2791.17 3507.43 
-6.27744e+66 -6.27744e+66 -6.27744e+66 -6.27744e+66 -6.27744e+66 -6.27744e+66 1158.19 1218.75 1474.28 1575.8 1964.01 2324.56 2938.5 
-6.27744e+66 -6.27744e+66 -6.27744e+66 -6.27744e+66 -6.27744e+66 -6.27744e+66 -6.27744e+66 1158.19 1285.96 1353.64 1644.79 1933.24 2444.85 
-6.27744e+66 -6.27744e+66 -6.27744e+66 -6.27744e+66 -6.27744e+66 -6.27744e+66 -6.27744e+66 -6.27744e+66 1158.19 1192.03 1386.13 1602.47 2011.76 
-6.27744e+66 -6.27744e+66 -6.27744e+66 -6.27744e+66 -6.27744e+66 -6.27744e+66 -6.27744e+66 -6.27744e+66 -6.27744e+66 1158.19 1255.24 1399.47 1706.43 
-6.27744e+66 -6.27744e+66 -6.27744e+66 -6.27744e+66 -6.27744e+66 -6.27744e+66 -6.27744e+66 -6.27744e+66 -6.27744e+66 -6.27744e+66 1158.19 1230.3 1434.95 
-6.27744e+66 -6.27744e+66 -6.27744e+66 -6.27744e+66 -6.27744e+66 -6.27744e+66 -6.27744e+66 -6.27744e+66 -6.27744e+66 -6.27744e+66 -6.27744e+66 1158.19 1260.51 
-6.27744e+66 -6.27744e+66 -6.27744e+66 -6.27744e+66 -6.27744e+66 -6.27744e+66 -6.27744e+66 -6.27744e+66 -6.27744e+66 -6.27744e+66 -6.27744e+66 -6.27744e+66 1158.19 
-6.27744e+66 -6.27744e+66 -6.27744e+66 -6.27744e+66 -6.27744e+66 -6.27744e+66 -6.27744e+66 -6.27744e+66 -6.27744e+66 -6.27744e+66 -6.27744e+66 -6.27744e+66 -6.27744e+66 
-6.27744e+66 1257.41 1365.33 1485.43 1725.26 2041.63 2732.8 2954.6 3701.07 4118.18 4949 5591.38 6860.67 
-6.27744e+66 -6.27744e+66 1257.41 1317.46 1477.35 1714.62 2267.56 2452.39 3092.22 3457.19 4195.7 4773.84 5927.74 
-6.27744e+66 -6.27744e+66 -6.27744e+66 1257.41 1337.35 1495.53 1910.24 2058.1 2591.3 2904.13 3550.32 4064.23 5102.73 
-6.27744e+66 -6.27744e+66 -6.27744e+66 -6.27744e+66 1257.41 1336.5 1612.97 1723.87 2150.42 2411.12 2965 3414.66 4337.78 
-6.27744e+66 -6.27744e+66 -6.27744e+66 -6.27744e+66 -6.27744e+66 1257.41 1395.64 1469.58 1789.49 1998.05 2459.61 2845.04 3652.77 
-6.27744e+66 -6.27744e+66 -6.27744e+66 -6.27744e+66 -6.27744e+66 -6.27744e+66 1257.41 1294.37 1507.65 1664.07 2033.32 2354.51 3046.85 
-6.27744e+66 -6.27744e+66 -6.27744e+66 -6.27744e+66 -6.27744e+66 -6.27744e+66 -6.27744e+66 1257.41 1364.05 1468.32 1745.27 2002.22 2579.17 
-6.27744e+66 -6.27744e+66 -6.27744e+66 -6.27744e+66 -6.27744e+66 -6.27744e+66 -6.27744e+66 -6.27744e+66 1257.41 1309.55 1494.17 1686.89 2148.45 
-6.27744e+66 -6.27744e+66 -6.27744e+66 -6.27744e+66 -6.27744e+66 -6.27744e+66 -6.27744e+66 -6.27744e+66 -6.27744e+66 1257.41 1349.72 1478.2 1824.37 
-6.27744e+66 -6.27744e+66 -6.27744e+66 -6.27744e+66 -6.27744e+66 -6.27744e+66 -6.27744e+66 -6.27744e+66 -6.27744e+66 -6.27744e+66 1257.41 1321.65 1552.43 
-6.27744e+66 -6.27744e+66 -6.27744e+66 -6.27744e+66 -6.27744e+66 -6.27744e+66 -6.27744e+66 -6.27744e+66 -6.27744e+66 -6.27744e+66 -6.27744e+66 1257.41 1372.8 
-6.27744e+66 -6.27744e+66 -6.27744e+66 -6.27744e+66 -6.27744e+66 -6.27744e+66 -6.27744e+66 -6.27744e+66 -6.27744e+66 -6.27744e+66 -6.27744e+66 -6.27744e+66 1257.41 
-6.27744e+66 -6.27744e+66 -6.27744e+66 -6.27744e+66 -6.27744e+66 -6.27744e+66 -6.27744e+66 -6.27744e+66 -6.27744e+66 -6.27744e+66 -6.27744e+66 -6.27744e+66 -6.27744e+66 
-6.27744e+66 1106.92 1201.59 1283.55 1579.11 1751.94 2361.07 2656.54 3151.42 3851.35 4579.96 4932.12 6206.97 
-6.27744e+66 -6.27744e+66 1106.92 1147.9 1344.94 1474.56 1961.87 2208.09 2632.27 3244.72 3892.37 4209.32 5368.26 
-6.27744e+66 -6.27744e+66 -6.27744e+66 1106.92 1205.44 1291.86 1657.34 1854.31 2207.8 2732.75 3299.45 3581.18 4624.23 
-6.27744e+66 -6.27744e+66 -6.27744e+66 -6.27744e+66 1106.92 1150.13 1393.78 1541.52 1824.31 2261.77 2747.5 2994.02 3921.18 
-6.27744e+66 -6.27744e+66 -6.27744e+66 -6.27744e+66 -6.27744e+66 1106.92 1228.75 1327.24 1539.33 1889.3 2294.08 2505.38 3316.64 
-6.27744e+66 -6.27744e+66 -6.27744e+66 -6.27744e+66 -6.27744e+66 -6.27744e+66 1106.92 1156.17 1297.56 1560.04 1883.86 2059.95 2755.31 
-6.27744e+66 -6.27744e+66 -6.27744e+66 -6.27744e+66 -6.27744e+66 -6.27744e+66 -6.27744e+66 1106.92 1177.62 1352.6 1595.47 1736.34 2315.81 
-6.27744e+66 -6.27744e+66 -6.27744e+66 -6.27744e+66 -6.27744e+66 -6.27744e+66 -6.27744e+66 -6.27744e+66 1106.92 1194.42 1356.33 1461.98 1925.56 
-6.27744e+66 -6.27744e+66 -6.27744e+66 -6.27744e+66 -6.27744e+66 -6.27744e+66 -6.27744e+66 -6.27744e+66 -6.27744e+66 1106.92 1187.88 1258.31 1606 
-6.27744e+66 -6.27744e+66 -6.27744e+66 -6.27744e+66 -6.27744e+66 -6.27744e+66 -6.27744e+66 -6.27744e+66 -6.27744e+66 -6.27744e+66 1106.92 1142.14 1373.93 
-6.27744e+66 -6.27744e+66 -6.27744e+66 -6.27744e+66 -6.27744e+66 -6.27744e+66 -6.27744e+66 -6.27744e+66 -6.27744e+66 -6.27744e+66 -6.27744e+66 1106.92 1222.82 
-6.27744e+66 -6.27744e+66 -6.27744e+66 -6.27744e+66 -6.27744e+66 -6.27744e+66 -6.27744e+66 -6.27744e+66 -6.27744e+66 -6.27744e+66 -6.27744e+66 -6.27744e+66 1106.92 
-6.27744e+66 -6.27744e+66 -6.27744e+66 -6.27744e+66 -6.27744e+66 -6.27744e+66 -6.27744e+66 -6.27744e+66 -6.27744e+66 -6.27744e+66 -6.27744e+66 -6.27744e+66 -6.27744e+66 
-6.27744e+66 1142.22 1240.06 1370.05 1724.28 2030.27 2623.27 3092.8 3933.94 4156.85 5246.22 5700.49 6496.18 
-6.27744e+66 -6.27744e+66 1142.22 1207.21 1443.37 1672.86 2147.26 2538.54 3259.51 3454.56 4422.88 4831.73 5555.09 
-6.27744e+66 -6.27744e+66 -6.27744e+66 1142.22 1260.3 1413.29 1769.09 2082.11 2682.92 2850.11 3697.39 4060.81 4711.83 
-6.27744e+66 -6.27744e+66 -6.27744e+66 -6.27744e+66 1142.22 1218.71 1455.91 1690.68 2171.33 2310.65 3036.89 3354.89 3933.57 
-6.27744e+66 -6.27744e+66 -6.27744e+66 -6.27744e+66 -6.27744e+66 1142.22 1260.82 1417.33 1777.81 1889.27 2494.47 2767.04 3273.39 
-6.27744e+66 -6.27744e+66 -6.27744e+66 -6.27744e+66 -6.27744e+66 -6.27744e+66 1142.22 1220.47 1460.8 1544.39 2028.55 2255.69 2689.7 
-6.27744e+66 -6.27744e+66 -6.27744e+66 -6.27744e+66 -6.27744e+66 -6.27744e+66 -6.27744e+66 1142.22 1262.38 1318.11 1681.23 1862.94 2224.62 
-6.27744e+66 -6.27744e+66 -6.27744e+66 -6.27744e+66 -6.27744e+66 -6.27744e+66 -6.27744e+66 -6.27744e+66 1142.22 1170.08 1412.16 1548.44 1837.79 
-6.27744e+66 -6.27744e+66 -6.27744e+66 -6.27744e+66 -6.27744e+66 -6.27744e+66 -6.27744e+66 -6.27744e+66 -6.27744e+66 1142.22 1263.26 1354.11 1571.12 
-6.27744e+66 -6.27744e+66 -6.27744e+66 -6.27744e+66 -6.27744e+66 -6.27744e+66 -6.27744e+66 -6.27744e+66 -6.27744e+66 -6.27744e+66 1142.22 1187.64 1332.31 
-6.27744e+66 -6.27744e+66 -6.27744e+66 -6.27744e+66 -6.27744e+66 -6.27744e+66 -6.27744e+66 -6.27744e+66 -6.27744e+66 -6.27744e+66 -6.27744e+66 1142.22 1214.55 
-6.27744e+66 -6.27744e+66 -6.27744e+66 -6.27744e+66 -6.27744e+66 -6.27744e+66 -6.27744e+66 -6.27744e+66 -6.27744e+66 -6.27744e+66 -6.27744e+66 -6.27744e+66 1142.22 
-6.27744e+66 -6.27744e+66 -6.27744e+66 -6.27744e+66 -6.27744e+66 -6.27744e+66 -6.27744e+66 -6.27744e+66 -6.27744e+66 -6.27744e+66 -6.27744e+66 -6.27744e+66 -6.27744e+66 
-6.27744e+66 1107.12 1210.71 1311.37 1543.19 1676.33 2269.03 2379.22 3113.16 3417.88 4112.67 4746.44 6097.71 
-6.27744e+66 -6.27744e+66 1107.12 1157.46 1312 1411.86 1886.01 1977.84 2606.93 2873.57 3491.15 4061.55 5289.97 
-6.27744e+66 -6.27744e+66 -6.27744e+66 1107.12 1184.39 1250.97 1606.59 1680.05 2204.29 2432.83 2973.22 3480.24 4585.82 
-6.27744e+66 -6.27744e+66 -6.27744e+66 -6.27744e+66 1107.12 1140.41 1377.49 1432.59 1851.98 2042.43 2505.62 2949.26 3932 
-6.27744e+66 -6.27744e+66 -6.27744e+66 -6.27744e+66 -6.27744e+66 1107.12 1225.66 1262.39 1576.94 1729.3 2115.29 2495.56 3355.45 
-6.27744e+66 -6.27744e+66 -6.27744e+66 -6.27744e+66 -6.27744e+66 -6.27744e+66 1107.12 1125.49 1335.19 1449.46 1758.25 2075.14 2812.19 
-6.27744e+66 -6.27744e+66 -6.27744e+66 -6.27744e+66 -6.27744e+66 -6.27744e+66 -6.27744e+66 1107.12 1211.97 1288.15 1519.75 1773.26 2387.47 
-6.27744e+66 -6.27744e+66 -6.27744e+66 -6.27744e+66 -6.27744e+66 -6.27744e+66 -6.27744e+66 -6.27744e+66 1107.12 1145.21 1299.61 1489.74 1981.11 
-6.27744e+66 -6.27744e+66 -6.27744e+66 -6.27744e+66 -6.27744e+66 -6.27744e+66 -6.27744e+66 -6.27744e+66 -6.27744e+66 1107.12 1184.32 1311.08 1679.6 
-6.27744e+66 -6.27744e+66 -6.27744e+66 -6.27744e+66 -6.27744e+66 -6.27744e+66 -6.27744e+66 -6.27744e+66 -6.27744e+66 -6.27744e+66 1107.12 1170.5 1416.19 
-6.27744e+66 -6.27744e+66 -6.27744e+66 -6.27744e+66 -6.27744e+66 -6.27744e+66 -6.27744e+66 -6.27744e+66 -6.27744e+66 -6.27744e+66 -6.27744e+66 1107.12 1229.97 
-6.27744e+66 -6.27744e+66 -6.27744e+66 -6.27744e+66 -6.27744e+66 -6.27744e+66 -6.27744e+66 -6.27744e+66 -6.27744e+66 -6.27744e+66 -6.27744e+66 -6.27744e+66 1107.12 
-6.27744e+66 -6.27744e+66 -6.27744e+66 -6.27744e+66 -6.27744e+66 -6.27744e+66 -6.27744e+66 -6.27744e+66 -6.27744e+66 -6.27744e+66 -6.27744e+66 -6.27744e+66 -6.27744e+66 
-6.27744e+66 388.125 508.309 665.959 917.071 1022.48 1549.71 1940.2 2858.78 3005.36 3849.97 4347.4 5495.91 
-6.27744e+66 -6.27744e+66 388.125 466.95 634.358 713.415 1135.2 1460.61 2247.96 2376.22 3126.98 3574.67 4618.77 
-6.27744e+66 -6.27744e+66 -6.27744e+66 388.125 471.829 524.534 840.872 1101.2 1757.33 1867.26 2524.18 2922.13 3861.81 
-6.27744e+66 -6.27744e+66 -6.27744e+66 -6.27744e+66 388.125 414.478 625.369 820.617 1345.52 1437.13 2000.2 2348.41 3183.68 
-6.27744e+66 -6.27744e+66 -6.27744e+66 -6.27744e+66 -6.27744e+66 388.125 493.571 623.736 1017.41 1090.7 1559.93 1858.39 2589.25 
-6.27744e+66 -6.27744e+66 -6.27744e+66 -6.27744e+66 -6.27744e+66 -6.27744e+66 388.125 453.208 715.658 770.625 1146.01 1394.72 2021.18 
-6.27744e+66 -6.27744e+66 -6.27744e+66 -6.27744e+66 -6.27744e+66 -6.27744e+66 -6.27744e+66 388.125 519.35 555.995 837.531 1036.5 1558.55 
-6.27744e+66 -6.27744e+66 -6.27744e+66 -6.27744e+66 -6.27744e+66 -6.27744e+66 -6.27744e+66 -6.27744e+66 388.125 406.448 594.138 743.369 1161.01 
-6.27744e+66 -6.27744e+66 -6.27744e+66 -6.27744e+66 -6.27744e+66 -6.27744e+66 -6.27744e+66 -6.27744e+66 -6.27744e+66 388.125 481.971 581.457 894.686 
-6.27744e+66 -6.27744e+66 -6.27744e+66 -6.27744e+66 -6.27744e+66 -6.27744e+66 -6.27744e+66 -6.27744e+66 -6.27744e+66 -6.27744e+66 388.125 437.868 646.687 
-6.27744e+66 -6.27744e+66 -6.27744e+66 -6.27744e+66 -6.27744e+66 -6.27744e+66 -6.27744e+66 -6.27744e+66 -6.27744e+66 -6.27744e+66 -6.27744e+66 388.125 492.535 
-6.27744e+66 -6.27744e+66 -6.27744e+66 -6.27744e+66 -6.27744e+66 -6.27744e+66 -6.27744e+66 -6.27744e+66 -6.27744e+66 -6.27744e+66 -6.27744e+66 -6.27744e+66 388.125 
-6.27744e+66 -6.27744e+66 -6.27744e+66 -6.27744e+66 -6.27744e+66 -6.27744e+66 -6.27744e+66 -6.27744e+66 -6.27744e+66 -6.27744e+66 -6.27744e+66 -6.27744e+66 -6.27744e+66 
-6.27744e+66 928.814 1001.48 1092.77 1280.46 1570.02 2060.79 2354.5 2801.42 3421.59 4150.4 4778.98 5564.76 
-6.27744e+66 -6.27744e+66 928.814 974.459 1099.59 1316.76 1709.37 1954.13 2337.21 2879.85 3527.69 4093.41 4807.76 
-6.27744e+66 -6.27744e+66 -6.27744e+66 928.814 991.38 1136.16 1430.62 1626.43 1945.66 2410.78 2977.64 3480.5 4123.41 
-6.27744e+66 -6.27744e+66 -6.27744e+66 -6.27744e+66 928.814 1001.2 1197.51 1344.37 1599.75 1987.35 2473.23 2913.24 3484.71 
-6.27744e+66 -6.27744e+66 -6.27744e+66 -6.27744e+66 -6.27744e+66 928.814 1026.97 1124.87 1316.41 1626.49 2031.39 2408.54 2908.58 
-6.27744e+66 -6.27744e+66 -6.27744e+66 -6.27744e+66 -6.27744e+66 -6.27744e+66 928.814 977.766 1105.46 1338.02 1661.94 1976.23 2404.84 
-6.27744e+66 -6.27744e+66 -6.27744e+66 -6.27744e+66 -6.27744e+66 -6.27744e+66 -6.27744e+66 928.814 992.661 1147.7 1390.64 1642.07 1999.24 
-6.27744e+66 -6.27744e+66 -6.27744e+66 -6.27744e+66 -6.27744e+66 -6.27744e+66 -6.27744e+66 -6.27744e+66 928.814 1006.33 1168.29 1356.87 1642.61 
-6.27744e+66 -6.27744e+66 -6.27744e+66 -6.27744e+66 -6.27744e+66 -6.27744e+66 -6.27744e+66 -6.27744e+66 -6.27744e+66 928.814 1009.79 1135.51 1349.81 
-6.27744e+66 -6.27744e+66 -6.27744e+66 -6.27744e+66 -6.27744e+66 -6.27744e+66 -6.27744e+66 -6.27744e+66 -6.27744e+66 -6.27744e+66 928.814 991.672 1134.54 
-6.27744e+66 -6.27744e+66 -6.27744e+66 -6.27744e+66 -6.27744e+66 -6.27744e+66 -6.27744e+66 -6.27744e+66 -6.27744e+66 -6.27744e+66 -6.27744e+66 928.814 1000.25 
-6.27744e+66 -6.27744e+66 -6.27744e+66 -6.27744e+66 -6.27744e+66 -6.27744e+66 -6.27744e+66 -6.27744e+66 -6.27744e+66 -6.27744e+66 -6.27744e+66 -6.27744e+66 928.814 
-6.27744e+66 -6.27744e+66 -6.27744e+66 -6.27744e+66 -6.27744e+66 -6.27744e+66 -6.27744e+66 -6.27744e+66 -6.27744e+66 -6.27744e+66 -6.27744e+66 -6.27744e+66 -6.27744e+66 
-6.27744e+66 1278.44 1401.2 1572.48 1958.29 2104.11 2737.43 3022.64 3557.56 3873.94 4672 4797.58 5712.65 
-6.27744e+66 -6.27744e+66 1278.44 1364.08 1621.29 1730.65 2237.31 2474.98 2933.48 3210.32 3919.7 4032.73 4864.61 
-6.27744e+66 -6.27744e+66 -6.27744e+66 1278.44 1407.04 1479.95 1859.94 2050.08 2432.17 2669.45 3290.17 3390.63 4139.33 
-6.27744e+66 -6.27744e+66 -6.27744e+66 -6.27744e+66 1278.44 1314.89 1568.22 1710.82 2016.49 2214.23 2746.27 2834.18 3499.68 
-6.27744e+66 -6.27744e+66 -6.27744e+66 -6.27744e+66 -6.27744e+66 1278.44 1405.1 1500.17 1729.42 1887.61 2330.98 2406.33 2988.65 
-6.27744e+66 -6.27744e+66 -6.27744e+66 -6.27744e+66 -6.27744e+66 -6.27744e+66 1278.44 1325.97 1478.81 1597.45 1952.14 2014.93 2514.06 
-6.27744e+66 -6.27744e+66 -6.27744e+66 -6.27744e+66 -6.27744e+66 -6.27744e+66 -6.27744e+66 1278.44 1354.86 1433.95 1699.97 1750.2 2166.15 
-6.27744e+66 -6.27744e+66 -6.27744e+66 -6.27744e+66 -6.27744e+66 -6.27744e+66 -6.27744e+66 -6.27744e+66 1278.44 1317.99 1495.33 1533.01 1865.76 
-6.27744e+66 -6.27744e+66 -6.27744e+66 -6.27744e+66 -6.27744e+66 -6.27744e+66 -6.27744e+66 -6.27744e+66 -6.27744e+66 1278.44 1367.11 1392.23 1641.79 
-6.27744e+66 -6.27744e+66 -6.27744e+66 -6.27744e+66 -6.27744e+66 -6.27744e+66 -6.27744e+66 -6.27744e+66 -6.27744e+66 -6.27744e+66 1278.44 1291 1457.37 
-6.27744e+66 -6.27744e+66 -6.27744e+66 -6.27744e+66 -6.27744e+66 -6.27744e+66 -6.27744e+66 -6.27744e+66 -6.27744e+66 -6.27744e+66 -6.27744e+66 1278.44 1361.63 
-6.27744e+66 -6.27744e+66 -6.27744e+66 -6.27744e+66 -6.27744e+66 -6.27744e+66 -6.27744e+66 -6.27744e+66 -6.27744e+66 -6.27744e+66 -6.27744e+66 -6.27744e+66 1278.44 
-6.27744e+66 -6.27744e+66 -6.27744e+66 -6.27744e+66 -6.27744e+66 -6.27744e+66 -6.27744e+66 -6.27744e+66 -6.27744e+66 -6.27744e+66 -6.27744e+66 -6.27744e+66 -6.27744e+66 
-6.27744e+66 550.312 628.864 737.075 1014.11 1142.08 1498.08 1515.9 1962.04 2485.66 3403.43 3730.51 5173.32 
-6.27744e+66 -6.27744e+66 550.312 604.418 789.107 885.088 1169.89 1184.73 1567.14 2025.31 2841.11 3135.47 4447.12 
-6.27744e+66 -6.27744e+66 -6.27744e+66 550.312 642.656 706.644 920.245 932.119 1250.79 1643.51 2357.33 2618.99 3799.48 
-6.27744e+66 -6.27744e+66 -6.27744e+66 -6.27744e+66 550.312 582.306 724.706 733.612 988.549 1315.82 1927.66 2156.61 3205.93 
-6.27744e+66 -6.27744e+66 -6.27744e+66 -6.27744e+66 -6.27744e+66 550.312 621.512 627.45 818.652 1080.47 1590.34 1786.58 2704.74 
-6.27744e+66 -6.27744e+66 -6.27744e+66 -6.27744e+66 -6.27744e+66 -6.27744e+66 550.312 553.281 680.749 877.109 1285.01 1448.54 2235.53 
-6.27744e+66 -6.27744e+66 -6.27744e+66 -6.27744e+66 -6.27744e+66 -6.27744e+66 -6.27744e+66 550.312 614.046 744.953 1050.88 1181.71 1837.53 
-6.27744e+66 -6.27744e+66 -6.27744e+66 -6.27744e+66 -6.27744e+66 -6.27744e+66 -6.27744e+66 -6.27744e+66 550.312 615.765 819.715 917.837 1442.5 
-6.27744e+66 -6.27744e+66 -6.27744e+66 -6.27744e+66 -6.27744e+66 -6.27744e+66 -6.27744e+66 -6.27744e+66 -6.27744e+66 550.312 652.287 717.701 1111.2 
-6.27744e+66 -6.27744e+66 -6.27744e+66 -6.27744e+66 -6.27744e+66 -6.27744e+66 -6.27744e+66 -6.27744e+66 -6.27744e+66 -6.27744e+66 550.312 583.019 845.349 
-6.27744e+66 -6.27744e+66 -6.27744e+66 -6.27744e+66 -6.27744e+66 -6.27744e+66 -6.27744e+66 -6.27744e+66 -6.27744e+66 -6.27744e+66 -6.27744e+66 550.312 681.477 
-6.27744e+66 -6.27744e+66 -6.27744e+66 -6.27744e+66 -6.27744e+66 -6.27744e+66 -6.27744e+66 -6.27744e+66 -6.27744e+66 -6.27744e+66 -6.27744e+66 -6.27744e+66 550.312 
-6.27744e+66 -6.27744e+66 -6.27744e+66 -6.27744e+66 -6.27744e+66 -6.27744e+66 -6.27744e+66 -6.27744e+66 -6.27744e+66 -6.27744e+66 -6.27744e+66 -6.27744e+66 -6.27744e+66 
-6.27744e+66 659.289 788.861 788.861 1125.19 1263.01 1861.86 2282.96 2843.82 3087.18 3751.53 4367.65 5835.4 
-6.27744e+66 -6.27744e+66 659.289 659.289 883.509 986.871 1465.95 1816.87 2297.61 2510.55 3101.08 3655.59 4989.9 
-6.27744e+66 -6.27744e+66 -6.27744e+66 659.289 771.399 840.307 1199.62 1480.35 1880.97 2063.49 2580.2 3073.1 4273.98 
-6.27744e+66 -6.27744e+66 -6.27744e+66 -6.27744e+66 659.289 693.743 933.284 1143.83 1464.33 1616.43 2059.32 2490.61 3558.06 
-6.27744e+66 -6.27744e+66 -6.27744e+66 -6.27744e+66 -6.27744e+66 659.289 779.059 919.426 1159.8 1281.48 1650.56 2020.23 2954.25 
-6.27744e+66 -6.27744e+66 -6.27744e+66 -6.27744e+66 -6.27744e+66 -6.27744e+66 659.289 729.472 889.719 980.98 1276.24 1584.31 2384.89 
-6.27744e+66 -6.27744e+66 -6.27744e+66 -6.27744e+66 -6.27744e+66 -6.27744e+66 -6.27744e+66 659.289 739.412 800.253 1021.7 1268.15 1935.31 
-6.27744e+66 -6.27744e+66 -6.27744e+66 -6.27744e+66 -6.27744e+66 -6.27744e+66 -6.27744e+66 -6.27744e+66 659.289 689.709 837.341 1022.18 1555.9 
-6.27744e+66 -6.27744e+66 -6.27744e+66 -6.27744e+66 -6.27744e+66 -6.27744e+66 -6.27744e+66 -6.27744e+66 -6.27744e+66 659.289 733.105 856.33 1256.62 
-6.27744e+66 -6.27744e+66 -6.27744e+66 -6.27744e+66 -6.27744e+66 -6.27744e+66 -6.27744e+66 -6.27744e+66 -6.27744e+66 -6.27744e+66 659.289 720.902 987.764 
-6.27744e+66 -6.27744e+66 -6.27744e+66 -6.27744e+66 -6.27744e+66 -6.27744e+66 -6.27744e+66 -6.27744e+66 -6.27744e+66 -6.27744e+66 -6.27744e+66 659.289 792.72 
-6.27744e+66 -6.27744e+66 -6.27744e+66 -6.27744e+66 -6.27744e+66 -6.27744e+66 -6.27744e+66 -6.27744e+66 -6.27744e+66 -6.27744e+66 -6.27744e+66 -6.27744e+66 659.289 
-6.27744e+66 -6.27744e+66 -6.27744e+66 -6.27744e+66 -6.27744e+66 -6.27744e+66 -6.27744e+66 -6.27744e+66 -6.27744e+66 -6.27744e+66 -6.27744e+66 -6.27744e+66 -6.27744e+66 
-6.27744e+66 324.408 422.129 519.899 856.701 1068.51 1367.5 1720.49 2421.5 2858.84 3630.96 3796 4945.32 
-6.27744e+66 -6.27744e+66 324.408 373.293 597.827 756.687 995.876 1290.04 1890.9 2273.57 2959.9 3108.44 4153.28 
-6.27744e+66 -6.27744e+66 -6.27744e+66 324.408 436.675 542.581 721.974 957.302 1458.02 1786.03 2386.56 2518.6 3458.95 
-6.27744e+66 -6.27744e+66 -6.27744e+66 -6.27744e+66 324.408 377.361 496.956 673.452 1074.03 1347.36 1862.11 1977.64 2813.51 
-6.27744e+66 -6.27744e+66 -6.27744e+66 -6.27744e+66 -6.27744e+66 324.408 384.205 501.869 802.302 1020.97 1449.93 1548.95 2280.34 
-6.27744e+66 -6.27744e+66 -6.27744e+66 -6.27744e+66 -6.27744e+66 -6.27744e+66 324.408 383.24 583.528 747.53 1090.69 1173.22 1800.12 
-6.27744e+66 -6.27744e+66 -6.27744e+66 -6.27744e+66 -6.27744e+66 -6.27744e+66 -6.27744e+66 324.408 424.552 533.886 791.26 857.276 1379.7 
-6.27744e+66 -6.27744e+66 -6.27744e+66 -6.27744e+66 -6.27744e+66 -6.27744e+66 -6.27744e+66 -6.27744e+66 324.408 379.075 550.657 600.17 1018.11 
-6.27744e+66 -6.27744e+66 -6.27744e+66 -6.27744e+66 -6.27744e+66 -6.27744e+66 -6.27744e+66 -6.27744e+66 -6.27744e+66 324.408 410.199 443.207 756.659 
-6.27744e+66 -6.27744e+66 -6.27744e+66 -6.27744e+66 -6.27744e+66 -6.27744e+66 -6.27744e+66 -6.27744e+66 -6.27744e+66 -6.27744e+66 324.408 340.912 549.88 
-6.27744e+66 -6.27744e+66 -6.27744e+66 -6.27744e+66 -6.27744e+66 -6.27744e+66 -6.27744e+66 -6.27744e+66 -6.27744e+66 -6.27744e+66 -6.27744e+66 324.408 428.892 
-6.27744e+66 -6.27744e+66 -6.27744e+66 -6.27744e+66 -6.27744e+66 -6.27744e+66 -6.27744e+66 -6.27744e+66 -6.27744e+66 -6.27744e+66 -6.27744e+66 -6.27744e+66 324.408 
-6.27744e+66 -6.27744e+66 -6.27744e+66 -6.27744e+66 -6.27744e+66 -6.27744e+66 -6.27744e+66 -6.27744e+66 -6.27744e+66 -6.27744e+66 -6.27744e+66 -6.27744e+66 -6.27744e+66 
-6.27744e+66 1036.5 1154.53 1304.36 1568.65 1769.22 2269.3 2749.42 3474.45 3869.38 4719.32 5089.01 6108.55 
-6.27744e+66 -6.27744e+66 1036.5 1111.42 1287.61 1438.04 1838.1 2238.2 2859.66 3205.23 3960.72 4293.45 5220.3 
-6.27744e+66 -6.27744e+66 -6.27744e+66 1036.5 1124.6 1224.89 1524.93 1845.01 2362.89 2659.1 3320.15 3615.91 4450.08 
-6.27744e+66 -6.27744e+66 -6.27744e+66 -6.27744e+66 1036.5 1086.65 1286.68 1526.74 1941.04 2187.88 2754.5 3013.28 3754.77 
-6.27744e+66 -6.27744e+66 -6.27744e+66 -6.27744e+66 -6.27744e+66 1036.5 1136.52 1296.56 1607.29 1804.76 2276.94 2498.76 3147.55 
-6.27744e+66 -6.27744e+66 -6.27744e+66 -6.27744e+66 -6.27744e+66 -6.27744e+66 1036.5 1116.52 1323.68 1471.78 1849.53 2034.37 2590.48 
-6.27744e+66 -6.27744e+66 -6.27744e+66 -6.27744e+66 -6.27744e+66 -6.27744e+66 -6.27744e+66 1036.5 1140.08 1238.81 1522.13 1670 2133.43 
-6.27744e+66 -6.27744e+66 -6.27744e+66 -6.27744e+66 -6.27744e+66 -6.27744e+66 -6.27744e+66 -6.27744e+66 1036.5 1085.87 1274.75 1385.65 1756.39 
-6.27744e+66 -6.27744e+66 -6.27744e+66 -6.27744e+66 -6.27744e+66 -6.27744e+66 -6.27744e+66 -6.27744e+66 -6.27744e+66 1036.5 1130.94 1204.88 1482.94 
-6.27744e+66 -6.27744e+66 -6.27744e+66 -6.27744e+66 -6.27744e+66 -6.27744e+66 -6.27744e+66 -6.27744e+66 -6.27744e+66 -6.27744e+66 1036.5 1073.47 1258.84 
-6.27744e+66 -6.27744e+66 -6.27744e+66 -6.27744e+66 -6.27744e+66 -6.27744e+66 -6.27744e+66 -6.27744e+66 -6.27744e+66 -6.27744e+66 -6.27744e+66 1036.5 1129.19 
-6.27744e+66 -6.27744e+66 -6.27744e+66 -6.27744e+66 -6.27744e+66 -6.27744e+66 -6.27744e+66 -6.27744e+66 -6.27744e+66 -6.27744e+66 -6.27744e+66 -6.27744e+66 1036.5 
-6.27744e+66 -6.27744e+66 -6.27744e+66 -6.27744e+66 -6.27744e+66 -6.27744e+66 -6.27744e+66 -6.27744e+66 -6.27744e+66 -6.27744e+66 -6.27744e+66 -6.27744e+66 -6.27744e+66 
-6.27744e+66 534.866 621.668 697.588 1100.87 1107.7 1636.71 1846.24 2670.36 3147.81 3844.54 4336.48 5502.02 
-6.27744e+66 -6.27744e+66 534.866 572.826 841.678 846.801 1270.01 1444.62 2151.01 2568.77 3188.09 3630.84 4690.42 
-6.27744e+66 -6.27744e+66 -6.27744e+66 534.866 669.292 672.707 990.117 1129.8 1718.46 2076.54 2618.44 3012 3965.62 
-6.27744e+66 -6.27744e+66 -6.27744e+66 -6.27744e+66 534.866 536.574 748.18 852.946 1323.87 1622.27 2086.76 2431.12 3278.79 
-6.27744e+66 -6.27744e+66 -6.27744e+66 -6.27744e+66 -6.27744e+66 534.866 640.67 710.513 1063.71 1302.43 1689.5 1984.67 2726.37 
-6.27744e+66 -6.27744e+66 -6.27744e+66 -6.27744e+66 -6.27744e+66 -6.27744e+66 534.866 569.788 805.251 984.292 1293.95 1539.92 2175.67 
-6.27744e+66 -6.27744e+66 -6.27744e+66 -6.27744e+66 -6.27744e+66 -6.27744e+66 -6.27744e+66 534.866 652.598 771.958 1004.2 1200.98 1730.77 
-6.27744e+66 -6.27744e+66 -6.27744e+66 -6.27744e+66 -6.27744e+66 -6.27744e+66 -6.27744e+66 -6.27744e+66 534.866 594.547 749.375 896.959 1320.79 
-6.27744e+66 -6.27744e+66 -6.27744e+66 -6.27744e+66 -6.27744e+66 -6.27744e+66 -6.27744e+66 -6.27744e+66 -6.27744e+66 534.866 612.281 710.669 1028.54 
-6.27744e+66 -6.27744e+66 -6.27744e+66 -6.27744e+66 -6.27744e+66 -6.27744e+66 -6.27744e+66 -6.27744e+66 -6.27744e+66 -6.27744e+66 534.866 584.061 795.977 
-6.27744e+66 -6.27744e+66 -6.27744e+66 -6.27744e+66 -6.27744e+66 -6.27744e+66 -6.27744e+66 -6.27744e+66 -6.27744e+66 -6.27744e+66 -6.27744e+66 534.866 640.825 
-6.27744e+66 -6.27744e+66 -6.27744e+66 -6.27744e+66 -6.27744e+66 -6.27744e+66 -6.27744e+66 -6.27744e+66 -6.27744e+66 -6.27744e+66 -6.27744e+66 -6.27744e+66 534.866 
-6.27744e+66 -6.27744e+66 -6.27744e+66 -6.27744e+66 -6.27744e+66 -6.27744e+66 -6.27744e+66 -6.27744e+66 -6.27744e+66 -6.27744e+66 -6.27744e+66 -6.27744e+66 -6.27744e+66 
-6.27744e+66 802.991 868.872 892.807 1201.07 1285.75 1729.22 2036.55 3008.8 3387.11 4269.3 5334.99 6357.75 
-6.27744e+66 -6.27744e+66 802.991 814.958 1020.46 1083.98 1438.75 1694.87 2528.22 2859.24 3643.41 4602.53 5532.31 
-6.27744e+66 -6.27744e+66 -6.27744e+66 802.991 905.744 948.085 1214.17 1419.06 2113.52 2397.25 3083.4 3935.95 4772.76 
-6.27744e+66 -6.27744e+66 -6.27744e+66 -6.27744e+66 802.991 824.162 1001.55 1155.22 1710.78 1947.23 2535.36 3281.34 4025.17 
-6.27744e+66 -6.27744e+66 -6.27744e+66 -6.27744e+66 -6.27744e+66 802.991 891.686 994.13 1410.81 1599.96 2090.07 2729.48 3380.33 
-6.27744e+66 -6.27744e+66 -6.27744e+66 -6.27744e+66 -6.27744e+66 -6.27744e+66 802.991 854.213 1132 1273.86 1665.95 2198.79 2756.66 
-6.27744e+66 -6.27744e+66 -6.27744e+66 -6.27744e+66 -6.27744e+66 -6.27744e+66 -6.27744e+66 802.991 941.883 1036.46 1330.53 1756.8 2221.69 
-6.27744e+66 -6.27744e+66 -6.27744e+66 -6.27744e+66 -6.27744e+66 -6.27744e+66 -6.27744e+66 -6.27744e+66 802.991 850.28 1046.32 1366.03 1737.94 
-6.27744e+66 -6.27744e+66 -6.27744e+66 -6.27744e+66 -6.27744e+66 -6.27744e+66 -6.27744e+66 -6.27744e+66 -6.27744e+66 802.991 901.013 1114.15 1393.09 
-6.27744e+66 -6.27744e+66 -6.27744e+66 -6.27744e+66 -6.27744e+66 -6.27744e+66 -6.27744e+66 -6.27744e+66 -6.27744e+66 -6.27744e+66 802.991 909.56 1095.52 
-6.27744e+66 -6.27744e+66 -6.27744e+66 -6.27744e+66 -6.27744e+66 -6.27744e+66 -6.27744e+66 -6.27744e+66 -6.27744e+66 -6.27744e+66 -6.27744e+66 802.991 895.969 
-6.27744e+66 -6.27744e+66 -6.27744e+66 -6.27744e+66 -6.27744e+66 -6.27744e+66 -6.27744e+66 -6.27744e+66 -6.27744e+66 -6.27744e+66 -6.27744e+66 -6.27744e+66 802.991 
-6.27744e+66 -6.27744e+66 -6.27744e+66 -6.27744e+66 -6.27744e+66 -6.27744e+66 -6.27744e+66 -6.27744e+66 -6.27744e+66 -6.27744e+66 -6.27744e+66 -6.27744e+66 -6.27744e+66 
-6.27744e+66 447.886 544.571 584.003 937.803 1188.01 1688.87 2079.76 2726.47 3056.88 3922.28 4613 5976.41 
-6.27744e+66 -6.27744e+66 447.886 467.601 703.468 891.124 1291.81 1617.55 2171.88 2460.98 3230.23 3851.88 5091.34 
-6.27744e+66 -6.27744e+66 -6.27744e+66 447.886 565.819 690.923 991.44 1252.03 1713.97 1961.77 2634.86 3187.44 4302.95 
-6.27744e+66 -6.27744e+66 -6.27744e+66 -6.27744e+66 447.886 510.437 710.782 906.226 1275.78 1482.28 2059.21 2542.72 3534.29 
-6.27744e+66 -6.27744e+66 -6.27744e+66 -6.27744e+66 -6.27744e+66 447.886 548.058 678.354 955.516 1120.72 1601.5 2015.93 2883.55 
-6.27744e+66 -6.27744e+66 -6.27744e+66 -6.27744e+66 -6.27744e+66 -6.27744e+66 447.886 513.033 697.808 821.711 1206.33 1551.69 2295.37 
-6.27744e+66 -6.27744e+66 -6.27744e+66 -6.27744e+66 -6.27744e+66 -6.27744e+66 -6.27744e+66 447.886 540.273 622.875 911.342 1187.63 1807.36 
-6.27744e+66 -6.27744e+66 -6.27744e+66 -6.27744e+66 -6.27744e+66 -6.27744e+66 -6.27744e+66 -6.27744e+66 447.886 489.186 681.498 888.714 1384.5 
-6.27744e+66 -6.27744e+66 -6.27744e+66 -6.27744e+66 -6.27744e+66 -6.27744e+66 -6.27744e+66 -6.27744e+66 -6.27744e+66 447.886 544.041 682.186 1054.02 
-6.27744e+66 -6.27744e+66 -6.27744e+66 -6.27744e+66 -6.27744e+66 -6.27744e+66 -6.27744e+66 -6.27744e+66 -6.27744e+66 -6.27744e+66 447.886 516.958 764.85 
-6.27744e+66 -6.27744e+66 -6.27744e+66 -6.27744e+66 -6.27744e+66 -6.27744e+66 -6.27744e+66 -6.27744e+66 -6.27744e+66 -6.27744e+66 -6.27744e+66 447.886 571.832 
-6.27744e+66 -6.27744e+66 -6.27744e+66 -6.27744e+66 -6.27744e+66 -6.27744e+66 -6.27744e+66 -6.27744e+66 -6.27744e+66 -6.27744e+66 -6.27744e+66 -6.27744e+66 447.886 
-6.27744e+66 -6.27744e+66 -6.27744e+66 -6.27744e+66 -6.27744e+66 -6.27744e+66 -6.27744e+66 -6.27744e+66 -6.27744e+66 -6.27744e+66 -6.27744e+66 -6.27744e+66 -6.27744e+66 
-6.27744e+66 650.256 737.373 846.83 1175.66 1387 1824.34 1967.39 2637.11 3064.41 4121.4 5048.15 6224.54 
-6.27744e+66 -6.27744e+66 650.256 704.985 924.204 1082.71 1432.58 1551.79 2125.84 2499.73 3439.27 4273.34 5342.79 
-6.27744e+66 -6.27744e+66 -6.27744e+66 650.256 759.865 865.537 1127.94 1223.31 1701.68 2022.16 2844.26 3585.65 4548.16 
-6.27744e+66 -6.27744e+66 -6.27744e+66 -6.27744e+66 650.256 703.092 878.025 949.552 1332.25 1599.31 2303.97 2952.69 3808.26 
-6.27744e+66 -6.27744e+66 -6.27744e+66 -6.27744e+66 -6.27744e+66 650.256 737.722 785.407 1072.43 1286.08 1873.3 2429.34 3177.96 
-6.27744e+66 -6.27744e+66 -6.27744e+66 -6.27744e+66 -6.27744e+66 -6.27744e+66 650.256 674.098 865.447 1025.69 1495.46 1958.83 2600.5 
-6.27744e+66 -6.27744e+66 -6.27744e+66 -6.27744e+66 -6.27744e+66 -6.27744e+66 -6.27744e+66 650.256 745.93 852.756 1205.09 1575.78 2110.51 
-6.27744e+66 -6.27744e+66 -6.27744e+66 -6.27744e+66 -6.27744e+66 -6.27744e+66 -6.27744e+66 -6.27744e+66 650.256 703.669 938.555 1216.58 1644.36 
-6.27744e+66 -6.27744e+66 -6.27744e+66 -6.27744e+66 -6.27744e+66 -6.27744e+66 -6.27744e+66 -6.27744e+66 -6.27744e+66 650.256 767.699 953.048 1273.88 
-6.27744e+66 -6.27744e+66 -6.27744e+66 -6.27744e+66 -6.27744e+66 -6.27744e+66 -6.27744e+66 -6.27744e+66 -6.27744e+66 -6.27744e+66 650.256 742.93 956.82 
-6.27744e+66 -6.27744e+66 -6.27744e+66 -6.27744e+66 -6.27744e+66 -6.27744e+66 -6.27744e+66 -6.27744e+66 -6.27744e+66 -6.27744e+66 -6.27744e+66 650.256 757.201 
-6.27744e+66 -6.27744e+66 -6.27744e+66 -6.27744e+66 -6.27744e+66 -6.27744e+66 -6.27744e+66 -6.27744e+66 -6.27744e+66 -6.27744e+66 -6.27744e+66 -6.27744e+66 650.256 
-6.27744e+66 -6.27744e+66 -6.27744e+66 -6.27744e+66 -6.27744e+66 -6.27744e+66 -6.27744e+66 -6.27744e+66 -6.27744e+66 -6.27744e+66 -6.27744e+66 -6.27744e+66 -6.27744e+66 
-6.27744e+66 739.727 818.723 946.267 1260.07 1531.54 1964 2246.36 2976.2 3455.19 4436.84 5127.67 6376.03 
-6.27744e+66 -6.27744e+66 739.727 803.499 1012.7 1216.31 1562.27 1797.57 2423.15 2842.26 3714.84 4336.59 5471.46 
-6.27744e+66 -6.27744e+66 -6.27744e+66 739.727 844.329 980.065 1239.54 1427.78 1949.09 2308.33 3071.84 3624.51 4645.89 
-6.27744e+66 -6.27744e+66 -6.27744e+66 -6.27744e+66 739.727 807.595 980.577 1121.76 1538.81 1838.18 2492.61 2976.19 3884.09 
-6.27744e+66 -6.27744e+66 -6.27744e+66 -6.27744e+66 -6.27744e+66 739.727 826.218 920.337 1233.13 1472.62 2017.98 2432.48 3226.89 
-6.27744e+66 -6.27744e+66 -6.27744e+66 -6.27744e+66 -6.27744e+66 -6.27744e+66 739.727 786.786 995.314 1174.93 1611.22 1956.64 2637.56 
-6.27744e+66 -6.27744e+66 -6.27744e+66 -6.27744e+66 -6.27744e+66 -6.27744e+66 -6.27744e+66 739.727 843.991 963.737 1290.95 1567.29 2134.72 
-6.27744e+66 -6.27744e+66 -6.27744e+66 -6.27744e+66 -6.27744e+66 -6.27744e+66 -6.27744e+66 -6.27744e+66 739.727 799.6 1017.74 1225 1678.94 
-6.27744e+66 -6.27744e+66 -6.27744e+66 -6.27744e+66 -6.27744e+66 -6.27744e+66 -6.27744e+66 -6.27744e+66 -6.27744e+66 739.727 848.799 986.966 1327.43 
-6.27744e+66 -6.27744e+66 -6.27744e+66 -6.27744e+66 -6.27744e+66 -6.27744e+66 -6.27744e+66 -6.27744e+66 -6.27744e+66 -6.27744e+66 739.727 808.811 1035.79 
-6.27744e+66 -6.27744e+66 -6.27744e+66 -6.27744e+66 -6.27744e+66 -6.27744e+66 -6.27744e+66 -6.27744e+66 -6.27744e+66 -6.27744e+66 -6.27744e+66 739.727 853.214 
-6.27744e+66 -6.27744e+66 -6.27744e+66 -6.27744e+66 -6.27744e+66 -6.27744e+66 -6.27744e+66 -6.27744e+66 -6.27744e+66 -6.27744e+66 -6.27744e+66 -6.27744e+66 739.727 
-6.27744e+66 -6.27744e+66 -6.27744e+66 -6.27744e+66 -6.27744e+66 -6.27744e+66 -6.27744e+66 -6.27744e+66 -6.27744e+66 -6.27744e+66 -6.27744e+66 -6.27744e+66 -6.27744e+66 
-6.27744e+66 455.151 569.121 735.425 1058.83 1276.67 1732.63 1939.66 2791.42 3127.65 3970.45 4271.46 5772.42 
-6.27744e+66 -6.27744e+66 455.151 538.303 753.909 917.289 1282.05 1454.58 2184.66 2478.86 3228.02 3498.93 4863.44 
-6.27744e+66 -6.27744e+66 -6.27744e+66 455.151 562.954 671.874 945.448 1083.47 1691.87 1944.04 2599.55 2840.36 4068.42 
-6.27744e+66 -6.27744e+66 -6.27744e+66 -6.27744e+66 455.151 509.611 691.994 795.508 1282.23 1492.37 2054.24 2264.95 3356.56 
-6.27744e+66 -6.27744e+66 -6.27744e+66 -6.27744e+66 -6.27744e+66 455.151 546.343 615.352 980.395 1148.51 1616.73 1797.34 2752.49 
-6.27744e+66 -6.27744e+66 -6.27744e+66 -6.27744e+66 -6.27744e+66 -6.27744e+66 455.151 489.656 733.018 859.103 1233.68 1384.19 2202.89 
-6.27744e+66 -6.27744e+66 -6.27744e+66 -6.27744e+66 -6.27744e+66 -6.27744e+66 -6.27744e+66 455.151 576.832 660.889 941.822 1062.23 1744.48 
-6.27744e+66 -6.27744e+66 -6.27744e+66 -6.27744e+66 -6.27744e+66 -6.27744e+66 -6.27744e+66 -6.27744e+66 455.151 497.18 684.468 774.772 1320.58 
-6.27744e+66 -6.27744e+66 -6.27744e+66 -6.27744e+66 -6.27744e+66 -6.27744e+66 -6.27744e+66 -6.27744e+66 -6.27744e+66 455.151 548.795 608.998 1018.35 
-6.27744e+66 -6.27744e+66 -6.27744e+66 -6.27744e+66 -6.27744e+66 -6.27744e+66 -6.27744e+66 -6.27744e+66 -6.27744e+66 -6.27744e+66 455.151 485.252 758.155 
-6.27744e+66 -6.27744e+66 -6.27744e+66 -6.27744e+66 -6.27744e+66 -6.27744e+66 -6.27744e+66 -6.27744e+66 -6.27744e+66 -6.27744e+66 -6.27744e+66 455.151 591.602 
-6.27744e+66 -6.27744e+66 -6.27744e+66 -6.27744e+66 -6.27744e+66 -6.27744e+66 -6.27744e+66 -6.27744e+66 -6.27744e+66 -6.27744e+66 -6.27744e+66 -6.27744e+66 455.151 
-6.27744e+66 -6.27744e+66 -6.27744e+66 -6.27744e+66 -6.27744e+66 -6.27744e+66 -6.27744e+66 -6.27744e+66 -6.27744e+66 -6.27744e+66 -6.27744e+66 -6.27744e+66 -6.27744e+66 
-6.27744e+66 994.542 1086.95 1173.62 1478.44 1744.97 2162.7 2457.75 2959.95 3397.04 4397.85 5165.46 6138.11 
-6.27744e+66 -6.27744e+66 994.542 1037.87 1241.09 1440.98 1775.17 2021.04 2451.5 2833.95 3723.57 4414.42 5298.64 
-6.27744e+66 -6.27744e+66 -6.27744e+66 994.542 1096.15 1229.41 1480.05 1676.75 2035.46 2363.28 3141.7 3755.78 4551.59 
-6.27744e+66 -6.27744e+66 -6.27744e+66 -6.27744e+66 994.542 1061.17 1228.27 1375.79 1662.76 1935.94 2603.15 3140.48 3847.86 
-6.27744e+66 -6.27744e+66 -6.27744e+66 -6.27744e+66 -6.27744e+66 994.542 1078.09 1176.44 1391.67 1610.21 2166.22 2626.79 3245.74 
-6.27744e+66 -6.27744e+66 -6.27744e+66 -6.27744e+66 -6.27744e+66 -6.27744e+66 994.542 1043.72 1187.2 1351.11 1795.92 2179.72 2710.26 
-6.27744e+66 -6.27744e+66 -6.27744e+66 -6.27744e+66 -6.27744e+66 -6.27744e+66 -6.27744e+66 994.542 1066.28 1175.56 1509.16 1816.21 2258.32 
-6.27744e+66 -6.27744e+66 -6.27744e+66 -6.27744e+66 -6.27744e+66 -6.27744e+66 -6.27744e+66 -6.27744e+66 994.542 1049.18 1271.58 1501.86 1855.56 
-6.27744e+66 -6.27744e+66 -6.27744e+66 -6.27744e+66 -6.27744e+66 -6.27744e+66 -6.27744e+66 -6.27744e+66 -6.27744e+66 994.542 1105.74 1259.27 1524.53 
-6.27744e+66 -6.27744e+66 -6.27744e+66 -6.27744e+66 -6.27744e+66 -6.27744e+66 -6.27744e+66 -6.27744e+66 -6.27744e+66 -6.27744e+66 994.542 1071.3 1248.15 
-6.27744e+66 -6.27744e+66 -6.27744e+66 -6.27744e+66 -6.27744e+66 -6.27744e+66 -6.27744e+66 -6.27744e+66 -6.27744e+66 -6.27744e+66 -6.27744e+66 994.542 1082.96 
-6.27744e+66 -6.27744e+66 -6.27744e+66 -6.27744e+66 -6.27744e+66 -6.27744e+66 -6.27744e+66 -6.27744e+66 -6.27744e+66 -6.27744e+66 -6.27744e+66 -6.27744e+66 994.542 
-6.27744e+66 -6.27744e+66 -6.27744e+66 -6.27744e+66 -6.27744e+66 -6.27744e+66 -6.27744e+66 -6.27744e+66 -6.27744e+66 -6.27744e+66 -6.27744e+66 -6.27744e+66 -6.27744e+66 
-6.27744e+66 1102.25 1220.87 1321.5 1685.4 1818.81 2497.54 2606.46 3394.32 3532.61 4510.85 5301.71 6342.03 
-6.27744e+66 -6.27744e+66 1102.25 1152.57 1395.17 1495.22 2038.21 2128.97 2804.28 2925.29 3794.84 4506.61 5452.36 
-6.27744e+66 -6.27744e+66 -6.27744e+66 1102.25 1223.55 1290.25 1697.49 1770.11 2332.86 2436.59 3197.44 3830.13 4681.3 
-6.27744e+66 -6.27744e+66 -6.27744e+66 -6.27744e+66 1102.25 1135.6 1407.1 1461.55 1911.76 1998.2 2650.35 3203.96 3960.55 
-6.27744e+66 -6.27744e+66 -6.27744e+66 -6.27744e+66 -6.27744e+66 1102.25 1238 1274.3 1611.96 1681.11 2224.57 2699.09 3361.11 
-6.27744e+66 -6.27744e+66 -6.27744e+66 -6.27744e+66 -6.27744e+66 -6.27744e+66 1102.25 1120.4 1345.51 1397.37 1832.14 2227.57 2795.02 
-6.27744e+66 -6.27744e+66 -6.27744e+66 -6.27744e+66 -6.27744e+66 -6.27744e+66 -6.27744e+66 1102.25 1214.8 1249.38 1575.46 1891.8 2364.67 
-6.27744e+66 -6.27744e+66 -6.27744e+66 -6.27744e+66 -6.27744e+66 -6.27744e+66 -6.27744e+66 -6.27744e+66 1102.25 1119.54 1336.92 1574.18 1952.48 
-6.27744e+66 -6.27744e+66 -6.27744e+66 -6.27744e+66 -6.27744e+66 -6.27744e+66 -6.27744e+66 -6.27744e+66 -6.27744e+66 1102.25 1210.94 1369.12 1652.84 
-6.27744e+66 -6.27744e+66 -6.27744e+66 -6.27744e+66 -6.27744e+66 -6.27744e+66 -6.27744e+66 -6.27744e+66 -6.27744e+66 -6.27744e+66 1102.25 1181.34 1370.49 
-6.27744e+66 -6.27744e+66 -6.27744e+66 -6.27744e+66 -6.27744e+66 -6.27744e+66 -6.27744e+66 -6.27744e+66 -6.27744e+66 -6.27744e+66 -6.27744e+66 1102.25 1196.83 
-6.27744e+66 -6.27744e+66 -6.27744e+66 -6.27744e+66 -6.27744e+66 -6.27744e+66 -6.27744e+66 -6.27744e+66 -6.27744e+66 -6.27744e+66 -6.27744e+66 -6.27744e+66 1102.25 
-6.27744e+66 -6.27744e+66 -6.27744e+66 -6.27744e+66 -6.27744e+66 -6.27744e+66 -6.27744e+66 -6.27744e+66 -6.27744e+66 -6.27744e+66 -6.27744e+66 -6.27744e+66 -6.27744e+66 
-6.27744e+66 432.574 540.624 626.567 971.18 1204.69 1860.02 2083.07 2613.24 3129.5 4094.92 4528.48 5573.23 
-6.27744e+66 -6.27744e+66 432.574 475.546 705.288 880.418 1404.69 1590.56 2044.99 2496.72 3354.87 3745.08 4694.85 
-6.27744e+66 -6.27744e+66 -6.27744e+66 432.574 547.445 664.198 1057.4 1206.1 1584.79 1971.98 2722.87 3069.72 3924.51 
-6.27744e+66 -6.27744e+66 -6.27744e+66 -6.27744e+66 432.574 490.951 753.085 864.607 1167.56 1490.22 2133.84 2437.33 3197.15 
-6.27744e+66 -6.27744e+66 -6.27744e+66 -6.27744e+66 -6.27744e+66 432.574 563.641 637.989 865.205 1123.34 1659.68 1919.82 2584.66 
-6.27744e+66 -6.27744e+66 -6.27744e+66 -6.27744e+66 -6.27744e+66 -6.27744e+66 432.574 469.748 621.225 814.823 1243.9 1460.68 2030.54 
-6.27744e+66 -6.27744e+66 -6.27744e+66 -6.27744e+66 -6.27744e+66 -6.27744e+66 -6.27744e+66 432.574 508.313 637.378 959.186 1132.61 1607.5 
-6.27744e+66 -6.27744e+66 -6.27744e+66 -6.27744e+66 -6.27744e+66 -6.27744e+66 -6.27744e+66 -6.27744e+66 432.574 497.106 711.645 841.713 1221.62 
-6.27744e+66 -6.27744e+66 -6.27744e+66 -6.27744e+66 -6.27744e+66 -6.27744e+66 -6.27744e+66 -6.27744e+66 -6.27744e+66 432.574 539.843 626.555 911.487 
-6.27744e+66 -6.27744e+66 -6.27744e+66 -6.27744e+66 -6.27744e+66 -6.27744e+66 -6.27744e+66 -6.27744e+66 -6.27744e+66 -6.27744e+66 432.574 475.93 665.884 
-6.27744e+66 -6.27744e+66 -6.27744e+66 -6.27744e+66 -6.27744e+66 -6.27744e+66 -6.27744e+66 -6.27744e+66 -6.27744e+66 -6.27744e+66 -6.27744e+66 432.574 527.551 
-6.27744e+66 -6.27744e+66 -6.27744e+66 -6.27744e+66 -6.27744e+66 -6.27744e+66 -6.27744e+66 -6.27744e+66 -6.27744e+66 -6.27744e+66 -6.27744e+66 -6.27744e+66 432.574 
-6.27744e+66 -6.27744e+66 -6.27744e+66 -6.27744e+66 -6.27744e+66 -6.27744e+66 -6.27744e+66 -6.27744e+66 -6.27744e+66 -6.27744e+66 -6.27744e+66 -6.27744e+66 -6.27744e+66 
-6.27744e+66 597.567 671.145 737.381 1095.78 1325.68 1680.88 1948.21 2680.95 2883.41 3878.21 4500.19 5814.68 
-6.27744e+66 -6.27744e+66 597.567 630.684 869.616 1042.04 1326.2 1548.98 2177.04 2354.2 3238.46 3798.24 4993.23 
-6.27744e+66 -6.27744e+66 -6.27744e+66 597.567 717.033 831.982 1045.1 1223.32 1746.71 1898.56 2672.29 3169.87 4245.36 
-6.27744e+66 -6.27744e+66 -6.27744e+66 -6.27744e+66 597.567 655.041 797.122 930.788 1349.49 1476.04 2139.24 2574.62 3530.61 
-6.27744e+66 -6.27744e+66 -6.27744e+66 -6.27744e+66 -6.27744e+66 597.567 668.607 757.718 1071.75 1172.98 1725.65 2098.83 2935.32 
-6.27744e+66 -6.27744e+66 -6.27744e+66 -6.27744e+66 -6.27744e+66 -6.27744e+66 597.567 642.122 851.474 927.4 1369.53 1680.52 2397.51 
-6.27744e+66 -6.27744e+66 -6.27744e+66 -6.27744e+66 -6.27744e+66 -6.27744e+66 -6.27744e+66 597.567 702.243 752.86 1084.46 1333.25 1930.74 
-6.27744e+66 -6.27744e+66 -6.27744e+66 -6.27744e+66 -6.27744e+66 -6.27744e+66 -6.27744e+66 -6.27744e+66 597.567 622.875 843.942 1030.53 1508.53 
-6.27744e+66 -6.27744e+66 -6.27744e+66 -6.27744e+66 -6.27744e+66 -6.27744e+66 -6.27744e+66 -6.27744e+66 -6.27744e+66 597.567 708.1 832.495 1190.99 
-6.27744e+66 -6.27744e+66 -6.27744e+66 -6.27744e+66 -6.27744e+66 -6.27744e+66 -6.27744e+66 -6.27744e+66 -6.27744e+66 -6.27744e+66 597.567 659.764 898.762 
-6.27744e+66 -6.27744e+66 -6.27744e+66 -6.27744e+66 -6.27744e+66 -6.27744e+66 -6.27744e+66 -6.27744e+66 -6.27744e+66 -6.27744e+66 -6.27744e+66 597.567 717.065 
-6.27744e+66 -6.27744e+66 -6.27744e+66 -6.27744e+66 -6.27744e+66 -6.27744e+66 -6.27744e+66 -6.27744e+66 -6.27744e+66 -6.27744e+66 -6.27744e+66 -6.27744e+66 597.567 
-6.27744e+66 -6.27744e+66 -6.27744e+66 -6.27744e+66 -6.27744e+66 -6.27744e+66 -6.27744e+66 -6.27744e+66 -6.27744e+66 -6.27744e+66 -6.27744e+66 -6.27744e+66 -6.27744e+66 
-6.27744e+66 803.059 899.528 993.522 1296.48 1483.59 1958.15 2342.03 3071.94 3221.2 3994 4614.16 5614.92 
-6.27744e+66 -6.27744e+66 803.059 850.056 1052.02 1192.36 1572.01 1891.91 2517.54 2648.15 3335.08 3893.23 4803.01 
-6.27744e+66 -6.27744e+66 -6.27744e+66 803.059 904.043 997.601 1282.33 1538.26 2059.62 2171.57 2772.63 3268.76 4087.56 
-6.27744e+66 -6.27744e+66 -6.27744e+66 -6.27744e+66 803.059 849.837 1039.66 1231.6 1648.69 1741.98 2257.18 2691.29 3419.12 
-6.27744e+66 -6.27744e+66 -6.27744e+66 -6.27744e+66 -6.27744e+66 803.059 897.97 1025.93 1338.75 1413.38 1842.71 2214.81 2851.66 
-6.27744e+66 -6.27744e+66 -6.27744e+66 -6.27744e+66 -6.27744e+66 -6.27744e+66 803.059 867.039 1075.58 1131.56 1475.03 1785.11 2330.97 
-6.27744e+66 -6.27744e+66 -6.27744e+66 -6.27744e+66 -6.27744e+66 -6.27744e+66 -6.27744e+66 803.059 907.331 944.648 1202.25 1450.31 1905.2 
-6.27744e+66 -6.27744e+66 -6.27744e+66 -6.27744e+66 -6.27744e+66 -6.27744e+66 -6.27744e+66 -6.27744e+66 803.059 821.717 993.45 1179.5 1543.41 
-6.27744e+66 -6.27744e+66 -6.27744e+66 -6.27744e+66 -6.27744e+66 -6.27744e+66 -6.27744e+66 -6.27744e+66 -6.27744e+66 803.059 888.925 1012.96 1285.89 
-6.27744e+66 -6.27744e+66 -6.27744e+66 -6.27744e+66 -6.27744e+66 -6.27744e+66 -6.27744e+66 -6.27744e+66 -6.27744e+66 -6.27744e+66 803.059 865.075 1047.03 
-6.27744e+66 -6.27744e+66 -6.27744e+66 -6.27744e+66 -6.27744e+66 -6.27744e+66 -6.27744e+66 -6.27744e+66 -6.27744e+66 -6.27744e+66 -6.27744e+66 803.059 894.037 
-6.27744e+66 -6.27744e+66 -6.27744e+66 -6.27744e+66 -6.27744e+66 -6.27744e+66 -6.27744e+66 -6.27744e+66 -6.27744e+66 -6.27744e+66 -6.27744e+66 -6.27744e+66 803.059 
-6.27744e+66 -6.27744e+66 -6.27744e+66 -6.27744e+66 -6.27744e+66 -6.27744e+66 -6.27744e+66 -6.27744e+66 -6.27744e+66 -6.27744e+66 -6.27744e+66 -6.27744e+66 -6.27744e+66 
-6.27744e+66 1229.72 1303.87 1417.17 1722.4 1939.14 2504.68 3105.5 3692.32 4401.73 5266.9 5708.48 7004.89 
-6.27744e+66 -6.27744e+66 1229.72 1286.37 1489.85 1652.41 2104.84 2605.52 3108.51 3729.24 4498.29 4895.71 6074.26 
-6.27744e+66 -6.27744e+66 -6.27744e+66 1229.72 1331.46 1439.83 1779.16 2179.7 2598.86 3130.92 3803.83 4157.1 5217.79 
-6.27744e+66 -6.27744e+66 -6.27744e+66 -6.27744e+66 1229.72 1283.91 1510.12 1810.53 2145.86 2589.24 3166.02 3475.13 4417.97 
-6.27744e+66 -6.27744e+66 -6.27744e+66 -6.27744e+66 -6.27744e+66 1229.72 1342.83 1543.1 1794.6 2149.3 2629.95 2894.9 3719.89 
-6.27744e+66 -6.27744e+66 -6.27744e+66 -6.27744e+66 -6.27744e+66 -6.27744e+66 1229.72 1329.86 1497.52 1763.55 2148.07 2368.86 3075.99 
-6.27744e+66 -6.27744e+66 -6.27744e+66 -6.27744e+66 -6.27744e+66 -6.27744e+66 -6.27744e+66 1229.72 1313.55 1490.9 1779.3 1955.93 2545.2 
-6.27744e+66 -6.27744e+66 -6.27744e+66 -6.27744e+66 -6.27744e+66 -6.27744e+66 -6.27744e+66 -6.27744e+66 1229.72 1318.4 1510.66 1643.13 2114.55 
-6.27744e+66 -6.27744e+66 -6.27744e+66 -6.27744e+66 -6.27744e+66 -6.27744e+66 -6.27744e+66 -6.27744e+66 -6.27744e+66 1229.72 1325.85 1414.17 1767.73 
-6.27744e+66 -6.27744e+66 -6.27744e+66 -6.27744e+66 -6.27744e+66 -6.27744e+66 -6.27744e+66 -6.27744e+66 -6.27744e+66 -6.27744e+66 1229.72 1273.88 1509.59 
-6.27744e+66 -6.27744e+66 -6.27744e+66 -6.27744e+66 -6.27744e+66 -6.27744e+66 -6.27744e+66 -6.27744e+66 -6.27744e+66 -6.27744e+66 -6.27744e+66 1229.72 1347.57 
-6.27744e+66 -6.27744e+66 -6.27744e+66 -6.27744e+66 -6.27744e+66 -6.27744e+66 -6.27744e+66 -6.27744e+66 -6.27744e+66 -6.27744e+66 -6.27744e+66 -6.27744e+66 1229.72 
-6.27744e+66 -6.27744e+66 -6.27744e+66 -6.27744e+66 -6.27744e+66 -6.27744e+66 -6.27744e+66 -6.27744e+66 -6.27744e+66 -6.27744e+66 -6.27744e+66 -6.27744e+66 -6.27744e+66 
-6.27744e+66 951.115 1054.44 1171.96 1473.85 1745.93 2179.14 2449.95 3184.86 3565.25 4472.74 5029.05 6107.19 
-6.27744e+66 -6.27744e+66 951.115 1009.87 1211.14 1415.19 1761.76 1987.44 2617.36 2950.2 3756.86 4257.54 5237.66 
-6.27744e+66 -6.27744e+66 -6.27744e+66 951.115 1051.75 1187.78 1447.71 1628.25 2153.19 2438.48 3144.3 3589.35 4471.46 
-6.27744e+66 -6.27744e+66 -6.27744e+66 -6.27744e+66 951.115 1019.13 1192.42 1327.82 1747.78 1985.51 2590.51 2979.93 3764.03 
-6.27744e+66 -6.27744e+66 -6.27744e+66 -6.27744e+66 -6.27744e+66 951.115 1037.76 1128.03 1442.99 1633.18 2137.34 2471.13 3157.22 
-6.27744e+66 -6.27744e+66 -6.27744e+66 -6.27744e+66 -6.27744e+66 -6.27744e+66 951.115 996.25 1206.23 1348.87 1752.2 2030.36 2618.43 
-6.27744e+66 -6.27744e+66 -6.27744e+66 -6.27744e+66 -6.27744e+66 -6.27744e+66 -6.27744e+66 951.115 1056.1 1151.2 1453.7 1676.22 2166.28 
-6.27744e+66 -6.27744e+66 -6.27744e+66 -6.27744e+66 -6.27744e+66 -6.27744e+66 -6.27744e+66 -6.27744e+66 951.115 998.663 1200.33 1367.22 1759.27 
-6.27744e+66 -6.27744e+66 -6.27744e+66 -6.27744e+66 -6.27744e+66 -6.27744e+66 -6.27744e+66 -6.27744e+66 -6.27744e+66 951.115 1051.95 1163.21 1457.25 
-6.27744e+66 -6.27744e+66 -6.27744e+66 -6.27744e+66 -6.27744e+66 -6.27744e+66 -6.27744e+66 -6.27744e+66 -6.27744e+66 -6.27744e+66 951.115 1006.75 1202.77 
-6.27744e+66 -6.27744e+66 -6.27744e+66 -6.27744e+66 -6.27744e+66 -6.27744e+66 -6.27744e+66 -6.27744e+66 -6.27744e+66 -6.27744e+66 -6.27744e+66 951.115 1049.13 
-6.27744e+66 -6.27744e+66 -6.27744e+66 -6.27744e+66 -6.27744e+66 -6.27744e+66 -6.27744e+66 -6.27744e+66 -6.27744e+66 -6.27744e+66 -6.27744e+66 -6.27744e+66 951.115 
-6.27744e+66 -6.27744e+66 -6.27744e+66 -6.27744e+66 -6.27744e+66 -6.27744e+66 -6.27744e+66 -6.27744e+66 -6.27744e+66 -6.27744e+66 -6.27744e+66 -6.27744e+66 -6.27744e+66 
-6.27744e+66 254.032 376.203 445.828 663.291 892.935 1330.02 1632.01 2160.6 2553.24 3836.1 4235.43 5666.71 
-6.27744e+66 -6.27744e+66 254.032 288.845 433.82 606.053 955.719 1207.38 1660.45 2004.02 3144.34 3503.73 4804.9 
-6.27744e+66 -6.27744e+66 -6.27744e+66 254.032 326.52 441.342 703.591 904.92 1282.48 1576.97 2574.75 2894.21 4065.26 
-6.27744e+66 -6.27744e+66 -6.27744e+66 -6.27744e+66 254.032 311.443 486.276 637.272 939.322 1184.73 2039.97 2319.49 3360.43 
-6.27744e+66 -6.27744e+66 -6.27744e+66 -6.27744e+66 -6.27744e+66 254.032 341.448 442.113 668.65 864.973 1577.67 1817.27 2728.09 
-6.27744e+66 -6.27744e+66 -6.27744e+66 -6.27744e+66 -6.27744e+66 -6.27744e+66 254.032 304.364 455.389 602.631 1172.79 1372.45 2153.15 
-6.27744e+66 -6.27744e+66 -6.27744e+66 -6.27744e+66 -6.27744e+66 -6.27744e+66 -6.27744e+66 254.032 329.544 427.706 855.326 1015.06 1665.64 
-6.27744e+66 -6.27744e+66 -6.27744e+66 -6.27744e+66 -6.27744e+66 -6.27744e+66 -6.27744e+66 -6.27744e+66 254.032 303.113 588.193 707.991 1228.46 
-6.27744e+66 -6.27744e+66 -6.27744e+66 -6.27744e+66 -6.27744e+66 -6.27744e+66 -6.27744e+66 -6.27744e+66 -6.27744e+66 254.032 396.572 476.437 866.787 
-6.27744e+66 -6.27744e+66 -6.27744e+66 -6.27744e+66 -6.27744e+66 -6.27744e+66 -6.27744e+66 -6.27744e+66 -6.27744e+66 -6.27744e+66 254.032 293.965 554.198 
-6.27744e+66 -6.27744e+66 -6.27744e+66 -6.27744e+66 -6.27744e+66 -6.27744e+66 -6.27744e+66 -6.27744e+66 -6.27744e+66 -6.27744e+66 -6.27744e+66 254.032 384.149 
-6.27744e+66 -6.27744e+66 -6.27744e+66 -6.27744e+66 -6.27744e+66 -6.27744e+66 -6.27744e+66 -6.27744e+66 -6.27744e+66 -6.27744e+66 -6.27744e+66 -6.27744e+66 254.032 
-6.27744e+66 -6.27744e+66 -6.27744e+66 -6.27744e+66 -6.27744e+66 -6.27744e+66 -6.27744e+66 -6.27744e+66 -6.27744e+66 -6.27744e+66 -6.27744e+66 -6.27744e+66 -6.27744e+66 
-6.27744e+66 154.71 272.14 399.125 617.443 809.869 1227.59 1681.11 2414.02 2803.51 3876.03 4534.11 5308.81 
-6.27744e+66 -6.27744e+66 154.71 218.202 363.747 508.067 842.241 1220.17 1848.38 2189.19 3142.54 3734.81 4439.08 
-6.27744e+66 -6.27744e+66 -6.27744e+66 154.71 227.482 323.695 574.325 876.673 1400.18 1692.3 2526.48 3052.94 3686.79 
-6.27744e+66 -6.27744e+66 -6.27744e+66 -6.27744e+66 154.71 202.816 369.903 596.663 1015.47 1258.9 1973.91 2434.57 2997.99 
-6.27744e+66 -6.27744e+66 -6.27744e+66 -6.27744e+66 -6.27744e+66 154.71 238.253 389.427 703.53 898.277 1494.12 1888.97 2381.96 
-6.27744e+66 -6.27744e+66 -6.27744e+66 -6.27744e+66 -6.27744e+66 -6.27744e+66 154.71 230.296 439.699 585.759 1062.43 1391.47 1814.04 
-6.27744e+66 -6.27744e+66 -6.27744e+66 -6.27744e+66 -6.27744e+66 -6.27744e+66 -6.27744e+66 154.71 259.411 356.784 714.29 977.523 1329.66 
-6.27744e+66 -6.27744e+66 -6.27744e+66 -6.27744e+66 -6.27744e+66 -6.27744e+66 -6.27744e+66 -6.27744e+66 154.71 203.396 441.733 639.158 920.866 
-6.27744e+66 -6.27744e+66 -6.27744e+66 -6.27744e+66 -6.27744e+66 -6.27744e+66 -6.27744e+66 -6.27744e+66 -6.27744e+66 154.71 273.878 405.495 616.776 
-6.27744e+66 -6.27744e+66 -6.27744e+66 -6.27744e+66 -6.27744e+66 -6.27744e+66 -6.27744e+66 -6.27744e+66 -6.27744e+66 -6.27744e+66 154.71 220.518 361.372 
-6.27744e+66 -6.27744e+66 -6.27744e+66 -6.27744e+66 -6.27744e+66 -6.27744e+66 -6.27744e+66 -6.27744e+66 -6.27744e+66 -6.27744e+66 -6.27744e+66 154.71 225.137 
-6.27744e+66 -6.27744e+66 -6.27744e+66 -6.27744e+66 -6.27744e+66 -6.27744e+66 -6.27744e+66 -6.27744e+66 -6.27744e+66 -6.27744e+66 -6.27744e+66 -6.27744e+66 154.71 
-6.27744e+66 -6.27744e+66 -6.27744e+66 -6.27744e+66 -6.27744e+66 -6.27744e+66 -6.27744e+66 -6.27744e+66 -6.27744e+66 -6.27744e+66 -6.27744e+66 -6.27744e+66 -6.27744e+66 
-6.27744e+66 993.672 1071.52 1226.31 1495.26 1728.6 2094.75 2482.9 3084.38 3095.66 3950.49 4414.23 5384.52 
-6.27744e+66 -6.27744e+66 993.672 1071.07 1250.37 1425.37 1718.29 2041.76 2557.3 2567.17 3327.03 3744.39 4626.47 
-6.27744e+66 -6.27744e+66 -6.27744e+66 993.672 1083.32 1199.99 1419.68 1678.45 2108.08 2116.54 2781.41 3152.4 3946.27 
-6.27744e+66 -6.27744e+66 -6.27744e+66 -6.27744e+66 993.672 1052.01 1198.47 1392.55 1736.24 1743.29 2313.18 2637.8 3343.47 
-6.27744e+66 -6.27744e+66 -6.27744e+66 -6.27744e+66 -6.27744e+66 993.672 1066.9 1196.29 1454.06 1459.7 1934.61 2212.85 2830.31 
-6.27744e+66 -6.27744e+66 -6.27744e+66 -6.27744e+66 -6.27744e+66 -6.27744e+66 993.672 1058.37 1230.21 1234.44 1614.37 1846.24 2375.49 
-6.27744e+66 -6.27744e+66 -6.27744e+66 -6.27744e+66 -6.27744e+66 -6.27744e+66 -6.27744e+66 993.672 1079.6 1082.42 1367.36 1552.86 1993.9 
-6.27744e+66 -6.27744e+66 -6.27744e+66 -6.27744e+66 -6.27744e+66 -6.27744e+66 -6.27744e+66 -6.27744e+66 993.672 995.082 1185.05 1324.17 1677 
-6.27744e+66 -6.27744e+66 -6.27744e+66 -6.27744e+66 -6.27744e+66 -6.27744e+66 -6.27744e+66 -6.27744e+66 -6.27744e+66 993.672 1088.65 1181.4 1446.03 
-6.27744e+66 -6.27744e+66 -6.27744e+66 -6.27744e+66 -6.27744e+66 -6.27744e+66 -6.27744e+66 -6.27744e+66 -6.27744e+66 -6.27744e+66 993.672 1040.05 1216.46 
-6.27744e+66 -6.27744e+66 -6.27744e+66 -6.27744e+66 -6.27744e+66 -6.27744e+66 -6.27744e+66 -6.27744e+66 -6.27744e+66 -6.27744e+66 -6.27744e+66 993.672 1081.88 
-6.27744e+66 -6.27744e+66 -6.27744e+66 -6.27744e+66 -6.27744e+66 -6.27744e+66 -6.27744e+66 -6.27744e+66 -6.27744e+66 -6.27744e+66 -6.27744e+66 -6.27744e+66 993.672 
-6.27744e+66 -6.27744e+66 -6.27744e+66 -6.27744e+66 -6.27744e+66 -6.27744e+66 -6.27744e+66 -6.27744e+66 -6.27744e+66 -6.27744e+66 -6.27744e+66 -6.27744e+66 -6.27744e+66 
-6.27744e+66 361.609 450.021 565.255 811.661 1037.92 1554.27 1986.62 2947.72 3122.77 3946.19 4209.91 4994.52 
-6.27744e+66 -6.27744e+66 361.609 419.226 583.497 753.188 1166.27 1526.56 2350.36 2503.53 3235.46 3472.81 4186.09 
-6.27744e+66 -6.27744e+66 -6.27744e+66 361.609 443.744 556.872 866.683 1154.92 1841.42 1972.7 2613.14 2824.12 3466.07 
-6.27744e+66 -6.27744e+66 -6.27744e+66 -6.27744e+66 361.609 418.173 624.713 840.888 1390.09 1499.49 2048.44 2233.04 2803.67 
-6.27744e+66 -6.27744e+66 -6.27744e+66 -6.27744e+66 -6.27744e+66 361.609 464.879 608.996 1020.9 1108.42 1565.88 1724.11 2223.41 
-6.27744e+66 -6.27744e+66 -6.27744e+66 -6.27744e+66 -6.27744e+66 -6.27744e+66 361.609 433.667 708.268 773.911 1139.88 1271.73 1699.7 
-6.27744e+66 -6.27744e+66 -6.27744e+66 -6.27744e+66 -6.27744e+66 -6.27744e+66 -6.27744e+66 361.609 498.909 542.672 817.146 922.632 1279.27 
-6.27744e+66 -6.27744e+66 -6.27744e+66 -6.27744e+66 -6.27744e+66 -6.27744e+66 -6.27744e+66 -6.27744e+66 361.609 383.49 566.473 645.588 930.901 
-6.27744e+66 -6.27744e+66 -6.27744e+66 -6.27744e+66 -6.27744e+66 -6.27744e+66 -6.27744e+66 -6.27744e+66 -6.27744e+66 361.609 453.1 505.843 719.828 
-6.27744e+66 -6.27744e+66 -6.27744e+66 -6.27744e+66 -6.27744e+66 -6.27744e+66 -6.27744e+66 -6.27744e+66 -6.27744e+66 -6.27744e+66 361.609 387.98 530.637 
-6.27744e+66 -6.27744e+66 -6.27744e+66 -6.27744e+66 -6.27744e+66 -6.27744e+66 -6.27744e+66 -6.27744e+66 -6.27744e+66 -6.27744e+66 -6.27744e+66 361.609 432.937 
-6.27744e+66 -6.27744e+66 -6.27744e+66 -6.27744e+66 -6.27744e+66 -6.27744e+66 -6.27744e+66 -6.27744e+66 -6.27744e+66 -6.27744e+66 -6.27744e+66 -6.27744e+66 361.609 
-6.27744e+66 -6.27744e+66 -6.27744e+66 -6.27744e+66 -6.27744e+66 -6.27744e+66 -6.27744e+66 -6.27744e+66 -6.27744e+66 -6.27744e+66 -6.27744e+66 -6.27744e+66 -6.27744e+66 
-6.27744e+66 1185.38 1302.3 1412.74 1709.15 1999.27 2507.74 2895.61 3574.46 3892.19 4870.17 5332.11 6123.84 
-6.27744e+66 -6.27744e+66 1185.38 1240.6 1438.21 1655.8 2062.57 2385.8 2967.67 3245.68 4115 4530.74 5250.5 
-6.27744e+66 -6.27744e+66 -6.27744e+66 1185.38 1284.18 1429.24 1734.33 1992.91 2477.8 2716.1 3476.75 3846.3 4494.08 
-6.27744e+66 -6.27744e+66 -6.27744e+66 -6.27744e+66 1185.38 1257.91 1461.3 1655.23 2043.15 2241.73 2893.72 3217.07 3792.88 
-6.27744e+66 -6.27744e+66 -6.27744e+66 -6.27744e+66 -6.27744e+66 1185.38 1287.08 1416.37 1707.3 1866.17 2409.49 2686.65 3190.48 
-6.27744e+66 -6.27744e+66 -6.27744e+66 -6.27744e+66 -6.27744e+66 -6.27744e+66 1185.38 1250.03 1443.98 1563.13 1997.79 2228.76 2660.62 
-6.27744e+66 -6.27744e+66 -6.27744e+66 -6.27744e+66 -6.27744e+66 -6.27744e+66 -6.27744e+66 1185.38 1282.36 1361.79 1687.79 1872.56 2232.44 
-6.27744e+66 -6.27744e+66 -6.27744e+66 -6.27744e+66 -6.27744e+66 -6.27744e+66 -6.27744e+66 -6.27744e+66 1185.38 1225.1 1442.43 1581.01 1868.91 
-6.27744e+66 -6.27744e+66 -6.27744e+66 -6.27744e+66 -6.27744e+66 -6.27744e+66 -6.27744e+66 -6.27744e+66 -6.27744e+66 1185.38 1294.05 1386.43 1602.36 
-6.27744e+66 -6.27744e+66 -6.27744e+66 -6.27744e+66 -6.27744e+66 -6.27744e+66 -6.27744e+66 -6.27744e+66 -6.27744e+66 -6.27744e+66 1185.38 1231.58 1375.53 
-6.27744e+66 -6.27744e+66 -6.27744e+66 -6.27744e+66 -6.27744e+66 -6.27744e+66 -6.27744e+66 -6.27744e+66 -6.27744e+66 -6.27744e+66 -6.27744e+66 1185.38 1257.36 
-6.27744e+66 -6.27744e+66 -6.27744e+66 -6.27744e+66 -6.27744e+66 -6.27744e+66 -6.27744e+66 -6.27744e+66 -6.27744e+66 -6.27744e+66 -6.27744e+66 -6.27744e+66 1185.38 
-6.27744e+66 -6.27744e+66 -6.27744e+66 -6.27744e+66 -6.27744e+66 -6.27744e+66 -6.27744e+66 -6.27744e+66 -6.27744e+66 -6.27744e+66 -6.27744e+66 -6.27744e+66 -6.27744e+66 
-6.27744e+66 628.17 750.208 811.546 1105.78 1315.54 1691.05 2217.22 2799.45 3334.47 4346.73 4935.12 6240.68 
-6.27744e+66 -6.27744e+66 628.17 658.839 854.995 1012.31 1312.72 1751.2 2250.25 2718.4 3618.18 4147.73 5334.61 
-6.27744e+66 -6.27744e+66 -6.27744e+66 628.17 726.248 831.127 1056.43 1407.22 1823.09 2224.36 3011.67 3482.38 4550.57 
-6.27744e+66 -6.27744e+66 -6.27744e+66 -6.27744e+66 628.17 680.61 830.813 1093.9 1426.6 1760.99 2435.83 2847.7 3797.2 
-6.27744e+66 -6.27744e+66 -6.27744e+66 -6.27744e+66 -6.27744e+66 628.17 703.272 878.663 1128.19 1395.7 1958.07 2311.1 3141.91 
-6.27744e+66 -6.27744e+66 -6.27744e+66 -6.27744e+66 -6.27744e+66 -6.27744e+66 628.17 715.866 882.216 1082.85 1532.74 1826.94 2539.06 
-6.27744e+66 -6.27744e+66 -6.27744e+66 -6.27744e+66 -6.27744e+66 -6.27744e+66 -6.27744e+66 628.17 711.345 845.102 1182.52 1417.88 2011.32 
-6.27744e+66 -6.27744e+66 -6.27744e+66 -6.27744e+66 -6.27744e+66 -6.27744e+66 -6.27744e+66 -6.27744e+66 628.17 695.048 919.995 1096.51 1571.26 
-6.27744e+66 -6.27744e+66 -6.27744e+66 -6.27744e+66 -6.27744e+66 -6.27744e+66 -6.27744e+66 -6.27744e+66 -6.27744e+66 628.17 740.644 858.321 1214.38 
-6.27744e+66 -6.27744e+66 -6.27744e+66 -6.27744e+66 -6.27744e+66 -6.27744e+66 -6.27744e+66 -6.27744e+66 -6.27744e+66 -6.27744e+66 628.17 687.009 924.385 
-6.27744e+66 -6.27744e+66 -6.27744e+66 -6.27744e+66 -6.27744e+66 -6.27744e+66 -6.27744e+66 -6.27744e+66 -6.27744e+66 -6.27744e+66 -6.27744e+66 628.17 746.858 
-6.27744e+66 -6.27744e+66 -6.27744e+66 -6.27744e+66 -6.27744e+66 -6.27744e+66 -6.27744e+66 -6.27744e+66 -6.27744e+66 -6.27744e+66 -6.27744e+66 -6.27744e+66 628.17 
-6.27744e+66 -6.27744e+66 -6.27744e+66 -6.27744e+66 -6.27744e+66 -6.27744e+66 -6.27744e+66 -6.27744e+66 -6.27744e+66 -6.27744e+66 -6.27744e+66 -6.27744e+66 -6.27744e+66 
-6.27744e+66 511.533 619.772 760.53 1105.64 1410.31 1878.38 2508.32 3220.51 3783.93 4316.9 4833.48 6166 
-6.27744e+66 -6.27744e+66 511.533 581.912 811.988 1040.49 1414.94 1939.89 2550.34 3043.34 3517.09 3982.01 5193.39 
-6.27744e+66 -6.27744e+66 -6.27744e+66 511.533 626.571 778.905 1059.74 1479.71 1988.41 2410.98 2825.51 3238.78 4329.02 
-6.27744e+66 -6.27744e+66 -6.27744e+66 -6.27744e+66 511.533 587.7 774.925 1089.9 1496.86 1849 2204.32 2565.92 3535.03 
-6.27744e+66 -6.27744e+66 -6.27744e+66 -6.27744e+66 -6.27744e+66 511.533 605.146 815.128 1120.35 1402.06 1698.16 2008.11 2856.07 
-6.27744e+66 -6.27744e+66 -6.27744e+66 -6.27744e+66 -6.27744e+66 -6.27744e+66 511.533 616.524 820.006 1031.29 1268.17 1526.46 2253.29 
-6.27744e+66 -6.27744e+66 -6.27744e+66 -6.27744e+66 -6.27744e+66 -6.27744e+66 -6.27744e+66 511.533 613.274 754.131 931.788 1138.42 1744.11 
-6.27744e+66 -6.27744e+66 -6.27744e+66 -6.27744e+66 -6.27744e+66 -6.27744e+66 -6.27744e+66 -6.27744e+66 511.533 581.961 700.399 855.373 1339.93 
-6.27744e+66 -6.27744e+66 -6.27744e+66 -6.27744e+66 -6.27744e+66 -6.27744e+66 -6.27744e+66 -6.27744e+66 -6.27744e+66 511.533 570.752 674.068 1037.48 
-6.27744e+66 -6.27744e+66 -6.27744e+66 -6.27744e+66 -6.27744e+66 -6.27744e+66 -6.27744e+66 -6.27744e+66 -6.27744e+66 -6.27744e+66 511.533 563.191 805.467 
-6.27744e+66 -6.27744e+66 -6.27744e+66 -6.27744e+66 -6.27744e+66 -6.27744e+66 -6.27744e+66 -6.27744e+66 -6.27744e+66 -6.27744e+66 -6.27744e+66 511.533 632.671 
-6.27744e+66 -6.27744e+66 -6.27744e+66 -6.27744e+66 -6.27744e+66 -6.27744e+66 -6.27744e+66 -6.27744e+66 -6.27744e+66 -6.27744e+66 -6.27744e+66 -6.27744e+66 511.533 
-6.27744e+66 -6.27744e+66 -6.27744e+66 -6.27744e+66 -6.27744e+66 -6.27744e+66 -6.27744e+66 -6.27744e+66 -6.27744e+66 -6.27744e+66 -6.27744e+66 -6.27744e+66 -6.27744e+66 
-6.27744e+66 784.091 889.191 987.652 1327.93 1327.93 1791.11 1962.69 2751.31 3161.38 3907.58 4596.67 5813.08 
-6.27744e+66 -6.27744e+66 784.091 833.322 1060.17 1060.17 1430.72 1573.7 2249.67 2608.47 3271.76 3891.95 4997.77 
-6.27744e+66 -6.27744e+66 -6.27744e+66 784.091 897.517 897.517 1175.42 1289.81 1853.12 2160.67 2741.04 3292.32 4287.56 
-6.27744e+66 -6.27744e+66 -6.27744e+66 -6.27744e+66 784.091 784.091 969.362 1055.15 1505.8 1762.09 2259.56 2741.92 3626.58 
-6.27744e+66 -6.27744e+66 -6.27744e+66 -6.27744e+66 -6.27744e+66 784.091 876.727 933.921 1271.9 1476.94 1891.49 2304.95 3079.02 
-6.27744e+66 -6.27744e+66 -6.27744e+66 -6.27744e+66 -6.27744e+66 -6.27744e+66 784.091 812.688 1038.01 1191.78 1523.43 1867.98 2531.47 
-6.27744e+66 -6.27744e+66 -6.27744e+66 -6.27744e+66 -6.27744e+66 -6.27744e+66 -6.27744e+66 784.091 896.752 999.269 1248 1523.64 2076.55 
-6.27744e+66 -6.27744e+66 -6.27744e+66 -6.27744e+66 -6.27744e+66 -6.27744e+66 -6.27744e+66 -6.27744e+66 784.091 835.35 1001.17 1207.9 1650.23 
-6.27744e+66 -6.27744e+66 -6.27744e+66 -6.27744e+66 -6.27744e+66 -6.27744e+66 -6.27744e+66 -6.27744e+66 -6.27744e+66 784.091 867.002 1004.82 1336.57 
-6.27744e+66 -6.27744e+66 -6.27744e+66 -6.27744e+66 -6.27744e+66 -6.27744e+66 -6.27744e+66 -6.27744e+66 -6.27744e+66 -6.27744e+66 784.091 853.001 1074.16 
-6.27744e+66 -6.27744e+66 -6.27744e+66 -6.27744e+66 -6.27744e+66 -6.27744e+66 -6.27744e+66 -6.27744e+66 -6.27744e+66 -6.27744e+66 -6.27744e+66 784.091 894.673 
-6.27744e+66 -6.27744e+66 -6.27744e+66 -6.27744e+66 -6.27744e+66 -6.27744e+66 -6.27744e+66 -6.27744e+66 -6.27744e+66 -6.27744e+66 -6.27744e+66 -6.27744e+66 784.091 
-6.27744e+66 -6.27744e+66 -6.27744e+66 -6.27744e+66 -6.27744e+66 -6.27744e+66 -6.27744e+66 -6.27744e+66 -6.27744e+66 -6.27744e+66 -6.27744e+66 -6.27744e+66 -6.27744e+66 
-6.27744e+66 182.336 294.028 374.052 565.778 731.805 1334.18 1716.21 2380.73 2830.55 3436.86 3998.53 4911.99 
-6.27744e+66 -6.27744e+66 182.336 222.347 350.165 474.685 956.585 1274.94 1844.53 2238.12 2777.06 3282.57 4112.99 
-6.27744e+66 -6.27744e+66 -6.27744e+66 182.336 246.244 329.258 690.683 945.366 1420.02 1757.39 2228.96 2678.31 3425.68 
-6.27744e+66 -6.27744e+66 -6.27744e+66 -6.27744e+66 182.336 223.842 464.792 655.805 1035.53 1316.67 1720.88 2114.05 2778.38 
-6.27744e+66 -6.27744e+66 -6.27744e+66 -6.27744e+66 -6.27744e+66 182.336 302.811 430.152 714.947 939.857 1276.7 1613.7 2194.99 
-6.27744e+66 -6.27744e+66 -6.27744e+66 -6.27744e+66 -6.27744e+66 -6.27744e+66 182.336 246.006 435.87 604.552 874.023 1154.86 1653.11 
-6.27744e+66 -6.27744e+66 -6.27744e+66 -6.27744e+66 -6.27744e+66 -6.27744e+66 -6.27744e+66 182.336 277.267 389.722 591.825 816.496 1231.71 
-6.27744e+66 -6.27744e+66 -6.27744e+66 -6.27744e+66 -6.27744e+66 -6.27744e+66 -6.27744e+66 -6.27744e+66 182.336 238.563 373.299 541.802 873.969 
-6.27744e+66 -6.27744e+66 -6.27744e+66 -6.27744e+66 -6.27744e+66 -6.27744e+66 -6.27744e+66 -6.27744e+66 -6.27744e+66 182.336 249.703 362.039 611.164 
-6.27744e+66 -6.27744e+66 -6.27744e+66 -6.27744e+66 -6.27744e+66 -6.27744e+66 -6.27744e+66 -6.27744e+66 -6.27744e+66 -6.27744e+66 182.336 238.503 404.587 
-6.27744e+66 -6.27744e+66 -6.27744e+66 -6.27744e+66 -6.27744e+66 -6.27744e+66 -6.27744e+66 -6.27744e+66 -6.27744e+66 -6.27744e+66 -6.27744e+66 182.336 265.377 
-6.27744e+66 -6.27744e+66 -6.27744e+66 -6.27744e+66 -6.27744e+66 -6.27744e+66 -6.27744e+66 -6.27744e+66 -6.27744e+66 -6.27744e+66 -6.27744e+66 -6.27744e+66 182.336 
-6.27744e+66 -6.27744e+66 -6.27744e+66 -6.27744e+66 -6.27744e+66 -6.27744e+66 -6.27744e+66 -6.27744e+66 -6.27744e+66 -6.27744e+66 -6.27744e+66 -6.27744e+66 -6.27744e+66 
-6.27744e+66 948.081 1020.74 1067.74 1375.65 1647.5 1974.06 2071.03 2554.24 2796.8 3875.34 4161.05 5244.67 
-6.27744e+66 -6.27744e+66 948.081 971.584 1176.85 1380.74 1641.99 1722.8 2136.98 2349.22 3307.92 3565.06 4550.17 
-6.27744e+66 -6.27744e+66 -6.27744e+66 948.081 1050.71 1186.64 1382.58 1447.22 1792.37 1974.29 2813.16 3041.73 3928.33 
-6.27744e+66 -6.27744e+66 -6.27744e+66 -6.27744e+66 948.081 1016.04 1146.67 1195.15 1471.27 1622.87 2341.9 2541.9 3329.99 
-6.27744e+66 -6.27744e+66 -6.27744e+66 -6.27744e+66 -6.27744e+66 948.081 1013.39 1045.72 1252.81 1374.09 1973.28 2144.7 2834.28 
-6.27744e+66 -6.27744e+66 -6.27744e+66 -6.27744e+66 -6.27744e+66 -6.27744e+66 948.081 964.242 1102.3 1193.26 1672.61 1815.47 2406.54 
-6.27744e+66 -6.27744e+66 -6.27744e+66 -6.27744e+66 -6.27744e+66 -6.27744e+66 -6.27744e+66 948.081 1017.11 1077.75 1437.26 1551.55 2044.1 
-6.27744e+66 -6.27744e+66 -6.27744e+66 -6.27744e+66 -6.27744e+66 -6.27744e+66 -6.27744e+66 -6.27744e+66 948.081 978.4 1218.08 1303.79 1697.83 
-6.27744e+66 -6.27744e+66 -6.27744e+66 -6.27744e+66 -6.27744e+66 -6.27744e+66 -6.27744e+66 -6.27744e+66 -6.27744e+66 948.081 1067.92 1125.06 1420.59 
-6.27744e+66 -6.27744e+66 -6.27744e+66 -6.27744e+66 -6.27744e+66 -6.27744e+66 -6.27744e+66 -6.27744e+66 -6.27744e+66 -6.27744e+66 948.081 976.652 1173.67 
-6.27744e+66 -6.27744e+66 -6.27744e+66 -6.27744e+66 -6.27744e+66 -6.27744e+66 -6.27744e+66 -6.27744e+66 -6.27744e+66 -6.27744e+66 -6.27744e+66 948.081 1046.59 
-6.27744e+66 -6.27744e+66 -6.27744e+66 -6.27744e+66 -6.27744e+66 -6.27744e+66 -6.27744e+66 -6.27744e+66 -6.27744e+66 -6.27744e+66 -6.27744e+66 -6.27744e+66 948.081 
-6.27744e+66 -6.27744e+66 -6.27744e+66 -6.27744e+66 -6.27744e+66 -6.27744e+66 -6.27744e+66 -6.27744e+66 -6.27744e+66 -6.27744e+66 -6.27744e+66 -6.27744e+66 -6.27744e+66 
-6.27744e+66 519.648 593.453 714.274 993.046 1231.89 1811.28 2173.4 2881.6 3204.42 4165.5 4871.88 6245.95 
-6.27744e+66 -6.27744e+66 519.648 580.059 765.907 945.042 1408.55 1710.32 2317.35 2599.81 3454.11 4089.85 5339.01 
-6.27744e+66 -6.27744e+66 -6.27744e+66 519.648 612.573 731.996 1079.63 1321.04 1826.9 2069.01 2816.52 3381.62 4505.87 
-6.27744e+66 -6.27744e+66 -6.27744e+66 -6.27744e+66 519.648 579.36 811.115 992.175 1396.86 1598.62 2239.34 2733.81 3733.13 
-6.27744e+66 -6.27744e+66 -6.27744e+66 -6.27744e+66 -6.27744e+66 519.648 635.526 756.232 1059.75 1221.15 1755.09 2178.92 3053.33 
-6.27744e+66 -6.27744e+66 -6.27744e+66 -6.27744e+66 -6.27744e+66 -6.27744e+66 519.648 580.001 782.344 903.4 1330.55 1683.74 2433.23 
-6.27744e+66 -6.27744e+66 -6.27744e+66 -6.27744e+66 -6.27744e+66 -6.27744e+66 -6.27744e+66 519.648 620.82 701.524 1021.89 1304.44 1929.02 
-6.27744e+66 -6.27744e+66 -6.27744e+66 -6.27744e+66 -6.27744e+66 -6.27744e+66 -6.27744e+66 -6.27744e+66 519.648 560 773.575 985.489 1485.15 
-6.27744e+66 -6.27744e+66 -6.27744e+66 -6.27744e+66 -6.27744e+66 -6.27744e+66 -6.27744e+66 -6.27744e+66 -6.27744e+66 519.648 626.436 767.711 1142.46 
-6.27744e+66 -6.27744e+66 -6.27744e+66 -6.27744e+66 -6.27744e+66 -6.27744e+66 -6.27744e+66 -6.27744e+66 -6.27744e+66 -6.27744e+66 519.648 590.286 840.118 
-6.27744e+66 -6.27744e+66 -6.27744e+66 -6.27744e+66 -6.27744e+66 -6.27744e+66 -6.27744e+66 -6.27744e+66 -6.27744e+66 -6.27744e+66 -6.27744e+66 519.648 644.564 
-6.27744e+66 -6.27744e+66 -6.27744e+66 -6.27744e+66 -6.27744e+66 -6.27744e+66 -6.27744e+66 -6.27744e+66 -6.27744e+66 -6.27744e+66 -6.27744e+66 -6.27744e+66 519.648 
-6.27744e+66 -6.27744e+66 -6.27744e+66 -6.27744e+66 -6.27744e+66 -6.27744e+66 -6.27744e+66 -6.27744e+66 -6.27744e+66 -6.27744e+66 -6.27744e+66 -6.27744e+66 -6.27744e+66 
-6.27744e+66 186.95 268.783 383.338 707.603 796.631 1288.75 1353.79 1661.66 2101.55 2826.7 3198.75 4093.94 
-6.27744e+66 -6.27744e+66 186.95 244.228 460.404 527.176 920.869 975.068 1238.96 1623.86 2268.44 2603.29 3417.1 
-6.27744e+66 -6.27744e+66 -6.27744e+66 186.95 295.039 339.553 634.823 678.182 898.091 1228.01 1792.01 2089.66 2822.08 
-6.27744e+66 -6.27744e+66 -6.27744e+66 -6.27744e+66 186.95 209.207 406.054 438.573 614.5 889.432 1372.86 1633.3 2284.35 
-6.27744e+66 -6.27744e+66 -6.27744e+66 -6.27744e+66 -6.27744e+66 186.95 285.374 307.053 438.998 658.944 1061.8 1285.04 1854.7 
-6.27744e+66 -6.27744e+66 -6.27744e+66 -6.27744e+66 -6.27744e+66 -6.27744e+66 186.95 197.79 285.753 450.713 772.999 959.028 1447.31 
-6.27744e+66 -6.27744e+66 -6.27744e+66 -6.27744e+66 -6.27744e+66 -6.27744e+66 -6.27744e+66 186.95 230.932 340.905 582.62 731.443 1138.35 
-6.27744e+66 -6.27744e+66 -6.27744e+66 -6.27744e+66 -6.27744e+66 -6.27744e+66 -6.27744e+66 -6.27744e+66 186.95 241.937 403.08 514.697 840.221 
-6.27744e+66 -6.27744e+66 -6.27744e+66 -6.27744e+66 -6.27744e+66 -6.27744e+66 -6.27744e+66 -6.27744e+66 -6.27744e+66 186.95 267.522 341.933 586.076 
-6.27744e+66 -6.27744e+66 -6.27744e+66 -6.27744e+66 -6.27744e+66 -6.27744e+66 -6.27744e+66 -6.27744e+66 -6.27744e+66 -6.27744e+66 186.95 224.156 386.918 
-6.27744e+66 -6.27744e+66 -6.27744e+66 -6.27744e+66 -6.27744e+66 -6.27744e+66 -6.27744e+66 -6.27744e+66 -6.27744e+66 -6.27744e+66 -6.27744e+66 186.95 268.331 
-6.27744e+66 -6.27744e+66 -6.27744e+66 -6.27744e+66 -6.27744e+66 -6.27744e+66 -6.27744e+66 -6.27744e+66 -6.27744e+66 -6.27744e+66 -6.27744e+66 -6.27744e+66 186.95 
-6.27744e+66 -6.27744e+66 -6.27744e+66 -6.27744e+66 -6.27744e+66 -6.27744e+66 -6.27744e+66 -6.27744e+66 -6.27744e+66 -6.27744e+66 -6.27744e+66 -6.27744e+66 -6.27744e+66 
-6.27744e+66 642.313 720.454 810.38 1161.71 1354.47 1796.94 2288.86 3120.52 3515.52 4327.75 5019.35 6096.2 
-6.27744e+66 -6.27744e+66 642.313 687.276 921.495 1066.07 1420.04 1829.97 2542.83 2888.45 3610.43 4232.87 5211.82 
-6.27744e+66 -6.27744e+66 -6.27744e+66 642.313 759.422 855.804 1121.29 1449.23 2043.27 2339.52 2971.26 3524.54 4405.59 
-6.27744e+66 -6.27744e+66 -6.27744e+66 -6.27744e+66 642.313 690.503 867.491 1113.45 1588.68 1835.56 2377.04 2861.17 3644.33 
-6.27744e+66 -6.27744e+66 -6.27744e+66 -6.27744e+66 -6.27744e+66 642.313 730.806 894.778 1251.2 1448.7 1899.94 2314.91 3000.17 
-6.27744e+66 -6.27744e+66 -6.27744e+66 -6.27744e+66 -6.27744e+66 -6.27744e+66 642.313 724.298 961.916 1110.04 1471.03 1816.83 2404.2 
-6.27744e+66 -6.27744e+66 -6.27744e+66 -6.27744e+66 -6.27744e+66 -6.27744e+66 -6.27744e+66 642.313 761.122 859.87 1130.61 1407.26 1896.73 
-6.27744e+66 -6.27744e+66 -6.27744e+66 -6.27744e+66 -6.27744e+66 -6.27744e+66 -6.27744e+66 -6.27744e+66 642.313 691.687 872.183 1079.66 1471.24 
-6.27744e+66 -6.27744e+66 -6.27744e+66 -6.27744e+66 -6.27744e+66 -6.27744e+66 -6.27744e+66 -6.27744e+66 -6.27744e+66 642.313 732.56 870.881 1164.57 
-6.27744e+66 -6.27744e+66 -6.27744e+66 -6.27744e+66 -6.27744e+66 -6.27744e+66 -6.27744e+66 -6.27744e+66 -6.27744e+66 -6.27744e+66 642.313 711.473 907.263 
-6.27744e+66 -6.27744e+66 -6.27744e+66 -6.27744e+66 -6.27744e+66 -6.27744e+66 -6.27744e+66 -6.27744e+66 -6.27744e+66 -6.27744e+66 -6.27744e+66 642.313 740.207 
-6.27744e+66 -6.27744e+66 -6.27744e+66 -6.27744e+66 -6.27744e+66 -6.27744e+66 -6.27744e+66 -6.27744e+66 -6.27744e+66 -6.27744e+66 -6.27744e+66 -6.27744e+66 642.313 
-6.27744e+66 -6.27744e+66 -6.27744e+66 -6.27744e+66 -6.27744e+66 -6.27744e+66 -6.27744e+66 -6.27744e+66 -6.27744e+66 -6.27744e+66 -6.27744e+66 -6.27744e+66 -6.27744e+66 
