24 10 
-6.27744e+66 378.504 482.265 634.493 1010.65 1178.33 1697.09 1980.65 2550.97 3048.47 3999.55 4392.53 5283.04 5465.23 6738.68 7011.7 8363.39 9248.39 11217.6 12194 14319.7 15151.1 17956.2 19101.7 21457.7 
-6.27744e+66 -6.27744e+66 378.504 454.618 705.391 831.146 1246.16 1482.45 1971.31 2406.62 3252.02 3605.7 4415.26 4582.27 5757.75 6011.28 7272.85 8102.54 9955.92 10878.1 12891.9 13681.8 16353.3 17446.7 19700.3 
-6.27744e+66 -6.27744e+66 -6.27744e+66 378.504 503.891 587.727 898.988 1088.02 1495.4 1868.52 2608.25 2922.63 3651.24 3803.06 4880.59 5114.61 6286.07 7060.45 8798 9665.89 11567.8 12316.1 14854.1 15895.4 18046.6 
-6.27744e+66 -6.27744e+66 -6.27744e+66 -6.27744e+66 378.504 420.422 627.93 769.705 1095.61 1406.54 2040.59 2315.68 2963.33 3099.97 4079.54 4294.06 5375.41 6094.48 7716.19 8529.83 10319.9 11026.6 13431 14420.3 16469 
-6.27744e+66 -6.27744e+66 -6.27744e+66 -6.27744e+66 -6.27744e+66 378.504 482.258 576.775 821.201 1069.95 1598.33 1834.11 2400.81 2522.27 3403.88 3598.9 4590.13 5253.89 6759.76 7519.16 9197.34 9862.51 12133.3 13070.5 15016.8 
-6.27744e+66 -6.27744e+66 -6.27744e+66 -6.27744e+66 -6.27744e+66 -6.27744e+66 378.504 425.763 588.714 775.276 1197.98 1394.46 1880.2 1986.48 2770.14 2945.65 3846.78 4455.22 5845.25 6550.41 8116.71 8740.31 10877.5 11762.7 13606.5 
-6.27744e+66 -6.27744e+66 -6.27744e+66 -6.27744e+66 -6.27744e+66 -6.27744e+66 -6.27744e+66 378.504 459.98 584.354 901.379 1058.57 1463.35 1554.45 2240.15 2396.16 3207.17 3760.3 5034.5 5685.42 7139.84 7721.86 9725.5 10558.6 12300 
-6.27744e+66 -6.27744e+66 -6.27744e+66 -6.27744e+66 -6.27744e+66 -6.27744e+66 -6.27744e+66 -6.27744e+66 378.504 440.692 652.042 769.935 1093.76 1169.67 1757.41 1893.93 2614.83 3112.64 4271.01 4867.68 6210.22 6750.67 8620.74 9401.75 11040.7 
-6.27744e+66 -6.27744e+66 -6.27744e+66 -6.27744e+66 -6.27744e+66 -6.27744e+66 -6.27744e+66 -6.27744e+66 -6.27744e+66 378.504 484.179 562.775 805.643 866.373 1356.16 1473.17 2103.96 2546.46 3588.99 4131.42 5362.08 5860.96 7597.45 8326.4 9862.92 
-6.27744e+66 -6.27744e+66 -6.27744e+66 -6.27744e+66 -6.27744e+66 -6.27744e+66 -6.27744e+66 -6.27744e+66 -6.27744e+66 -6.27744e+66 378.504 417.802 579.714 625.262 1017.09 1114.6 1655.27 2042.46 2969.15 3457.34 4576.13 5033.43 6636.34 7313.23 8747.32 
-6.27744e+66 -6.27744e+66 -6.27744e+66 -6.27744e+66 -6.27744e+66 -6.27744e+66 -6.27744e+66 -6.27744e+66 -6.27744e+66 -6.27744e+66 -6.27744e+66 378.504 459.46 489.825 783.697 861.704 1312.27 1644.14 2455 2888.94 3895.85 4311.58 5780.92 6405.73 7737.38 
-6.27744e+66 -6.27744e+66 -6.27744e+66 -6.27744e+66 -6.27744e+66 -6.27744e+66 -6.27744e+66 -6.27744e+66 -6.27744e+66 -6.27744e+66 -6.27744e+66 -6.27744e+66 378.504 393.687 589.601 648.107 1008.56 1285.12 1980.14 2359.84 3254.87 3629.03 4964.79 5537.53 6766.75 
-6.27744e+66 -6.27744e+66 -6.27744e+66 -6.27744e+66 -6.27744e+66 -6.27744e+66 -6.27744e+66 -6.27744e+66 -6.27744e+66 -6.27744e+66 -6.27744e+66 -6.27744e+66 -6.27744e+66 378.504 476.461 515.465 785.802 1007.05 1586.24 1911.69 2694.84 3027.43 4229.61 4750.29 5877.08 
-6.27744e+66 -6.27744e+66 -6.27744e+66 -6.27744e+66 -6.27744e+66 -6.27744e+66 -6.27744e+66 -6.27744e+66 -6.27744e+66 -6.27744e+66 -6.27744e+66 -6.27744e+66 -6.27744e+66 -6.27744e+66 378.504 398.006 578.231 744.169 1207.51 1478.73 2150 2441.01 3509.62 3978.23 5002.58 
-6.27744e+66 -6.27744e+66 -6.27744e+66 -6.27744e+66 -6.27744e+66 -6.27744e+66 -6.27744e+66 -6.27744e+66 -6.27744e+66 -6.27744e+66 -6.27744e+66 -6.27744e+66 -6.27744e+66 -6.27744e+66 -6.27744e+66 378.504 468.616 579.242 926.751 1143.72 1703.12 1952.55 2887.59 3304.13 4226.04 
-6.27744e+66 -6.27744e+66 -6.27744e+66 -6.27744e+66 -6.27744e+66 -6.27744e+66 -6.27744e+66 -6.27744e+66 -6.27744e+66 -6.27744e+66 -6.27744e+66 -6.27744e+66 -6.27744e+66 -6.27744e+66 -6.27744e+66 -6.27744e+66 378.504 433.817 665.49 828.219 1275.73 1483.6 2285.06 2649.53 3469.01 
-6.27744e+66 -6.27744e+66 -6.27744e+66 -6.27744e+66 -6.27744e+66 -6.27744e+66 -6.27744e+66 -6.27744e+66 -6.27744e+66 -6.27744e+66 -6.27744e+66 -6.27744e+66 -6.27744e+66 -6.27744e+66 -6.27744e+66 -6.27744e+66 -6.27744e+66 378.504 494.34 602.826 938.462 1104.75 1772.64 2085.04 2802.09 
-6.27744e+66 -6.27744e+66 -6.27744e+66 -6.27744e+66 -6.27744e+66 -6.27744e+66 -6.27744e+66 -6.27744e+66 -6.27744e+66 -6.27744e+66 -6.27744e+66 -6.27744e+66 -6.27744e+66 -6.27744e+66 -6.27744e+66 -6.27744e+66 -6.27744e+66 -6.27744e+66 378.504 432.747 656.504 781.224 1315.53 1575.87 2190.48 
-6.27744e+66 -6.27744e+66 -6.27744e+66 -6.27744e+66 -6.27744e+66 -6.27744e+66 -6.27744e+66 -6.27744e+66 -6.27744e+66 -6.27744e+66 -6.27744e+66 -6.27744e+66 -6.27744e+66 -6.27744e+66 -6.27744e+66 -6.27744e+66 -6.27744e+66 -6.27744e+66 -6.27744e+66 378.504 490.383 573.529 974.257 1182.53 1694.7 
-6.27744e+66 -6.27744e+66 -6.27744e+66 -6.27744e+66 -6.27744e+66 -6.27744e+66 -6.27744e+66 -6.27744e+66 -6.27744e+66 -6.27744e+66 -6.27744e+66 -6.27744e+66 -6.27744e+66 -6.27744e+66 -6.27744e+66 -6.27744e+66 -6.27744e+66 -6.27744e+66 -6.27744e+66 -6.27744e+66 378.504 420.077 687.23 843.433 1253.17 
-6.27744e+66 -6.27744e+66 -6.27744e+66 -6.27744e+66 -6.27744e+66 -6.27744e+66 -6.27744e+66 -6.27744e+66 -6.27744e+66 -6.27744e+66 -6.27744e+66 -6.27744e+66 -6.27744e+66 -6.27744e+66 -6.27744e+66 -6.27744e+66 -6.27744e+66 -6.27744e+66 -6.27744e+66 -6.27744e+66 -6.27744e+66 378.504 512.08 616.216 923.521 
-6.27744e+66 -6.27744e+66 -6.27744e+66 -6.27744e+66 -6.27744e+66 -6.27744e+66 -6.27744e+66 -6.27744e+66 -6.27744e+66 -6.27744e+66 -6.27744e+66 -6.27744e+66 -6.27744e+66 -6.27744e+66 -6.27744e+66 -6.27744e+66 -6.27744e+66 -6.27744e+66 -6.27744e+66 -6.27744e+66 -6.27744e+66 -6.27744e+66 378.504 430.572 635.442 
-6.27744e+66 -6.27744e+66 -6.27744e+66 -6.27744e+66 -6.27744e+66 -6.27744e+66 -6.27744e+66 -6.27744e+66 -6.27744e+66 -6.27744e+66 -6.27744e+66 -6.27744e+66 -6.27744e+66 -6.27744e+66 -6.27744e+66 -6.27744e+66 -6.27744e+66 -6.27744e+66 -6.27744e+66 -6.27744e+66 -6.27744e+66 -6.27744e+66 -6.27744e+66 378.504 480.939 
-6.27744e+66 -6.27744e+66 -6.27744e+66 -6.27744e+66 -6.27744e+66 -6.27744e+66 -6.27744e+66 -6.27744e+66 -6.27744e+66 -6.27744e+66 -6.27744e+66 -6.27744e+66 -6.27744e+66 -6.27744e+66 -6.27744e+66 -6.27744e+66 -6.27744e+66 -6.27744e+66 -6.27744e+66 -6.27744e+66 -6.27744e+66 -6.27744e+66 -6.27744e+66 -6.27744e+66 378.504 
-6.27744e+66 -6.27744e+66 -6.27744e+66 -6.27744e+66 -6.27744e+66 -6.27744e+66 -6.27744e+66 -6.27744e+66 -6.27744e+66 -6.27744e+66 -6.27744e+66 -6.27744e+66 -6.27744e+66 -6.27744e+66 -6.27744e+66 -6.27744e+66 -6.27744e+66 -6.27744e+66 -6.27744e+66 -6.27744e+66 -6.27744e+66 -6.27744e+66 -6.27744e+66 -6.27744e+66 -6.27744e+66 
-6.27744e+66 324.49 448.482 503.207 760.573 865.922 1396.68 1591.47 2322.15 2856.3 3703.57 3964.26 5472.14 6697.15 7735.26 8636.8 10184.7 11178.2 13283.8 13973.3 16966.8 17708.2 20575.6 21822.3 24058.5 
-6.27744e+66 -6.27744e+66 324.49 351.853 523.43 602.442 1027.05 1189.37 1815.67 2283.05 3036.18 3270.8 4641.6 5764.53 6722.78 7559.93 9004.68 9936.07 11917.8 12569 15405 16109.3 18840.1 20030.1 22169.1 
-6.27744e+66 -6.27744e+66 -6.27744e+66 324.49 410.279 462.953 781.407 911.267 1433.18 1833.8 2492.78 2701.33 3935.05 4955.89 5834.3 6607.05 7948.6 8817.9 10675.7 11288.7 13967.1 14634.3 17228.6 18362 20403.7 
-6.27744e+66 -6.27744e+66 -6.27744e+66 -6.27744e+66 324.49 350.827 563.13 660.525 1078.06 1411.9 1976.75 2159.23 3255.87 4174.63 4973.17 5681.53 6919.89 7727.09 9461.08 10035.7 12556.5 13186.7 15644.5 16721.2 18665.7 
-6.27744e+66 -6.27744e+66 -6.27744e+66 -6.27744e+66 -6.27744e+66 324.49 430.642 495.571 808.721 1075.8 1546.5 1702.91 2662.47 3479.15 4197.84 4841.8 5976.96 6722.07 8332.2 8868.51 11231.8 11824.9 14146.1 15166.2 17013.4 
-6.27744e+66 -6.27744e+66 -6.27744e+66 -6.27744e+66 -6.27744e+66 -6.27744e+66 324.49 356.955 565.721 766.028 1142.59 1272.94 2095.42 2810.01 3448.84 4028.41 5060.37 5743.39 7229.66 7727.66 9933.41 10489.5 12674.1 13637.5 15387.5 
-6.27744e+66 -6.27744e+66 -6.27744e+66 -6.27744e+66 -6.27744e+66 -6.27744e+66 -6.27744e+66 324.49 428.873 562.411 844.833 949.109 1634.51 2247.01 2806 3321.16 4249.93 4870.86 6233.28 6692.97 8741.16 9260.14 11308.3 12215 13867.8 
-6.27744e+66 -6.27744e+66 -6.27744e+66 -6.27744e+66 -6.27744e+66 -6.27744e+66 -6.27744e+66 -6.27744e+66 324.49 391.259 579.54 657.747 1206.07 1716.49 2195.62 2646.39 3471.96 4030.79 5269.36 5690.74 7581.38 8063.29 9974.86 10824.9 12380.5 
-6.27744e+66 -6.27744e+66 -6.27744e+66 -6.27744e+66 -6.27744e+66 -6.27744e+66 -6.27744e+66 -6.27744e+66 -6.27744e+66 324.49 418.631 470.769 882.009 1290.35 1689.62 2075.99 2798.37 3295.11 4409.82 4792.89 6525.98 6970.82 8745.85 9539.21 10997.6 
-6.27744e+66 -6.27744e+66 -6.27744e+66 -6.27744e+66 -6.27744e+66 -6.27744e+66 -6.27744e+66 -6.27744e+66 -6.27744e+66 -6.27744e+66 324.49 350.559 624.719 930.972 1250.39 1572.37 2191.55 2626.2 3617.05 3961.81 5537.35 5945.12 7583.61 8320.3 9681.44 
-6.27744e+66 -6.27744e+66 -6.27744e+66 -6.27744e+66 -6.27744e+66 -6.27744e+66 -6.27744e+66 -6.27744e+66 -6.27744e+66 -6.27744e+66 -6.27744e+66 324.49 461.57 665.738 905.303 1162.89 1678.87 2051.43 2918.42 3224.88 4642.86 5013.56 6515.51 7195.53 8459.45 
-6.27744e+66 -6.27744e+66 -6.27744e+66 -6.27744e+66 -6.27744e+66 -6.27744e+66 -6.27744e+66 -6.27744e+66 -6.27744e+66 -6.27744e+66 -6.27744e+66 -6.27744e+66 324.49 426.574 586.284 779.471 1192.26 1502.72 2245.86 2514.01 3774.44 4108.07 5473.48 6096.83 7263.52 
-6.27744e+66 -6.27744e+66 -6.27744e+66 -6.27744e+66 -6.27744e+66 -6.27744e+66 -6.27744e+66 -6.27744e+66 -6.27744e+66 -6.27744e+66 -6.27744e+66 -6.27744e+66 -6.27744e+66 324.49 404.345 533.136 842.726 1091.1 1710.38 1940.22 3043.1 3339.66 4568.53 5135.21 6204.68 
-6.27744e+66 -6.27744e+66 -6.27744e+66 -6.27744e+66 -6.27744e+66 -6.27744e+66 -6.27744e+66 -6.27744e+66 -6.27744e+66 -6.27744e+66 -6.27744e+66 -6.27744e+66 -6.27744e+66 -6.27744e+66 324.49 388.886 595.279 781.557 1276.98 1468.52 2413.84 2673.33 3765.66 4275.67 5247.92 
-6.27744e+66 -6.27744e+66 -6.27744e+66 -6.27744e+66 -6.27744e+66 -6.27744e+66 -6.27744e+66 -6.27744e+66 -6.27744e+66 -6.27744e+66 -6.27744e+66 -6.27744e+66 -6.27744e+66 -6.27744e+66 -6.27744e+66 324.49 427.687 551.872 923.441 1076.67 1864.44 2086.86 3042.65 3495.99 4371.01 
-6.27744e+66 -6.27744e+66 -6.27744e+66 -6.27744e+66 -6.27744e+66 -6.27744e+66 -6.27744e+66 -6.27744e+66 -6.27744e+66 -6.27744e+66 -6.27744e+66 -6.27744e+66 -6.27744e+66 -6.27744e+66 -6.27744e+66 -6.27744e+66 324.49 386.583 634.295 749.218 1379.43 1564.78 2384.03 2780.71 3558.5 
-6.27744e+66 -6.27744e+66 -6.27744e+66 -6.27744e+66 -6.27744e+66 -6.27744e+66 -6.27744e+66 -6.27744e+66 -6.27744e+66 -6.27744e+66 -6.27744e+66 -6.27744e+66 -6.27744e+66 -6.27744e+66 -6.27744e+66 -6.27744e+66 -6.27744e+66 324.49 448.346 524.961 997.621 1145.9 1828.61 2168.62 2849.19 
-6.27744e+66 -6.27744e+66 -6.27744e+66 -6.27744e+66 -6.27744e+66 -6.27744e+66 -6.27744e+66 -6.27744e+66 -6.27744e+66 -6.27744e+66 -6.27744e+66 -6.27744e+66 -6.27744e+66 -6.27744e+66 -6.27744e+66 -6.27744e+66 -6.27744e+66 -6.27744e+66 324.49 362.798 677.904 789.115 1335.28 1618.62 2201.97 
-6.27744e+66 -6.27744e+66 -6.27744e+66 -6.27744e+66 -6.27744e+66 -6.27744e+66 -6.27744e+66 -6.27744e+66 -6.27744e+66 -6.27744e+66 -6.27744e+66 -6.27744e+66 -6.27744e+66 -6.27744e+66 -6.27744e+66 -6.27744e+66 -6.27744e+66 -6.27744e+66 -6.27744e+66 324.49 482.043 556.184 965.807 1192.48 1678.6 
-6.27744e+66 -6.27744e+66 -6.27744e+66 -6.27744e+66 -6.27744e+66 -6.27744e+66 -6.27744e+66 -6.27744e+66 -6.27744e+66 -6.27744e+66 -6.27744e+66 -6.27744e+66 -6.27744e+66 -6.27744e+66 -6.27744e+66 -6.27744e+66 -6.27744e+66 -6.27744e+66 -6.27744e+66 -6.27744e+66 324.49 361.56 634.642 804.647 1193.54 
-6.27744e+66 -6.27744e+66 -6.27744e+66 -6.27744e+66 -6.27744e+66 -6.27744e+66 -6.27744e+66 -6.27744e+66 -6.27744e+66 -6.27744e+66 -6.27744e+66 -6.27744e+66 -6.27744e+66 -6.27744e+66 -6.27744e+66 -6.27744e+66 -6.27744e+66 -6.27744e+66 -6.27744e+66 -6.27744e+66 -6.27744e+66 324.49 461.031 574.368 866.04 
-6.27744e+66 -6.27744e+66 -6.27744e+66 -6.27744e+66 -6.27744e+66 -6.27744e+66 -6.27744e+66 -6.27744e+66 -6.27744e+66 -6.27744e+66 -6.27744e+66 -6.27744e+66 -6.27744e+66 -6.27744e+66 -6.27744e+66 -6.27744e+66 -6.27744e+66 -6.27744e+66 -6.27744e+66 -6.27744e+66 -6.27744e+66 -6.27744e+66 324.49 381.158 575.607 
-6.27744e+66 -6.27744e+66 -6.27744e+66 -6.27744e+66 -6.27744e+66 -6.27744e+66 -6.27744e+66 -6.27744e+66 -6.27744e+66 -6.27744e+66 -6.27744e+66 -6.27744e+66 -6.27744e+66 -6.27744e+66 -6.27744e+66 -6.27744e+66 -6.27744e+66 -6.27744e+66 -6.27744e+66 -6.27744e+66 -6.27744e+66 -6.27744e+66 -6.27744e+66 324.49 421.714 
-6.27744e+66 -6.27744e+66 -6.27744e+66 -6.27744e+66 -6.27744e+66 -6.27744e+66 -6.27744e+66 -6.27744e+66 -6.27744e+66 -6.27744e+66 -6.27744e+66 -6.27744e+66 -6.27744e+66 -6.27744e+66 -6.27744e+66 -6.27744e+66 -6.27744e+66 -6.27744e+66 -6.27744e+66 -6.27744e+66 -6.27744e+66 -6.27744e+66 -6.27744e+66 -6.27744e+66 324.49 
-6.27744e+66 -6.27744e+66 -6.27744e+66 -6.27744e+66 -6.27744e+66 -6.27744e+66 -6.27744e+66 -6.27744e+66 -6.27744e+66 -6.27744e+66 -6.27744e+66 -6.27744e+66 -6.27744e+66 -6.27744e+66 -6.27744e+66 -6.27744e+66 -6.27744e+66 -6.27744e+66 -6.27744e+66 -6.27744e+66 -6.27744e+66 -6.27744e+66 -6.27744e+66 -6.27744e+66 -6.27744e+66 
-6.27744e+66 545.181 658.139 771.861 1086.67 1386.9 1780.92 2020.98 2850.4 3330.59 4088.1 4495.41 5751.92 6558.76 8149.7 8658.3 9996.79 11314.9 12850.8 13439.7 15258.4 16316.5 18635.5 19892.4 22640.6 
-6.27744e+66 -6.27744e+66 545.181 602.042 811.916 1037.09 1352.3 1552.35 2263.29 2683.45 3356.79 3723.37 4865.66 5605.25 7073.82 7546.09 8795.35 10031 11476.7 12032.8 13755.8 14761 16969.5 18169.3 20798.1 
-6.27744e+66 -6.27744e+66 -6.27744e+66 545.181 650.118 800.231 1036.65 1196.68 1789.13 2149.27 2738.44 3064.29 4092.35 4764.71 6110.89 6546.83 7706.86 8860.18 10215.4 10738.9 12366.1 13318.5 15416.5 16559.2 19068.5 
-6.27744e+66 -6.27744e+66 -6.27744e+66 -6.27744e+66 545.181 620.238 777.847 897.874 1371.83 1671.95 2176.96 2462.07 3375.9 3981.03 5204.83 5604.44 6675.24 7746.18 9011.09 9501.78 11033.3 11932.8 13920.4 15006 17395.7 
-6.27744e+66 -6.27744e+66 -6.27744e+66 -6.27744e+66 -6.27744e+66 545.181 623.986 704.004 1059.47 1299.57 1720.4 1964.79 2764.39 3302.28 4403.7 4766.99 5748.55 6737.11 7911.67 8369.65 9805.46 10652 12529.2 13557.6 15827.9 
-6.27744e+66 -6.27744e+66 -6.27744e+66 -6.27744e+66 -6.27744e+66 -6.27744e+66 545.181 585.19 822.17 1002.24 1338.91 1542.57 2227.94 2698.59 3677.63 4004.59 4896.92 5803.1 6887.31 7312.57 8652.67 9446.29 11213.1 12184.4 14335.2 
-6.27744e+66 -6.27744e+66 -6.27744e+66 -6.27744e+66 -6.27744e+66 -6.27744e+66 -6.27744e+66 545.181 663.671 783.718 1036.22 1199.14 1770.29 2173.7 3030.37 3320.99 4124.09 4947.89 5941.75 6334.3 7578.68 8319.39 9975.76 10889.9 12921.2 
-6.27744e+66 -6.27744e+66 -6.27744e+66 -6.27744e+66 -6.27744e+66 -6.27744e+66 -6.27744e+66 -6.27744e+66 545.181 605.205 773.54 895.733 1352.65 1688.83 2423.11 2677.41 3391.27 4132.69 5036.2 5396.04 6544.69 7232.5 8778.45 9635.46 11547.3 
-6.27744e+66 -6.27744e+66 -6.27744e+66 -6.27744e+66 -6.27744e+66 -6.27744e+66 -6.27744e+66 -6.27744e+66 -6.27744e+66 545.181 629.349 710.811 1053.5 1322.44 1934.34 2152.31 2776.94 3435.98 4249.14 4576.27 5629.2 6264.1 7699.62 8499.5 10291.8 
-6.27744e+66 -6.27744e+66 -6.27744e+66 -6.27744e+66 -6.27744e+66 -6.27744e+66 -6.27744e+66 -6.27744e+66 -6.27744e+66 -6.27744e+66 545.181 585.912 814.369 1016.08 1505.6 1687.24 2222.64 2799.3 3522.11 3816.52 4773.73 5355.72 6680.82 7423.57 9096.4 
-6.27744e+66 -6.27744e+66 -6.27744e+66 -6.27744e+66 -6.27744e+66 -6.27744e+66 -6.27744e+66 -6.27744e+66 -6.27744e+66 -6.27744e+66 -6.27744e+66 545.181 659.41 793.882 1161.02 1306.34 1752.5 2246.78 2879.24 3140.94 4002.43 4531.51 5746.18 6431.8 7985.15 
-6.27744e+66 -6.27744e+66 -6.27744e+66 -6.27744e+66 -6.27744e+66 -6.27744e+66 -6.27744e+66 -6.27744e+66 -6.27744e+66 -6.27744e+66 -6.27744e+66 -6.27744e+66 545.181 612.417 857.178 966.163 1323.09 1735 2277.1 2506.09 3271.86 3748.03 4852.28 5480.76 6914.62 
-6.27744e+66 -6.27744e+66 -6.27744e+66 -6.27744e+66 -6.27744e+66 -6.27744e+66 -6.27744e+66 -6.27744e+66 -6.27744e+66 -6.27744e+66 -6.27744e+66 -6.27744e+66 -6.27744e+66 545.181 667.562 740.218 1007.92 1337.44 1789.19 1985.47 2655.52 3078.78 4072.61 4643.95 5958.32 
-6.27744e+66 -6.27744e+66 -6.27744e+66 -6.27744e+66 -6.27744e+66 -6.27744e+66 -6.27744e+66 -6.27744e+66 -6.27744e+66 -6.27744e+66 -6.27744e+66 -6.27744e+66 -6.27744e+66 -6.27744e+66 545.181 581.51 759.976 1007.12 1368.52 1532.08 2106.41 2476.77 3360.17 3874.37 5069.26 
-6.27744e+66 -6.27744e+66 -6.27744e+66 -6.27744e+66 -6.27744e+66 -6.27744e+66 -6.27744e+66 -6.27744e+66 -6.27744e+66 -6.27744e+66 -6.27744e+66 -6.27744e+66 -6.27744e+66 -6.27744e+66 -6.27744e+66 545.181 634.414 799.174 1070.23 1201.08 1679.68 1997.13 2770.11 3227.18 4302.58 
-6.27744e+66 -6.27744e+66 -6.27744e+66 -6.27744e+66 -6.27744e+66 -6.27744e+66 -6.27744e+66 -6.27744e+66 -6.27744e+66 -6.27744e+66 -6.27744e+66 -6.27744e+66 -6.27744e+66 -6.27744e+66 -6.27744e+66 -6.27744e+66 545.181 627.561 808.264 906.401 1289.29 1553.83 2216.38 2616.32 3572.22 
-6.27744e+66 -6.27744e+66 -6.27744e+66 -6.27744e+66 -6.27744e+66 -6.27744e+66 -6.27744e+66 -6.27744e+66 -6.27744e+66 -6.27744e+66 -6.27744e+66 -6.27744e+66 -6.27744e+66 -6.27744e+66 -6.27744e+66 -6.27744e+66 -6.27744e+66 545.181 635.532 700.958 988.12 1199.75 1751.88 2094.68 2931.1 
-6.27744e+66 -6.27744e+66 -6.27744e+66 -6.27744e+66 -6.27744e+66 -6.27744e+66 -6.27744e+66 -6.27744e+66 -6.27744e+66 -6.27744e+66 -6.27744e+66 -6.27744e+66 -6.27744e+66 -6.27744e+66 -6.27744e+66 -6.27744e+66 -6.27744e+66 -6.27744e+66 545.181 577.894 769.336 928.061 1369.76 1655.43 2372.36 
-6.27744e+66 -6.27744e+66 -6.27744e+66 -6.27744e+66 -6.27744e+66 -6.27744e+66 -6.27744e+66 -6.27744e+66 -6.27744e+66 -6.27744e+66 -6.27744e+66 -6.27744e+66 -6.27744e+66 -6.27744e+66 -6.27744e+66 -6.27744e+66 -6.27744e+66 -6.27744e+66 -6.27744e+66 545.181 640.902 746.719 1077.99 1306.53 1903.97 
-6.27744e+66 -6.27744e+66 -6.27744e+66 -6.27744e+66 -6.27744e+66 -6.27744e+66 -6.27744e+66 -6.27744e+66 -6.27744e+66 -6.27744e+66 -6.27744e+66 -6.27744e+66 -6.27744e+66 -6.27744e+66 -6.27744e+66 -6.27744e+66 -6.27744e+66 -6.27744e+66 -6.27744e+66 -6.27744e+66 545.181 598.09 818.939 990.342 1468.3 
-6.27744e+66 -6.27744e+66 -6.27744e+66 -6.27744e+66 -6.27744e+66 -6.27744e+66 -6.27744e+66 -6.27744e+66 -6.27744e+66 -6.27744e+66 -6.27744e+66 -6.27744e+66 -6.27744e+66 -6.27744e+66 -6.27744e+66 -6.27744e+66 -6.27744e+66 -6.27744e+66 -6.27744e+66 -6.27744e+66 -6.27744e+66 545.181 655.606 769.875 1128.34 
-6.27744e+66 -6.27744e+66 -6.27744e+66 -6.27744e+66 -6.27744e+66 -6.27744e+66 -6.27744e+66 -6.27744e+66 -6.27744e+66 -6.27744e+66 -6.27744e+66 -6.27744e+66 -6.27744e+66 -6.27744e+66 -6.27744e+66 -6.27744e+66 -6.27744e+66 -6.27744e+66 -6.27744e+66 -6.27744e+66 -6.27744e+66 -6.27744e+66 545.181 602.316 841.293 
-6.27744e+66 -6.27744e+66 -6.27744e+66 -6.27744e+66 -6.27744e+66 -6.27744e+66 -6.27744e+66 -6.27744e+66 -6.27744e+66 -6.27744e+66 -6.27744e+66 -6.27744e+66 -6.27744e+66 -6.27744e+66 -6.27744e+66 -6.27744e+66 -6.27744e+66 -6.27744e+66 -6.27744e+66 -6.27744e+66 -6.27744e+66 -6.27744e+66 -6.27744e+66 545.181 664.67 
-6.27744e+66 -6.27744e+66 -6.27744e+66 -6.27744e+66 -6.27744e+66 -6.27744e+66 -6.27744e+66 -6.27744e+66 -6.27744e+66 -6.27744e+66 -6.27744e+66 -6.27744e+66 -6.27744e+66 -6.27744e+66 -6.27744e+66 -6.27744e+66 -6.27744e+66 -6.27744e+66 -6.27744e+66 -6.27744e+66 -6.27744e+66 -6.27744e+66 -6.27744e+66 -6.27744e+66 545.181 
-6.27744e+66 -6.27744e+66 -6.27744e+66 -6.27744e+66 -6.27744e+66 -6.27744e+66 -6.27744e+66 -6.27744e+66 -6.27744e+66 -6.27744e+66 -6.27744e+66 -6.27744e+66 -6.27744e+66 -6.27744e+66 -6.27744e+66 -6.27744e+66 -6.27744e+66 -6.27744e+66 -6.27744e+66 -6.27744e+66 -6.27744e+66 -6.27744e+66 -6.27744e+66 -6.27744e+66 -6.27744e+66 
-6.27744e+66 415.808 543.21 624.028 926.299 1173.7 1789.11 1905.85 2564.76 2814.59 3804.35 4025.63 5178.57 6182.71 7252.45 8140.68 9839.36 10694.9 12297.1 13320.5 14746.2 15922.2 18260.9 18740.1 21667.6 
-6.27744e+66 -6.27744e+66 415.808 456.217 657.731 843.281 1335.61 1432.89 1997.67 2216.28 3096.06 3295.22 4343.34 5263.8 6251.26 7076.03 8661.47 9463.54 10971.5 11938 13288.7 14405.9 16633.3 17090.7 19890.9 
-6.27744e+66 -6.27744e+66 -6.27744e+66 415.808 516.565 640.265 1009.51 1087.34 1557.99 1745.36 2515.18 2692.2 3635.51 4472.29 5377.46 6138.8 7610.99 8359.59 9773.32 10683 11958.7 13017 15133 15568.6 18241.6 
-6.27744e+66 -6.27744e+66 -6.27744e+66 -6.27744e+66 415.808 477.657 723.823 782.191 1158.71 1314.86 1974.7 2129.59 2968.09 3721.2 4544.08 5241.97 6600.91 7296.04 8615.53 9468.33 10669 11668.5 13673.1 14087 16632.7 
-6.27744e+66 -6.27744e+66 -6.27744e+66 -6.27744e+66 -6.27744e+66 415.808 538.89 577.802 860.192 985.11 1534.98 1667.75 2401.43 3070.86 3811.45 4445.89 5691.59 6333.25 7558.49 8354.44 9480.03 10420.8 12314 12706.1 15124.5 
-6.27744e+66 -6.27744e+66 -6.27744e+66 -6.27744e+66 -6.27744e+66 -6.27744e+66 415.808 435.263 623.523 717.212 1157.1 1267.75 1896.62 2482.37 3140.67 3711.67 4844.13 5432.31 6563.3 7302.4 8352.95 9234.93 11016.8 11387.1 13678.2 
-6.27744e+66 -6.27744e+66 -6.27744e+66 -6.27744e+66 -6.27744e+66 -6.27744e+66 -6.27744e+66 415.808 509.938 572.397 902.316 990.829 1514.89 2016.96 2592.98 3100.53 4119.74 4654.46 5691.2 6373.44 7348.95 8172.13 9842.63 10191.1 12355 
-6.27744e+66 -6.27744e+66 -6.27744e+66 -6.27744e+66 -6.27744e+66 -6.27744e+66 -6.27744e+66 -6.27744e+66 415.808 447.037 666.983 733.368 1152.62 1571.01 2064.74 2508.85 3414.81 3896.06 4838.55 5463.93 6364.41 7128.79 8687.93 9014.65 11051.2 
-6.27744e+66 -6.27744e+66 -6.27744e+66 -6.27744e+66 -6.27744e+66 -6.27744e+66 -6.27744e+66 -6.27744e+66 -6.27744e+66 415.808 525.781 570.037 884.473 1219.19 1630.63 2011.29 2804.01 3231.78 4080.03 4648.56 5473.99 6179.58 7627.35 7932.29 9841.55 
-6.27744e+66 -6.27744e+66 -6.27744e+66 -6.27744e+66 -6.27744e+66 -6.27744e+66 -6.27744e+66 -6.27744e+66 -6.27744e+66 -6.27744e+66 415.808 437.936 647.56 898.595 1227.75 1544.97 2224.44 2598.74 3352.74 3864.42 4614.81 5261.6 6598 6881.16 8663.13 
-6.27744e+66 -6.27744e+66 -6.27744e+66 -6.27744e+66 -6.27744e+66 -6.27744e+66 -6.27744e+66 -6.27744e+66 -6.27744e+66 -6.27744e+66 -6.27744e+66 415.808 520.62 687.976 934.841 1188.62 1754.85 2075.68 2735.42 3190.25 3865.6 4453.59 5678.62 5940 7594.69 
-6.27744e+66 -6.27744e+66 -6.27744e+66 -6.27744e+66 -6.27744e+66 -6.27744e+66 -6.27744e+66 -6.27744e+66 -6.27744e+66 -6.27744e+66 -6.27744e+66 -6.27744e+66 415.808 499.486 664.062 854.396 1307.38 1574.74 2140.23 2538.2 3138.52 3667.71 4781.38 5020.97 6548.38 
-6.27744e+66 -6.27744e+66 -6.27744e+66 -6.27744e+66 -6.27744e+66 -6.27744e+66 -6.27744e+66 -6.27744e+66 -6.27744e+66 -6.27744e+66 -6.27744e+66 -6.27744e+66 -6.27744e+66 415.808 498.096 624.985 964.721 1178.61 1649.85 1990.97 2516.25 2986.64 3988.94 4206.76 5606.88 
-6.27744e+66 -6.27744e+66 -6.27744e+66 -6.27744e+66 -6.27744e+66 -6.27744e+66 -6.27744e+66 -6.27744e+66 -6.27744e+66 -6.27744e+66 -6.27744e+66 -6.27744e+66 -6.27744e+66 -6.27744e+66 415.808 479.252 705.743 866.158 1243.15 1527.42 1977.66 2389.25 3280.18 3476.22 4749.06 
-6.27744e+66 -6.27744e+66 -6.27744e+66 -6.27744e+66 -6.27744e+66 -6.27744e+66 -6.27744e+66 -6.27744e+66 -6.27744e+66 -6.27744e+66 -6.27744e+66 -6.27744e+66 -6.27744e+66 -6.27744e+66 -6.27744e+66 415.808 529.053 635.996 918.743 1146.16 1521.35 1874.15 2653.71 2827.97 3973.52 
-6.27744e+66 -6.27744e+66 -6.27744e+66 -6.27744e+66 -6.27744e+66 -6.27744e+66 -6.27744e+66 -6.27744e+66 -6.27744e+66 -6.27744e+66 -6.27744e+66 -6.27744e+66 -6.27744e+66 -6.27744e+66 -6.27744e+66 -6.27744e+66 415.808 469.279 657.777 828.337 1128.5 1422.49 2090.69 2243.16 3261.43 
-6.27744e+66 -6.27744e+66 -6.27744e+66 -6.27744e+66 -6.27744e+66 -6.27744e+66 -6.27744e+66 -6.27744e+66 -6.27744e+66 -6.27744e+66 -6.27744e+66 -6.27744e+66 -6.27744e+66 -6.27744e+66 -6.27744e+66 -6.27744e+66 -6.27744e+66 415.808 510.057 623.763 848.882 1084.08 1640.91 1771.6 2662.59 
-6.27744e+66 -6.27744e+66 -6.27744e+66 -6.27744e+66 -6.27744e+66 -6.27744e+66 -6.27744e+66 -6.27744e+66 -6.27744e+66 -6.27744e+66 -6.27744e+66 -6.27744e+66 -6.27744e+66 -6.27744e+66 -6.27744e+66 -6.27744e+66 -6.27744e+66 -6.27744e+66 415.808 472.661 622.74 799.136 1244.6 1353.51 2117.21 
-6.27744e+66 -6.27744e+66 -6.27744e+66 -6.27744e+66 -6.27744e+66 -6.27744e+66 -6.27744e+66 -6.27744e+66 -6.27744e+66 -6.27744e+66 -6.27744e+66 -6.27744e+66 -6.27744e+66 -6.27744e+66 -6.27744e+66 -6.27744e+66 -6.27744e+66 -6.27744e+66 -6.27744e+66 415.808 490.847 608.444 942.545 1029.67 1666.09 
-6.27744e+66 -6.27744e+66 -6.27744e+66 -6.27744e+66 -6.27744e+66 -6.27744e+66 -6.27744e+66 -6.27744e+66 -6.27744e+66 -6.27744e+66 -6.27744e+66 -6.27744e+66 -6.27744e+66 -6.27744e+66 -6.27744e+66 -6.27744e+66 -6.27744e+66 -6.27744e+66 -6.27744e+66 -6.27744e+66 415.808 474.606 697.34 762.685 1271.82 
-6.27744e+66 -6.27744e+66 -6.27744e+66 -6.27744e+66 -6.27744e+66 -6.27744e+66 -6.27744e+66 -6.27744e+66 -6.27744e+66 -6.27744e+66 -6.27744e+66 -6.27744e+66 -6.27744e+66 -6.27744e+66 -6.27744e+66 -6.27744e+66 -6.27744e+66 -6.27744e+66 -6.27744e+66 -6.27744e+66 -6.27744e+66 415.808 527.174 570.738 952.589 
-6.27744e+66 -6.27744e+66 -6.27744e+66 -6.27744e+66 -6.27744e+66 -6.27744e+66 -6.27744e+66 -6.27744e+66 -6.27744e+66 -6.27744e+66 -6.27744e+66 -6.27744e+66 -6.27744e+66 -6.27744e+66 -6.27744e+66 -6.27744e+66 -6.27744e+66 -6.27744e+66 -6.27744e+66 -6.27744e+66 -6.27744e+66 -6.27744e+66 415.808 437.589 692.157 
-6.27744e+66 -6.27744e+66 -6.27744e+66 -6.27744e+66 -6.27744e+66 -6.27744e+66 -6.27744e+66 -6.27744e+66 -6.27744e+66 -6.27744e+66 -6.27744e+66 -6.27744e+66 -6.27744e+66 -6.27744e+66 -6.27744e+66 -6.27744e+66 -6.27744e+66 -6.27744e+66 -6.27744e+66 -6.27744e+66 -6.27744e+66 -6.27744e+66 -6.27744e+66 415.808 543.091 
-6.27744e+66 -6.27744e+66 -6.27744e+66 -6.27744e+66 -6.27744e+66 -6.27744e+66 -6.27744e+66 -6.27744e+66 -6.27744e+66 -6.27744e+66 -6.27744e+66 -6.27744e+66 -6.27744e+66 -6.27744e+66 -6.27744e+66 -6.27744e+66 -6.27744e+66 -6.27744e+66 -6.27744e+66 -6.27744e+66 -6.27744e+66 -6.27744e+66 -6.27744e+66 -6.27744e+66 415.808 
-6.27744e+66 -6.27744e+66 -6.27744e+66 -6.27744e+66 -6.27744e+66 -6.27744e+66 -6.27744e+66 -6.27744e+66 -6.27744e+66 -6.27744e+66 -6.27744e+66 -6.27744e+66 -6.27744e+66 -6.27744e+66 -6.27744e+66 -6.27744e+66 -6.27744e+66 -6.27744e+66 -6.27744e+66 -6.27744e+66 -6.27744e+66 -6.27744e+66 -6.27744e+66 -6.27744e+66 -6.27744e+66 
-6.27744e+66 1292.7 1375.03 1446.96 1746.47 1978.14 2548.82 2899.7 3844.11 4185.18 5242.97 5892.96 6517.51 7113.25 8907.28 9607.99 10812.1 11631.2 13818.4 14366.3 16217.8 17067.4 18731.6 19729.4 22047.6 
-6.27744e+66 -6.27744e+66 1292.7 1328.67 1528.34 1702.09 2158.64 2451.04 3260.53 3558.96 4499.22 5084.22 5651.99 6198.08 7854.11 8504.77 9628.61 10396.5 12455.1 12972.5 14726.6 15533.6 17118.6 18071.1 20288.5 
-6.27744e+66 -6.27744e+66 -6.27744e+66 1292.7 1392.54 1508.37 1850.79 2084.71 2759.28 3015.08 3837.81 4357.81 4868.8 5365.25 6883.27 7483.88 8527.44 9244.16 11174.1 11661.1 13317.7 14082.3 15588 16495.1 18611.7 
-6.27744e+66 -6.27744e+66 -6.27744e+66 -6.27744e+66 1292.7 1350.62 1578.89 1754.34 2294 2507.16 3212.36 3667.35 4121.57 4568.37 5948.4 6498.95 7462.24 8127.76 9929 10385.6 11944.7 12666.8 14093.3 14955.1 16970.9 
-6.27744e+66 -6.27744e+66 -6.27744e+66 -6.27744e+66 -6.27744e+66 1292.7 1406.84 1523.8 1928.55 2099.08 2686.74 3076.74 3474.18 3871.34 5113.36 5613.86 6496.88 7111.21 8783.78 9209.91 10671.6 11351.3 12698.5 13514.9 15429.9 
-6.27744e+66 -6.27744e+66 -6.27744e+66 -6.27744e+66 -6.27744e+66 -6.27744e+66 1292.7 1351.18 1621.01 1748.91 2219.04 2544.04 2884.7 3232.22 4336.24 4786.69 5589.43 6152.56 7696.48 8092.17 9456.46 10093.6 11361.6 12132.6 13946.9 
-6.27744e+66 -6.27744e+66 -6.27744e+66 -6.27744e+66 -6.27744e+66 -6.27744e+66 -6.27744e+66 1292.7 1427.62 1512.89 1865.48 2125.48 2409.36 2707.23 3673.25 4073.66 4796.12 5308.06 6723.32 7088.57 8355.41 8950.08 10138.8 10864.5 12578 
-6.27744e+66 -6.27744e+66 -6.27744e+66 -6.27744e+66 -6.27744e+66 -6.27744e+66 -6.27744e+66 -6.27744e+66 1292.7 1335.34 1570.4 1765.4 1992.51 2240.73 3068.75 3419.1 4061.29 4522.04 5808.63 6143.45 7312.84 7865.03 8974.5 9654.85 11267.5 
-6.27744e+66 -6.27744e+66 -6.27744e+66 -6.27744e+66 -6.27744e+66 -6.27744e+66 -6.27744e+66 -6.27744e+66 -6.27744e+66 1292.7 1410.24 1540.24 1710.57 1909.15 2599.16 2899.46 3461.38 3870.93 5028.87 5333.25 6405.18 6914.9 7945.12 8580.12 10092 
-6.27744e+66 -6.27744e+66 -6.27744e+66 -6.27744e+66 -6.27744e+66 -6.27744e+66 -6.27744e+66 -6.27744e+66 -6.27744e+66 -6.27744e+66 1292.7 1357.7 1471.26 1620.19 2172.2 2422.45 2904.1 3262.46 4291.73 4565.67 5540.16 6007.41 6958.37 7548.02 8959.09 
-6.27744e+66 -6.27744e+66 -6.27744e+66 -6.27744e+66 -6.27744e+66 -6.27744e+66 -6.27744e+66 -6.27744e+66 -6.27744e+66 -6.27744e+66 -6.27744e+66 1292.7 1349.48 1448.77 1862.78 2062.98 2464.35 2771.51 3672.13 3915.63 4792.67 5217.44 6089.16 6633.45 7943.73 
-6.27744e+66 -6.27744e+66 -6.27744e+66 -6.27744e+66 -6.27744e+66 -6.27744e+66 -6.27744e+66 -6.27744e+66 -6.27744e+66 -6.27744e+66 -6.27744e+66 -6.27744e+66 1292.7 1342.35 1618.35 1768.51 2089.6 2345.57 3117.53 3330.59 4110.18 4492.47 5284.95 5783.88 6993.37 
-6.27744e+66 -6.27744e+66 -6.27744e+66 -6.27744e+66 -6.27744e+66 -6.27744e+66 -6.27744e+66 -6.27744e+66 -6.27744e+66 -6.27744e+66 -6.27744e+66 -6.27744e+66 -6.27744e+66 1292.7 1430.71 1530.81 1771.63 1976.41 2619.7 2802.33 3484.47 3824.29 4537.51 4991.08 6099.78 
-6.27744e+66 -6.27744e+66 -6.27744e+66 -6.27744e+66 -6.27744e+66 -6.27744e+66 -6.27744e+66 -6.27744e+66 -6.27744e+66 -6.27744e+66 -6.27744e+66 -6.27744e+66 -6.27744e+66 -6.27744e+66 1292.7 1342.75 1503.3 1656.88 2171.52 2323.71 2908.4 3205.74 3839.72 4247.93 5255.84 
-6.27744e+66 -6.27744e+66 -6.27744e+66 -6.27744e+66 -6.27744e+66 -6.27744e+66 -6.27744e+66 -6.27744e+66 -6.27744e+66 -6.27744e+66 -6.27744e+66 -6.27744e+66 -6.27744e+66 -6.27744e+66 -6.27744e+66 1292.7 1372.98 1475.37 1861.34 1983.1 2470.34 2725.2 3279.93 3642.79 4549.91 
-6.27744e+66 -6.27744e+66 -6.27744e+66 -6.27744e+66 -6.27744e+66 -6.27744e+66 -6.27744e+66 -6.27744e+66 -6.27744e+66 -6.27744e+66 -6.27744e+66 -6.27744e+66 -6.27744e+66 -6.27744e+66 -6.27744e+66 -6.27744e+66 1292.7 1343.9 1601.22 1692.53 2082.33 2294.71 2770.19 3087.69 3894.02 
-6.27744e+66 -6.27744e+66 -6.27744e+66 -6.27744e+66 -6.27744e+66 -6.27744e+66 -6.27744e+66 -6.27744e+66 -6.27744e+66 -6.27744e+66 -6.27744e+66 -6.27744e+66 -6.27744e+66 -6.27744e+66 -6.27744e+66 -6.27744e+66 -6.27744e+66 1292.7 1421.36 1482.24 1774.59 1944.49 2340.73 2612.87 3318.41 
-6.27744e+66 -6.27744e+66 -6.27744e+66 -6.27744e+66 -6.27744e+66 -6.27744e+66 -6.27744e+66 -6.27744e+66 -6.27744e+66 -6.27744e+66 -6.27744e+66 -6.27744e+66 -6.27744e+66 -6.27744e+66 -6.27744e+66 -6.27744e+66 -6.27744e+66 -6.27744e+66 1292.7 1323.14 1518.04 1645.47 1962.46 2189.24 2793.99 
-6.27744e+66 -6.27744e+66 -6.27744e+66 -6.27744e+66 -6.27744e+66 -6.27744e+66 -6.27744e+66 -6.27744e+66 -6.27744e+66 -6.27744e+66 -6.27744e+66 -6.27744e+66 -6.27744e+66 -6.27744e+66 -6.27744e+66 -6.27744e+66 -6.27744e+66 -6.27744e+66 -6.27744e+66 1292.7 1390.15 1475.11 1712.85 1894.28 2398.23 
-6.27744e+66 -6.27744e+66 -6.27744e+66 -6.27744e+66 -6.27744e+66 -6.27744e+66 -6.27744e+66 -6.27744e+66 -6.27744e+66 -6.27744e+66 -6.27744e+66 -6.27744e+66 -6.27744e+66 -6.27744e+66 -6.27744e+66 -6.27744e+66 -6.27744e+66 -6.27744e+66 -6.27744e+66 -6.27744e+66 1292.7 1335.18 1493.68 1629.75 2032.91 
-6.27744e+66 -6.27744e+66 -6.27744e+66 -6.27744e+66 -6.27744e+66 -6.27744e+66 -6.27744e+66 -6.27744e+66 -6.27744e+66 -6.27744e+66 -6.27744e+66 -6.27744e+66 -6.27744e+66 -6.27744e+66 -6.27744e+66 -6.27744e+66 -6.27744e+66 -6.27744e+66 -6.27744e+66 -6.27744e+66 -6.27744e+66 1292.7 1371.95 1462.67 1765.04 
-6.27744e+66 -6.27744e+66 -6.27744e+66 -6.27744e+66 -6.27744e+66 -6.27744e+66 -6.27744e+66 -6.27744e+66 -6.27744e+66 -6.27744e+66 -6.27744e+66 -6.27744e+66 -6.27744e+66 -6.27744e+66 -6.27744e+66 -6.27744e+66 -6.27744e+66 -6.27744e+66 -6.27744e+66 -6.27744e+66 -6.27744e+66 -6.27744e+66 1292.7 1338.06 1539.64 
-6.27744e+66 -6.27744e+66 -6.27744e+66 -6.27744e+66 -6.27744e+66 -6.27744e+66 -6.27744e+66 -6.27744e+66 -6.27744e+66 -6.27744e+66 -6.27744e+66 -6.27744e+66 -6.27744e+66 -6.27744e+66 -6.27744e+66 -6.27744e+66 -6.27744e+66 -6.27744e+66 -6.27744e+66 -6.27744e+66 -6.27744e+66 -6.27744e+66 -6.27744e+66 1292.7 1393.49 
-6.27744e+66 -6.27744e+66 -6.27744e+66 -6.27744e+66 -6.27744e+66 -6.27744e+66 -6.27744e+66 -6.27744e+66 -6.27744e+66 -6.27744e+66 -6.27744e+66 -6.27744e+66 -6.27744e+66 -6.27744e+66 -6.27744e+66 -6.27744e+66 -6.27744e+66 -6.27744e+66 -6.27744e+66 -6.27744e+66 -6.27744e+66 -6.27744e+66 -6.27744e+66 -6.27744e+66 1292.7 
-6.27744e+66 -6.27744e+66 -6.27744e+66 -6.27744e+66 -6.27744e+66 -6.27744e+66 -6.27744e+66 -6.27744e+66 -6.27744e+66 -6.27744e+66 -6.27744e+66 -6.27744e+66 -6.27744e+66 -6.27744e+66 -6.27744e+66 -6.27744e+66 -6.27744e+66 -6.27744e+66 -6.27744e+66 -6.27744e+66 -6.27744e+66 -6.27744e+66 -6.27744e+66 -6.27744e+66 -6.27744e+66 
-6.27744e+66 242.346 321.395 450.875 766.66 907.925 1390.59 1612.2 2365.18 2539.76 3557.97 4246.28 5575.65 6489.89 7797.69 8454.71 9909.55 10869 12912.6 14127.6 16025.3 17916 19653.1 21198.2 24018.8 
-6.27744e+66 -6.27744e+66 242.346 307.086 517.609 623.558 1009.69 1194.36 1839.78 1992.54 2897.61 3517.09 4725.61 5563.66 6770.86 7380.95 8738.8 9638.25 11561.7 12709.2 14507 16303.2 17957.5 19432.4 22130.4 
-6.27744e+66 -6.27744e+66 -6.27744e+66 242.346 347.608 418.24 707.838 855.579 1393.42 1524.36 2316.3 2866.95 3954.62 4716.48 5823.08 6386.24 7647.1 8486.59 10289.8 11369.8 13067.7 14769.4 16341 17745.7 20321 
-6.27744e+66 -6.27744e+66 -6.27744e+66 -6.27744e+66 242.346 277.662 470.727 581.534 1011.81 1120.92 1799.73 2281.55 3248.36 3934.04 4940.04 5456.27 6620.14 7399.67 9082.64 10095.2 11693.2 13300.4 14789.2 16123.7 18576.3 
-6.27744e+66 -6.27744e+66 -6.27744e+66 -6.27744e+66 -6.27744e+66 242.346 338.879 412.749 735.457 822.747 1388.42 1801.4 2647.37 3256.86 4162.26 4631.56 5698.44 6418 7980.77 8925.79 10423.9 11936.6 13342.7 14607 16937 
-6.27744e+66 -6.27744e+66 -6.27744e+66 -6.27744e+66 -6.27744e+66 -6.27744e+66 242.346 279.282 494.42 559.887 1012.42 1356.58 2081.69 2615 3419.8 3842.17 4812.06 5471.66 6914.21 7791.73 9190 10608.1 11931.5 13125.5 15332.9 
-6.27744e+66 -6.27744e+66 -6.27744e+66 -6.27744e+66 -6.27744e+66 -6.27744e+66 -6.27744e+66 242.346 349.915 393.56 732.962 1008.29 1612.55 2069.67 2773.87 3149.31 4022.21 4621.85 5944.18 6754.2 8052.6 9376.15 10616.9 11740.6 13825.4 
-6.27744e+66 -6.27744e+66 -6.27744e+66 -6.27744e+66 -6.27744e+66 -6.27744e+66 -6.27744e+66 -6.27744e+66 242.346 264.169 490.436 696.931 1180.34 1561.27 2164.87 2493.38 3269.29 3808.97 5011.09 5753.61 6952.13 8181.14 9339.16 10392.7 12354.8 
-6.27744e+66 -6.27744e+66 -6.27744e+66 -6.27744e+66 -6.27744e+66 -6.27744e+66 -6.27744e+66 -6.27744e+66 -6.27744e+66 242.346 355.48 493.143 855.699 1160.44 1663.44 1945.02 2623.95 3103.66 4185.57 4860.59 5959.23 7093.7 8169 9152.28 10991.8 
-6.27744e+66 -6.27744e+66 -6.27744e+66 -6.27744e+66 -6.27744e+66 -6.27744e+66 -6.27744e+66 -6.27744e+66 -6.27744e+66 -6.27744e+66 242.346 311.178 552.882 781.441 1183.84 1418.49 2000.43 2420.17 3381.87 3989.39 4988.15 6028.08 7020.67 7933.72 9650.58 
-6.27744e+66 -6.27744e+66 -6.27744e+66 -6.27744e+66 -6.27744e+66 -6.27744e+66 -6.27744e+66 -6.27744e+66 -6.27744e+66 -6.27744e+66 -6.27744e+66 242.346 363.198 515.571 817.371 1005.09 1490.04 1849.82 2691.31 3231.32 4130.21 5075.6 5985.47 6828.29 8422.51 
-6.27744e+66 -6.27744e+66 -6.27744e+66 -6.27744e+66 -6.27744e+66 -6.27744e+66 -6.27744e+66 -6.27744e+66 -6.27744e+66 -6.27744e+66 -6.27744e+66 -6.27744e+66 242.346 318.533 519.732 660.523 1048.48 1348.3 2069.57 2542.08 3341.1 4191.95 5019.1 5791.68 7263.28 
-6.27744e+66 -6.27744e+66 -6.27744e+66 -6.27744e+66 -6.27744e+66 -6.27744e+66 -6.27744e+66 -6.27744e+66 -6.27744e+66 -6.27744e+66 -6.27744e+66 -6.27744e+66 -6.27744e+66 242.346 342.946 436.806 727.773 967.629 1568.69 1973.7 2672.84 3429.15 4173.59 4875.94 6224.9 
-6.27744e+66 -6.27744e+66 -6.27744e+66 -6.27744e+66 -6.27744e+66 -6.27744e+66 -6.27744e+66 -6.27744e+66 -6.27744e+66 -6.27744e+66 -6.27744e+66 -6.27744e+66 -6.27744e+66 -6.27744e+66 242.346 289.276 483.254 663.146 1144 1481.5 2080.76 2742.54 3404.26 4036.37 5262.7 
-6.27744e+66 -6.27744e+66 -6.27744e+66 -6.27744e+66 -6.27744e+66 -6.27744e+66 -6.27744e+66 -6.27744e+66 -6.27744e+66 -6.27744e+66 -6.27744e+66 -6.27744e+66 -6.27744e+66 -6.27744e+66 -6.27744e+66 242.346 339.335 459.263 819.9 1089.91 1589.29 2156.52 2735.53 3297.41 4401.1 
-6.27744e+66 -6.27744e+66 -6.27744e+66 -6.27744e+66 -6.27744e+66 -6.27744e+66 -6.27744e+66 -6.27744e+66 -6.27744e+66 -6.27744e+66 -6.27744e+66 -6.27744e+66 -6.27744e+66 -6.27744e+66 -6.27744e+66 -6.27744e+66 242.346 302.31 542.735 745.24 1144.75 1617.44 2113.74 2605.38 3586.44 
-6.27744e+66 -6.27744e+66 -6.27744e+66 -6.27744e+66 -6.27744e+66 -6.27744e+66 -6.27744e+66 -6.27744e+66 -6.27744e+66 -6.27744e+66 -6.27744e+66 -6.27744e+66 -6.27744e+66 -6.27744e+66 -6.27744e+66 -6.27744e+66 -6.27744e+66 242.346 362.559 497.562 797.192 1175.35 1588.93 2010.33 2868.76 
-6.27744e+66 -6.27744e+66 -6.27744e+66 -6.27744e+66 -6.27744e+66 -6.27744e+66 -6.27744e+66 -6.27744e+66 -6.27744e+66 -6.27744e+66 -6.27744e+66 -6.27744e+66 -6.27744e+66 -6.27744e+66 -6.27744e+66 -6.27744e+66 -6.27744e+66 -6.27744e+66 242.346 309.848 509.601 793.219 1124.08 1475.25 2211.05 
-6.27744e+66 -6.27744e+66 -6.27744e+66 -6.27744e+66 -6.27744e+66 -6.27744e+66 -6.27744e+66 -6.27744e+66 -6.27744e+66 -6.27744e+66 -6.27744e+66 -6.27744e+66 -6.27744e+66 -6.27744e+66 -6.27744e+66 -6.27744e+66 -6.27744e+66 -6.27744e+66 -6.27744e+66 242.346 342.223 531.301 779.448 1060.39 1673.55 
-6.27744e+66 -6.27744e+66 -6.27744e+66 -6.27744e+66 -6.27744e+66 -6.27744e+66 -6.27744e+66 -6.27744e+66 -6.27744e+66 -6.27744e+66 -6.27744e+66 -6.27744e+66 -6.27744e+66 -6.27744e+66 -6.27744e+66 -6.27744e+66 -6.27744e+66 -6.27744e+66 -6.27744e+66 -6.27744e+66 242.346 336.885 502.316 713.02 1203.55 
-6.27744e+66 -6.27744e+66 -6.27744e+66 -6.27744e+66 -6.27744e+66 -6.27744e+66 -6.27744e+66 -6.27744e+66 -6.27744e+66 -6.27744e+66 -6.27744e+66 -6.27744e+66 -6.27744e+66 -6.27744e+66 -6.27744e+66 -6.27744e+66 -6.27744e+66 -6.27744e+66 -6.27744e+66 -6.27744e+66 -6.27744e+66 242.346 325.062 465.531 833.429 
-6.27744e+66 -6.27744e+66 -6.27744e+66 -6.27744e+66 -6.27744e+66 -6.27744e+66 -6.27744e+66 -6.27744e+66 -6.27744e+66 -6.27744e+66 -6.27744e+66 -6.27744e+66 -6.27744e+66 -6.27744e+66 -6.27744e+66 -6.27744e+66 -6.27744e+66 -6.27744e+66 -6.27744e+66 -6.27744e+66 -6.27744e+66 -6.27744e+66 242.346 312.581 557.846 
-6.27744e+66 -6.27744e+66 -6.27744e+66 -6.27744e+66 -6.27744e+66 -6.27744e+66 -6.27744e+66 -6.27744e+66 -6.27744e+66 -6.27744e+66 -6.27744e+66 -6.27744e+66 -6.27744e+66 -6.27744e+66 -6.27744e+66 -6.27744e+66 -6.27744e+66 -6.27744e+66 -6.27744e+66 -6.27744e+66 -6.27744e+66 -6.27744e+66 -6.27744e+66 242.346 364.979 
-6.27744e+66 -6.27744e+66 -6.27744e+66 -6.27744e+66 -6.27744e+66 -6.27744e+66 -6.27744e+66 -6.27744e+66 -6.27744e+66 -6.27744e+66 -6.27744e+66 -6.27744e+66 -6.27744e+66 -6.27744e+66 -6.27744e+66 -6.27744e+66 -6.27744e+66 -6.27744e+66 -6.27744e+66 -6.27744e+66 -6.27744e+66 -6.27744e+66 -6.27744e+66 -6.27744e+66 242.346 
-6.27744e+66 -6.27744e+66 -6.27744e+66 -6.27744e+66 -6.27744e+66 -6.27744e+66 -6.27744e+66 -6.27744e+66 -6.27744e+66 -6.27744e+66 -6.27744e+66 -6.27744e+66 -6.27744e+66 -6.27744e+66 -6.27744e+66 -6.27744e+66 -6.27744e+66 -6.27744e+66 -6.27744e+66 -6.27744e+66 -6.27744e+66 -6.27744e+66 -6.27744e+66 -6.27744e+66 -6.27744e+66 
-6.27744e+66 1262.09 1380.77 1434 1825.01 2081.14 2737.38 3094.22 3835.12 4075.19 4911.68 5371.45 6863.31 7441.24 8278.63 9549.9 11901.5 12898.3 14257.5 15122.8 16784 17874.1 19732.4 20982.7 23228.3 
-6.27744e+66 -6.27744e+66 1262.09 1288.7 1549.38 1741.47 2266.46 2563.84 3198.89 3408.95 4152.5 4566.29 5922.53 6452.3 7225.27 8405.74 10600.5 11535 12814.3 13631.5 15205.3 16240.9 18010.7 19204.1 21352.1 
-6.27744e+66 -6.27744e+66 -6.27744e+66 1262.09 1392.43 1520.49 1914.23 2152.13 2681.35 2861.39 3512 3879.82 5100.43 5582.04 6290.6 7380.26 9418.29 10290.5 11489.8 12259 13745.3 14726.3 16407.7 17544.3 19594.6 
-6.27744e+66 -6.27744e+66 -6.27744e+66 -6.27744e+66 1262.09 1326.12 1588.62 1767.04 2190.41 2340.45 2898.11 3219.95 4304.94 4738.39 5382.53 6381.39 8262.65 9072.55 10191.9 10913 12311.9 13238.4 14831.3 15911.1 17863.8 
-6.27744e+66 -6.27744e+66 -6.27744e+66 -6.27744e+66 -6.27744e+66 1262.09 1393.34 1512.28 1829.81 1949.84 2414.56 2690.43 3639.79 4025.08 4604.81 5512.86 7237.34 7984.95 9024.39 9697.37 11008.8 11880.9 13385.2 14408.2 16263.3 
-6.27744e+66 -6.27744e+66 -6.27744e+66 -6.27744e+66 -6.27744e+66 -6.27744e+66 1262.09 1321.56 1533.25 1623.27 1995.05 2224.93 3038.67 3375.8 3891.12 4708.36 6276.08 6961.38 7920.86 8545.78 9769.81 10587.4 12003.2 12969.3 14726.8 
-6.27744e+66 -6.27744e+66 -6.27744e+66 -6.27744e+66 -6.27744e+66 -6.27744e+66 -6.27744e+66 1262.09 1367.93 1427.95 1706.78 1890.69 2568.81 2857.77 3308.67 4035.11 5446.05 6069.06 6948.58 7525.43 8662.03 9425.07 10752.4 11661.7 13321.5 
-6.27744e+66 -6.27744e+66 -6.27744e+66 -6.27744e+66 -6.27744e+66 -6.27744e+66 -6.27744e+66 -6.27744e+66 1262.09 1292.1 1477.98 1615.92 2158.41 2399.21 2785.7 3421.34 4675.51 5236.21 6035.78 6564.55 7613.72 8322.26 9561.13 10413.6 11975.8 
-6.27744e+66 -6.27744e+66 -6.27744e+66 -6.27744e+66 -6.27744e+66 -6.27744e+66 -6.27744e+66 -6.27744e+66 -6.27744e+66 1262.09 1355.03 1446.99 1853.86 2046.5 2368.57 2913.4 4010.8 4509.21 5228.82 5709.52 6671.26 7325.3 8475.68 9271.32 10735.9 
-6.27744e+66 -6.27744e+66 -6.27744e+66 -6.27744e+66 -6.27744e+66 -6.27744e+66 -6.27744e+66 -6.27744e+66 -6.27744e+66 -6.27744e+66 1262.09 1308.07 1579.31 1723.8 1981.45 2435.48 3376.11 3812.21 4451.86 4884.5 5758.81 6358.34 7420.23 8159.04 9525.94 
-6.27744e+66 -6.27744e+66 -6.27744e+66 -6.27744e+66 -6.27744e+66 -6.27744e+66 -6.27744e+66 -6.27744e+66 -6.27744e+66 -6.27744e+66 -6.27744e+66 1262.09 1397.71 1494.03 1687.28 2050.5 2834.35 3208.16 3767.85 4152.42 4939.29 5484.32 6457.72 7139.71 8408.96 
-6.27744e+66 -6.27744e+66 -6.27744e+66 -6.27744e+66 -6.27744e+66 -6.27744e+66 -6.27744e+66 -6.27744e+66 -6.27744e+66 -6.27744e+66 -6.27744e+66 -6.27744e+66 1262.09 1310.25 1439.08 1711.49 2338.58 2650.08 3129.82 3466.31 4165.76 4656.29 5541.2 6166.35 7337.97 
-6.27744e+66 -6.27744e+66 -6.27744e+66 -6.27744e+66 -6.27744e+66 -6.27744e+66 -6.27744e+66 -6.27744e+66 -6.27744e+66 -6.27744e+66 -6.27744e+66 -6.27744e+66 -6.27744e+66 1262.09 1326.5 1508.11 1978.43 2227.63 2627.41 2915.83 3527.85 3963.87 4760.29 5328.61 6402.6 
-6.27744e+66 -6.27744e+66 -6.27744e+66 -6.27744e+66 -6.27744e+66 -6.27744e+66 -6.27744e+66 -6.27744e+66 -6.27744e+66 -6.27744e+66 -6.27744e+66 -6.27744e+66 -6.27744e+66 -6.27744e+66 1262.09 1352.89 1666.44 1853.34 2173.16 2413.52 2938.1 3319.62 4027.55 4539.04 5515.39 
-6.27744e+66 -6.27744e+66 -6.27744e+66 -6.27744e+66 -6.27744e+66 -6.27744e+66 -6.27744e+66 -6.27744e+66 -6.27744e+66 -6.27744e+66 -6.27744e+66 -6.27744e+66 -6.27744e+66 -6.27744e+66 -6.27744e+66 1262.09 1418.86 1543.46 1783.33 1975.61 2412.77 2739.78 3359.22 3813.88 4692.59 
-6.27744e+66 -6.27744e+66 -6.27744e+66 -6.27744e+66 -6.27744e+66 -6.27744e+66 -6.27744e+66 -6.27744e+66 -6.27744e+66 -6.27744e+66 -6.27744e+66 -6.27744e+66 -6.27744e+66 -6.27744e+66 -6.27744e+66 -6.27744e+66 1262.09 1324.39 1484.3 1628.51 1978.24 2250.75 2781.7 3179.52 3960.6 
-6.27744e+66 -6.27744e+66 -6.27744e+66 -6.27744e+66 -6.27744e+66 -6.27744e+66 -6.27744e+66 -6.27744e+66 -6.27744e+66 -6.27744e+66 -6.27744e+66 -6.27744e+66 -6.27744e+66 -6.27744e+66 -6.27744e+66 -6.27744e+66 -6.27744e+66 1262.09 1342.04 1438.19 1700.48 1918.49 2360.95 2701.94 3385.38 
-6.27744e+66 -6.27744e+66 -6.27744e+66 -6.27744e+66 -6.27744e+66 -6.27744e+66 -6.27744e+66 -6.27744e+66 -6.27744e+66 -6.27744e+66 -6.27744e+66 -6.27744e+66 -6.27744e+66 -6.27744e+66 -6.27744e+66 -6.27744e+66 -6.27744e+66 -6.27744e+66 1262.09 1310.16 1485.02 1648.53 2002.49 2286.65 2872.46 
-6.27744e+66 -6.27744e+66 -6.27744e+66 -6.27744e+66 -6.27744e+66 -6.27744e+66 -6.27744e+66 -6.27744e+66 -6.27744e+66 -6.27744e+66 -6.27744e+66 -6.27744e+66 -6.27744e+66 -6.27744e+66 -6.27744e+66 -6.27744e+66 -6.27744e+66 -6.27744e+66 -6.27744e+66 1262.09 1349.52 1458.53 1724 1951.32 2439.5 
-6.27744e+66 -6.27744e+66 -6.27744e+66 -6.27744e+66 -6.27744e+66 -6.27744e+66 -6.27744e+66 -6.27744e+66 -6.27744e+66 -6.27744e+66 -6.27744e+66 -6.27744e+66 -6.27744e+66 -6.27744e+66 -6.27744e+66 -6.27744e+66 -6.27744e+66 -6.27744e+66 -6.27744e+66 -6.27744e+66 1262.09 1316.59 1493.57 1664.07 2054.61 
-6.27744e+66 -6.27744e+66 -6.27744e+66 -6.27744e+66 -6.27744e+66 -6.27744e+66 -6.27744e+66 -6.27744e+66 -6.27744e+66 -6.27744e+66 -6.27744e+66 -6.27744e+66 -6.27744e+66 -6.27744e+66 -6.27744e+66 -6.27744e+66 -6.27744e+66 -6.27744e+66 -6.27744e+66 -6.27744e+66 -6.27744e+66 1262.09 1350.58 1464.24 1757.15 
-6.27744e+66 -6.27744e+66 -6.27744e+66 -6.27744e+66 -6.27744e+66 -6.27744e+66 -6.27744e+66 -6.27744e+66 -6.27744e+66 -6.27744e+66 -6.27744e+66 -6.27744e+66 -6.27744e+66 -6.27744e+66 -6.27744e+66 -6.27744e+66 -6.27744e+66 -6.27744e+66 -6.27744e+66 -6.27744e+66 -6.27744e+66 -6.27744e+66 1262.09 1318.92 1514.19 
-6.27744e+66 -6.27744e+66 -6.27744e+66 -6.27744e+66 -6.27744e+66 -6.27744e+66 -6.27744e+66 -6.27744e+66 -6.27744e+66 -6.27744e+66 -6.27744e+66 -6.27744e+66 -6.27744e+66 -6.27744e+66 -6.27744e+66 -6.27744e+66 -6.27744e+66 -6.27744e+66 -6.27744e+66 -6.27744e+66 -6.27744e+66 -6.27744e+66 -6.27744e+66 1262.09 1359.72 
-6.27744e+66 -6.27744e+66 -6.27744e+66 -6.27744e+66 -6.27744e+66 -6.27744e+66 -6.27744e+66 -6.27744e+66 -6.27744e+66 -6.27744e+66 -6.27744e+66 -6.27744e+66 -6.27744e+66 -6.27744e+66 -6.27744e+66 -6.27744e+66 -6.27744e+66 -6.27744e+66 -6.27744e+66 -6.27744e+66 -6.27744e+66 -6.27744e+66 -6.27744e+66 -6.27744e+66 1262.09 
-6.27744e+66 -6.27744e+66 -6.27744e+66 -6.27744e+66 -6.27744e+66 -6.27744e+66 -6.27744e+66 -6.27744e+66 -6.27744e+66 -6.27744e+66 -6.27744e+66 -6.27744e+66 -6.27744e+66 -6.27744e+66 -6.27744e+66 -6.27744e+66 -6.27744e+66 -6.27744e+66 -6.27744e+66 -6.27744e+66 -6.27744e+66 -6.27744e+66 -6.27744e+66 -6.27744e+66 -6.27744e+66 
-6.27744e+66 1358.7 1478.86 1555.1 1827.53 2111.66 2832.19 2961.08 3392.29 4047.65 4893.74 5429.75 6605.96 7198.78 8857.39 9354.6 11000.7 11827.4 13533.3 14224.4 16470.4 17497.9 19288 20756 23290.4 
-6.27744e+66 -6.27744e+66 1358.7 1396.82 1578.44 1791.54 2367.96 2475.37 2844.98 3418.42 4170.5 4652.91 5722.19 6265.61 7796.63 8258.33 9794.66 10569.7 12175.3 12828 14955.8 15931.9 17636.8 19038.1 21462.2 
-6.27744e+66 -6.27744e+66 -6.27744e+66 1358.7 1449.51 1591.58 2023.9 2109.82 2417.83 2909.35 3567.42 3996.23 4958.58 5452.6 6856.03 7282.22 8708.81 9432.16 10937.4 11551.7 13561.3 14486 16105.7 17440.2 19754.2 
-6.27744e+66 -6.27744e+66 -6.27744e+66 -6.27744e+66 1358.7 1429.73 1717.95 1782.39 2028.8 2438.4 3002.46 3377.67 4233.09 4677.71 5953.55 6344.22 7661.07 8332.76 9737.69 10313.6 12205 13078.3 14612.7 15880.5 18084.3 
-6.27744e+66 -6.27744e+66 -6.27744e+66 -6.27744e+66 -6.27744e+66 1358.7 1502.81 1545.77 1730.58 2058.26 2528.3 2849.91 3598.41 3993.62 5141.89 5497.04 6704.15 7324.17 8628.75 9166.26 10939.4 11761.4 13210.5 14411.6 16505.2 
-6.27744e+66 -6.27744e+66 -6.27744e+66 -6.27744e+66 -6.27744e+66 -6.27744e+66 1358.7 1380.18 1503.39 1749.15 2125.18 2393.19 3034.76 3380.57 4401.25 4720.89 5818.27 6386.61 7590.84 8089.95 9744.91 10515.5 11879.4 13013.8 14997.2 
-6.27744e+66 -6.27744e+66 -6.27744e+66 -6.27744e+66 -6.27744e+66 -6.27744e+66 -6.27744e+66 1358.7 1420.3 1584.14 1866.17 2080.58 2615.22 2911.63 3804.72 4088.85 5076.48 5593.16 6697.03 7157.76 8694.5 9413.73 10692.4 11760 13633.2 
-6.27744e+66 -6.27744e+66 -6.27744e+66 -6.27744e+66 -6.27744e+66 -6.27744e+66 -6.27744e+66 -6.27744e+66 1358.7 1440.62 1628.64 1789.44 2217.16 2464.17 3229.67 3478.28 4356.18 4821.2 5824.71 6247.04 7665.58 8333.43 9526.83 10527.8 12290.8 
-6.27744e+66 -6.27744e+66 -6.27744e+66 -6.27744e+66 -6.27744e+66 -6.27744e+66 -6.27744e+66 -6.27744e+66 -6.27744e+66 1358.7 1452.71 1559.91 1880.7 2078.3 2716.23 2929.32 3697.48 4110.83 5014 5397.93 6698.25 7314.73 8422.89 9357.1 11009.9 
-6.27744e+66 -6.27744e+66 -6.27744e+66 -6.27744e+66 -6.27744e+66 -6.27744e+66 -6.27744e+66 -6.27744e+66 -6.27744e+66 -6.27744e+66 1358.7 1412.3 1626.16 1774.36 2284.7 2462.28 3120.71 3482.38 4285.2 4630.74 5812.85 6377.96 7400.87 8268.35 9810.99 
-6.27744e+66 -6.27744e+66 -6.27744e+66 -6.27744e+66 -6.27744e+66 -6.27744e+66 -6.27744e+66 -6.27744e+66 -6.27744e+66 -6.27744e+66 -6.27744e+66 1358.7 1465.63 1564.43 1947.19 2089.25 2637.94 2947.95 3650.41 3957.56 5021.46 5535.19 6472.86 7273.61 8706.06 
-6.27744e+66 -6.27744e+66 -6.27744e+66 -6.27744e+66 -6.27744e+66 -6.27744e+66 -6.27744e+66 -6.27744e+66 -6.27744e+66 -6.27744e+66 -6.27744e+66 -6.27744e+66 1358.7 1408.1 1663.27 1769.82 2208.77 2467.11 3069.22 3337.98 4283.66 4746.03 5598.45 6332.47 7654.74 
-6.27744e+66 -6.27744e+66 -6.27744e+66 -6.27744e+66 -6.27744e+66 -6.27744e+66 -6.27744e+66 -6.27744e+66 -6.27744e+66 -6.27744e+66 -6.27744e+66 -6.27744e+66 -6.27744e+66 1358.7 1486.29 1557.32 1886.53 2093.2 2594.96 2825.32 3652.8 4063.79 4830.97 5498.26 6710.34 
-6.27744e+66 -6.27744e+66 -6.27744e+66 -6.27744e+66 -6.27744e+66 -6.27744e+66 -6.27744e+66 -6.27744e+66 -6.27744e+66 -6.27744e+66 -6.27744e+66 -6.27744e+66 -6.27744e+66 -6.27744e+66 1358.7 1394.22 1613.69 1768.7 2170.1 2362.07 3071.34 3430.95 4112.9 4713.46 5815.34 
-6.27744e+66 -6.27744e+66 -6.27744e+66 -6.27744e+66 -6.27744e+66 -6.27744e+66 -6.27744e+66 -6.27744e+66 -6.27744e+66 -6.27744e+66 -6.27744e+66 -6.27744e+66 -6.27744e+66 -6.27744e+66 -6.27744e+66 1358.7 1468.44 1571.77 1872.83 2026.4 2617.46 2925.7 3522.4 4056.23 5047.93 
-6.27744e+66 -6.27744e+66 -6.27744e+66 -6.27744e+66 -6.27744e+66 -6.27744e+66 -6.27744e+66 -6.27744e+66 -6.27744e+66 -6.27744e+66 -6.27744e+66 -6.27744e+66 -6.27744e+66 -6.27744e+66 -6.27744e+66 -6.27744e+66 1358.7 1410.37 1611.07 1726.25 2199.1 2455.97 2967.42 3434.53 4316.03 
-6.27744e+66 -6.27744e+66 -6.27744e+66 -6.27744e+66 -6.27744e+66 -6.27744e+66 -6.27744e+66 -6.27744e+66 -6.27744e+66 -6.27744e+66 -6.27744e+66 -6.27744e+66 -6.27744e+66 -6.27744e+66 -6.27744e+66 -6.27744e+66 -6.27744e+66 1358.7 1459.05 1535.84 1890.47 2095.97 2522.18 2922.56 3693.88 
-6.27744e+66 -6.27744e+66 -6.27744e+66 -6.27744e+66 -6.27744e+66 -6.27744e+66 -6.27744e+66 -6.27744e+66 -6.27744e+66 -6.27744e+66 -6.27744e+66 -6.27744e+66 -6.27744e+66 -6.27744e+66 -6.27744e+66 -6.27744e+66 -6.27744e+66 -6.27744e+66 1358.7 1397.09 1633.52 1787.64 2128.61 2462.25 3123.39 
-6.27744e+66 -6.27744e+66 -6.27744e+66 -6.27744e+66 -6.27744e+66 -6.27744e+66 -6.27744e+66 -6.27744e+66 -6.27744e+66 -6.27744e+66 -6.27744e+66 -6.27744e+66 -6.27744e+66 -6.27744e+66 -6.27744e+66 -6.27744e+66 -6.27744e+66 -6.27744e+66 -6.27744e+66 1358.7 1476.91 1579.66 1835.39 2102.3 2653.25 
-6.27744e+66 -6.27744e+66 -6.27744e+66 -6.27744e+66 -6.27744e+66 -6.27744e+66 -6.27744e+66 -6.27744e+66 -6.27744e+66 -6.27744e+66 -6.27744e+66 -6.27744e+66 -6.27744e+66 -6.27744e+66 -6.27744e+66 -6.27744e+66 -6.27744e+66 -6.27744e+66 -6.27744e+66 -6.27744e+66 1358.7 1410.07 1580.56 1780.75 2221.5 
-6.27744e+66 -6.27744e+66 -6.27744e+66 -6.27744e+66 -6.27744e+66 -6.27744e+66 -6.27744e+66 -6.27744e+66 -6.27744e+66 -6.27744e+66 -6.27744e+66 -6.27744e+66 -6.27744e+66 -6.27744e+66 -6.27744e+66 -6.27744e+66 -6.27744e+66 -6.27744e+66 -6.27744e+66 -6.27744e+66 -6.27744e+66 1358.7 1443.94 1577.4 1907.97 
-6.27744e+66 -6.27744e+66 -6.27744e+66 -6.27744e+66 -6.27744e+66 -6.27744e+66 -6.27744e+66 -6.27744e+66 -6.27744e+66 -6.27744e+66 -6.27744e+66 -6.27744e+66 -6.27744e+66 -6.27744e+66 -6.27744e+66 -6.27744e+66 -6.27744e+66 -6.27744e+66 -6.27744e+66 -6.27744e+66 -6.27744e+66 -6.27744e+66 1358.7 1425.43 1645.81 
-6.27744e+66 -6.27744e+66 -6.27744e+66 -6.27744e+66 -6.27744e+66 -6.27744e+66 -6.27744e+66 -6.27744e+66 -6.27744e+66 -6.27744e+66 -6.27744e+66 -6.27744e+66 -6.27744e+66 -6.27744e+66 -6.27744e+66 -6.27744e+66 -6.27744e+66 -6.27744e+66 -6.27744e+66 -6.27744e+66 -6.27744e+66 -6.27744e+66 -6.27744e+66 1358.7 1468.89 
-6.27744e+66 -6.27744e+66 -6.27744e+66 -6.27744e+66 -6.27744e+66 -6.27744e+66 -6.27744e+66 -6.27744e+66 -6.27744e+66 -6.27744e+66 -6.27744e+66 -6.27744e+66 -6.27744e+66 -6.27744e+66 -6.27744e+66 -6.27744e+66 -6.27744e+66 -6.27744e+66 -6.27744e+66 -6.27744e+66 -6.27744e+66 -6.27744e+66 -6.27744e+66 -6.27744e+66 1358.7 
-6.27744e+66 -6.27744e+66 -6.27744e+66 -6.27744e+66 -6.27744e+66 -6.27744e+66 -6.27744e+66 -6.27744e+66 -6.27744e+66 -6.27744e+66 -6.27744e+66 -6.27744e+66 -6.27744e+66 -6.27744e+66 -6.27744e+66 -6.27744e+66 -6.27744e+66 -6.27744e+66 -6.27744e+66 -6.27744e+66 -6.27744e+66 -6.27744e+66 -6.27744e+66 -6.27744e+66 -6.27744e+66 
-6.27744e+66 561.267 689.048 753.794 1063.17 1276.81 1731.77 1903.51 2322.33 3103.49 3872.41 4555.93 5644.61 6122.26 7113.31 7731.86 9388.6 10028.7 11859.9 12870.5 14892.2 16216.8 18717.8 20324 22773.7 
-6.27744e+66 -6.27744e+66 561.267 593.64 799.892 960.119 1324.09 1467.2 1826.19 2509.71 3193.19 3808.36 4798.07 5235.92 6150.73 6725.1 8271.39 8871.46 10595 11549.4 13464.7 14723.1 17105 18638.2 20981.3 
-6.27744e+66 -6.27744e+66 -6.27744e+66 561.267 664.393 771.211 1044.19 1158.68 1457.84 2043.71 2641.75 3188.57 4079.32 4477.36 5315.93 5846.12 7281.96 7842.02 9457.85 10356.1 12165 13357.2 15620 17080.2 19316.8 
-6.27744e+66 -6.27744e+66 -6.27744e+66 -6.27744e+66 561.267 614.676 796.661 882.528 1121.86 1610.08 2122.69 2601.16 3392.93 3751.17 4513.51 4999.51 6324.91 6844.96 8353.07 9195.18 10897.7 12023.6 14167.3 15554.5 17684.6 
-6.27744e+66 -6.27744e+66 -6.27744e+66 -6.27744e+66 -6.27744e+66 561.267 652.26 709.504 889 1279.58 1706.76 2116.87 2809.67 3128.1 3814.21 4256.03 5470.98 5951.03 7351.41 8137.38 9733.48 10793.2 12817.8 14132 16155.6 
-6.27744e+66 -6.27744e+66 -6.27744e+66 -6.27744e+66 -6.27744e+66 -6.27744e+66 561.267 589.889 709.553 1002.49 1344.23 1685.99 2279.82 2558.45 3168.32 3565.96 4670.46 5110.5 6403.16 7133 8622.68 9616.16 11521.7 12762.8 14679.9 
-6.27744e+66 -6.27744e+66 -6.27744e+66 -6.27744e+66 -6.27744e+66 -6.27744e+66 -6.27744e+66 561.267 621.099 816.389 1072.69 1346.1 1840.96 2079.78 2613.42 2966.88 3960.93 4360.97 5545.91 6219.6 7602.88 8530.13 10316.5 11484.7 13295.3 
-6.27744e+66 -6.27744e+66 -6.27744e+66 -6.27744e+66 -6.27744e+66 -6.27744e+66 -6.27744e+66 -6.27744e+66 561.267 658.912 829.782 1034.84 1430.72 1629.74 2087.15 2396.42 3280.02 3640.06 4717.28 5334.83 6611.7 7472.72 9140.04 10235.2 11939.3 
-6.27744e+66 -6.27744e+66 -6.27744e+66 -6.27744e+66 -6.27744e+66 -6.27744e+66 -6.27744e+66 -6.27744e+66 -6.27744e+66 561.267 646.702 783.406 1080.32 1239.54 1620.71 1885.8 2658.95 2978.98 3948.48 4509.89 5680.36 6475.14 8023.36 9045.51 10643.1 
-6.27744e+66 -6.27744e+66 -6.27744e+66 -6.27744e+66 -6.27744e+66 -6.27744e+66 -6.27744e+66 -6.27744e+66 -6.27744e+66 -6.27744e+66 561.267 629.619 827.562 946.974 1251.91 1472.82 2135.52 2415.55 3277.32 3782.59 4846.66 5575.2 7004.33 7953.47 9444.54 
-6.27744e+66 -6.27744e+66 -6.27744e+66 -6.27744e+66 -6.27744e+66 -6.27744e+66 -6.27744e+66 -6.27744e+66 -6.27744e+66 -6.27744e+66 -6.27744e+66 561.267 660.238 739.846 968.549 1145.28 1697.53 1937.55 2691.6 3140.73 4098.39 4760.7 6070.74 6946.87 8331.43 
-6.27744e+66 -6.27744e+66 -6.27744e+66 -6.27744e+66 -6.27744e+66 -6.27744e+66 -6.27744e+66 -6.27744e+66 -6.27744e+66 -6.27744e+66 -6.27744e+66 -6.27744e+66 561.267 601.071 753.539 886.085 1327.88 1527.91 2174.24 2567.22 3418.47 4014.56 5205.5 6008.62 7286.68 
-6.27744e+66 -6.27744e+66 -6.27744e+66 -6.27744e+66 -6.27744e+66 -6.27744e+66 -6.27744e+66 -6.27744e+66 -6.27744e+66 -6.27744e+66 -6.27744e+66 -6.27744e+66 -6.27744e+66 561.267 637.501 725.865 1057.21 1217.23 1755.84 2092.69 2837.53 3367.38 4439.23 5169.34 6340.89 
-6.27744e+66 -6.27744e+66 -6.27744e+66 -6.27744e+66 -6.27744e+66 -6.27744e+66 -6.27744e+66 -6.27744e+66 -6.27744e+66 -6.27744e+66 -6.27744e+66 -6.27744e+66 -6.27744e+66 -6.27744e+66 561.267 605.449 826.348 946.361 1377.25 1657.95 2296.39 2760.01 3712.77 4369.86 5434.91 
-6.27744e+66 -6.27744e+66 -6.27744e+66 -6.27744e+66 -6.27744e+66 -6.27744e+66 -6.27744e+66 -6.27744e+66 -6.27744e+66 -6.27744e+66 -6.27744e+66 -6.27744e+66 -6.27744e+66 -6.27744e+66 -6.27744e+66 561.267 671.717 751.725 1074.89 1299.45 1831.49 2228.88 3062.54 3646.62 4605.16 
-6.27744e+66 -6.27744e+66 -6.27744e+66 -6.27744e+66 -6.27744e+66 -6.27744e+66 -6.27744e+66 -6.27744e+66 -6.27744e+66 -6.27744e+66 -6.27744e+66 -6.27744e+66 -6.27744e+66 -6.27744e+66 -6.27744e+66 -6.27744e+66 561.267 601.271 816.714 985.137 1410.76 1741.92 2456.49 2967.56 3819.6 
-6.27744e+66 -6.27744e+66 -6.27744e+66 -6.27744e+66 -6.27744e+66 -6.27744e+66 -6.27744e+66 -6.27744e+66 -6.27744e+66 -6.27744e+66 -6.27744e+66 -6.27744e+66 -6.27744e+66 -6.27744e+66 -6.27744e+66 -6.27744e+66 -6.27744e+66 561.267 668.988 781.27 1100.49 1365.42 1960.89 2398.95 3144.49 
-6.27744e+66 -6.27744e+66 -6.27744e+66 -6.27744e+66 -6.27744e+66 -6.27744e+66 -6.27744e+66 -6.27744e+66 -6.27744e+66 -6.27744e+66 -6.27744e+66 -6.27744e+66 -6.27744e+66 -6.27744e+66 -6.27744e+66 -6.27744e+66 -6.27744e+66 -6.27744e+66 561.267 617.408 830.221 1028.92 1505.29 1870.34 2509.38 
-6.27744e+66 -6.27744e+66 -6.27744e+66 -6.27744e+66 -6.27744e+66 -6.27744e+66 -6.27744e+66 -6.27744e+66 -6.27744e+66 -6.27744e+66 -6.27744e+66 -6.27744e+66 -6.27744e+66 -6.27744e+66 -6.27744e+66 -6.27744e+66 -6.27744e+66 -6.27744e+66 -6.27744e+66 561.267 667.673 800.136 1157.42 1449.46 1981.99 
-6.27744e+66 -6.27744e+66 -6.27744e+66 -6.27744e+66 -6.27744e+66 -6.27744e+66 -6.27744e+66 -6.27744e+66 -6.27744e+66 -6.27744e+66 -6.27744e+66 -6.27744e+66 -6.27744e+66 -6.27744e+66 -6.27744e+66 -6.27744e+66 -6.27744e+66 -6.27744e+66 -6.27744e+66 -6.27744e+66 561.267 627.498 865.687 1084.72 1510.74 
-6.27744e+66 -6.27744e+66 -6.27744e+66 -6.27744e+66 -6.27744e+66 -6.27744e+66 -6.27744e+66 -6.27744e+66 -6.27744e+66 -6.27744e+66 -6.27744e+66 -6.27744e+66 -6.27744e+66 -6.27744e+66 -6.27744e+66 -6.27744e+66 -6.27744e+66 -6.27744e+66 -6.27744e+66 -6.27744e+66 -6.27744e+66 561.267 680.361 826.382 1145.9 
-6.27744e+66 -6.27744e+66 -6.27744e+66 -6.27744e+66 -6.27744e+66 -6.27744e+66 -6.27744e+66 -6.27744e+66 -6.27744e+66 -6.27744e+66 -6.27744e+66 -6.27744e+66 -6.27744e+66 -6.27744e+66 -6.27744e+66 -6.27744e+66 -6.27744e+66 -6.27744e+66 -6.27744e+66 -6.27744e+66 -6.27744e+66 -6.27744e+66 561.267 634.277 847.287 
-6.27744e+66 -6.27744e+66 -6.27744e+66 -6.27744e+66 -6.27744e+66 -6.27744e+66 -6.27744e+66 -6.27744e+66 -6.27744e+66 -6.27744e+66 -6.27744e+66 -6.27744e+66 -6.27744e+66 -6.27744e+66 -6.27744e+66 -6.27744e+66 -6.27744e+66 -6.27744e+66 -6.27744e+66 -6.27744e+66 -6.27744e+66 -6.27744e+66 -6.27744e+66 561.267 667.772 
-6.27744e+66 -6.27744e+66 -6.27744e+66 -6.27744e+66 -6.27744e+66 -6.27744e+66 -6.27744e+66 -6.27744e+66 -6.27744e+66 -6.27744e+66 -6.27744e+66 -6.27744e+66 -6.27744e+66 -6.27744e+66 -6.27744e+66 -6.27744e+66 -6.27744e+66 -6.27744e+66 -6.27744e+66 -6.27744e+66 -6.27744e+66 -6.27744e+66 -6.27744e+66 -6.27744e+66 561.267 
-6.27744e+66 -6.27744e+66 -6.27744e+66 -6.27744e+66 -6.27744e+66 -6.27744e+66 -6.27744e+66 -6.27744e+66 -6.27744e+66 -6.27744e+66 -6.27744e+66 -6.27744e+66 -6.27744e+66 -6.27744e+66 -6.27744e+66 -6.27744e+66 -6.27744e+66 -6.27744e+66 -6.27744e+66 -6.27744e+66 -6.27744e+66 -6.27744e+66 -6.27744e+66 -6.27744e+66 -6.27744e+66 
-6.27744e+66 438.076 533.485 649.234 967.847 1194.81 1589 1751.97 2466.24 2968.46 3727.45 4213.34 5410.75 5869.65 7353.5 8018.44 9373.12 10961.8 12747.6 13648.2 15684.8 17109.9 19674.1 20784.6 23096.7 
-6.27744e+66 -6.27744e+66 438.076 495.951 708.36 878.579 1193.93 1329.75 1941.97 2381.42 3056.08 3493.37 4581.93 5002.59 6372.3 6989.74 8254.11 9743.53 11424.2 12274.8 14204.2 15558 18000.1 19060.2 21271.7 
-6.27744e+66 -6.27744e+66 -6.27744e+66 438.076 544.281 657.76 894.275 1002.93 1513.12 1889.78 2480.11 2868.81 3848.52 4230.94 5486.5 6056.45 7230.5 8620.63 10196.3 10996.8 12819.1 14101.6 16421.6 17431.2 19542.2 
-6.27744e+66 -6.27744e+66 -6.27744e+66 -6.27744e+66 438.076 494.816 652.492 733.98 1142.13 1456.02 1962.01 2302.13 3172.98 3517.16 4658.58 5181.03 6264.77 7555.61 9026.2 9776.72 11491.8 12703.1 14900.9 15860.1 17870.6 
-6.27744e+66 -6.27744e+66 -6.27744e+66 -6.27744e+66 -6.27744e+66 438.076 516.914 571.24 877.354 1128.46 1550.13 1841.66 2603.65 2909.58 3936.86 4411.82 5405.25 6596.79 7962.34 8662.83 10270.7 11410.7 13486.5 14395.1 16305.1 
-6.27744e+66 -6.27744e+66 -6.27744e+66 -6.27744e+66 -6.27744e+66 -6.27744e+66 438.076 465.239 669.315 857.647 1194.98 1437.92 2091.05 2358.75 3271.89 3699.34 4602.46 5694.71 6955.22 7605.67 9106.33 10175.1 12128.8 12987 14796.4 
-6.27744e+66 -6.27744e+66 -6.27744e+66 -6.27744e+66 -6.27744e+66 -6.27744e+66 -6.27744e+66 438.076 540.114 665.669 918.667 1113.02 1657.3 1886.75 2685.75 3065.71 3878.52 4871.47 6026.93 6627.35 8020.82 9018.37 10849.9 11657.6 13366.5 
-6.27744e+66 -6.27744e+66 -6.27744e+66 -6.27744e+66 -6.27744e+66 -6.27744e+66 -6.27744e+66 -6.27744e+66 438.076 500.853 669.519 815.284 1250.71 1441.92 2126.77 2459.24 3181.73 4075.39 5125.81 5676.2 6962.48 7888.77 9598.23 10355.4 11963.8 
-6.27744e+66 -6.27744e+66 -6.27744e+66 -6.27744e+66 -6.27744e+66 -6.27744e+66 -6.27744e+66 -6.27744e+66 -6.27744e+66 438.076 522.409 619.585 946.153 1099.12 1669.83 1954.8 2586.99 3381.35 4326.73 4827.08 6006.17 6861.21 8448.56 9155.28 10663.2 
-6.27744e+66 -6.27744e+66 -6.27744e+66 -6.27744e+66 -6.27744e+66 -6.27744e+66 -6.27744e+66 -6.27744e+66 -6.27744e+66 -6.27744e+66 438.076 486.664 704.376 819.102 1275.67 1513.15 2055.02 2750.08 3590.42 4040.74 5112.64 5896.42 7361.67 8017.91 9425.26 
-6.27744e+66 -6.27744e+66 -6.27744e+66 -6.27744e+66 -6.27744e+66 -6.27744e+66 -6.27744e+66 -6.27744e+66 -6.27744e+66 -6.27744e+66 -6.27744e+66 438.076 546.932 623.416 965.843 1155.82 1607.38 2203.15 2938.45 3338.73 4303.44 5015.97 6359.12 6964.88 8271.7 
-6.27744e+66 -6.27744e+66 -6.27744e+66 -6.27744e+66 -6.27744e+66 -6.27744e+66 -6.27744e+66 -6.27744e+66 -6.27744e+66 -6.27744e+66 -6.27744e+66 -6.27744e+66 438.076 476.318 704.603 847.088 1208.34 1704.81 2335.07 2685.31 3542.83 4184.11 5405.15 5960.43 7166.73 
-6.27744e+66 -6.27744e+66 -6.27744e+66 -6.27744e+66 -6.27744e+66 -6.27744e+66 -6.27744e+66 -6.27744e+66 -6.27744e+66 -6.27744e+66 -6.27744e+66 -6.27744e+66 -6.27744e+66 438.076 552.219 647.209 918.145 1315.33 1840.54 2140.75 2891.08 3461.1 4560.04 5064.84 6170.61 
-6.27744e+66 -6.27744e+66 -6.27744e+66 -6.27744e+66 -6.27744e+66 -6.27744e+66 -6.27744e+66 -6.27744e+66 -6.27744e+66 -6.27744e+66 -6.27744e+66 -6.27744e+66 -6.27744e+66 -6.27744e+66 438.076 485.571 666.195 964.08 1384.25 1634.42 2277.56 2776.34 3753.17 4207.49 5212.74 
-6.27744e+66 -6.27744e+66 -6.27744e+66 -6.27744e+66 -6.27744e+66 -6.27744e+66 -6.27744e+66 -6.27744e+66 -6.27744e+66 -6.27744e+66 -6.27744e+66 -6.27744e+66 -6.27744e+66 -6.27744e+66 -6.27744e+66 438.076 528.388 726.978 1042.11 1242.24 1778.2 2205.71 3060.44 3464.28 4369.01 
-6.27744e+66 -6.27744e+66 -6.27744e+66 -6.27744e+66 -6.27744e+66 -6.27744e+66 -6.27744e+66 -6.27744e+66 -6.27744e+66 -6.27744e+66 -6.27744e+66 -6.27744e+66 -6.27744e+66 -6.27744e+66 -6.27744e+66 -6.27744e+66 438.076 537.371 747.456 897.56 1326.32 1682.59 2415.21 2768.57 3572.77 
-6.27744e+66 -6.27744e+66 -6.27744e+66 -6.27744e+66 -6.27744e+66 -6.27744e+66 -6.27744e+66 -6.27744e+66 -6.27744e+66 -6.27744e+66 -6.27744e+66 -6.27744e+66 -6.27744e+66 -6.27744e+66 -6.27744e+66 -6.27744e+66 -6.27744e+66 438.076 543.118 643.188 964.758 1249.77 1860.29 2163.17 2866.85 
-6.27744e+66 -6.27744e+66 -6.27744e+66 -6.27744e+66 -6.27744e+66 -6.27744e+66 -6.27744e+66 -6.27744e+66 -6.27744e+66 -6.27744e+66 -6.27744e+66 -6.27744e+66 -6.27744e+66 -6.27744e+66 -6.27744e+66 -6.27744e+66 -6.27744e+66 -6.27744e+66 438.076 488.111 702.491 916.251 1404.67 1657.07 2260.22 
-6.27744e+66 -6.27744e+66 -6.27744e+66 -6.27744e+66 -6.27744e+66 -6.27744e+66 -6.27744e+66 -6.27744e+66 -6.27744e+66 -6.27744e+66 -6.27744e+66 -6.27744e+66 -6.27744e+66 -6.27744e+66 -6.27744e+66 -6.27744e+66 -6.27744e+66 -6.27744e+66 -6.27744e+66 438.076 545.266 687.773 1054.09 1256.01 1758.63 
-6.27744e+66 -6.27744e+66 -6.27744e+66 -6.27744e+66 -6.27744e+66 -6.27744e+66 -6.27744e+66 -6.27744e+66 -6.27744e+66 -6.27744e+66 -6.27744e+66 -6.27744e+66 -6.27744e+66 -6.27744e+66 -6.27744e+66 -6.27744e+66 -6.27744e+66 -6.27744e+66 -6.27744e+66 -6.27744e+66 438.076 509.329 753.538 904.978 1307.08 
-6.27744e+66 -6.27744e+66 -6.27744e+66 -6.27744e+66 -6.27744e+66 -6.27744e+66 -6.27744e+66 -6.27744e+66 -6.27744e+66 -6.27744e+66 -6.27744e+66 -6.27744e+66 -6.27744e+66 -6.27744e+66 -6.27744e+66 -6.27744e+66 -6.27744e+66 -6.27744e+66 -6.27744e+66 -6.27744e+66 -6.27744e+66 438.076 560.18 661.14 962.714 
-6.27744e+66 -6.27744e+66 -6.27744e+66 -6.27744e+66 -6.27744e+66 -6.27744e+66 -6.27744e+66 -6.27744e+66 -6.27744e+66 -6.27744e+66 -6.27744e+66 -6.27744e+66 -6.27744e+66 -6.27744e+66 -6.27744e+66 -6.27744e+66 -6.27744e+66 -6.27744e+66 -6.27744e+66 -6.27744e+66 -6.27744e+66 -6.27744e+66 438.076 488.556 689.605 
-6.27744e+66 -6.27744e+66 -6.27744e+66 -6.27744e+66 -6.27744e+66 -6.27744e+66 -6.27744e+66 -6.27744e+66 -6.27744e+66 -6.27744e+66 -6.27744e+66 -6.27744e+66 -6.27744e+66 -6.27744e+66 -6.27744e+66 -6.27744e+66 -6.27744e+66 -6.27744e+66 -6.27744e+66 -6.27744e+66 -6.27744e+66 -6.27744e+66 -6.27744e+66 438.076 538.601 
-6.27744e+66 -6.27744e+66 -6.27744e+66 -6.27744e+66 -6.27744e+66 -6.27744e+66 -6.27744e+66 -6.27744e+66 -6.27744e+66 -6.27744e+66 -6.27744e+66 -6.27744e+66 -6.27744e+66 -6.27744e+66 -6.27744e+66 -6.27744e+66 -6.27744e+66 -6.27744e+66 -6.27744e+66 -6.27744e+66 -6.27744e+66 -6.27744e+66 -6.27744e+66 -6.27744e+66 438.076 
-6.27744e+66 -6.27744e+66 -6.27744e+66 -6.27744e+66 -6.27744e+66 -6.27744e+66 -6.27744e+66 -6.27744e+66 -6.27744e+66 -6.27744e+66 -6.27744e+66 -6.27744e+66 -6.27744e+66 -6.27744e+66 -6.27744e+66 -6.27744e+66 -6.27744e+66 -6.27744e+66 -6.27744e+66 -6.27744e+66 -6.27744e+66 -6.27744e+66 -6.27744e+66 -6.27744e+66 -6.27744e+66 
