36 20 
387.599 387.599 387.599 387.599 387.599 387.599 387.599 387.599 387.599 387.599 387.599 387.599 387.599 387.599 387.599 387.599 387.599 387.599 387.599 387.599 387.599 387.599 387.599 387.599 387.599 387.599 387.599 387.599 387.599 387.599 387.599 387.599 387.599 387.599 387.599 387.599 
item 0
52.1297 136.21 26.8077 75.7726 27.927 91.9855 0 0 67.3366 99.3057 0 0 82.8807 0 47.6701 0 0 146.5 49.4535 133.758 26.9459 0 0 139.846 82.1886 0 0 0 0 0 31.6329 123.587 0 0 0 120.158 
183.264 183.264 183.264 183.264 183.264 183.264 183.264 183.264 183.264 183.264 183.264 183.264 183.264 183.264 183.264 183.264 183.264 183.264 183.264 183.264 183.264 183.264 183.264 183.264 183.264 183.264 183.264 183.264 183.264 183.264 183.264 183.264 183.264 183.264 183.264 183.264 
1 1 1 1 1 1 1 1 1 1 1 1 1 1 1 1 1 1 1 1 1 1 1 1 1 1 1 1 1 1 1 1 1 1 1 1 
item 1
99.9777 86.7516 0 0 28.067 0 45.1206 90.7314 0 0 0 128.195 0 0 45.8345 95.4848 0 148 34.1295 111.518 0 0 55.725 0 0 113.132 0 0 20.6027 105.215 0 0 0 0 0 0 
145.097 145.097 145.097 145.097 145.097 145.097 145.097 145.097 145.097 145.097 145.097 145.097 145.097 145.097 145.097 145.097 145.097 145.097 145.097 145.097 145.097 145.097 145.097 145.097 145.097 145.097 145.097 145.097 145.097 145.097 145.097 145.097 145.097 145.097 145.097 145.097 
1 1 1 1 1 1 1 1 1 1 1 1 1 1 1 1 1 1 1 1 1 1 1 1 1 1 1 1 1 1 1 1 1 1 1 1 
item 2
84.5302 116.592 57.5987 102.828 0 0 37.8475 97.4868 48.4518 0 51.142 0 0 0 18.39 127.836 0 91.7904 0 86.5527 63.9244 114.97 36.0587 0 44.2047 95.0243 0 0 72.2917 76.2867 38.1373 93.6709 63.1059 0 79.9149 0 
255.283 255.283 255.283 255.283 255.283 255.283 255.283 255.283 255.283 255.283 255.283 255.283 255.283 255.283 255.283 255.283 255.283 255.283 255.283 255.283 255.283 255.283 255.283 255.283 255.283 255.283 255.283 255.283 255.283 255.283 255.283 255.283 255.283 255.283 255.283 255.283 
1 1 1 1 1 1 1 1 1 1 1 1 1 1 1 1 1 1 1 1 1 1 1 1 1 1 1 1 1 1 1 1 1 1 1 1 
item 3
43.5126 0 0 140.386 50.8946 62.5053 0 0 48.1924 0 55.6319 112.635 0 0 0 0 38.7504 91.1485 48.3648 103.571 0 0 51.3835 0 0 0 101.166 88.5216 0 0 57.9017 0 77.0748 0 0 118.277 
436.135 436.135 436.135 436.135 436.135 436.135 436.135 436.135 436.135 436.135 436.135 436.135 436.135 436.135 436.135 436.135 436.135 436.135 436.135 436.135 436.135 436.135 436.135 436.135 436.135 436.135 436.135 436.135 436.135 436.135 436.135 436.135 436.135 436.135 436.135 436.135 
1 1 1 1 1 1 1 1 1 1 1 1 1 1 1 1 1 1 1 1 1 1 1 1 1 1 1 1 1 1 1 1 1 1 1 1 
item 4
45.3654 0 60.5046 67.3642 55.3713 97.7633 0 99.4161 60.9149 61.0946 37.587 111.306 46.0808 0 70.0337 105.533 0 85.4376 0 0 0 0 55.4768 96.7043 0 89.8966 50.0603 0 54.8603 0 0 60.9596 0 84.7121 57.5546 0 
567 567 567 567 567 567 567 567 567 567 567 567 567 567 567 567 567 567 567 567 567 567 567 567 567 567 567 567 567 567 567 567 567 567 567 567 
1 1 1 1 1 1 1 1 1 1 1 1 1 1 1 1 1 1 1 1 1 1 1 1 1 1 1 1 1 1 1 1 1 1 1 1 
item 5
55.8889 0 0 90.0355 49.6204 0 41.8482 117.037 0 0 69.6262 113.888 84.4727 0 48.5001 0 0 86.5888 67.6928 0 41.4176 0 40.2913 0 0 0 74.9502 0 23.8509 149.063 0 100.871 45.4888 0 0 0 
345.784 345.784 345.784 345.784 345.784 345.784 345.784 345.784 345.784 345.784 345.784 345.784 345.784 345.784 345.784 345.784 345.784 345.784 345.784 345.784 345.784 345.784 345.784 345.784 345.784 345.784 345.784 345.784 345.784 345.784 345.784 345.784 345.784 345.784 345.784 345.784 
1 1 1 1 1 1 1 1 1 1 1 1 1 1 1 1 1 1 1 1 1 1 1 1 1 1 1 1 1 1 1 1 1 1 1 1 
item 6
34.7237 0 65.4948 91.8236 0 0 0 98.1164 0 112.723 0 80.9629 21.3013 93.5873 65.3407 120.988 0 0 0 0 0 89.023 73.196 111.784 0 0 0 0 41.4921 0 24.8038 133.602 0 0 0 0 
421.088 421.088 421.088 421.088 421.088 421.088 421.088 421.088 421.088 421.088 421.088 421.088 421.088 421.088 421.088 421.088 421.088 421.088 421.088 421.088 421.088 421.088 421.088 421.088 421.088 421.088 421.088 421.088 421.088 421.088 421.088 421.088 421.088 421.088 421.088 421.088 
1 1 1 1 1 1 1 1 1 1 1 1 1 1 1 1 1 1 1 1 1 1 1 1 1 1 1 1 1 1 1 1 1 1 1 1 
item 7
64.6751 0 0 68.5191 0 94.1026 0 0 63.2148 0 5.68456 103.845 65.159 148.017 0 112.105 0 0 60.0389 75.956 0 0 57.0981 0 44.6602 98.2727 0 96.6334 0 0 0 122.211 0 113.351 46.9676 108.987 
102.862 102.862 102.862 102.862 102.862 102.862 102.862 102.862 102.862 102.862 102.862 102.862 102.862 102.862 102.862 102.862 102.862 102.862 102.862 102.862 102.862 102.862 102.862 102.862 102.862 102.862 102.862 102.862 102.862 102.862 102.862 102.862 102.862 102.862 102.862 102.862 
1 1 1 1 1 1 1 1 1 1 1 1 1 1 1 1 1 1 1 1 1 1 1 1 1 1 1 1 1 1 1 1 1 1 1 1 
item 8
29.8978 87.5682 0 0 0 0 0 119.364 0 85.5514 4.62952 112.301 42.9503 0 37.9328 0 42.0862 105.767 8.31492 0 57.2216 0 0 88.6025 33.166 0 71.2695 0 0 0 0 117.755 0 0 46.3906 92.7892 
549.27 549.27 549.27 549.27 549.27 549.27 549.27 549.27 549.27 549.27 549.27 549.27 549.27 549.27 549.27 549.27 549.27 549.27 549.27 549.27 549.27 549.27 549.27 549.27 549.27 549.27 549.27 549.27 549.27 549.27 549.27 549.27 549.27 549.27 549.27 549.27 
1 1 1 1 1 1 1 1 1 1 1 1 1 1 1 1 1 1 1 1 1 1 1 1 1 1 1 1 1 1 1 1 1 1 1 1 
item 9
79.7836 84.3517 70.846 93.4952 0 74.1797 64.1262 0 43.4001 120.548 57.7741 79.4867 44.6463 0 43.9381 0 64.7452 0 55.8746 73.9979 65.234 0 35.7246 0 0 89.5729 0 126.434 0 110.508 0 0 0 109.885 0 98.5716 
588.298 588.298 588.298 588.298 588.298 588.298 588.298 588.298 588.298 588.298 588.298 588.298 588.298 588.298 588.298 588.298 588.298 588.298 588.298 588.298 588.298 588.298 588.298 588.298 588.298 588.298 588.298 588.298 588.298 588.298 588.298 588.298 588.298 588.298 588.298 588.298 
1 1 1 1 1 1 1 1 1 1 1 1 1 1 1 1 1 1 1 1 1 1 1 1 1 1 1 1 1 1 1 1 1 1 1 1 
item 10
29.2411 0 81.0031 0 64.5558 125.951 0 0 52.2176 84.118 62.842 85.0431 0 97.7583 14.1276 80.2191 0 132.31 0 0 0 118.72 0 86.5988 0 0 45.6477 147.996 32.4571 0 71.2899 0 36.5644 92.4186 0 0 
127.575 127.575 127.575 127.575 127.575 127.575 127.575 127.575 127.575 127.575 127.575 127.575 127.575 127.575 127.575 127.575 127.575 127.575 127.575 127.575 127.575 127.575 127.575 127.575 127.575 127.575 127.575 127.575 127.575 127.575 127.575 127.575 127.575 127.575 127.575 127.575 
1 1 1 1 1 1 1 1 1 1 1 1 1 1 1 1 1 1 1 1 1 1 1 1 1 1 1 1 1 1 1 1 1 1 1 1 
item 11
27.7658 0 0 90.539 48.4384 0 29.3174 122.088 0 0 7.11309 96.7259 47.4439 0 48.4889 0 49.8016 0 0 128.23 0 87.6555 44.4454 0 0 0 0 88.4073 0 0 42.6761 0 60.3173 0 0 0 
326.701 326.701 326.701 326.701 326.701 326.701 326.701 326.701 326.701 326.701 326.701 326.701 326.701 326.701 326.701 326.701 326.701 326.701 326.701 326.701 326.701 326.701 326.701 326.701 326.701 326.701 326.701 326.701 326.701 326.701 326.701 326.701 326.701 326.701 326.701 326.701 
1 1 1 1 1 1 1 1 1 1 1 1 1 1 1 1 1 1 1 1 1 1 1 1 1 1 1 1 1 1 1 1 1 1 1 1 
item 12
48.4984 77.8786 0 0 81.5239 106.964 0 86.2939 57.3681 0 35.304 108.446 55.5679 0 0 85.2503 50.6894 122.776 0 100.907 0 0 0 0 0 0 0 0 0 61.2928 75.5556 81.3659 0 87.2278 86.6045 101.664 
110.46 110.46 110.46 110.46 110.46 110.46 110.46 110.46 110.46 110.46 110.46 110.46 110.46 110.46 110.46 110.46 110.46 110.46 110.46 110.46 110.46 110.46 110.46 110.46 110.46 110.46 110.46 110.46 110.46 110.46 110.46 110.46 110.46 110.46 110.46 110.46 
1 1 1 1 1 1 1 1 1 1 1 1 1 1 1 1 1 1 1 1 1 1 1 1 1 1 1 1 1 1 1 1 1 1 1 1 
item 13
52.8241 0 0 106.276 93.1671 0 0 0 0 103.349 0 79.0168 0 108.414 0 0 0 0 0 98.1913 60.3847 0 0 0 21.5576 0 85.3281 71.3463 0 77.1059 0 0 0 0 0 0 
323.826 323.826 323.826 323.826 323.826 323.826 323.826 323.826 323.826 323.826 323.826 323.826 323.826 323.826 323.826 323.826 323.826 323.826 323.826 323.826 323.826 323.826 323.826 323.826 323.826 323.826 323.826 323.826 323.826 323.826 323.826 323.826 323.826 323.826 323.826 323.826 
1 1 1 1 1 1 1 1 1 1 1 1 1 1 1 1 1 1 1 1 1 1 1 1 1 1 1 1 1 1 1 1 1 1 1 1 
item 14
81.3824 0 52.3603 0 47.5238 95.549 67.0541 138.69 66.4772 91.7126 0 0 45.9829 88.3055 0 0 0 0 0 0 0 55.1733 0 120.603 61.232 99.197 22.5894 112.635 43.9079 95.3075 28.3998 0 26.6049 0 47.0293 0 
705.175 705.175 705.175 705.175 705.175 705.175 705.175 705.175 705.175 705.175 705.175 705.175 705.175 705.175 705.175 705.175 705.175 705.175 705.175 705.175 705.175 705.175 705.175 705.175 705.175 705.175 705.175 705.175 705.175 705.175 705.175 705.175 705.175 705.175 705.175 705.175 
1 1 1 1 1 1 1 1 1 1 1 1 1 1 1 1 1 1 1 1 1 1 1 1 1 1 1 1 1 1 1 1 1 1 1 1 
item 15
24.634 62.3841 25.274 0 12.9554 0 0 72.2313 56.3392 76.0707 67.4138 0 48.2126 0 45.1037 0 0 0 66.8674 0 62.0081 0 74.8851 0 0 0 27.6434 100.937 0 0 0 83.768 0 0 63.4069 109.344 
119.628 119.628 119.628 119.628 119.628 119.628 119.628 119.628 119.628 119.628 119.628 119.628 119.628 119.628 119.628 119.628 119.628 119.628 119.628 119.628 119.628 119.628 119.628 119.628 119.628 119.628 119.628 119.628 119.628 119.628 119.628 119.628 119.628 119.628 119.628 119.628 
1 1 1 1 1 1 1 1 1 1 1 1 1 1 1 1 1 1 1 1 1 1 1 1 1 1 1 1 1 1 1 1 1 1 1 1 
item 16
85.3134 94.4424 0 0 0 0 0 0 0 0 0 0 76.0119 119.322 0 0 0 0 60.4891 0 54.2475 0 0 0 0 0 0 76.3301 59.138 0 0 90.2614 42.692 0 35.8391 101.326 
86.6513 86.6513 86.6513 86.6513 86.6513 86.6513 86.6513 86.6513 86.6513 86.6513 86.6513 86.6513 86.6513 86.6513 86.6513 86.6513 86.6513 86.6513 86.6513 86.6513 86.6513 86.6513 86.6513 86.6513 86.6513 86.6513 86.6513 86.6513 86.6513 86.6513 86.6513 86.6513 86.6513 86.6513 86.6513 86.6513 
1 1 1 1 1 1 1 1 1 1 1 1 1 1 1 1 1 1 1 1 1 1 1 1 1 1 1 1 1 1 1 1 1 1 1 1 
item 17
12.0392 0 67.7657 150.208 74.008 0 0 0 13.3613 102.432 0 0 0 105.802 0 52.4558 0 0 65.9529 111.922 0 112.297 0 70.3152 54.6525 0 75.0181 76.5177 0 127.554 43.164 0 60.7847 91.6074 28.659 83.2255 
88.3351 88.3351 88.3351 88.3351 88.3351 88.3351 88.3351 88.3351 88.3351 88.3351 88.3351 88.3351 88.3351 88.3351 88.3351 88.3351 88.3351 88.3351 88.3351 88.3351 88.3351 88.3351 88.3351 88.3351 88.3351 88.3351 88.3351 88.3351 88.3351 88.3351 88.3351 88.3351 88.3351 88.3351 88.3351 88.3351 
1 1 1 1 1 1 1 1 1 1 1 1 1 1 1 1 1 1 1 1 1 1 1 1 1 1 1 1 1 1 1 1 1 1 1 1 
item 18
33.4621 91.2714 63.1346 0 65.2606 0 0 106.641 51.7408 78.3274 0 0 0 0 0 0 0 124.859 0 101.638 58.351 120.995 0 159.009 14.0542 0 12.6177 0 66.1572 0 0 95.1006 39.3721 111.678 63.4276 129.423 
104.294 104.294 104.294 104.294 104.294 104.294 104.294 104.294 104.294 104.294 104.294 104.294 104.294 104.294 104.294 104.294 104.294 104.294 104.294 104.294 104.294 104.294 104.294 104.294 104.294 104.294 104.294 104.294 104.294 104.294 104.294 104.294 104.294 104.294 104.294 104.294 
1 1 1 1 1 1 1 1 1 1 1 1 1 1 1 1 1 1 1 1 1 1 1 1 1 1 1 1 1 1 1 1 1 1 1 1 
item 19
70.06 91.2131 0 0 47.0596 0 0 0 81.2771 161.267 37.6128 0 0 0 25.7164 0 0 115.171 0 0 0 75.468 55.8441 83.9792 0 110.955 72.2337 0 59.4424 122.586 27.495 123.482 34.0602 93.1926 44.8215 111.106 
471.928 471.928 471.928 471.928 471.928 471.928 471.928 471.928 471.928 471.928 471.928 471.928 471.928 471.928 471.928 471.928 471.928 471.928 471.928 471.928 471.928 471.928 471.928 471.928 471.928 471.928 471.928 471.928 471.928 471.928 471.928 471.928 471.928 471.928 471.928 471.928 
1 1 1 1 1 1 1 1 1 1 1 1 1 1 1 1 1 1 1 1 1 1 1 1 1 1 1 1 1 1 1 1 1 1 1 1 
