24 10 
28754.7 28754.7 28754.7 28754.7 28754.7 28754.7 28754.7 28754.7 28754.7 28754.7 28754.7 28754.7 28754.7 28754.7 28754.7 28754.7 28754.7 28754.7 28754.7 28754.7 28754.7 28754.7 28754.7 28754.7 
item 0
33.6056 74.5188 69.5955 99.4769 35.2264 88.9801 53.2326 115.601 31.1377 110.167 33.2435 90.3983 80.5552 104.456 23.5523 118.838 61.3452 87.5531 46.5363 71.1727 41.2195 94.4339 65.6607 87.6706 
1061.86 1061.86 1061.86 1061.86 1061.86 1061.86 1061.86 1061.86 1061.86 1061.86 1061.86 1061.86 1061.86 1061.86 1061.86 1061.86 1061.86 1061.86 1061.86 1061.86 1061.86 1061.86 1061.86 1061.86 
1 1 1 1 1 1 1 1 1 1 1 1 1 1 1 1 1 1 1 1 1 1 1 1 
item 1
31.8228 124.949 66.4093 53.1306 27.235 105.231 52.3969 76.089 81.1159 151.89 43.9152 55.0843 52.9322 95.5391 58.6036 67.5809 39.4822 116.377 42.6905 74.6443 50.3684 97.9295 48.3655 116.152 
1067.45 1067.45 1067.45 1067.45 1067.45 1067.45 1067.45 1067.45 1067.45 1067.45 1067.45 1067.45 1067.45 1067.45 1067.45 1067.45 1067.45 1067.45 1067.45 1067.45 1067.45 1067.45 1067.45 1067.45 
1 1 1 1 1 1 1 1 1 1 1 1 1 1 1 1 1 1 1 1 1 1 1 1 
item 2
68.1086 88.0491 7.51087 89.7567 52.3832 111.584 62.3065 101.054 75.275 107.471 49.7311 105.205 60.594 95.6096 54.2579 70.8163 44.9096 93.1031 36.5775 114.545 32.935 126.632 29.8401 100.641 
165.228 165.228 165.228 165.228 165.228 165.228 165.228 165.228 165.228 165.228 165.228 165.228 165.228 165.228 165.228 165.228 165.228 165.228 165.228 165.228 165.228 165.228 165.228 165.228 
1 1 1 1 1 1 1 1 1 1 1 1 1 1 1 1 1 1 1 1 1 1 1 1 
item 3
55.06 87.2382 46.3461 113.777 54.3239 74.3057 39.8146 103.666 73.7213 111.886 24.2427 95.6984 48.4997 88.1724 75.8532 84.094 49.0367 86.1748 87.9486 111.746 52.3331 85.2472 67.5595 93.8838 
571.439 571.439 571.439 571.439 571.439 571.439 571.439 571.439 571.439 571.439 571.439 571.439 571.439 571.439 571.439 571.439 571.439 571.439 571.439 571.439 571.439 571.439 571.439 571.439 
1 1 1 1 1 1 1 1 1 1 1 1 1 1 1 1 1 1 1 1 1 1 1 1 
item 4
51.657 92.1471 50.9619 94.3637 56.663 89.0702 55.6427 108.512 51.1231 88.6667 48.3382 99.1072 36.4598 120.601 60.5502 85.3841 56.2555 69.1293 59.2962 115.766 27.4873 101.306 62.1861 98.5803 
554.512 554.512 554.512 554.512 554.512 554.512 554.512 554.512 554.512 554.512 554.512 554.512 554.512 554.512 554.512 554.512 554.512 554.512 554.512 554.512 554.512 554.512 554.512 554.512 
1 1 1 1 1 1 1 1 1 1 1 1 1 1 1 1 1 1 1 1 1 1 1 1 
item 5
49.2673 127.625 97.5047 143.242 22.9529 85.1419 27.0674 115.348 67.5202 76.5361 74.631 77.7158 81.6678 82.7257 33.8339 91.5588 56.6476 103.609 35.6107 137.405 64.5463 124.658 58.8907 120.058 
798.399 798.399 798.399 798.399 798.399 798.399 798.399 798.399 798.399 798.399 798.399 798.399 798.399 798.399 798.399 798.399 798.399 798.399 798.399 798.399 798.399 798.399 798.399 798.399 
1 1 1 1 1 1 1 1 1 1 1 1 1 1 1 1 1 1 1 1 1 1 1 1 
item 6
40.035 106.357 55.5062 73.3367 61.2713 109.839 10.7666 96.4586 38.661 61.6276 60.3015 93.6766 68.1049 133.362 36.2425 124.624 40.8591 83.8807 43.9665 103.478 53.2617 137.848 28.5735 109.35 
522.072 522.072 522.072 522.072 522.072 522.072 522.072 522.072 522.072 522.072 522.072 522.072 522.072 522.072 522.072 522.072 522.072 522.072 522.072 522.072 522.072 522.072 522.072 522.072 
1 1 1 1 1 1 1 1 1 1 1 1 1 1 1 1 1 1 1 1 1 1 1 1 
item 7
55.5592 92.5384 58.6836 84.2254 59.5117 80.7639 32.5305 119.177 31.7347 67.6864 56.9731 124.787 36.1553 74.0705 102.408 113.837 25.6524 108.985 70.7658 97.8404 74.657 104.378 28.1573 129.108 
298.605 298.605 298.605 298.605 298.605 298.605 298.605 298.605 298.605 298.605 298.605 298.605 298.605 298.605 298.605 298.605 298.605 298.605 298.605 298.605 298.605 298.605 298.605 298.605 
1 1 1 1 1 1 1 1 1 1 1 1 1 1 1 1 1 1 1 1 1 1 1 1 
item 8
41.0382 134.095 19.1522 104.895 85.9917 91.087 53.4913 143.381 36.0075 107.971 85.3692 86.8224 32.6554 104.217 43.553 115.818 68.035 57.095 91.1758 89.5637 71.4912 138.051 41.3148 139.188 
895.432 895.432 895.432 895.432 895.432 895.432 895.432 895.432 895.432 895.432 895.432 895.432 895.432 895.432 895.432 895.432 895.432 895.432 895.432 895.432 895.432 895.432 895.432 895.432 
1 1 1 1 1 1 1 1 1 1 1 1 1 1 1 1 1 1 1 1 1 1 1 1 
item 9
69.8968 131.906 36.3308 145.905 58.3608 80.1996 43.8673 48.4551 22.9971 108.653 101.688 100.745 31.4131 94.9956 74.6925 86.831 63.8471 84.2038 0 71.5683 91.4785 77.0669 47.5702 97.1443 
1150.17 1150.17 1150.17 1150.17 1150.17 1150.17 1150.17 1150.17 1150.17 1150.17 1150.17 1150.17 1150.17 1150.17 1150.17 1150.17 1150.17 1150.17 1150.17 1150.17 1150.17 1150.17 1150.17 1150.17 
1 1 1 1 1 1 1 1 1 1 1 1 1 1 1 1 1 1 1 1 1 1 1 1 
