12 20 
4064.07 4064.07 4064.07 4064.07 4064.07 4064.07 4064.07 4064.07 4064.07 4064.07 4064.07 4064.07 
item 0
78.2658 82.572 35.2166 92.393 73.3515 107.932 56.0876 99.9474 20.8805 75.8533 35.6561 77.3714 
1101.01 1101.01 1101.01 1101.01 1101.01 1101.01 1101.01 1101.01 1101.01 1101.01 1101.01 1101.01 
1 1 1 1 1 1 1 1 1 1 1 1 
item 1
47.3557 75.3744 53.1498 115.848 75.954 88.8666 73.9762 97.5571 57.2439 99.5399 26.0091 102.473 
728.803 728.803 728.803 728.803 728.803 728.803 728.803 728.803 728.803 728.803 728.803 728.803 
1 1 1 1 1 1 1 1 1 1 1 1 
item 2
6.16313 115.063 70.0974 101.879 64.8565 92.3341 42.993 75.1748 60.2731 115.621 37.5773 83.0415 
321.972 321.972 321.972 321.972 321.972 321.972 321.972 321.972 321.972 321.972 321.972 321.972 
1 1 1 1 1 1 1 1 1 1 1 1 
item 3
69.7136 112.368 38.9641 72.6524 79.9363 81.8996 43.2455 91.7115 81.1512 86.3259 53.932 121.608 
167.933 167.933 167.933 167.933 167.933 167.933 167.933 167.933 167.933 167.933 167.933 167.933 
1 1 1 1 1 1 1 1 1 1 1 1 
item 4
67.4512 79.8255 33.9206 103.712 61.3715 116.583 78.1089 113.942 55.8728 123.566 48.9632 103.146 
657.55 657.55 657.55 657.55 657.55 657.55 657.55 657.55 657.55 657.55 657.55 657.55 
1 1 1 1 1 1 1 1 1 1 1 1 
item 5
1 86.0015 30.4527 118.97 27.3798 103.003 11.5783 132.735 37.6267 90.7318 86.4927 93.6451 
313.134 313.134 313.134 313.134 313.134 313.134 313.134 313.134 313.134 313.134 313.134 313.134 
1 1 1 1 1 1 1 1 1 1 1 1 
item 6
22.8822 108.358 50.2073 115.327 53.3544 96.1095 66.6118 79.4825 89.9314 79.642 51.4028 99.6803 
817.901 817.901 817.901 817.901 817.901 817.901 817.901 817.901 817.901 817.901 817.901 817.901 
1 1 1 1 1 1 1 1 1 1 1 1 
item 7
82.2768 105.571 43.9442 96.1489 39.2883 105.728 36.2211 96.531 56.1703 90.0552 27.4034 67.6819 
599.339 599.339 599.339 599.339 599.339 599.339 599.339 599.339 599.339 599.339 599.339 599.339 
1 1 1 1 1 1 1 1 1 1 1 1 
item 8
64.7788 106.242 55.7682 129.396 28.5919 117.068 97.4752 98.48 48.652 82.621 54.1549 81.0348 
1005.6 1005.6 1005.6 1005.6 1005.6 1005.6 1005.6 1005.6 1005.6 1005.6 1005.6 1005.6 
1 1 1 1 1 1 1 1 1 1 1 1 
item 9
50.425 111 12.1107 79.7861 44.789 112.231 59.7516 107.598 39.9667 111.962 49.3998 89.281 
611.177 611.177 611.177 611.177 611.177 611.177 611.177 611.177 611.177 611.177 611.177 611.177 
1 1 1 1 1 1 1 1 1 1 1 1 
item 10
51.1144 101.46 88.2118 99.6544 90.6678 111.976 52.5082 107.746 24.6801 68.8335 67.1339 83.5364 
228.771 228.771 228.771 228.771 228.771 228.771 228.771 228.771 228.771 228.771 228.771 228.771 
1 1 1 1 1 1 1 1 1 1 1 1 
item 11
37.2652 77.0741 29.0986 122.828 69.1152 96.3883 54.9715 130.043 55.1873 92.1976 22.2956 99.771 
922.672 922.672 922.672 922.672 922.672 922.672 922.672 922.672 922.672 922.672 922.672 922.672 
1 1 1 1 1 1 1 1 1 1 1 1 
item 12
46.2788 115.351 21.1166 73.3225 33.3132 128.74 69.3384 47.6916 34.779 86.3524 40.0004 113.247 
334.961 334.961 334.961 334.961 334.961 334.961 334.961 334.961 334.961 334.961 334.961 334.961 
1 1 1 1 1 1 1 1 1 1 1 1 
item 13
38.2461 112.17 51.5789 135.558 28.3063 93.89 66.576 106.717 35.9034 112.633 46.0214 64.5617 
1285.87 1285.87 1285.87 1285.87 1285.87 1285.87 1285.87 1285.87 1285.87 1285.87 1285.87 1285.87 
1 1 1 1 1 1 1 1 1 1 1 1 
item 14
36.9391 119.333 49.5074 67.2597 55.7343 111.928 62.7891 87.6767 103.269 107.861 58.8536 77.9282 
812.795 812.795 812.795 812.795 812.795 812.795 812.795 812.795 812.795 812.795 812.795 812.795 
1 1 1 1 1 1 1 1 1 1 1 1 
item 15
27.0593 96.891 67.2941 86.3018 29.3158 93.9115 30.3801 53.7171 53.0578 121.431 22.7822 124.276 
142.205 142.205 142.205 142.205 142.205 142.205 142.205 142.205 142.205 142.205 142.205 142.205 
1 1 1 1 1 1 1 1 1 1 1 1 
item 16
18.6617 99.0722 37.7406 91.4954 57.3627 116.783 60.3088 130.968 17.3997 87.7388 48.2221 93.1264 
857.616 857.616 857.616 857.616 857.616 857.616 857.616 857.616 857.616 857.616 857.616 857.616 
1 1 1 1 1 1 1 1 1 1 1 1 
item 17
81.553 123.988 56.1672 106.422 15.0957 97.1813 41.5039 83.9981 76.5594 96.0585 64.4973 79.9251 
364.293 364.293 364.293 364.293 364.293 364.293 364.293 364.293 364.293 364.293 364.293 364.293 
1 1 1 1 1 1 1 1 1 1 1 1 
item 18
92.4756 66.3678 69.3309 86.4152 67.8726 107.618 53.112 75.3612 49.8532 88.3782 72.1616 90.7247 
212.497 212.497 212.497 212.497 212.497 212.497 212.497 212.497 212.497 212.497 212.497 212.497 
1 1 1 1 1 1 1 1 1 1 1 1 
item 19
41.493 77.3345 44.1202 101.672 58.2053 88.1037 73.1119 106.124 32.5336 92.7187 74.6383 112.079 
620.776 620.776 620.776 620.776 620.776 620.776 620.776 620.776 620.776 620.776 620.776 620.776 
1 1 1 1 1 1 1 1 1 1 1 1 
