24 20 
821.135 821.135 821.135 821.135 821.135 821.135 821.135 821.135 821.135 821.135 821.135 821.135 821.135 821.135 821.135 821.135 821.135 821.135 821.135 821.135 821.135 821.135 821.135 821.135 
item 0
81.1989 105.303 42.5905 99.1213 40.7639 92.021 53.0433 87.6395 60.905 115.717 51.9036 109.248 32.6984 108.906 74.9581 109.467 35.6918 74.0929 47.8142 105.549 58.5988 103.828 69.5153 80.9016 
314.059 314.059 314.059 314.059 314.059 314.059 314.059 314.059 314.059 314.059 314.059 314.059 314.059 314.059 314.059 314.059 314.059 314.059 314.059 314.059 314.059 314.059 314.059 314.059 
1 1 1 1 1 1 1 1 1 1 1 1 1 1 1 1 1 1 1 1 1 1 1 1 
item 1
66.1097 73.5622 58.1632 103.112 57.4066 109.608 13.9867 138.959 59.8325 111.204 68 112.496 46.1995 87.3939 33.3034 123.786 94.3371 148.052 50.1143 100.29 63.1742 112.674 28.1961 85.813 
565.048 565.048 565.048 565.048 565.048 565.048 565.048 565.048 565.048 565.048 565.048 565.048 565.048 565.048 565.048 565.048 565.048 565.048 565.048 565.048 565.048 565.048 565.048 565.048 
1 1 1 1 1 1 1 1 1 1 1 1 1 1 1 1 1 1 1 1 1 1 1 1 
item 2
30.9573 82.8089 17.2328 77.048 32.9114 85.608 43.614 66.0315 36.7227 100.617 73.0864 93.5122 33.0624 79.5971 38.7243 94.2647 51.6744 62.5916 93.9848 105.318 63.6584 106.406 16.9275 86.1602 
221.912 221.912 221.912 221.912 221.912 221.912 221.912 221.912 221.912 221.912 221.912 221.912 221.912 221.912 221.912 221.912 221.912 221.912 221.912 221.912 221.912 221.912 221.912 221.912 
1 1 1 1 1 1 1 1 1 1 1 1 1 1 1 1 1 1 1 1 1 1 1 1 
item 3
65.4949 88.7243 7.96795 107.06 66.5602 114.034 14.9589 86.5433 63.4619 90.0505 45.8389 92.5855 13.4011 103.097 83.5905 136.804 61.7458 94.8713 32.7591 125.604 75.2356 90.2571 50.1915 99.0261 
1245.24 1245.24 1245.24 1245.24 1245.24 1245.24 1245.24 1245.24 1245.24 1245.24 1245.24 1245.24 1245.24 1245.24 1245.24 1245.24 1245.24 1245.24 1245.24 1245.24 1245.24 1245.24 1245.24 1245.24 
1 1 1 1 1 1 1 1 1 1 1 1 1 1 1 1 1 1 1 1 1 1 1 1 
item 4
64.8795 145.152 68.411 92.2526 74.3212 112.144 52.334 88.8063 40.7536 88.358 19.85 91.5682 41.1661 74.2335 12.3397 86.05 68.349 109.028 63.3794 97.5446 11.8475 124.856 54.6373 111.014 
1267.4 1267.4 1267.4 1267.4 1267.4 1267.4 1267.4 1267.4 1267.4 1267.4 1267.4 1267.4 1267.4 1267.4 1267.4 1267.4 1267.4 1267.4 1267.4 1267.4 1267.4 1267.4 1267.4 1267.4 
1 1 1 1 1 1 1 1 1 1 1 1 1 1 1 1 1 1 1 1 1 1 1 1 
item 5
37.7794 99.8631 88.0547 93.5097 50.8353 101.685 16.6631 115.207 77.0322 106.768 55.3622 101.432 43.5132 92.6284 50.0168 80.8668 53.2534 119.919 49.7996 98.1892 19.2426 117.513 51.7164 102.057 
841.849 841.849 841.849 841.849 841.849 841.849 841.849 841.849 841.849 841.849 841.849 841.849 841.849 841.849 841.849 841.849 841.849 841.849 841.849 841.849 841.849 841.849 841.849 841.849 
1 1 1 1 1 1 1 1 1 1 1 1 1 1 1 1 1 1 1 1 1 1 1 1 
item 6
49.6313 120.857 72.7153 97.2568 20.5057 102.151 41.8401 82.6463 61.8306 102.917 58.4298 66.2185 33.0101 98.0602 55.0145 74.4559 59.1789 128.121 22.761 139.335 56.8703 111.404 47.9505 95.4893 
229.666 229.666 229.666 229.666 229.666 229.666 229.666 229.666 229.666 229.666 229.666 229.666 229.666 229.666 229.666 229.666 229.666 229.666 229.666 229.666 229.666 229.666 229.666 229.666 
1 1 1 1 1 1 1 1 1 1 1 1 1 1 1 1 1 1 1 1 1 1 1 1 
item 7
52.1791 82.3309 59.8333 133.939 26.6435 103.552 62.7639 67.8776 53.3085 86.4535 38.4469 86.7933 56.1065 100.461 48.6684 75.2185 66.3785 99.2296 61.9283 66.998 54.0012 116.398 9.78513 74.0348 
816.843 816.843 816.843 816.843 816.843 816.843 816.843 816.843 816.843 816.843 816.843 816.843 816.843 816.843 816.843 816.843 816.843 816.843 816.843 816.843 816.843 816.843 816.843 816.843 
1 1 1 1 1 1 1 1 1 1 1 1 1 1 1 1 1 1 1 1 1 1 1 1 
item 8
18.7892 112.579 59.7771 94.8346 94.1725 102.591 39.4383 103.317 47.5176 58.142 22.9144 75.6373 18.9417 106.453 48.8235 75.8573 77.8863 101.109 78.9047 82.9078 61.12 103.689 62.9645 71.016 
602.93 602.93 602.93 602.93 602.93 602.93 602.93 602.93 602.93 602.93 602.93 602.93 602.93 602.93 602.93 602.93 602.93 602.93 602.93 602.93 602.93 602.93 602.93 602.93 
1 1 1 1 1 1 1 1 1 1 1 1 1 1 1 1 1 1 1 1 1 1 1 1 
item 9
46.2698 105.864 34.7811 140.084 54.9644 123.122 49.4681 113.271 63.7241 97.8706 28.1031 121.796 57.142 115.671 37.7902 101.101 52.2212 74.1644 57.6888 118.426 54.0644 114.591 41.6624 111.637 
466.152 466.152 466.152 466.152 466.152 466.152 466.152 466.152 466.152 466.152 466.152 466.152 466.152 466.152 466.152 466.152 466.152 466.152 466.152 466.152 466.152 466.152 466.152 466.152 
1 1 1 1 1 1 1 1 1 1 1 1 1 1 1 1 1 1 1 1 1 1 1 1 
item 10
41.1441 101.968 50.9352 104.427 38.0704 94.6477 53.1117 76.4553 14.4444 110.77 44.2203 80.5435 69.1019 130.004 47.9592 89.4437 76.9386 68.2469 63.6407 92.345 67.6551 107.371 61.5502 91.1692 
526.875 526.875 526.875 526.875 526.875 526.875 526.875 526.875 526.875 526.875 526.875 526.875 526.875 526.875 526.875 526.875 526.875 526.875 526.875 526.875 526.875 526.875 526.875 526.875 
1 1 1 1 1 1 1 1 1 1 1 1 1 1 1 1 1 1 1 1 1 1 1 1 
item 11
73.6869 124.057 43.9771 76.6236 59.1397 94.0598 26.9841 103.06 22.5307 78.9977 82.0448 93.5649 46.8149 108.32 53.6417 98.3163 87.149 122.906 49.4475 96.0078 58.9664 98.5644 38.46 72.961 
980.434 980.434 980.434 980.434 980.434 980.434 980.434 980.434 980.434 980.434 980.434 980.434 980.434 980.434 980.434 980.434 980.434 980.434 980.434 980.434 980.434 980.434 980.434 980.434 
1 1 1 1 1 1 1 1 1 1 1 1 1 1 1 1 1 1 1 1 1 1 1 1 
item 12
19.5441 74.0694 31.8534 75.0733 69.1801 122.139 0 103.018 34.6477 108.3 40.5267 95.1696 47.4492 74.2506 31.6593 111.573 28.7162 80.519 11.4146 79.4257 42.986 113.331 33.7014 83.8594 
1064.77 1064.77 1064.77 1064.77 1064.77 1064.77 1064.77 1064.77 1064.77 1064.77 1064.77 1064.77 1064.77 1064.77 1064.77 1064.77 1064.77 1064.77 1064.77 1064.77 1064.77 1064.77 1064.77 1064.77 
1 1 1 1 1 1 1 1 1 1 1 1 1 1 1 1 1 1 1 1 1 1 1 1 
item 13
77.2192 105.441 28.0675 102.24 75.2203 83.1093 43.2855 93.7394 48.3219 85.6708 37.0908 82.804 48.3594 98.9062 62.1828 77.353 78.1223 65.4936 54.3529 123.118 91.936 108.974 24.5944 83.7221 
821.748 821.748 821.748 821.748 821.748 821.748 821.748 821.748 821.748 821.748 821.748 821.748 821.748 821.748 821.748 821.748 821.748 821.748 821.748 821.748 821.748 821.748 821.748 821.748 
1 1 1 1 1 1 1 1 1 1 1 1 1 1 1 1 1 1 1 1 1 1 1 1 
item 14
66.323 93.1634 68.9555 98.1208 28.2507 63.275 62.5506 79.9207 57.5023 128.39 39.1795 86.5026 87.1044 114.956 56.4518 110.549 63.424 117.02 38.4283 109.572 78.3377 108.307 45.0531 94.428 
1033.56 1033.56 1033.56 1033.56 1033.56 1033.56 1033.56 1033.56 1033.56 1033.56 1033.56 1033.56 1033.56 1033.56 1033.56 1033.56 1033.56 1033.56 1033.56 1033.56 1033.56 1033.56 1033.56 1033.56 
1 1 1 1 1 1 1 1 1 1 1 1 1 1 1 1 1 1 1 1 1 1 1 1 
item 15
48.027 70.6798 63.0582 71.8364 47.0963 94.0348 61.901 102.515 65.1781 84.9167 44.4884 94.1933 60.4853 90.8986 48.6379 123.397 48.4228 111.861 70.6976 114.923 47.6206 134.887 26.72 97.77 
176.338 176.338 176.338 176.338 176.338 176.338 176.338 176.338 176.338 176.338 176.338 176.338 176.338 176.338 176.338 176.338 176.338 176.338 176.338 176.338 176.338 176.338 176.338 176.338 
1 1 1 1 1 1 1 1 1 1 1 1 1 1 1 1 1 1 1 1 1 1 1 1 
item 16
65.2898 120.903 27.2785 94.9603 25.7845 72.8214 23.0621 104.788 40.853 126.946 77.5564 123.139 62.6486 83.2955 64.4495 129.944 27.6402 96.6687 0 129.003 52.6281 95.183 31.8449 95.0102 
326.55 326.55 326.55 326.55 326.55 326.55 326.55 326.55 326.55 326.55 326.55 326.55 326.55 326.55 326.55 326.55 326.55 326.55 326.55 326.55 326.55 326.55 326.55 326.55 
1 1 1 1 1 1 1 1 1 1 1 1 1 1 1 1 1 1 1 1 1 1 1 1 
item 17
69.3782 104.951 38.7392 102.08 39.5439 77.5517 68.4613 129.453 47.817 73.4203 35.6191 118.849 38.576 73.3691 11.0774 102.612 37.8826 65.9766 52.3678 89.3417 26.8175 72.1526 52.207 131.514 
155.788 155.788 155.788 155.788 155.788 155.788 155.788 155.788 155.788 155.788 155.788 155.788 155.788 155.788 155.788 155.788 155.788 155.788 155.788 155.788 155.788 155.788 155.788 155.788 
1 1 1 1 1 1 1 1 1 1 1 1 1 1 1 1 1 1 1 1 1 1 1 1 
item 18
15.8455 91.3347 56.0085 101.554 53.8974 116.564 48.6672 101.725 74.2061 111.127 88.9768 104.555 30.0621 95.5563 76.6515 83.8029 59.4355 96.4614 49.7265 87.6704 86.1121 91.7795 50.0355 96.0658 
1236.34 1236.34 1236.34 1236.34 1236.34 1236.34 1236.34 1236.34 1236.34 1236.34 1236.34 1236.34 1236.34 1236.34 1236.34 1236.34 1236.34 1236.34 1236.34 1236.34 1236.34 1236.34 1236.34 1236.34 
1 1 1 1 1 1 1 1 1 1 1 1 1 1 1 1 1 1 1 1 1 1 1 1 
item 19
57.735 127.616 43.5935 138.581 57.2945 127.115 81.1504 93.4453 4.90481 117.138 30.9801 110.317 36.5668 101.843 46.1907 132.523 62.1786 120.931 43.3097 81.7295 40.5662 42.4042 56.1136 87.352 
165.511 165.511 165.511 165.511 165.511 165.511 165.511 165.511 165.511 165.511 165.511 165.511 165.511 165.511 165.511 165.511 165.511 165.511 165.511 165.511 165.511 165.511 165.511 165.511 
1 1 1 1 1 1 1 1 1 1 1 1 1 1 1 1 1 1 1 1 1 1 1 1 
