24 40 
103419 103419 103419 103419 103419 103419 103419 103419 103419 103419 103419 103419 103419 103419 103419 103419 103419 103419 103419 103419 103419 103419 103419 103419 
item 0
29.1906 144.16 60.2635 105.9 29.3349 106.229 53.9426 66.5632 57.3059 125.552 28.2132 61.9192 58.6257 98.8961 57.5333 94.4541 97.3643 106.681 73.959 88.6491 30.4292 90.4042 23.4503 79.8166 
261.659 261.659 261.659 261.659 261.659 261.659 261.659 261.659 261.659 261.659 261.659 261.659 261.659 261.659 261.659 261.659 261.659 261.659 261.659 261.659 261.659 261.659 261.659 261.659 
1 1 1 1 1 1 1 1 1 1 1 1 1 1 1 1 1 1 1 1 1 1 1 1 
item 1
46.3713 77.8022 76.6595 78.3679 59.9522 127.952 76.7796 103.52 57.3864 79.5089 64.8628 92.2012 51.1525 141.006 54.6537 71.8766 47.3709 95.7686 50.0943 107.228 83.1362 92.3912 34.9698 110.655 
1087.83 1087.83 1087.83 1087.83 1087.83 1087.83 1087.83 1087.83 1087.83 1087.83 1087.83 1087.83 1087.83 1087.83 1087.83 1087.83 1087.83 1087.83 1087.83 1087.83 1087.83 1087.83 1087.83 1087.83 
1 1 1 1 1 1 1 1 1 1 1 1 1 1 1 1 1 1 1 1 1 1 1 1 
item 2
74.1653 123.194 52.5014 75.0399 73.9529 91.2211 77.4482 118.941 45.1291 121.603 17.868 122.71 47.8203 88.9853 65.7766 99.9772 25.3939 104.158 68.0736 115.503 51.249 85.3077 82.5255 101.496 
541.847 541.847 541.847 541.847 541.847 541.847 541.847 541.847 541.847 541.847 541.847 541.847 541.847 541.847 541.847 541.847 541.847 541.847 541.847 541.847 541.847 541.847 541.847 541.847 
1 1 1 1 1 1 1 1 1 1 1 1 1 1 1 1 1 1 1 1 1 1 1 1 
item 3
71.5583 118.938 71.3277 141.654 35.5564 98.0212 47.0058 115.285 46.953 121.116 53.9972 90.6159 65.3947 88.0699 44.3212 75.9918 31.5021 110.073 55.1806 100.021 29.7261 118.23 60.7543 117.154 
1296.22 1296.22 1296.22 1296.22 1296.22 1296.22 1296.22 1296.22 1296.22 1296.22 1296.22 1296.22 1296.22 1296.22 1296.22 1296.22 1296.22 1296.22 1296.22 1296.22 1296.22 1296.22 1296.22 1296.22 
1 1 1 1 1 1 1 1 1 1 1 1 1 1 1 1 1 1 1 1 1 1 1 1 
item 4
59.2961 90.5394 36.2927 107.669 36.9197 95.4899 43.3251 101.356 58.1922 111.612 9.67529 112.507 65.593 110.114 33.1497 104.982 75.2923 127.602 63.1693 91.5398 55.736 65.8746 57.9763 109.185 
801.028 801.028 801.028 801.028 801.028 801.028 801.028 801.028 801.028 801.028 801.028 801.028 801.028 801.028 801.028 801.028 801.028 801.028 801.028 801.028 801.028 801.028 801.028 801.028 
1 1 1 1 1 1 1 1 1 1 1 1 1 1 1 1 1 1 1 1 1 1 1 1 
item 5
47.1968 62.2761 38.2164 101.339 55.8204 79.3847 63.9134 82.5549 44.0838 99.1474 71.4959 125.046 22.1198 91.7378 50.5491 89.164 99.5476 63.8653 41.7567 84.1097 35.6393 86.5294 66.797 130.892 
1272.18 1272.18 1272.18 1272.18 1272.18 1272.18 1272.18 1272.18 1272.18 1272.18 1272.18 1272.18 1272.18 1272.18 1272.18 1272.18 1272.18 1272.18 1272.18 1272.18 1272.18 1272.18 1272.18 1272.18 
1 1 1 1 1 1 1 1 1 1 1 1 1 1 1 1 1 1 1 1 1 1 1 1 
item 6
65.7996 119.516 100.506 91.2525 54.3303 109.004 42.1682 130.084 29.9795 108.262 17.1941 59.8224 51.9586 103.418 52.2664 89.3791 18.1298 102.802 31.8541 105.707 32.7622 93.901 8.58718 106.957 
423.764 423.764 423.764 423.764 423.764 423.764 423.764 423.764 423.764 423.764 423.764 423.764 423.764 423.764 423.764 423.764 423.764 423.764 423.764 423.764 423.764 423.764 423.764 423.764 
1 1 1 1 1 1 1 1 1 1 1 1 1 1 1 1 1 1 1 1 1 1 1 1 
item 7
46.0858 92.5538 86.4985 111.626 56.2773 89.846 5.43551 112.225 58.2541 125.953 82.8407 74.8109 55.5371 84.7554 47.0063 83.5714 58.4634 87.761 48.6843 104.373 82.1619 83.8837 66.0577 96.9056 
551.74 551.74 551.74 551.74 551.74 551.74 551.74 551.74 551.74 551.74 551.74 551.74 551.74 551.74 551.74 551.74 551.74 551.74 551.74 551.74 551.74 551.74 551.74 551.74 
1 1 1 1 1 1 1 1 1 1 1 1 1 1 1 1 1 1 1 1 1 1 1 1 
item 8
20.1474 92.4107 40.7319 100.812 59.4298 97.476 4.84113 80.7138 65.2925 75.0044 77.4662 88.4497 48.6858 100.471 65.6182 97.0138 19.9779 77.6763 1.46011 96.6618 25.0351 144.538 67.4914 89.2981 
214.378 214.378 214.378 214.378 214.378 214.378 214.378 214.378 214.378 214.378 214.378 214.378 214.378 214.378 214.378 214.378 214.378 214.378 214.378 214.378 214.378 214.378 214.378 214.378 
1 1 1 1 1 1 1 1 1 1 1 1 1 1 1 1 1 1 1 1 1 1 1 1 
item 9
30.1961 140.37 53.4815 94.1947 68.4737 124.434 71.1164 103.536 33.9608 77.8525 52.9114 71.7908 42.5201 120.199 48.7997 85.6713 34.3545 95.95 71.6494 105.15 59.8339 145.665 63.3453 100.767 
739.518 739.518 739.518 739.518 739.518 739.518 739.518 739.518 739.518 739.518 739.518 739.518 739.518 739.518 739.518 739.518 739.518 739.518 739.518 739.518 739.518 739.518 739.518 739.518 
1 1 1 1 1 1 1 1 1 1 1 1 1 1 1 1 1 1 1 1 1 1 1 1 
item 10
41.581 97.9529 24.8607 119.791 67.1034 113.511 45.9261 101.54 70.1356 57.6461 2.76069 105.588 64.2146 72.9075 86.1023 103.023 69.3154 122.521 62.278 90.691 54.1795 52.3632 58.3862 99.2069 
1310.8 1310.8 1310.8 1310.8 1310.8 1310.8 1310.8 1310.8 1310.8 1310.8 1310.8 1310.8 1310.8 1310.8 1310.8 1310.8 1310.8 1310.8 1310.8 1310.8 1310.8 1310.8 1310.8 1310.8 
1 1 1 1 1 1 1 1 1 1 1 1 1 1 1 1 1 1 1 1 1 1 1 1 
item 11
34.7422 125.605 79.5829 99.6423 36.808 110.092 0 110.249 41.5839 100.352 39.4884 126.853 104.673 122.104 39.3283 109.493 52.6722 99.3838 56.5248 122.669 39.2713 100.316 62.1076 101.917 
229.285 229.285 229.285 229.285 229.285 229.285 229.285 229.285 229.285 229.285 229.285 229.285 229.285 229.285 229.285 229.285 229.285 229.285 229.285 229.285 229.285 229.285 229.285 229.285 
1 1 1 1 1 1 1 1 1 1 1 1 1 1 1 1 1 1 1 1 1 1 1 1 
item 12
80.6388 66.8191 47.4597 105.442 42.8561 85.8095 49.5498 117.378 29.0499 111.52 52.3395 107.482 80.0304 62.3985 89.598 111.407 40.2502 92.4252 42.2757 83.5936 38.8146 107.091 58.7944 92.6979 
251.653 251.653 251.653 251.653 251.653 251.653 251.653 251.653 251.653 251.653 251.653 251.653 251.653 251.653 251.653 251.653 251.653 251.653 251.653 251.653 251.653 251.653 251.653 251.653 
1 1 1 1 1 1 1 1 1 1 1 1 1 1 1 1 1 1 1 1 1 1 1 1 
item 13
30.6395 83.9524 48.9796 113.466 56.2689 82.6781 23.1128 94.8725 42.4635 138.414 66.8793 93.1116 39.1012 123.619 35.9375 76.9664 54.2372 38.8836 11.5509 85.6406 47.5101 98.573 40.5414 70.4389 
278.004 278.004 278.004 278.004 278.004 278.004 278.004 278.004 278.004 278.004 278.004 278.004 278.004 278.004 278.004 278.004 278.004 278.004 278.004 278.004 278.004 278.004 278.004 278.004 
1 1 1 1 1 1 1 1 1 1 1 1 1 1 1 1 1 1 1 1 1 1 1 1 
item 14
94.8893 71.2603 70.3716 83.5251 39.0388 103.667 79.551 128.5 57.3083 134.821 28.7975 94.5448 64.6016 97.4782 40.2167 109.779 48.5516 86.5789 31.7122 75.9089 38.7184 81.7572 38.9804 89.3388 
621.434 621.434 621.434 621.434 621.434 621.434 621.434 621.434 621.434 621.434 621.434 621.434 621.434 621.434 621.434 621.434 621.434 621.434 621.434 621.434 621.434 621.434 621.434 621.434 
1 1 1 1 1 1 1 1 1 1 1 1 1 1 1 1 1 1 1 1 1 1 1 1 
item 15
60.7751 107.564 17.9573 118.087 47.0268 80.0436 65.1898 129.404 36.7074 95.6042 0 121.173 24.821 90.2615 51.7228 84.9298 44.611 113.415 25.5984 86.5889 76.1486 115.967 53.8863 86.2699 
736.424 736.424 736.424 736.424 736.424 736.424 736.424 736.424 736.424 736.424 736.424 736.424 736.424 736.424 736.424 736.424 736.424 736.424 736.424 736.424 736.424 736.424 736.424 736.424 
1 1 1 1 1 1 1 1 1 1 1 1 1 1 1 1 1 1 1 1 1 1 1 1 
item 16
69.7827 142.36 49.7658 109.656 30.9766 82.2819 35.4703 98.4285 41.8026 80.5369 81.1571 80.7002 56.3377 77.6148 47.8672 91.7611 54.1507 127.136 22.0195 47.313 49.4424 106.595 77.8956 75.4252 
226.254 226.254 226.254 226.254 226.254 226.254 226.254 226.254 226.254 226.254 226.254 226.254 226.254 226.254 226.254 226.254 226.254 226.254 226.254 226.254 226.254 226.254 226.254 226.254 
1 1 1 1 1 1 1 1 1 1 1 1 1 1 1 1 1 1 1 1 1 1 1 1 
item 17
68.1556 100.414 90.8073 118.757 41.2142 112.516 29.7151 102.52 60.5694 130.478 0.200971 53.8396 59.056 124.61 51.044 78.4066 56.5981 87.0341 75.8628 88.4987 58.0577 69.5638 47.5681 112.306 
327.779 327.779 327.779 327.779 327.779 327.779 327.779 327.779 327.779 327.779 327.779 327.779 327.779 327.779 327.779 327.779 327.779 327.779 327.779 327.779 327.779 327.779 327.779 327.779 
1 1 1 1 1 1 1 1 1 1 1 1 1 1 1 1 1 1 1 1 1 1 1 1 
item 18
32.8246 114.743 39.2468 101.043 84.0827 94.6694 46.6424 119.446 50.9044 101.02 50.7798 133.301 45.6987 112.677 49.074 113.408 49.2433 93.4573 54.7589 117.596 74.5973 96.559 3.02702 95.0207 
343.32 343.32 343.32 343.32 343.32 343.32 343.32 343.32 343.32 343.32 343.32 343.32 343.32 343.32 343.32 343.32 343.32 343.32 343.32 343.32 343.32 343.32 343.32 343.32 
1 1 1 1 1 1 1 1 1 1 1 1 1 1 1 1 1 1 1 1 1 1 1 1 
item 19
24.0661 96.1354 67.7503 125.264 37.7001 98.2895 12.2194 84.4104 60.5941 103.099 36.2961 90.8707 22.8212 85.468 54.5343 100.204 45.2 111.874 60.1846 90.0405 35.2788 57.8475 58.5736 68.9076 
241.336 241.336 241.336 241.336 241.336 241.336 241.336 241.336 241.336 241.336 241.336 241.336 241.336 241.336 241.336 241.336 241.336 241.336 241.336 241.336 241.336 241.336 241.336 241.336 
1 1 1 1 1 1 1 1 1 1 1 1 1 1 1 1 1 1 1 1 1 1 1 1 
item 20
76.0471 110.478 98.5475 94.0965 43.0536 92.6422 31.8031 64.2766 55.6764 98.4513 44.09 93.3789 33.5711 120.742 38.7226 77.2753 34.9597 103.009 49.2545 74.0494 41.2574 65.9832 69.4251 75.9573 
425.452 425.452 425.452 425.452 425.452 425.452 425.452 425.452 425.452 425.452 425.452 425.452 425.452 425.452 425.452 425.452 425.452 425.452 425.452 425.452 425.452 425.452 425.452 425.452 
1 1 1 1 1 1 1 1 1 1 1 1 1 1 1 1 1 1 1 1 1 1 1 1 
item 21
50.6238 113.25 44.5642 114.065 72.3425 129.221 40.6283 102.472 55.3766 68.5802 77.0801 110.091 30.7576 100.015 41.6349 79.4822 34.4898 112.877 66.9274 87.0014 94.2908 113.729 14.6789 61.6159 
305.12 305.12 305.12 305.12 305.12 305.12 305.12 305.12 305.12 305.12 305.12 305.12 305.12 305.12 305.12 305.12 305.12 305.12 305.12 305.12 305.12 305.12 305.12 305.12 
1 1 1 1 1 1 1 1 1 1 1 1 1 1 1 1 1 1 1 1 1 1 1 1 
item 22
26.4998 100.157 48.5538 78.024 67.4279 94.0908 54.6817 127.751 66.545 145.489 65.1498 105.859 67.5469 122.902 22.6178 101.715 39.6005 109.713 10.5231 114.066 56.4465 145.125 54.1961 80.6059 
1004.49 1004.49 1004.49 1004.49 1004.49 1004.49 1004.49 1004.49 1004.49 1004.49 1004.49 1004.49 1004.49 1004.49 1004.49 1004.49 1004.49 1004.49 1004.49 1004.49 1004.49 1004.49 1004.49 1004.49 
1 1 1 1 1 1 1 1 1 1 1 1 1 1 1 1 1 1 1 1 1 1 1 1 
item 23
40.7253 104.488 46.1192 118.509 11.6644 117.187 57.7432 76.1952 59.5874 83.2626 38.8858 123.109 29.1227 111.34 67.1247 116.01 23.9991 82.837 39.3487 112.378 71.8687 118.253 74.8585 107.06 
190.313 190.313 190.313 190.313 190.313 190.313 190.313 190.313 190.313 190.313 190.313 190.313 190.313 190.313 190.313 190.313 190.313 190.313 190.313 190.313 190.313 190.313 190.313 190.313 
1 1 1 1 1 1 1 1 1 1 1 1 1 1 1 1 1 1 1 1 1 1 1 1 
item 24
49.2674 68.3186 73.881 96.1282 59.0162 101.463 51.7789 83.635 51.6847 79.2512 44.6625 110.042 53.0606 112.036 68.6986 94.2928 48.2769 64.2607 38.2002 92.3747 51.7375 130.257 65.764 79.6191 
829.427 829.427 829.427 829.427 829.427 829.427 829.427 829.427 829.427 829.427 829.427 829.427 829.427 829.427 829.427 829.427 829.427 829.427 829.427 829.427 829.427 829.427 829.427 829.427 
1 1 1 1 1 1 1 1 1 1 1 1 1 1 1 1 1 1 1 1 1 1 1 1 
item 25
22.5914 126.058 60.1392 90.5162 51.4729 95.8693 57.0585 92.8988 36.0122 96.0406 16.8449 84.3372 39.6446 85.5196 46.2091 86.9137 117.06 93.2592 33.3088 110.061 40.389 107.831 92.6677 99.7852 
645.802 645.802 645.802 645.802 645.802 645.802 645.802 645.802 645.802 645.802 645.802 645.802 645.802 645.802 645.802 645.802 645.802 645.802 645.802 645.802 645.802 645.802 645.802 645.802 
1 1 1 1 1 1 1 1 1 1 1 1 1 1 1 1 1 1 1 1 1 1 1 1 
item 26
39.2283 73.0429 66.6871 107.931 74.3119 72.5391 29.5875 107.255 60.2216 98.9132 0 100.838 37.43 105.172 45.3883 130.392 38.5729 104.315 52.1716 96.5844 36.1718 109.862 40.4992 76.4918 
780.635 780.635 780.635 780.635 780.635 780.635 780.635 780.635 780.635 780.635 780.635 780.635 780.635 780.635 780.635 780.635 780.635 780.635 780.635 780.635 780.635 780.635 780.635 780.635 
1 1 1 1 1 1 1 1 1 1 1 1 1 1 1 1 1 1 1 1 1 1 1 1 
item 27
69.8917 106.841 56.0542 62.4322 31.6197 48.8434 57.7226 139.174 50.9253 105.558 46.2529 89.1422 41.2801 72.7964 42.5191 83.3996 65.3352 57.4232 31.1025 119.463 45.0926 121.487 65.44 77.9041 
897.457 897.457 897.457 897.457 897.457 897.457 897.457 897.457 897.457 897.457 897.457 897.457 897.457 897.457 897.457 897.457 897.457 897.457 897.457 897.457 897.457 897.457 897.457 897.457 
1 1 1 1 1 1 1 1 1 1 1 1 1 1 1 1 1 1 1 1 1 1 1 1 
item 28
59.258 107.655 44.8402 111.468 67.321 84.9134 58.0934 122.049 28.1269 79.5526 45.0131 79.7226 28.0417 68.3529 66.6685 92.2156 42.1474 132.841 25.3797 83.8199 72.5803 128.334 27.8567 120.31 
945.752 945.752 945.752 945.752 945.752 945.752 945.752 945.752 945.752 945.752 945.752 945.752 945.752 945.752 945.752 945.752 945.752 945.752 945.752 945.752 945.752 945.752 945.752 945.752 
1 1 1 1 1 1 1 1 1 1 1 1 1 1 1 1 1 1 1 1 1 1 1 1 
item 29
23.0205 101.92 60.1863 114.346 60.3541 132.804 50.3907 93.0423 47.7516 93.3504 15.6852 90.7491 53.8733 125.095 60.4027 87.723 42.108 116.736 28.8544 100.818 64.9149 95.821 65.7023 101.376 
203.572 203.572 203.572 203.572 203.572 203.572 203.572 203.572 203.572 203.572 203.572 203.572 203.572 203.572 203.572 203.572 203.572 203.572 203.572 203.572 203.572 203.572 203.572 203.572 
1 1 1 1 1 1 1 1 1 1 1 1 1 1 1 1 1 1 1 1 1 1 1 1 
item 30
66.3225 114.673 44.3004 115.01 47.3451 102.071 65.1341 97.0843 30.9894 72.844 38.7557 125.853 28.8338 76.5642 108.505 107.57 16.9157 101.322 44.9106 129.02 46.0799 105.164 70.0657 148.016 
1404.58 1404.58 1404.58 1404.58 1404.58 1404.58 1404.58 1404.58 1404.58 1404.58 1404.58 1404.58 1404.58 1404.58 1404.58 1404.58 1404.58 1404.58 1404.58 1404.58 1404.58 1404.58 1404.58 1404.58 
1 1 1 1 1 1 1 1 1 1 1 1 1 1 1 1 1 1 1 1 1 1 1 1 
item 31
49.8495 100.152 34.2145 95.8077 57.6153 112.823 70.9687 74.2055 13.2493 109.687 40.9281 92.4148 58.5295 76.8643 35.9269 102.694 52.5603 108.008 57.475 120.429 72.055 92.1616 27.5115 106.822 
522.635 522.635 522.635 522.635 522.635 522.635 522.635 522.635 522.635 522.635 522.635 522.635 522.635 522.635 522.635 522.635 522.635 522.635 522.635 522.635 522.635 522.635 522.635 522.635 
1 1 1 1 1 1 1 1 1 1 1 1 1 1 1 1 1 1 1 1 1 1 1 1 
item 32
53.3843 106.694 45.8102 91.3255 54.1016 99.0444 47.9386 69.6883 84.5438 84.6428 47.2219 102.826 73.3156 94.249 45.7866 63.0257 50.5584 119.696 47.7302 69.394 27.5967 117.022 65.5935 118.162 
1045.17 1045.17 1045.17 1045.17 1045.17 1045.17 1045.17 1045.17 1045.17 1045.17 1045.17 1045.17 1045.17 1045.17 1045.17 1045.17 1045.17 1045.17 1045.17 1045.17 1045.17 1045.17 1045.17 1045.17 
1 1 1 1 1 1 1 1 1 1 1 1 1 1 1 1 1 1 1 1 1 1 1 1 
item 33
39.5103 95.2848 21.9079 112.343 22.33 107.559 29.9476 96.5549 46.3519 125.042 46.2055 109.166 28.3928 101.188 56.5778 58.4486 61.0595 136.574 61.9351 86.8239 45.6518 104.952 66.812 114.417 
469.8 469.8 469.8 469.8 469.8 469.8 469.8 469.8 469.8 469.8 469.8 469.8 469.8 469.8 469.8 469.8 469.8 469.8 469.8 469.8 469.8 469.8 469.8 469.8 
1 1 1 1 1 1 1 1 1 1 1 1 1 1 1 1 1 1 1 1 1 1 1 1 
item 34
17.7705 80.2559 52.0921 101.394 34.2807 91.1976 42.4897 120.26 50.5435 102.881 48.4056 94.4876 40.1134 109.411 31.9843 96.7012 42.9716 104.327 47.2485 111.125 76.1334 127.521 98.0073 93.2663 
398.066 398.066 398.066 398.066 398.066 398.066 398.066 398.066 398.066 398.066 398.066 398.066 398.066 398.066 398.066 398.066 398.066 398.066 398.066 398.066 398.066 398.066 398.066 398.066 
1 1 1 1 1 1 1 1 1 1 1 1 1 1 1 1 1 1 1 1 1 1 1 1 
item 35
65.3105 92.8565 26.9397 77.6091 76.4246 88.4646 74.4653 66.8793 54.3928 101.632 86.6746 75.3724 99.1563 89.3336 1.28698 110.612 38.3907 100.718 16.8757 100.658 54.673 61.3637 67.7085 102.176 
517.095 517.095 517.095 517.095 517.095 517.095 517.095 517.095 517.095 517.095 517.095 517.095 517.095 517.095 517.095 517.095 517.095 517.095 517.095 517.095 517.095 517.095 517.095 517.095 
1 1 1 1 1 1 1 1 1 1 1 1 1 1 1 1 1 1 1 1 1 1 1 1 
item 36
23.7346 117.421 31.3153 79.3874 64.4785 120.015 62.2441 89.8457 44.1646 103.495 42.2288 113.45 31.3731 78.1119 50.772 131.832 41.5639 86.7051 47.6427 101.939 52.3413 108.951 53.888 91.0067 
1008.85 1008.85 1008.85 1008.85 1008.85 1008.85 1008.85 1008.85 1008.85 1008.85 1008.85 1008.85 1008.85 1008.85 1008.85 1008.85 1008.85 1008.85 1008.85 1008.85 1008.85 1008.85 1008.85 1008.85 
1 1 1 1 1 1 1 1 1 1 1 1 1 1 1 1 1 1 1 1 1 1 1 1 
item 37
52.9074 110.977 50.0681 92.8379 61.1384 82.2902 43.6256 135.243 43.6788 94.9781 71.3513 97.281 39.8234 124.081 89.2656 103.997 61.6081 115.729 29.0768 93.5749 55.2761 68.589 26.6318 87.1499 
258.956 258.956 258.956 258.956 258.956 258.956 258.956 258.956 258.956 258.956 258.956 258.956 258.956 258.956 258.956 258.956 258.956 258.956 258.956 258.956 258.956 258.956 258.956 258.956 
1 1 1 1 1 1 1 1 1 1 1 1 1 1 1 1 1 1 1 1 1 1 1 1 
item 38
14.4235 87.7666 36.699 136.732 38.6504 94.8185 84.1872 125.105 33.1284 100.541 68.9535 79.2703 25.087 83.6144 50.2624 108.648 53.1945 108.504 34.7586 121.912 16.3001 57.2837 73.4566 103.148 
227.899 227.899 227.899 227.899 227.899 227.899 227.899 227.899 227.899 227.899 227.899 227.899 227.899 227.899 227.899 227.899 227.899 227.899 227.899 227.899 227.899 227.899 227.899 227.899 
1 1 1 1 1 1 1 1 1 1 1 1 1 1 1 1 1 1 1 1 1 1 1 1 
item 39
79.0419 104.666 45.0566 151.548 63.5302 95.3444 80.5233 81.2641 39.9316 115.904 55.2774 96.0205 58.5737 80.654 42.2175 126.344 46.218 91.1398 60.7944 84.1795 75.4416 80.332 50.3139 116.522 
259.837 259.837 259.837 259.837 259.837 259.837 259.837 259.837 259.837 259.837 259.837 259.837 259.837 259.837 259.837 259.837 259.837 259.837 259.837 259.837 259.837 259.837 259.837 259.837 
1 1 1 1 1 1 1 1 1 1 1 1 1 1 1 1 1 1 1 1 1 1 1 1 
