12 40 
8563.72 8563.72 8563.72 8563.72 8563.72 8563.72 8563.72 8563.72 8563.72 8563.72 8563.72 8563.72 
item 0
45.2947 78.0077 53.1848 93.9616 46.5532 101.344 67.8422 93.3854 33.4324 122.714 54.6848 102.398 
568.619 568.619 568.619 568.619 568.619 568.619 568.619 568.619 568.619 568.619 568.619 568.619 
1 1 1 1 1 1 1 1 1 1 1 1 
item 1
50.5309 82.18 47.5274 99.6443 66.836 92.7131 62.7487 109.775 56.6735 95.2527 55.4391 105.715 
793.379 793.379 793.379 793.379 793.379 793.379 793.379 793.379 793.379 793.379 793.379 793.379 
1 1 1 1 1 1 1 1 1 1 1 1 
item 2
71.3205 109.241 61.0198 92.7316 40.4226 100.018 34.4338 102.099 75.4157 131.759 99.4009 104.944 
305.313 305.313 305.313 305.313 305.313 305.313 305.313 305.313 305.313 305.313 305.313 305.313 
1 1 1 1 1 1 1 1 1 1 1 1 
item 3
47.5675 82.005 31.247 80.5404 18.1264 102.929 0.482636 73.637 54.0297 85.4373 61.8675 125.215 
801.191 801.191 801.191 801.191 801.191 801.191 801.191 801.191 801.191 801.191 801.191 801.191 
1 1 1 1 1 1 1 1 1 1 1 1 
item 4
58.3579 111.234 63.5732 112.388 65.1165 82.036 75.0492 111.256 25.1087 110.224 74.5058 110.977 
198.653 198.653 198.653 198.653 198.653 198.653 198.653 198.653 198.653 198.653 198.653 198.653 
1 1 1 1 1 1 1 1 1 1 1 1 
item 5
32.1808 110.152 40.4771 133.785 46.3185 66.0157 54.3281 106.058 31.5174 109.3 66.405 98.472 
563.097 563.097 563.097 563.097 563.097 563.097 563.097 563.097 563.097 563.097 563.097 563.097 
1 1 1 1 1 1 1 1 1 1 1 1 
item 6
46.2908 103.449 15.328 102.778 53.4652 84.515 68.7851 80.1485 61.5167 153.723 40.8649 105.44 
249.379 249.379 249.379 249.379 249.379 249.379 249.379 249.379 249.379 249.379 249.379 249.379 
1 1 1 1 1 1 1 1 1 1 1 1 
item 7
36.1015 102.644 72.7835 66.6136 40.5967 103.066 52.8606 112.251 35.0103 89.0334 51.7162 93.3691 
252.234 252.234 252.234 252.234 252.234 252.234 252.234 252.234 252.234 252.234 252.234 252.234 
1 1 1 1 1 1 1 1 1 1 1 1 
item 8
68.1249 95.5971 56.5442 101.606 45.9071 75.5751 47.5943 133.248 17.1297 112.74 20.0784 99.5436 
1164.85 1164.85 1164.85 1164.85 1164.85 1164.85 1164.85 1164.85 1164.85 1164.85 1164.85 1164.85 
1 1 1 1 1 1 1 1 1 1 1 1 
item 9
36.301 105.028 63.4235 110.821 53.6163 73.6638 16.2593 54.0705 68.9083 81.5273 52.4426 85.3161 
531.28 531.28 531.28 531.28 531.28 531.28 531.28 531.28 531.28 531.28 531.28 531.28 
1 1 1 1 1 1 1 1 1 1 1 1 
item 10
70.2414 78.9411 31.8443 88.9421 70.0198 77.1777 63.1264 95.6313 66.343 111.359 82.3061 122.213 
831.185 831.185 831.185 831.185 831.185 831.185 831.185 831.185 831.185 831.185 831.185 831.185 
1 1 1 1 1 1 1 1 1 1 1 1 
item 11
64.111 110.25 31.096 110.148 64.2128 112.081 52.131 109.221 81.9403 146.822 52.8881 104.806 
1455.31 1455.31 1455.31 1455.31 1455.31 1455.31 1455.31 1455.31 1455.31 1455.31 1455.31 1455.31 
1 1 1 1 1 1 1 1 1 1 1 1 
item 12
18.6966 76.7389 19.5434 102.418 51.8393 114.97 71.1931 80.7471 42.6312 90.8165 51.8788 95.8719 
989.899 989.899 989.899 989.899 989.899 989.899 989.899 989.899 989.899 989.899 989.899 989.899 
1 1 1 1 1 1 1 1 1 1 1 1 
item 13
75.8879 111.91 38.9624 89.0224 48.1385 116.434 75.4415 85.7134 61.1185 122.006 8.24427 128.817 
669.08 669.08 669.08 669.08 669.08 669.08 669.08 669.08 669.08 669.08 669.08 669.08 
1 1 1 1 1 1 1 1 1 1 1 1 
item 14
24.1799 100.609 45.6645 98.0832 19.7803 98.4533 66.5444 84.2703 91.0251 119.106 66.4676 109.162 
1374.28 1374.28 1374.28 1374.28 1374.28 1374.28 1374.28 1374.28 1374.28 1374.28 1374.28 1374.28 
1 1 1 1 1 1 1 1 1 1 1 1 
item 15
28.0092 86.2609 33.5247 88.9748 47.2821 91.6735 58.717 68.8225 28.2351 121.26 50.5838 137.022 
251.559 251.559 251.559 251.559 251.559 251.559 251.559 251.559 251.559 251.559 251.559 251.559 
1 1 1 1 1 1 1 1 1 1 1 1 
item 16
17.9538 135.348 53.3019 71.3721 43.2705 110.535 68.2249 109.156 70.1251 92.04 62.8759 109.753 
781.225 781.225 781.225 781.225 781.225 781.225 781.225 781.225 781.225 781.225 781.225 781.225 
1 1 1 1 1 1 1 1 1 1 1 1 
item 17
90.9598 133.476 27.2969 85.6893 34.522 102.192 62.0576 74.4061 54.6698 99.9744 44.3834 97.9706 
703.856 703.856 703.856 703.856 703.856 703.856 703.856 703.856 703.856 703.856 703.856 703.856 
1 1 1 1 1 1 1 1 1 1 1 1 
item 18
106.83 142.854 71.6317 115.909 39.3578 80.5845 37.6883 102.938 15.6927 94.9942 38.7381 67.1887 
733.989 733.989 733.989 733.989 733.989 733.989 733.989 733.989 733.989 733.989 733.989 733.989 
1 1 1 1 1 1 1 1 1 1 1 1 
item 19
78.4129 111.248 55.7083 64.3147 48.9943 92.9841 89.361 114.364 79.1139 113.035 74.9985 105.113 
371.51 371.51 371.51 371.51 371.51 371.51 371.51 371.51 371.51 371.51 371.51 371.51 
1 1 1 1 1 1 1 1 1 1 1 1 
item 20
19.8125 102.395 0 123.935 48.5029 95.0633 92.1661 86.7893 40.1602 89.4976 34.9417 80.1973 
225.869 225.869 225.869 225.869 225.869 225.869 225.869 225.869 225.869 225.869 225.869 225.869 
1 1 1 1 1 1 1 1 1 1 1 1 
item 21
34.9886 113.521 18.1787 68.9141 45.6347 93.3871 42.247 110.671 23.0035 94.8356 37.7838 101.662 
189.265 189.265 189.265 189.265 189.265 189.265 189.265 189.265 189.265 189.265 189.265 189.265 
1 1 1 1 1 1 1 1 1 1 1 1 
item 22
43.3374 55.7559 56.1086 81.5992 26.3975 118.115 69.2909 88.7756 51.4527 90.5232 49.4487 95.0203 
784.238 784.238 784.238 784.238 784.238 784.238 784.238 784.238 784.238 784.238 784.238 784.238 
1 1 1 1 1 1 1 1 1 1 1 1 
item 23
67.3401 93.572 59.0542 103.539 71.8039 90.2908 68.8608 82.2357 31.9148 105.295 33.0936 116.776 
1254.2 1254.2 1254.2 1254.2 1254.2 1254.2 1254.2 1254.2 1254.2 1254.2 1254.2 1254.2 
1 1 1 1 1 1 1 1 1 1 1 1 
item 24
85.8307 73.3182 31.0918 113.578 28.8384 117.448 44.4222 86.0987 39.7658 119.303 34.4827 95.4792 
1059.19 1059.19 1059.19 1059.19 1059.19 1059.19 1059.19 1059.19 1059.19 1059.19 1059.19 1059.19 
1 1 1 1 1 1 1 1 1 1 1 1 
item 25
34.4893 119.268 60.2821 92.6515 30.8523 128.454 61.0686 119.824 15.6403 90.836 73.1424 101.401 
806.307 806.307 806.307 806.307 806.307 806.307 806.307 806.307 806.307 806.307 806.307 806.307 
1 1 1 1 1 1 1 1 1 1 1 1 
item 26
41.1339 101.329 61.3882 121.692 49.3961 117.017 35.235 127.756 34.1317 64.3925 42.2516 95.0557 
462.501 462.501 462.501 462.501 462.501 462.501 462.501 462.501 462.501 462.501 462.501 462.501 
1 1 1 1 1 1 1 1 1 1 1 1 
item 27
49.5384 126.632 45.8145 150.848 54.6738 117.856 55.5852 94.3989 58.6969 127.326 30.0433 105.723 
974.284 974.284 974.284 974.284 974.284 974.284 974.284 974.284 974.284 974.284 974.284 974.284 
1 1 1 1 1 1 1 1 1 1 1 1 
item 28
49.6587 83.1462 20.0523 113.691 37.8735 91.5276 61.3075 144.951 41.5746 80.2595 53.7336 75.6087 
767.733 767.733 767.733 767.733 767.733 767.733 767.733 767.733 767.733 767.733 767.733 767.733 
1 1 1 1 1 1 1 1 1 1 1 1 
item 29
20.5698 96.3147 20.8703 91.2132 63.059 101.247 68.6078 99.2761 38.2675 99.2203 49.4327 92.1666 
990.546 990.546 990.546 990.546 990.546 990.546 990.546 990.546 990.546 990.546 990.546 990.546 
1 1 1 1 1 1 1 1 1 1 1 1 
item 30
74.6901 87.4089 61.1474 117.513 43.8388 101.729 46.3854 79.3388 51.7185 115.081 68.1635 98.866 
187.548 187.548 187.548 187.548 187.548 187.548 187.548 187.548 187.548 187.548 187.548 187.548 
1 1 1 1 1 1 1 1 1 1 1 1 
item 31
60.2352 94.3391 37.8038 106.178 58.2473 116.011 58.0747 71.2846 56.9396 93.7865 48.0021 79.4724 
509.515 509.515 509.515 509.515 509.515 509.515 509.515 509.515 509.515 509.515 509.515 509.515 
1 1 1 1 1 1 1 1 1 1 1 1 
item 32
27.5196 71.6846 77.9409 107.654 40.1571 125.216 28.9106 77.3399 11.0033 69.2125 40.8361 112.459 
296.576 296.576 296.576 296.576 296.576 296.576 296.576 296.576 296.576 296.576 296.576 296.576 
1 1 1 1 1 1 1 1 1 1 1 1 
item 33
55.5895 129.758 28.4669 114.789 24.8617 77.5982 59.2858 70.0105 25.3248 155.68 24.7976 81.8055 
216.797 216.797 216.797 216.797 216.797 216.797 216.797 216.797 216.797 216.797 216.797 216.797 
1 1 1 1 1 1 1 1 1 1 1 1 
item 34
70.6276 105.033 43.0593 107.821 50.3169 100.911 61.8259 107.294 23.4078 88.9889 43.7506 116.464 
295.918 295.918 295.918 295.918 295.918 295.918 295.918 295.918 295.918 295.918 295.918 295.918 
1 1 1 1 1 1 1 1 1 1 1 1 
item 35
45.5775 97.1989 85.4706 84.2134 21.0689 118.506 42.8214 114.915 68.3369 101.781 64.0131 125.628 
236.536 236.536 236.536 236.536 236.536 236.536 236.536 236.536 236.536 236.536 236.536 236.536 
1 1 1 1 1 1 1 1 1 1 1 1 
item 36
66.2249 108.647 76.6004 125.918 62.4499 80.4259 37.227 107.765 54.1222 140.767 63.8043 80.4232 
1498.52 1498.52 1498.52 1498.52 1498.52 1498.52 1498.52 1498.52 1498.52 1498.52 1498.52 1498.52 
1 1 1 1 1 1 1 1 1 1 1 1 
item 37
32.3357 83.4511 35.2215 72.4653 54.7432 80.6846 71.5679 113.559 61.8967 103.208 40.2465 93.9505 
1079.22 1079.22 1079.22 1079.22 1079.22 1079.22 1079.22 1079.22 1079.22 1079.22 1079.22 1079.22 
1 1 1 1 1 1 1 1 1 1 1 1 
item 38
26.3208 110.169 53.2533 102.257 29.2623 136.664 5.86809 83.6969 32.2388 100.376 71.6314 82.4947 
308.73 308.73 308.73 308.73 308.73 308.73 308.73 308.73 308.73 308.73 308.73 308.73 
1 1 1 1 1 1 1 1 1 1 1 1 
item 39
62.3597 80.0198 66.5038 81.6322 72.3591 82.7228 37.1955 116.005 57.1706 82.58 65.3454 85.794 
947.661 947.661 947.661 947.661 947.661 947.661 947.661 947.661 947.661 947.661 947.661 947.661 
1 1 1 1 1 1 1 1 1 1 1 1 
