12 10 
-6.27744e+66 278.617 386.642 386.642 663.412 732.647 1179.61 1520.12 1984.76 2572.26 2572.26 2572.26 2572.26 
-6.27744e+66 -6.27744e+66 278.617 278.617 463.13 515.057 872.627 1156.38 1554.65 2068.71 2068.71 2068.71 2068.71 
-6.27744e+66 -6.27744e+66 -6.27744e+66 278.617 370.873 405.491 673.669 900.674 1232.56 1673.19 1673.19 1673.19 1673.19 
-6.27744e+66 -6.27744e+66 -6.27744e+66 -6.27744e+66 278.617 295.925 474.71 644.964 910.475 1277.66 1277.66 1277.66 1277.66 
-6.27744e+66 -6.27744e+66 -6.27744e+66 -6.27744e+66 -6.27744e+66 278.617 368.009 481.512 680.645 974.394 974.394 974.394 974.394 
-6.27744e+66 -6.27744e+66 -6.27744e+66 -6.27744e+66 -6.27744e+66 -6.27744e+66 278.617 335.368 468.123 688.435 688.435 688.435 688.435 
-6.27744e+66 -6.27744e+66 -6.27744e+66 -6.27744e+66 -6.27744e+66 -6.27744e+66 -6.27744e+66 278.617 344.994 491.869 491.869 491.869 491.869 
-6.27744e+66 -6.27744e+66 -6.27744e+66 -6.27744e+66 -6.27744e+66 -6.27744e+66 -6.27744e+66 -6.27744e+66 278.617 352.054 352.054 352.054 352.054 
-6.27744e+66 -6.27744e+66 -6.27744e+66 -6.27744e+66 -6.27744e+66 -6.27744e+66 -6.27744e+66 -6.27744e+66 -6.27744e+66 278.617 278.617 278.617 278.617 
-6.27744e+66 -6.27744e+66 -6.27744e+66 -6.27744e+66 -6.27744e+66 -6.27744e+66 -6.27744e+66 -6.27744e+66 -6.27744e+66 -6.27744e+66 278.617 278.617 278.617 
-6.27744e+66 -6.27744e+66 -6.27744e+66 -6.27744e+66 -6.27744e+66 -6.27744e+66 -6.27744e+66 -6.27744e+66 -6.27744e+66 -6.27744e+66 -6.27744e+66 278.617 278.617 
-6.27744e+66 -6.27744e+66 -6.27744e+66 -6.27744e+66 -6.27744e+66 -6.27744e+66 -6.27744e+66 -6.27744e+66 -6.27744e+66 -6.27744e+66 -6.27744e+66 -6.27744e+66 278.617 
-6.27744e+66 -6.27744e+66 -6.27744e+66 -6.27744e+66 -6.27744e+66 -6.27744e+66 -6.27744e+66 -6.27744e+66 -6.27744e+66 -6.27744e+66 -6.27744e+66 -6.27744e+66 -6.27744e+66 
-6.27744e+66 548.86 548.86 548.86 854.691 1036.1 1339.7 1339.7 2175.24 2500.09 2500.09 2500.09 3604.64 
-6.27744e+66 -6.27744e+66 548.86 548.86 752.747 888.801 1131.68 1131.68 1847.86 2132.11 2132.11 2132.11 3136.25 
-6.27744e+66 -6.27744e+66 -6.27744e+66 548.86 650.804 741.506 923.667 923.667 1520.48 1764.12 1764.12 1764.12 2667.85 
-6.27744e+66 -6.27744e+66 -6.27744e+66 -6.27744e+66 548.86 594.211 715.652 715.652 1193.11 1396.14 1396.14 1396.14 2199.45 
-6.27744e+66 -6.27744e+66 -6.27744e+66 -6.27744e+66 -6.27744e+66 548.86 609.58 609.58 967.67 1130.1 1130.1 1130.1 1832.99 
-6.27744e+66 -6.27744e+66 -6.27744e+66 -6.27744e+66 -6.27744e+66 -6.27744e+66 548.86 548.86 787.586 909.405 909.405 909.405 1511.89 
-6.27744e+66 -6.27744e+66 -6.27744e+66 -6.27744e+66 -6.27744e+66 -6.27744e+66 -6.27744e+66 548.86 668.223 749.436 749.436 749.436 1251.51 
-6.27744e+66 -6.27744e+66 -6.27744e+66 -6.27744e+66 -6.27744e+66 -6.27744e+66 -6.27744e+66 -6.27744e+66 548.86 589.466 589.466 589.466 991.122 
-6.27744e+66 -6.27744e+66 -6.27744e+66 -6.27744e+66 -6.27744e+66 -6.27744e+66 -6.27744e+66 -6.27744e+66 -6.27744e+66 548.86 548.86 548.86 850.101 
-6.27744e+66 -6.27744e+66 -6.27744e+66 -6.27744e+66 -6.27744e+66 -6.27744e+66 -6.27744e+66 -6.27744e+66 -6.27744e+66 -6.27744e+66 548.86 548.86 749.688 
-6.27744e+66 -6.27744e+66 -6.27744e+66 -6.27744e+66 -6.27744e+66 -6.27744e+66 -6.27744e+66 -6.27744e+66 -6.27744e+66 -6.27744e+66 -6.27744e+66 548.86 649.274 
-6.27744e+66 -6.27744e+66 -6.27744e+66 -6.27744e+66 -6.27744e+66 -6.27744e+66 -6.27744e+66 -6.27744e+66 -6.27744e+66 -6.27744e+66 -6.27744e+66 -6.27744e+66 548.86 
-6.27744e+66 -6.27744e+66 -6.27744e+66 -6.27744e+66 -6.27744e+66 -6.27744e+66 -6.27744e+66 -6.27744e+66 -6.27744e+66 -6.27744e+66 -6.27744e+66 -6.27744e+66 -6.27744e+66 
-6.27744e+66 452.023 552.329 552.329 762.932 762.932 1294.86 1470.1 1470.1 1470.1 1470.1 1470.1 1470.1 
-6.27744e+66 -6.27744e+66 452.023 452.023 592.424 592.424 1017.97 1164 1164 1164 1164 1164 1164 
-6.27744e+66 -6.27744e+66 -6.27744e+66 452.023 522.223 522.223 841.381 958.208 958.208 958.208 958.208 958.208 958.208 
-6.27744e+66 -6.27744e+66 -6.27744e+66 -6.27744e+66 452.023 452.023 664.794 752.415 752.415 752.415 752.415 752.415 752.415 
-6.27744e+66 -6.27744e+66 -6.27744e+66 -6.27744e+66 -6.27744e+66 452.023 558.408 616.822 616.822 616.822 616.822 616.822 616.822 
-6.27744e+66 -6.27744e+66 -6.27744e+66 -6.27744e+66 -6.27744e+66 -6.27744e+66 452.023 481.229 481.229 481.229 481.229 481.229 481.229 
-6.27744e+66 -6.27744e+66 -6.27744e+66 -6.27744e+66 -6.27744e+66 -6.27744e+66 -6.27744e+66 452.023 452.023 452.023 452.023 452.023 452.023 
-6.27744e+66 -6.27744e+66 -6.27744e+66 -6.27744e+66 -6.27744e+66 -6.27744e+66 -6.27744e+66 -6.27744e+66 452.023 452.023 452.023 452.023 452.023 
-6.27744e+66 -6.27744e+66 -6.27744e+66 -6.27744e+66 -6.27744e+66 -6.27744e+66 -6.27744e+66 -6.27744e+66 -6.27744e+66 452.023 452.023 452.023 452.023 
-6.27744e+66 -6.27744e+66 -6.27744e+66 -6.27744e+66 -6.27744e+66 -6.27744e+66 -6.27744e+66 -6.27744e+66 -6.27744e+66 -6.27744e+66 452.023 452.023 452.023 
-6.27744e+66 -6.27744e+66 -6.27744e+66 -6.27744e+66 -6.27744e+66 -6.27744e+66 -6.27744e+66 -6.27744e+66 -6.27744e+66 -6.27744e+66 -6.27744e+66 452.023 452.023 
-6.27744e+66 -6.27744e+66 -6.27744e+66 -6.27744e+66 -6.27744e+66 -6.27744e+66 -6.27744e+66 -6.27744e+66 -6.27744e+66 -6.27744e+66 -6.27744e+66 -6.27744e+66 452.023 
-6.27744e+66 -6.27744e+66 -6.27744e+66 -6.27744e+66 -6.27744e+66 -6.27744e+66 -6.27744e+66 -6.27744e+66 -6.27744e+66 -6.27744e+66 -6.27744e+66 -6.27744e+66 -6.27744e+66 
-6.27744e+66 265.937 265.937 265.937 528.183 528.183 922.357 1278.8 1278.8 1776.16 1776.16 2392.11 3170.97 
-6.27744e+66 -6.27744e+66 265.937 265.937 440.768 440.768 756.107 1053.15 1053.15 1488.34 1488.34 2042.68 2750.75 
-6.27744e+66 -6.27744e+66 -6.27744e+66 265.937 353.352 353.352 589.856 827.487 827.487 1200.51 1200.51 1693.26 2330.52 
-6.27744e+66 -6.27744e+66 -6.27744e+66 -6.27744e+66 265.937 265.937 423.606 601.829 601.829 912.68 912.68 1343.84 1910.29 
-6.27744e+66 -6.27744e+66 -6.27744e+66 -6.27744e+66 -6.27744e+66 265.937 344.772 463.587 463.587 712.268 712.268 1081.83 1577.48 
-6.27744e+66 -6.27744e+66 -6.27744e+66 -6.27744e+66 -6.27744e+66 -6.27744e+66 265.937 325.344 325.344 511.855 511.855 819.826 1244.66 
-6.27744e+66 -6.27744e+66 -6.27744e+66 -6.27744e+66 -6.27744e+66 -6.27744e+66 -6.27744e+66 265.937 265.937 390.277 390.277 636.654 990.685 
-6.27744e+66 -6.27744e+66 -6.27744e+66 -6.27744e+66 -6.27744e+66 -6.27744e+66 -6.27744e+66 -6.27744e+66 265.937 328.107 328.107 512.889 796.115 
-6.27744e+66 -6.27744e+66 -6.27744e+66 -6.27744e+66 -6.27744e+66 -6.27744e+66 -6.27744e+66 -6.27744e+66 -6.27744e+66 265.937 265.937 389.125 601.544 
-6.27744e+66 -6.27744e+66 -6.27744e+66 -6.27744e+66 -6.27744e+66 -6.27744e+66 -6.27744e+66 -6.27744e+66 -6.27744e+66 -6.27744e+66 265.937 327.531 469.143 
-6.27744e+66 -6.27744e+66 -6.27744e+66 -6.27744e+66 -6.27744e+66 -6.27744e+66 -6.27744e+66 -6.27744e+66 -6.27744e+66 -6.27744e+66 -6.27744e+66 265.937 336.743 
-6.27744e+66 -6.27744e+66 -6.27744e+66 -6.27744e+66 -6.27744e+66 -6.27744e+66 -6.27744e+66 -6.27744e+66 -6.27744e+66 -6.27744e+66 -6.27744e+66 -6.27744e+66 265.937 
-6.27744e+66 -6.27744e+66 -6.27744e+66 -6.27744e+66 -6.27744e+66 -6.27744e+66 -6.27744e+66 -6.27744e+66 -6.27744e+66 -6.27744e+66 -6.27744e+66 -6.27744e+66 -6.27744e+66 
-6.27744e+66 421.928 528.014 528.014 528.014 528.014 1041.46 1422.74 1899.98 1899.98 1899.98 2271.17 3033.22 
-6.27744e+66 -6.27744e+66 421.928 421.928 421.928 421.928 832.684 1150.42 1559.48 1559.48 1559.48 1893.55 2586.33 
-6.27744e+66 -6.27744e+66 -6.27744e+66 421.928 421.928 421.928 729.995 984.183 1325.07 1325.07 1325.07 1622.02 2245.52 
-6.27744e+66 -6.27744e+66 -6.27744e+66 -6.27744e+66 421.928 421.928 627.306 817.947 1090.65 1090.65 1090.65 1350.49 1904.71 
-6.27744e+66 -6.27744e+66 -6.27744e+66 -6.27744e+66 -6.27744e+66 421.928 524.617 651.711 856.241 856.241 856.241 1078.96 1563.9 
-6.27744e+66 -6.27744e+66 -6.27744e+66 -6.27744e+66 -6.27744e+66 -6.27744e+66 421.928 485.475 621.828 621.828 621.828 807.425 1223.09 
-6.27744e+66 -6.27744e+66 -6.27744e+66 -6.27744e+66 -6.27744e+66 -6.27744e+66 -6.27744e+66 421.928 490.105 490.105 490.105 638.582 984.969 
-6.27744e+66 -6.27744e+66 -6.27744e+66 -6.27744e+66 -6.27744e+66 -6.27744e+66 -6.27744e+66 -6.27744e+66 421.928 421.928 421.928 533.286 810.396 
-6.27744e+66 -6.27744e+66 -6.27744e+66 -6.27744e+66 -6.27744e+66 -6.27744e+66 -6.27744e+66 -6.27744e+66 -6.27744e+66 421.928 421.928 496.166 703.999 
-6.27744e+66 -6.27744e+66 -6.27744e+66 -6.27744e+66 -6.27744e+66 -6.27744e+66 -6.27744e+66 -6.27744e+66 -6.27744e+66 -6.27744e+66 421.928 459.047 597.602 
-6.27744e+66 -6.27744e+66 -6.27744e+66 -6.27744e+66 -6.27744e+66 -6.27744e+66 -6.27744e+66 -6.27744e+66 -6.27744e+66 -6.27744e+66 -6.27744e+66 421.928 491.205 
-6.27744e+66 -6.27744e+66 -6.27744e+66 -6.27744e+66 -6.27744e+66 -6.27744e+66 -6.27744e+66 -6.27744e+66 -6.27744e+66 -6.27744e+66 -6.27744e+66 -6.27744e+66 421.928 
-6.27744e+66 -6.27744e+66 -6.27744e+66 -6.27744e+66 -6.27744e+66 -6.27744e+66 -6.27744e+66 -6.27744e+66 -6.27744e+66 -6.27744e+66 -6.27744e+66 -6.27744e+66 -6.27744e+66 
-6.27744e+66 503.604 570.315 570.315 570.315 570.315 570.315 570.315 1355.87 1563.16 2249.45 2659.22 3523.09 
-6.27744e+66 -6.27744e+66 503.604 503.604 503.604 503.604 503.604 503.604 1176.94 1358.32 1968.35 2337.14 3122.48 
-6.27744e+66 -6.27744e+66 -6.27744e+66 503.604 503.604 503.604 503.604 503.604 1064.72 1220.18 1753.96 2081.78 2788.58 
-6.27744e+66 -6.27744e+66 -6.27744e+66 -6.27744e+66 503.604 503.604 503.604 503.604 952.495 1082.05 1539.57 1826.41 2454.68 
-6.27744e+66 -6.27744e+66 -6.27744e+66 -6.27744e+66 -6.27744e+66 503.604 503.604 503.604 840.272 943.917 1325.19 1571.05 2120.79 
-6.27744e+66 -6.27744e+66 -6.27744e+66 -6.27744e+66 -6.27744e+66 -6.27744e+66 503.604 503.604 728.049 805.783 1110.8 1315.68 1786.89 
-6.27744e+66 -6.27744e+66 -6.27744e+66 -6.27744e+66 -6.27744e+66 -6.27744e+66 -6.27744e+66 503.604 615.827 667.649 896.411 1060.32 1452.99 
-6.27744e+66 -6.27744e+66 -6.27744e+66 -6.27744e+66 -6.27744e+66 -6.27744e+66 -6.27744e+66 -6.27744e+66 503.604 529.515 682.023 804.955 1119.09 
-6.27744e+66 -6.27744e+66 -6.27744e+66 -6.27744e+66 -6.27744e+66 -6.27744e+66 -6.27744e+66 -6.27744e+66 -6.27744e+66 503.604 579.858 661.813 897.414 
-6.27744e+66 -6.27744e+66 -6.27744e+66 -6.27744e+66 -6.27744e+66 -6.27744e+66 -6.27744e+66 -6.27744e+66 -6.27744e+66 -6.27744e+66 503.604 544.581 701.649 
-6.27744e+66 -6.27744e+66 -6.27744e+66 -6.27744e+66 -6.27744e+66 -6.27744e+66 -6.27744e+66 -6.27744e+66 -6.27744e+66 -6.27744e+66 -6.27744e+66 503.604 582.138 
-6.27744e+66 -6.27744e+66 -6.27744e+66 -6.27744e+66 -6.27744e+66 -6.27744e+66 -6.27744e+66 -6.27744e+66 -6.27744e+66 -6.27744e+66 -6.27744e+66 -6.27744e+66 503.604 
-6.27744e+66 -6.27744e+66 -6.27744e+66 -6.27744e+66 -6.27744e+66 -6.27744e+66 -6.27744e+66 -6.27744e+66 -6.27744e+66 -6.27744e+66 -6.27744e+66 -6.27744e+66 -6.27744e+66 
-6.27744e+66 241.344 350.308 350.308 350.308 350.308 350.308 849.936 1484.14 1601.12 2366.49 2366.49 2366.49 
-6.27744e+66 -6.27744e+66 241.344 241.344 241.344 241.344 241.344 657.7 1201.3 1303.66 1983.99 1983.99 1983.99 
-6.27744e+66 -6.27744e+66 -6.27744e+66 241.344 241.344 241.344 241.344 574.429 1027.43 1115.17 1710.46 1710.46 1710.46 
-6.27744e+66 -6.27744e+66 -6.27744e+66 -6.27744e+66 241.344 241.344 241.344 491.157 853.56 926.675 1436.92 1436.92 1436.92 
-6.27744e+66 -6.27744e+66 -6.27744e+66 -6.27744e+66 -6.27744e+66 241.344 241.344 407.886 679.688 738.18 1163.39 1163.39 1163.39 
-6.27744e+66 -6.27744e+66 -6.27744e+66 -6.27744e+66 -6.27744e+66 -6.27744e+66 241.344 324.615 505.816 549.685 889.849 889.849 889.849 
-6.27744e+66 -6.27744e+66 -6.27744e+66 -6.27744e+66 -6.27744e+66 -6.27744e+66 -6.27744e+66 241.344 331.944 361.19 616.313 616.313 616.313 
-6.27744e+66 -6.27744e+66 -6.27744e+66 -6.27744e+66 -6.27744e+66 -6.27744e+66 -6.27744e+66 -6.27744e+66 241.344 255.966 426.049 426.049 426.049 
-6.27744e+66 -6.27744e+66 -6.27744e+66 -6.27744e+66 -6.27744e+66 -6.27744e+66 -6.27744e+66 -6.27744e+66 -6.27744e+66 241.344 326.385 326.385 326.385 
-6.27744e+66 -6.27744e+66 -6.27744e+66 -6.27744e+66 -6.27744e+66 -6.27744e+66 -6.27744e+66 -6.27744e+66 -6.27744e+66 -6.27744e+66 241.344 241.344 241.344 
-6.27744e+66 -6.27744e+66 -6.27744e+66 -6.27744e+66 -6.27744e+66 -6.27744e+66 -6.27744e+66 -6.27744e+66 -6.27744e+66 -6.27744e+66 -6.27744e+66 241.344 241.344 
-6.27744e+66 -6.27744e+66 -6.27744e+66 -6.27744e+66 -6.27744e+66 -6.27744e+66 -6.27744e+66 -6.27744e+66 -6.27744e+66 -6.27744e+66 -6.27744e+66 -6.27744e+66 241.344 
-6.27744e+66 -6.27744e+66 -6.27744e+66 -6.27744e+66 -6.27744e+66 -6.27744e+66 -6.27744e+66 -6.27744e+66 -6.27744e+66 -6.27744e+66 -6.27744e+66 -6.27744e+66 -6.27744e+66 
-6.27744e+66 555.115 673.827 759.13 759.13 759.13 759.13 1372.74 1372.74 1372.74 2603 3258.7 4217.96 
-6.27744e+66 -6.27744e+66 555.115 597.766 597.766 597.766 597.766 1109.11 1109.11 1109.11 2202.67 2792.8 3664.86 
-6.27744e+66 -6.27744e+66 -6.27744e+66 555.115 555.115 555.115 555.115 964.188 964.188 964.188 1921.06 2445.62 3230.47 
-6.27744e+66 -6.27744e+66 -6.27744e+66 -6.27744e+66 555.115 555.115 555.115 861.919 861.919 861.919 1682.09 2141.08 2838.73 
-6.27744e+66 -6.27744e+66 -6.27744e+66 -6.27744e+66 -6.27744e+66 555.115 555.115 759.651 759.651 759.651 1443.13 1836.55 2446.99 
-6.27744e+66 -6.27744e+66 -6.27744e+66 -6.27744e+66 -6.27744e+66 -6.27744e+66 555.115 657.383 657.383 657.383 1204.17 1532.01 2055.25 
-6.27744e+66 -6.27744e+66 -6.27744e+66 -6.27744e+66 -6.27744e+66 -6.27744e+66 -6.27744e+66 555.115 555.115 555.115 965.202 1227.48 1663.51 
-6.27744e+66 -6.27744e+66 -6.27744e+66 -6.27744e+66 -6.27744e+66 -6.27744e+66 -6.27744e+66 -6.27744e+66 555.115 555.115 828.506 1025.22 1374.04 
-6.27744e+66 -6.27744e+66 -6.27744e+66 -6.27744e+66 -6.27744e+66 -6.27744e+66 -6.27744e+66 -6.27744e+66 -6.27744e+66 555.115 691.811 822.95 1084.57 
-6.27744e+66 -6.27744e+66 -6.27744e+66 -6.27744e+66 -6.27744e+66 -6.27744e+66 -6.27744e+66 -6.27744e+66 -6.27744e+66 -6.27744e+66 555.115 620.685 795.097 
-6.27744e+66 -6.27744e+66 -6.27744e+66 -6.27744e+66 -6.27744e+66 -6.27744e+66 -6.27744e+66 -6.27744e+66 -6.27744e+66 -6.27744e+66 -6.27744e+66 555.115 642.321 
-6.27744e+66 -6.27744e+66 -6.27744e+66 -6.27744e+66 -6.27744e+66 -6.27744e+66 -6.27744e+66 -6.27744e+66 -6.27744e+66 -6.27744e+66 -6.27744e+66 -6.27744e+66 555.115 
-6.27744e+66 -6.27744e+66 -6.27744e+66 -6.27744e+66 -6.27744e+66 -6.27744e+66 -6.27744e+66 -6.27744e+66 -6.27744e+66 -6.27744e+66 -6.27744e+66 -6.27744e+66 -6.27744e+66 
-6.27744e+66 607.112 703.139 703.139 983.27 983.27 1491.19 1491.19 1491.19 1772.18 1772.18 2427.73 2427.73 
-6.27744e+66 -6.27744e+66 607.112 607.112 793.866 793.866 1200.21 1200.21 1200.21 1446.07 1446.07 2036.06 2036.06 
-6.27744e+66 -6.27744e+66 -6.27744e+66 607.112 700.489 700.489 1005.24 1005.24 1005.24 1215.98 1215.98 1740.42 1740.42 
-6.27744e+66 -6.27744e+66 -6.27744e+66 -6.27744e+66 607.112 607.112 810.281 810.281 810.281 985.896 985.896 1444.78 1444.78 
-6.27744e+66 -6.27744e+66 -6.27744e+66 -6.27744e+66 -6.27744e+66 607.112 708.696 708.696 708.696 849.188 849.188 1242.52 1242.52 
-6.27744e+66 -6.27744e+66 -6.27744e+66 -6.27744e+66 -6.27744e+66 -6.27744e+66 607.112 607.112 607.112 712.481 712.481 1040.26 1040.26 
-6.27744e+66 -6.27744e+66 -6.27744e+66 -6.27744e+66 -6.27744e+66 -6.27744e+66 -6.27744e+66 607.112 607.112 677.358 677.358 939.578 939.578 
-6.27744e+66 -6.27744e+66 -6.27744e+66 -6.27744e+66 -6.27744e+66 -6.27744e+66 -6.27744e+66 -6.27744e+66 607.112 642.235 642.235 838.9 838.9 
-6.27744e+66 -6.27744e+66 -6.27744e+66 -6.27744e+66 -6.27744e+66 -6.27744e+66 -6.27744e+66 -6.27744e+66 -6.27744e+66 607.112 607.112 738.222 738.222 
-6.27744e+66 -6.27744e+66 -6.27744e+66 -6.27744e+66 -6.27744e+66 -6.27744e+66 -6.27744e+66 -6.27744e+66 -6.27744e+66 -6.27744e+66 607.112 672.667 672.667 
-6.27744e+66 -6.27744e+66 -6.27744e+66 -6.27744e+66 -6.27744e+66 -6.27744e+66 -6.27744e+66 -6.27744e+66 -6.27744e+66 -6.27744e+66 -6.27744e+66 607.112 607.112 
-6.27744e+66 -6.27744e+66 -6.27744e+66 -6.27744e+66 -6.27744e+66 -6.27744e+66 -6.27744e+66 -6.27744e+66 -6.27744e+66 -6.27744e+66 -6.27744e+66 -6.27744e+66 607.112 
-6.27744e+66 -6.27744e+66 -6.27744e+66 -6.27744e+66 -6.27744e+66 -6.27744e+66 -6.27744e+66 -6.27744e+66 -6.27744e+66 -6.27744e+66 -6.27744e+66 -6.27744e+66 -6.27744e+66 
-6.27744e+66 234.014 378.361 492.396 492.396 492.396 871.967 1286.63 1286.63 1286.63 1286.63 2005.32 2005.32 
-6.27744e+66 -6.27744e+66 234.014 291.032 291.032 291.032 594.689 940.241 940.241 940.241 940.241 1587.06 1587.06 
-6.27744e+66 -6.27744e+66 -6.27744e+66 234.014 234.014 234.014 461.757 738.199 738.199 738.199 738.199 1313.15 1313.15 
-6.27744e+66 -6.27744e+66 -6.27744e+66 -6.27744e+66 234.014 234.014 385.843 593.174 593.174 593.174 593.174 1096.26 1096.26 
-6.27744e+66 -6.27744e+66 -6.27744e+66 -6.27744e+66 -6.27744e+66 234.014 309.929 448.149 448.149 448.149 448.149 879.362 879.362 
-6.27744e+66 -6.27744e+66 -6.27744e+66 -6.27744e+66 -6.27744e+66 -6.27744e+66 234.014 303.125 303.125 303.125 303.125 662.468 662.468 
-6.27744e+66 -6.27744e+66 -6.27744e+66 -6.27744e+66 -6.27744e+66 -6.27744e+66 -6.27744e+66 234.014 234.014 234.014 234.014 521.489 521.489 
-6.27744e+66 -6.27744e+66 -6.27744e+66 -6.27744e+66 -6.27744e+66 -6.27744e+66 -6.27744e+66 -6.27744e+66 234.014 234.014 234.014 449.62 449.62 
-6.27744e+66 -6.27744e+66 -6.27744e+66 -6.27744e+66 -6.27744e+66 -6.27744e+66 -6.27744e+66 -6.27744e+66 -6.27744e+66 234.014 234.014 377.752 377.752 
-6.27744e+66 -6.27744e+66 -6.27744e+66 -6.27744e+66 -6.27744e+66 -6.27744e+66 -6.27744e+66 -6.27744e+66 -6.27744e+66 -6.27744e+66 234.014 305.883 305.883 
-6.27744e+66 -6.27744e+66 -6.27744e+66 -6.27744e+66 -6.27744e+66 -6.27744e+66 -6.27744e+66 -6.27744e+66 -6.27744e+66 -6.27744e+66 -6.27744e+66 234.014 234.014 
-6.27744e+66 -6.27744e+66 -6.27744e+66 -6.27744e+66 -6.27744e+66 -6.27744e+66 -6.27744e+66 -6.27744e+66 -6.27744e+66 -6.27744e+66 -6.27744e+66 -6.27744e+66 234.014 
-6.27744e+66 -6.27744e+66 -6.27744e+66 -6.27744e+66 -6.27744e+66 -6.27744e+66 -6.27744e+66 -6.27744e+66 -6.27744e+66 -6.27744e+66 -6.27744e+66 -6.27744e+66 -6.27744e+66 
