24 40 
27531.3 27531.3 27531.3 27531.3 27531.3 27531.3 27531.3 27531.3 27531.3 27531.3 27531.3 27531.3 27531.3 27531.3 27531.3 27531.3 27531.3 27531.3 27531.3 27531.3 27531.3 27531.3 27531.3 27531.3 
item 0
1 90.8527 52.2307 97.5625 0 147.244 44.8922 91.3422 82.082 96.6056 52.1353 101.94 71.5044 94.7605 40.1376 90.395 56.8535 110.992 54.9788 106.965 67.9239 99.511 58.5893 125.415 
527.053 527.053 527.053 527.053 527.053 527.053 527.053 527.053 527.053 527.053 527.053 527.053 527.053 527.053 527.053 527.053 527.053 527.053 527.053 527.053 527.053 527.053 527.053 527.053 
1 1 1 1 1 1 1 1 1 1 1 1 1 1 1 1 1 1 1 1 1 1 1 1 
item 1
67.352 127.22 53.1559 126.891 61.9775 116.589 65.6241 117.573 93.9445 109.113 41.5037 99.1164 60.1103 99.3294 31.1589 99.7004 61.7312 122.859 40.872 148.538 82.9808 132.208 72.8583 105.648 
709.569 709.569 709.569 709.569 709.569 709.569 709.569 709.569 709.569 709.569 709.569 709.569 709.569 709.569 709.569 709.569 709.569 709.569 709.569 709.569 709.569 709.569 709.569 709.569 
1 1 1 1 1 1 1 1 1 1 1 1 1 1 1 1 1 1 1 1 1 1 1 1 
item 2
57.6833 77.16 32.6029 82.3836 26.3992 117.182 36.21 126.704 69.3001 71.16 28.6785 95.8226 40.0313 114.644 48.3315 115.688 61.5419 95.1775 94.9106 87.3208 97.8761 86.3498 17.2361 89.0395 
809.542 809.542 809.542 809.542 809.542 809.542 809.542 809.542 809.542 809.542 809.542 809.542 809.542 809.542 809.542 809.542 809.542 809.542 809.542 809.542 809.542 809.542 809.542 809.542 
1 1 1 1 1 1 1 1 1 1 1 1 1 1 1 1 1 1 1 1 1 1 1 1 
item 3
39.2235 75.2265 59.2048 103.498 11.4555 113.777 33.8655 89.6586 30.054 70.9197 33.0981 103.685 59.128 135.157 64.9047 88.2426 115.806 117.055 69.6938 103.053 48.5913 82.3518 19.1849 90.4032 
335.794 335.794 335.794 335.794 335.794 335.794 335.794 335.794 335.794 335.794 335.794 335.794 335.794 335.794 335.794 335.794 335.794 335.794 335.794 335.794 335.794 335.794 335.794 335.794 
1 1 1 1 1 1 1 1 1 1 1 1 1 1 1 1 1 1 1 1 1 1 1 1 
item 4
80.2379 122.36 66.3231 112.802 84.8748 128.42 27.1678 129.891 14.0877 91.0232 37.322 113.943 19.9872 110.417 95.1632 100.336 42.4994 92.5553 39.6174 95.0891 72.4506 90.7983 33.039 96.3483 
858.041 858.041 858.041 858.041 858.041 858.041 858.041 858.041 858.041 858.041 858.041 858.041 858.041 858.041 858.041 858.041 858.041 858.041 858.041 858.041 858.041 858.041 858.041 858.041 
1 1 1 1 1 1 1 1 1 1 1 1 1 1 1 1 1 1 1 1 1 1 1 1 
item 5
103.027 75.8234 33.8117 88.7444 40.9569 105.682 80.8413 106.029 27.9135 84.8065 41.3529 79.0205 53.2976 105.022 37.4774 96.7912 32.8724 99.1674 49.3509 116.786 63.9228 97.482 37.3238 119.519 
237.338 237.338 237.338 237.338 237.338 237.338 237.338 237.338 237.338 237.338 237.338 237.338 237.338 237.338 237.338 237.338 237.338 237.338 237.338 237.338 237.338 237.338 237.338 237.338 
1 1 1 1 1 1 1 1 1 1 1 1 1 1 1 1 1 1 1 1 1 1 1 1 
item 6
58.8219 88.8522 3.36354 115.052 21.1158 85.5924 44.9814 117.98 35.7986 103.629 59.7313 87.9368 30.0979 122.069 53.8537 111.551 63.017 55.3371 58.5083 84.9559 62.6893 120.533 28.28 97.2638 
1052.56 1052.56 1052.56 1052.56 1052.56 1052.56 1052.56 1052.56 1052.56 1052.56 1052.56 1052.56 1052.56 1052.56 1052.56 1052.56 1052.56 1052.56 1052.56 1052.56 1052.56 1052.56 1052.56 1052.56 
1 1 1 1 1 1 1 1 1 1 1 1 1 1 1 1 1 1 1 1 1 1 1 1 
item 7
67.7953 118.63 25.0312 91.9505 55.7572 87.3169 85.3469 94.2438 25.4983 94.5336 106.693 144.175 70.0139 99.2557 85.1569 112.111 44.5298 97.4875 61.1174 90.7428 5.26576 132.029 32.4511 117.659 
636.119 636.119 636.119 636.119 636.119 636.119 636.119 636.119 636.119 636.119 636.119 636.119 636.119 636.119 636.119 636.119 636.119 636.119 636.119 636.119 636.119 636.119 636.119 636.119 
1 1 1 1 1 1 1 1 1 1 1 1 1 1 1 1 1 1 1 1 1 1 1 1 
item 8
19.9719 68.4893 60.5888 92.2472 3.90596 99.6152 14.3004 83.3707 40.8659 70.3237 62.2774 78.6065 28.9338 102.69 30.7211 143.864 44.3411 118.04 79.777 109.54 61.1537 87.5566 61.5801 96.9647 
1167.31 1167.31 1167.31 1167.31 1167.31 1167.31 1167.31 1167.31 1167.31 1167.31 1167.31 1167.31 1167.31 1167.31 1167.31 1167.31 1167.31 1167.31 1167.31 1167.31 1167.31 1167.31 1167.31 1167.31 
1 1 1 1 1 1 1 1 1 1 1 1 1 1 1 1 1 1 1 1 1 1 1 1 
item 9
24.239 93.2178 30.7501 104.417 37.9442 107.724 10.6867 103.233 34.4217 129.367 55.1954 78.0955 21.7799 125.971 63.0994 87.0139 24.3199 67.7555 33.494 115.313 50.867 94.2333 48.3694 109.143 
314.532 314.532 314.532 314.532 314.532 314.532 314.532 314.532 314.532 314.532 314.532 314.532 314.532 314.532 314.532 314.532 314.532 314.532 314.532 314.532 314.532 314.532 314.532 314.532 
1 1 1 1 1 1 1 1 1 1 1 1 1 1 1 1 1 1 1 1 1 1 1 1 
item 10
38.7259 122.077 47.6433 117.517 42.1865 83.7136 57.2266 54.101 74.1498 93.4424 33.0934 124.373 70.914 108.658 57.3732 148.861 26.9505 67.7081 55.352 131.456 45.3966 96.2236 57.2941 95.0106 
379.713 379.713 379.713 379.713 379.713 379.713 379.713 379.713 379.713 379.713 379.713 379.713 379.713 379.713 379.713 379.713 379.713 379.713 379.713 379.713 379.713 379.713 379.713 379.713 
1 1 1 1 1 1 1 1 1 1 1 1 1 1 1 1 1 1 1 1 1 1 1 1 
item 11
63.8762 101.264 63.007 118.689 36.0498 111.078 52.8139 90.3247 65.5291 94.1407 61.7936 87.9775 47.3431 105.289 39.707 91.7262 46.3648 84.3399 57.9114 82.9868 77.9407 108.116 48.0751 95.0151 
1029.36 1029.36 1029.36 1029.36 1029.36 1029.36 1029.36 1029.36 1029.36 1029.36 1029.36 1029.36 1029.36 1029.36 1029.36 1029.36 1029.36 1029.36 1029.36 1029.36 1029.36 1029.36 1029.36 1029.36 
1 1 1 1 1 1 1 1 1 1 1 1 1 1 1 1 1 1 1 1 1 1 1 1 
item 12
31.4836 89.5769 45.7958 116.35 56.7469 109.563 7.68293 114.188 33.6482 83.0341 60.1142 111.775 44.9155 91.9966 62.9636 110.862 47.0474 88.1108 26.2164 105.111 63.4251 105.175 51.8896 109.807 
973.029 973.029 973.029 973.029 973.029 973.029 973.029 973.029 973.029 973.029 973.029 973.029 973.029 973.029 973.029 973.029 973.029 973.029 973.029 973.029 973.029 973.029 973.029 973.029 
1 1 1 1 1 1 1 1 1 1 1 1 1 1 1 1 1 1 1 1 1 1 1 1 
item 13
76.5014 89.9019 46.198 80.9605 61.2632 83.3344 29.686 104.68 30.0367 108.306 45.9595 152.719 55.4569 99.0588 82.1881 86.4106 25.7532 129.115 54.8147 103.06 6.11029 127.176 81.2243 106.584 
853.185 853.185 853.185 853.185 853.185 853.185 853.185 853.185 853.185 853.185 853.185 853.185 853.185 853.185 853.185 853.185 853.185 853.185 853.185 853.185 853.185 853.185 853.185 853.185 
1 1 1 1 1 1 1 1 1 1 1 1 1 1 1 1 1 1 1 1 1 1 1 1 
item 14
70.1689 110.424 59.9105 90.4605 53.0138 100.354 27.4064 63.4849 48.3558 103.972 50.6971 92.6273 60.7938 99.3172 44.253 87.801 76.1095 105.304 75.051 71.5171 38.8283 115.511 39.3497 102.679 
885.178 885.178 885.178 885.178 885.178 885.178 885.178 885.178 885.178 885.178 885.178 885.178 885.178 885.178 885.178 885.178 885.178 885.178 885.178 885.178 885.178 885.178 885.178 885.178 
1 1 1 1 1 1 1 1 1 1 1 1 1 1 1 1 1 1 1 1 1 1 1 1 
item 15
40.3918 69.2508 83.2209 167.114 29.0446 99.0788 88.4351 84.8942 21.8816 89.9677 50.9431 76.663 49.8529 104.821 84.9681 122.315 62.9955 139.428 78.2783 103.332 57.9699 131.767 35.4241 136.962 
610.694 610.694 610.694 610.694 610.694 610.694 610.694 610.694 610.694 610.694 610.694 610.694 610.694 610.694 610.694 610.694 610.694 610.694 610.694 610.694 610.694 610.694 610.694 610.694 
1 1 1 1 1 1 1 1 1 1 1 1 1 1 1 1 1 1 1 1 1 1 1 1 
item 16
48.1744 127.639 59.2019 100.796 18.8327 74.5299 71.6049 103.092 80.5698 80.0064 22.1851 117.444 40.3418 48.1209 74.0641 113.829 46.0572 70.8794 37.4921 116.661 70.2775 98.5543 82.257 118.925 
1045.22 1045.22 1045.22 1045.22 1045.22 1045.22 1045.22 1045.22 1045.22 1045.22 1045.22 1045.22 1045.22 1045.22 1045.22 1045.22 1045.22 1045.22 1045.22 1045.22 1045.22 1045.22 1045.22 1045.22 
1 1 1 1 1 1 1 1 1 1 1 1 1 1 1 1 1 1 1 1 1 1 1 1 
item 17
35.4472 86.3562 55.146 114.417 59.6836 109.57 62.5685 77.4546 46.5554 122.611 47.9482 97.4135 97.9181 110.556 42.9659 84.9601 28.1389 93.4537 48.7058 90.327 46.4437 119.448 78.6531 114.759 
1332.04 1332.04 1332.04 1332.04 1332.04 1332.04 1332.04 1332.04 1332.04 1332.04 1332.04 1332.04 1332.04 1332.04 1332.04 1332.04 1332.04 1332.04 1332.04 1332.04 1332.04 1332.04 1332.04 1332.04 
1 1 1 1 1 1 1 1 1 1 1 1 1 1 1 1 1 1 1 1 1 1 1 1 
item 18
59.2235 99.2368 23.7731 61.7367 74.5959 76.7561 54.4775 117.68 36.9999 89.1777 26.8678 58.4706 70.0126 100.86 65.9859 91.3485 29.3218 105.585 31.1341 142.081 32.3896 89.123 80.1095 123.99 
153.171 153.171 153.171 153.171 153.171 153.171 153.171 153.171 153.171 153.171 153.171 153.171 153.171 153.171 153.171 153.171 153.171 153.171 153.171 153.171 153.171 153.171 153.171 153.171 
1 1 1 1 1 1 1 1 1 1 1 1 1 1 1 1 1 1 1 1 1 1 1 1 
item 19
66.5545 61.541 43.5065 110.529 56.6247 91.5848 14.1786 98.0972 31.4231 96.9238 36.8957 106.774 41.2591 90.9108 28.8823 112.103 64.4179 110.898 53.8321 44.9532 54.0957 84.5846 13.3322 38.1477 
456.242 456.242 456.242 456.242 456.242 456.242 456.242 456.242 456.242 456.242 456.242 456.242 456.242 456.242 456.242 456.242 456.242 456.242 456.242 456.242 456.242 456.242 456.242 456.242 
1 1 1 1 1 1 1 1 1 1 1 1 1 1 1 1 1 1 1 1 1 1 1 1 
item 20
58.1506 69.316 74.9859 125.771 55.6723 107.315 76.9046 84.1852 64.5706 98.3254 71.9675 110.009 114.301 119.976 44.7005 99.5791 27.8774 110.434 61.9212 73.2937 28.4319 108.537 59.5457 112.93 
570.776 570.776 570.776 570.776 570.776 570.776 570.776 570.776 570.776 570.776 570.776 570.776 570.776 570.776 570.776 570.776 570.776 570.776 570.776 570.776 570.776 570.776 570.776 570.776 
1 1 1 1 1 1 1 1 1 1 1 1 1 1 1 1 1 1 1 1 1 1 1 1 
item 21
41.9651 107.073 37.8682 105.504 13.6819 96.5253 48.6592 66.9081 47.6333 96.2674 69.0059 76.9371 66.3602 98.9973 49.3357 72.2769 12.1534 116.257 74.8324 67.9394 76.4574 123.971 19.8401 74.1531 
233.529 233.529 233.529 233.529 233.529 233.529 233.529 233.529 233.529 233.529 233.529 233.529 233.529 233.529 233.529 233.529 233.529 233.529 233.529 233.529 233.529 233.529 233.529 233.529 
1 1 1 1 1 1 1 1 1 1 1 1 1 1 1 1 1 1 1 1 1 1 1 1 
item 22
64.7453 74.2217 63.4417 93.435 29.9241 99.8232 40.9515 107.241 51.1464 168.632 37.1154 97.0702 59.1839 131.636 28.8186 86.7389 66.6844 61.9533 46.4901 100.182 26.4156 77.2908 60.593 115.371 
207.483 207.483 207.483 207.483 207.483 207.483 207.483 207.483 207.483 207.483 207.483 207.483 207.483 207.483 207.483 207.483 207.483 207.483 207.483 207.483 207.483 207.483 207.483 207.483 
1 1 1 1 1 1 1 1 1 1 1 1 1 1 1 1 1 1 1 1 1 1 1 1 
item 23
74.1959 105.837 53.0772 73.2932 35.4419 117.281 50.5741 117.55 74.3131 150.673 52.9301 68.8468 50.3106 89.3858 31.7712 85.4289 29.2599 91.5698 53.8699 82.6978 42.3885 86.9167 59.5478 108.988 
702.121 702.121 702.121 702.121 702.121 702.121 702.121 702.121 702.121 702.121 702.121 702.121 702.121 702.121 702.121 702.121 702.121 702.121 702.121 702.121 702.121 702.121 702.121 702.121 
1 1 1 1 1 1 1 1 1 1 1 1 1 1 1 1 1 1 1 1 1 1 1 1 
item 24
41.3063 78.0298 26.9325 59.5984 73.1118 81.7628 51.8562 53.1919 57.094 77.5596 65.2619 65.6021 33.9863 69.0938 44.9999 116.383 49.6876 91.5367 71.5345 140.57 13.6427 119.55 64.5241 122.141 
294.782 294.782 294.782 294.782 294.782 294.782 294.782 294.782 294.782 294.782 294.782 294.782 294.782 294.782 294.782 294.782 294.782 294.782 294.782 294.782 294.782 294.782 294.782 294.782 
1 1 1 1 1 1 1 1 1 1 1 1 1 1 1 1 1 1 1 1 1 1 1 1 
item 25
34.8227 87.745 56.2048 146.064 36.3389 111.119 52.8815 78.5167 47.8834 73.1594 29.3086 122.657 65.55 100.777 26.4518 110.533 66.5358 82.6293 23.5213 83.3975 40.9803 123.551 47.0626 122.001 
574.107 574.107 574.107 574.107 574.107 574.107 574.107 574.107 574.107 574.107 574.107 574.107 574.107 574.107 574.107 574.107 574.107 574.107 574.107 574.107 574.107 574.107 574.107 574.107 
1 1 1 1 1 1 1 1 1 1 1 1 1 1 1 1 1 1 1 1 1 1 1 1 
item 26
35.916 122.564 55.3722 98.8774 49.0478 81.6811 31.8662 80.0046 60.4243 93.6783 63.4646 75.1109 41.2014 121.559 19.6387 118.345 92.8997 101.809 87.337 126.808 53.0849 109.015 51.4737 110.261 
1032.72 1032.72 1032.72 1032.72 1032.72 1032.72 1032.72 1032.72 1032.72 1032.72 1032.72 1032.72 1032.72 1032.72 1032.72 1032.72 1032.72 1032.72 1032.72 1032.72 1032.72 1032.72 1032.72 1032.72 
1 1 1 1 1 1 1 1 1 1 1 1 1 1 1 1 1 1 1 1 1 1 1 1 
item 27
69.2487 97.9301 60.6874 75.9166 96.1849 103.954 52.4358 86.8322 32.6613 81.5665 55.1599 106.625 93.772 115.566 63.6302 117.194 36.5514 115.373 29.5601 97.9322 30.3382 75.8598 78.879 122.131 
304.388 304.388 304.388 304.388 304.388 304.388 304.388 304.388 304.388 304.388 304.388 304.388 304.388 304.388 304.388 304.388 304.388 304.388 304.388 304.388 304.388 304.388 304.388 304.388 
1 1 1 1 1 1 1 1 1 1 1 1 1 1 1 1 1 1 1 1 1 1 1 1 
item 28
67.5194 106.154 67.5191 134.993 24.3144 119.634 42.032 119.402 18.2969 106.114 15.9982 102.682 44.1091 88.1173 41.4145 108.42 50.8935 102.275 43.534 98.5364 75.2863 89.491 27.1199 110.874 
336.243 336.243 336.243 336.243 336.243 336.243 336.243 336.243 336.243 336.243 336.243 336.243 336.243 336.243 336.243 336.243 336.243 336.243 336.243 336.243 336.243 336.243 336.243 336.243 
1 1 1 1 1 1 1 1 1 1 1 1 1 1 1 1 1 1 1 1 1 1 1 1 
item 29
38.0691 110.863 77.9618 126.576 44.8954 104.275 45.1826 130.814 84.0056 94.9269 103.369 128.012 24.9043 84.5966 39.5686 123.33 32.2934 87.6988 77.2373 103.881 44.3758 87.5421 58.0035 102.024 
1440.89 1440.89 1440.89 1440.89 1440.89 1440.89 1440.89 1440.89 1440.89 1440.89 1440.89 1440.89 1440.89 1440.89 1440.89 1440.89 1440.89 1440.89 1440.89 1440.89 1440.89 1440.89 1440.89 1440.89 
1 1 1 1 1 1 1 1 1 1 1 1 1 1 1 1 1 1 1 1 1 1 1 1 
item 30
41.5259 93.8497 43.6974 94.8928 66.7245 74.0843 63.785 118.106 78.2452 84.1918 34.1911 84.4072 68.2738 100.31 0.0574275 65.1771 42.4603 88.4929 10.8547 125.14 65.2903 113.52 72.2648 122.582 
260.829 260.829 260.829 260.829 260.829 260.829 260.829 260.829 260.829 260.829 260.829 260.829 260.829 260.829 260.829 260.829 260.829 260.829 260.829 260.829 260.829 260.829 260.829 260.829 
1 1 1 1 1 1 1 1 1 1 1 1 1 1 1 1 1 1 1 1 1 1 1 1 
item 31
67.8892 97.5537 38.2684 103.042 36.4161 94.5812 28.3486 71.9022 58.8978 123.597 51.3624 103.122 81.0328 121.772 35.8436 136.54 14.1058 113.744 54.639 45.6983 37.6621 120.933 69.9223 47.1564 
461.016 461.016 461.016 461.016 461.016 461.016 461.016 461.016 461.016 461.016 461.016 461.016 461.016 461.016 461.016 461.016 461.016 461.016 461.016 461.016 461.016 461.016 461.016 461.016 
1 1 1 1 1 1 1 1 1 1 1 1 1 1 1 1 1 1 1 1 1 1 1 1 
item 32
40.8537 92.2168 31.7705 100.749 26.459 131.733 47.764 129.527 47.9891 85.9719 38.3891 83.6062 56.4013 81.8345 35.5773 71.6249 94.0019 105.714 35.2512 59.648 9.87516 97.3912 46.6845 106.436 
292.25 292.25 292.25 292.25 292.25 292.25 292.25 292.25 292.25 292.25 292.25 292.25 292.25 292.25 292.25 292.25 292.25 292.25 292.25 292.25 292.25 292.25 292.25 292.25 
1 1 1 1 1 1 1 1 1 1 1 1 1 1 1 1 1 1 1 1 1 1 1 1 
item 33
36.4001 108.143 56.2198 120.05 29.0906 134.488 74.7745 72.9751 31.3519 85.1752 64.7171 101.374 35.0123 82.4352 42.0758 79.3595 38.0554 71.046 41.6615 104.675 11.0454 127.18 72.9956 96.6288 
209.261 209.261 209.261 209.261 209.261 209.261 209.261 209.261 209.261 209.261 209.261 209.261 209.261 209.261 209.261 209.261 209.261 209.261 209.261 209.261 209.261 209.261 209.261 209.261 
1 1 1 1 1 1 1 1 1 1 1 1 1 1 1 1 1 1 1 1 1 1 1 1 
item 34
73.9357 140.243 43.2935 92.268 44.6111 115.6 61.5519 75.0436 57.0161 93.2442 52.0772 99.6178 48.3218 78.3805 0 113.895 28.753 74.0537 62.5596 113.889 33.4391 107.766 43.88 106.997 
174.409 174.409 174.409 174.409 174.409 174.409 174.409 174.409 174.409 174.409 174.409 174.409 174.409 174.409 174.409 174.409 174.409 174.409 174.409 174.409 174.409 174.409 174.409 174.409 
1 1 1 1 1 1 1 1 1 1 1 1 1 1 1 1 1 1 1 1 1 1 1 1 
item 35
47.9877 119.243 66.0785 84.2754 64.1755 96.3837 68.3588 115.83 60.1271 93.3755 31.4985 110.638 47.3462 112.329 38.2182 94.0159 56.3311 121.063 52.4477 119.045 55.0602 129.078 45.3876 146.715 
379.477 379.477 379.477 379.477 379.477 379.477 379.477 379.477 379.477 379.477 379.477 379.477 379.477 379.477 379.477 379.477 379.477 379.477 379.477 379.477 379.477 379.477 379.477 379.477 
1 1 1 1 1 1 1 1 1 1 1 1 1 1 1 1 1 1 1 1 1 1 1 1 
item 36
62.9081 95.2766 89.2385 85.2625 70.34 87.7368 83.7976 101.84 73.2052 93.9134 62.8317 116.104 32.1637 78.0993 34.6862 127.045 41.0584 140.942 63.3403 59.0528 51.2331 145.082 55.9597 95.4073 
168.373 168.373 168.373 168.373 168.373 168.373 168.373 168.373 168.373 168.373 168.373 168.373 168.373 168.373 168.373 168.373 168.373 168.373 168.373 168.373 168.373 168.373 168.373 168.373 
1 1 1 1 1 1 1 1 1 1 1 1 1 1 1 1 1 1 1 1 1 1 1 1 
item 37
64.1461 119.217 48.5918 82.257 44.6907 91.2428 35.9993 81.2099 31.8571 139.275 73.4175 87.3301 72.4485 88.485 49.0908 115.329 57.379 83.3648 53.042 111.916 61.5368 99.9015 46.9204 86.1082 
414.455 414.455 414.455 414.455 414.455 414.455 414.455 414.455 414.455 414.455 414.455 414.455 414.455 414.455 414.455 414.455 414.455 414.455 414.455 414.455 414.455 414.455 414.455 414.455 
1 1 1 1 1 1 1 1 1 1 1 1 1 1 1 1 1 1 1 1 1 1 1 1 
item 38
33.744 83.1005 9.15752 84.9077 64.6155 78.6832 53.308 116.625 76.1996 70.6321 96.411 116.604 46.8362 130.706 38.993 126.293 37.8943 116.843 24.2032 99.291 36.8402 91.0374 57.166 142.423 
1186.47 1186.47 1186.47 1186.47 1186.47 1186.47 1186.47 1186.47 1186.47 1186.47 1186.47 1186.47 1186.47 1186.47 1186.47 1186.47 1186.47 1186.47 1186.47 1186.47 1186.47 1186.47 1186.47 1186.47 
1 1 1 1 1 1 1 1 1 1 1 1 1 1 1 1 1 1 1 1 1 1 1 1 
item 39
47.3737 125.12 56.3188 75.091 49.9914 47.0124 62.9906 116.343 40.7375 133.472 63.6855 108.53 13.7479 108.683 59.6881 98.7341 43.3289 102.387 72.2994 110.852 65.7893 104.424 44.1346 79.9842 
942.091 942.091 942.091 942.091 942.091 942.091 942.091 942.091 942.091 942.091 942.091 942.091 942.091 942.091 942.091 942.091 942.091 942.091 942.091 942.091 942.091 942.091 942.091 942.091 
1 1 1 1 1 1 1 1 1 1 1 1 1 1 1 1 1 1 1 1 1 1 1 1 
