6 5 
81.653 81.653 81.653 81.653 81.653 81.653 
item 0
56.6961 73.5073 45.0345 109.001 30.9726 88.2594 
75.0016 75.0016 75.0016 75.0016 75.0016 75.0016 
1 1 1 1 1 1 
item 1
16.1182 75.3768 33.7888 111.827 94.9951 96.4249 
50.4518 50.4518 50.4518 50.4518 50.4518 50.4518 
1 1 1 1 1 1 
item 2
34.3777 83.0507 38.4257 104.182 31.446 88.2434 
46.8511 46.8511 46.8511 46.8511 46.8511 46.8511 
1 1 1 1 1 1 
item 3
58.7631 119.01 65.975 92.359 86.1658 102.787 
53.1287 53.1287 53.1287 53.1287 53.1287 53.1287 
1 1 1 1 1 1 
item 4
61.933 79.8057 36.6332 85.2371 47.1997 67.9632 
68.821 68.821 68.821 68.821 68.821 68.821 
1 1 1 1 1 1 
