36 10 
1677.01 1677.01 1677.01 1677.01 1677.01 1677.01 1677.01 1677.01 1677.01 1677.01 1677.01 1677.01 1677.01 1677.01 1677.01 1677.01 1677.01 1677.01 1677.01 1677.01 1677.01 1677.01 1677.01 1677.01 1677.01 1677.01 1677.01 1677.01 1677.01 1677.01 1677.01 1677.01 1677.01 1677.01 1677.01 1677.01 
item 0
63.7203 83.327 36.5268 108.29 41.2212 86.8084 77.8065 97.4012 26.1661 88.2696 35.7584 79.5864 50.1864 112.679 43.1042 87.9385 87.4245 112.93 107.205 132.222 33.1252 129.278 88.726 124.275 43.1618 102.137 50.7861 104.167 74.4934 93.4006 61.1467 128.23 59.1642 76.0072 34.1173 72.1918 
624.991 624.991 624.991 624.991 624.991 624.991 624.991 624.991 624.991 624.991 624.991 624.991 624.991 624.991 624.991 624.991 624.991 624.991 624.991 624.991 624.991 624.991 624.991 624.991 624.991 624.991 624.991 624.991 624.991 624.991 624.991 624.991 624.991 624.991 624.991 624.991 
1 1 1 1 1 1 1 1 1 1 1 1 1 1 1 1 1 1 1 1 1 1 1 1 1 1 1 1 1 1 1 1 1 1 1 1 
item 1
49.7617 86.0234 34.8315 110.289 36.3581 76.1986 56.2067 119.095 51.2263 122.852 45.7923 121.663 40.2975 87.9714 28.1545 69.7263 51.3754 99.2412 43.6048 88.8892 11.5638 79.4364 53.7758 75.5404 79.134 130.59 67.1139 106.42 61.9777 138.355 41.8881 89.011 20.2925 107.651 14.9318 148.124 
180.092 180.092 180.092 180.092 180.092 180.092 180.092 180.092 180.092 180.092 180.092 180.092 180.092 180.092 180.092 180.092 180.092 180.092 180.092 180.092 180.092 180.092 180.092 180.092 180.092 180.092 180.092 180.092 180.092 180.092 180.092 180.092 180.092 180.092 180.092 180.092 
1 1 1 1 1 1 1 1 1 1 1 1 1 1 1 1 1 1 1 1 1 1 1 1 1 1 1 1 1 1 1 1 1 1 1 1 
item 2
43.3746 91.8089 45.7122 100.124 43.226 95.4993 91.0942 77.402 27.493 87.7239 45.5092 96.3449 56.4446 88.2259 16.5469 87.5238 71.8655 115.464 95.2002 77.704 63.4576 109.738 6.51545 108.895 52.2592 97.2724 58.2359 64.4533 62.0299 150.225 42.3481 85.0289 54.3577 120.576 26.9289 111.784 
996.392 996.392 996.392 996.392 996.392 996.392 996.392 996.392 996.392 996.392 996.392 996.392 996.392 996.392 996.392 996.392 996.392 996.392 996.392 996.392 996.392 996.392 996.392 996.392 996.392 996.392 996.392 996.392 996.392 996.392 996.392 996.392 996.392 996.392 996.392 996.392 
1 1 1 1 1 1 1 1 1 1 1 1 1 1 1 1 1 1 1 1 1 1 1 1 1 1 1 1 1 1 1 1 1 1 1 1 
item 3
71.5035 88.0937 27.9889 99.21 24.8152 126.651 42.9645 77.5895 40.4424 125.839 44.9089 154.525 33.1613 99.3007 82.2531 112.973 53.2281 124.652 15.462 130.345 65.6777 82.8946 15.0131 91.1922 24.0705 139.407 48.2743 88.0462 79.7049 125.597 46.5096 90.8745 13.0534 94.3949 43.1912 78.7949 
301.525 301.525 301.525 301.525 301.525 301.525 301.525 301.525 301.525 301.525 301.525 301.525 301.525 301.525 301.525 301.525 301.525 301.525 301.525 301.525 301.525 301.525 301.525 301.525 301.525 301.525 301.525 301.525 301.525 301.525 301.525 301.525 301.525 301.525 301.525 301.525 
1 1 1 1 1 1 1 1 1 1 1 1 1 1 1 1 1 1 1 1 1 1 1 1 1 1 1 1 1 1 1 1 1 1 1 1 
item 4
81.1449 129.394 16.8068 119.472 50.308 83.1711 44.2292 124.696 25.3424 99.6903 42.3382 86.5296 69.9149 99.1204 39.4966 89.9256 47.0133 128.489 60.4679 121.748 49.5789 77.2714 34.3908 103.837 50.6235 84.4884 19.0697 53.4887 56.2884 102.327 54.9059 88.7609 8.73693 91.6172 64.3286 92.5604 
318.38 318.38 318.38 318.38 318.38 318.38 318.38 318.38 318.38 318.38 318.38 318.38 318.38 318.38 318.38 318.38 318.38 318.38 318.38 318.38 318.38 318.38 318.38 318.38 318.38 318.38 318.38 318.38 318.38 318.38 318.38 318.38 318.38 318.38 318.38 318.38 
1 1 1 1 1 1 1 1 1 1 1 1 1 1 1 1 1 1 1 1 1 1 1 1 1 1 1 1 1 1 1 1 1 1 1 1 
item 5
51.8468 116.4 20.2089 110.967 78.5964 122.614 29.4485 85.4287 75.2937 129.04 39.726 102.77 59.3401 105.787 45.6206 106.362 43.0609 84.5852 54.6235 103.385 44.2385 109.809 64.113 119.115 70.394 64.8098 28.0111 82.8293 56.1447 93.8235 51.5225 96.7693 32.9186 105.092 79.6406 83.07 
171.46 171.46 171.46 171.46 171.46 171.46 171.46 171.46 171.46 171.46 171.46 171.46 171.46 171.46 171.46 171.46 171.46 171.46 171.46 171.46 171.46 171.46 171.46 171.46 171.46 171.46 171.46 171.46 171.46 171.46 171.46 171.46 171.46 171.46 171.46 171.46 
1 1 1 1 1 1 1 1 1 1 1 1 1 1 1 1 1 1 1 1 1 1 1 1 1 1 1 1 1 1 1 1 1 1 1 1 
item 6
59.6661 93.3811 66.3378 80.6815 68.9631 102.369 76.1858 76.2655 92.5443 86.5145 64.9901 105.864 55.7578 107.351 71.2168 103.475 56.385 100.128 33.6941 115.283 54.2857 132.757 41.5183 108.082 51.8683 122.882 35.1474 91.9558 14.9515 50.0351 31.9859 86.34 29.8339 87.1773 16.726 106.384 
920.271 920.271 920.271 920.271 920.271 920.271 920.271 920.271 920.271 920.271 920.271 920.271 920.271 920.271 920.271 920.271 920.271 920.271 920.271 920.271 920.271 920.271 920.271 920.271 920.271 920.271 920.271 920.271 920.271 920.271 920.271 920.271 920.271 920.271 920.271 920.271 
1 1 1 1 1 1 1 1 1 1 1 1 1 1 1 1 1 1 1 1 1 1 1 1 1 1 1 1 1 1 1 1 1 1 1 1 
item 7
5.46693 111.427 33.4504 52.4537 56.1534 136.681 59.4505 74.8736 62.4962 64.5353 77.7234 136.313 31.7573 109.196 41.096 101.023 77.8191 80.3854 52.2771 104.017 45.3465 99.744 54.1975 80.512 72.34 102.756 57.1081 115.399 65.7741 123.348 86.5082 94.3033 58.8463 86.0724 80.595 122.223 
737.284 737.284 737.284 737.284 737.284 737.284 737.284 737.284 737.284 737.284 737.284 737.284 737.284 737.284 737.284 737.284 737.284 737.284 737.284 737.284 737.284 737.284 737.284 737.284 737.284 737.284 737.284 737.284 737.284 737.284 737.284 737.284 737.284 737.284 737.284 737.284 
1 1 1 1 1 1 1 1 1 1 1 1 1 1 1 1 1 1 1 1 1 1 1 1 1 1 1 1 1 1 1 1 1 1 1 1 
item 8
32.2896 118.001 68.5197 114.224 93.8038 85.3892 31.332 89.1161 55.0121 105.583 47.8121 86.3046 61.1416 69.5427 30.9666 97.9323 27.8755 129.427 60.5337 57.6425 10.7843 87.8134 74.3312 87.6727 45.1573 128.205 94.9996 109.068 37.4749 94.2828 46.6698 86.1715 33.4666 105.985 34.8907 85.3974 
1046.23 1046.23 1046.23 1046.23 1046.23 1046.23 1046.23 1046.23 1046.23 1046.23 1046.23 1046.23 1046.23 1046.23 1046.23 1046.23 1046.23 1046.23 1046.23 1046.23 1046.23 1046.23 1046.23 1046.23 1046.23 1046.23 1046.23 1046.23 1046.23 1046.23 1046.23 1046.23 1046.23 1046.23 1046.23 1046.23 
1 1 1 1 1 1 1 1 1 1 1 1 1 1 1 1 1 1 1 1 1 1 1 1 1 1 1 1 1 1 1 1 1 1 1 1 
item 9
33.7566 112.762 50.4149 105.523 39.9304 104.961 57.6454 83.9954 69.1097 115.752 16.6857 85.4462 44.3783 123.118 84.1344 114.824 33.7638 60.3235 60.9531 77.3867 29.2886 130.779 41.7129 114.47 19.6045 130.733 76.6952 103.169 26.1806 71.1834 26.3821 111.98 72.0238 91.1477 33.1071 95.2604 
1042.63 1042.63 1042.63 1042.63 1042.63 1042.63 1042.63 1042.63 1042.63 1042.63 1042.63 1042.63 1042.63 1042.63 1042.63 1042.63 1042.63 1042.63 1042.63 1042.63 1042.63 1042.63 1042.63 1042.63 1042.63 1042.63 1042.63 1042.63 1042.63 1042.63 1042.63 1042.63 1042.63 1042.63 1042.63 1042.63 
1 1 1 1 1 1 1 1 1 1 1 1 1 1 1 1 1 1 1 1 1 1 1 1 1 1 1 1 1 1 1 1 1 1 1 1 
