24 40 
28649.5 28649.5 28649.5 28649.5 28649.5 28649.5 28649.5 28649.5 28649.5 28649.5 28649.5 28649.5 28649.5 28649.5 28649.5 28649.5 28649.5 28649.5 28649.5 28649.5 28649.5 28649.5 28649.5 28649.5 
item 0
64.4396 101.885 0 128.218 51.0891 104.377 89.7053 111.606 35.7982 82.5292 0 0 0 0 0 0 0 123.479 0 0 0 110.85 61.0888 92.1309 
771.066 771.066 771.066 771.066 771.066 771.066 771.066 771.066 771.066 771.066 771.066 771.066 771.066 771.066 771.066 771.066 771.066 771.066 771.066 771.066 771.066 771.066 771.066 771.066 
1 1 1 1 1 1 1 1 1 1 1 1 1 1 1 1 1 1 1 1 1 1 1 1 
item 1
61.111 0 55.6255 0 0 102.07 43.7369 78.2604 95.9195 119.169 35.7322 0 0 0 42.0913 121.897 0 0 20.3608 81.2707 0 74.2751 0 0 
515.597 515.597 515.597 515.597 515.597 515.597 515.597 515.597 515.597 515.597 515.597 515.597 515.597 515.597 515.597 515.597 515.597 515.597 515.597 515.597 515.597 515.597 515.597 515.597 
1 1 1 1 1 1 1 1 1 1 1 1 1 1 1 1 1 1 1 1 1 1 1 1 
item 2
34.3263 0 0 119.775 43.7976 89.5861 0 74.2961 54.0849 136.552 0 0 50.8577 81.5468 0 97.9878 0 110.708 13.556 107.124 49.9327 0 47.5697 0 
138.863 138.863 138.863 138.863 138.863 138.863 138.863 138.863 138.863 138.863 138.863 138.863 138.863 138.863 138.863 138.863 138.863 138.863 138.863 138.863 138.863 138.863 138.863 138.863 
1 1 1 1 1 1 1 1 1 1 1 1 1 1 1 1 1 1 1 1 1 1 1 1 
item 3
47.4843 87.355 17.9242 0 89.7172 73.143 25.1032 85.2715 0 0 56.5649 138.358 0 0 0 121.648 0 0 39.667 0 0 0 30.1772 44.5732 
82.618 82.618 82.618 82.618 82.618 82.618 82.618 82.618 82.618 82.618 82.618 82.618 82.618 82.618 82.618 82.618 82.618 82.618 82.618 82.618 82.618 82.618 82.618 82.618 
1 1 1 1 1 1 1 1 1 1 1 1 1 1 1 1 1 1 1 1 1 1 1 1 
item 4
58.875 0 0 112.597 0 0 41.5881 108.794 14.7405 125.817 0 0 79.4799 0 0 76.3555 26.1428 89.3716 27.3859 91.7252 47.0214 91.9655 0 94.7647 
369.236 369.236 369.236 369.236 369.236 369.236 369.236 369.236 369.236 369.236 369.236 369.236 369.236 369.236 369.236 369.236 369.236 369.236 369.236 369.236 369.236 369.236 369.236 369.236 
1 1 1 1 1 1 1 1 1 1 1 1 1 1 1 1 1 1 1 1 1 1 1 1 
item 5
58.4887 88.4846 0 0 0 0 0 95.0538 31.5728 0 0 0 0 0 61.2161 65.4768 0 97.4384 0 0 0 0 96.9761 0 
247.279 247.279 247.279 247.279 247.279 247.279 247.279 247.279 247.279 247.279 247.279 247.279 247.279 247.279 247.279 247.279 247.279 247.279 247.279 247.279 247.279 247.279 247.279 247.279 
1 1 1 1 1 1 1 1 1 1 1 1 1 1 1 1 1 1 1 1 1 1 1 1 
item 6
41.7332 99.8236 0 0 21.9036 0 45.6104 101.492 0 0 0 88.255 50.2415 0 0 0 0 0 36.2905 106.889 0 91.5735 0 0 
231.897 231.897 231.897 231.897 231.897 231.897 231.897 231.897 231.897 231.897 231.897 231.897 231.897 231.897 231.897 231.897 231.897 231.897 231.897 231.897 231.897 231.897 231.897 231.897 
1 1 1 1 1 1 1 1 1 1 1 1 1 1 1 1 1 1 1 1 1 1 1 1 
item 7
97.4407 105.129 54.6007 94.0245 26.428 0 0 108.413 45.4362 78.2642 0 117.591 44.9062 0 98.7707 95.6456 55.0043 0 0 0 0 129.946 38.1479 0 
154.831 154.831 154.831 154.831 154.831 154.831 154.831 154.831 154.831 154.831 154.831 154.831 154.831 154.831 154.831 154.831 154.831 154.831 154.831 154.831 154.831 154.831 154.831 154.831 
1 1 1 1 1 1 1 1 1 1 1 1 1 1 1 1 1 1 1 1 1 1 1 1 
item 8
36.2685 94.0154 54.7046 0 45.2024 0 51.1266 132.055 57.4206 0 37.0802 92.4117 0 86.8019 0 0 0 0 42.2103 115.342 0 68.4214 0 0 
513.076 513.076 513.076 513.076 513.076 513.076 513.076 513.076 513.076 513.076 513.076 513.076 513.076 513.076 513.076 513.076 513.076 513.076 513.076 513.076 513.076 513.076 513.076 513.076 
1 1 1 1 1 1 1 1 1 1 1 1 1 1 1 1 1 1 1 1 1 1 1 1 
item 9
54.4762 119.646 52.841 0 46.9641 85.6075 71.196 99.8139 51.9565 0 0 0 10.0714 78.6215 0 0 64.9887 77.5844 65.4584 85.7579 46.612 117.947 46.1199 114.905 
153.103 153.103 153.103 153.103 153.103 153.103 153.103 153.103 153.103 153.103 153.103 153.103 153.103 153.103 153.103 153.103 153.103 153.103 153.103 153.103 153.103 153.103 153.103 153.103 
1 1 1 1 1 1 1 1 1 1 1 1 1 1 1 1 1 1 1 1 1 1 1 1 
item 10
70.154 0 44.4037 125.545 38.3962 140.073 0 126.808 0 0 63.1014 92.2312 64.4647 97.3189 62.6773 108.587 57.2995 88.4991 0 0 0 0 0 53.1685 
672.338 672.338 672.338 672.338 672.338 672.338 672.338 672.338 672.338 672.338 672.338 672.338 672.338 672.338 672.338 672.338 672.338 672.338 672.338 672.338 672.338 672.338 672.338 672.338 
1 1 1 1 1 1 1 1 1 1 1 1 1 1 1 1 1 1 1 1 1 1 1 1 
item 11
47.8758 110.568 0 95.2813 0 0 45.074 86.4223 0 0 55.6358 0 0 115.469 65.1461 0 0 0 0 0 0 98.8374 0 0 
70.1099 70.1099 70.1099 70.1099 70.1099 70.1099 70.1099 70.1099 70.1099 70.1099 70.1099 70.1099 70.1099 70.1099 70.1099 70.1099 70.1099 70.1099 70.1099 70.1099 70.1099 70.1099 70.1099 70.1099 
1 1 1 1 1 1 1 1 1 1 1 1 1 1 1 1 1 1 1 1 1 1 1 1 
item 12
64.165 113.353 0 100.977 25.427 0 0 102.831 43.2989 0 0 0 0 0 78.5564 87.6764 48.8087 106.239 59.2198 101.951 0 131.594 30.592 0 
431.54 431.54 431.54 431.54 431.54 431.54 431.54 431.54 431.54 431.54 431.54 431.54 431.54 431.54 431.54 431.54 431.54 431.54 431.54 431.54 431.54 431.54 431.54 431.54 
1 1 1 1 1 1 1 1 1 1 1 1 1 1 1 1 1 1 1 1 1 1 1 1 
item 13
70.2046 47.8833 0 0 0 0 73.0749 0 50.5045 108.724 0 83.9521 0 106.565 30.8563 0 0 0 0 0 0 0 42.5033 88.67 
379.103 379.103 379.103 379.103 379.103 379.103 379.103 379.103 379.103 379.103 379.103 379.103 379.103 379.103 379.103 379.103 379.103 379.103 379.103 379.103 379.103 379.103 379.103 379.103 
1 1 1 1 1 1 1 1 1 1 1 1 1 1 1 1 1 1 1 1 1 1 1 1 
item 14
48.7369 101.009 81.371 0 0 0 0 97.0055 0 117.841 40.6373 110.333 0 97.8545 0 114.17 0 130.537 26.4128 112.181 51.74 92.3212 48.5985 137.792 
780.29 780.29 780.29 780.29 780.29 780.29 780.29 780.29 780.29 780.29 780.29 780.29 780.29 780.29 780.29 780.29 780.29 780.29 780.29 780.29 780.29 780.29 780.29 780.29 
1 1 1 1 1 1 1 1 1 1 1 1 1 1 1 1 1 1 1 1 1 1 1 1 
item 15
72.6977 0 0 95.0822 61.8704 77.1041 0 0 0 129.012 0 86.1324 0 102.309 0 117.016 38.6533 84.4341 0 0 0 0 54.4377 0 
81.3884 81.3884 81.3884 81.3884 81.3884 81.3884 81.3884 81.3884 81.3884 81.3884 81.3884 81.3884 81.3884 81.3884 81.3884 81.3884 81.3884 81.3884 81.3884 81.3884 81.3884 81.3884 81.3884 81.3884 
1 1 1 1 1 1 1 1 1 1 1 1 1 1 1 1 1 1 1 1 1 1 1 1 
item 16
69.5384 123.151 0 71.8413 66.9016 104.59 0 0 0 0 48.047 0 35.1534 0 29.085 0 0 0 0 98.373 64.5376 121.412 0 81.2647 
297.906 297.906 297.906 297.906 297.906 297.906 297.906 297.906 297.906 297.906 297.906 297.906 297.906 297.906 297.906 297.906 297.906 297.906 297.906 297.906 297.906 297.906 297.906 297.906 
1 1 1 1 1 1 1 1 1 1 1 1 1 1 1 1 1 1 1 1 1 1 1 1 
item 17
26.7098 103.943 56.7644 0 0 0 12.3256 0 0 0 58.9386 0 45.6477 0 0 79.7132 0 98.727 0 0 0 110.108 0 0 
393.264 393.264 393.264 393.264 393.264 393.264 393.264 393.264 393.264 393.264 393.264 393.264 393.264 393.264 393.264 393.264 393.264 393.264 393.264 393.264 393.264 393.264 393.264 393.264 
1 1 1 1 1 1 1 1 1 1 1 1 1 1 1 1 1 1 1 1 1 1 1 1 
item 18
22.8947 81.6366 72.2613 105.092 26.8888 107.371 12.6041 0 0 0 53.7767 0 0 80.6531 59.0967 0 0 0 57.941 103.909 49.1806 80.3255 0 98.0666 
372.783 372.783 372.783 372.783 372.783 372.783 372.783 372.783 372.783 372.783 372.783 372.783 372.783 372.783 372.783 372.783 372.783 372.783 372.783 372.783 372.783 372.783 372.783 372.783 
1 1 1 1 1 1 1 1 1 1 1 1 1 1 1 1 1 1 1 1 1 1 1 1 
item 19
46.1687 82.673 0 85.9635 0 103.385 52.1808 0 65.3297 0 0 0 82.8928 127.456 0 0 0 94.664 58.6574 77.4953 0 0 0 0 
356.545 356.545 356.545 356.545 356.545 356.545 356.545 356.545 356.545 356.545 356.545 356.545 356.545 356.545 356.545 356.545 356.545 356.545 356.545 356.545 356.545 356.545 356.545 356.545 
1 1 1 1 1 1 1 1 1 1 1 1 1 1 1 1 1 1 1 1 1 1 1 1 
item 20
43.5998 87.6839 28.6784 72.065 46.4533 0 0 82.9763 84.1174 0 0 0 0 0 63.9186 87.8139 0 0 0 110.671 20.1445 77.6683 0 0 
367.603 367.603 367.603 367.603 367.603 367.603 367.603 367.603 367.603 367.603 367.603 367.603 367.603 367.603 367.603 367.603 367.603 367.603 367.603 367.603 367.603 367.603 367.603 367.603 
1 1 1 1 1 1 1 1 1 1 1 1 1 1 1 1 1 1 1 1 1 1 1 1 
item 21
59.8698 0 77.0617 106.13 47.5455 107.037 0 66.9491 0 119.548 0 0 0 101.451 40.9392 118.509 0 0 25.4875 107.869 0 0 0 71.6765 
770.785 770.785 770.785 770.785 770.785 770.785 770.785 770.785 770.785 770.785 770.785 770.785 770.785 770.785 770.785 770.785 770.785 770.785 770.785 770.785 770.785 770.785 770.785 770.785 
1 1 1 1 1 1 1 1 1 1 1 1 1 1 1 1 1 1 1 1 1 1 1 1 
item 22
47.3581 129.55 0 0 0 115.294 58.6401 114.299 0 69.3803 0 88.9124 59.8907 110.212 0 0 22.0997 0 70.4004 99.6848 28.8714 80.7502 21.1054 0 
204.73 204.73 204.73 204.73 204.73 204.73 204.73 204.73 204.73 204.73 204.73 204.73 204.73 204.73 204.73 204.73 204.73 204.73 204.73 204.73 204.73 204.73 204.73 204.73 
1 1 1 1 1 1 1 1 1 1 1 1 1 1 1 1 1 1 1 1 1 1 1 1 
item 23
20.9124 0 47.6905 0 63.2861 0 76.6076 0 0 126.178 0 0 0 82.2694 0 87.4879 0 0 15.0393 0 60.8146 0 0 85.657 
68.6644 68.6644 68.6644 68.6644 68.6644 68.6644 68.6644 68.6644 68.6644 68.6644 68.6644 68.6644 68.6644 68.6644 68.6644 68.6644 68.6644 68.6644 68.6644 68.6644 68.6644 68.6644 68.6644 68.6644 
1 1 1 1 1 1 1 1 1 1 1 1 1 1 1 1 1 1 1 1 1 1 1 1 
item 24
54.1151 130.64 49.6557 112.138 0 0 0 115.534 0 117.854 0 0 42.3719 88.1485 49.8015 89.8418 0 0 0 0 37.8543 0 41.0274 0 
483.546 483.546 483.546 483.546 483.546 483.546 483.546 483.546 483.546 483.546 483.546 483.546 483.546 483.546 483.546 483.546 483.546 483.546 483.546 483.546 483.546 483.546 483.546 483.546 
1 1 1 1 1 1 1 1 1 1 1 1 1 1 1 1 1 1 1 1 1 1 1 1 
item 25
33.6766 101.883 0 0 69.2003 0 25.452 95.9715 0 124.084 0 0 52.7987 0 84.6516 74.0314 0 0 0 85.241 15.6915 0 31.7321 78.1876 
407.017 407.017 407.017 407.017 407.017 407.017 407.017 407.017 407.017 407.017 407.017 407.017 407.017 407.017 407.017 407.017 407.017 407.017 407.017 407.017 407.017 407.017 407.017 407.017 
1 1 1 1 1 1 1 1 1 1 1 1 1 1 1 1 1 1 1 1 1 1 1 1 
item 26
28.6346 92.2248 42.6617 105.033 0 0 63.6105 98.8695 0 132.559 0 0 0 0 80.7001 0 0 0 46.5134 0 63.8335 74.0481 53.3985 0 
181.748 181.748 181.748 181.748 181.748 181.748 181.748 181.748 181.748 181.748 181.748 181.748 181.748 181.748 181.748 181.748 181.748 181.748 181.748 181.748 181.748 181.748 181.748 181.748 
1 1 1 1 1 1 1 1 1 1 1 1 1 1 1 1 1 1 1 1 1 1 1 1 
item 27
30.5745 0 69.7623 116.845 46.3042 84.0934 60.682 75.1506 0 0 0 118.077 0 0 27.6428 104.388 0 105.465 67.8623 0 0 0 0 126.671 
248.199 248.199 248.199 248.199 248.199 248.199 248.199 248.199 248.199 248.199 248.199 248.199 248.199 248.199 248.199 248.199 248.199 248.199 248.199 248.199 248.199 248.199 248.199 248.199 
1 1 1 1 1 1 1 1 1 1 1 1 1 1 1 1 1 1 1 1 1 1 1 1 
item 28
24.3085 0 60.9746 0 0 74.5718 0 86.8843 91.5602 0 0 76.5408 0 99.241 0 114.253 0 0 0 0 0 96.4585 45.4698 0 
516.661 516.661 516.661 516.661 516.661 516.661 516.661 516.661 516.661 516.661 516.661 516.661 516.661 516.661 516.661 516.661 516.661 516.661 516.661 516.661 516.661 516.661 516.661 516.661 
1 1 1 1 1 1 1 1 1 1 1 1 1 1 1 1 1 1 1 1 1 1 1 1 
item 29
54.0276 0 0 0 32.343 97.5141 91.1229 0 40.5345 0 0 84.8041 0 96.5568 0 0 47.4926 0 0 0 0 0 0 0 
230.096 230.096 230.096 230.096 230.096 230.096 230.096 230.096 230.096 230.096 230.096 230.096 230.096 230.096 230.096 230.096 230.096 230.096 230.096 230.096 230.096 230.096 230.096 230.096 
1 1 1 1 1 1 1 1 1 1 1 1 1 1 1 1 1 1 1 1 1 1 1 1 
item 30
35.9024 0 41.7547 0 58.1309 0 0 106.199 0 0 65.31 0 0 122.111 0 93.3036 72.0037 0 0 108.054 0 100.675 54.3644 0 
75.1589 75.1589 75.1589 75.1589 75.1589 75.1589 75.1589 75.1589 75.1589 75.1589 75.1589 75.1589 75.1589 75.1589 75.1589 75.1589 75.1589 75.1589 75.1589 75.1589 75.1589 75.1589 75.1589 75.1589 
1 1 1 1 1 1 1 1 1 1 1 1 1 1 1 1 1 1 1 1 1 1 1 1 
item 31
39.4072 0 0 78.9375 40.2015 0 0 0 53.7886 0 0 0 0 0 97.5687 93.3547 0 105.963 62.9198 0 0 0 22.9061 0 
157.366 157.366 157.366 157.366 157.366 157.366 157.366 157.366 157.366 157.366 157.366 157.366 157.366 157.366 157.366 157.366 157.366 157.366 157.366 157.366 157.366 157.366 157.366 157.366 
1 1 1 1 1 1 1 1 1 1 1 1 1 1 1 1 1 1 1 1 1 1 1 1 
item 32
21.3533 60.4865 0 0 46.7172 105.062 53.8913 0 0 0 77.2733 67.1242 0 0 85.0664 112.401 0 0 0 85.9361 4.72595 123.799 70.2921 0 
612.664 612.664 612.664 612.664 612.664 612.664 612.664 612.664 612.664 612.664 612.664 612.664 612.664 612.664 612.664 612.664 612.664 612.664 612.664 612.664 612.664 612.664 612.664 612.664 
1 1 1 1 1 1 1 1 1 1 1 1 1 1 1 1 1 1 1 1 1 1 1 1 
item 33
44.557 0 57.0608 66.6759 52.6969 82.2975 39.3737 107.372 49.4223 64.0592 0 67.8824 47.6701 0 0 0 34.9223 0 0 101.162 0 105.37 56.291 103.959 
716.481 716.481 716.481 716.481 716.481 716.481 716.481 716.481 716.481 716.481 716.481 716.481 716.481 716.481 716.481 716.481 716.481 716.481 716.481 716.481 716.481 716.481 716.481 716.481 
1 1 1 1 1 1 1 1 1 1 1 1 1 1 1 1 1 1 1 1 1 1 1 1 
item 34
56.8732 146.575 0 0 76.9785 106.534 0 116.275 25.5689 93.5606 0 0 0 0 0 112.119 63.0336 0 28.4168 0 0 115.293 27.4002 0 
718.907 718.907 718.907 718.907 718.907 718.907 718.907 718.907 718.907 718.907 718.907 718.907 718.907 718.907 718.907 718.907 718.907 718.907 718.907 718.907 718.907 718.907 718.907 718.907 
1 1 1 1 1 1 1 1 1 1 1 1 1 1 1 1 1 1 1 1 1 1 1 1 
item 35
66.0683 101.409 0 103.346 24.5865 0 0 0 23.9898 58.0212 0 83.4289 64.0133 89.3144 0 0 0 92.8205 55.1204 0 48.6506 0 0 102.319 
601.197 601.197 601.197 601.197 601.197 601.197 601.197 601.197 601.197 601.197 601.197 601.197 601.197 601.197 601.197 601.197 601.197 601.197 601.197 601.197 601.197 601.197 601.197 601.197 
1 1 1 1 1 1 1 1 1 1 1 1 1 1 1 1 1 1 1 1 1 1 1 1 
item 36
50.9609 84.8243 0 0 11.2228 0 0 0 41.6116 116.365 0 0 0 110.874 98.2173 0 0 102.279 35.1346 0 0 0 0 123.153 
447.162 447.162 447.162 447.162 447.162 447.162 447.162 447.162 447.162 447.162 447.162 447.162 447.162 447.162 447.162 447.162 447.162 447.162 447.162 447.162 447.162 447.162 447.162 447.162 
1 1 1 1 1 1 1 1 1 1 1 1 1 1 1 1 1 1 1 1 1 1 1 1 
item 37
47.754 110.4 0 106.873 47.1222 0 22.1784 0 47.5441 123.941 55.6248 94.7816 0 0 0 66.9958 0 0 0 0 0 33.5385 0 81.4607 
158.396 158.396 158.396 158.396 158.396 158.396 158.396 158.396 158.396 158.396 158.396 158.396 158.396 158.396 158.396 158.396 158.396 158.396 158.396 158.396 158.396 158.396 158.396 158.396 
1 1 1 1 1 1 1 1 1 1 1 1 1 1 1 1 1 1 1 1 1 1 1 1 
item 38
56.9946 0 0 0 42.9798 103.291 65.7769 0 0 110.203 0 81.0107 70.0474 101.738 0 128.207 35.2581 104.889 0 96.9149 48.1343 64.1854 26.1882 100.125 
301.557 301.557 301.557 301.557 301.557 301.557 301.557 301.557 301.557 301.557 301.557 301.557 301.557 301.557 301.557 301.557 301.557 301.557 301.557 301.557 301.557 301.557 301.557 301.557 
1 1 1 1 1 1 1 1 1 1 1 1 1 1 1 1 1 1 1 1 1 1 1 1 
item 39
4.12549 0 76.7351 118.118 0 0 45.9345 0 45.6662 0 0 0 0 0 39.447 128.836 0 0 0 62.6688 74.7645 0 0 0 
85.768 85.768 85.768 85.768 85.768 85.768 85.768 85.768 85.768 85.768 85.768 85.768 85.768 85.768 85.768 85.768 85.768 85.768 85.768 85.768 85.768 85.768 85.768 85.768 
1 1 1 1 1 1 1 1 1 1 1 1 1 1 1 1 1 1 1 1 1 1 1 1 
