6 40 
-6.27744e+66 57.9904 160.222 195.72 195.72 195.72 704.359 
-6.27744e+66 -6.27744e+66 57.9904 75.7395 75.7395 75.7395 482.651 
-6.27744e+66 -6.27744e+66 -6.27744e+66 57.9904 57.9904 57.9904 363.174 
-6.27744e+66 -6.27744e+66 -6.27744e+66 -6.27744e+66 57.9904 57.9904 261.446 
-6.27744e+66 -6.27744e+66 -6.27744e+66 -6.27744e+66 -6.27744e+66 57.9904 159.718 
-6.27744e+66 -6.27744e+66 -6.27744e+66 -6.27744e+66 -6.27744e+66 -6.27744e+66 57.9904 
-6.27744e+66 -6.27744e+66 -6.27744e+66 -6.27744e+66 -6.27744e+66 -6.27744e+66 -6.27744e+66 
-6.27744e+66 64.2396 142.901 278.016 278.016 278.016 707.185 
-6.27744e+66 -6.27744e+66 64.2396 131.797 131.797 131.797 475.133 
-6.27744e+66 -6.27744e+66 -6.27744e+66 64.2396 64.2396 64.2396 321.741 
-6.27744e+66 -6.27744e+66 -6.27744e+66 -6.27744e+66 64.2396 64.2396 235.907 
-6.27744e+66 -6.27744e+66 -6.27744e+66 -6.27744e+66 -6.27744e+66 64.2396 150.074 
-6.27744e+66 -6.27744e+66 -6.27744e+66 -6.27744e+66 -6.27744e+66 -6.27744e+66 64.2396 
-6.27744e+66 -6.27744e+66 -6.27744e+66 -6.27744e+66 -6.27744e+66 -6.27744e+66 -6.27744e+66 
-6.27744e+66 48.8697 160.239 160.239 160.239 160.239 708.338 
-6.27744e+66 -6.27744e+66 48.8697 48.8697 48.8697 48.8697 487.349 
-6.27744e+66 -6.27744e+66 -6.27744e+66 48.8697 48.8697 48.8697 377.729 
-6.27744e+66 -6.27744e+66 -6.27744e+66 -6.27744e+66 48.8697 48.8697 268.109 
-6.27744e+66 -6.27744e+66 -6.27744e+66 -6.27744e+66 -6.27744e+66 48.8697 158.49 
-6.27744e+66 -6.27744e+66 -6.27744e+66 -6.27744e+66 -6.27744e+66 -6.27744e+66 48.8697 
-6.27744e+66 -6.27744e+66 -6.27744e+66 -6.27744e+66 -6.27744e+66 -6.27744e+66 -6.27744e+66 
-6.27744e+66 57.1987 57.1987 57.1987 57.1987 57.1987 652.595 
-6.27744e+66 -6.27744e+66 57.1987 57.1987 57.1987 57.1987 533.515 
-6.27744e+66 -6.27744e+66 -6.27744e+66 57.1987 57.1987 57.1987 414.436 
-6.27744e+66 -6.27744e+66 -6.27744e+66 -6.27744e+66 57.1987 57.1987 295.357 
-6.27744e+66 -6.27744e+66 -6.27744e+66 -6.27744e+66 -6.27744e+66 57.1987 176.278 
-6.27744e+66 -6.27744e+66 -6.27744e+66 -6.27744e+66 -6.27744e+66 -6.27744e+66 57.1987 
-6.27744e+66 -6.27744e+66 -6.27744e+66 -6.27744e+66 -6.27744e+66 -6.27744e+66 -6.27744e+66 
-6.27744e+66 67.9282 163.212 178.996 178.996 515.678 515.678 
-6.27744e+66 -6.27744e+66 67.9282 75.8202 75.8202 328.331 328.331 
-6.27744e+66 -6.27744e+66 -6.27744e+66 67.9282 67.9282 236.269 236.269 
-6.27744e+66 -6.27744e+66 -6.27744e+66 -6.27744e+66 67.9282 152.099 152.099 
-6.27744e+66 -6.27744e+66 -6.27744e+66 -6.27744e+66 -6.27744e+66 67.9282 67.9282 
-6.27744e+66 -6.27744e+66 -6.27744e+66 -6.27744e+66 -6.27744e+66 -6.27744e+66 67.9282 
-6.27744e+66 -6.27744e+66 -6.27744e+66 -6.27744e+66 -6.27744e+66 -6.27744e+66 -6.27744e+66 
-6.27744e+66 85.445 155.247 155.247 425.064 425.064 425.064 
-6.27744e+66 -6.27744e+66 85.445 85.445 265.323 265.323 265.323 
-6.27744e+66 -6.27744e+66 -6.27744e+66 85.445 175.384 175.384 175.384 
-6.27744e+66 -6.27744e+66 -6.27744e+66 -6.27744e+66 85.445 85.445 85.445 
-6.27744e+66 -6.27744e+66 -6.27744e+66 -6.27744e+66 -6.27744e+66 85.445 85.445 
-6.27744e+66 -6.27744e+66 -6.27744e+66 -6.27744e+66 -6.27744e+66 -6.27744e+66 85.445 
-6.27744e+66 -6.27744e+66 -6.27744e+66 -6.27744e+66 -6.27744e+66 -6.27744e+66 -6.27744e+66 
-6.27744e+66 36.0171 172.401 172.401 172.401 172.401 172.401 
-6.27744e+66 -6.27744e+66 36.0171 36.0171 36.0171 36.0171 36.0171 
-6.27744e+66 -6.27744e+66 -6.27744e+66 36.0171 36.0171 36.0171 36.0171 
-6.27744e+66 -6.27744e+66 -6.27744e+66 -6.27744e+66 36.0171 36.0171 36.0171 
-6.27744e+66 -6.27744e+66 -6.27744e+66 -6.27744e+66 -6.27744e+66 36.0171 36.0171 
-6.27744e+66 -6.27744e+66 -6.27744e+66 -6.27744e+66 -6.27744e+66 -6.27744e+66 36.0171 
-6.27744e+66 -6.27744e+66 -6.27744e+66 -6.27744e+66 -6.27744e+66 -6.27744e+66 -6.27744e+66 
-6.27744e+66 76.1386 215.798 215.798 215.798 215.798 215.798 
-6.27744e+66 -6.27744e+66 76.1386 76.1386 76.1386 76.1386 76.1386 
-6.27744e+66 -6.27744e+66 -6.27744e+66 76.1386 76.1386 76.1386 76.1386 
-6.27744e+66 -6.27744e+66 -6.27744e+66 -6.27744e+66 76.1386 76.1386 76.1386 
-6.27744e+66 -6.27744e+66 -6.27744e+66 -6.27744e+66 -6.27744e+66 76.1386 76.1386 
-6.27744e+66 -6.27744e+66 -6.27744e+66 -6.27744e+66 -6.27744e+66 -6.27744e+66 76.1386 
-6.27744e+66 -6.27744e+66 -6.27744e+66 -6.27744e+66 -6.27744e+66 -6.27744e+66 -6.27744e+66 
-6.27744e+66 37.0499 37.0499 110.251 492.129 492.129 858.599 
-6.27744e+66 -6.27744e+66 37.0499 73.6502 328.236 328.236 621.412 
-6.27744e+66 -6.27744e+66 -6.27744e+66 37.0499 164.343 164.343 384.225 
-6.27744e+66 -6.27744e+66 -6.27744e+66 -6.27744e+66 37.0499 37.0499 183.638 
-6.27744e+66 -6.27744e+66 -6.27744e+66 -6.27744e+66 -6.27744e+66 37.0499 110.344 
-6.27744e+66 -6.27744e+66 -6.27744e+66 -6.27744e+66 -6.27744e+66 -6.27744e+66 37.0499 
-6.27744e+66 -6.27744e+66 -6.27744e+66 -6.27744e+66 -6.27744e+66 -6.27744e+66 -6.27744e+66 
-6.27744e+66 60.9251 142.954 200.868 200.868 200.868 200.868 
-6.27744e+66 -6.27744e+66 60.9251 89.8819 89.8819 89.8819 89.8819 
-6.27744e+66 -6.27744e+66 -6.27744e+66 60.9251 60.9251 60.9251 60.9251 
-6.27744e+66 -6.27744e+66 -6.27744e+66 -6.27744e+66 60.9251 60.9251 60.9251 
-6.27744e+66 -6.27744e+66 -6.27744e+66 -6.27744e+66 -6.27744e+66 60.9251 60.9251 
-6.27744e+66 -6.27744e+66 -6.27744e+66 -6.27744e+66 -6.27744e+66 -6.27744e+66 60.9251 
-6.27744e+66 -6.27744e+66 -6.27744e+66 -6.27744e+66 -6.27744e+66 -6.27744e+66 -6.27744e+66 
-6.27744e+66 53.0712 53.0712 53.0712 53.0712 262.519 799.711 
-6.27744e+66 -6.27744e+66 53.0712 53.0712 53.0712 210.157 639.91 
-6.27744e+66 -6.27744e+66 -6.27744e+66 53.0712 53.0712 157.795 480.11 
-6.27744e+66 -6.27744e+66 -6.27744e+66 -6.27744e+66 53.0712 105.433 320.31 
-6.27744e+66 -6.27744e+66 -6.27744e+66 -6.27744e+66 -6.27744e+66 53.0712 160.509 
-6.27744e+66 -6.27744e+66 -6.27744e+66 -6.27744e+66 -6.27744e+66 -6.27744e+66 53.0712 
-6.27744e+66 -6.27744e+66 -6.27744e+66 -6.27744e+66 -6.27744e+66 -6.27744e+66 -6.27744e+66 
-6.27744e+66 24.4138 108.779 108.779 470.58 470.58 470.58 
-6.27744e+66 -6.27744e+66 24.4138 24.4138 265.615 265.615 265.615 
-6.27744e+66 -6.27744e+66 -6.27744e+66 24.4138 145.014 145.014 145.014 
-6.27744e+66 -6.27744e+66 -6.27744e+66 -6.27744e+66 24.4138 24.4138 24.4138 
-6.27744e+66 -6.27744e+66 -6.27744e+66 -6.27744e+66 -6.27744e+66 24.4138 24.4138 
-6.27744e+66 -6.27744e+66 -6.27744e+66 -6.27744e+66 -6.27744e+66 -6.27744e+66 24.4138 
-6.27744e+66 -6.27744e+66 -6.27744e+66 -6.27744e+66 -6.27744e+66 -6.27744e+66 -6.27744e+66 
-6.27744e+66 69.2078 156.225 156.225 156.225 156.225 156.225 
-6.27744e+66 -6.27744e+66 69.2078 69.2078 69.2078 69.2078 69.2078 
-6.27744e+66 -6.27744e+66 -6.27744e+66 69.2078 69.2078 69.2078 69.2078 
-6.27744e+66 -6.27744e+66 -6.27744e+66 -6.27744e+66 69.2078 69.2078 69.2078 
-6.27744e+66 -6.27744e+66 -6.27744e+66 -6.27744e+66 -6.27744e+66 69.2078 69.2078 
-6.27744e+66 -6.27744e+66 -6.27744e+66 -6.27744e+66 -6.27744e+66 -6.27744e+66 69.2078 
-6.27744e+66 -6.27744e+66 -6.27744e+66 -6.27744e+66 -6.27744e+66 -6.27744e+66 -6.27744e+66 
-6.27744e+66 49.7527 49.7527 180.254 180.254 180.254 554.086 
-6.27744e+66 -6.27744e+66 49.7527 115.004 115.004 115.004 414.069 
-6.27744e+66 -6.27744e+66 -6.27744e+66 49.7527 49.7527 49.7527 274.052 
-6.27744e+66 -6.27744e+66 -6.27744e+66 -6.27744e+66 49.7527 49.7527 199.285 
-6.27744e+66 -6.27744e+66 -6.27744e+66 -6.27744e+66 -6.27744e+66 49.7527 124.519 
-6.27744e+66 -6.27744e+66 -6.27744e+66 -6.27744e+66 -6.27744e+66 -6.27744e+66 49.7527 
-6.27744e+66 -6.27744e+66 -6.27744e+66 -6.27744e+66 -6.27744e+66 -6.27744e+66 -6.27744e+66 
-6.27744e+66 51.5046 51.5046 206.555 508.851 820.225 1122.21 
-6.27744e+66 -6.27744e+66 51.5046 129.03 330.56 564.091 805.676 
-6.27744e+66 -6.27744e+66 -6.27744e+66 51.5046 152.27 307.957 489.146 
-6.27744e+66 -6.27744e+66 -6.27744e+66 -6.27744e+66 51.5046 129.348 250.141 
-6.27744e+66 -6.27744e+66 -6.27744e+66 -6.27744e+66 -6.27744e+66 51.5046 111.901 
-6.27744e+66 -6.27744e+66 -6.27744e+66 -6.27744e+66 -6.27744e+66 -6.27744e+66 51.5046 
-6.27744e+66 -6.27744e+66 -6.27744e+66 -6.27744e+66 -6.27744e+66 -6.27744e+66 -6.27744e+66 
-6.27744e+66 73.7534 73.7534 73.7534 290.684 475.553 1254.93 
-6.27744e+66 -6.27744e+66 73.7534 73.7534 218.374 357.026 980.531 
-6.27744e+66 -6.27744e+66 -6.27744e+66 73.7534 146.064 238.498 706.127 
-6.27744e+66 -6.27744e+66 -6.27744e+66 -6.27744e+66 73.7534 119.971 431.723 
-6.27744e+66 -6.27744e+66 -6.27744e+66 -6.27744e+66 -6.27744e+66 73.7534 229.63 
-6.27744e+66 -6.27744e+66 -6.27744e+66 -6.27744e+66 -6.27744e+66 -6.27744e+66 73.7534 
-6.27744e+66 -6.27744e+66 -6.27744e+66 -6.27744e+66 -6.27744e+66 -6.27744e+66 -6.27744e+66 
-6.27744e+66 51 108.291 108.291 108.291 108.291 642.015 
-6.27744e+66 -6.27744e+66 51 51 51 51 477.979 
-6.27744e+66 -6.27744e+66 -6.27744e+66 51 51 51 371.234 
-6.27744e+66 -6.27744e+66 -6.27744e+66 -6.27744e+66 51 51 264.489 
-6.27744e+66 -6.27744e+66 -6.27744e+66 -6.27744e+66 -6.27744e+66 51 157.745 
-6.27744e+66 -6.27744e+66 -6.27744e+66 -6.27744e+66 -6.27744e+66 -6.27744e+66 51 
-6.27744e+66 -6.27744e+66 -6.27744e+66 -6.27744e+66 -6.27744e+66 -6.27744e+66 -6.27744e+66 
-6.27744e+66 45.5097 121.435 121.435 121.435 121.435 121.435 
-6.27744e+66 -6.27744e+66 45.5097 45.5097 45.5097 45.5097 45.5097 
-6.27744e+66 -6.27744e+66 -6.27744e+66 45.5097 45.5097 45.5097 45.5097 
-6.27744e+66 -6.27744e+66 -6.27744e+66 -6.27744e+66 45.5097 45.5097 45.5097 
-6.27744e+66 -6.27744e+66 -6.27744e+66 -6.27744e+66 -6.27744e+66 45.5097 45.5097 
-6.27744e+66 -6.27744e+66 -6.27744e+66 -6.27744e+66 -6.27744e+66 -6.27744e+66 45.5097 
-6.27744e+66 -6.27744e+66 -6.27744e+66 -6.27744e+66 -6.27744e+66 -6.27744e+66 -6.27744e+66 
-6.27744e+66 71.9754 141.457 228.512 228.512 546.464 989.2 
-6.27744e+66 -6.27744e+66 71.9754 115.503 115.503 353.967 708.156 
-6.27744e+66 -6.27744e+66 -6.27744e+66 71.9754 71.9754 230.951 496.593 
-6.27744e+66 -6.27744e+66 -6.27744e+66 -6.27744e+66 71.9754 151.463 328.558 
-6.27744e+66 -6.27744e+66 -6.27744e+66 -6.27744e+66 -6.27744e+66 71.9754 160.523 
-6.27744e+66 -6.27744e+66 -6.27744e+66 -6.27744e+66 -6.27744e+66 -6.27744e+66 71.9754 
-6.27744e+66 -6.27744e+66 -6.27744e+66 -6.27744e+66 -6.27744e+66 -6.27744e+66 -6.27744e+66 
-6.27744e+66 57.5956 123.226 209.983 446.983 446.983 446.983 
-6.27744e+66 -6.27744e+66 57.5956 100.974 258.974 258.974 258.974 
-6.27744e+66 -6.27744e+66 -6.27744e+66 57.5956 136.596 136.596 136.596 
-6.27744e+66 -6.27744e+66 -6.27744e+66 -6.27744e+66 57.5956 57.5956 57.5956 
-6.27744e+66 -6.27744e+66 -6.27744e+66 -6.27744e+66 -6.27744e+66 57.5956 57.5956 
-6.27744e+66 -6.27744e+66 -6.27744e+66 -6.27744e+66 -6.27744e+66 -6.27744e+66 57.5956 
-6.27744e+66 -6.27744e+66 -6.27744e+66 -6.27744e+66 -6.27744e+66 -6.27744e+66 -6.27744e+66 
-6.27744e+66 51.6122 102.881 102.881 102.881 202.341 736.357 
-6.27744e+66 -6.27744e+66 51.6122 51.6122 51.6122 126.207 553.42 
-6.27744e+66 -6.27744e+66 -6.27744e+66 51.6122 51.6122 101.342 421.752 
-6.27744e+66 -6.27744e+66 -6.27744e+66 -6.27744e+66 51.6122 76.4771 290.084 
-6.27744e+66 -6.27744e+66 -6.27744e+66 -6.27744e+66 -6.27744e+66 51.6122 158.415 
-6.27744e+66 -6.27744e+66 -6.27744e+66 -6.27744e+66 -6.27744e+66 -6.27744e+66 51.6122 
-6.27744e+66 -6.27744e+66 -6.27744e+66 -6.27744e+66 -6.27744e+66 -6.27744e+66 -6.27744e+66 
-6.27744e+66 85.5754 177.294 177.294 559.351 559.351 1063.78 
-6.27744e+66 -6.27744e+66 85.5754 85.5754 340.28 340.28 743.822 
-6.27744e+66 -6.27744e+66 -6.27744e+66 85.5754 212.927 212.927 515.584 
-6.27744e+66 -6.27744e+66 -6.27744e+66 -6.27744e+66 85.5754 85.5754 287.347 
-6.27744e+66 -6.27744e+66 -6.27744e+66 -6.27744e+66 -6.27744e+66 85.5754 186.461 
-6.27744e+66 -6.27744e+66 -6.27744e+66 -6.27744e+66 -6.27744e+66 -6.27744e+66 85.5754 
-6.27744e+66 -6.27744e+66 -6.27744e+66 -6.27744e+66 -6.27744e+66 -6.27744e+66 -6.27744e+66 
-6.27744e+66 80.7302 189.274 255.19 255.19 255.19 255.19 
-6.27744e+66 -6.27744e+66 80.7302 113.688 113.688 113.688 113.688 
-6.27744e+66 -6.27744e+66 -6.27744e+66 80.7302 80.7302 80.7302 80.7302 
-6.27744e+66 -6.27744e+66 -6.27744e+66 -6.27744e+66 80.7302 80.7302 80.7302 
-6.27744e+66 -6.27744e+66 -6.27744e+66 -6.27744e+66 -6.27744e+66 80.7302 80.7302 
-6.27744e+66 -6.27744e+66 -6.27744e+66 -6.27744e+66 -6.27744e+66 -6.27744e+66 80.7302 
-6.27744e+66 -6.27744e+66 -6.27744e+66 -6.27744e+66 -6.27744e+66 -6.27744e+66 -6.27744e+66 
-6.27744e+66 108.05 213.116 213.116 487.987 487.987 912.826 
-6.27744e+66 -6.27744e+66 108.05 108.05 291.297 291.297 631.168 
-6.27744e+66 -6.27744e+66 -6.27744e+66 108.05 199.673 199.673 454.576 
-6.27744e+66 -6.27744e+66 -6.27744e+66 -6.27744e+66 108.05 108.05 277.985 
-6.27744e+66 -6.27744e+66 -6.27744e+66 -6.27744e+66 -6.27744e+66 108.05 193.017 
-6.27744e+66 -6.27744e+66 -6.27744e+66 -6.27744e+66 -6.27744e+66 -6.27744e+66 108.05 
-6.27744e+66 -6.27744e+66 -6.27744e+66 -6.27744e+66 -6.27744e+66 -6.27744e+66 -6.27744e+66 
-6.27744e+66 53.4256 156.381 311.571 311.571 311.571 311.571 
-6.27744e+66 -6.27744e+66 53.4256 131.021 131.021 131.021 131.021 
-6.27744e+66 -6.27744e+66 -6.27744e+66 53.4256 53.4256 53.4256 53.4256 
-6.27744e+66 -6.27744e+66 -6.27744e+66 -6.27744e+66 53.4256 53.4256 53.4256 
-6.27744e+66 -6.27744e+66 -6.27744e+66 -6.27744e+66 -6.27744e+66 53.4256 53.4256 
-6.27744e+66 -6.27744e+66 -6.27744e+66 -6.27744e+66 -6.27744e+66 -6.27744e+66 53.4256 
-6.27744e+66 -6.27744e+66 -6.27744e+66 -6.27744e+66 -6.27744e+66 -6.27744e+66 -6.27744e+66 
-6.27744e+66 68.218 131.755 131.755 402.836 402.836 810.169 
-6.27744e+66 -6.27744e+66 68.218 68.218 248.939 248.939 574.805 
-6.27744e+66 -6.27744e+66 -6.27744e+66 68.218 158.578 158.578 402.978 
-6.27744e+66 -6.27744e+66 -6.27744e+66 -6.27744e+66 68.218 68.218 231.151 
-6.27744e+66 -6.27744e+66 -6.27744e+66 -6.27744e+66 -6.27744e+66 68.218 149.685 
-6.27744e+66 -6.27744e+66 -6.27744e+66 -6.27744e+66 -6.27744e+66 -6.27744e+66 68.218 
-6.27744e+66 -6.27744e+66 -6.27744e+66 -6.27744e+66 -6.27744e+66 -6.27744e+66 -6.27744e+66 
-6.27744e+66 55.4074 55.4074 55.4074 393.307 494.653 1060.12 
-6.27744e+66 -6.27744e+66 55.4074 55.4074 280.674 356.683 809.057 
-6.27744e+66 -6.27744e+66 -6.27744e+66 55.4074 168.041 218.714 557.994 
-6.27744e+66 -6.27744e+66 -6.27744e+66 -6.27744e+66 55.4074 80.7439 306.931 
-6.27744e+66 -6.27744e+66 -6.27744e+66 -6.27744e+66 -6.27744e+66 55.4074 168.501 
-6.27744e+66 -6.27744e+66 -6.27744e+66 -6.27744e+66 -6.27744e+66 -6.27744e+66 55.4074 
-6.27744e+66 -6.27744e+66 -6.27744e+66 -6.27744e+66 -6.27744e+66 -6.27744e+66 -6.27744e+66 
-6.27744e+66 69.7732 69.7732 121.903 121.903 121.903 570.548 
-6.27744e+66 -6.27744e+66 69.7732 95.8379 95.8379 95.8379 454.754 
-6.27744e+66 -6.27744e+66 -6.27744e+66 69.7732 69.7732 69.7732 338.96 
-6.27744e+66 -6.27744e+66 -6.27744e+66 -6.27744e+66 69.7732 69.7732 249.231 
-6.27744e+66 -6.27744e+66 -6.27744e+66 -6.27744e+66 -6.27744e+66 69.7732 159.502 
-6.27744e+66 -6.27744e+66 -6.27744e+66 -6.27744e+66 -6.27744e+66 -6.27744e+66 69.7732 
-6.27744e+66 -6.27744e+66 -6.27744e+66 -6.27744e+66 -6.27744e+66 -6.27744e+66 -6.27744e+66 
-6.27744e+66 59.132 59.132 59.132 397.182 397.182 1019.95 
-6.27744e+66 -6.27744e+66 59.132 59.132 284.499 284.499 782.715 
-6.27744e+66 -6.27744e+66 -6.27744e+66 59.132 171.815 171.815 545.478 
-6.27744e+66 -6.27744e+66 -6.27744e+66 -6.27744e+66 59.132 59.132 308.24 
-6.27744e+66 -6.27744e+66 -6.27744e+66 -6.27744e+66 -6.27744e+66 59.132 183.686 
-6.27744e+66 -6.27744e+66 -6.27744e+66 -6.27744e+66 -6.27744e+66 -6.27744e+66 59.132 
-6.27744e+66 -6.27744e+66 -6.27744e+66 -6.27744e+66 -6.27744e+66 -6.27744e+66 -6.27744e+66 
-6.27744e+66 68.7148 68.7148 171.878 171.878 171.878 795.388 
-6.27744e+66 -6.27744e+66 68.7148 120.296 120.296 120.296 619.104 
-6.27744e+66 -6.27744e+66 -6.27744e+66 68.7148 68.7148 68.7148 442.821 
-6.27744e+66 -6.27744e+66 -6.27744e+66 -6.27744e+66 68.7148 68.7148 318.119 
-6.27744e+66 -6.27744e+66 -6.27744e+66 -6.27744e+66 -6.27744e+66 68.7148 193.417 
-6.27744e+66 -6.27744e+66 -6.27744e+66 -6.27744e+66 -6.27744e+66 -6.27744e+66 68.7148 
-6.27744e+66 -6.27744e+66 -6.27744e+66 -6.27744e+66 -6.27744e+66 -6.27744e+66 -6.27744e+66 
-6.27744e+66 61.5331 61.5331 153.412 153.412 171.814 171.814 
-6.27744e+66 -6.27744e+66 61.5331 107.473 107.473 121.274 121.274 
-6.27744e+66 -6.27744e+66 -6.27744e+66 61.5331 61.5331 70.7342 70.7342 
-6.27744e+66 -6.27744e+66 -6.27744e+66 -6.27744e+66 61.5331 66.1337 66.1337 
-6.27744e+66 -6.27744e+66 -6.27744e+66 -6.27744e+66 -6.27744e+66 61.5331 61.5331 
-6.27744e+66 -6.27744e+66 -6.27744e+66 -6.27744e+66 -6.27744e+66 -6.27744e+66 61.5331 
-6.27744e+66 -6.27744e+66 -6.27744e+66 -6.27744e+66 -6.27744e+66 -6.27744e+66 -6.27744e+66 
-6.27744e+66 69.5409 157.823 255.725 255.725 471.94 900.162 
-6.27744e+66 -6.27744e+66 69.5409 118.492 118.492 280.653 623.23 
-6.27744e+66 -6.27744e+66 -6.27744e+66 69.5409 69.5409 177.648 434.581 
-6.27744e+66 -6.27744e+66 -6.27744e+66 -6.27744e+66 69.5409 123.594 294.883 
-6.27744e+66 -6.27744e+66 -6.27744e+66 -6.27744e+66 -6.27744e+66 69.5409 155.185 
-6.27744e+66 -6.27744e+66 -6.27744e+66 -6.27744e+66 -6.27744e+66 -6.27744e+66 69.5409 
-6.27744e+66 -6.27744e+66 -6.27744e+66 -6.27744e+66 -6.27744e+66 -6.27744e+66 -6.27744e+66 
-6.27744e+66 75.7655 75.7655 178.855 420.381 420.381 996.249 
-6.27744e+66 -6.27744e+66 75.7655 127.31 288.328 288.328 749.022 
-6.27744e+66 -6.27744e+66 -6.27744e+66 75.7655 156.274 156.274 501.795 
-6.27744e+66 -6.27744e+66 -6.27744e+66 -6.27744e+66 75.7655 75.7655 306.113 
-6.27744e+66 -6.27744e+66 -6.27744e+66 -6.27744e+66 -6.27744e+66 75.7655 190.939 
-6.27744e+66 -6.27744e+66 -6.27744e+66 -6.27744e+66 -6.27744e+66 -6.27744e+66 75.7655 
-6.27744e+66 -6.27744e+66 -6.27744e+66 -6.27744e+66 -6.27744e+66 -6.27744e+66 -6.27744e+66 
-6.27744e+66 64.371 64.371 122.296 516.982 597.157 1054.51 
-6.27744e+66 -6.27744e+66 64.371 93.3337 356.458 416.589 782.471 
-6.27744e+66 -6.27744e+66 -6.27744e+66 64.371 195.933 236.02 510.432 
-6.27744e+66 -6.27744e+66 -6.27744e+66 -6.27744e+66 64.371 84.4146 267.356 
-6.27744e+66 -6.27744e+66 -6.27744e+66 -6.27744e+66 -6.27744e+66 64.371 155.842 
-6.27744e+66 -6.27744e+66 -6.27744e+66 -6.27744e+66 -6.27744e+66 -6.27744e+66 64.371 
-6.27744e+66 -6.27744e+66 -6.27744e+66 -6.27744e+66 -6.27744e+66 -6.27744e+66 -6.27744e+66 
-6.27744e+66 73.5536 176.67 297.692 552.163 755.676 1340.24 
-6.27744e+66 -6.27744e+66 73.5536 134.064 303.712 456.346 923.996 
-6.27744e+66 -6.27744e+66 -6.27744e+66 73.5536 158.377 260.134 610.871 
-6.27744e+66 -6.27744e+66 -6.27744e+66 -6.27744e+66 73.5536 124.432 358.257 
-6.27744e+66 -6.27744e+66 -6.27744e+66 -6.27744e+66 -6.27744e+66 73.5536 190.466 
-6.27744e+66 -6.27744e+66 -6.27744e+66 -6.27744e+66 -6.27744e+66 -6.27744e+66 73.5536 
-6.27744e+66 -6.27744e+66 -6.27744e+66 -6.27744e+66 -6.27744e+66 -6.27744e+66 -6.27744e+66 
-6.27744e+66 75.1231 75.1231 169.446 515.536 515.536 926.72 
-6.27744e+66 -6.27744e+66 75.1231 122.284 353.011 353.011 681.958 
-6.27744e+66 -6.27744e+66 -6.27744e+66 75.1231 190.487 190.487 437.197 
-6.27744e+66 -6.27744e+66 -6.27744e+66 -6.27744e+66 75.1231 75.1231 239.597 
-6.27744e+66 -6.27744e+66 -6.27744e+66 -6.27744e+66 -6.27744e+66 75.1231 157.36 
-6.27744e+66 -6.27744e+66 -6.27744e+66 -6.27744e+66 -6.27744e+66 -6.27744e+66 75.1231 
-6.27744e+66 -6.27744e+66 -6.27744e+66 -6.27744e+66 -6.27744e+66 -6.27744e+66 -6.27744e+66 
-6.27744e+66 71.1435 142.738 142.738 142.738 417.717 908.835 
-6.27744e+66 -6.27744e+66 71.1435 71.1435 71.1435 277.378 670.272 
-6.27744e+66 -6.27744e+66 -6.27744e+66 71.1435 71.1435 208.633 503.304 
-6.27744e+66 -6.27744e+66 -6.27744e+66 -6.27744e+66 71.1435 139.888 336.336 
-6.27744e+66 -6.27744e+66 -6.27744e+66 -6.27744e+66 -6.27744e+66 71.1435 169.367 
-6.27744e+66 -6.27744e+66 -6.27744e+66 -6.27744e+66 -6.27744e+66 -6.27744e+66 71.1435 
-6.27744e+66 -6.27744e+66 -6.27744e+66 -6.27744e+66 -6.27744e+66 -6.27744e+66 -6.27744e+66 
-6.27744e+66 39.3095 39.3095 126.654 126.654 126.654 126.654 
-6.27744e+66 -6.27744e+66 39.3095 82.9819 82.9819 82.9819 82.9819 
-6.27744e+66 -6.27744e+66 -6.27744e+66 39.3095 39.3095 39.3095 39.3095 
-6.27744e+66 -6.27744e+66 -6.27744e+66 -6.27744e+66 39.3095 39.3095 39.3095 
-6.27744e+66 -6.27744e+66 -6.27744e+66 -6.27744e+66 -6.27744e+66 39.3095 39.3095 
-6.27744e+66 -6.27744e+66 -6.27744e+66 -6.27744e+66 -6.27744e+66 -6.27744e+66 39.3095 
-6.27744e+66 -6.27744e+66 -6.27744e+66 -6.27744e+66 -6.27744e+66 -6.27744e+66 -6.27744e+66 
-6.27744e+66 82.3975 170.859 170.859 452.751 452.751 452.751 
-6.27744e+66 -6.27744e+66 82.3975 82.3975 270.325 270.325 270.325 
-6.27744e+66 -6.27744e+66 -6.27744e+66 82.3975 176.361 176.361 176.361 
-6.27744e+66 -6.27744e+66 -6.27744e+66 -6.27744e+66 82.3975 82.3975 82.3975 
-6.27744e+66 -6.27744e+66 -6.27744e+66 -6.27744e+66 -6.27744e+66 82.3975 82.3975 
-6.27744e+66 -6.27744e+66 -6.27744e+66 -6.27744e+66 -6.27744e+66 -6.27744e+66 82.3975 
-6.27744e+66 -6.27744e+66 -6.27744e+66 -6.27744e+66 -6.27744e+66 -6.27744e+66 -6.27744e+66 
-6.27744e+66 67.4172 185.054 258.543 578.254 686.032 1252.06 
-6.27744e+66 -6.27744e+66 67.4172 104.162 317.303 398.136 850.957 
-6.27744e+66 -6.27744e+66 -6.27744e+66 67.4172 173.988 227.876 567.492 
-6.27744e+66 -6.27744e+66 -6.27744e+66 -6.27744e+66 67.4172 94.3615 320.772 
-6.27744e+66 -6.27744e+66 -6.27744e+66 -6.27744e+66 -6.27744e+66 67.4172 180.622 
-6.27744e+66 -6.27744e+66 -6.27744e+66 -6.27744e+66 -6.27744e+66 -6.27744e+66 67.4172 
-6.27744e+66 -6.27744e+66 -6.27744e+66 -6.27744e+66 -6.27744e+66 -6.27744e+66 -6.27744e+66 
