6 40 
454.467 454.467 454.467 454.467 454.467 454.467 
item 0
49.9531 0 60.6235 0 0 0 
36.2174 36.2174 36.2174 36.2174 36.2174 36.2174 
1 1 1 1 1 1 
item 1
62.5386 0 74.1226 0 66.0141 0 
54.1895 54.1895 54.1895 54.1895 54.1895 54.1895 
1 1 1 1 1 1 
item 2
51.02 114.307 43.9108 0 0 94.9409 
80.4215 80.4215 80.4215 80.4215 80.4215 80.4215 
1 1 1 1 1 1 
item 3
29.1582 0 42.2495 0 84.9094 0 
47.4686 47.4686 47.4686 47.4686 47.4686 47.4686 
1 1 1 1 1 1 
item 4
77.1861 0 13.5455 114.809 37.8041 115.939 
60.3713 60.3713 60.3713 60.3713 60.3713 60.3713 
1 1 1 1 1 1 
item 5
0 107.272 75.6123 0 48.9578 90.7723 
68.0811 68.0811 68.0811 68.0811 68.0811 68.0811 
1 1 1 1 1 1 
item 6
0 107.423 0 0 0 79.023 
62.2334 62.2334 62.2334 62.2334 62.2334 62.2334 
1 1 1 1 1 1 
item 7
0 62.7433 67.2227 0 0 103.428 
57.1014 57.1014 57.1014 57.1014 57.1014 57.1014 
1 1 1 1 1 1 
item 8
0 0 0 0 0 112.017 
23.9497 23.9497 23.9497 23.9497 23.9497 23.9497 
1 1 1 1 1 1 
item 9
0 118.183 57.6073 65.0956 62.0623 110.818 
67.0468 67.0468 67.0468 67.0468 67.0468 67.0468 
1 1 1 1 1 1 
item 10
0 0 31.7871 125.813 0 107.329 
58.3488 58.3488 58.3488 58.3488 58.3488 58.3488 
1 1 1 1 1 1 
item 11
0 0 67.2149 0 73.8509 136.258 
89.9118 89.9118 89.9118 89.9118 89.9118 89.9118 
1 1 1 1 1 1 
item 12
33.21 0 43.3052 120.065 0 0 
70.5906 70.5906 70.5906 70.5906 70.5906 70.5906 
1 1 1 1 1 1 
item 13
73.281 0 0 114.708 0 0 
18.7972 18.7972 18.7972 18.7972 18.7972 18.7972 
1 1 1 1 1 1 
item 14
78.2151 73.8093 0 0 0 0 
61.8231 61.8231 61.8231 61.8231 61.8231 61.8231 
1 1 1 1 1 1 
item 15
0 100.065 0 0 0 0 
59.9493 59.9493 59.9493 59.9493 59.9493 59.9493 
1 1 1 1 1 1 
item 16
42.1911 0 0 0 0 103.672 
70.5958 70.5958 70.5958 70.5958 70.5958 70.5958 
1 1 1 1 1 1 
item 17
0 91.9883 55.3401 0 35.9489 0 
62.3497 62.3497 62.3497 62.3497 62.3497 62.3497 
1 1 1 1 1 1 
item 18
0 0 40.3104 104.179 48.036 0 
55.4336 55.4336 55.4336 55.4336 55.4336 55.4336 
1 1 1 1 1 1 
item 19
63.4591 88.6873 98.3862 0 0 113.981 
64.0035 64.0035 64.0035 64.0035 64.0035 64.0035 
1 1 1 1 1 1 
item 20
23.2906 0 0 99.5221 0 0 
101.918 101.918 101.918 101.918 101.918 101.918 
1 1 1 1 1 1 
item 21
47.2461 93.4623 54.4336 0 0 0 
44.0313 44.0313 44.0313 44.0313 44.0313 44.0313 
1 1 1 1 1 1 
item 22
0 0 0 0 41.4621 0 
52.2835 52.2835 52.2835 52.2835 52.2835 52.2835 
1 1 1 1 1 1 
item 23
0 125.24 62.4017 0 0 0 
75.9131 75.9131 75.9131 75.9131 75.9131 75.9131 
1 1 1 1 1 1 
item 24
43.5754 0 0 89.0513 0 114.793 
71.015 71.015 71.015 71.015 71.015 71.015 
1 1 1 1 1 1 
item 25
0 101.511 0 124.781 0 0 
37.4341 37.4341 37.4341 37.4341 37.4341 37.4341 
1 1 1 1 1 1 
item 26
88.4442 143.196 26.6283 79.2181 70.096 126.407 
38.5204 38.5204 38.5204 38.5204 38.5204 38.5204 
1 1 1 1 1 1 
item 27
55.7777 102.381 59.6265 118.081 0 0 
36.3639 36.3639 36.3639 36.3639 36.3639 36.3639 
1 1 1 1 1 1 
item 28
0 0 0 0 46.5427 0 
75.9675 75.9675 75.9675 75.9675 75.9675 75.9675 
1 1 1 1 1 1 
item 29
60.3443 128.577 56.5268 121.649 0 66.5698 
28.7076 28.7076 28.7076 28.7076 28.7076 28.7076 
1 1 1 1 1 1 
item 30
0 0 0 112.143 0 92.7887 
70.1335 70.1335 70.1335 70.1335 70.1335 70.1335 
1 1 1 1 1 1 
item 31
50.1788 0 43.1509 0 0 120.969 
65.139 65.139 65.139 65.139 65.139 65.139 
1 1 1 1 1 1 
item 32
0 66.1709 0 114.889 0 133.758 
46.8266 46.8266 46.8266 46.8266 46.8266 46.8266 
1 1 1 1 1 1 
item 33
0 84.946 0 106.694 87.183 82.1807 
46.5885 46.5885 46.5885 46.5885 46.5885 46.5885 
1 1 1 1 1 1 
item 34
29.3474 0 59.7483 0 0 0 
34.9272 34.9272 34.9272 34.9272 34.9272 34.9272 
1 1 1 1 1 1 
item 35
0 66.9797 0 0 0 0 
70.8842 70.8842 70.8842 70.8842 70.8842 70.8842 
1 1 1 1 1 1 
item 36
0 74.2372 54.424 111.497 0 109.172 
67.0028 67.0028 67.0028 67.0028 67.0028 67.0028 
1 1 1 1 1 1 
item 37
0 0 42.5235 87.7696 0 97.8206 
40.1812 40.1812 40.1812 40.1812 40.1812 40.1812 
1 1 1 1 1 1 
item 38
0 0 0 113.952 67.5222 0 
55.9912 55.9912 55.9912 55.9912 55.9912 55.9912 
1 1 1 1 1 1 
item 39
73.0712 89.356 31.183 0 48.6908 103.116 
85.8758 85.8758 85.8758 85.8758 85.8758 85.8758 
1 1 1 1 1 1 
