48 40 
142053 142053 142053 142053 142053 142053 142053 142053 142053 142053 142053 142053 142053 142053 142053 142053 142053 142053 142053 142053 142053 142053 142053 142053 142053 142053 142053 142053 142053 142053 142053 142053 142053 142053 142053 142053 142053 142053 142053 142053 142053 142053 142053 142053 142053 142053 142053 142053 
item 0
44.0229 105.016 50.5835 91.2199 49.5455 100.301 11.336 101.426 30.6846 77.2174 75.7461 124.415 69.5218 96.5586 68.8162 101.537 1.78327 80.8075 41.7254 107.011 54.6458 143.545 48.992 72.6697 45.4647 103.357 20.066 101.631 89.0121 113.295 45.5977 109.817 48.9354 78.5199 41.304 86.6591 50.5507 98.7613 0 99.2797 71.0608 82.414 86.1097 124.925 24.3526 102.069 47.5381 96.5351 
1000.01 1000.01 1000.01 1000.01 1000.01 1000.01 1000.01 1000.01 1000.01 1000.01 1000.01 1000.01 1000.01 1000.01 1000.01 1000.01 1000.01 1000.01 1000.01 1000.01 1000.01 1000.01 1000.01 1000.01 1000.01 1000.01 1000.01 1000.01 1000.01 1000.01 1000.01 1000.01 1000.01 1000.01 1000.01 1000.01 1000.01 1000.01 1000.01 1000.01 1000.01 1000.01 1000.01 1000.01 1000.01 1000.01 1000.01 1000.01 
1 1 1 1 1 1 1 1 1 1 1 1 1 1 1 1 1 1 1 1 1 1 1 1 1 1 1 1 1 1 1 1 1 1 1 1 1 1 1 1 1 1 1 1 1 1 1 1 
item 1
75.5883 111.031 30.3094 71.416 42.9214 98.8505 77.5452 119.913 5.4794 134.549 64.161 65.3767 74.8786 119.638 45.7435 116.971 45.1897 148.634 52.3901 75.4965 56.1213 113.507 49.3409 116.477 74.7902 123.629 41.601 87.532 54.0476 102.961 85.7361 75.8408 40.6804 110.633 65.34 108.387 67.3939 126.653 38.9318 71.907 35.3842 112.485 33.7047 81.1856 2.76162 119.409 38.7698 92.8357 
420.538 420.538 420.538 420.538 420.538 420.538 420.538 420.538 420.538 420.538 420.538 420.538 420.538 420.538 420.538 420.538 420.538 420.538 420.538 420.538 420.538 420.538 420.538 420.538 420.538 420.538 420.538 420.538 420.538 420.538 420.538 420.538 420.538 420.538 420.538 420.538 420.538 420.538 420.538 420.538 420.538 420.538 420.538 420.538 420.538 420.538 420.538 420.538 
1 1 1 1 1 1 1 1 1 1 1 1 1 1 1 1 1 1 1 1 1 1 1 1 1 1 1 1 1 1 1 1 1 1 1 1 1 1 1 1 1 1 1 1 1 1 1 1 
item 2
27.4131 99.2683 31.1219 83.7352 50.8879 129.435 77.7743 90.1397 58.2292 107.405 63.7278 60.4962 29.8993 112.161 27.7532 87.1328 38.0996 81.6058 43.1909 118.948 47.2169 105.327 29.1814 95.424 51.6847 93.0244 51.8794 84.1932 74.7289 109.089 66.966 94.3445 65.7357 102.284 63.5765 113.741 63.9509 106.81 64.8125 132.945 81.034 110.325 50.5092 120.665 30.8738 107.218 24.2127 91.2662 
622.319 622.319 622.319 622.319 622.319 622.319 622.319 622.319 622.319 622.319 622.319 622.319 622.319 622.319 622.319 622.319 622.319 622.319 622.319 622.319 622.319 622.319 622.319 622.319 622.319 622.319 622.319 622.319 622.319 622.319 622.319 622.319 622.319 622.319 622.319 622.319 622.319 622.319 622.319 622.319 622.319 622.319 622.319 622.319 622.319 622.319 622.319 622.319 
1 1 1 1 1 1 1 1 1 1 1 1 1 1 1 1 1 1 1 1 1 1 1 1 1 1 1 1 1 1 1 1 1 1 1 1 1 1 1 1 1 1 1 1 1 1 1 1 
item 3
92.5143 115.262 58.0432 75.6955 42.2869 98.544 28.4233 106.737 76.4854 107.963 36.437 112.491 45.2477 90.9714 67.2584 80.318 65.9552 150.465 69.9737 68.5649 59.1439 109.942 29.283 98.4631 59.1798 129.043 36.2206 83.518 42.6789 86.2148 67.0336 116.672 89.0698 83.7637 51.0795 112.081 20.464 95.3418 55.6545 85.4605 53.0858 113.684 50.5847 106.208 21.1781 59.4966 37.374 118.732 
1252.05 1252.05 1252.05 1252.05 1252.05 1252.05 1252.05 1252.05 1252.05 1252.05 1252.05 1252.05 1252.05 1252.05 1252.05 1252.05 1252.05 1252.05 1252.05 1252.05 1252.05 1252.05 1252.05 1252.05 1252.05 1252.05 1252.05 1252.05 1252.05 1252.05 1252.05 1252.05 1252.05 1252.05 1252.05 1252.05 1252.05 1252.05 1252.05 1252.05 1252.05 1252.05 1252.05 1252.05 1252.05 1252.05 1252.05 1252.05 
1 1 1 1 1 1 1 1 1 1 1 1 1 1 1 1 1 1 1 1 1 1 1 1 1 1 1 1 1 1 1 1 1 1 1 1 1 1 1 1 1 1 1 1 1 1 1 1 
item 4
38.2531 125.905 85.1128 61.5837 76.1801 101.013 51.5351 79.9064 62.5395 79.4349 45.446 117.232 25.994 108.092 75.512 93.8512 36.3581 83.6228 35.2486 137.865 51.4318 110.267 13.947 123.469 21.2796 100.95 82.5016 140.478 54.0275 111.258 38.4337 96.6464 63.4962 118.276 40.6946 127.314 58.4262 105.253 11.2428 103.349 75.078 104.453 25.4266 125.733 34.0051 106.572 68.4484 71.0443 
511.151 511.151 511.151 511.151 511.151 511.151 511.151 511.151 511.151 511.151 511.151 511.151 511.151 511.151 511.151 511.151 511.151 511.151 511.151 511.151 511.151 511.151 511.151 511.151 511.151 511.151 511.151 511.151 511.151 511.151 511.151 511.151 511.151 511.151 511.151 511.151 511.151 511.151 511.151 511.151 511.151 511.151 511.151 511.151 511.151 511.151 511.151 511.151 
1 1 1 1 1 1 1 1 1 1 1 1 1 1 1 1 1 1 1 1 1 1 1 1 1 1 1 1 1 1 1 1 1 1 1 1 1 1 1 1 1 1 1 1 1 1 1 1 
item 5
44.9248 79.4026 37.2791 126.465 75.7084 95.5785 31.2324 55.8865 24.7068 97.4066 40.9774 74.9838 76.1076 115.51 36.4484 92.6661 51.0168 105.637 49.8576 148.58 66.6253 94.7822 15.7121 119.844 63.5018 96.627 31.8102 106.727 14.8763 90.2792 20.2381 112.073 69.2897 102.594 24.0843 118.306 30.9568 88.9077 48.5446 111.24 50.8035 102.791 60.8704 72.2323 49.7538 62.3929 60.0297 94.2709 
915.469 915.469 915.469 915.469 915.469 915.469 915.469 915.469 915.469 915.469 915.469 915.469 915.469 915.469 915.469 915.469 915.469 915.469 915.469 915.469 915.469 915.469 915.469 915.469 915.469 915.469 915.469 915.469 915.469 915.469 915.469 915.469 915.469 915.469 915.469 915.469 915.469 915.469 915.469 915.469 915.469 915.469 915.469 915.469 915.469 915.469 915.469 915.469 
1 1 1 1 1 1 1 1 1 1 1 1 1 1 1 1 1 1 1 1 1 1 1 1 1 1 1 1 1 1 1 1 1 1 1 1 1 1 1 1 1 1 1 1 1 1 1 1 
item 6
43.2647 95.653 79.435 138.947 65.9447 105.087 17.3385 133.081 49.7967 72.1804 69.5806 132.156 58.4373 120.222 42.654 110.949 45.7314 126.481 44.3181 121.006 53.1245 143.693 6.46817 115.261 25.684 71.3884 24.5372 108.815 45.6644 101.957 28.9568 130.501 51.3904 83.6485 65.7157 87.5588 41.0811 106.834 44.6912 123.046 36.0045 92.7059 49.8932 51.6028 33.3845 99.5999 78.0436 76.8527 
461.478 461.478 461.478 461.478 461.478 461.478 461.478 461.478 461.478 461.478 461.478 461.478 461.478 461.478 461.478 461.478 461.478 461.478 461.478 461.478 461.478 461.478 461.478 461.478 461.478 461.478 461.478 461.478 461.478 461.478 461.478 461.478 461.478 461.478 461.478 461.478 461.478 461.478 461.478 461.478 461.478 461.478 461.478 461.478 461.478 461.478 461.478 461.478 
1 1 1 1 1 1 1 1 1 1 1 1 1 1 1 1 1 1 1 1 1 1 1 1 1 1 1 1 1 1 1 1 1 1 1 1 1 1 1 1 1 1 1 1 1 1 1 1 
item 7
28.612 159.344 20.5334 138.709 44.4655 101.569 30.2772 104.755 60.7725 99.8125 24.5434 101.263 65.9525 72.2318 73.0672 81.6381 60.942 89.8872 38.0206 120.389 52.5493 57.7125 52.6811 128.403 57.5384 68.3108 45.8052 58.2473 25.781 92.3282 58.8243 95.4049 72.8038 96.9218 54.3065 96.0102 28.5295 120.7 25.1959 65.8042 47.9608 100.794 38.094 138.697 25.4852 110.576 29.0784 126.244 
251.601 251.601 251.601 251.601 251.601 251.601 251.601 251.601 251.601 251.601 251.601 251.601 251.601 251.601 251.601 251.601 251.601 251.601 251.601 251.601 251.601 251.601 251.601 251.601 251.601 251.601 251.601 251.601 251.601 251.601 251.601 251.601 251.601 251.601 251.601 251.601 251.601 251.601 251.601 251.601 251.601 251.601 251.601 251.601 251.601 251.601 251.601 251.601 
1 1 1 1 1 1 1 1 1 1 1 1 1 1 1 1 1 1 1 1 1 1 1 1 1 1 1 1 1 1 1 1 1 1 1 1 1 1 1 1 1 1 1 1 1 1 1 1 
item 8
44.327 96.4168 50.0513 129.053 63.0287 91.3557 43.1413 107.698 29.834 84.7277 63.1967 44.3554 71.8033 98.8673 58.2599 83.439 25.9622 115.571 36.8006 100.661 36.7139 67.4103 34.1257 118.905 63.5993 99.4584 44.3493 78.0973 27.8763 75.515 44.4843 80.6915 21.3571 124.731 43.1269 104.358 50.1323 118.195 65.6485 77.241 37.6685 76.1268 28.6597 112.557 47.9524 100.013 62.0252 117.932 
719.425 719.425 719.425 719.425 719.425 719.425 719.425 719.425 719.425 719.425 719.425 719.425 719.425 719.425 719.425 719.425 719.425 719.425 719.425 719.425 719.425 719.425 719.425 719.425 719.425 719.425 719.425 719.425 719.425 719.425 719.425 719.425 719.425 719.425 719.425 719.425 719.425 719.425 719.425 719.425 719.425 719.425 719.425 719.425 719.425 719.425 719.425 719.425 
1 1 1 1 1 1 1 1 1 1 1 1 1 1 1 1 1 1 1 1 1 1 1 1 1 1 1 1 1 1 1 1 1 1 1 1 1 1 1 1 1 1 1 1 1 1 1 1 
item 9
81.254 73.168 48.7933 102.117 27.2649 71.1133 70.1026 94.977 31.4618 110.933 62.356 115.665 27.0822 92.5477 36.7467 120.67 20.8095 94.8045 59.4444 72.5371 26.984 107.765 55.0637 79.6975 59.5477 102.935 47.3857 99.672 66.9124 88.3413 29.8499 81.1965 58.8657 104.04 62.2445 92.9278 33.9659 99.809 50.9237 77.3973 55.6803 122.079 19.0001 134.06 50.0659 92.0194 33.8454 143.739 
221.161 221.161 221.161 221.161 221.161 221.161 221.161 221.161 221.161 221.161 221.161 221.161 221.161 221.161 221.161 221.161 221.161 221.161 221.161 221.161 221.161 221.161 221.161 221.161 221.161 221.161 221.161 221.161 221.161 221.161 221.161 221.161 221.161 221.161 221.161 221.161 221.161 221.161 221.161 221.161 221.161 221.161 221.161 221.161 221.161 221.161 221.161 221.161 
1 1 1 1 1 1 1 1 1 1 1 1 1 1 1 1 1 1 1 1 1 1 1 1 1 1 1 1 1 1 1 1 1 1 1 1 1 1 1 1 1 1 1 1 1 1 1 1 
item 10
55.195 75.1248 36.7548 108.241 36.8264 71.365 95.8694 88.163 54.6109 119.739 53.7118 71.8231 61.0427 76.275 58.5892 118.905 56.6089 105.832 65.6304 108.528 29.6563 118.383 52.9459 136.588 34.4274 83.2819 53.3537 132.671 31.8618 112.517 32.8221 54.6483 24.9872 144.148 54.241 102.052 42.9678 101.613 57.2532 60.4228 51.3437 76.8788 52.989 88.6706 44.1671 93.3769 34.3059 119.995 
652.519 652.519 652.519 652.519 652.519 652.519 652.519 652.519 652.519 652.519 652.519 652.519 652.519 652.519 652.519 652.519 652.519 652.519 652.519 652.519 652.519 652.519 652.519 652.519 652.519 652.519 652.519 652.519 652.519 652.519 652.519 652.519 652.519 652.519 652.519 652.519 652.519 652.519 652.519 652.519 652.519 652.519 652.519 652.519 652.519 652.519 652.519 652.519 
1 1 1 1 1 1 1 1 1 1 1 1 1 1 1 1 1 1 1 1 1 1 1 1 1 1 1 1 1 1 1 1 1 1 1 1 1 1 1 1 1 1 1 1 1 1 1 1 
item 11
77.3862 125.703 69.7496 89.5992 88.9578 69.8026 32.245 97.449 29.2927 97.2003 51.3633 112.214 39.5485 110.99 32.3689 79.218 26.2455 93.9906 53.7534 93.2969 53.1532 107.762 53.3676 102.412 57.3912 89.7931 59.3452 95.1244 50.1136 84.4167 58.1386 74.7572 64.3446 65.0734 56.1188 91.0086 21.4068 97.8229 20.8546 113.342 43.8575 133.889 24.1508 81.9588 48.7357 73.0762 61.7879 86.9902 
162.613 162.613 162.613 162.613 162.613 162.613 162.613 162.613 162.613 162.613 162.613 162.613 162.613 162.613 162.613 162.613 162.613 162.613 162.613 162.613 162.613 162.613 162.613 162.613 162.613 162.613 162.613 162.613 162.613 162.613 162.613 162.613 162.613 162.613 162.613 162.613 162.613 162.613 162.613 162.613 162.613 162.613 162.613 162.613 162.613 162.613 162.613 162.613 
1 1 1 1 1 1 1 1 1 1 1 1 1 1 1 1 1 1 1 1 1 1 1 1 1 1 1 1 1 1 1 1 1 1 1 1 1 1 1 1 1 1 1 1 1 1 1 1 
item 12
100.2 108.004 41.1927 109.127 63.3815 136.109 48.5794 100.654 31.0199 133 11.0186 105.479 62.8718 108.691 68.0456 94.2656 77.1779 76.9971 57.6662 108.381 42.0543 60.441 44.0361 123.304 85.7552 78.2101 6.15222 133.905 51.3179 67.0688 36.8978 62.2049 8.25058 102.43 35.2717 88.1678 39.3895 79.2695 95.1916 88.3639 66.4549 108.683 65.267 120.137 0 103.902 26.183 108.946 
215.653 215.653 215.653 215.653 215.653 215.653 215.653 215.653 215.653 215.653 215.653 215.653 215.653 215.653 215.653 215.653 215.653 215.653 215.653 215.653 215.653 215.653 215.653 215.653 215.653 215.653 215.653 215.653 215.653 215.653 215.653 215.653 215.653 215.653 215.653 215.653 215.653 215.653 215.653 215.653 215.653 215.653 215.653 215.653 215.653 215.653 215.653 215.653 
1 1 1 1 1 1 1 1 1 1 1 1 1 1 1 1 1 1 1 1 1 1 1 1 1 1 1 1 1 1 1 1 1 1 1 1 1 1 1 1 1 1 1 1 1 1 1 1 
item 13
68.4193 82.8011 80.4701 110.318 52.4686 93.4473 85.2016 80.2045 83.5143 126.318 49.2314 93.4058 51.261 117.971 31.8057 100.359 60.815 95.5146 46.0166 71.5263 76.7411 98.9435 54.1021 82.672 36.2955 116.424 39.225 100.482 47.2818 71.6628 28.6991 100.658 79.2117 93.5582 51.5267 126.947 36.0597 57.4859 72.2773 99.2789 51.0763 110.834 30.1896 117.02 27.4875 116.008 68.1862 103.512 
1059.14 1059.14 1059.14 1059.14 1059.14 1059.14 1059.14 1059.14 1059.14 1059.14 1059.14 1059.14 1059.14 1059.14 1059.14 1059.14 1059.14 1059.14 1059.14 1059.14 1059.14 1059.14 1059.14 1059.14 1059.14 1059.14 1059.14 1059.14 1059.14 1059.14 1059.14 1059.14 1059.14 1059.14 1059.14 1059.14 1059.14 1059.14 1059.14 1059.14 1059.14 1059.14 1059.14 1059.14 1059.14 1059.14 1059.14 1059.14 
1 1 1 1 1 1 1 1 1 1 1 1 1 1 1 1 1 1 1 1 1 1 1 1 1 1 1 1 1 1 1 1 1 1 1 1 1 1 1 1 1 1 1 1 1 1 1 1 
item 14
18.5821 78.5685 60.3166 110.919 34.8312 89.9455 23.0925 90.3529 31.0136 102.507 27.1951 127.535 62.1298 132.056 44.5907 124.007 41.0147 87.8287 10.7539 129.846 62.4079 82.2907 79.9602 94.794 37.0268 120.728 24.3533 107.633 82.7696 119.525 46.2755 90.3305 41.2839 76.0562 93.7966 86.1003 64.7817 89.2916 75.801 76.8846 100.228 121.365 69.2055 103.663 45.6452 123.682 69.9588 101.287 
408.38 408.38 408.38 408.38 408.38 408.38 408.38 408.38 408.38 408.38 408.38 408.38 408.38 408.38 408.38 408.38 408.38 408.38 408.38 408.38 408.38 408.38 408.38 408.38 408.38 408.38 408.38 408.38 408.38 408.38 408.38 408.38 408.38 408.38 408.38 408.38 408.38 408.38 408.38 408.38 408.38 408.38 408.38 408.38 408.38 408.38 408.38 408.38 
1 1 1 1 1 1 1 1 1 1 1 1 1 1 1 1 1 1 1 1 1 1 1 1 1 1 1 1 1 1 1 1 1 1 1 1 1 1 1 1 1 1 1 1 1 1 1 1 
item 15
30.4251 75.9133 50.0075 92.423 55.9313 99.1064 48.7442 107.372 49.6138 104.262 41.7773 86.0013 80.7163 97.7743 58.8168 120.11 39.8279 54.2594 55.1918 118.598 47.7879 129.695 47.7098 102.147 64.5886 81.7065 36.3273 105.644 27.056 82.6549 65.6866 116.227 55.8129 91.2825 44.191 115.655 72.5062 92.9348 54.116 116.416 53.2775 87.7304 77.0191 100.48 73.8412 84.3201 56.9556 92.4791 
311.192 311.192 311.192 311.192 311.192 311.192 311.192 311.192 311.192 311.192 311.192 311.192 311.192 311.192 311.192 311.192 311.192 311.192 311.192 311.192 311.192 311.192 311.192 311.192 311.192 311.192 311.192 311.192 311.192 311.192 311.192 311.192 311.192 311.192 311.192 311.192 311.192 311.192 311.192 311.192 311.192 311.192 311.192 311.192 311.192 311.192 311.192 311.192 
1 1 1 1 1 1 1 1 1 1 1 1 1 1 1 1 1 1 1 1 1 1 1 1 1 1 1 1 1 1 1 1 1 1 1 1 1 1 1 1 1 1 1 1 1 1 1 1 
item 16
41.9228 89.5995 46.9054 136.162 58.0317 97.4195 48.0516 81.5321 23.504 106.523 83.951 96.7862 51.9082 100.482 52.9455 109.545 23.5742 104.132 60.6182 96.7602 33.665 103.21 32.9849 92.0697 54.2333 78.0314 8.57492 156.742 40.0621 89.4532 103.164 109.371 27.6274 50.4916 57.6496 71.1217 54.6383 60.5257 63.4073 113.72 17.2817 73.6714 79.1125 136.634 24.2318 117.62 69.3337 106.812 
518.872 518.872 518.872 518.872 518.872 518.872 518.872 518.872 518.872 518.872 518.872 518.872 518.872 518.872 518.872 518.872 518.872 518.872 518.872 518.872 518.872 518.872 518.872 518.872 518.872 518.872 518.872 518.872 518.872 518.872 518.872 518.872 518.872 518.872 518.872 518.872 518.872 518.872 518.872 518.872 518.872 518.872 518.872 518.872 518.872 518.872 518.872 518.872 
1 1 1 1 1 1 1 1 1 1 1 1 1 1 1 1 1 1 1 1 1 1 1 1 1 1 1 1 1 1 1 1 1 1 1 1 1 1 1 1 1 1 1 1 1 1 1 1 
item 17
24.7137 83.0026 46.9715 83.1001 55.7161 90.1951 107.282 85.2725 70.3309 88.3052 67.9109 68.2773 82.8904 87.3967 41.681 121.645 57.8563 113.484 41.7048 100.729 29.6959 118.941 53.4961 89.3441 76.1143 125.258 43.7122 87.8046 52.4892 145.275 53.1191 106.298 68.5008 98.5764 46.401 73.9983 14.6393 75.0503 50.9086 112.021 20.8714 100.92 56.4809 113.256 52.1773 106.384 27.368 99.0878 
216.874 216.874 216.874 216.874 216.874 216.874 216.874 216.874 216.874 216.874 216.874 216.874 216.874 216.874 216.874 216.874 216.874 216.874 216.874 216.874 216.874 216.874 216.874 216.874 216.874 216.874 216.874 216.874 216.874 216.874 216.874 216.874 216.874 216.874 216.874 216.874 216.874 216.874 216.874 216.874 216.874 216.874 216.874 216.874 216.874 216.874 216.874 216.874 
1 1 1 1 1 1 1 1 1 1 1 1 1 1 1 1 1 1 1 1 1 1 1 1 1 1 1 1 1 1 1 1 1 1 1 1 1 1 1 1 1 1 1 1 1 1 1 1 
item 18
28.9891 92.9917 44.1345 116.837 47.0638 78.3469 46.1689 57.7607 64.7659 85.3208 124.521 103.639 66.5368 100.8 53.3269 99.7783 83.7362 96.3691 48.6915 92.0785 50.0525 76.2982 73.9784 61.2217 45.784 123.882 48.7547 114.181 23.7383 117.822 54.3816 117.124 39.1166 100.065 75.4429 86.2774 78.1392 94.5846 36.23 82.1077 83.6984 93.6014 20.8056 59.0933 35.4589 103.727 29.8483 76.7739 
1164.52 1164.52 1164.52 1164.52 1164.52 1164.52 1164.52 1164.52 1164.52 1164.52 1164.52 1164.52 1164.52 1164.52 1164.52 1164.52 1164.52 1164.52 1164.52 1164.52 1164.52 1164.52 1164.52 1164.52 1164.52 1164.52 1164.52 1164.52 1164.52 1164.52 1164.52 1164.52 1164.52 1164.52 1164.52 1164.52 1164.52 1164.52 1164.52 1164.52 1164.52 1164.52 1164.52 1164.52 1164.52 1164.52 1164.52 1164.52 
1 1 1 1 1 1 1 1 1 1 1 1 1 1 1 1 1 1 1 1 1 1 1 1 1 1 1 1 1 1 1 1 1 1 1 1 1 1 1 1 1 1 1 1 1 1 1 1 
item 19
53.9908 101.833 69.8026 109.773 87.4295 113.004 0 99.1969 24.6814 122.719 35.4528 88.8817 69.4731 61.6272 51.294 114.863 59.1346 87.7864 74.7786 86.5309 73.4888 114.638 42.4078 92.2483 78.3791 104.429 45.2206 86.9883 61.7885 104.118 57.5064 68.7592 48.4752 106.247 47.8376 103.454 54.3861 121.365 75.9767 94.1173 33.808 115.927 64.0998 106.383 22.1636 129.534 46.7326 86.9125 
185.813 185.813 185.813 185.813 185.813 185.813 185.813 185.813 185.813 185.813 185.813 185.813 185.813 185.813 185.813 185.813 185.813 185.813 185.813 185.813 185.813 185.813 185.813 185.813 185.813 185.813 185.813 185.813 185.813 185.813 185.813 185.813 185.813 185.813 185.813 185.813 185.813 185.813 185.813 185.813 185.813 185.813 185.813 185.813 185.813 185.813 185.813 185.813 
1 1 1 1 1 1 1 1 1 1 1 1 1 1 1 1 1 1 1 1 1 1 1 1 1 1 1 1 1 1 1 1 1 1 1 1 1 1 1 1 1 1 1 1 1 1 1 1 
item 20
63.7044 140.464 62.93 81.7229 85.8655 128.64 56.1828 75.3043 74.7738 106.774 45.8265 83.0042 31.4267 88.2192 32.246 56.5293 40.9049 91.3854 38.0991 118.171 53.6498 96.5614 53.0531 85.052 21.9667 89.5296 52.8715 92.5465 15.0764 104.264 34.2012 79.0659 14.302 127.251 53.6503 96.5775 61.1025 104.418 19.9143 122.186 63.2362 111.787 52.0301 73.2215 59.234 98.0389 57.0405 75.4785 
684.085 684.085 684.085 684.085 684.085 684.085 684.085 684.085 684.085 684.085 684.085 684.085 684.085 684.085 684.085 684.085 684.085 684.085 684.085 684.085 684.085 684.085 684.085 684.085 684.085 684.085 684.085 684.085 684.085 684.085 684.085 684.085 684.085 684.085 684.085 684.085 684.085 684.085 684.085 684.085 684.085 684.085 684.085 684.085 684.085 684.085 684.085 684.085 
1 1 1 1 1 1 1 1 1 1 1 1 1 1 1 1 1 1 1 1 1 1 1 1 1 1 1 1 1 1 1 1 1 1 1 1 1 1 1 1 1 1 1 1 1 1 1 1 
item 21
57.8268 97.0277 57.6901 100.04 70.0477 118.475 57.3112 149.039 8.99536 90.112 77.6578 67.1588 48.6942 105.397 79.9003 113.083 46.0105 121.861 46.5838 103.677 89.2109 105.037 91.9158 90.1493 73.0838 95.156 44.1135 96.9934 48.9204 121.921 43.4445 106.624 47.5454 89.7554 69.1156 73.9601 40.5731 93.6932 16.4998 92.5615 72.2425 78.9129 34.4842 151.504 55.909 104.71 69.5318 122.946 
292.338 292.338 292.338 292.338 292.338 292.338 292.338 292.338 292.338 292.338 292.338 292.338 292.338 292.338 292.338 292.338 292.338 292.338 292.338 292.338 292.338 292.338 292.338 292.338 292.338 292.338 292.338 292.338 292.338 292.338 292.338 292.338 292.338 292.338 292.338 292.338 292.338 292.338 292.338 292.338 292.338 292.338 292.338 292.338 292.338 292.338 292.338 292.338 
1 1 1 1 1 1 1 1 1 1 1 1 1 1 1 1 1 1 1 1 1 1 1 1 1 1 1 1 1 1 1 1 1 1 1 1 1 1 1 1 1 1 1 1 1 1 1 1 
item 22
54.9389 110.111 36.4596 145.432 48.0955 94.7755 30.2925 140.724 16.4324 133.321 65.9964 116.534 96.6075 80.5969 53.68 61.1748 45.1336 76.3316 43.6516 126.717 37.1411 109.209 38.692 122.553 42.0851 92.894 71.7619 124.195 26.8639 90.7184 29.5918 101.979 77.126 111.708 42.5781 118.685 41.345 92.5403 17.5386 70.4418 33.3938 63.6463 32.4588 99.1025 60.1782 93.7837 70.9124 112.809 
669.567 669.567 669.567 669.567 669.567 669.567 669.567 669.567 669.567 669.567 669.567 669.567 669.567 669.567 669.567 669.567 669.567 669.567 669.567 669.567 669.567 669.567 669.567 669.567 669.567 669.567 669.567 669.567 669.567 669.567 669.567 669.567 669.567 669.567 669.567 669.567 669.567 669.567 669.567 669.567 669.567 669.567 669.567 669.567 669.567 669.567 669.567 669.567 
1 1 1 1 1 1 1 1 1 1 1 1 1 1 1 1 1 1 1 1 1 1 1 1 1 1 1 1 1 1 1 1 1 1 1 1 1 1 1 1 1 1 1 1 1 1 1 1 
item 23
74.2511 94.9073 61.6396 139.616 80.5098 111.574 21.1476 111.27 43.4704 67.3449 113.301 84.8153 68.9297 124.101 66.3178 91.4852 59.1168 94.8698 28.569 133.19 29.8277 114.259 63.7993 106.983 43.5557 89.9791 23.9371 122.892 64.6492 107.049 20.0716 106.403 58.2953 71.4425 32.6636 113.535 64.5057 83.8094 0 107.722 53.3799 93.6496 19.4702 132.335 78.9563 88.1594 32.922 78.114 
1239.45 1239.45 1239.45 1239.45 1239.45 1239.45 1239.45 1239.45 1239.45 1239.45 1239.45 1239.45 1239.45 1239.45 1239.45 1239.45 1239.45 1239.45 1239.45 1239.45 1239.45 1239.45 1239.45 1239.45 1239.45 1239.45 1239.45 1239.45 1239.45 1239.45 1239.45 1239.45 1239.45 1239.45 1239.45 1239.45 1239.45 1239.45 1239.45 1239.45 1239.45 1239.45 1239.45 1239.45 1239.45 1239.45 1239.45 1239.45 
1 1 1 1 1 1 1 1 1 1 1 1 1 1 1 1 1 1 1 1 1 1 1 1 1 1 1 1 1 1 1 1 1 1 1 1 1 1 1 1 1 1 1 1 1 1 1 1 
item 24
49.1074 100.645 23.7903 76.7887 26.9228 91.5903 51.5717 123.468 26.2675 111.738 40.4099 100.582 67.7726 77.5072 69.6658 100.095 46.587 110.816 23.8129 100.093 60.2072 126.751 63.1664 90.8653 35.416 117.362 46.4139 110.745 79.6301 101.095 53.0185 122.642 30.3575 88.5157 66.6846 105.046 70.5024 94.3684 53.5151 77.6603 56.7284 56.7969 48.826 104.653 29.8431 104.345 0 83.1553 
396.822 396.822 396.822 396.822 396.822 396.822 396.822 396.822 396.822 396.822 396.822 396.822 396.822 396.822 396.822 396.822 396.822 396.822 396.822 396.822 396.822 396.822 396.822 396.822 396.822 396.822 396.822 396.822 396.822 396.822 396.822 396.822 396.822 396.822 396.822 396.822 396.822 396.822 396.822 396.822 396.822 396.822 396.822 396.822 396.822 396.822 396.822 396.822 
1 1 1 1 1 1 1 1 1 1 1 1 1 1 1 1 1 1 1 1 1 1 1 1 1 1 1 1 1 1 1 1 1 1 1 1 1 1 1 1 1 1 1 1 1 1 1 1 
item 25
56.9354 76.8048 20.831 126.596 63.3655 106.114 52.5612 70.7601 63.7864 97.1339 35.5427 81.7928 80.3264 111.162 41.4383 102.402 44.0021 116.622 31.2548 91.3221 47.5274 76.3461 54.112 76.4567 42.0295 99.0583 46.1093 116.693 65.7019 110.986 46.5523 125.2 14.2633 131.22 35.4867 109.234 49.3536 121.316 40.8757 96.8508 67.2922 66.1484 64.0044 106.556 63.8361 93.9986 39.2729 120.903 
227.056 227.056 227.056 227.056 227.056 227.056 227.056 227.056 227.056 227.056 227.056 227.056 227.056 227.056 227.056 227.056 227.056 227.056 227.056 227.056 227.056 227.056 227.056 227.056 227.056 227.056 227.056 227.056 227.056 227.056 227.056 227.056 227.056 227.056 227.056 227.056 227.056 227.056 227.056 227.056 227.056 227.056 227.056 227.056 227.056 227.056 227.056 227.056 
1 1 1 1 1 1 1 1 1 1 1 1 1 1 1 1 1 1 1 1 1 1 1 1 1 1 1 1 1 1 1 1 1 1 1 1 1 1 1 1 1 1 1 1 1 1 1 1 
item 26
92.223 114.075 99.368 86.7244 0 69.3167 50.9616 125.557 98.2656 94.9059 14.489 94.0678 34.1789 82.4912 45.5478 84.3188 39.2594 111.607 59.918 98.4811 24.4427 118.218 35.5285 86.9166 53.5813 58.8465 55.9841 90.5325 83.2924 91.1817 37.8662 113.295 36.7353 100.4 47.2681 102.737 70.1389 145.377 88.082 60.7539 55.0539 71.4141 27.4815 95.7836 52.0197 108.686 35.5151 107.819 
320.43 320.43 320.43 320.43 320.43 320.43 320.43 320.43 320.43 320.43 320.43 320.43 320.43 320.43 320.43 320.43 320.43 320.43 320.43 320.43 320.43 320.43 320.43 320.43 320.43 320.43 320.43 320.43 320.43 320.43 320.43 320.43 320.43 320.43 320.43 320.43 320.43 320.43 320.43 320.43 320.43 320.43 320.43 320.43 320.43 320.43 320.43 320.43 
1 1 1 1 1 1 1 1 1 1 1 1 1 1 1 1 1 1 1 1 1 1 1 1 1 1 1 1 1 1 1 1 1 1 1 1 1 1 1 1 1 1 1 1 1 1 1 1 
item 27
63.325 62.3818 66.6976 104.572 41.7392 110.59 50.0444 88.7778 62.0565 79.9506 44.6203 85.0058 47.3495 104.143 51.0594 88.7972 61.2554 94.994 56.3793 124.409 43.9217 88.4129 70.6351 144.613 35.1815 122.862 54.2702 110.823 46.8229 76.1111 81.599 80.2685 26.9394 80.7352 41.1668 105.543 33.2479 87.7708 50.7114 98.9434 96.1132 79.2088 64.6835 66.2115 46.956 119.312 33.2657 112.015 
330.785 330.785 330.785 330.785 330.785 330.785 330.785 330.785 330.785 330.785 330.785 330.785 330.785 330.785 330.785 330.785 330.785 330.785 330.785 330.785 330.785 330.785 330.785 330.785 330.785 330.785 330.785 330.785 330.785 330.785 330.785 330.785 330.785 330.785 330.785 330.785 330.785 330.785 330.785 330.785 330.785 330.785 330.785 330.785 330.785 330.785 330.785 330.785 
1 1 1 1 1 1 1 1 1 1 1 1 1 1 1 1 1 1 1 1 1 1 1 1 1 1 1 1 1 1 1 1 1 1 1 1 1 1 1 1 1 1 1 1 1 1 1 1 
item 28
23.1463 96.3485 59.915 74.0428 78.7337 103.418 60.0275 100.371 39.8941 98.676 67.6 98.3105 75.2008 102.779 45.2843 114.091 33.1441 90.5233 47.1748 98.9459 21.3827 95.7319 35.3787 67.7527 30.8225 98.5038 76.776 126.359 47.4265 95.8877 33.9284 101.346 72.5779 141.297 6.5369 88.6027 59.0283 94.2553 79.9524 132.892 60.2269 80.3642 55.6546 103.127 30.7363 91.1331 69.1734 126.087 
469.372 469.372 469.372 469.372 469.372 469.372 469.372 469.372 469.372 469.372 469.372 469.372 469.372 469.372 469.372 469.372 469.372 469.372 469.372 469.372 469.372 469.372 469.372 469.372 469.372 469.372 469.372 469.372 469.372 469.372 469.372 469.372 469.372 469.372 469.372 469.372 469.372 469.372 469.372 469.372 469.372 469.372 469.372 469.372 469.372 469.372 469.372 469.372 
1 1 1 1 1 1 1 1 1 1 1 1 1 1 1 1 1 1 1 1 1 1 1 1 1 1 1 1 1 1 1 1 1 1 1 1 1 1 1 1 1 1 1 1 1 1 1 1 
item 29
38.007 92.6714 29.5743 84.1457 30.0293 127.533 29.1048 87.3448 85.4966 116.875 58.4909 125.292 102.808 137.179 59.7595 116.176 71.7697 86.5652 82.9618 93.5158 82.9687 130.859 57.4771 79.4588 46.0195 96.2837 65.2201 102.868 57.4211 69.1366 30.4333 111.478 66.8022 93.203 67.5926 94.8376 26.931 90.9728 59.6068 84.4566 64.4838 75.0612 55.8491 67.8107 80.4312 86.4603 45.5975 107.65 
600.771 600.771 600.771 600.771 600.771 600.771 600.771 600.771 600.771 600.771 600.771 600.771 600.771 600.771 600.771 600.771 600.771 600.771 600.771 600.771 600.771 600.771 600.771 600.771 600.771 600.771 600.771 600.771 600.771 600.771 600.771 600.771 600.771 600.771 600.771 600.771 600.771 600.771 600.771 600.771 600.771 600.771 600.771 600.771 600.771 600.771 600.771 600.771 
1 1 1 1 1 1 1 1 1 1 1 1 1 1 1 1 1 1 1 1 1 1 1 1 1 1 1 1 1 1 1 1 1 1 1 1 1 1 1 1 1 1 1 1 1 1 1 1 
item 30
47.9372 84.7124 62.8166 118.339 65.1501 86.4452 49.0994 105.078 83.8501 55.804 69.2744 81.7555 40.0463 125.923 63.7585 89.2012 22.7375 79.7716 17.6113 41.8004 72.0697 115.062 65.3172 102.824 42.9827 123.287 44.0291 109.599 41.3382 120.172 49.9693 62.8223 38.5594 110.272 21.6839 102.826 43.286 93.5091 50.0524 102.464 25.3413 70.7648 69.0458 127.825 62.3142 103.29 71.0857 71.5056 
735.616 735.616 735.616 735.616 735.616 735.616 735.616 735.616 735.616 735.616 735.616 735.616 735.616 735.616 735.616 735.616 735.616 735.616 735.616 735.616 735.616 735.616 735.616 735.616 735.616 735.616 735.616 735.616 735.616 735.616 735.616 735.616 735.616 735.616 735.616 735.616 735.616 735.616 735.616 735.616 735.616 735.616 735.616 735.616 735.616 735.616 735.616 735.616 
1 1 1 1 1 1 1 1 1 1 1 1 1 1 1 1 1 1 1 1 1 1 1 1 1 1 1 1 1 1 1 1 1 1 1 1 1 1 1 1 1 1 1 1 1 1 1 1 
item 31
30.4391 100.245 26.2557 92.086 40.0403 80.8109 27.6066 86.7789 72.0272 80.4112 67.2032 82.0313 74.4978 123.036 81.44 78.8996 48.3852 65.4107 54.8054 84.1977 70.9244 102.078 64.195 123.322 52.612 102.753 49.7961 80.1707 33.0236 99.0732 18.6858 73.7769 60.4389 83.2074 27.8412 110.907 66.5229 94.3944 57.0864 94.5764 52.5274 85.9667 25.9603 75.4761 41.7504 119.617 75.6396 104.556 
388.895 388.895 388.895 388.895 388.895 388.895 388.895 388.895 388.895 388.895 388.895 388.895 388.895 388.895 388.895 388.895 388.895 388.895 388.895 388.895 388.895 388.895 388.895 388.895 388.895 388.895 388.895 388.895 388.895 388.895 388.895 388.895 388.895 388.895 388.895 388.895 388.895 388.895 388.895 388.895 388.895 388.895 388.895 388.895 388.895 388.895 388.895 388.895 
1 1 1 1 1 1 1 1 1 1 1 1 1 1 1 1 1 1 1 1 1 1 1 1 1 1 1 1 1 1 1 1 1 1 1 1 1 1 1 1 1 1 1 1 1 1 1 1 
item 32
33.189 136.61 49.8939 141.758 47.1276 72.4563 58.422 74.6854 43.4846 126.738 66.4794 120.499 50.8559 86.2005 76.5326 67.7581 21.8423 114.653 56.0269 82.596 95.1715 107.05 72.6152 94.8127 78.872 115.678 68.1588 83.2081 68.9192 105.637 51.3319 115.689 77.1675 80.198 59.362 116.348 69.199 94.1839 21.1932 103.263 44.1451 99.6716 19.1581 88.2954 78.1603 106.094 48.3582 116.439 
796.122 796.122 796.122 796.122 796.122 796.122 796.122 796.122 796.122 796.122 796.122 796.122 796.122 796.122 796.122 796.122 796.122 796.122 796.122 796.122 796.122 796.122 796.122 796.122 796.122 796.122 796.122 796.122 796.122 796.122 796.122 796.122 796.122 796.122 796.122 796.122 796.122 796.122 796.122 796.122 796.122 796.122 796.122 796.122 796.122 796.122 796.122 796.122 
1 1 1 1 1 1 1 1 1 1 1 1 1 1 1 1 1 1 1 1 1 1 1 1 1 1 1 1 1 1 1 1 1 1 1 1 1 1 1 1 1 1 1 1 1 1 1 1 
item 33
53.5058 126.914 39.7493 99.7462 64.5893 110.148 6.1722 94.6397 36.9691 73.3723 50.9328 56.5884 29.6883 92.9841 80.3532 103.849 31.0157 76.1046 66.156 112.359 65.0187 45.0224 52.2951 96.2129 31.4509 98.7885 68.952 117.195 46.2578 112.084 56.9123 132.538 15.9138 99.0464 75.0885 108.695 46.0446 74.2046 76.9351 138.014 48.3607 103.767 61.7045 107.12 79.2933 116.284 60.9353 127.59 
904.872 904.872 904.872 904.872 904.872 904.872 904.872 904.872 904.872 904.872 904.872 904.872 904.872 904.872 904.872 904.872 904.872 904.872 904.872 904.872 904.872 904.872 904.872 904.872 904.872 904.872 904.872 904.872 904.872 904.872 904.872 904.872 904.872 904.872 904.872 904.872 904.872 904.872 904.872 904.872 904.872 904.872 904.872 904.872 904.872 904.872 904.872 904.872 
1 1 1 1 1 1 1 1 1 1 1 1 1 1 1 1 1 1 1 1 1 1 1 1 1 1 1 1 1 1 1 1 1 1 1 1 1 1 1 1 1 1 1 1 1 1 1 1 
item 34
33.5945 84.5877 43.1976 98.5306 68.8808 81.9893 40.6393 88.7622 66.8148 106.63 57.7228 90.4641 76.5312 98.6989 37.9353 71.6752 62.1004 86.3462 39.2781 110.739 2.42405 89.2938 20.176 97.6758 55.32 114.683 86.0413 90.3026 39.354 118.537 65.7215 98.7262 27.3819 75.842 93.9818 109.205 46.0474 101.314 64.7569 84.7042 53.8279 61.8308 61.1587 96.3286 44.676 108.148 27.3121 82.1563 
577.308 577.308 577.308 577.308 577.308 577.308 577.308 577.308 577.308 577.308 577.308 577.308 577.308 577.308 577.308 577.308 577.308 577.308 577.308 577.308 577.308 577.308 577.308 577.308 577.308 577.308 577.308 577.308 577.308 577.308 577.308 577.308 577.308 577.308 577.308 577.308 577.308 577.308 577.308 577.308 577.308 577.308 577.308 577.308 577.308 577.308 577.308 577.308 
1 1 1 1 1 1 1 1 1 1 1 1 1 1 1 1 1 1 1 1 1 1 1 1 1 1 1 1 1 1 1 1 1 1 1 1 1 1 1 1 1 1 1 1 1 1 1 1 
item 35
29.105 43.5009 51.0006 126.673 54.2435 86.7559 54.1322 126.326 50.8341 99.9428 86.2656 53.0347 43.9909 81.9861 70.768 104.479 43.9784 118.603 20.7355 130.53 58.3438 74.4451 42.4124 99.369 34.2734 145.11 44.6096 110.523 30.4384 67.0345 4.22906 94.9248 61.4813 116.114 84.4521 100.813 65.1309 117.619 54.6405 105.973 69.9746 94.6836 53.689 70.1838 62.9421 105.184 48.0523 69.4269 
341.668 341.668 341.668 341.668 341.668 341.668 341.668 341.668 341.668 341.668 341.668 341.668 341.668 341.668 341.668 341.668 341.668 341.668 341.668 341.668 341.668 341.668 341.668 341.668 341.668 341.668 341.668 341.668 341.668 341.668 341.668 341.668 341.668 341.668 341.668 341.668 341.668 341.668 341.668 341.668 341.668 341.668 341.668 341.668 341.668 341.668 341.668 341.668 
1 1 1 1 1 1 1 1 1 1 1 1 1 1 1 1 1 1 1 1 1 1 1 1 1 1 1 1 1 1 1 1 1 1 1 1 1 1 1 1 1 1 1 1 1 1 1 1 
item 36
35.0964 97.6149 82.3884 82.9126 51.9607 108.995 17.9778 85.3196 71.8653 95.6743 18.1077 87.668 39.0962 135.792 62.6491 94.5942 83.9103 104.06 48.1731 102.749 42.8128 101.001 81.2315 92.3092 77.5752 110.833 36.3161 83.5051 29.374 129.583 51.5891 134.861 67.2058 93.8484 35.9816 108.282 93.563 103.236 61.1238 71.3661 56.5568 101.242 80.0258 95.3098 83.7618 83.7286 44.7334 87.0499 
434.449 434.449 434.449 434.449 434.449 434.449 434.449 434.449 434.449 434.449 434.449 434.449 434.449 434.449 434.449 434.449 434.449 434.449 434.449 434.449 434.449 434.449 434.449 434.449 434.449 434.449 434.449 434.449 434.449 434.449 434.449 434.449 434.449 434.449 434.449 434.449 434.449 434.449 434.449 434.449 434.449 434.449 434.449 434.449 434.449 434.449 434.449 434.449 
1 1 1 1 1 1 1 1 1 1 1 1 1 1 1 1 1 1 1 1 1 1 1 1 1 1 1 1 1 1 1 1 1 1 1 1 1 1 1 1 1 1 1 1 1 1 1 1 
item 37
30.5705 64.5295 39.5458 124.705 73.8968 136.22 64.0031 119.384 46.93 118.344 0 107.507 43.6534 108.251 28.1293 126.147 8.8128 108.248 57.1704 107.49 51.7022 113.914 74.775 100.652 21.0213 97.8988 53.6787 87.7233 44.693 109.643 68.5541 100.269 33.9039 103.017 45.3202 89.7683 43.2779 85.5133 63.7082 110.814 50.133 106.096 75.1938 109.738 56.2939 77.1257 54.21 106.019 
878.477 878.477 878.477 878.477 878.477 878.477 878.477 878.477 878.477 878.477 878.477 878.477 878.477 878.477 878.477 878.477 878.477 878.477 878.477 878.477 878.477 878.477 878.477 878.477 878.477 878.477 878.477 878.477 878.477 878.477 878.477 878.477 878.477 878.477 878.477 878.477 878.477 878.477 878.477 878.477 878.477 878.477 878.477 878.477 878.477 878.477 878.477 878.477 
1 1 1 1 1 1 1 1 1 1 1 1 1 1 1 1 1 1 1 1 1 1 1 1 1 1 1 1 1 1 1 1 1 1 1 1 1 1 1 1 1 1 1 1 1 1 1 1 
item 38
54.1871 116.017 78.0265 124.537 41.4263 100.124 40.7702 93.0723 37.9594 72.5835 66.2306 101.751 50.2977 122.613 65.3901 108.101 62.0175 88.6306 57.6186 97.6517 44.9146 72.2162 51.1748 109.062 84.4424 82.149 58.6647 114.76 41.5413 107.098 55.5284 84.5677 41.855 94.1696 39.7446 89.9273 37.5246 119.48 34.3092 73.4806 90.3375 122.232 10.8319 64.6947 47.884 114.603 51.2659 91.7943 
753.392 753.392 753.392 753.392 753.392 753.392 753.392 753.392 753.392 753.392 753.392 753.392 753.392 753.392 753.392 753.392 753.392 753.392 753.392 753.392 753.392 753.392 753.392 753.392 753.392 753.392 753.392 753.392 753.392 753.392 753.392 753.392 753.392 753.392 753.392 753.392 753.392 753.392 753.392 753.392 753.392 753.392 753.392 753.392 753.392 753.392 753.392 753.392 
1 1 1 1 1 1 1 1 1 1 1 1 1 1 1 1 1 1 1 1 1 1 1 1 1 1 1 1 1 1 1 1 1 1 1 1 1 1 1 1 1 1 1 1 1 1 1 1 
item 39
72.3039 107.646 50.7412 101.28 49.2174 107.102 39.6793 137.376 64.2204 83.7482 47.0844 86.481 32.2056 113.017 23.4383 103.658 67.7143 121.412 50.153 93.4345 60.0051 74.0174 41.8161 106.07 53.6524 148.583 30.8267 107.152 77.8472 104.475 67.8975 87.8097 50.4983 66.1164 65.0029 114.858 24.781 70.5414 62.5029 119.151 37.1744 119.117 64.2303 113.384 48.9659 81.2466 13.9621 89.6084 
173.146 173.146 173.146 173.146 173.146 173.146 173.146 173.146 173.146 173.146 173.146 173.146 173.146 173.146 173.146 173.146 173.146 173.146 173.146 173.146 173.146 173.146 173.146 173.146 173.146 173.146 173.146 173.146 173.146 173.146 173.146 173.146 173.146 173.146 173.146 173.146 173.146 173.146 173.146 173.146 173.146 173.146 173.146 173.146 173.146 173.146 173.146 173.146 
1 1 1 1 1 1 1 1 1 1 1 1 1 1 1 1 1 1 1 1 1 1 1 1 1 1 1 1 1 1 1 1 1 1 1 1 1 1 1 1 1 1 1 1 1 1 1 1 
