24 10 
-6.27744e+66 606.356 736.323 845.473 1140.85 1306.87 1861.83 2342.65 3128.33 3688.13 4324.8 4907.38 6532.54 7479.5 9090.11 9793.19 11228.3 12883.7 14749.1 15902.9 17132.2 17726.1 19682.4 20673.9 22925.4 
-6.27744e+66 -6.27744e+66 606.356 660.931 857.852 982.361 1426.33 1827.02 2500.46 2990.28 3556.21 4080.53 5557.95 6426 7912.71 8565.58 9905.02 11457 13212.7 14302.3 15466.9 16031.2 17894.3 18840.7 20994.3 
-6.27744e+66 -6.27744e+66 -6.27744e+66 606.356 704.817 787.822 1120.8 1441.35 2002.55 2422.4 2917.59 3383.65 4713.32 5502.46 6865.28 7467.93 8711.69 10160.2 11806.1 12831.7 13931.6 14466.2 16236.1 17137.5 19193.1 
-6.27744e+66 -6.27744e+66 -6.27744e+66 -6.27744e+66 606.356 647.859 869.844 1110.26 1559.22 1909.09 2333.54 2741.34 3923.27 4633.5 5872.43 6424.85 7572.94 8917.97 10454.2 11415.6 12450.9 12955.7 14632.5 15488.8 17446.6 
-6.27744e+66 -6.27744e+66 -6.27744e+66 -6.27744e+66 -6.27744e+66 606.356 717.349 877.623 1214.34 1494.24 1847.95 2197.5 3231.69 3863 4978.03 5480.24 6532.65 7774.22 9200.71 10098.1 11068.6 11543.7 13127.4 13938.6 15798.5 
-6.27744e+66 -6.27744e+66 -6.27744e+66 -6.27744e+66 -6.27744e+66 -6.27744e+66 606.356 686.493 910.974 1120.9 1403.86 1695.15 2581.6 3134 4125.14 4577.12 5533.87 6671.97 7988.73 8821.99 9727.82 10173.3 11663.7 12429.9 14191.9 
-6.27744e+66 -6.27744e+66 -6.27744e+66 -6.27744e+66 -6.27744e+66 -6.27744e+66 -6.27744e+66 606.356 718.596 858.547 1070.77 1303.8 2042.51 2515.99 3383.24 3785 4646.07 5680.71 6887.74 7656.91 8498.03 8913.77 10311.1 11032.2 12696.3 
-6.27744e+66 -6.27744e+66 -6.27744e+66 -6.27744e+66 -6.27744e+66 -6.27744e+66 -6.27744e+66 -6.27744e+66 606.356 676.332 817.814 992.587 1583.55 1978.12 2721.48 3073.02 3838.42 4769.59 5866.89 6571.96 7348.38 7734.43 9038.6 9714.62 11280.9 
-6.27744e+66 -6.27744e+66 -6.27744e+66 -6.27744e+66 -6.27744e+66 -6.27744e+66 -6.27744e+66 -6.27744e+66 -6.27744e+66 606.356 677.098 793.613 1236.84 1552.49 2171.96 2473.28 3143 3970.71 4958.28 5599.25 6310.97 6667.32 7878.34 8509.3 9977.64 
-6.27744e+66 -6.27744e+66 -6.27744e+66 -6.27744e+66 -6.27744e+66 -6.27744e+66 -6.27744e+66 -6.27744e+66 -6.27744e+66 -6.27744e+66 606.356 664.614 960.097 1196.84 1692.41 1943.51 2517.56 3241.81 4119.65 4696.52 5343.54 5670.19 6788.05 7373.94 8744.4 
-6.27744e+66 -6.27744e+66 -6.27744e+66 -6.27744e+66 -6.27744e+66 -6.27744e+66 -6.27744e+66 -6.27744e+66 -6.27744e+66 -6.27744e+66 -6.27744e+66 606.356 754.098 911.926 1283.6 1484.49 1962.86 2583.64 3351.75 3864.53 4446.84 4743.8 5768.51 6309.33 7581.89 
-6.27744e+66 -6.27744e+66 -6.27744e+66 -6.27744e+66 -6.27744e+66 -6.27744e+66 -6.27744e+66 -6.27744e+66 -6.27744e+66 -6.27744e+66 -6.27744e+66 -6.27744e+66 606.356 685.27 933.056 1083.72 1466.41 1983.73 2642.11 3090.79 3608.41 3875.67 4807.22 5302.97 6477.65 
-6.27744e+66 -6.27744e+66 -6.27744e+66 -6.27744e+66 -6.27744e+66 -6.27744e+66 -6.27744e+66 -6.27744e+66 -6.27744e+66 -6.27744e+66 -6.27744e+66 -6.27744e+66 -6.27744e+66 606.356 730.249 830.69 1117.71 1531.57 2080.22 2464.8 2917.71 3155.28 3993.68 4444.36 5521.15 
-6.27744e+66 -6.27744e+66 -6.27744e+66 -6.27744e+66 -6.27744e+66 -6.27744e+66 -6.27744e+66 -6.27744e+66 -6.27744e+66 -6.27744e+66 -6.27744e+66 -6.27744e+66 -6.27744e+66 -6.27744e+66 606.356 656.577 847.925 1158.32 1597.24 1917.72 2305.93 2513.81 3259.05 3664.66 4643.56 
-6.27744e+66 -6.27744e+66 -6.27744e+66 -6.27744e+66 -6.27744e+66 -6.27744e+66 -6.27744e+66 -6.27744e+66 -6.27744e+66 -6.27744e+66 -6.27744e+66 -6.27744e+66 -6.27744e+66 -6.27744e+66 -6.27744e+66 606.356 702.031 908.959 1238.15 1494.54 1818.05 1996.22 2648.31 3008.85 3889.86 
-6.27744e+66 -6.27744e+66 -6.27744e+66 -6.27744e+66 -6.27744e+66 -6.27744e+66 -6.27744e+66 -6.27744e+66 -6.27744e+66 -6.27744e+66 -6.27744e+66 -6.27744e+66 -6.27744e+66 -6.27744e+66 -6.27744e+66 -6.27744e+66 606.356 709.82 929.28 1121.57 1380.38 1528.86 2087.79 2403.27 3186.38 
-6.27744e+66 -6.27744e+66 -6.27744e+66 -6.27744e+66 -6.27744e+66 -6.27744e+66 -6.27744e+66 -6.27744e+66 -6.27744e+66 -6.27744e+66 -6.27744e+66 -6.27744e+66 -6.27744e+66 -6.27744e+66 -6.27744e+66 -6.27744e+66 -6.27744e+66 606.356 716.086 844.28 1038.39 1157.17 1622.94 1893.36 2578.58 
-6.27744e+66 -6.27744e+66 -6.27744e+66 -6.27744e+66 -6.27744e+66 -6.27744e+66 -6.27744e+66 -6.27744e+66 -6.27744e+66 -6.27744e+66 -6.27744e+66 -6.27744e+66 -6.27744e+66 -6.27744e+66 -6.27744e+66 -6.27744e+66 -6.27744e+66 -6.27744e+66 606.356 670.453 799.857 888.945 1261.57 1486.91 2074.24 
-6.27744e+66 -6.27744e+66 -6.27744e+66 -6.27744e+66 -6.27744e+66 -6.27744e+66 -6.27744e+66 -6.27744e+66 -6.27744e+66 -6.27744e+66 -6.27744e+66 -6.27744e+66 -6.27744e+66 -6.27744e+66 -6.27744e+66 -6.27744e+66 -6.27744e+66 -6.27744e+66 -6.27744e+66 606.356 671.058 730.45 1009.92 1190.19 1679.64 
-6.27744e+66 -6.27744e+66 -6.27744e+66 -6.27744e+66 -6.27744e+66 -6.27744e+66 -6.27744e+66 -6.27744e+66 -6.27744e+66 -6.27744e+66 -6.27744e+66 -6.27744e+66 -6.27744e+66 -6.27744e+66 -6.27744e+66 -6.27744e+66 -6.27744e+66 -6.27744e+66 -6.27744e+66 -6.27744e+66 606.356 636.052 822.362 957.568 1349.13 
-6.27744e+66 -6.27744e+66 -6.27744e+66 -6.27744e+66 -6.27744e+66 -6.27744e+66 -6.27744e+66 -6.27744e+66 -6.27744e+66 -6.27744e+66 -6.27744e+66 -6.27744e+66 -6.27744e+66 -6.27744e+66 -6.27744e+66 -6.27744e+66 -6.27744e+66 -6.27744e+66 -6.27744e+66 -6.27744e+66 -6.27744e+66 606.356 699.511 789.648 1083.32 
-6.27744e+66 -6.27744e+66 -6.27744e+66 -6.27744e+66 -6.27744e+66 -6.27744e+66 -6.27744e+66 -6.27744e+66 -6.27744e+66 -6.27744e+66 -6.27744e+66 -6.27744e+66 -6.27744e+66 -6.27744e+66 -6.27744e+66 -6.27744e+66 -6.27744e+66 -6.27744e+66 -6.27744e+66 -6.27744e+66 -6.27744e+66 -6.27744e+66 606.356 651.425 847.204 
-6.27744e+66 -6.27744e+66 -6.27744e+66 -6.27744e+66 -6.27744e+66 -6.27744e+66 -6.27744e+66 -6.27744e+66 -6.27744e+66 -6.27744e+66 -6.27744e+66 -6.27744e+66 -6.27744e+66 -6.27744e+66 -6.27744e+66 -6.27744e+66 -6.27744e+66 -6.27744e+66 -6.27744e+66 -6.27744e+66 -6.27744e+66 -6.27744e+66 -6.27744e+66 606.356 704.246 
-6.27744e+66 -6.27744e+66 -6.27744e+66 -6.27744e+66 -6.27744e+66 -6.27744e+66 -6.27744e+66 -6.27744e+66 -6.27744e+66 -6.27744e+66 -6.27744e+66 -6.27744e+66 -6.27744e+66 -6.27744e+66 -6.27744e+66 -6.27744e+66 -6.27744e+66 -6.27744e+66 -6.27744e+66 -6.27744e+66 -6.27744e+66 -6.27744e+66 -6.27744e+66 -6.27744e+66 606.356 
-6.27744e+66 -6.27744e+66 -6.27744e+66 -6.27744e+66 -6.27744e+66 -6.27744e+66 -6.27744e+66 -6.27744e+66 -6.27744e+66 -6.27744e+66 -6.27744e+66 -6.27744e+66 -6.27744e+66 -6.27744e+66 -6.27744e+66 -6.27744e+66 -6.27744e+66 -6.27744e+66 -6.27744e+66 -6.27744e+66 -6.27744e+66 -6.27744e+66 -6.27744e+66 -6.27744e+66 -6.27744e+66 
-6.27744e+66 434.02 522.384 622.264 902.697 1057.05 1463.23 1838.42 2566.38 2888.61 3670.73 4426.51 5457.91 6266.22 7566.74 8430.46 9551.95 10835.2 12471.6 12718.1 14609.9 15444.4 17581.4 18878.5 21606.6 
-6.27744e+66 -6.27744e+66 434.02 483.96 670.915 786.68 1111.62 1424.28 2048.25 2330.2 3025.42 3705.62 4643.26 5384.21 6584.69 7386.71 8433.43 9636.52 11176.7 11409.4 13201.7 13994.5 16029.7 17267.8 19877.3 
-6.27744e+66 -6.27744e+66 -6.27744e+66 434.02 527.498 604.674 848.38 1098.51 1618.48 1860.16 2468.47 3073.09 3916.97 4590.56 5691 6431.33 7403.28 8526.17 9970.05 10189.1 11881.8 12632.9 14566.3 15745.5 18236.4 
-6.27744e+66 -6.27744e+66 -6.27744e+66 -6.27744e+66 434.02 472.608 635.079 822.677 1238.65 1440.05 1961.46 2490.51 3240.62 3846.85 4847.25 5525.89 6423.07 7465.75 8813.38 9018.74 10611.9 11321.2 13152.9 14273.1 16645.4 
-6.27744e+66 -6.27744e+66 -6.27744e+66 -6.27744e+66 -6.27744e+66 434.02 515.255 640.321 952.302 1113.42 1547.93 2001.4 2657.74 3196.62 4096.97 4713.92 5536.34 6498.81 7750.18 7941.85 9435.43 10103 11832.9 12894.2 15147.9 
-6.27744e+66 -6.27744e+66 -6.27744e+66 -6.27744e+66 -6.27744e+66 -6.27744e+66 434.02 496.553 704.54 825.379 1172.99 1550.88 2113.46 2584.97 3385.29 3940.54 4688.2 5570.46 6725.57 6903.55 8297.55 8923.44 10551.6 11553.9 13689 
-6.27744e+66 -6.27744e+66 -6.27744e+66 -6.27744e+66 -6.27744e+66 -6.27744e+66 -6.27744e+66 434.02 538.014 618.573 879.278 1181.59 1650.41 2054.56 2754.84 3248.4 3921.29 4723.35 5782.2 5946.49 7240.92 7825.07 9351.46 10294.8 12311.3 
-6.27744e+66 -6.27744e+66 -6.27744e+66 -6.27744e+66 -6.27744e+66 -6.27744e+66 -6.27744e+66 -6.27744e+66 434.02 474.3 648.103 874.838 1249.89 1586.69 2186.93 2618.79 3216.91 3938.77 4901.36 5051.95 6246.82 6789.25 8213.87 9098.29 10996.1 
-6.27744e+66 -6.27744e+66 -6.27744e+66 -6.27744e+66 -6.27744e+66 -6.27744e+66 -6.27744e+66 -6.27744e+66 -6.27744e+66 434.02 520.922 672.078 953.369 1222.8 1723 2093.17 2616.53 3258.18 4124.51 4261.42 5356.71 5857.41 7180.28 8005.73 9784.93 
-6.27744e+66 -6.27744e+66 -6.27744e+66 -6.27744e+66 -6.27744e+66 -6.27744e+66 -6.27744e+66 -6.27744e+66 -6.27744e+66 -6.27744e+66 434.02 509.598 697.125 899.202 1299.36 1607.84 2056.43 2617.87 3387.94 3511.16 4506.88 4965.86 6186.96 6953.46 8614.04 
-6.27744e+66 -6.27744e+66 -6.27744e+66 -6.27744e+66 -6.27744e+66 -6.27744e+66 -6.27744e+66 -6.27744e+66 -6.27744e+66 -6.27744e+66 -6.27744e+66 434.02 527.784 662.502 962.621 1209.4 1583.23 2064.46 2738.28 2847.8 3743.95 4161.2 5280.55 5988.08 7530.06 
-6.27744e+66 -6.27744e+66 -6.27744e+66 -6.27744e+66 -6.27744e+66 -6.27744e+66 -6.27744e+66 -6.27744e+66 -6.27744e+66 -6.27744e+66 -6.27744e+66 -6.27744e+66 434.02 501.379 701.459 886.543 1185.6 1586.64 2164.19 2260.02 3056.6 3432.13 4449.72 5098.29 6521.65 
-6.27744e+66 -6.27744e+66 -6.27744e+66 -6.27744e+66 -6.27744e+66 -6.27744e+66 -6.27744e+66 -6.27744e+66 -6.27744e+66 -6.27744e+66 -6.27744e+66 -6.27744e+66 -6.27744e+66 434.02 534.06 657.449 881.746 1202.57 1683.86 1766.01 2463.01 2796.81 3712.65 4302.26 5607 
-6.27744e+66 -6.27744e+66 -6.27744e+66 -6.27744e+66 -6.27744e+66 -6.27744e+66 -6.27744e+66 -6.27744e+66 -6.27744e+66 -6.27744e+66 -6.27744e+66 -6.27744e+66 -6.27744e+66 -6.27744e+66 434.02 495.715 645.246 885.864 1270.9 1339.35 1936.78 2228.86 3042.93 3573.58 4759.72 
-6.27744e+66 -6.27744e+66 -6.27744e+66 -6.27744e+66 -6.27744e+66 -6.27744e+66 -6.27744e+66 -6.27744e+66 -6.27744e+66 -6.27744e+66 -6.27744e+66 -6.27744e+66 -6.27744e+66 -6.27744e+66 -6.27744e+66 434.02 508.785 669.198 957.974 1012.74 1510.6 1760.95 2473.26 2944.95 4012.47 
-6.27744e+66 -6.27744e+66 -6.27744e+66 -6.27744e+66 -6.27744e+66 -6.27744e+66 -6.27744e+66 -6.27744e+66 -6.27744e+66 -6.27744e+66 -6.27744e+66 -6.27744e+66 -6.27744e+66 -6.27744e+66 -6.27744e+66 -6.27744e+66 434.02 514.226 706.744 747.816 1146.1 1354.73 1965.28 2378.01 3326.92 
-6.27744e+66 -6.27744e+66 -6.27744e+66 -6.27744e+66 -6.27744e+66 -6.27744e+66 -6.27744e+66 -6.27744e+66 -6.27744e+66 -6.27744e+66 -6.27744e+66 -6.27744e+66 -6.27744e+66 -6.27744e+66 -6.27744e+66 -6.27744e+66 -6.27744e+66 434.02 530.279 557.66 856.376 1023.28 1532.07 1885.84 2716.13 
-6.27744e+66 -6.27744e+66 -6.27744e+66 -6.27744e+66 -6.27744e+66 -6.27744e+66 -6.27744e+66 -6.27744e+66 -6.27744e+66 -6.27744e+66 -6.27744e+66 -6.27744e+66 -6.27744e+66 -6.27744e+66 -6.27744e+66 -6.27744e+66 -6.27744e+66 -6.27744e+66 434.02 447.711 646.854 772.031 1179.07 1473.87 2185.55 
-6.27744e+66 -6.27744e+66 -6.27744e+66 -6.27744e+66 -6.27744e+66 -6.27744e+66 -6.27744e+66 -6.27744e+66 -6.27744e+66 -6.27744e+66 -6.27744e+66 -6.27744e+66 -6.27744e+66 -6.27744e+66 -6.27744e+66 -6.27744e+66 -6.27744e+66 -6.27744e+66 -6.27744e+66 434.02 533.592 617.043 922.32 1158.16 1751.23 
-6.27744e+66 -6.27744e+66 -6.27744e+66 -6.27744e+66 -6.27744e+66 -6.27744e+66 -6.27744e+66 -6.27744e+66 -6.27744e+66 -6.27744e+66 -6.27744e+66 -6.27744e+66 -6.27744e+66 -6.27744e+66 -6.27744e+66 -6.27744e+66 -6.27744e+66 -6.27744e+66 -6.27744e+66 -6.27744e+66 434.02 475.745 679.263 856.146 1330.6 
-6.27744e+66 -6.27744e+66 -6.27744e+66 -6.27744e+66 -6.27744e+66 -6.27744e+66 -6.27744e+66 -6.27744e+66 -6.27744e+66 -6.27744e+66 -6.27744e+66 -6.27744e+66 -6.27744e+66 -6.27744e+66 -6.27744e+66 -6.27744e+66 -6.27744e+66 -6.27744e+66 -6.27744e+66 -6.27744e+66 -6.27744e+66 434.02 535.779 653.701 1009.54 
-6.27744e+66 -6.27744e+66 -6.27744e+66 -6.27744e+66 -6.27744e+66 -6.27744e+66 -6.27744e+66 -6.27744e+66 -6.27744e+66 -6.27744e+66 -6.27744e+66 -6.27744e+66 -6.27744e+66 -6.27744e+66 -6.27744e+66 -6.27744e+66 -6.27744e+66 -6.27744e+66 -6.27744e+66 -6.27744e+66 -6.27744e+66 -6.27744e+66 434.02 492.981 730.208 
-6.27744e+66 -6.27744e+66 -6.27744e+66 -6.27744e+66 -6.27744e+66 -6.27744e+66 -6.27744e+66 -6.27744e+66 -6.27744e+66 -6.27744e+66 -6.27744e+66 -6.27744e+66 -6.27744e+66 -6.27744e+66 -6.27744e+66 -6.27744e+66 -6.27744e+66 -6.27744e+66 -6.27744e+66 -6.27744e+66 -6.27744e+66 -6.27744e+66 -6.27744e+66 434.02 552.633 
-6.27744e+66 -6.27744e+66 -6.27744e+66 -6.27744e+66 -6.27744e+66 -6.27744e+66 -6.27744e+66 -6.27744e+66 -6.27744e+66 -6.27744e+66 -6.27744e+66 -6.27744e+66 -6.27744e+66 -6.27744e+66 -6.27744e+66 -6.27744e+66 -6.27744e+66 -6.27744e+66 -6.27744e+66 -6.27744e+66 -6.27744e+66 -6.27744e+66 -6.27744e+66 -6.27744e+66 434.02 
-6.27744e+66 -6.27744e+66 -6.27744e+66 -6.27744e+66 -6.27744e+66 -6.27744e+66 -6.27744e+66 -6.27744e+66 -6.27744e+66 -6.27744e+66 -6.27744e+66 -6.27744e+66 -6.27744e+66 -6.27744e+66 -6.27744e+66 -6.27744e+66 -6.27744e+66 -6.27744e+66 -6.27744e+66 -6.27744e+66 -6.27744e+66 -6.27744e+66 -6.27744e+66 -6.27744e+66 -6.27744e+66 
-6.27744e+66 604.653 680.809 770.651 1078.37 1235.44 1680.26 2021.4 2742.81 3207.87 4196.07 4767.18 5772.26 6099.25 7570.79 8086.82 9782.34 9956.76 12314.9 13390.4 15724.7 17395.3 20003.6 21004.6 22632 
-6.27744e+66 -6.27744e+66 604.653 649.574 854.722 972.519 1328.38 1612.66 2231.01 2637.94 3516.34 4030.34 4944.05 5243.79 6602.13 7081.31 8663.79 8827.3 11046.7 12062.5 14274 15861 18345.1 19300.6 20857.3 
-6.27744e+66 -6.27744e+66 -6.27744e+66 604.653 707.227 785.758 1052.65 1280.08 1795.37 2144.17 2912.76 3369.65 4192 4464.49 5709.63 6151.95 7621.4 7774.01 9854.7 10810.7 12899.3 14402.8 16762.8 17672.7 19158.6 
-6.27744e+66 -6.27744e+66 -6.27744e+66 -6.27744e+66 604.653 643.918 821.846 992.418 1404.65 1695.32 2354.11 2753.89 3484.86 3730.1 4862.06 5267.51 6623.93 6765.64 8707.62 9603.89 11569.6 12989.6 15225.3 16089.8 17505 
-6.27744e+66 -6.27744e+66 -6.27744e+66 -6.27744e+66 -6.27744e+66 604.653 693.617 807.331 1116.51 1349.04 1898.03 2240.7 2880.3 3098.29 4117.05 4485.65 5729.03 5859.84 7663.1 8499.63 10342.5 11679 13790.5 14609.4 15953.8 
-6.27744e+66 -6.27744e+66 -6.27744e+66 -6.27744e+66 -6.27744e+66 -6.27744e+66 604.653 661.51 867.628 1042.03 1481.22 1766.78 2315.01 2505.75 3411.31 3743.05 4873.4 4993.3 6657.86 7434.63 9154.66 10407.6 12394.9 13168.4 14442 
-6.27744e+66 -6.27744e+66 -6.27744e+66 -6.27744e+66 -6.27744e+66 -6.27744e+66 -6.27744e+66 604.653 707.712 823.977 1153.37 1381.82 1838.68 2002.17 2794.54 3089.41 4106.73 4215.73 5741.57 6458.59 8055.76 9225.15 11088.3 11816.2 13019.1 
-6.27744e+66 -6.27744e+66 -6.27744e+66 -6.27744e+66 -6.27744e+66 -6.27744e+66 -6.27744e+66 -6.27744e+66 604.653 662.785 882.384 1053.72 1419.2 1555.45 2234.62 2492.64 3396.91 3495.02 4882.15 5539.42 7013.73 8099.59 9838.49 10521 11653.1 
-6.27744e+66 -6.27744e+66 -6.27744e+66 -6.27744e+66 -6.27744e+66 -6.27744e+66 -6.27744e+66 -6.27744e+66 -6.27744e+66 604.653 714.452 828.675 1102.79 1211.78 1777.76 1998.92 2790.16 2877.37 4125.78 4723.3 6074.75 7077.08 8691.77 9328.75 10390.1 
-6.27744e+66 -6.27744e+66 -6.27744e+66 -6.27744e+66 -6.27744e+66 -6.27744e+66 -6.27744e+66 -6.27744e+66 -6.27744e+66 -6.27744e+66 604.653 661.764 844.507 926.254 1379.03 1563.33 2241.54 2317.85 3427.55 3965.31 5193.91 6112.71 7603.19 8194.67 9185.28 
-6.27744e+66 -6.27744e+66 -6.27744e+66 -6.27744e+66 -6.27744e+66 -6.27744e+66 -6.27744e+66 -6.27744e+66 -6.27744e+66 -6.27744e+66 -6.27744e+66 604.653 696.024 750.522 1090.11 1237.55 1802.72 1868.12 2839.11 3317.13 4422.86 5258.14 6624.41 7170.39 8090.25 
-6.27744e+66 -6.27744e+66 -6.27744e+66 -6.27744e+66 -6.27744e+66 -6.27744e+66 -6.27744e+66 -6.27744e+66 -6.27744e+66 -6.27744e+66 -6.27744e+66 -6.27744e+66 604.653 631.902 858.292 968.871 1421.01 1475.51 2307.79 2726.05 3708.93 4460.67 5702.74 6203.22 7052.32 
-6.27744e+66 -6.27744e+66 -6.27744e+66 -6.27744e+66 -6.27744e+66 -6.27744e+66 -6.27744e+66 -6.27744e+66 -6.27744e+66 -6.27744e+66 -6.27744e+66 -6.27744e+66 -6.27744e+66 604.653 717.848 791.567 1130.67 1174.27 1867.84 2226.35 3086.36 3754.58 4872.45 5327.43 6105.77 
-6.27744e+66 -6.27744e+66 -6.27744e+66 -6.27744e+66 -6.27744e+66 -6.27744e+66 -6.27744e+66 -6.27744e+66 -6.27744e+66 -6.27744e+66 -6.27744e+66 -6.27744e+66 -6.27744e+66 -6.27744e+66 604.653 641.512 867.582 900.284 1455.13 1753.89 2491.05 3075.74 4069.4 4478.88 5186.46 
-6.27744e+66 -6.27744e+66 -6.27744e+66 -6.27744e+66 -6.27744e+66 -6.27744e+66 -6.27744e+66 -6.27744e+66 -6.27744e+66 -6.27744e+66 -6.27744e+66 -6.27744e+66 -6.27744e+66 -6.27744e+66 -6.27744e+66 604.653 717.687 739.489 1155.63 1394.63 2008.93 2510.1 3379.55 3743.53 4380.35 
-6.27744e+66 -6.27744e+66 -6.27744e+66 -6.27744e+66 -6.27744e+66 -6.27744e+66 -6.27744e+66 -6.27744e+66 -6.27744e+66 -6.27744e+66 -6.27744e+66 -6.27744e+66 -6.27744e+66 -6.27744e+66 -6.27744e+66 -6.27744e+66 604.653 615.553 892.979 1072.23 1563.67 1981.31 2726.55 3045.04 3611.1 
-6.27744e+66 -6.27744e+66 -6.27744e+66 -6.27744e+66 -6.27744e+66 -6.27744e+66 -6.27744e+66 -6.27744e+66 -6.27744e+66 -6.27744e+66 -6.27744e+66 -6.27744e+66 -6.27744e+66 -6.27744e+66 -6.27744e+66 -6.27744e+66 -6.27744e+66 604.653 743.365 862.869 1231.45 1565.56 2186.59 2459.58 2954.89 
-6.27744e+66 -6.27744e+66 -6.27744e+66 -6.27744e+66 -6.27744e+66 -6.27744e+66 -6.27744e+66 -6.27744e+66 -6.27744e+66 -6.27744e+66 -6.27744e+66 -6.27744e+66 -6.27744e+66 -6.27744e+66 -6.27744e+66 -6.27744e+66 -6.27744e+66 -6.27744e+66 604.653 664.404 910.123 1160.71 1657.53 1885.02 2309.57 
-6.27744e+66 -6.27744e+66 -6.27744e+66 -6.27744e+66 -6.27744e+66 -6.27744e+66 -6.27744e+66 -6.27744e+66 -6.27744e+66 -6.27744e+66 -6.27744e+66 -6.27744e+66 -6.27744e+66 -6.27744e+66 -6.27744e+66 -6.27744e+66 -6.27744e+66 -6.27744e+66 -6.27744e+66 604.653 727.512 894.567 1267.19 1449.18 1802.97 
-6.27744e+66 -6.27744e+66 -6.27744e+66 -6.27744e+66 -6.27744e+66 -6.27744e+66 -6.27744e+66 -6.27744e+66 -6.27744e+66 -6.27744e+66 -6.27744e+66 -6.27744e+66 -6.27744e+66 -6.27744e+66 -6.27744e+66 -6.27744e+66 -6.27744e+66 -6.27744e+66 -6.27744e+66 -6.27744e+66 604.653 688.18 936.594 1073.09 1356.12 
-6.27744e+66 -6.27744e+66 -6.27744e+66 -6.27744e+66 -6.27744e+66 -6.27744e+66 -6.27744e+66 -6.27744e+66 -6.27744e+66 -6.27744e+66 -6.27744e+66 -6.27744e+66 -6.27744e+66 -6.27744e+66 -6.27744e+66 -6.27744e+66 -6.27744e+66 -6.27744e+66 -6.27744e+66 -6.27744e+66 -6.27744e+66 604.653 728.86 819.856 1032.13 
-6.27744e+66 -6.27744e+66 -6.27744e+66 -6.27744e+66 -6.27744e+66 -6.27744e+66 -6.27744e+66 -6.27744e+66 -6.27744e+66 -6.27744e+66 -6.27744e+66 -6.27744e+66 -6.27744e+66 -6.27744e+66 -6.27744e+66 -6.27744e+66 -6.27744e+66 -6.27744e+66 -6.27744e+66 -6.27744e+66 -6.27744e+66 -6.27744e+66 604.653 650.151 791.667 
-6.27744e+66 -6.27744e+66 -6.27744e+66 -6.27744e+66 -6.27744e+66 -6.27744e+66 -6.27744e+66 -6.27744e+66 -6.27744e+66 -6.27744e+66 -6.27744e+66 -6.27744e+66 -6.27744e+66 -6.27744e+66 -6.27744e+66 -6.27744e+66 -6.27744e+66 -6.27744e+66 -6.27744e+66 -6.27744e+66 -6.27744e+66 -6.27744e+66 -6.27744e+66 604.653 675.411 
-6.27744e+66 -6.27744e+66 -6.27744e+66 -6.27744e+66 -6.27744e+66 -6.27744e+66 -6.27744e+66 -6.27744e+66 -6.27744e+66 -6.27744e+66 -6.27744e+66 -6.27744e+66 -6.27744e+66 -6.27744e+66 -6.27744e+66 -6.27744e+66 -6.27744e+66 -6.27744e+66 -6.27744e+66 -6.27744e+66 -6.27744e+66 -6.27744e+66 -6.27744e+66 -6.27744e+66 604.653 
-6.27744e+66 -6.27744e+66 -6.27744e+66 -6.27744e+66 -6.27744e+66 -6.27744e+66 -6.27744e+66 -6.27744e+66 -6.27744e+66 -6.27744e+66 -6.27744e+66 -6.27744e+66 -6.27744e+66 -6.27744e+66 -6.27744e+66 -6.27744e+66 -6.27744e+66 -6.27744e+66 -6.27744e+66 -6.27744e+66 -6.27744e+66 -6.27744e+66 -6.27744e+66 -6.27744e+66 -6.27744e+66 
-6.27744e+66 760.837 893.225 977.807 1169.44 1443.63 1931.72 2295.48 3004.25 3480.13 4411.3 4984.23 5894.93 6369.75 8088.74 8687.92 10032.5 10136.2 11344.5 12530.7 14630.2 16283.6 19094.5 19938.3 22478.9 
-6.27744e+66 -6.27744e+66 760.837 803.128 930.886 1136.53 1527 1830.13 2437.65 2854.04 3681.75 4197.39 5025.29 5460.55 7047.3 7603.69 8858.68 8955.81 10093.1 11213.4 13202.4 14773.1 17450.1 18255.6 20685.7 
-6.27744e+66 -6.27744e+66 -6.27744e+66 760.837 824.716 961.811 1254.66 1497.17 2003.44 2360.34 3084.59 3542.93 4288.04 4683.73 6138.26 6651.85 7817.19 7907.85 8974.04 10028.5 11906.9 13395 15938.2 16705.3 19024.9 
-6.27744e+66 -6.27744e+66 -6.27744e+66 -6.27744e+66 760.837 829.384 1024.62 1206.5 1611.51 1908.93 2529.72 2930.77 3593.09 3949.21 5271.51 5742.29 6818 6902.18 7897.29 8885.82 10653.8 12059.1 14468.5 15197.2 17406.5 
-6.27744e+66 -6.27744e+66 -6.27744e+66 -6.27744e+66 -6.27744e+66 760.837 858.454 979.707 1283.47 1521.41 2038.72 2382.48 2962.01 3278.56 4468.63 4896.62 5882.68 5960.39 6884.42 7807.05 9464.53 10787.2 13062.7 13753.1 15851.8 
-6.27744e+66 -6.27744e+66 -6.27744e+66 -6.27744e+66 -6.27744e+66 -6.27744e+66 760.837 821.463 1023.97 1202.42 1616.28 1902.74 2399.48 2676.47 3734.3 4119.5 5015.91 5087.15 5940.09 6796.83 8343.8 9583.81 11725.5 12377.5 14365.8 
-6.27744e+66 -6.27744e+66 -6.27744e+66 -6.27744e+66 -6.27744e+66 -6.27744e+66 -6.27744e+66 760.837 862.09 981.06 1291.45 1520.62 1934.57 2171.99 3097.59 3439.99 4246.76 4311.52 5093.39 5884.22 7320.7 8478.04 10485.8 11099.5 12977.3 
-6.27744e+66 -6.27744e+66 -6.27744e+66 -6.27744e+66 -6.27744e+66 -6.27744e+66 -6.27744e+66 -6.27744e+66 760.837 820.321 1027.25 1199.13 1530.29 1728.13 2521.51 2821.1 3538.24 3596.52 4307.31 5032.24 6358.22 7432.89 9306.84 9882.15 11649.5 
-6.27744e+66 -6.27744e+66 -6.27744e+66 -6.27744e+66 -6.27744e+66 -6.27744e+66 -6.27744e+66 -6.27744e+66 -6.27744e+66 760.837 864.301 978.886 1227.26 1385.53 2046.68 2303.48 2930.97 2982.77 3622.49 4281.51 5496.99 6489 8229.09 8766.05 10423 
-6.27744e+66 -6.27744e+66 -6.27744e+66 -6.27744e+66 -6.27744e+66 -6.27744e+66 -6.27744e+66 -6.27744e+66 -6.27744e+66 -6.27744e+66 760.837 818.13 983.71 1102.42 1631.34 1845.33 2383.18 2428.51 2997.14 3590.27 4695.25 5604.59 7210.83 7709.43 9255.89 
-6.27744e+66 -6.27744e+66 -6.27744e+66 -6.27744e+66 -6.27744e+66 -6.27744e+66 -6.27744e+66 -6.27744e+66 -6.27744e+66 -6.27744e+66 -6.27744e+66 760.837 843.627 922.765 1319.45 1490.65 1938.86 1977.71 2475.27 3002.49 3996.97 4823.64 6296.03 6756.28 8192.27 
-6.27744e+66 -6.27744e+66 -6.27744e+66 -6.27744e+66 -6.27744e+66 -6.27744e+66 -6.27744e+66 -6.27744e+66 -6.27744e+66 -6.27744e+66 -6.27744e+66 -6.27744e+66 760.837 800.406 1064.87 1193.26 1551.83 1584.21 2010.68 2472 3355.99 4099.99 5438.52 5860.42 7185.95 
-6.27744e+66 -6.27744e+66 -6.27744e+66 -6.27744e+66 -6.27744e+66 -6.27744e+66 -6.27744e+66 -6.27744e+66 -6.27744e+66 -6.27744e+66 -6.27744e+66 -6.27744e+66 -6.27744e+66 760.837 893.067 978.665 1247.59 1273.49 1628.89 2024.3 2797.79 3459.13 4663.81 5047.35 6262.42 
-6.27744e+66 -6.27744e+66 -6.27744e+66 -6.27744e+66 -6.27744e+66 -6.27744e+66 -6.27744e+66 -6.27744e+66 -6.27744e+66 -6.27744e+66 -6.27744e+66 -6.27744e+66 -6.27744e+66 -6.27744e+66 760.837 803.636 982.919 1002.35 1286.66 1616.17 2279.17 2857.84 3928.66 4273.85 5378.46 
-6.27744e+66 -6.27744e+66 -6.27744e+66 -6.27744e+66 -6.27744e+66 -6.27744e+66 -6.27744e+66 -6.27744e+66 -6.27744e+66 -6.27744e+66 -6.27744e+66 -6.27744e+66 -6.27744e+66 -6.27744e+66 -6.27744e+66 760.837 850.479 863.43 1076.67 1340.28 1892.77 2388.77 3325.74 3632.58 4626.73 
-6.27744e+66 -6.27744e+66 -6.27744e+66 -6.27744e+66 -6.27744e+66 -6.27744e+66 -6.27744e+66 -6.27744e+66 -6.27744e+66 -6.27744e+66 -6.27744e+66 -6.27744e+66 -6.27744e+66 -6.27744e+66 -6.27744e+66 -6.27744e+66 760.837 767.313 909.471 1107.18 1549.17 1962.51 2765.63 3034.11 3917.8 
-6.27744e+66 -6.27744e+66 -6.27744e+66 -6.27744e+66 -6.27744e+66 -6.27744e+66 -6.27744e+66 -6.27744e+66 -6.27744e+66 -6.27744e+66 -6.27744e+66 -6.27744e+66 -6.27744e+66 -6.27744e+66 -6.27744e+66 -6.27744e+66 -6.27744e+66 760.837 831.916 963.721 1295.22 1625.88 2295.15 2525.28 3298.5 
-6.27744e+66 -6.27744e+66 -6.27744e+66 -6.27744e+66 -6.27744e+66 -6.27744e+66 -6.27744e+66 -6.27744e+66 -6.27744e+66 -6.27744e+66 -6.27744e+66 -6.27744e+66 -6.27744e+66 -6.27744e+66 -6.27744e+66 -6.27744e+66 -6.27744e+66 -6.27744e+66 760.837 826.739 1047.74 1295.74 1831.15 2022.92 2685.69 
-6.27744e+66 -6.27744e+66 -6.27744e+66 -6.27744e+66 -6.27744e+66 -6.27744e+66 -6.27744e+66 -6.27744e+66 -6.27744e+66 -6.27744e+66 -6.27744e+66 -6.27744e+66 -6.27744e+66 -6.27744e+66 -6.27744e+66 -6.27744e+66 -6.27744e+66 -6.27744e+66 -6.27744e+66 760.837 871.335 1036.67 1438.23 1591.65 2143.95 
-6.27744e+66 -6.27744e+66 -6.27744e+66 -6.27744e+66 -6.27744e+66 -6.27744e+66 -6.27744e+66 -6.27744e+66 -6.27744e+66 -6.27744e+66 -6.27744e+66 -6.27744e+66 -6.27744e+66 -6.27744e+66 -6.27744e+66 -6.27744e+66 -6.27744e+66 -6.27744e+66 -6.27744e+66 -6.27744e+66 760.837 843.504 1111.21 1226.27 1668.12 
-6.27744e+66 -6.27744e+66 -6.27744e+66 -6.27744e+66 -6.27744e+66 -6.27744e+66 -6.27744e+66 -6.27744e+66 -6.27744e+66 -6.27744e+66 -6.27744e+66 -6.27744e+66 -6.27744e+66 -6.27744e+66 -6.27744e+66 -6.27744e+66 -6.27744e+66 -6.27744e+66 -6.27744e+66 -6.27744e+66 -6.27744e+66 760.837 894.69 971.399 1302.78 
-6.27744e+66 -6.27744e+66 -6.27744e+66 -6.27744e+66 -6.27744e+66 -6.27744e+66 -6.27744e+66 -6.27744e+66 -6.27744e+66 -6.27744e+66 -6.27744e+66 -6.27744e+66 -6.27744e+66 -6.27744e+66 -6.27744e+66 -6.27744e+66 -6.27744e+66 -6.27744e+66 -6.27744e+66 -6.27744e+66 -6.27744e+66 -6.27744e+66 760.837 799.191 1020.11 
-6.27744e+66 -6.27744e+66 -6.27744e+66 -6.27744e+66 -6.27744e+66 -6.27744e+66 -6.27744e+66 -6.27744e+66 -6.27744e+66 -6.27744e+66 -6.27744e+66 -6.27744e+66 -6.27744e+66 -6.27744e+66 -6.27744e+66 -6.27744e+66 -6.27744e+66 -6.27744e+66 -6.27744e+66 -6.27744e+66 -6.27744e+66 -6.27744e+66 -6.27744e+66 760.837 871.298 
-6.27744e+66 -6.27744e+66 -6.27744e+66 -6.27744e+66 -6.27744e+66 -6.27744e+66 -6.27744e+66 -6.27744e+66 -6.27744e+66 -6.27744e+66 -6.27744e+66 -6.27744e+66 -6.27744e+66 -6.27744e+66 -6.27744e+66 -6.27744e+66 -6.27744e+66 -6.27744e+66 -6.27744e+66 -6.27744e+66 -6.27744e+66 -6.27744e+66 -6.27744e+66 -6.27744e+66 760.837 
-6.27744e+66 -6.27744e+66 -6.27744e+66 -6.27744e+66 -6.27744e+66 -6.27744e+66 -6.27744e+66 -6.27744e+66 -6.27744e+66 -6.27744e+66 -6.27744e+66 -6.27744e+66 -6.27744e+66 -6.27744e+66 -6.27744e+66 -6.27744e+66 -6.27744e+66 -6.27744e+66 -6.27744e+66 -6.27744e+66 -6.27744e+66 -6.27744e+66 -6.27744e+66 -6.27744e+66 -6.27744e+66 
-6.27744e+66 217.954 305.548 350.092 723.453 893.559 1442.59 1773.19 2592 3241.89 4167.57 4735.64 5505.94 5996.02 7291.92 7890.5 10158.9 10497 12438.7 13891.7 15804 16776.7 18383.4 19188.2 21651.5 
-6.27744e+66 -6.27744e+66 217.954 240.227 489.134 616.713 1055.94 1331.44 2033.27 2601.93 3424.76 3936.02 4636.29 5085.53 6281.75 6837.57 8954.74 9271.74 11099.2 12471.5 14283.2 15207.2 16737.4 17505.6 19861.8 
-6.27744e+66 -6.27744e+66 -6.27744e+66 217.954 342.408 427.461 756.881 977.279 1562.14 2049.56 2769.54 3223.99 3854.24 4262.63 5359.17 5872.23 7838.17 8134.05 9847.3 11138.8 12849.9 13725.3 15179 15910.6 18159.7 
-6.27744e+66 -6.27744e+66 -6.27744e+66 -6.27744e+66 217.954 260.481 480.094 645.393 1113.28 1519.47 2136.59 2534.23 3094.46 3462.01 4458.86 4929.17 6743.88 7018.63 8617.66 9828.46 11438.9 12265.6 13642.8 14337.8 16479.8 
-6.27744e+66 -6.27744e+66 -6.27744e+66 -6.27744e+66 -6.27744e+66 217.954 327.761 437.96 788.878 1113.82 1628.09 1968.93 2459.13 2785.84 3683.01 4110.56 5774.05 6027.66 7512.47 8642.56 10152.3 10930.4 12231.1 12889.5 14924.5 
-6.27744e+66 -6.27744e+66 -6.27744e+66 -6.27744e+66 -6.27744e+66 -6.27744e+66 217.954 273.054 506.999 750.709 1162.12 1446.16 1866.32 2152.2 2949.68 3334.48 4846.74 5079.21 6449.81 7499.18 8908.27 9637.77 10861.9 11483.8 13411.6 
-6.27744e+66 -6.27744e+66 -6.27744e+66 -6.27744e+66 -6.27744e+66 -6.27744e+66 -6.27744e+66 217.954 334.927 497.4 805.961 1033.19 1383.33 1628.36 2326.16 2668.2 4029.24 4240.58 5496.96 6465.6 7774.05 8454.92 9602.58 10187.8 12008.6 
-6.27744e+66 -6.27744e+66 -6.27744e+66 -6.27744e+66 -6.27744e+66 -6.27744e+66 -6.27744e+66 -6.27744e+66 217.954 299.191 504.898 675.317 955.429 1159.63 1757.74 2057.02 3266.83 3457.04 4599.2 5487.13 6694.93 7327.16 8398.31 8947 10660.6 
-6.27744e+66 -6.27744e+66 -6.27744e+66 -6.27744e+66 -6.27744e+66 -6.27744e+66 -6.27744e+66 -6.27744e+66 -6.27744e+66 217.954 320.808 434.421 644.504 807.862 1306.29 1562.82 2621.4 2790.47 3818.42 4625.63 5732.77 6316.38 7311.02 7823.12 9429.64 
-6.27744e+66 -6.27744e+66 -6.27744e+66 -6.27744e+66 -6.27744e+66 -6.27744e+66 -6.27744e+66 -6.27744e+66 -6.27744e+66 -6.27744e+66 217.954 274.761 414.817 537.335 936.076 1149.85 2057.21 2205.15 3118.88 3845.36 4851.86 5386.83 6304.96 6780.48 8279.9 
-6.27744e+66 -6.27744e+66 -6.27744e+66 -6.27744e+66 -6.27744e+66 -6.27744e+66 -6.27744e+66 -6.27744e+66 -6.27744e+66 -6.27744e+66 -6.27744e+66 217.954 287.982 369.661 668.717 839.738 1595.87 1722.67 2522.19 3167.95 4073.8 4560.13 5401.75 5840.7 7233.02 
-6.27744e+66 -6.27744e+66 -6.27744e+66 -6.27744e+66 -6.27744e+66 -6.27744e+66 -6.27744e+66 -6.27744e+66 -6.27744e+66 -6.27744e+66 -6.27744e+66 -6.27744e+66 217.954 258.794 458.164 586.43 1191.33 1297 1982.3 2547.35 3352.54 3790.25 4555.35 4957.72 6242.94 
-6.27744e+66 -6.27744e+66 -6.27744e+66 -6.27744e+66 -6.27744e+66 -6.27744e+66 -6.27744e+66 -6.27744e+66 -6.27744e+66 -6.27744e+66 -6.27744e+66 -6.27744e+66 -6.27744e+66 217.954 317.64 403.15 856.829 941.364 1512.45 1996.77 2701.32 3090.39 3778.98 4144.77 5322.89 
-6.27744e+66 -6.27744e+66 -6.27744e+66 -6.27744e+66 -6.27744e+66 -6.27744e+66 -6.27744e+66 -6.27744e+66 -6.27744e+66 -6.27744e+66 -6.27744e+66 -6.27744e+66 -6.27744e+66 -6.27744e+66 217.954 260.71 563.162 626.564 1083.43 1487.03 2090.93 2431.36 3043.45 3372.66 4443.67 
-6.27744e+66 -6.27744e+66 -6.27744e+66 -6.27744e+66 -6.27744e+66 -6.27744e+66 -6.27744e+66 -6.27744e+66 -6.27744e+66 -6.27744e+66 -6.27744e+66 -6.27744e+66 -6.27744e+66 -6.27744e+66 -6.27744e+66 217.954 369.181 411.448 754.098 1076.98 1580.23 1872.03 2407.6 2700.24 3664.15 
-6.27744e+66 -6.27744e+66 -6.27744e+66 -6.27744e+66 -6.27744e+66 -6.27744e+66 -6.27744e+66 -6.27744e+66 -6.27744e+66 -6.27744e+66 -6.27744e+66 -6.27744e+66 -6.27744e+66 -6.27744e+66 -6.27744e+66 -6.27744e+66 217.954 239.088 467.522 709.683 1112.28 1355.45 1814.51 2070.57 2927.38 
-6.27744e+66 -6.27744e+66 -6.27744e+66 -6.27744e+66 -6.27744e+66 -6.27744e+66 -6.27744e+66 -6.27744e+66 -6.27744e+66 -6.27744e+66 -6.27744e+66 -6.27744e+66 -6.27744e+66 -6.27744e+66 -6.27744e+66 -6.27744e+66 -6.27744e+66 217.954 332.171 493.612 795.561 990.095 1372.65 1592.12 2341.83 
-6.27744e+66 -6.27744e+66 -6.27744e+66 -6.27744e+66 -6.27744e+66 -6.27744e+66 -6.27744e+66 -6.27744e+66 -6.27744e+66 -6.27744e+66 -6.27744e+66 -6.27744e+66 -6.27744e+66 -6.27744e+66 -6.27744e+66 -6.27744e+66 -6.27744e+66 -6.27744e+66 217.954 298.675 499.974 645.875 951.918 1134.81 1777.42 
-6.27744e+66 -6.27744e+66 -6.27744e+66 -6.27744e+66 -6.27744e+66 -6.27744e+66 -6.27744e+66 -6.27744e+66 -6.27744e+66 -6.27744e+66 -6.27744e+66 -6.27744e+66 -6.27744e+66 -6.27744e+66 -6.27744e+66 -6.27744e+66 -6.27744e+66 -6.27744e+66 -6.27744e+66 217.954 318.604 415.871 645.404 791.719 1327.23 
-6.27744e+66 -6.27744e+66 -6.27744e+66 -6.27744e+66 -6.27744e+66 -6.27744e+66 -6.27744e+66 -6.27744e+66 -6.27744e+66 -6.27744e+66 -6.27744e+66 -6.27744e+66 -6.27744e+66 -6.27744e+66 -6.27744e+66 -6.27744e+66 -6.27744e+66 -6.27744e+66 -6.27744e+66 -6.27744e+66 217.954 266.588 419.61 529.346 957.751 
-6.27744e+66 -6.27744e+66 -6.27744e+66 -6.27744e+66 -6.27744e+66 -6.27744e+66 -6.27744e+66 -6.27744e+66 -6.27744e+66 -6.27744e+66 -6.27744e+66 -6.27744e+66 -6.27744e+66 -6.27744e+66 -6.27744e+66 -6.27744e+66 -6.27744e+66 -6.27744e+66 -6.27744e+66 -6.27744e+66 -6.27744e+66 217.954 294.465 367.623 688.927 
-6.27744e+66 -6.27744e+66 -6.27744e+66 -6.27744e+66 -6.27744e+66 -6.27744e+66 -6.27744e+66 -6.27744e+66 -6.27744e+66 -6.27744e+66 -6.27744e+66 -6.27744e+66 -6.27744e+66 -6.27744e+66 -6.27744e+66 -6.27744e+66 -6.27744e+66 -6.27744e+66 -6.27744e+66 -6.27744e+66 -6.27744e+66 -6.27744e+66 217.954 254.533 468.736 
-6.27744e+66 -6.27744e+66 -6.27744e+66 -6.27744e+66 -6.27744e+66 -6.27744e+66 -6.27744e+66 -6.27744e+66 -6.27744e+66 -6.27744e+66 -6.27744e+66 -6.27744e+66 -6.27744e+66 -6.27744e+66 -6.27744e+66 -6.27744e+66 -6.27744e+66 -6.27744e+66 -6.27744e+66 -6.27744e+66 -6.27744e+66 -6.27744e+66 -6.27744e+66 217.954 325.056 
-6.27744e+66 -6.27744e+66 -6.27744e+66 -6.27744e+66 -6.27744e+66 -6.27744e+66 -6.27744e+66 -6.27744e+66 -6.27744e+66 -6.27744e+66 -6.27744e+66 -6.27744e+66 -6.27744e+66 -6.27744e+66 -6.27744e+66 -6.27744e+66 -6.27744e+66 -6.27744e+66 -6.27744e+66 -6.27744e+66 -6.27744e+66 -6.27744e+66 -6.27744e+66 -6.27744e+66 217.954 
-6.27744e+66 -6.27744e+66 -6.27744e+66 -6.27744e+66 -6.27744e+66 -6.27744e+66 -6.27744e+66 -6.27744e+66 -6.27744e+66 -6.27744e+66 -6.27744e+66 -6.27744e+66 -6.27744e+66 -6.27744e+66 -6.27744e+66 -6.27744e+66 -6.27744e+66 -6.27744e+66 -6.27744e+66 -6.27744e+66 -6.27744e+66 -6.27744e+66 -6.27744e+66 -6.27744e+66 -6.27744e+66 
-6.27744e+66 252.64 351.447 425.632 800.483 992.053 1398.76 1605.91 2186.88 2934.16 4156.7 4855.18 6052 6358.81 7359.29 8230.49 9654.44 10723.1 12068.3 12687.6 15452.7 16358.1 17989.8 18746.2 20401.5 
-6.27744e+66 -6.27744e+66 252.64 289.733 539.634 683.311 1008.68 1181.3 1679.27 2333.15 3419.84 4048.48 5136.5 5417.74 6341.26 7150.23 8479.25 9481.11 10747.2 11332.1 13951.6 14811.8 16365.8 17087.8 18671.1 
-6.27744e+66 -6.27744e+66 -6.27744e+66 252.64 377.591 473.376 717.4 855.5 1270.48 1830.94 2781.8 3340.59 4319.8 4575.47 5422.03 6168.78 7402.87 8337.94 9524.87 10075.4 12549.4 13364.3 14840.6 15528.2 17039.5 
-6.27744e+66 -6.27744e+66 -6.27744e+66 -6.27744e+66 252.64 300.533 463.216 566.79 898.772 1365.83 2180.85 2669.79 3540.2 3770.31 4539.91 5224.42 6363.58 7231.86 8339.67 8855.79 11184.3 11953.8 13352.5 14005.7 15445.1 
-6.27744e+66 -6.27744e+66 -6.27744e+66 -6.27744e+66 -6.27744e+66 252.64 333.982 403.032 652.018 1025.66 1704.84 2123.94 2885.55 3090.09 3782.73 4405.01 5449.24 6250.73 7279.41 7761.13 9944.06 10668.4 11989.3 12608.1 13975.6 
-6.27744e+66 -6.27744e+66 -6.27744e+66 -6.27744e+66 -6.27744e+66 -6.27744e+66 252.64 287.165 453.156 733.388 1276.74 1625.98 2278.79 2457.76 3073.44 3633.5 4582.8 5317.49 6267.04 6714.35 8751.76 9430.81 10674 11258.5 12553.9 
-6.27744e+66 -6.27744e+66 -6.27744e+66 -6.27744e+66 -6.27744e+66 -6.27744e+66 -6.27744e+66 252.64 335.636 522.457 929.968 1209.36 1753.37 1906.77 2445.49 2943.32 3797.7 4465.6 5336.02 5748.92 7640.8 8274.58 9440.08 9990.17 11213.7 
-6.27744e+66 -6.27744e+66 -6.27744e+66 -6.27744e+66 -6.27744e+66 -6.27744e+66 -6.27744e+66 -6.27744e+66 252.64 346.051 617.725 827.271 1262.48 1390.31 1852.07 2287.67 3047.12 3648.23 4439.52 4818.01 6564.36 7152.87 8240.68 8756.38 9907.9 
-6.27744e+66 -6.27744e+66 -6.27744e+66 -6.27744e+66 -6.27744e+66 -6.27744e+66 -6.27744e+66 -6.27744e+66 -6.27744e+66 252.64 388.477 528.175 854.579 956.848 1341.65 1715.02 2379.53 2913.86 3626.02 3970.1 5570.92 6114.16 7124.27 7605.59 8685.14 
-6.27744e+66 -6.27744e+66 -6.27744e+66 -6.27744e+66 -6.27744e+66 -6.27744e+66 -6.27744e+66 -6.27744e+66 -6.27744e+66 -6.27744e+66 252.64 322.489 540.092 616.794 924.634 1235.78 1805.36 2272.89 2905.92 3215.6 4670.89 5168.86 6101.27 6548.21 7555.79 
-6.27744e+66 -6.27744e+66 -6.27744e+66 -6.27744e+66 -6.27744e+66 -6.27744e+66 -6.27744e+66 -6.27744e+66 -6.27744e+66 -6.27744e+66 -6.27744e+66 252.64 361.442 412.576 643.456 892.372 1367.02 1767.76 2321.67 2596.94 3906.7 4359.4 5214.1 5626.67 6562.27 
-6.27744e+66 -6.27744e+66 -6.27744e+66 -6.27744e+66 -6.27744e+66 -6.27744e+66 -6.27744e+66 -6.27744e+66 -6.27744e+66 -6.27744e+66 -6.27744e+66 -6.27744e+66 252.64 278.208 432.128 618.814 998.535 1332.49 1807.26 2048.12 3212.35 3619.78 4396.79 4774.97 5638.61 
-6.27744e+66 -6.27744e+66 -6.27744e+66 -6.27744e+66 -6.27744e+66 -6.27744e+66 -6.27744e+66 -6.27744e+66 -6.27744e+66 -6.27744e+66 -6.27744e+66 -6.27744e+66 -6.27744e+66 252.64 329.6 454.058 738.848 1006.01 1401.66 1608.11 2626.81 2988.97 3688.27 4032.08 4823.75 
-6.27744e+66 -6.27744e+66 -6.27744e+66 -6.27744e+66 -6.27744e+66 -6.27744e+66 -6.27744e+66 -6.27744e+66 -6.27744e+66 -6.27744e+66 -6.27744e+66 -6.27744e+66 -6.27744e+66 -6.27744e+66 252.64 314.869 504.729 705.101 1021.62 1193.66 2066.83 2383.72 3005.33 3314.75 4034.45 
-6.27744e+66 -6.27744e+66 -6.27744e+66 -6.27744e+66 -6.27744e+66 -6.27744e+66 -6.27744e+66 -6.27744e+66 -6.27744e+66 -6.27744e+66 -6.27744e+66 -6.27744e+66 -6.27744e+66 -6.27744e+66 -6.27744e+66 252.64 347.57 481.151 718.539 856.172 1583.82 1855.44 2399.34 2674.38 3322.11 
-6.27744e+66 -6.27744e+66 -6.27744e+66 -6.27744e+66 -6.27744e+66 -6.27744e+66 -6.27744e+66 -6.27744e+66 -6.27744e+66 -6.27744e+66 -6.27744e+66 -6.27744e+66 -6.27744e+66 -6.27744e+66 -6.27744e+66 -6.27744e+66 252.64 319.431 477.689 580.914 1163.03 1389.38 1855.58 2096.25 2672 
-6.27744e+66 -6.27744e+66 -6.27744e+66 -6.27744e+66 -6.27744e+66 -6.27744e+66 -6.27744e+66 -6.27744e+66 -6.27744e+66 -6.27744e+66 -6.27744e+66 -6.27744e+66 -6.27744e+66 -6.27744e+66 -6.27744e+66 -6.27744e+66 -6.27744e+66 252.64 331.769 400.586 837.173 1018.25 1406.76 1613.04 2116.83 
-6.27744e+66 -6.27744e+66 -6.27744e+66 -6.27744e+66 -6.27744e+66 -6.27744e+66 -6.27744e+66 -6.27744e+66 -6.27744e+66 -6.27744e+66 -6.27744e+66 -6.27744e+66 -6.27744e+66 -6.27744e+66 -6.27744e+66 -6.27744e+66 -6.27744e+66 -6.27744e+66 252.64 287.049 578.106 713.917 1024.72 1196.62 1628.44 
-6.27744e+66 -6.27744e+66 -6.27744e+66 -6.27744e+66 -6.27744e+66 -6.27744e+66 -6.27744e+66 -6.27744e+66 -6.27744e+66 -6.27744e+66 -6.27744e+66 -6.27744e+66 -6.27744e+66 -6.27744e+66 -6.27744e+66 -6.27744e+66 -6.27744e+66 -6.27744e+66 -6.27744e+66 252.64 398.169 488.71 721.811 859.332 1219.18 
-6.27744e+66 -6.27744e+66 -6.27744e+66 -6.27744e+66 -6.27744e+66 -6.27744e+66 -6.27744e+66 -6.27744e+66 -6.27744e+66 -6.27744e+66 -6.27744e+66 -6.27744e+66 -6.27744e+66 -6.27744e+66 -6.27744e+66 -6.27744e+66 -6.27744e+66 -6.27744e+66 -6.27744e+66 -6.27744e+66 252.64 297.911 453.311 556.453 844.332 
-6.27744e+66 -6.27744e+66 -6.27744e+66 -6.27744e+66 -6.27744e+66 -6.27744e+66 -6.27744e+66 -6.27744e+66 -6.27744e+66 -6.27744e+66 -6.27744e+66 -6.27744e+66 -6.27744e+66 -6.27744e+66 -6.27744e+66 -6.27744e+66 -6.27744e+66 -6.27744e+66 -6.27744e+66 -6.27744e+66 -6.27744e+66 252.64 330.341 399.102 615.011 
-6.27744e+66 -6.27744e+66 -6.27744e+66 -6.27744e+66 -6.27744e+66 -6.27744e+66 -6.27744e+66 -6.27744e+66 -6.27744e+66 -6.27744e+66 -6.27744e+66 -6.27744e+66 -6.27744e+66 -6.27744e+66 -6.27744e+66 -6.27744e+66 -6.27744e+66 -6.27744e+66 -6.27744e+66 -6.27744e+66 -6.27744e+66 -6.27744e+66 252.64 287.021 430.96 
-6.27744e+66 -6.27744e+66 -6.27744e+66 -6.27744e+66 -6.27744e+66 -6.27744e+66 -6.27744e+66 -6.27744e+66 -6.27744e+66 -6.27744e+66 -6.27744e+66 -6.27744e+66 -6.27744e+66 -6.27744e+66 -6.27744e+66 -6.27744e+66 -6.27744e+66 -6.27744e+66 -6.27744e+66 -6.27744e+66 -6.27744e+66 -6.27744e+66 -6.27744e+66 252.64 324.61 
-6.27744e+66 -6.27744e+66 -6.27744e+66 -6.27744e+66 -6.27744e+66 -6.27744e+66 -6.27744e+66 -6.27744e+66 -6.27744e+66 -6.27744e+66 -6.27744e+66 -6.27744e+66 -6.27744e+66 -6.27744e+66 -6.27744e+66 -6.27744e+66 -6.27744e+66 -6.27744e+66 -6.27744e+66 -6.27744e+66 -6.27744e+66 -6.27744e+66 -6.27744e+66 -6.27744e+66 252.64 
-6.27744e+66 -6.27744e+66 -6.27744e+66 -6.27744e+66 -6.27744e+66 -6.27744e+66 -6.27744e+66 -6.27744e+66 -6.27744e+66 -6.27744e+66 -6.27744e+66 -6.27744e+66 -6.27744e+66 -6.27744e+66 -6.27744e+66 -6.27744e+66 -6.27744e+66 -6.27744e+66 -6.27744e+66 -6.27744e+66 -6.27744e+66 -6.27744e+66 -6.27744e+66 -6.27744e+66 -6.27744e+66 
-6.27744e+66 444.101 529.433 623.412 1011.98 1227.28 1588.46 2033.64 2872.18 3338.59 4062.74 4776.29 5555.03 6615.45 8048.36 8892.56 10129.8 10177.4 11940.3 13585.7 16028.6 17373.7 19596 20282.1 21973.4 
-6.27744e+66 -6.27744e+66 444.101 491.09 750.134 911.613 1200.55 1571.54 2290.29 2698.39 3342.08 3984.28 4692.22 5664.27 6986.96 7770.87 8925.58 8970.26 10629.4 12183.5 14497.7 15775.6 17892.1 18547 20164.7 
-6.27744e+66 -6.27744e+66 -6.27744e+66 444.101 573.622 681.275 897.981 1194.77 1793.73 2143.53 2706.76 3277.6 3914.75 4798.43 6010.89 6734.5 7806.73 7848.43 9403.88 10866.5 13052.2 14262.8 16273.5 16897.2 18441.4 
-6.27744e+66 -6.27744e+66 -6.27744e+66 -6.27744e+66 444.101 497.927 642.397 864.989 1344.15 1635.66 2118.42 2617.91 3184.26 3979.58 5081.82 5745.13 6734.88 6773.6 8225.35 9596.57 11653.7 12797.1 14701.9 15294.4 16765.1 
-6.27744e+66 -6.27744e+66 -6.27744e+66 -6.27744e+66 -6.27744e+66 444.101 516.336 664.73 1024.1 1257.31 1659.61 2087.75 2583.3 3290.25 4282.27 4885.27 5792.54 5828.29 7176.34 8456.15 10384.7 11460.8 13259.8 13821.2 15218.3 
-6.27744e+66 -6.27744e+66 -6.27744e+66 -6.27744e+66 -6.27744e+66 -6.27744e+66 444.101 518.298 757.881 932.784 1254.63 1611.41 2036.17 2654.75 3536.54 4079.24 4904.04 4936.8 6181.16 7369.55 9169.56 10178.4 11871.6 12401.7 13725.3 
-6.27744e+66 -6.27744e+66 -6.27744e+66 -6.27744e+66 -6.27744e+66 -6.27744e+66 -6.27744e+66 444.101 563.892 680.494 921.877 1207.3 1561.27 2091.48 2863.05 3345.45 4087.76 4117.55 5258.21 6355.19 8026.62 8968.2 10555.6 11054.5 12304.6 
-6.27744e+66 -6.27744e+66 -6.27744e+66 -6.27744e+66 -6.27744e+66 -6.27744e+66 -6.27744e+66 -6.27744e+66 444.101 502.402 663.323 877.39 1160.57 1602.41 2263.75 2685.85 3345.69 3372.5 4409.46 5415.02 6957.89 7832.21 9313.75 9781.54 10958.1 
-6.27744e+66 -6.27744e+66 -6.27744e+66 -6.27744e+66 -6.27744e+66 -6.27744e+66 -6.27744e+66 -6.27744e+66 -6.27744e+66 444.101 524.562 667.273 879.654 1233.13 1784.25 2146.05 2723.41 2747.23 3680.5 4594.65 6008.94 6816.01 8191.72 8628.33 9731.32 
-6.27744e+66 -6.27744e+66 -6.27744e+66 -6.27744e+66 -6.27744e+66 -6.27744e+66 -6.27744e+66 -6.27744e+66 -6.27744e+66 -6.27744e+66 444.101 515.456 657.044 922.149 1363.04 1664.55 2159.42 2180.27 3009.85 3832.58 5118.3 5858.11 7128 7533.42 8562.88 
-6.27744e+66 -6.27744e+66 -6.27744e+66 -6.27744e+66 -6.27744e+66 -6.27744e+66 -6.27744e+66 -6.27744e+66 -6.27744e+66 -6.27744e+66 -6.27744e+66 444.101 514.894 691.631 1022.3 1263.51 1675.9 1693.77 2419.65 3150.97 4308.11 4980.67 6144.74 6518.97 7474.9 
-6.27744e+66 -6.27744e+66 -6.27744e+66 -6.27744e+66 -6.27744e+66 -6.27744e+66 -6.27744e+66 -6.27744e+66 -6.27744e+66 -6.27744e+66 -6.27744e+66 -6.27744e+66 444.101 532.469 752.917 933.819 1263.74 1278.63 1900.81 2540.71 3569.29 4174.59 5232.83 5575.87 6458.27 
-6.27744e+66 -6.27744e+66 -6.27744e+66 -6.27744e+66 -6.27744e+66 -6.27744e+66 -6.27744e+66 -6.27744e+66 -6.27744e+66 -6.27744e+66 -6.27744e+66 -6.27744e+66 -6.27744e+66 444.101 554.325 674.926 922.363 934.278 1452.76 2001.25 2901.25 3439.3 4391.72 4703.57 5512.44 
-6.27744e+66 -6.27744e+66 -6.27744e+66 -6.27744e+66 -6.27744e+66 -6.27744e+66 -6.27744e+66 -6.27744e+66 -6.27744e+66 -6.27744e+66 -6.27744e+66 -6.27744e+66 -6.27744e+66 -6.27744e+66 444.101 504.401 669.36 678.296 1093.08 1550.16 2321.59 2792.38 3638.97 3919.64 4654.97 
-6.27744e+66 -6.27744e+66 -6.27744e+66 -6.27744e+66 -6.27744e+66 -6.27744e+66 -6.27744e+66 -6.27744e+66 -6.27744e+66 -6.27744e+66 -6.27744e+66 -6.27744e+66 -6.27744e+66 -6.27744e+66 -6.27744e+66 444.101 526.58 532.537 843.627 1209.29 1852.15 2255.68 2996.45 3245.94 3907.73 
-6.27744e+66 -6.27744e+66 -6.27744e+66 -6.27744e+66 -6.27744e+66 -6.27744e+66 -6.27744e+66 -6.27744e+66 -6.27744e+66 -6.27744e+66 -6.27744e+66 -6.27744e+66 -6.27744e+66 -6.27744e+66 -6.27744e+66 -6.27744e+66 444.101 447.079 654.473 928.717 1443 1779.28 2414.23 2632.53 3220.79 
-6.27744e+66 -6.27744e+66 -6.27744e+66 -6.27744e+66 -6.27744e+66 -6.27744e+66 -6.27744e+66 -6.27744e+66 -6.27744e+66 -6.27744e+66 -6.27744e+66 -6.27744e+66 -6.27744e+66 -6.27744e+66 -6.27744e+66 -6.27744e+66 -6.27744e+66 444.101 547.797 730.627 1116.34 1385.36 1914.49 2101.6 2616.33 
-6.27744e+66 -6.27744e+66 -6.27744e+66 -6.27744e+66 -6.27744e+66 -6.27744e+66 -6.27744e+66 -6.27744e+66 -6.27744e+66 -6.27744e+66 -6.27744e+66 -6.27744e+66 -6.27744e+66 -6.27744e+66 -6.27744e+66 -6.27744e+66 -6.27744e+66 -6.27744e+66 444.101 535.515 792.659 994.426 1417.72 1573.65 2014.85 
-6.27744e+66 -6.27744e+66 -6.27744e+66 -6.27744e+66 -6.27744e+66 -6.27744e+66 -6.27744e+66 -6.27744e+66 -6.27744e+66 -6.27744e+66 -6.27744e+66 -6.27744e+66 -6.27744e+66 -6.27744e+66 -6.27744e+66 -6.27744e+66 -6.27744e+66 -6.27744e+66 -6.27744e+66 444.101 572.672 707.184 1024.66 1149.4 1517.07 
-6.27744e+66 -6.27744e+66 -6.27744e+66 -6.27744e+66 -6.27744e+66 -6.27744e+66 -6.27744e+66 -6.27744e+66 -6.27744e+66 -6.27744e+66 -6.27744e+66 -6.27744e+66 -6.27744e+66 -6.27744e+66 -6.27744e+66 -6.27744e+66 -6.27744e+66 -6.27744e+66 -6.27744e+66 -6.27744e+66 444.101 511.356 723.005 816.562 1110.7 
-6.27744e+66 -6.27744e+66 -6.27744e+66 -6.27744e+66 -6.27744e+66 -6.27744e+66 -6.27744e+66 -6.27744e+66 -6.27744e+66 -6.27744e+66 -6.27744e+66 -6.27744e+66 -6.27744e+66 -6.27744e+66 -6.27744e+66 -6.27744e+66 -6.27744e+66 -6.27744e+66 -6.27744e+66 -6.27744e+66 -6.27744e+66 444.101 549.925 612.297 832.896 
-6.27744e+66 -6.27744e+66 -6.27744e+66 -6.27744e+66 -6.27744e+66 -6.27744e+66 -6.27744e+66 -6.27744e+66 -6.27744e+66 -6.27744e+66 -6.27744e+66 -6.27744e+66 -6.27744e+66 -6.27744e+66 -6.27744e+66 -6.27744e+66 -6.27744e+66 -6.27744e+66 -6.27744e+66 -6.27744e+66 -6.27744e+66 -6.27744e+66 444.101 475.286 622.353 
-6.27744e+66 -6.27744e+66 -6.27744e+66 -6.27744e+66 -6.27744e+66 -6.27744e+66 -6.27744e+66 -6.27744e+66 -6.27744e+66 -6.27744e+66 -6.27744e+66 -6.27744e+66 -6.27744e+66 -6.27744e+66 -6.27744e+66 -6.27744e+66 -6.27744e+66 -6.27744e+66 -6.27744e+66 -6.27744e+66 -6.27744e+66 -6.27744e+66 -6.27744e+66 444.101 517.634 
-6.27744e+66 -6.27744e+66 -6.27744e+66 -6.27744e+66 -6.27744e+66 -6.27744e+66 -6.27744e+66 -6.27744e+66 -6.27744e+66 -6.27744e+66 -6.27744e+66 -6.27744e+66 -6.27744e+66 -6.27744e+66 -6.27744e+66 -6.27744e+66 -6.27744e+66 -6.27744e+66 -6.27744e+66 -6.27744e+66 -6.27744e+66 -6.27744e+66 -6.27744e+66 -6.27744e+66 444.101 
-6.27744e+66 -6.27744e+66 -6.27744e+66 -6.27744e+66 -6.27744e+66 -6.27744e+66 -6.27744e+66 -6.27744e+66 -6.27744e+66 -6.27744e+66 -6.27744e+66 -6.27744e+66 -6.27744e+66 -6.27744e+66 -6.27744e+66 -6.27744e+66 -6.27744e+66 -6.27744e+66 -6.27744e+66 -6.27744e+66 -6.27744e+66 -6.27744e+66 -6.27744e+66 -6.27744e+66 -6.27744e+66 
-6.27744e+66 1126.38 1203.67 1299.02 1561.27 1900.31 2344.86 2705.93 3257.46 3860.96 4702.83 5186.06 6219.7 6302.1 7346.27 8476.44 10758.1 12008.8 13579.3 14436.1 16261.6 17453.7 19114.7 20161.1 22506.1 
-6.27744e+66 -6.27744e+66 1126.38 1174.06 1348.89 1603.17 1958.82 2259.7 2732.45 3260.51 4008.84 4443.74 5383.41 5458.95 6422.8 7472.24 9601.81 10774.4 12252.5 13061.7 14791 15923.6 17505.5 18504.3 20747.3 
-6.27744e+66 -6.27744e+66 -6.27744e+66 1126.38 1213.8 1383.32 1650.05 1890.76 2284.72 2737.34 3392.13 3778.71 4624.41 4693.08 5576.61 6545.33 8522.79 9617.17 11002.9 11764.5 13397.8 14470.7 15973.5 16924.8 19065.9 
-6.27744e+66 -6.27744e+66 -6.27744e+66 -6.27744e+66 1126.38 1211.14 1388.97 1569.5 1884.66 2261.85 2823.1 3161.35 3913.09 3974.9 4778.1 5666.09 7491.44 8507.65 9800.98 10515 12052.2 13065.5 14489.2 15392.9 17432.1 
-6.27744e+66 -6.27744e+66 -6.27744e+66 -6.27744e+66 -6.27744e+66 1126.38 1215.3 1335.65 1572.02 1873.77 2341.48 2631.41 3289.18 3344.12 4067.01 4874.27 6547.5 7485.54 8686.5 9352.91 10794 11747.8 13092.4 13948.5 15885.7 
-6.27744e+66 -6.27744e+66 -6.27744e+66 -6.27744e+66 -6.27744e+66 -6.27744e+66 1126.38 1186.56 1344.14 1570.45 1944.62 2186.23 2750.04 2798.11 3440.67 4167.21 5688.33 6548.2 7656.77 8275.59 9620.63 10514.8 11780.3 12588.8 14424.1 
-6.27744e+66 -6.27744e+66 -6.27744e+66 -6.27744e+66 -6.27744e+66 -6.27744e+66 -6.27744e+66 1126.38 1205.18 1356.05 1636.67 1829.96 2299.8 2341 2903.25 3549.06 4918.07 5699.77 6715.96 7287.17 8536.14 9370.65 10557.1 11318.1 13051.3 
-6.27744e+66 -6.27744e+66 -6.27744e+66 -6.27744e+66 -6.27744e+66 -6.27744e+66 -6.27744e+66 -6.27744e+66 1126.38 1201.82 1388.9 1533.87 1909.74 1944.08 2426 2991.08 4207.98 4911.51 5835.32 6358.93 7511.83 8286.73 9394.06 10107.5 11738.8 
-6.27744e+66 -6.27744e+66 -6.27744e+66 -6.27744e+66 -6.27744e+66 -6.27744e+66 -6.27744e+66 -6.27744e+66 -6.27744e+66 1126.38 1219.93 1316.57 1598.47 1625.94 2027.54 2511.9 3576.69 4202.05 5033.48 5509.49 6566.31 7281.6 8309.84 8975.71 10505.1 
-6.27744e+66 -6.27744e+66 -6.27744e+66 -6.27744e+66 -6.27744e+66 -6.27744e+66 -6.27744e+66 -6.27744e+66 -6.27744e+66 -6.27744e+66 1126.38 1174.71 1362.64 1383.24 1704.53 2108.16 3020.83 3568.02 4307.07 4735.48 5696.22 6351.91 7301.05 7919.37 9346.76 
-6.27744e+66 -6.27744e+66 -6.27744e+66 -6.27744e+66 -6.27744e+66 -6.27744e+66 -6.27744e+66 -6.27744e+66 -6.27744e+66 -6.27744e+66 -6.27744e+66 1126.38 1220.35 1234.09 1475.05 1797.95 2558.51 3027.53 3674.2 4055.01 4919.68 5515.76 6385.81 6956.56 8282 
-6.27744e+66 -6.27744e+66 -6.27744e+66 -6.27744e+66 -6.27744e+66 -6.27744e+66 -6.27744e+66 -6.27744e+66 -6.27744e+66 -6.27744e+66 -6.27744e+66 -6.27744e+66 1126.38 1133.25 1293.89 1536.07 2144.52 2535.37 3089.66 3422.86 4191.46 4727.93 5518.88 6042.07 7265.55 
-6.27744e+66 -6.27744e+66 -6.27744e+66 -6.27744e+66 -6.27744e+66 -6.27744e+66 -6.27744e+66 -6.27744e+66 -6.27744e+66 -6.27744e+66 -6.27744e+66 -6.27744e+66 -6.27744e+66 1126.38 1206.71 1368.16 1824.49 2137.17 2599.08 2884.69 3557.21 4034.07 4745.93 5221.55 6343.08 
-6.27744e+66 -6.27744e+66 -6.27744e+66 -6.27744e+66 -6.27744e+66 -6.27744e+66 -6.27744e+66 -6.27744e+66 -6.27744e+66 -6.27744e+66 -6.27744e+66 -6.27744e+66 -6.27744e+66 -6.27744e+66 1126.38 1207.11 1511.34 1745.84 2115.37 2353.37 2929.82 3347.08 3979.84 4407.9 5427.47 
-6.27744e+66 -6.27744e+66 -6.27744e+66 -6.27744e+66 -6.27744e+66 -6.27744e+66 -6.27744e+66 -6.27744e+66 -6.27744e+66 -6.27744e+66 -6.27744e+66 -6.27744e+66 -6.27744e+66 -6.27744e+66 -6.27744e+66 1126.38 1278.5 1434.84 1711.98 1902.38 2382.76 2740.41 3294.07 3674.57 4592.18 
-6.27744e+66 -6.27744e+66 -6.27744e+66 -6.27744e+66 -6.27744e+66 -6.27744e+66 -6.27744e+66 -6.27744e+66 -6.27744e+66 -6.27744e+66 -6.27744e+66 -6.27744e+66 -6.27744e+66 -6.27744e+66 -6.27744e+66 -6.27744e+66 1126.38 1204.55 1389.32 1532.12 1916.42 2214.46 2689.03 3021.97 3837.62 
-6.27744e+66 -6.27744e+66 -6.27744e+66 -6.27744e+66 -6.27744e+66 -6.27744e+66 -6.27744e+66 -6.27744e+66 -6.27744e+66 -6.27744e+66 -6.27744e+66 -6.27744e+66 -6.27744e+66 -6.27744e+66 -6.27744e+66 -6.27744e+66 -6.27744e+66 1126.38 1218.77 1313.97 1602.19 1840.62 2236.1 2521.47 3235.17 
-6.27744e+66 -6.27744e+66 -6.27744e+66 -6.27744e+66 -6.27744e+66 -6.27744e+66 -6.27744e+66 -6.27744e+66 -6.27744e+66 -6.27744e+66 -6.27744e+66 -6.27744e+66 -6.27744e+66 -6.27744e+66 -6.27744e+66 -6.27744e+66 -6.27744e+66 -6.27744e+66 1126.38 1173.99 1366.13 1544.96 1861.34 2099.15 2710.89 
-6.27744e+66 -6.27744e+66 -6.27744e+66 -6.27744e+66 -6.27744e+66 -6.27744e+66 -6.27744e+66 -6.27744e+66 -6.27744e+66 -6.27744e+66 -6.27744e+66 -6.27744e+66 -6.27744e+66 -6.27744e+66 -6.27744e+66 -6.27744e+66 -6.27744e+66 -6.27744e+66 -6.27744e+66 1126.38 1222.46 1341.68 1578.96 1769.21 2278.99 
-6.27744e+66 -6.27744e+66 -6.27744e+66 -6.27744e+66 -6.27744e+66 -6.27744e+66 -6.27744e+66 -6.27744e+66 -6.27744e+66 -6.27744e+66 -6.27744e+66 -6.27744e+66 -6.27744e+66 -6.27744e+66 -6.27744e+66 -6.27744e+66 -6.27744e+66 -6.27744e+66 -6.27744e+66 -6.27744e+66 1126.38 1185.99 1344.18 1486.87 1894.7 
-6.27744e+66 -6.27744e+66 -6.27744e+66 -6.27744e+66 -6.27744e+66 -6.27744e+66 -6.27744e+66 -6.27744e+66 -6.27744e+66 -6.27744e+66 -6.27744e+66 -6.27744e+66 -6.27744e+66 -6.27744e+66 -6.27744e+66 -6.27744e+66 -6.27744e+66 -6.27744e+66 -6.27744e+66 -6.27744e+66 -6.27744e+66 1126.38 1205.48 1300.6 1606.47 
-6.27744e+66 -6.27744e+66 -6.27744e+66 -6.27744e+66 -6.27744e+66 -6.27744e+66 -6.27744e+66 -6.27744e+66 -6.27744e+66 -6.27744e+66 -6.27744e+66 -6.27744e+66 -6.27744e+66 -6.27744e+66 -6.27744e+66 -6.27744e+66 -6.27744e+66 -6.27744e+66 -6.27744e+66 -6.27744e+66 -6.27744e+66 -6.27744e+66 1126.38 1173.95 1377.86 
-6.27744e+66 -6.27744e+66 -6.27744e+66 -6.27744e+66 -6.27744e+66 -6.27744e+66 -6.27744e+66 -6.27744e+66 -6.27744e+66 -6.27744e+66 -6.27744e+66 -6.27744e+66 -6.27744e+66 -6.27744e+66 -6.27744e+66 -6.27744e+66 -6.27744e+66 -6.27744e+66 -6.27744e+66 -6.27744e+66 -6.27744e+66 -6.27744e+66 -6.27744e+66 1126.38 1228.34 
-6.27744e+66 -6.27744e+66 -6.27744e+66 -6.27744e+66 -6.27744e+66 -6.27744e+66 -6.27744e+66 -6.27744e+66 -6.27744e+66 -6.27744e+66 -6.27744e+66 -6.27744e+66 -6.27744e+66 -6.27744e+66 -6.27744e+66 -6.27744e+66 -6.27744e+66 -6.27744e+66 -6.27744e+66 -6.27744e+66 -6.27744e+66 -6.27744e+66 -6.27744e+66 -6.27744e+66 1126.38 
-6.27744e+66 -6.27744e+66 -6.27744e+66 -6.27744e+66 -6.27744e+66 -6.27744e+66 -6.27744e+66 -6.27744e+66 -6.27744e+66 -6.27744e+66 -6.27744e+66 -6.27744e+66 -6.27744e+66 -6.27744e+66 -6.27744e+66 -6.27744e+66 -6.27744e+66 -6.27744e+66 -6.27744e+66 -6.27744e+66 -6.27744e+66 -6.27744e+66 -6.27744e+66 -6.27744e+66 -6.27744e+66 
-6.27744e+66 1227.27 1342.79 1397.16 1740.5 2006.79 2586.73 2817.82 3359.86 4102.76 5159.18 5463.75 6326.68 6836.38 8380.02 9298.96 11081.7 11810.4 13310.3 13964.9 15933.3 16534.7 18187.8 19607.6 20983.1 
-6.27744e+66 -6.27744e+66 1227.27 1254.45 1483.34 1683.07 2147.02 2339.59 2804.2 3454.24 4393.28 4667.38 5451.87 5919.1 7344 8197.3 9861.23 10544.3 11956.1 12574.3 14439 15010.4 16584.7 17940 19255.7 
-6.27744e+66 -6.27744e+66 -6.27744e+66 1227.27 1341.71 1474.86 1822.83 1976.88 2364.06 2921.23 3742.89 3986.54 4692.58 5117.34 6423.49 7211.16 8756.23 9393.78 10717.3 11299.1 13060.3 13601.5 15097.2 16388 17643.8 
-6.27744e+66 -6.27744e+66 -6.27744e+66 -6.27744e+66 1227.27 1293.84 1525.82 1641.36 1951.1 2415.42 3119.69 3332.89 3960.48 4342.76 5530.17 6252.2 7678.42 8270.43 9505.7 10051.2 11708.8 12219.9 13636.9 14863.1 16059.1 
-6.27744e+66 -6.27744e+66 -6.27744e+66 -6.27744e+66 -6.27744e+66 1227.27 1343.26 1420.29 1652.59 2024.04 2610.94 2793.68 3342.82 3682.62 4751.3 5407.68 6715.05 7261.53 8408.56 8917.69 10471.7 10952.8 12291 13452.7 14588.9 
-6.27744e+66 -6.27744e+66 -6.27744e+66 -6.27744e+66 -6.27744e+66 -6.27744e+66 1227.27 1265.78 1420.65 1699.24 2168.76 2321.04 2791.73 3089.06 4038.99 4629.74 5818.26 6319.19 7378 7850.75 9301.12 9752.16 11011.7 12108.8 13185.3 
-6.27744e+66 -6.27744e+66 -6.27744e+66 -6.27744e+66 -6.27744e+66 -6.27744e+66 -6.27744e+66 1227.27 1304.7 1490.43 1842.57 1964.4 2356.64 2611.49 3442.68 3967.79 5037.46 5492.85 6463.42 6899.81 8246.58 8667.55 9848.34 10880.9 11897.6 
-6.27744e+66 -6.27744e+66 -6.27744e+66 -6.27744e+66 -6.27744e+66 -6.27744e+66 -6.27744e+66 -6.27744e+66 1227.27 1320.13 1554.89 1646.26 1960.06 2172.43 2884.88 3344.35 4295.17 4705.02 5587.36 5987.38 7230.56 7621.46 8723.52 9691.59 10648.4 
-6.27744e+66 -6.27744e+66 -6.27744e+66 -6.27744e+66 -6.27744e+66 -6.27744e+66 -6.27744e+66 -6.27744e+66 -6.27744e+66 1227.27 1344.65 1405.56 1640.91 1810.81 2404.52 2798.35 3630.31 3994.63 4788.73 5152.39 6291.96 6652.8 7676.14 8579.67 9476.71 
-6.27744e+66 -6.27744e+66 -6.27744e+66 -6.27744e+66 -6.27744e+66 -6.27744e+66 -6.27744e+66 -6.27744e+66 -6.27744e+66 -6.27744e+66 1227.27 1257.73 1414.62 1542.05 2017.02 2345.21 3058.32 3377.1 4082.96 4410.26 5446.24 5777 6721.63 7560.62 8397.85 
-6.27744e+66 -6.27744e+66 -6.27744e+66 -6.27744e+66 -6.27744e+66 -6.27744e+66 -6.27744e+66 -6.27744e+66 -6.27744e+66 -6.27744e+66 -6.27744e+66 1227.27 1305.72 1390.67 1746.89 2009.45 2603.71 2876.94 3494.58 3785.51 4717.89 5018.58 5884.49 6658.94 7436.38 
-6.27744e+66 -6.27744e+66 -6.27744e+66 -6.27744e+66 -6.27744e+66 -6.27744e+66 -6.27744e+66 -6.27744e+66 -6.27744e+66 -6.27744e+66 -6.27744e+66 -6.27744e+66 1227.27 1269.75 1507.23 1704.14 2179.55 2407.25 2936.65 3191.21 4019.99 4290.62 5077.81 5787.72 6505.35 
-6.27744e+66 -6.27744e+66 -6.27744e+66 -6.27744e+66 -6.27744e+66 -6.27744e+66 -6.27744e+66 -6.27744e+66 -6.27744e+66 -6.27744e+66 -6.27744e+66 -6.27744e+66 -6.27744e+66 1227.27 1346.01 1477.29 1833.84 2016 2457.17 2675.37 3400.55 3641.1 4349.58 4994.95 5652.78 
-6.27744e+66 -6.27744e+66 -6.27744e+66 -6.27744e+66 -6.27744e+66 -6.27744e+66 -6.27744e+66 -6.27744e+66 -6.27744e+66 -6.27744e+66 -6.27744e+66 -6.27744e+66 -6.27744e+66 -6.27744e+66 1227.27 1292.91 1530.61 1667.23 2020.16 2201.99 2823.58 3034.07 3663.82 4244.66 4842.68 
-6.27744e+66 -6.27744e+66 -6.27744e+66 -6.27744e+66 -6.27744e+66 -6.27744e+66 -6.27744e+66 -6.27744e+66 -6.27744e+66 -6.27744e+66 -6.27744e+66 -6.27744e+66 -6.27744e+66 -6.27744e+66 -6.27744e+66 1227.27 1346.12 1437.2 1701.9 1847.36 2365.35 2545.77 3096.8 3613.1 4151.33 
-6.27744e+66 -6.27744e+66 -6.27744e+66 -6.27744e+66 -6.27744e+66 -6.27744e+66 -6.27744e+66 -6.27744e+66 -6.27744e+66 -6.27744e+66 -6.27744e+66 -6.27744e+66 -6.27744e+66 -6.27744e+66 -6.27744e+66 -6.27744e+66 1227.27 1272.81 1449.28 1558.37 1972.76 2123.11 2595.43 3047.19 3525.61 
-6.27744e+66 -6.27744e+66 -6.27744e+66 -6.27744e+66 -6.27744e+66 -6.27744e+66 -6.27744e+66 -6.27744e+66 -6.27744e+66 -6.27744e+66 -6.27744e+66 -6.27744e+66 -6.27744e+66 -6.27744e+66 -6.27744e+66 -6.27744e+66 -6.27744e+66 1227.27 1315.5 1388.24 1699.03 1819.31 2212.9 2600.13 3018.75 
-6.27744e+66 -6.27744e+66 -6.27744e+66 -6.27744e+66 -6.27744e+66 -6.27744e+66 -6.27744e+66 -6.27744e+66 -6.27744e+66 -6.27744e+66 -6.27744e+66 -6.27744e+66 -6.27744e+66 -6.27744e+66 -6.27744e+66 -6.27744e+66 -6.27744e+66 -6.27744e+66 1227.27 1263.64 1470.83 1561.04 1875.92 2198.6 2557.42 
-6.27744e+66 -6.27744e+66 -6.27744e+66 -6.27744e+66 -6.27744e+66 -6.27744e+66 -6.27744e+66 -6.27744e+66 -6.27744e+66 -6.27744e+66 -6.27744e+66 -6.27744e+66 -6.27744e+66 -6.27744e+66 -6.27744e+66 -6.27744e+66 -6.27744e+66 -6.27744e+66 -6.27744e+66 1227.27 1330.87 1391.01 1627.16 1885.31 2184.33 
-6.27744e+66 -6.27744e+66 -6.27744e+66 -6.27744e+66 -6.27744e+66 -6.27744e+66 -6.27744e+66 -6.27744e+66 -6.27744e+66 -6.27744e+66 -6.27744e+66 -6.27744e+66 -6.27744e+66 -6.27744e+66 -6.27744e+66 -6.27744e+66 -6.27744e+66 -6.27744e+66 -6.27744e+66 -6.27744e+66 1227.27 1257.34 1414.78 1608.39 1847.6 
-6.27744e+66 -6.27744e+66 -6.27744e+66 -6.27744e+66 -6.27744e+66 -6.27744e+66 -6.27744e+66 -6.27744e+66 -6.27744e+66 -6.27744e+66 -6.27744e+66 -6.27744e+66 -6.27744e+66 -6.27744e+66 -6.27744e+66 -6.27744e+66 -6.27744e+66 -6.27744e+66 -6.27744e+66 -6.27744e+66 -6.27744e+66 1227.27 1305.99 1435.06 1614.47 
-6.27744e+66 -6.27744e+66 -6.27744e+66 -6.27744e+66 -6.27744e+66 -6.27744e+66 -6.27744e+66 -6.27744e+66 -6.27744e+66 -6.27744e+66 -6.27744e+66 -6.27744e+66 -6.27744e+66 -6.27744e+66 -6.27744e+66 -6.27744e+66 -6.27744e+66 -6.27744e+66 -6.27744e+66 -6.27744e+66 -6.27744e+66 -6.27744e+66 1227.27 1291.81 1411.41 
-6.27744e+66 -6.27744e+66 -6.27744e+66 -6.27744e+66 -6.27744e+66 -6.27744e+66 -6.27744e+66 -6.27744e+66 -6.27744e+66 -6.27744e+66 -6.27744e+66 -6.27744e+66 -6.27744e+66 -6.27744e+66 -6.27744e+66 -6.27744e+66 -6.27744e+66 -6.27744e+66 -6.27744e+66 -6.27744e+66 -6.27744e+66 -6.27744e+66 -6.27744e+66 1227.27 1287.07 
-6.27744e+66 -6.27744e+66 -6.27744e+66 -6.27744e+66 -6.27744e+66 -6.27744e+66 -6.27744e+66 -6.27744e+66 -6.27744e+66 -6.27744e+66 -6.27744e+66 -6.27744e+66 -6.27744e+66 -6.27744e+66 -6.27744e+66 -6.27744e+66 -6.27744e+66 -6.27744e+66 -6.27744e+66 -6.27744e+66 -6.27744e+66 -6.27744e+66 -6.27744e+66 -6.27744e+66 1227.27 
-6.27744e+66 -6.27744e+66 -6.27744e+66 -6.27744e+66 -6.27744e+66 -6.27744e+66 -6.27744e+66 -6.27744e+66 -6.27744e+66 -6.27744e+66 -6.27744e+66 -6.27744e+66 -6.27744e+66 -6.27744e+66 -6.27744e+66 -6.27744e+66 -6.27744e+66 -6.27744e+66 -6.27744e+66 -6.27744e+66 -6.27744e+66 -6.27744e+66 -6.27744e+66 -6.27744e+66 -6.27744e+66 
-6.27744e+66 656.391 738.956 767.432 1047.84 1205.52 1739.05 1907.07 2327.51 2840.3 3483.81 4109.3 4920.43 5276.95 5925.12 6606.8 8445.31 9165.43 10585.7 11652 13547.6 14552.8 16638.4 18148.4 20086.7 
-6.27744e+66 -6.27744e+66 656.391 670.629 857.567 975.826 1402.65 1542.67 1903.05 2351.74 2923.74 3486.69 4224.08 4550.89 5149.2 5782.18 7498.13 8173.24 9510 10517.1 12312.9 13267.8 15254.1 16695.4 18549.5 
-6.27744e+66 -6.27744e+66 -6.27744e+66 656.391 749.86 828.699 1148.82 1260.83 1561.15 1945.74 2446.24 2946.64 3610.29 3907.39 4455.84 5040.14 6633.51 7263.62 8516.83 9464.64 11160.7 12065.3 13952.4 15325 17094.9 
-6.27744e+66 -6.27744e+66 -6.27744e+66 -6.27744e+66 656.391 695.81 909.222 993.234 1233.49 1553.98 1982.98 2420.83 3010.74 3278.13 3776.72 4312.33 5783.13 6368.24 7537.89 8426.47 10022.8 10877.1 12664.8 13968.9 15654.4 
-6.27744e+66 -6.27744e+66 -6.27744e+66 -6.27744e+66 -6.27744e+66 656.391 763.097 819.104 999.294 1255.69 1613.19 1988.49 2504.66 2742.34 3191.07 3677.99 5026.23 5566.32 6652.43 7481.77 8978.29 9782.42 11470.8 12706.2 14307.5 
-6.27744e+66 -6.27744e+66 -6.27744e+66 -6.27744e+66 -6.27744e+66 -6.27744e+66 656.391 684.394 804.521 996.817 1282.82 1595.57 2038 2245.97 2644.84 3083.07 4308.74 4803.82 5806.39 6576.49 7973.24 8727.11 10316.2 11482.9 12999.9 
-6.27744e+66 -6.27744e+66 -6.27744e+66 -6.27744e+66 -6.27744e+66 -6.27744e+66 -6.27744e+66 656.391 716.454 844.651 1059.15 1309.35 1678.04 1856.31 2205.32 2594.85 3697.95 4148.03 5067.05 5777.91 7074.9 7778.51 9268.26 10366.4 11799.1 
-6.27744e+66 -6.27744e+66 -6.27744e+66 -6.27744e+66 -6.27744e+66 -6.27744e+66 -6.27744e+66 -6.27744e+66 656.391 720.489 863.49 1051.14 1346.09 1494.65 1793.8 2134.64 3115.18 3520.25 4355.72 5007.34 6204.56 6857.91 8248.35 9277.84 10626.3 
-6.27744e+66 -6.27744e+66 -6.27744e+66 -6.27744e+66 -6.27744e+66 -6.27744e+66 -6.27744e+66 -6.27744e+66 -6.27744e+66 656.391 727.891 852.991 1074.21 1193.05 1442.34 1734.49 2592.46 2952.52 3704.45 4296.83 5394.28 5997.38 7288.5 8249.36 9513.52 
-6.27744e+66 -6.27744e+66 -6.27744e+66 -6.27744e+66 -6.27744e+66 -6.27744e+66 -6.27744e+66 -6.27744e+66 -6.27744e+66 -6.27744e+66 656.391 718.94 866.418 955.549 1154.98 1398.44 2133.84 2448.9 3117.28 3650.42 4648.1 5200.94 6392.74 7284.97 8464.86 
-6.27744e+66 -6.27744e+66 -6.27744e+66 -6.27744e+66 -6.27744e+66 -6.27744e+66 -6.27744e+66 -6.27744e+66 -6.27744e+66 -6.27744e+66 -6.27744e+66 656.391 730.129 789.55 939.127 1133.89 1746.73 2016.78 2601.6 3075.51 3973.43 4476.01 5568.49 6392.08 7487.7 
-6.27744e+66 -6.27744e+66 -6.27744e+66 -6.27744e+66 -6.27744e+66 -6.27744e+66 -6.27744e+66 -6.27744e+66 -6.27744e+66 -6.27744e+66 -6.27744e+66 -6.27744e+66 656.391 686.101 785.819 931.893 1422.16 1647.2 2148.48 2563.15 3361.3 3813.62 4806.79 5561.75 6573.08 
-6.27744e+66 -6.27744e+66 -6.27744e+66 -6.27744e+66 -6.27744e+66 -6.27744e+66 -6.27744e+66 -6.27744e+66 -6.27744e+66 -6.27744e+66 -6.27744e+66 -6.27744e+66 -6.27744e+66 656.391 706.249 803.632 1171.33 1351.37 1769.1 2124.53 2822.91 3224.97 4118.82 4805.15 5732.21 
-6.27744e+66 -6.27744e+66 -6.27744e+66 -6.27744e+66 -6.27744e+66 -6.27744e+66 -6.27744e+66 -6.27744e+66 -6.27744e+66 -6.27744e+66 -6.27744e+66 -6.27744e+66 -6.27744e+66 -6.27744e+66 656.391 705.082 950.216 1085.24 1419.43 1715.62 2314.23 2666.04 3460.57 4078.27 4921.04 
-6.27744e+66 -6.27744e+66 -6.27744e+66 -6.27744e+66 -6.27744e+66 -6.27744e+66 -6.27744e+66 -6.27744e+66 -6.27744e+66 -6.27744e+66 -6.27744e+66 -6.27744e+66 -6.27744e+66 -6.27744e+66 -6.27744e+66 656.391 778.958 868.974 1119.61 1356.57 1855.41 2156.96 2852.17 3401.24 4159.74 
-6.27744e+66 -6.27744e+66 -6.27744e+66 -6.27744e+66 -6.27744e+66 -6.27744e+66 -6.27744e+66 -6.27744e+66 -6.27744e+66 -6.27744e+66 -6.27744e+66 -6.27744e+66 -6.27744e+66 -6.27744e+66 -6.27744e+66 -6.27744e+66 656.391 701.399 868.493 1046.21 1445.28 1696.57 2292.47 2772.9 3447.12 
-6.27744e+66 -6.27744e+66 -6.27744e+66 -6.27744e+66 -6.27744e+66 -6.27744e+66 -6.27744e+66 -6.27744e+66 -6.27744e+66 -6.27744e+66 -6.27744e+66 -6.27744e+66 -6.27744e+66 -6.27744e+66 -6.27744e+66 -6.27744e+66 -6.27744e+66 656.391 739.938 858.415 1157.72 1358.75 1855.33 2267.13 2857.08 
-6.27744e+66 -6.27744e+66 -6.27744e+66 -6.27744e+66 -6.27744e+66 -6.27744e+66 -6.27744e+66 -6.27744e+66 -6.27744e+66 -6.27744e+66 -6.27744e+66 -6.27744e+66 -6.27744e+66 -6.27744e+66 -6.27744e+66 -6.27744e+66 -6.27744e+66 -6.27744e+66 656.391 715.629 915.165 1065.94 1463.21 1806.37 2312.04 
-6.27744e+66 -6.27744e+66 -6.27744e+66 -6.27744e+66 -6.27744e+66 -6.27744e+66 -6.27744e+66 -6.27744e+66 -6.27744e+66 -6.27744e+66 -6.27744e+66 -6.27744e+66 -6.27744e+66 -6.27744e+66 -6.27744e+66 -6.27744e+66 -6.27744e+66 -6.27744e+66 -6.27744e+66 656.391 756.159 856.675 1154.63 1429.16 1850.55 
-6.27744e+66 -6.27744e+66 -6.27744e+66 -6.27744e+66 -6.27744e+66 -6.27744e+66 -6.27744e+66 -6.27744e+66 -6.27744e+66 -6.27744e+66 -6.27744e+66 -6.27744e+66 -6.27744e+66 -6.27744e+66 -6.27744e+66 -6.27744e+66 -6.27744e+66 -6.27744e+66 -6.27744e+66 -6.27744e+66 656.391 706.649 905.282 1111.18 1448.29 
-6.27744e+66 -6.27744e+66 -6.27744e+66 -6.27744e+66 -6.27744e+66 -6.27744e+66 -6.27744e+66 -6.27744e+66 -6.27744e+66 -6.27744e+66 -6.27744e+66 -6.27744e+66 -6.27744e+66 -6.27744e+66 -6.27744e+66 -6.27744e+66 -6.27744e+66 -6.27744e+66 -6.27744e+66 -6.27744e+66 -6.27744e+66 656.391 755.707 892.973 1145.81 
-6.27744e+66 -6.27744e+66 -6.27744e+66 -6.27744e+66 -6.27744e+66 -6.27744e+66 -6.27744e+66 -6.27744e+66 -6.27744e+66 -6.27744e+66 -6.27744e+66 -6.27744e+66 -6.27744e+66 -6.27744e+66 -6.27744e+66 -6.27744e+66 -6.27744e+66 -6.27744e+66 -6.27744e+66 -6.27744e+66 -6.27744e+66 -6.27744e+66 656.391 725.024 893.579 
-6.27744e+66 -6.27744e+66 -6.27744e+66 -6.27744e+66 -6.27744e+66 -6.27744e+66 -6.27744e+66 -6.27744e+66 -6.27744e+66 -6.27744e+66 -6.27744e+66 -6.27744e+66 -6.27744e+66 -6.27744e+66 -6.27744e+66 -6.27744e+66 -6.27744e+66 -6.27744e+66 -6.27744e+66 -6.27744e+66 -6.27744e+66 -6.27744e+66 -6.27744e+66 656.391 740.668 
-6.27744e+66 -6.27744e+66 -6.27744e+66 -6.27744e+66 -6.27744e+66 -6.27744e+66 -6.27744e+66 -6.27744e+66 -6.27744e+66 -6.27744e+66 -6.27744e+66 -6.27744e+66 -6.27744e+66 -6.27744e+66 -6.27744e+66 -6.27744e+66 -6.27744e+66 -6.27744e+66 -6.27744e+66 -6.27744e+66 -6.27744e+66 -6.27744e+66 -6.27744e+66 -6.27744e+66 656.391 
-6.27744e+66 -6.27744e+66 -6.27744e+66 -6.27744e+66 -6.27744e+66 -6.27744e+66 -6.27744e+66 -6.27744e+66 -6.27744e+66 -6.27744e+66 -6.27744e+66 -6.27744e+66 -6.27744e+66 -6.27744e+66 -6.27744e+66 -6.27744e+66 -6.27744e+66 -6.27744e+66 -6.27744e+66 -6.27744e+66 -6.27744e+66 -6.27744e+66 -6.27744e+66 -6.27744e+66 -6.27744e+66 
