6 40 
-6.27744e+66 51.9836 146.774 250.823 580.462 884.396 1361.21 
-6.27744e+66 -6.27744e+66 51.9836 104.008 323.768 551.718 933.168 
-6.27744e+66 -6.27744e+66 -6.27744e+66 51.9836 161.863 313.83 599.918 
-6.27744e+66 -6.27744e+66 -6.27744e+66 -6.27744e+66 51.9836 127.967 318.692 
-6.27744e+66 -6.27744e+66 -6.27744e+66 -6.27744e+66 -6.27744e+66 51.9836 147.346 
-6.27744e+66 -6.27744e+66 -6.27744e+66 -6.27744e+66 -6.27744e+66 -6.27744e+66 51.9836 
-6.27744e+66 -6.27744e+66 -6.27744e+66 -6.27744e+66 -6.27744e+66 -6.27744e+66 -6.27744e+66 
-6.27744e+66 65.8756 167.546 268.528 665.281 926.154 1439.58 
-6.27744e+66 -6.27744e+66 65.8756 116.366 380.868 576.523 987.26 
-6.27744e+66 -6.27744e+66 -6.27744e+66 65.8756 198.127 328.563 636.616 
-6.27744e+66 -6.27744e+66 -6.27744e+66 -6.27744e+66 65.8756 131.094 336.462 
-6.27744e+66 -6.27744e+66 -6.27744e+66 -6.27744e+66 -6.27744e+66 65.8756 168.56 
-6.27744e+66 -6.27744e+66 -6.27744e+66 -6.27744e+66 -6.27744e+66 -6.27744e+66 65.8756 
-6.27744e+66 -6.27744e+66 -6.27744e+66 -6.27744e+66 -6.27744e+66 -6.27744e+66 -6.27744e+66 
-6.27744e+66 55.6399 157.798 266.891 544.389 675.657 1046.91 
-6.27744e+66 -6.27744e+66 55.6399 110.187 295.185 393.636 690.636 
-6.27744e+66 -6.27744e+66 -6.27744e+66 55.6399 148.139 213.773 436.523 
-6.27744e+66 -6.27744e+66 -6.27744e+66 -6.27744e+66 55.6399 88.4569 236.957 
-6.27744e+66 -6.27744e+66 -6.27744e+66 -6.27744e+66 -6.27744e+66 55.6399 129.89 
-6.27744e+66 -6.27744e+66 -6.27744e+66 -6.27744e+66 -6.27744e+66 -6.27744e+66 55.6399 
-6.27744e+66 -6.27744e+66 -6.27744e+66 -6.27744e+66 -6.27744e+66 -6.27744e+66 -6.27744e+66 
-6.27744e+66 46.6418 118.834 196.037 569.324 779.111 1230.31 
-6.27744e+66 -6.27744e+66 46.6418 85.2432 334.101 491.442 852.403 
-6.27744e+66 -6.27744e+66 -6.27744e+66 46.6418 171.071 275.964 546.686 
-6.27744e+66 -6.27744e+66 -6.27744e+66 -6.27744e+66 46.6418 99.0887 279.569 
-6.27744e+66 -6.27744e+66 -6.27744e+66 -6.27744e+66 -6.27744e+66 46.6418 136.882 
-6.27744e+66 -6.27744e+66 -6.27744e+66 -6.27744e+66 -6.27744e+66 -6.27744e+66 46.6418 
-6.27744e+66 -6.27744e+66 -6.27744e+66 -6.27744e+66 -6.27744e+66 -6.27744e+66 -6.27744e+66 
-6.27744e+66 42.4345 143.707 229.64 551.176 683.108 1093.55 
-6.27744e+66 -6.27744e+66 42.4345 85.4006 299.758 398.707 727.061 
-6.27744e+66 -6.27744e+66 -6.27744e+66 42.4345 149.613 215.579 461.845 
-6.27744e+66 -6.27744e+66 -6.27744e+66 -6.27744e+66 42.4345 75.4174 239.594 
-6.27744e+66 -6.27744e+66 -6.27744e+66 -6.27744e+66 -6.27744e+66 42.4345 124.523 
-6.27744e+66 -6.27744e+66 -6.27744e+66 -6.27744e+66 -6.27744e+66 -6.27744e+66 42.4345 
-6.27744e+66 -6.27744e+66 -6.27744e+66 -6.27744e+66 -6.27744e+66 -6.27744e+66 -6.27744e+66 
-6.27744e+66 79.8147 170.014 303.934 609.654 980.302 1231.6 
-6.27744e+66 -6.27744e+66 79.8147 146.775 350.588 628.574 829.608 
-6.27744e+66 -6.27744e+66 -6.27744e+66 79.8147 181.721 367.045 517.821 
-6.27744e+66 -6.27744e+66 -6.27744e+66 -6.27744e+66 79.8147 172.477 272.994 
-6.27744e+66 -6.27744e+66 -6.27744e+66 -6.27744e+66 -6.27744e+66 79.8147 130.073 
-6.27744e+66 -6.27744e+66 -6.27744e+66 -6.27744e+66 -6.27744e+66 -6.27744e+66 79.8147 
-6.27744e+66 -6.27744e+66 -6.27744e+66 -6.27744e+66 -6.27744e+66 -6.27744e+66 -6.27744e+66 
-6.27744e+66 37.6667 127.26 260.856 525.157 626.606 1165.94 
-6.27744e+66 -6.27744e+66 37.6667 104.465 280.666 356.752 788.218 
-6.27744e+66 -6.27744e+66 -6.27744e+66 37.6667 125.767 176.492 500.091 
-6.27744e+66 -6.27744e+66 -6.27744e+66 -6.27744e+66 37.6667 63.029 278.762 
-6.27744e+66 -6.27744e+66 -6.27744e+66 -6.27744e+66 -6.27744e+66 37.6667 145.533 
-6.27744e+66 -6.27744e+66 -6.27744e+66 -6.27744e+66 -6.27744e+66 -6.27744e+66 37.6667 
-6.27744e+66 -6.27744e+66 -6.27744e+66 -6.27744e+66 -6.27744e+66 -6.27744e+66 -6.27744e+66 
-6.27744e+66 48.0115 148.021 294.479 594.544 754.227 1325.72 
-6.27744e+66 -6.27744e+66 48.0115 121.24 321.284 441.046 898.239 
-6.27744e+66 -6.27744e+66 -6.27744e+66 48.0115 148.033 227.874 570.769 
-6.27744e+66 -6.27744e+66 -6.27744e+66 -6.27744e+66 48.0115 87.932 316.528 
-6.27744e+66 -6.27744e+66 -6.27744e+66 -6.27744e+66 -6.27744e+66 48.0115 162.31 
-6.27744e+66 -6.27744e+66 -6.27744e+66 -6.27744e+66 -6.27744e+66 -6.27744e+66 48.0115 
-6.27744e+66 -6.27744e+66 -6.27744e+66 -6.27744e+66 -6.27744e+66 -6.27744e+66 -6.27744e+66 
-6.27744e+66 53.1607 152.389 252.138 462.065 687.742 1288.15 
-6.27744e+66 -6.27744e+66 53.1607 103.035 242.986 412.244 892.57 
-6.27744e+66 -6.27744e+66 -6.27744e+66 53.1607 123.136 235.975 596.219 
-6.27744e+66 -6.27744e+66 -6.27744e+66 -6.27744e+66 53.1607 109.58 349.743 
-6.27744e+66 -6.27744e+66 -6.27744e+66 -6.27744e+66 -6.27744e+66 53.1607 173.242 
-6.27744e+66 -6.27744e+66 -6.27744e+66 -6.27744e+66 -6.27744e+66 -6.27744e+66 53.1607 
-6.27744e+66 -6.27744e+66 -6.27744e+66 -6.27744e+66 -6.27744e+66 -6.27744e+66 -6.27744e+66 
-6.27744e+66 42.9555 173.211 310.856 654.853 908.201 1399.11 
-6.27744e+66 -6.27744e+66 42.9555 111.778 341.109 531.12 923.85 
-6.27744e+66 -6.27744e+66 -6.27744e+66 42.9555 157.621 284.295 578.842 
-6.27744e+66 -6.27744e+66 -6.27744e+66 -6.27744e+66 42.9555 106.293 302.657 
-6.27744e+66 -6.27744e+66 -6.27744e+66 -6.27744e+66 -6.27744e+66 42.9555 141.138 
-6.27744e+66 -6.27744e+66 -6.27744e+66 -6.27744e+66 -6.27744e+66 -6.27744e+66 42.9555 
-6.27744e+66 -6.27744e+66 -6.27744e+66 -6.27744e+66 -6.27744e+66 -6.27744e+66 -6.27744e+66 
-6.27744e+66 30.5136 126.021 302.162 551.396 783.904 1115.28 
-6.27744e+66 -6.27744e+66 30.5136 118.584 284.74 459.121 724.224 
-6.27744e+66 -6.27744e+66 -6.27744e+66 30.5136 113.591 229.846 428.673 
-6.27744e+66 -6.27744e+66 -6.27744e+66 -6.27744e+66 30.5136 88.6407 221.192 
-6.27744e+66 -6.27744e+66 -6.27744e+66 -6.27744e+66 -6.27744e+66 30.5136 96.7894 
-6.27744e+66 -6.27744e+66 -6.27744e+66 -6.27744e+66 -6.27744e+66 -6.27744e+66 30.5136 
-6.27744e+66 -6.27744e+66 -6.27744e+66 -6.27744e+66 -6.27744e+66 -6.27744e+66 -6.27744e+66 
-6.27744e+66 56.2032 152.703 193.75 338.143 566.867 1117.43 
-6.27744e+66 -6.27744e+66 56.2032 76.7265 172.989 344.532 784.985 
-6.27744e+66 -6.27744e+66 -6.27744e+66 56.2032 104.334 218.697 549.036 
-6.27744e+66 -6.27744e+66 -6.27744e+66 -6.27744e+66 56.2032 113.384 333.611 
-6.27744e+66 -6.27744e+66 -6.27744e+66 -6.27744e+66 -6.27744e+66 56.2032 166.316 
-6.27744e+66 -6.27744e+66 -6.27744e+66 -6.27744e+66 -6.27744e+66 -6.27744e+66 56.2032 
-6.27744e+66 -6.27744e+66 -6.27744e+66 -6.27744e+66 -6.27744e+66 -6.27744e+66 -6.27744e+66 
-6.27744e+66 62.7923 146.959 275.123 617.883 827.491 1113.12 
-6.27744e+66 -6.27744e+66 62.7923 126.875 355.381 512.587 741.088 
-6.27744e+66 -6.27744e+66 -6.27744e+66 62.7923 177.046 281.849 453.225 
-6.27744e+66 -6.27744e+66 -6.27744e+66 -6.27744e+66 62.7923 115.194 229.445 
-6.27744e+66 -6.27744e+66 -6.27744e+66 -6.27744e+66 -6.27744e+66 62.7923 119.918 
-6.27744e+66 -6.27744e+66 -6.27744e+66 -6.27744e+66 -6.27744e+66 -6.27744e+66 62.7923 
-6.27744e+66 -6.27744e+66 -6.27744e+66 -6.27744e+66 -6.27744e+66 -6.27744e+66 -6.27744e+66 
-6.27744e+66 30.9504 101.265 238.824 626.888 942.055 1498.04 
-6.27744e+66 -6.27744e+66 30.9504 99.7301 358.439 594.814 1039.6 
-6.27744e+66 -6.27744e+66 -6.27744e+66 30.9504 160.305 317.888 651.479 
-6.27744e+66 -6.27744e+66 -6.27744e+66 -6.27744e+66 30.9504 109.742 332.136 
-6.27744e+66 -6.27744e+66 -6.27744e+66 -6.27744e+66 -6.27744e+66 30.9504 142.147 
-6.27744e+66 -6.27744e+66 -6.27744e+66 -6.27744e+66 -6.27744e+66 -6.27744e+66 30.9504 
-6.27744e+66 -6.27744e+66 -6.27744e+66 -6.27744e+66 -6.27744e+66 -6.27744e+66 -6.27744e+66 
-6.27744e+66 70.5542 159.328 256.887 509.544 591.933 1106.52 
-6.27744e+66 -6.27744e+66 70.5542 119.334 287.772 349.564 761.236 
-6.27744e+66 -6.27744e+66 -6.27744e+66 70.5542 154.773 195.968 504.722 
-6.27744e+66 -6.27744e+66 -6.27744e+66 -6.27744e+66 70.5542 91.1515 296.988 
-6.27744e+66 -6.27744e+66 -6.27744e+66 -6.27744e+66 -6.27744e+66 70.5542 173.472 
-6.27744e+66 -6.27744e+66 -6.27744e+66 -6.27744e+66 -6.27744e+66 -6.27744e+66 70.5542 
-6.27744e+66 -6.27744e+66 -6.27744e+66 -6.27744e+66 -6.27744e+66 -6.27744e+66 -6.27744e+66 
-6.27744e+66 65.4594 150.772 211.266 579.608 781.464 1404.1 
-6.27744e+66 -6.27744e+66 65.4594 95.706 341.268 492.659 990.77 
-6.27744e+66 -6.27744e+66 -6.27744e+66 65.4594 188.24 289.168 662.751 
-6.27744e+66 -6.27744e+66 -6.27744e+66 -6.27744e+66 65.4594 115.923 364.979 
-6.27744e+66 -6.27744e+66 -6.27744e+66 -6.27744e+66 -6.27744e+66 65.4594 189.987 
-6.27744e+66 -6.27744e+66 -6.27744e+66 -6.27744e+66 -6.27744e+66 -6.27744e+66 65.4594 
-6.27744e+66 -6.27744e+66 -6.27744e+66 -6.27744e+66 -6.27744e+66 -6.27744e+66 -6.27744e+66 
-6.27744e+66 92.0231 186.816 278.081 567.735 831.054 1323.16 
-6.27744e+66 -6.27744e+66 92.0231 137.656 330.758 528.247 921.93 
-6.27744e+66 -6.27744e+66 -6.27744e+66 92.0231 188.574 320.234 615.496 
-6.27744e+66 -6.27744e+66 -6.27744e+66 -6.27744e+66 92.0231 157.853 354.694 
-6.27744e+66 -6.27744e+66 -6.27744e+66 -6.27744e+66 -6.27744e+66 92.0231 190.444 
-6.27744e+66 -6.27744e+66 -6.27744e+66 -6.27744e+66 -6.27744e+66 -6.27744e+66 92.0231 
-6.27744e+66 -6.27744e+66 -6.27744e+66 -6.27744e+66 -6.27744e+66 -6.27744e+66 -6.27744e+66 
-6.27744e+66 27.9435 110.426 200.828 521.333 828.477 1137.59 
-6.27744e+66 -6.27744e+66 27.9435 73.1446 286.814 517.172 764.462 
-6.27744e+66 -6.27744e+66 -6.27744e+66 27.9435 134.778 288.351 473.818 
-6.27744e+66 -6.27744e+66 -6.27744e+66 -6.27744e+66 27.9435 104.73 228.374 
-6.27744e+66 -6.27744e+66 -6.27744e+66 -6.27744e+66 -6.27744e+66 27.9435 89.7659 
-6.27744e+66 -6.27744e+66 -6.27744e+66 -6.27744e+66 -6.27744e+66 -6.27744e+66 27.9435 
-6.27744e+66 -6.27744e+66 -6.27744e+66 -6.27744e+66 -6.27744e+66 -6.27744e+66 -6.27744e+66 
-6.27744e+66 65.3625 144.533 199.625 557.501 842.932 1456.37 
-6.27744e+66 -6.27744e+66 65.3625 92.9089 331.493 545.566 1036.31 
-6.27744e+66 -6.27744e+66 -6.27744e+66 65.3625 184.655 327.37 695.431 
-6.27744e+66 -6.27744e+66 -6.27744e+66 -6.27744e+66 65.3625 136.72 382.094 
-6.27744e+66 -6.27744e+66 -6.27744e+66 -6.27744e+66 -6.27744e+66 65.3625 188.049 
-6.27744e+66 -6.27744e+66 -6.27744e+66 -6.27744e+66 -6.27744e+66 -6.27744e+66 65.3625 
-6.27744e+66 -6.27744e+66 -6.27744e+66 -6.27744e+66 -6.27744e+66 -6.27744e+66 -6.27744e+66 
-6.27744e+66 71.6473 183.714 292.656 572.31 622.305 865.579 
-6.27744e+66 -6.27744e+66 71.6473 126.118 312.554 350.051 544.67 
-6.27744e+66 -6.27744e+66 -6.27744e+66 71.6473 164.865 189.863 335.827 
-6.27744e+66 -6.27744e+66 -6.27744e+66 -6.27744e+66 71.6473 84.1462 181.456 
-6.27744e+66 -6.27744e+66 -6.27744e+66 -6.27744e+66 -6.27744e+66 71.6473 120.302 
-6.27744e+66 -6.27744e+66 -6.27744e+66 -6.27744e+66 -6.27744e+66 -6.27744e+66 71.6473 
-6.27744e+66 -6.27744e+66 -6.27744e+66 -6.27744e+66 -6.27744e+66 -6.27744e+66 -6.27744e+66 
-6.27744e+66 58.7017 112.192 212.109 521.756 774.135 1160.65 
-6.27744e+66 -6.27744e+66 58.7017 108.66 315.091 504.376 813.586 
-6.27744e+66 -6.27744e+66 -6.27744e+66 58.7017 161.917 288.107 520.015 
-6.27744e+66 -6.27744e+66 -6.27744e+66 -6.27744e+66 58.7017 121.796 276.402 
-6.27744e+66 -6.27744e+66 -6.27744e+66 -6.27744e+66 -6.27744e+66 58.7017 136.004 
-6.27744e+66 -6.27744e+66 -6.27744e+66 -6.27744e+66 -6.27744e+66 -6.27744e+66 58.7017 
-6.27744e+66 -6.27744e+66 -6.27744e+66 -6.27744e+66 -6.27744e+66 -6.27744e+66 -6.27744e+66 
-6.27744e+66 57.9901 145.355 290.065 502.59 657.341 1238.49 
-6.27744e+66 -6.27744e+66 57.9901 130.345 272.029 388.092 853.013 
-6.27744e+66 -6.27744e+66 -6.27744e+66 57.9901 128.832 206.207 554.898 
-6.27744e+66 -6.27744e+66 -6.27744e+66 -6.27744e+66 57.9901 96.6777 329.138 
-6.27744e+66 -6.27744e+66 -6.27744e+66 -6.27744e+66 -6.27744e+66 57.9901 174.22 
-6.27744e+66 -6.27744e+66 -6.27744e+66 -6.27744e+66 -6.27744e+66 -6.27744e+66 57.9901 
-6.27744e+66 -6.27744e+66 -6.27744e+66 -6.27744e+66 -6.27744e+66 -6.27744e+66 -6.27744e+66 
-6.27744e+66 86.6326 225.423 318.041 683.839 947.803 1439.28 
-6.27744e+66 -6.27744e+66 86.6326 132.942 376.807 574.779 967.963 
-6.27744e+66 -6.27744e+66 -6.27744e+66 86.6326 208.565 340.547 635.434 
-6.27744e+66 -6.27744e+66 -6.27744e+66 -6.27744e+66 86.6326 152.624 349.215 
-6.27744e+66 -6.27744e+66 -6.27744e+66 -6.27744e+66 -6.27744e+66 86.6326 184.928 
-6.27744e+66 -6.27744e+66 -6.27744e+66 -6.27744e+66 -6.27744e+66 -6.27744e+66 86.6326 
-6.27744e+66 -6.27744e+66 -6.27744e+66 -6.27744e+66 -6.27744e+66 -6.27744e+66 -6.27744e+66 
-6.27744e+66 26.1492 131.435 259.689 551.742 616.745 918.1 
-6.27744e+66 -6.27744e+66 26.1492 90.2763 284.979 333.73 574.815 
-6.27744e+66 -6.27744e+66 -6.27744e+66 26.1492 123.5 156.002 336.815 
-6.27744e+66 -6.27744e+66 -6.27744e+66 -6.27744e+66 26.1492 42.3998 162.942 
-6.27744e+66 -6.27744e+66 -6.27744e+66 -6.27744e+66 -6.27744e+66 26.1492 86.4203 
-6.27744e+66 -6.27744e+66 -6.27744e+66 -6.27744e+66 -6.27744e+66 -6.27744e+66 26.1492 
-6.27744e+66 -6.27744e+66 -6.27744e+66 -6.27744e+66 -6.27744e+66 -6.27744e+66 -6.27744e+66 
-6.27744e+66 38.836 140.58 212.996 371.325 578.791 1103.56 
-6.27744e+66 -6.27744e+66 38.836 75.0437 180.596 336.196 756.009 
-6.27744e+66 -6.27744e+66 -6.27744e+66 38.836 91.6123 195.345 510.205 
-6.27744e+66 -6.27744e+66 -6.27744e+66 -6.27744e+66 38.836 90.7025 300.609 
-6.27744e+66 -6.27744e+66 -6.27744e+66 -6.27744e+66 -6.27744e+66 38.836 143.789 
-6.27744e+66 -6.27744e+66 -6.27744e+66 -6.27744e+66 -6.27744e+66 -6.27744e+66 38.836 
-6.27744e+66 -6.27744e+66 -6.27744e+66 -6.27744e+66 -6.27744e+66 -6.27744e+66 -6.27744e+66 
-6.27744e+66 40.4988 140.743 269.315 629.858 884.355 1387.82 
-6.27744e+66 -6.27744e+66 40.4988 104.785 345.147 536.02 938.794 
-6.27744e+66 -6.27744e+66 -6.27744e+66 40.4988 160.68 287.928 590.009 
-6.27744e+66 -6.27744e+66 -6.27744e+66 -6.27744e+66 40.4988 104.123 305.51 
-6.27744e+66 -6.27744e+66 -6.27744e+66 -6.27744e+66 -6.27744e+66 40.4988 141.192 
-6.27744e+66 -6.27744e+66 -6.27744e+66 -6.27744e+66 -6.27744e+66 -6.27744e+66 40.4988 
-6.27744e+66 -6.27744e+66 -6.27744e+66 -6.27744e+66 -6.27744e+66 -6.27744e+66 -6.27744e+66 
-6.27744e+66 54.7416 187.531 260.043 559.288 844.286 1222.16 
-6.27744e+66 -6.27744e+66 54.7416 90.9976 290.494 504.243 806.542 
-6.27744e+66 -6.27744e+66 -6.27744e+66 54.7416 154.49 296.989 523.714 
-6.27744e+66 -6.27744e+66 -6.27744e+66 -6.27744e+66 54.7416 125.991 277.141 
-6.27744e+66 -6.27744e+66 -6.27744e+66 -6.27744e+66 -6.27744e+66 54.7416 130.316 
-6.27744e+66 -6.27744e+66 -6.27744e+66 -6.27744e+66 -6.27744e+66 -6.27744e+66 54.7416 
-6.27744e+66 -6.27744e+66 -6.27744e+66 -6.27744e+66 -6.27744e+66 -6.27744e+66 -6.27744e+66 
-6.27744e+66 43.4795 174.421 236.779 551.006 716.979 1305.89 
-6.27744e+66 -6.27744e+66 43.4795 74.6584 284.144 408.623 879.75 
-6.27744e+66 -6.27744e+66 -6.27744e+66 43.4795 148.222 231.209 584.554 
-6.27744e+66 -6.27744e+66 -6.27744e+66 -6.27744e+66 43.4795 84.9727 320.536 
-6.27744e+66 -6.27744e+66 -6.27744e+66 -6.27744e+66 -6.27744e+66 43.4795 161.261 
-6.27744e+66 -6.27744e+66 -6.27744e+66 -6.27744e+66 -6.27744e+66 -6.27744e+66 43.4795 
-6.27744e+66 -6.27744e+66 -6.27744e+66 -6.27744e+66 -6.27744e+66 -6.27744e+66 -6.27744e+66 
-6.27744e+66 9.98294 79.6877 262.364 547.754 764.733 1329.58 
-6.27744e+66 -6.27744e+66 9.98294 101.321 291.581 454.315 906.192 
-6.27744e+66 -6.27744e+66 -6.27744e+66 9.98294 105.113 213.602 552.51 
-6.27744e+66 -6.27744e+66 -6.27744e+66 -6.27744e+66 9.98294 64.2276 290.166 
-6.27744e+66 -6.27744e+66 -6.27744e+66 -6.27744e+66 -6.27744e+66 9.98294 122.952 
-6.27744e+66 -6.27744e+66 -6.27744e+66 -6.27744e+66 -6.27744e+66 -6.27744e+66 9.98294 
-6.27744e+66 -6.27744e+66 -6.27744e+66 -6.27744e+66 -6.27744e+66 -6.27744e+66 -6.27744e+66 
-6.27744e+66 43.2182 127.32 198.125 585.344 676.711 1089.18 
-6.27744e+66 -6.27744e+66 43.2182 78.6209 336.767 405.292 735.269 
-6.27744e+66 -6.27744e+66 -6.27744e+66 43.2182 172.291 217.975 465.457 
-6.27744e+66 -6.27744e+66 -6.27744e+66 -6.27744e+66 43.2182 66.06 231.048 
-6.27744e+66 -6.27744e+66 -6.27744e+66 -6.27744e+66 -6.27744e+66 43.2182 125.712 
-6.27744e+66 -6.27744e+66 -6.27744e+66 -6.27744e+66 -6.27744e+66 -6.27744e+66 43.2182 
-6.27744e+66 -6.27744e+66 -6.27744e+66 -6.27744e+66 -6.27744e+66 -6.27744e+66 -6.27744e+66 
-6.27744e+66 78.1526 110.631 153.953 563.123 723.267 1245.03 
-6.27744e+66 -6.27744e+66 78.1526 99.8138 372.594 492.702 910.109 
-6.27744e+66 -6.27744e+66 -6.27744e+66 78.1526 214.542 294.614 607.67 
-6.27744e+66 -6.27744e+66 -6.27744e+66 -6.27744e+66 78.1526 118.189 326.892 
-6.27744e+66 -6.27744e+66 -6.27744e+66 -6.27744e+66 -6.27744e+66 78.1526 182.504 
-6.27744e+66 -6.27744e+66 -6.27744e+66 -6.27744e+66 -6.27744e+66 -6.27744e+66 78.1526 
-6.27744e+66 -6.27744e+66 -6.27744e+66 -6.27744e+66 -6.27744e+66 -6.27744e+66 -6.27744e+66 
-6.27744e+66 76.3389 168.94 245.592 635.085 821.527 1189.73 
-6.27744e+66 -6.27744e+66 76.3389 114.665 374.327 514.158 808.722 
-6.27744e+66 -6.27744e+66 -6.27744e+66 76.3389 206.17 299.391 520.313 
-6.27744e+66 -6.27744e+66 -6.27744e+66 -6.27744e+66 76.3389 122.95 270.231 
-6.27744e+66 -6.27744e+66 -6.27744e+66 -6.27744e+66 -6.27744e+66 76.3389 149.98 
-6.27744e+66 -6.27744e+66 -6.27744e+66 -6.27744e+66 -6.27744e+66 -6.27744e+66 76.3389 
-6.27744e+66 -6.27744e+66 -6.27744e+66 -6.27744e+66 -6.27744e+66 -6.27744e+66 -6.27744e+66 
-6.27744e+66 83.2938 149.627 257.087 611.283 872.591 1318.44 
-6.27744e+66 -6.27744e+66 83.2938 137.024 373.155 569.136 925.813 
-6.27744e+66 -6.27744e+66 -6.27744e+66 83.2938 201.359 332.014 599.521 
-6.27744e+66 -6.27744e+66 -6.27744e+66 -6.27744e+66 83.2938 148.621 326.959 
-6.27744e+66 -6.27744e+66 -6.27744e+66 -6.27744e+66 -6.27744e+66 83.2938 172.463 
-6.27744e+66 -6.27744e+66 -6.27744e+66 -6.27744e+66 -6.27744e+66 -6.27744e+66 83.2938 
-6.27744e+66 -6.27744e+66 -6.27744e+66 -6.27744e+66 -6.27744e+66 -6.27744e+66 -6.27744e+66 
-6.27744e+66 35.6912 120.335 249.478 720.428 919.748 1303.11 
-6.27744e+66 -6.27744e+66 35.6912 100.263 414.229 563.72 870.409 
-6.27744e+66 -6.27744e+66 -6.27744e+66 35.6912 192.674 292.335 522.351 
-6.27744e+66 -6.27744e+66 -6.27744e+66 -6.27744e+66 35.6912 85.5213 238.866 
-6.27744e+66 -6.27744e+66 -6.27744e+66 -6.27744e+66 -6.27744e+66 35.6912 112.363 
-6.27744e+66 -6.27744e+66 -6.27744e+66 -6.27744e+66 -6.27744e+66 -6.27744e+66 35.6912 
-6.27744e+66 -6.27744e+66 -6.27744e+66 -6.27744e+66 -6.27744e+66 -6.27744e+66 -6.27744e+66 
-6.27744e+66 84.1202 233.298 276.258 457.794 569.852 885.703 
-6.27744e+66 -6.27744e+66 84.1202 105.601 226.624 310.668 563.349 
-6.27744e+66 -6.27744e+66 -6.27744e+66 84.1202 144.632 200.661 390.172 
-6.27744e+66 -6.27744e+66 -6.27744e+66 -6.27744e+66 84.1202 112.135 238.475 
-6.27744e+66 -6.27744e+66 -6.27744e+66 -6.27744e+66 -6.27744e+66 84.1202 147.29 
-6.27744e+66 -6.27744e+66 -6.27744e+66 -6.27744e+66 -6.27744e+66 -6.27744e+66 84.1202 
-6.27744e+66 -6.27744e+66 -6.27744e+66 -6.27744e+66 -6.27744e+66 -6.27744e+66 -6.27744e+66 
-6.27744e+66 87.3407 148.51 242.423 473.652 582.223 1162.59 
-6.27744e+66 -6.27744e+66 87.3407 134.297 288.45 369.878 834.171 
-6.27744e+66 -6.27744e+66 -6.27744e+66 87.3407 164.417 218.703 566.922 
-6.27744e+66 -6.27744e+66 -6.27744e+66 -6.27744e+66 87.3407 114.483 346.63 
-6.27744e+66 -6.27744e+66 -6.27744e+66 -6.27744e+66 -6.27744e+66 87.3407 203.414 
-6.27744e+66 -6.27744e+66 -6.27744e+66 -6.27744e+66 -6.27744e+66 -6.27744e+66 87.3407 
-6.27744e+66 -6.27744e+66 -6.27744e+66 -6.27744e+66 -6.27744e+66 -6.27744e+66 -6.27744e+66 
-6.27744e+66 45.3946 124.629 137.019 436.251 554.008 1034.04 
-6.27744e+66 -6.27744e+66 45.3946 51.5895 251.078 339.395 723.423 
-6.27744e+66 -6.27744e+66 -6.27744e+66 45.3946 145.139 204.017 492.038 
-6.27744e+66 -6.27744e+66 -6.27744e+66 -6.27744e+66 45.3946 74.8339 266.848 
-6.27744e+66 -6.27744e+66 -6.27744e+66 -6.27744e+66 -6.27744e+66 45.3946 141.402 
-6.27744e+66 -6.27744e+66 -6.27744e+66 -6.27744e+66 -6.27744e+66 -6.27744e+66 45.3946 
-6.27744e+66 -6.27744e+66 -6.27744e+66 -6.27744e+66 -6.27744e+66 -6.27744e+66 -6.27744e+66 
-6.27744e+66 50.5303 160.297 303.259 594.678 679.21 1008.3 
-6.27744e+66 -6.27744e+66 50.5303 122.011 316.29 379.69 642.959 
-6.27744e+66 -6.27744e+66 -6.27744e+66 50.5303 147.67 189.936 387.388 
-6.27744e+66 -6.27744e+66 -6.27744e+66 -6.27744e+66 50.5303 71.6635 203.298 
-6.27744e+66 -6.27744e+66 -6.27744e+66 -6.27744e+66 -6.27744e+66 50.5303 116.348 
-6.27744e+66 -6.27744e+66 -6.27744e+66 -6.27744e+66 -6.27744e+66 -6.27744e+66 50.5303 
-6.27744e+66 -6.27744e+66 -6.27744e+66 -6.27744e+66 -6.27744e+66 -6.27744e+66 -6.27744e+66 
-6.27744e+66 79.391 160.576 339.026 600.972 677.391 1170.5 
-6.27744e+66 -6.27744e+66 79.391 168.616 343.246 400.561 795.049 
-6.27744e+66 -6.27744e+66 -6.27744e+66 79.391 166.706 204.916 500.782 
-6.27744e+66 -6.27744e+66 -6.27744e+66 -6.27744e+66 79.391 98.4959 295.74 
-6.27744e+66 -6.27744e+66 -6.27744e+66 -6.27744e+66 -6.27744e+66 79.391 178.013 
-6.27744e+66 -6.27744e+66 -6.27744e+66 -6.27744e+66 -6.27744e+66 -6.27744e+66 79.391 
-6.27744e+66 -6.27744e+66 -6.27744e+66 -6.27744e+66 -6.27744e+66 -6.27744e+66 -6.27744e+66 
-6.27744e+66 75.2272 210.24 311.193 631.235 950.001 1388.2 
-6.27744e+66 -6.27744e+66 75.2272 125.704 339.065 578.139 928.696 
-6.27744e+66 -6.27744e+66 -6.27744e+66 75.2272 181.908 341.291 604.209 
-6.27744e+66 -6.27744e+66 -6.27744e+66 -6.27744e+66 75.2272 154.919 330.197 
-6.27744e+66 -6.27744e+66 -6.27744e+66 -6.27744e+66 -6.27744e+66 75.2272 162.866 
-6.27744e+66 -6.27744e+66 -6.27744e+66 -6.27744e+66 -6.27744e+66 -6.27744e+66 75.2272 
-6.27744e+66 -6.27744e+66 -6.27744e+66 -6.27744e+66 -6.27744e+66 -6.27744e+66 -6.27744e+66 
