6 40 
974.194 974.194 974.194 974.194 974.194 974.194 
item 0
33.0107 80.531 51.12 79.4181 86.6035 87.6453 
31.3291 31.3291 31.3291 31.3291 31.3291 31.3291 
1 1 1 1 1 1 
item 1
56.0582 130.651 18.6137 88.24 70.4522 94.9838 
22.5875 22.5875 22.5875 22.5875 22.5875 22.5875 
1 1 1 1 1 1 
item 2
42.5752 103.608 53.005 99.7509 60.8637 103.12 
61.7406 61.7406 61.7406 61.7406 61.7406 61.7406 
1 1 1 1 1 1 
item 3
39.4913 75.6222 69.6874 49.7552 52.337 119.67 
54.0452 54.0452 54.0452 54.0452 54.0452 54.0452 
1 1 1 1 1 1 
item 4
45.6705 78.8098 45.4397 72.2665 31.7014 110.446 
59.7141 59.7141 59.7141 59.7141 59.7141 59.7141 
1 1 1 1 1 1 
item 5
78.4969 96.9483 49.3918 142.43 68.7427 92.4403 
104.029 104.029 104.029 104.029 104.029 104.029 
1 1 1 1 1 1 
item 6
24.2777 81.8333 44.0752 86.5845 52.3453 116.638 
52.5832 52.5832 52.5832 52.5832 52.5832 52.5832 
1 1 1 1 1 1 
item 7
85.7769 95.2769 47.8709 105.73 41.5749 96.1644 
78.4231 78.4231 78.4231 78.4231 78.4231 78.4231 
1 1 1 1 1 1 
item 8
4.46753 114.782 64.4261 94.0908 78.3715 106.07 
37.0073 37.0073 37.0073 37.0073 37.0073 37.0073 
1 1 1 1 1 1 
item 9
24.3022 104.597 65.9899 66.3027 62.7247 101.177 
43.6295 43.6295 43.6295 43.6295 43.6295 43.6295 
1 1 1 1 1 1 
item 10
57.197 104.137 55.8985 85.7466 30.97 118.063 
72.8032 72.8032 72.8032 72.8032 72.8032 72.8032 
1 1 1 1 1 1 
item 11
64.0711 117.435 44.6288 120.88 63.7315 127.662 
61.7944 61.7944 61.7944 61.7944 61.7944 61.7944 
1 1 1 1 1 1 
item 12
60.5623 82.1977 33.2809 78.1153 40.723 127.242 
35.6002 35.6002 35.6002 35.6002 35.6002 35.6002 
1 1 1 1 1 1 
item 13
38.1572 114.968 75.4801 109.98 48.6297 111.422 
69.5901 69.5901 69.5901 69.5901 69.5901 69.5901 
1 1 1 1 1 1 
item 14
41.8062 129.222 27.7625 76.0547 42.6794 97.3219 
42.7006 42.7006 42.7006 42.7006 42.7006 42.7006 
1 1 1 1 1 1 
item 15
57.7313 98.4439 28.5203 125.738 34.7097 74.3195 
82.9968 82.9968 82.9968 82.9968 82.9968 82.9968 
1 1 1 1 1 1 
item 16
58.5559 82.6686 40.4991 71.0581 91.9038 104.414 
56.8673 56.8673 56.8673 56.8673 56.8673 56.8673 
1 1 1 1 1 1 
item 17
7.96619 96.6677 47.6701 111.793 47.3542 118.465 
87.1719 87.1719 87.1719 87.1719 87.1719 87.1719 
1 1 1 1 1 1 
item 18
61.6318 92.5305 40.0392 93.7081 49.4798 98.7825 
76.2312 76.2312 76.2312 76.2312 76.2312 76.2312 
1 1 1 1 1 1 
item 19
66.3734 110.774 12.3424 117.932 55.7115 132.455 
26.6059 26.6059 26.6059 26.6059 26.6059 26.6059 
1 1 1 1 1 1 
item 20
67.5505 91.6108 43.1435 100.822 43.6003 131.226 
75.2207 75.2207 75.2207 75.2207 75.2207 75.2207 
1 1 1 1 1 1 
item 21
47.067 151.157 62.6694 118.323 19.6002 99.6903 
109.213 109.213 109.213 109.213 109.213 109.213 
1 1 1 1 1 1 
item 22
42.7389 112.05 46.3919 87.6676 70.4965 110.405 
48.724 48.724 48.724 48.724 48.724 48.724 
1 1 1 1 1 1 
item 23
46.8602 88.229 51.139 65.4985 79.5055 134.553 
59.1593 59.1593 59.1593 59.1593 59.1593 59.1593 
1 1 1 1 1 1 
item 24
48.5894 74.8768 37.4563 112.145 52.6672 93.2642 
62.4286 62.4286 62.4286 62.4286 62.4286 62.4286 
1 1 1 1 1 1 
item 25
63.3643 113.489 27.4802 79.3773 57.1226 121.713 
45.3645 45.3645 45.3645 45.3645 45.3645 45.3645 
1 1 1 1 1 1 
item 26
29.0798 95.7983 49.178 89.9048 50.4724 107.465 
72.832 72.832 72.832 72.832 72.832 72.832 
1 1 1 1 1 1 
item 27
57.6333 69.9397 51.3062 95.656 42.3118 97.0646 
74.1847 74.1847 74.1847 74.1847 74.1847 74.1847 
1 1 1 1 1 1 
item 28
60.5358 95.8067 47.4027 82.4866 5.34586 124.705 
81.1917 81.1917 81.1917 81.1917 81.1917 81.1917 
1 1 1 1 1 1 
item 29
48.2749 86.6832 56.7835 79.6071 38.4111 107.69 
58.9037 58.9037 58.9037 58.9037 58.9037 58.9037 
1 1 1 1 1 1 
item 30
22.346 81.6602 78.4198 85.4946 34.2154 104.59 
49.2626 49.2626 49.2626 49.2626 49.2626 49.2626 
1 1 1 1 1 1 
item 31
57.6997 128.495 22.7316 113.839 51.8061 78.1751 
75.3602 75.3602 75.3602 75.3602 75.3602 75.3602 
1 1 1 1 1 1 
item 32
26.9158 83.2665 49.8511 80.1753 35.5044 109.913 
25.5907 25.5907 25.5907 25.5907 25.5907 25.5907 
1 1 1 1 1 1 
item 33
38.2627 105.869 56.2294 100.01 110.771 99.2693 
69.3557 69.3557 69.3557 69.3557 69.3557 69.3557 
1 1 1 1 1 1 
item 34
71.6812 149.541 29.5297 62.4694 7.04533 113.352 
70.025 70.025 70.025 70.025 70.025 70.025 
1 1 1 1 1 1 
item 35
58.9525 107.541 24.3526 98.5549 33.5215 89.3414 
54.6245 54.6245 54.6245 54.6245 54.6245 54.6245 
1 1 1 1 1 1 
item 36
28.3027 103.992 58.5737 83.4157 70.4404 82.4674 
70.1919 70.1919 70.1919 70.1919 70.1919 70.1919 
1 1 1 1 1 1 
item 37
88.3574 79.7007 40.5631 50.2994 38.0241 109.577 
65.696 65.696 65.696 65.696 65.696 65.696 
1 1 1 1 1 1 
item 38
46.3886 77.8825 77.8394 96.346 49.6175 97.5202 
44.2338 44.2338 44.2338 44.2338 44.2338 44.2338 
1 1 1 1 1 1 
item 39
27.0408 121.313 31.9343 57.3006 54.4592 74.3572 
56.2923 56.2923 56.2923 56.2923 56.2923 56.2923 
1 1 1 1 1 1 
