24 10 
-6.27744e+66 678.851 678.851 678.851 678.851 678.851 678.851 853.198 1713.97 2260.55 2260.55 2260.55 3311.59 3311.59 4682.92 4682.92 6418.44 7058.7 7058.7 8287.96 10132.2 11663.7 13718.9 15176.9 15176.9 
-6.27744e+66 -6.27744e+66 678.851 678.851 678.851 678.851 678.851 824.14 1561.94 2040.2 2040.2 2040.2 2995.69 2995.69 4261.54 4261.54 5881.36 6481.6 6481.6 7642.57 9389.72 10844.7 12802 14193.7 14193.7 
-6.27744e+66 -6.27744e+66 -6.27744e+66 678.851 678.851 678.851 678.851 795.083 1409.92 1819.85 1819.85 1819.85 2679.79 2679.79 3840.15 3840.15 5344.27 5904.5 5904.5 6997.17 8647.26 10025.6 11885.1 13210.5 13210.5 
-6.27744e+66 -6.27744e+66 -6.27744e+66 -6.27744e+66 678.851 678.851 678.851 766.025 1257.89 1599.51 1599.51 1599.51 2363.9 2363.9 3418.77 3418.77 4807.19 5327.4 5327.4 6351.78 7904.8 9206.6 10968.2 12227.3 12227.3 
-6.27744e+66 -6.27744e+66 -6.27744e+66 -6.27744e+66 -6.27744e+66 678.851 678.851 736.967 1105.87 1379.16 1379.16 1379.16 2048 2048 2997.38 2997.38 4270.1 4750.3 4750.3 5706.39 7162.35 8387.57 10051.3 11244.2 11244.2 
-6.27744e+66 -6.27744e+66 -6.27744e+66 -6.27744e+66 -6.27744e+66 -6.27744e+66 678.851 707.909 953.843 1158.81 1158.81 1158.81 1732.1 1732.1 2576 2576 3733.02 4173.2 4173.2 5060.99 6419.89 7568.54 9134.4 10261 10261 
-6.27744e+66 -6.27744e+66 -6.27744e+66 -6.27744e+66 -6.27744e+66 -6.27744e+66 -6.27744e+66 678.851 801.818 938.463 938.463 938.463 1416.21 1416.21 2154.62 2154.62 3195.93 3596.09 3596.09 4415.6 5677.43 6749.5 8217.5 9277.83 9277.83 
-6.27744e+66 -6.27744e+66 -6.27744e+66 -6.27744e+66 -6.27744e+66 -6.27744e+66 -6.27744e+66 -6.27744e+66 678.851 747.174 747.174 747.174 1129.37 1129.37 1762.29 1762.29 2687.9 3048.05 3048.05 3799.26 4964.03 5959.53 7329.66 8323.71 8323.71 
-6.27744e+66 -6.27744e+66 -6.27744e+66 -6.27744e+66 -6.27744e+66 -6.27744e+66 -6.27744e+66 -6.27744e+66 -6.27744e+66 678.851 678.851 678.851 965.497 965.497 1492.93 1492.93 2302.84 2622.97 2622.97 3305.9 4373.6 5292.52 6564.79 7492.57 7492.57 
-6.27744e+66 -6.27744e+66 -6.27744e+66 -6.27744e+66 -6.27744e+66 -6.27744e+66 -6.27744e+66 -6.27744e+66 -6.27744e+66 -6.27744e+66 678.851 678.851 869.949 869.949 1291.9 1291.9 1986.11 2266.22 2266.22 2880.85 3851.49 4693.83 5868.23 6729.74 6729.74 
-6.27744e+66 -6.27744e+66 -6.27744e+66 -6.27744e+66 -6.27744e+66 -6.27744e+66 -6.27744e+66 -6.27744e+66 -6.27744e+66 -6.27744e+66 -6.27744e+66 678.851 774.4 774.4 1090.86 1090.86 1669.37 1909.47 1909.47 2455.8 3329.38 4095.14 5171.68 5966.92 5966.92 
-6.27744e+66 -6.27744e+66 -6.27744e+66 -6.27744e+66 -6.27744e+66 -6.27744e+66 -6.27744e+66 -6.27744e+66 -6.27744e+66 -6.27744e+66 -6.27744e+66 -6.27744e+66 678.851 678.851 889.825 889.825 1352.63 1552.71 1552.71 2030.76 2807.27 3496.46 4475.13 5204.1 5204.1 
-6.27744e+66 -6.27744e+66 -6.27744e+66 -6.27744e+66 -6.27744e+66 -6.27744e+66 -6.27744e+66 -6.27744e+66 -6.27744e+66 -6.27744e+66 -6.27744e+66 -6.27744e+66 -6.27744e+66 678.851 784.338 784.338 1131.44 1291.51 1291.51 1701.26 2380.71 2993.32 3874.12 4536.82 4536.82 
-6.27744e+66 -6.27744e+66 -6.27744e+66 -6.27744e+66 -6.27744e+66 -6.27744e+66 -6.27744e+66 -6.27744e+66 -6.27744e+66 -6.27744e+66 -6.27744e+66 -6.27744e+66 -6.27744e+66 -6.27744e+66 678.851 678.851 910.254 1030.3 1030.3 1371.76 1954.15 2490.18 3273.12 3869.55 3869.55 
-6.27744e+66 -6.27744e+66 -6.27744e+66 -6.27744e+66 -6.27744e+66 -6.27744e+66 -6.27744e+66 -6.27744e+66 -6.27744e+66 -6.27744e+66 -6.27744e+66 -6.27744e+66 -6.27744e+66 -6.27744e+66 -6.27744e+66 678.851 794.553 874.585 874.585 1147.75 1633.07 2092.53 2777.6 3307.76 3307.76 
-6.27744e+66 -6.27744e+66 -6.27744e+66 -6.27744e+66 -6.27744e+66 -6.27744e+66 -6.27744e+66 -6.27744e+66 -6.27744e+66 -6.27744e+66 -6.27744e+66 -6.27744e+66 -6.27744e+66 -6.27744e+66 -6.27744e+66 -6.27744e+66 678.851 718.867 718.867 923.743 1312 1694.88 2282.08 2745.97 2745.97 
-6.27744e+66 -6.27744e+66 -6.27744e+66 -6.27744e+66 -6.27744e+66 -6.27744e+66 -6.27744e+66 -6.27744e+66 -6.27744e+66 -6.27744e+66 -6.27744e+66 -6.27744e+66 -6.27744e+66 -6.27744e+66 -6.27744e+66 -6.27744e+66 -6.27744e+66 678.851 678.851 815.435 1106.63 1412.93 1902.27 2299.89 2299.89 
-6.27744e+66 -6.27744e+66 -6.27744e+66 -6.27744e+66 -6.27744e+66 -6.27744e+66 -6.27744e+66 -6.27744e+66 -6.27744e+66 -6.27744e+66 -6.27744e+66 -6.27744e+66 -6.27744e+66 -6.27744e+66 -6.27744e+66 -6.27744e+66 -6.27744e+66 -6.27744e+66 678.851 747.143 941.271 1171 1562.47 1893.82 1893.82 
-6.27744e+66 -6.27744e+66 -6.27744e+66 -6.27744e+66 -6.27744e+66 -6.27744e+66 -6.27744e+66 -6.27744e+66 -6.27744e+66 -6.27744e+66 -6.27744e+66 -6.27744e+66 -6.27744e+66 -6.27744e+66 -6.27744e+66 -6.27744e+66 -6.27744e+66 -6.27744e+66 -6.27744e+66 678.851 775.915 929.068 1222.67 1487.75 1487.75 
-6.27744e+66 -6.27744e+66 -6.27744e+66 -6.27744e+66 -6.27744e+66 -6.27744e+66 -6.27744e+66 -6.27744e+66 -6.27744e+66 -6.27744e+66 -6.27744e+66 -6.27744e+66 -6.27744e+66 -6.27744e+66 -6.27744e+66 -6.27744e+66 -6.27744e+66 -6.27744e+66 -6.27744e+66 -6.27744e+66 678.851 755.428 951.161 1149.97 1149.97 
-6.27744e+66 -6.27744e+66 -6.27744e+66 -6.27744e+66 -6.27744e+66 -6.27744e+66 -6.27744e+66 -6.27744e+66 -6.27744e+66 -6.27744e+66 -6.27744e+66 -6.27744e+66 -6.27744e+66 -6.27744e+66 -6.27744e+66 -6.27744e+66 -6.27744e+66 -6.27744e+66 -6.27744e+66 -6.27744e+66 -6.27744e+66 678.851 776.718 909.258 909.258 
-6.27744e+66 -6.27744e+66 -6.27744e+66 -6.27744e+66 -6.27744e+66 -6.27744e+66 -6.27744e+66 -6.27744e+66 -6.27744e+66 -6.27744e+66 -6.27744e+66 -6.27744e+66 -6.27744e+66 -6.27744e+66 -6.27744e+66 -6.27744e+66 -6.27744e+66 -6.27744e+66 -6.27744e+66 -6.27744e+66 -6.27744e+66 -6.27744e+66 678.851 745.121 745.121 
-6.27744e+66 -6.27744e+66 -6.27744e+66 -6.27744e+66 -6.27744e+66 -6.27744e+66 -6.27744e+66 -6.27744e+66 -6.27744e+66 -6.27744e+66 -6.27744e+66 -6.27744e+66 -6.27744e+66 -6.27744e+66 -6.27744e+66 -6.27744e+66 -6.27744e+66 -6.27744e+66 -6.27744e+66 -6.27744e+66 -6.27744e+66 -6.27744e+66 -6.27744e+66 678.851 678.851 
-6.27744e+66 -6.27744e+66 -6.27744e+66 -6.27744e+66 -6.27744e+66 -6.27744e+66 -6.27744e+66 -6.27744e+66 -6.27744e+66 -6.27744e+66 -6.27744e+66 -6.27744e+66 -6.27744e+66 -6.27744e+66 -6.27744e+66 -6.27744e+66 -6.27744e+66 -6.27744e+66 -6.27744e+66 -6.27744e+66 -6.27744e+66 -6.27744e+66 -6.27744e+66 -6.27744e+66 678.851 
-6.27744e+66 -6.27744e+66 -6.27744e+66 -6.27744e+66 -6.27744e+66 -6.27744e+66 -6.27744e+66 -6.27744e+66 -6.27744e+66 -6.27744e+66 -6.27744e+66 -6.27744e+66 -6.27744e+66 -6.27744e+66 -6.27744e+66 -6.27744e+66 -6.27744e+66 -6.27744e+66 -6.27744e+66 -6.27744e+66 -6.27744e+66 -6.27744e+66 -6.27744e+66 -6.27744e+66 -6.27744e+66 
-6.27744e+66 682.005 682.005 716.743 957.695 1242.36 1612.4 1612.4 1612.4 1612.4 1612.4 2241.11 3134.8 3906.16 3906.16 3906.16 5583.56 6213.5 8130.13 8130.13 8130.13 8130.13 11508.7 11508.7 13850 
-6.27744e+66 -6.27744e+66 682.005 699.374 860.009 1073.51 1369.54 1369.54 1369.54 1369.54 1369.54 1935.38 2747.83 3454.91 3454.91 3454.91 5020.47 5611.05 7414.93 7414.93 7414.93 7414.93 10632.6 10632.6 12872.1 
-6.27744e+66 -6.27744e+66 -6.27744e+66 682.005 762.323 904.657 1126.68 1126.68 1126.68 1126.68 1126.68 1629.65 2360.85 3003.65 3003.65 3003.65 4457.39 5008.59 6699.74 6699.74 6699.74 6699.74 9756.52 9756.52 11894.2 
-6.27744e+66 -6.27744e+66 -6.27744e+66 -6.27744e+66 682.005 753.172 901.187 901.187 901.187 901.187 901.187 1341.28 1991.24 2569.76 2569.76 2569.76 3911.68 4423.51 6001.91 6001.91 6001.91 6001.91 8897.81 8897.81 10933.7 
-6.27744e+66 -6.27744e+66 -6.27744e+66 -6.27744e+66 -6.27744e+66 682.005 756.013 756.013 756.013 756.013 756.013 1133.24 1701.95 2216.19 2216.19 2216.19 3446.28 3918.74 5384.4 5384.4 5384.4 5384.4 8119.41 8119.41 10053.5 
-6.27744e+66 -6.27744e+66 -6.27744e+66 -6.27744e+66 -6.27744e+66 -6.27744e+66 682.005 682.005 682.005 682.005 682.005 996.36 1483.83 1933.79 1933.79 1933.79 3052.05 3485.14 4838.05 4838.05 4838.05 4838.05 7412.19 7412.19 9244.49 
-6.27744e+66 -6.27744e+66 -6.27744e+66 -6.27744e+66 -6.27744e+66 -6.27744e+66 -6.27744e+66 682.005 682.005 682.005 682.005 933.489 1339.71 1725.39 1725.39 1725.39 2731.83 3125.54 4365.72 4365.72 4365.72 4365.72 6778.97 6778.97 8509.48 
-6.27744e+66 -6.27744e+66 -6.27744e+66 -6.27744e+66 -6.27744e+66 -6.27744e+66 -6.27744e+66 -6.27744e+66 682.005 682.005 682.005 870.618 1195.6 1517 1517 1517 2411.61 2765.95 3893.38 3893.38 3893.38 3893.38 6145.75 6145.75 7774.46 
-6.27744e+66 -6.27744e+66 -6.27744e+66 -6.27744e+66 -6.27744e+66 -6.27744e+66 -6.27744e+66 -6.27744e+66 -6.27744e+66 682.005 682.005 807.747 1051.48 1308.6 1308.6 1308.6 2091.39 2406.36 3421.04 3421.04 3421.04 3421.04 5512.53 5512.53 7039.45 
-6.27744e+66 -6.27744e+66 -6.27744e+66 -6.27744e+66 -6.27744e+66 -6.27744e+66 -6.27744e+66 -6.27744e+66 -6.27744e+66 -6.27744e+66 682.005 744.876 907.365 1100.21 1100.21 1100.21 1771.16 2046.76 2948.71 2948.71 2948.71 2948.71 4879.31 4879.31 6304.44 
-6.27744e+66 -6.27744e+66 -6.27744e+66 -6.27744e+66 -6.27744e+66 -6.27744e+66 -6.27744e+66 -6.27744e+66 -6.27744e+66 -6.27744e+66 -6.27744e+66 682.005 763.25 891.81 891.81 891.81 1450.94 1687.17 2476.37 2476.37 2476.37 2476.37 4246.09 4246.09 5569.42 
-6.27744e+66 -6.27744e+66 -6.27744e+66 -6.27744e+66 -6.27744e+66 -6.27744e+66 -6.27744e+66 -6.27744e+66 -6.27744e+66 -6.27744e+66 -6.27744e+66 -6.27744e+66 682.005 746.285 746.285 746.285 1193.59 1390.45 2066.91 2066.91 2066.91 2066.91 3675.74 3675.74 4897.28 
-6.27744e+66 -6.27744e+66 -6.27744e+66 -6.27744e+66 -6.27744e+66 -6.27744e+66 -6.27744e+66 -6.27744e+66 -6.27744e+66 -6.27744e+66 -6.27744e+66 -6.27744e+66 -6.27744e+66 682.005 682.005 682.005 1017.48 1174.97 1738.68 1738.68 1738.68 1738.68 3186.63 3186.63 4306.38 
-6.27744e+66 -6.27744e+66 -6.27744e+66 -6.27744e+66 -6.27744e+66 -6.27744e+66 -6.27744e+66 -6.27744e+66 -6.27744e+66 -6.27744e+66 -6.27744e+66 -6.27744e+66 -6.27744e+66 -6.27744e+66 682.005 682.005 905.658 1023.77 1474.74 1474.74 1474.74 1474.74 2761.81 2761.81 3779.76 
-6.27744e+66 -6.27744e+66 -6.27744e+66 -6.27744e+66 -6.27744e+66 -6.27744e+66 -6.27744e+66 -6.27744e+66 -6.27744e+66 -6.27744e+66 -6.27744e+66 -6.27744e+66 -6.27744e+66 -6.27744e+66 -6.27744e+66 682.005 793.831 872.574 1210.8 1210.8 1210.8 1210.8 2336.99 2336.99 3253.14 
-6.27744e+66 -6.27744e+66 -6.27744e+66 -6.27744e+66 -6.27744e+66 -6.27744e+66 -6.27744e+66 -6.27744e+66 -6.27744e+66 -6.27744e+66 -6.27744e+66 -6.27744e+66 -6.27744e+66 -6.27744e+66 -6.27744e+66 -6.27744e+66 682.005 721.377 946.863 946.863 946.863 946.863 1912.16 1912.16 2726.52 
-6.27744e+66 -6.27744e+66 -6.27744e+66 -6.27744e+66 -6.27744e+66 -6.27744e+66 -6.27744e+66 -6.27744e+66 -6.27744e+66 -6.27744e+66 -6.27744e+66 -6.27744e+66 -6.27744e+66 -6.27744e+66 -6.27744e+66 -6.27744e+66 -6.27744e+66 682.005 794.748 794.748 794.748 794.748 1599.16 1599.16 2311.73 
-6.27744e+66 -6.27744e+66 -6.27744e+66 -6.27744e+66 -6.27744e+66 -6.27744e+66 -6.27744e+66 -6.27744e+66 -6.27744e+66 -6.27744e+66 -6.27744e+66 -6.27744e+66 -6.27744e+66 -6.27744e+66 -6.27744e+66 -6.27744e+66 -6.27744e+66 -6.27744e+66 682.005 682.005 682.005 682.005 1325.54 1325.54 1936.31 
-6.27744e+66 -6.27744e+66 -6.27744e+66 -6.27744e+66 -6.27744e+66 -6.27744e+66 -6.27744e+66 -6.27744e+66 -6.27744e+66 -6.27744e+66 -6.27744e+66 -6.27744e+66 -6.27744e+66 -6.27744e+66 -6.27744e+66 -6.27744e+66 -6.27744e+66 -6.27744e+66 -6.27744e+66 682.005 682.005 682.005 1164.66 1164.66 1673.63 
-6.27744e+66 -6.27744e+66 -6.27744e+66 -6.27744e+66 -6.27744e+66 -6.27744e+66 -6.27744e+66 -6.27744e+66 -6.27744e+66 -6.27744e+66 -6.27744e+66 -6.27744e+66 -6.27744e+66 -6.27744e+66 -6.27744e+66 -6.27744e+66 -6.27744e+66 -6.27744e+66 -6.27744e+66 -6.27744e+66 682.005 682.005 1003.77 1003.77 1410.95 
-6.27744e+66 -6.27744e+66 -6.27744e+66 -6.27744e+66 -6.27744e+66 -6.27744e+66 -6.27744e+66 -6.27744e+66 -6.27744e+66 -6.27744e+66 -6.27744e+66 -6.27744e+66 -6.27744e+66 -6.27744e+66 -6.27744e+66 -6.27744e+66 -6.27744e+66 -6.27744e+66 -6.27744e+66 -6.27744e+66 -6.27744e+66 682.005 842.888 842.888 1148.27 
-6.27744e+66 -6.27744e+66 -6.27744e+66 -6.27744e+66 -6.27744e+66 -6.27744e+66 -6.27744e+66 -6.27744e+66 -6.27744e+66 -6.27744e+66 -6.27744e+66 -6.27744e+66 -6.27744e+66 -6.27744e+66 -6.27744e+66 -6.27744e+66 -6.27744e+66 -6.27744e+66 -6.27744e+66 -6.27744e+66 -6.27744e+66 -6.27744e+66 682.005 682.005 885.595 
-6.27744e+66 -6.27744e+66 -6.27744e+66 -6.27744e+66 -6.27744e+66 -6.27744e+66 -6.27744e+66 -6.27744e+66 -6.27744e+66 -6.27744e+66 -6.27744e+66 -6.27744e+66 -6.27744e+66 -6.27744e+66 -6.27744e+66 -6.27744e+66 -6.27744e+66 -6.27744e+66 -6.27744e+66 -6.27744e+66 -6.27744e+66 -6.27744e+66 -6.27744e+66 682.005 783.8 
-6.27744e+66 -6.27744e+66 -6.27744e+66 -6.27744e+66 -6.27744e+66 -6.27744e+66 -6.27744e+66 -6.27744e+66 -6.27744e+66 -6.27744e+66 -6.27744e+66 -6.27744e+66 -6.27744e+66 -6.27744e+66 -6.27744e+66 -6.27744e+66 -6.27744e+66 -6.27744e+66 -6.27744e+66 -6.27744e+66 -6.27744e+66 -6.27744e+66 -6.27744e+66 -6.27744e+66 682.005 
-6.27744e+66 -6.27744e+66 -6.27744e+66 -6.27744e+66 -6.27744e+66 -6.27744e+66 -6.27744e+66 -6.27744e+66 -6.27744e+66 -6.27744e+66 -6.27744e+66 -6.27744e+66 -6.27744e+66 -6.27744e+66 -6.27744e+66 -6.27744e+66 -6.27744e+66 -6.27744e+66 -6.27744e+66 -6.27744e+66 -6.27744e+66 -6.27744e+66 -6.27744e+66 -6.27744e+66 -6.27744e+66 
-6.27744e+66 290.748 290.748 415.416 642.629 642.629 1179.94 1179.94 1939.99 2323.1 3019.54 3019.54 3019.54 3019.54 3019.54 3019.54 4900.65 5831.75 7907.45 7907.45 7907.45 7907.45 7907.45 7907.45 11045.2 
-6.27744e+66 -6.27744e+66 290.748 353.082 504.557 504.557 934.407 934.407 1585.88 1921.1 2540.16 2540.16 2540.16 2540.16 2540.16 2540.16 4295.86 5168.77 7122.37 7122.37 7122.37 7122.37 7122.37 7122.37 10123.7 
-6.27744e+66 -6.27744e+66 -6.27744e+66 290.748 366.485 366.485 688.872 688.872 1231.77 1519.1 2060.78 2060.78 2060.78 2060.78 2060.78 2060.78 3691.07 4505.78 6337.28 6337.28 6337.28 6337.28 6337.28 6337.28 9202.22 
-6.27744e+66 -6.27744e+66 -6.27744e+66 -6.27744e+66 290.748 290.748 505.673 505.673 939.988 1179.43 1643.73 1643.73 1643.73 1643.73 1643.73 1643.73 3148.61 3905.13 5614.53 5614.53 5614.53 5614.53 5614.53 5614.53 8343.04 
-6.27744e+66 -6.27744e+66 -6.27744e+66 -6.27744e+66 -6.27744e+66 290.748 398.21 398.21 723.947 915.5 1302.41 1302.41 1302.41 1302.41 1302.41 1302.41 2681.89 3380.22 4967.52 4967.52 4967.52 4967.52 4967.52 4967.52 7559.6 
-6.27744e+66 -6.27744e+66 -6.27744e+66 -6.27744e+66 -6.27744e+66 -6.27744e+66 290.748 290.748 507.905 651.571 961.101 961.101 961.101 961.101 961.101 961.101 2215.17 2855.31 4320.5 4320.5 4320.5 4320.5 4320.5 4320.5 6776.16 
-6.27744e+66 -6.27744e+66 -6.27744e+66 -6.27744e+66 -6.27744e+66 -6.27744e+66 -6.27744e+66 290.748 399.326 495.103 727.251 727.251 727.251 727.251 727.251 727.251 1855.92 2437.85 3780.95 3780.95 3780.95 3780.95 3780.95 3780.95 6100.19 
-6.27744e+66 -6.27744e+66 -6.27744e+66 -6.27744e+66 -6.27744e+66 -6.27744e+66 -6.27744e+66 -6.27744e+66 290.748 338.636 493.401 493.401 493.401 493.401 493.401 493.401 1496.66 2020.4 3241.4 3241.4 3241.4 3241.4 3241.4 3241.4 5424.21 
-6.27744e+66 -6.27744e+66 -6.27744e+66 -6.27744e+66 -6.27744e+66 -6.27744e+66 -6.27744e+66 -6.27744e+66 -6.27744e+66 290.748 368.13 368.13 368.13 368.13 368.13 368.13 1245.98 1711.53 2810.43 2810.43 2810.43 2810.43 2810.43 2810.43 4856.81 
-6.27744e+66 -6.27744e+66 -6.27744e+66 -6.27744e+66 -6.27744e+66 -6.27744e+66 -6.27744e+66 -6.27744e+66 -6.27744e+66 -6.27744e+66 290.748 290.748 290.748 290.748 290.748 290.748 1043.19 1450.55 2427.35 2427.35 2427.35 2427.35 2427.35 2427.35 4337.3 
-6.27744e+66 -6.27744e+66 -6.27744e+66 -6.27744e+66 -6.27744e+66 -6.27744e+66 -6.27744e+66 -6.27744e+66 -6.27744e+66 -6.27744e+66 -6.27744e+66 290.748 290.748 290.748 290.748 290.748 917.784 1266.95 2121.65 2121.65 2121.65 2121.65 2121.65 2121.65 3895.18 
-6.27744e+66 -6.27744e+66 -6.27744e+66 -6.27744e+66 -6.27744e+66 -6.27744e+66 -6.27744e+66 -6.27744e+66 -6.27744e+66 -6.27744e+66 -6.27744e+66 -6.27744e+66 290.748 290.748 290.748 290.748 792.377 1083.35 1815.94 1815.94 1815.94 1815.94 1815.94 1815.94 3453.05 
-6.27744e+66 -6.27744e+66 -6.27744e+66 -6.27744e+66 -6.27744e+66 -6.27744e+66 -6.27744e+66 -6.27744e+66 -6.27744e+66 -6.27744e+66 -6.27744e+66 -6.27744e+66 -6.27744e+66 290.748 290.748 290.748 666.97 899.745 1510.24 1510.24 1510.24 1510.24 1510.24 1510.24 3010.93 
-6.27744e+66 -6.27744e+66 -6.27744e+66 -6.27744e+66 -6.27744e+66 -6.27744e+66 -6.27744e+66 -6.27744e+66 -6.27744e+66 -6.27744e+66 -6.27744e+66 -6.27744e+66 -6.27744e+66 -6.27744e+66 290.748 290.748 541.562 716.143 1204.54 1204.54 1204.54 1204.54 1204.54 1204.54 2568.8 
-6.27744e+66 -6.27744e+66 -6.27744e+66 -6.27744e+66 -6.27744e+66 -6.27744e+66 -6.27744e+66 -6.27744e+66 -6.27744e+66 -6.27744e+66 -6.27744e+66 -6.27744e+66 -6.27744e+66 -6.27744e+66 -6.27744e+66 290.748 416.155 532.542 898.842 898.842 898.842 898.842 898.842 898.842 2126.67 
-6.27744e+66 -6.27744e+66 -6.27744e+66 -6.27744e+66 -6.27744e+66 -6.27744e+66 -6.27744e+66 -6.27744e+66 -6.27744e+66 -6.27744e+66 -6.27744e+66 -6.27744e+66 -6.27744e+66 -6.27744e+66 -6.27744e+66 -6.27744e+66 290.748 348.941 593.141 593.141 593.141 593.141 593.141 593.141 1684.55 
-6.27744e+66 -6.27744e+66 -6.27744e+66 -6.27744e+66 -6.27744e+66 -6.27744e+66 -6.27744e+66 -6.27744e+66 -6.27744e+66 -6.27744e+66 -6.27744e+66 -6.27744e+66 -6.27744e+66 -6.27744e+66 -6.27744e+66 -6.27744e+66 -6.27744e+66 290.748 412.847 412.847 412.847 412.847 412.847 412.847 1367.83 
-6.27744e+66 -6.27744e+66 -6.27744e+66 -6.27744e+66 -6.27744e+66 -6.27744e+66 -6.27744e+66 -6.27744e+66 -6.27744e+66 -6.27744e+66 -6.27744e+66 -6.27744e+66 -6.27744e+66 -6.27744e+66 -6.27744e+66 -6.27744e+66 -6.27744e+66 -6.27744e+66 290.748 290.748 290.748 290.748 290.748 290.748 1109.3 
-6.27744e+66 -6.27744e+66 -6.27744e+66 -6.27744e+66 -6.27744e+66 -6.27744e+66 -6.27744e+66 -6.27744e+66 -6.27744e+66 -6.27744e+66 -6.27744e+66 -6.27744e+66 -6.27744e+66 -6.27744e+66 -6.27744e+66 -6.27744e+66 -6.27744e+66 -6.27744e+66 -6.27744e+66 290.748 290.748 290.748 290.748 290.748 972.876 
-6.27744e+66 -6.27744e+66 -6.27744e+66 -6.27744e+66 -6.27744e+66 -6.27744e+66 -6.27744e+66 -6.27744e+66 -6.27744e+66 -6.27744e+66 -6.27744e+66 -6.27744e+66 -6.27744e+66 -6.27744e+66 -6.27744e+66 -6.27744e+66 -6.27744e+66 -6.27744e+66 -6.27744e+66 -6.27744e+66 290.748 290.748 290.748 290.748 836.45 
-6.27744e+66 -6.27744e+66 -6.27744e+66 -6.27744e+66 -6.27744e+66 -6.27744e+66 -6.27744e+66 -6.27744e+66 -6.27744e+66 -6.27744e+66 -6.27744e+66 -6.27744e+66 -6.27744e+66 -6.27744e+66 -6.27744e+66 -6.27744e+66 -6.27744e+66 -6.27744e+66 -6.27744e+66 -6.27744e+66 -6.27744e+66 290.748 290.748 290.748 700.024 
-6.27744e+66 -6.27744e+66 -6.27744e+66 -6.27744e+66 -6.27744e+66 -6.27744e+66 -6.27744e+66 -6.27744e+66 -6.27744e+66 -6.27744e+66 -6.27744e+66 -6.27744e+66 -6.27744e+66 -6.27744e+66 -6.27744e+66 -6.27744e+66 -6.27744e+66 -6.27744e+66 -6.27744e+66 -6.27744e+66 -6.27744e+66 -6.27744e+66 290.748 290.748 563.599 
-6.27744e+66 -6.27744e+66 -6.27744e+66 -6.27744e+66 -6.27744e+66 -6.27744e+66 -6.27744e+66 -6.27744e+66 -6.27744e+66 -6.27744e+66 -6.27744e+66 -6.27744e+66 -6.27744e+66 -6.27744e+66 -6.27744e+66 -6.27744e+66 -6.27744e+66 -6.27744e+66 -6.27744e+66 -6.27744e+66 -6.27744e+66 -6.27744e+66 -6.27744e+66 290.748 427.173 
-6.27744e+66 -6.27744e+66 -6.27744e+66 -6.27744e+66 -6.27744e+66 -6.27744e+66 -6.27744e+66 -6.27744e+66 -6.27744e+66 -6.27744e+66 -6.27744e+66 -6.27744e+66 -6.27744e+66 -6.27744e+66 -6.27744e+66 -6.27744e+66 -6.27744e+66 -6.27744e+66 -6.27744e+66 -6.27744e+66 -6.27744e+66 -6.27744e+66 -6.27744e+66 -6.27744e+66 290.748 
-6.27744e+66 -6.27744e+66 -6.27744e+66 -6.27744e+66 -6.27744e+66 -6.27744e+66 -6.27744e+66 -6.27744e+66 -6.27744e+66 -6.27744e+66 -6.27744e+66 -6.27744e+66 -6.27744e+66 -6.27744e+66 -6.27744e+66 -6.27744e+66 -6.27744e+66 -6.27744e+66 -6.27744e+66 -6.27744e+66 -6.27744e+66 -6.27744e+66 -6.27744e+66 -6.27744e+66 -6.27744e+66 
-6.27744e+66 581.187 653.411 653.411 653.411 653.411 653.411 653.411 1411.74 1749.4 2347.63 2767.52 2767.52 3186.48 4412.2 4412.2 4412.2 5494.24 7534.21 7534.21 9405.3 10098.6 10098.6 10098.6 10098.6 
-6.27744e+66 -6.27744e+66 581.187 581.187 581.187 581.187 581.187 581.187 1231.18 1526.63 2058.4 2436.29 2436.29 2820.35 3951.78 3951.78 3951.78 4966.19 6886.17 6886.17 8658.78 9317.44 9317.44 9317.44 9317.44 
-6.27744e+66 -6.27744e+66 -6.27744e+66 581.187 581.187 581.187 581.187 581.187 1122.85 1376.09 1841.39 2177.29 2177.29 2526.43 3563.58 3563.58 3563.58 4510.37 6310.34 6310.34 7984.47 8608.47 8608.47 8608.47 8608.47 
-6.27744e+66 -6.27744e+66 -6.27744e+66 -6.27744e+66 581.187 581.187 581.187 581.187 1014.52 1225.55 1624.38 1918.3 1918.3 2232.52 3175.38 3175.38 3175.38 4054.54 5734.52 5734.52 7310.17 7899.5 7899.5 7899.5 7899.5 
-6.27744e+66 -6.27744e+66 -6.27744e+66 -6.27744e+66 -6.27744e+66 581.187 581.187 581.187 906.184 1075.01 1407.37 1659.3 1659.3 1938.61 2787.18 2787.18 2787.18 3598.71 5158.69 5158.69 6635.87 7190.53 7190.53 7190.53 7190.53 
-6.27744e+66 -6.27744e+66 -6.27744e+66 -6.27744e+66 -6.27744e+66 -6.27744e+66 581.187 581.187 797.852 924.473 1190.36 1400.3 1400.3 1644.69 2398.98 2398.98 2398.98 3142.89 4582.87 4582.87 5961.56 6481.56 6481.56 6481.56 6481.56 
-6.27744e+66 -6.27744e+66 -6.27744e+66 -6.27744e+66 -6.27744e+66 -6.27744e+66 -6.27744e+66 581.187 689.519 773.933 973.346 1141.3 1141.3 1350.78 2010.79 2010.79 2010.79 2687.06 4007.04 4007.04 5287.26 5772.59 5772.59 5772.59 5772.59 
-6.27744e+66 -6.27744e+66 -6.27744e+66 -6.27744e+66 -6.27744e+66 -6.27744e+66 -6.27744e+66 -6.27744e+66 581.187 623.394 756.335 882.3 882.3 1056.87 1622.59 1622.59 1622.59 2231.24 3431.22 3431.22 4612.96 5063.62 5063.62 5063.62 5063.62 
-6.27744e+66 -6.27744e+66 -6.27744e+66 -6.27744e+66 -6.27744e+66 -6.27744e+66 -6.27744e+66 -6.27744e+66 -6.27744e+66 581.187 647.657 731.634 731.634 871.289 1342.72 1342.72 1342.72 1883.74 2963.73 2963.73 4046.99 4462.98 4462.98 4462.98 4462.98 
-6.27744e+66 -6.27744e+66 -6.27744e+66 -6.27744e+66 -6.27744e+66 -6.27744e+66 -6.27744e+66 -6.27744e+66 -6.27744e+66 -6.27744e+66 581.187 623.175 623.175 727.916 1105.06 1105.06 1105.06 1578.45 2538.44 2538.44 3523.22 3904.55 3904.55 3904.55 3904.55 
-6.27744e+66 -6.27744e+66 -6.27744e+66 -6.27744e+66 -6.27744e+66 -6.27744e+66 -6.27744e+66 -6.27744e+66 -6.27744e+66 -6.27744e+66 -6.27744e+66 581.187 581.187 651.014 933.873 933.873 933.873 1339.64 2179.63 2179.63 3065.93 3412.6 3412.6 3412.6 3412.6 
-6.27744e+66 -6.27744e+66 -6.27744e+66 -6.27744e+66 -6.27744e+66 -6.27744e+66 -6.27744e+66 -6.27744e+66 -6.27744e+66 -6.27744e+66 -6.27744e+66 -6.27744e+66 581.187 616.1 804.673 804.673 804.673 1142.81 1862.8 1862.8 2650.63 2962.62 2962.62 2962.62 2962.62 
-6.27744e+66 -6.27744e+66 -6.27744e+66 -6.27744e+66 -6.27744e+66 -6.27744e+66 -6.27744e+66 -6.27744e+66 -6.27744e+66 -6.27744e+66 -6.27744e+66 -6.27744e+66 -6.27744e+66 581.187 675.473 675.473 675.473 945.983 1545.97 1545.97 2235.32 2512.65 2512.65 2512.65 2512.65 
-6.27744e+66 -6.27744e+66 -6.27744e+66 -6.27744e+66 -6.27744e+66 -6.27744e+66 -6.27744e+66 -6.27744e+66 -6.27744e+66 -6.27744e+66 -6.27744e+66 -6.27744e+66 -6.27744e+66 -6.27744e+66 581.187 581.187 581.187 784.07 1264.06 1264.06 1854.93 2097.6 2097.6 2097.6 2097.6 
-6.27744e+66 -6.27744e+66 -6.27744e+66 -6.27744e+66 -6.27744e+66 -6.27744e+66 -6.27744e+66 -6.27744e+66 -6.27744e+66 -6.27744e+66 -6.27744e+66 -6.27744e+66 -6.27744e+66 -6.27744e+66 -6.27744e+66 581.187 581.187 716.442 1076.44 1076.44 1568.83 1776.83 1776.83 1776.83 1776.83 
-6.27744e+66 -6.27744e+66 -6.27744e+66 -6.27744e+66 -6.27744e+66 -6.27744e+66 -6.27744e+66 -6.27744e+66 -6.27744e+66 -6.27744e+66 -6.27744e+66 -6.27744e+66 -6.27744e+66 -6.27744e+66 -6.27744e+66 -6.27744e+66 581.187 648.814 888.811 888.811 1282.72 1456.06 1456.06 1456.06 1456.06 
-6.27744e+66 -6.27744e+66 -6.27744e+66 -6.27744e+66 -6.27744e+66 -6.27744e+66 -6.27744e+66 -6.27744e+66 -6.27744e+66 -6.27744e+66 -6.27744e+66 -6.27744e+66 -6.27744e+66 -6.27744e+66 -6.27744e+66 -6.27744e+66 -6.27744e+66 581.187 701.185 701.185 996.62 1135.29 1135.29 1135.29 1135.29 
-6.27744e+66 -6.27744e+66 -6.27744e+66 -6.27744e+66 -6.27744e+66 -6.27744e+66 -6.27744e+66 -6.27744e+66 -6.27744e+66 -6.27744e+66 -6.27744e+66 -6.27744e+66 -6.27744e+66 -6.27744e+66 -6.27744e+66 -6.27744e+66 -6.27744e+66 -6.27744e+66 581.187 581.187 778.143 882.142 882.142 882.142 882.142 
-6.27744e+66 -6.27744e+66 -6.27744e+66 -6.27744e+66 -6.27744e+66 -6.27744e+66 -6.27744e+66 -6.27744e+66 -6.27744e+66 -6.27744e+66 -6.27744e+66 -6.27744e+66 -6.27744e+66 -6.27744e+66 -6.27744e+66 -6.27744e+66 -6.27744e+66 -6.27744e+66 -6.27744e+66 581.187 679.665 748.998 748.998 748.998 748.998 
-6.27744e+66 -6.27744e+66 -6.27744e+66 -6.27744e+66 -6.27744e+66 -6.27744e+66 -6.27744e+66 -6.27744e+66 -6.27744e+66 -6.27744e+66 -6.27744e+66 -6.27744e+66 -6.27744e+66 -6.27744e+66 -6.27744e+66 -6.27744e+66 -6.27744e+66 -6.27744e+66 -6.27744e+66 -6.27744e+66 581.187 615.853 615.853 615.853 615.853 
-6.27744e+66 -6.27744e+66 -6.27744e+66 -6.27744e+66 -6.27744e+66 -6.27744e+66 -6.27744e+66 -6.27744e+66 -6.27744e+66 -6.27744e+66 -6.27744e+66 -6.27744e+66 -6.27744e+66 -6.27744e+66 -6.27744e+66 -6.27744e+66 -6.27744e+66 -6.27744e+66 -6.27744e+66 -6.27744e+66 -6.27744e+66 581.187 581.187 581.187 581.187 
-6.27744e+66 -6.27744e+66 -6.27744e+66 -6.27744e+66 -6.27744e+66 -6.27744e+66 -6.27744e+66 -6.27744e+66 -6.27744e+66 -6.27744e+66 -6.27744e+66 -6.27744e+66 -6.27744e+66 -6.27744e+66 -6.27744e+66 -6.27744e+66 -6.27744e+66 -6.27744e+66 -6.27744e+66 -6.27744e+66 -6.27744e+66 -6.27744e+66 581.187 581.187 581.187 
-6.27744e+66 -6.27744e+66 -6.27744e+66 -6.27744e+66 -6.27744e+66 -6.27744e+66 -6.27744e+66 -6.27744e+66 -6.27744e+66 -6.27744e+66 -6.27744e+66 -6.27744e+66 -6.27744e+66 -6.27744e+66 -6.27744e+66 -6.27744e+66 -6.27744e+66 -6.27744e+66 -6.27744e+66 -6.27744e+66 -6.27744e+66 -6.27744e+66 -6.27744e+66 581.187 581.187 
-6.27744e+66 -6.27744e+66 -6.27744e+66 -6.27744e+66 -6.27744e+66 -6.27744e+66 -6.27744e+66 -6.27744e+66 -6.27744e+66 -6.27744e+66 -6.27744e+66 -6.27744e+66 -6.27744e+66 -6.27744e+66 -6.27744e+66 -6.27744e+66 -6.27744e+66 -6.27744e+66 -6.27744e+66 -6.27744e+66 -6.27744e+66 -6.27744e+66 -6.27744e+66 -6.27744e+66 581.187 
-6.27744e+66 -6.27744e+66 -6.27744e+66 -6.27744e+66 -6.27744e+66 -6.27744e+66 -6.27744e+66 -6.27744e+66 -6.27744e+66 -6.27744e+66 -6.27744e+66 -6.27744e+66 -6.27744e+66 -6.27744e+66 -6.27744e+66 -6.27744e+66 -6.27744e+66 -6.27744e+66 -6.27744e+66 -6.27744e+66 -6.27744e+66 -6.27744e+66 -6.27744e+66 -6.27744e+66 -6.27744e+66 
-6.27744e+66 477.406 550.471 550.471 550.471 826.689 1296.78 1711.13 2564.5 3104.3 3104.3 3104.3 4388.3 4388.3 4388.3 4388.3 5687.52 5687.52 7272.7 7272.7 9652.11 10631.3 10631.3 11562.8 13803.1 
-6.27744e+66 -6.27744e+66 477.406 477.406 477.406 684.57 1060.64 1405.94 2137.39 2609.72 2609.72 2609.72 3776.99 3776.99 3776.99 3776.99 4989.6 4989.6 6481.54 6481.54 8735.71 9665.94 9665.94 10555.1 12698 
-6.27744e+66 -6.27744e+66 -6.27744e+66 477.406 477.406 615.515 897.569 1173.8 1783.35 2188.2 2188.2 2188.2 3238.75 3238.75 3238.75 3238.75 4364.74 4364.74 5763.43 5763.43 7892.37 8773.65 8773.65 9620.45 11665.9 
-6.27744e+66 -6.27744e+66 -6.27744e+66 -6.27744e+66 477.406 546.46 734.496 941.673 1429.31 1766.69 1766.69 1766.69 2700.51 2700.51 2700.51 2700.51 3739.88 3739.88 5045.33 5045.33 7049.04 7881.35 7881.35 8685.81 10633.9 
-6.27744e+66 -6.27744e+66 -6.27744e+66 -6.27744e+66 -6.27744e+66 477.406 571.424 709.542 1075.27 1345.17 1345.17 1345.17 2162.26 2162.26 2162.26 2162.26 3115.02 3115.02 4327.22 4327.22 6205.7 6989.05 6989.05 7751.18 9601.85 
-6.27744e+66 -6.27744e+66 -6.27744e+66 -6.27744e+66 -6.27744e+66 -6.27744e+66 477.406 546.465 790.283 992.709 992.709 992.709 1693.07 1693.07 1693.07 1693.07 2559.22 2559.22 3678.17 3678.17 5431.42 6165.81 6165.81 6885.6 8638.86 
-6.27744e+66 -6.27744e+66 -6.27744e+66 -6.27744e+66 -6.27744e+66 -6.27744e+66 -6.27744e+66 477.406 599.315 734.266 734.266 734.266 1317.9 1317.9 1317.9 1317.9 2097.43 2097.43 3123.14 3123.14 4751.16 5436.59 5436.59 6114.03 7769.9 
-6.27744e+66 -6.27744e+66 -6.27744e+66 -6.27744e+66 -6.27744e+66 -6.27744e+66 -6.27744e+66 -6.27744e+66 477.406 544.881 544.881 544.881 1011.79 1011.79 1011.79 1011.79 1704.71 1704.71 2637.17 2637.17 4139.95 4776.43 4776.43 5411.53 6969.99 
-6.27744e+66 -6.27744e+66 -6.27744e+66 -6.27744e+66 -6.27744e+66 -6.27744e+66 -6.27744e+66 -6.27744e+66 -6.27744e+66 477.406 477.406 477.406 827.588 827.588 827.588 827.588 1433.89 1433.89 2273.11 2273.11 3650.66 4238.17 4238.17 4830.93 6291.99 
-6.27744e+66 -6.27744e+66 -6.27744e+66 -6.27744e+66 -6.27744e+66 -6.27744e+66 -6.27744e+66 -6.27744e+66 -6.27744e+66 -6.27744e+66 477.406 477.406 710.861 710.861 710.861 710.861 1230.55 1230.55 1976.52 1976.52 3228.84 3767.39 3767.39 4317.82 5681.47 
-6.27744e+66 -6.27744e+66 -6.27744e+66 -6.27744e+66 -6.27744e+66 -6.27744e+66 -6.27744e+66 -6.27744e+66 -6.27744e+66 -6.27744e+66 -6.27744e+66 477.406 594.133 594.133 594.133 594.133 1027.21 1027.21 1679.93 1679.93 2807.02 3296.61 3296.61 3804.7 5070.94 
-6.27744e+66 -6.27744e+66 -6.27744e+66 -6.27744e+66 -6.27744e+66 -6.27744e+66 -6.27744e+66 -6.27744e+66 -6.27744e+66 -6.27744e+66 -6.27744e+66 -6.27744e+66 477.406 477.406 477.406 477.406 823.864 823.864 1383.34 1383.34 2385.2 2825.83 2825.83 3291.58 4460.42 
-6.27744e+66 -6.27744e+66 -6.27744e+66 -6.27744e+66 -6.27744e+66 -6.27744e+66 -6.27744e+66 -6.27744e+66 -6.27744e+66 -6.27744e+66 -6.27744e+66 -6.27744e+66 -6.27744e+66 477.406 477.406 477.406 737.25 737.25 1203.48 1203.48 2080.1 2471.78 2471.78 2895.18 3966.62 
-6.27744e+66 -6.27744e+66 -6.27744e+66 -6.27744e+66 -6.27744e+66 -6.27744e+66 -6.27744e+66 -6.27744e+66 -6.27744e+66 -6.27744e+66 -6.27744e+66 -6.27744e+66 -6.27744e+66 -6.27744e+66 477.406 477.406 650.635 650.635 1023.62 1023.62 1775.01 2117.73 2117.73 2498.79 3472.83 
-6.27744e+66 -6.27744e+66 -6.27744e+66 -6.27744e+66 -6.27744e+66 -6.27744e+66 -6.27744e+66 -6.27744e+66 -6.27744e+66 -6.27744e+66 -6.27744e+66 -6.27744e+66 -6.27744e+66 -6.27744e+66 -6.27744e+66 477.406 564.02 564.02 843.759 843.759 1469.92 1763.68 1763.68 2102.4 2979.03 
-6.27744e+66 -6.27744e+66 -6.27744e+66 -6.27744e+66 -6.27744e+66 -6.27744e+66 -6.27744e+66 -6.27744e+66 -6.27744e+66 -6.27744e+66 -6.27744e+66 -6.27744e+66 -6.27744e+66 -6.27744e+66 -6.27744e+66 -6.27744e+66 477.406 477.406 663.898 663.898 1164.83 1409.62 1409.62 1706.01 2485.23 
-6.27744e+66 -6.27744e+66 -6.27744e+66 -6.27744e+66 -6.27744e+66 -6.27744e+66 -6.27744e+66 -6.27744e+66 -6.27744e+66 -6.27744e+66 -6.27744e+66 -6.27744e+66 -6.27744e+66 -6.27744e+66 -6.27744e+66 -6.27744e+66 -6.27744e+66 477.406 570.652 570.652 946.348 1142.19 1142.19 1396.23 2078.05 
-6.27744e+66 -6.27744e+66 -6.27744e+66 -6.27744e+66 -6.27744e+66 -6.27744e+66 -6.27744e+66 -6.27744e+66 -6.27744e+66 -6.27744e+66 -6.27744e+66 -6.27744e+66 -6.27744e+66 -6.27744e+66 -6.27744e+66 -6.27744e+66 -6.27744e+66 -6.27744e+66 477.406 477.406 727.87 874.748 874.748 1086.45 1670.87 
-6.27744e+66 -6.27744e+66 -6.27744e+66 -6.27744e+66 -6.27744e+66 -6.27744e+66 -6.27744e+66 -6.27744e+66 -6.27744e+66 -6.27744e+66 -6.27744e+66 -6.27744e+66 -6.27744e+66 -6.27744e+66 -6.27744e+66 -6.27744e+66 -6.27744e+66 -6.27744e+66 -6.27744e+66 477.406 602.638 700.557 700.557 869.918 1356.94 
-6.27744e+66 -6.27744e+66 -6.27744e+66 -6.27744e+66 -6.27744e+66 -6.27744e+66 -6.27744e+66 -6.27744e+66 -6.27744e+66 -6.27744e+66 -6.27744e+66 -6.27744e+66 -6.27744e+66 -6.27744e+66 -6.27744e+66 -6.27744e+66 -6.27744e+66 -6.27744e+66 -6.27744e+66 -6.27744e+66 477.406 526.365 526.365 653.386 1043 
-6.27744e+66 -6.27744e+66 -6.27744e+66 -6.27744e+66 -6.27744e+66 -6.27744e+66 -6.27744e+66 -6.27744e+66 -6.27744e+66 -6.27744e+66 -6.27744e+66 -6.27744e+66 -6.27744e+66 -6.27744e+66 -6.27744e+66 -6.27744e+66 -6.27744e+66 -6.27744e+66 -6.27744e+66 -6.27744e+66 -6.27744e+66 477.406 477.406 562.086 854.297 
-6.27744e+66 -6.27744e+66 -6.27744e+66 -6.27744e+66 -6.27744e+66 -6.27744e+66 -6.27744e+66 -6.27744e+66 -6.27744e+66 -6.27744e+66 -6.27744e+66 -6.27744e+66 -6.27744e+66 -6.27744e+66 -6.27744e+66 -6.27744e+66 -6.27744e+66 -6.27744e+66 -6.27744e+66 -6.27744e+66 -6.27744e+66 -6.27744e+66 477.406 519.746 714.554 
-6.27744e+66 -6.27744e+66 -6.27744e+66 -6.27744e+66 -6.27744e+66 -6.27744e+66 -6.27744e+66 -6.27744e+66 -6.27744e+66 -6.27744e+66 -6.27744e+66 -6.27744e+66 -6.27744e+66 -6.27744e+66 -6.27744e+66 -6.27744e+66 -6.27744e+66 -6.27744e+66 -6.27744e+66 -6.27744e+66 -6.27744e+66 -6.27744e+66 -6.27744e+66 477.406 574.81 
-6.27744e+66 -6.27744e+66 -6.27744e+66 -6.27744e+66 -6.27744e+66 -6.27744e+66 -6.27744e+66 -6.27744e+66 -6.27744e+66 -6.27744e+66 -6.27744e+66 -6.27744e+66 -6.27744e+66 -6.27744e+66 -6.27744e+66 -6.27744e+66 -6.27744e+66 -6.27744e+66 -6.27744e+66 -6.27744e+66 -6.27744e+66 -6.27744e+66 -6.27744e+66 -6.27744e+66 477.406 
-6.27744e+66 -6.27744e+66 -6.27744e+66 -6.27744e+66 -6.27744e+66 -6.27744e+66 -6.27744e+66 -6.27744e+66 -6.27744e+66 -6.27744e+66 -6.27744e+66 -6.27744e+66 -6.27744e+66 -6.27744e+66 -6.27744e+66 -6.27744e+66 -6.27744e+66 -6.27744e+66 -6.27744e+66 -6.27744e+66 -6.27744e+66 -6.27744e+66 -6.27744e+66 -6.27744e+66 -6.27744e+66 
-6.27744e+66 137.094 246.514 350.058 608.197 608.197 608.197 608.197 608.197 1147.41 2130.03 2408.23 3914.45 4359.01 4359.01 4799.75 4799.75 5930.89 5930.89 6643.98 8525.4 9706.75 9706.75 12265.9 12265.9 
-6.27744e+66 -6.27744e+66 137.094 188.866 360.958 360.958 360.958 360.958 360.958 832.767 1706.21 1956.59 3325.88 3733.39 3733.39 4142.66 4142.66 5203.1 5203.1 5876.57 7658.97 8781.25 8781.25 11224 11224 
-6.27744e+66 -6.27744e+66 -6.27744e+66 137.094 223.14 223.14 223.14 223.14 223.14 627.548 1391.81 1614.37 2846.73 3217.2 3217.2 3594.98 3594.98 4584.73 4584.73 5218.58 6901.96 7965.17 7965.17 10291.6 10291.6 
-6.27744e+66 -6.27744e+66 -6.27744e+66 -6.27744e+66 137.094 137.094 137.094 137.094 137.094 474.1 1129.18 1323.92 2419.35 2752.77 2752.77 3099.07 3099.07 4018.12 4018.12 4612.36 6196.72 7200.86 7200.86 9411 9411 
-6.27744e+66 -6.27744e+66 -6.27744e+66 -6.27744e+66 -6.27744e+66 137.094 137.094 137.094 137.094 406.699 952.6 1119.52 2078.02 2374.4 2374.4 2689.21 2689.21 3537.57 3537.57 4092.19 5577.52 6522.6 6522.6 8616.41 8616.41 
-6.27744e+66 -6.27744e+66 -6.27744e+66 -6.27744e+66 -6.27744e+66 -6.27744e+66 137.094 137.094 137.094 339.298 776.019 915.121 1736.69 1996.02 1996.02 2279.35 2279.35 3057.01 3057.01 3572.02 4958.33 5844.34 5844.34 7821.83 7821.83 
-6.27744e+66 -6.27744e+66 -6.27744e+66 -6.27744e+66 -6.27744e+66 -6.27744e+66 -6.27744e+66 137.094 137.094 271.896 599.437 710.719 1395.36 1617.64 1617.64 1869.5 1869.5 2576.46 2576.46 3051.85 4339.14 5166.08 5166.08 7027.25 7027.25 
-6.27744e+66 -6.27744e+66 -6.27744e+66 -6.27744e+66 -6.27744e+66 -6.27744e+66 -6.27744e+66 -6.27744e+66 137.094 204.495 422.856 506.317 1054.03 1239.27 1239.27 1459.64 1459.64 2095.9 2095.9 2531.68 3719.94 4487.82 4487.82 6232.66 6232.66 
-6.27744e+66 -6.27744e+66 -6.27744e+66 -6.27744e+66 -6.27744e+66 -6.27744e+66 -6.27744e+66 -6.27744e+66 -6.27744e+66 137.094 246.274 301.915 712.701 860.888 860.888 1049.78 1049.78 1615.35 1615.35 2011.51 3100.75 3809.56 3809.56 5438.08 5438.08 
-6.27744e+66 -6.27744e+66 -6.27744e+66 -6.27744e+66 -6.27744e+66 -6.27744e+66 -6.27744e+66 -6.27744e+66 -6.27744e+66 -6.27744e+66 137.094 164.914 438.771 549.912 549.912 707.32 707.32 1202.19 1202.19 1558.74 2548.96 3198.7 3198.7 4710.9 4710.9 
-6.27744e+66 -6.27744e+66 -6.27744e+66 -6.27744e+66 -6.27744e+66 -6.27744e+66 -6.27744e+66 -6.27744e+66 -6.27744e+66 -6.27744e+66 -6.27744e+66 137.094 274.022 348.116 348.116 474.043 474.043 898.221 898.221 1215.15 2106.35 2697.02 2697.02 4092.9 4092.9 
-6.27744e+66 -6.27744e+66 -6.27744e+66 -6.27744e+66 -6.27744e+66 -6.27744e+66 -6.27744e+66 -6.27744e+66 -6.27744e+66 -6.27744e+66 -6.27744e+66 -6.27744e+66 137.094 174.141 174.141 268.586 268.586 622.067 622.067 899.379 1691.56 2223.16 2223.16 3502.71 3502.71 
-6.27744e+66 -6.27744e+66 -6.27744e+66 -6.27744e+66 -6.27744e+66 -6.27744e+66 -6.27744e+66 -6.27744e+66 -6.27744e+66 -6.27744e+66 -6.27744e+66 -6.27744e+66 -6.27744e+66 137.094 137.094 200.057 200.057 482.842 482.842 720.539 1413.69 1886.23 1886.23 3049.46 3049.46 
-6.27744e+66 -6.27744e+66 -6.27744e+66 -6.27744e+66 -6.27744e+66 -6.27744e+66 -6.27744e+66 -6.27744e+66 -6.27744e+66 -6.27744e+66 -6.27744e+66 -6.27744e+66 -6.27744e+66 -6.27744e+66 137.094 168.576 168.576 380.664 380.664 578.745 1172.88 1586.35 1586.35 2633.25 2633.25 
-6.27744e+66 -6.27744e+66 -6.27744e+66 -6.27744e+66 -6.27744e+66 -6.27744e+66 -6.27744e+66 -6.27744e+66 -6.27744e+66 -6.27744e+66 -6.27744e+66 -6.27744e+66 -6.27744e+66 -6.27744e+66 -6.27744e+66 137.094 137.094 278.487 278.487 436.951 932.061 1286.46 1286.46 2217.05 2217.05 
-6.27744e+66 -6.27744e+66 -6.27744e+66 -6.27744e+66 -6.27744e+66 -6.27744e+66 -6.27744e+66 -6.27744e+66 -6.27744e+66 -6.27744e+66 -6.27744e+66 -6.27744e+66 -6.27744e+66 -6.27744e+66 -6.27744e+66 -6.27744e+66 137.094 207.79 207.79 326.638 722.726 1018.06 1018.06 1832.32 1832.32 
-6.27744e+66 -6.27744e+66 -6.27744e+66 -6.27744e+66 -6.27744e+66 -6.27744e+66 -6.27744e+66 -6.27744e+66 -6.27744e+66 -6.27744e+66 -6.27744e+66 -6.27744e+66 -6.27744e+66 -6.27744e+66 -6.27744e+66 -6.27744e+66 -6.27744e+66 137.094 137.094 216.326 513.392 749.661 749.661 1447.6 1447.6 
-6.27744e+66 -6.27744e+66 -6.27744e+66 -6.27744e+66 -6.27744e+66 -6.27744e+66 -6.27744e+66 -6.27744e+66 -6.27744e+66 -6.27744e+66 -6.27744e+66 -6.27744e+66 -6.27744e+66 -6.27744e+66 -6.27744e+66 -6.27744e+66 -6.27744e+66 -6.27744e+66 137.094 176.71 374.754 551.956 551.956 1133.57 1133.57 
-6.27744e+66 -6.27744e+66 -6.27744e+66 -6.27744e+66 -6.27744e+66 -6.27744e+66 -6.27744e+66 -6.27744e+66 -6.27744e+66 -6.27744e+66 -6.27744e+66 -6.27744e+66 -6.27744e+66 -6.27744e+66 -6.27744e+66 -6.27744e+66 -6.27744e+66 -6.27744e+66 -6.27744e+66 137.094 236.116 354.251 354.251 819.542 819.542 
-6.27744e+66 -6.27744e+66 -6.27744e+66 -6.27744e+66 -6.27744e+66 -6.27744e+66 -6.27744e+66 -6.27744e+66 -6.27744e+66 -6.27744e+66 -6.27744e+66 -6.27744e+66 -6.27744e+66 -6.27744e+66 -6.27744e+66 -6.27744e+66 -6.27744e+66 -6.27744e+66 -6.27744e+66 -6.27744e+66 137.094 196.161 196.161 545.13 545.13 
-6.27744e+66 -6.27744e+66 -6.27744e+66 -6.27744e+66 -6.27744e+66 -6.27744e+66 -6.27744e+66 -6.27744e+66 -6.27744e+66 -6.27744e+66 -6.27744e+66 -6.27744e+66 -6.27744e+66 -6.27744e+66 -6.27744e+66 -6.27744e+66 -6.27744e+66 -6.27744e+66 -6.27744e+66 -6.27744e+66 -6.27744e+66 137.094 137.094 369.74 369.74 
-6.27744e+66 -6.27744e+66 -6.27744e+66 -6.27744e+66 -6.27744e+66 -6.27744e+66 -6.27744e+66 -6.27744e+66 -6.27744e+66 -6.27744e+66 -6.27744e+66 -6.27744e+66 -6.27744e+66 -6.27744e+66 -6.27744e+66 -6.27744e+66 -6.27744e+66 -6.27744e+66 -6.27744e+66 -6.27744e+66 -6.27744e+66 -6.27744e+66 137.094 253.417 253.417 
-6.27744e+66 -6.27744e+66 -6.27744e+66 -6.27744e+66 -6.27744e+66 -6.27744e+66 -6.27744e+66 -6.27744e+66 -6.27744e+66 -6.27744e+66 -6.27744e+66 -6.27744e+66 -6.27744e+66 -6.27744e+66 -6.27744e+66 -6.27744e+66 -6.27744e+66 -6.27744e+66 -6.27744e+66 -6.27744e+66 -6.27744e+66 -6.27744e+66 -6.27744e+66 137.094 137.094 
-6.27744e+66 -6.27744e+66 -6.27744e+66 -6.27744e+66 -6.27744e+66 -6.27744e+66 -6.27744e+66 -6.27744e+66 -6.27744e+66 -6.27744e+66 -6.27744e+66 -6.27744e+66 -6.27744e+66 -6.27744e+66 -6.27744e+66 -6.27744e+66 -6.27744e+66 -6.27744e+66 -6.27744e+66 -6.27744e+66 -6.27744e+66 -6.27744e+66 -6.27744e+66 -6.27744e+66 137.094 
-6.27744e+66 -6.27744e+66 -6.27744e+66 -6.27744e+66 -6.27744e+66 -6.27744e+66 -6.27744e+66 -6.27744e+66 -6.27744e+66 -6.27744e+66 -6.27744e+66 -6.27744e+66 -6.27744e+66 -6.27744e+66 -6.27744e+66 -6.27744e+66 -6.27744e+66 -6.27744e+66 -6.27744e+66 -6.27744e+66 -6.27744e+66 -6.27744e+66 -6.27744e+66 -6.27744e+66 -6.27744e+66 
-6.27744e+66 279.186 381.159 381.159 381.159 381.159 381.159 381.159 381.159 381.159 381.159 787.342 1851.72 1851.72 1851.72 1851.72 3219.21 3789.99 3789.99 4413.39 6319.73 7807.37 9823.53 9823.53 12154.3 
-6.27744e+66 -6.27744e+66 279.186 279.186 279.186 279.186 279.186 279.186 279.186 279.186 279.186 644.75 1612.37 1612.37 1612.37 1612.37 2888.69 3423.8 3423.8 4012.56 5818.57 7231.83 9151.98 9151.98 11381.4 
-6.27744e+66 -6.27744e+66 -6.27744e+66 279.186 279.186 279.186 279.186 279.186 279.186 279.186 279.186 604.132 1474.99 1474.99 1474.99 1474.99 2660.14 3159.58 3159.58 3713.71 5419.38 6758.26 8582.41 8582.41 10710.5 
-6.27744e+66 -6.27744e+66 -6.27744e+66 -6.27744e+66 279.186 279.186 279.186 279.186 279.186 279.186 279.186 563.514 1337.61 1337.61 1337.61 1337.61 2431.6 2895.36 2895.36 3414.86 5020.19 6284.69 8012.83 8012.83 10039.5 
-6.27744e+66 -6.27744e+66 -6.27744e+66 -6.27744e+66 -6.27744e+66 279.186 279.186 279.186 279.186 279.186 279.186 522.895 1200.23 1200.23 1200.23 1200.23 2203.05 2631.14 2631.14 3116.01 4621.01 5811.12 7443.25 7443.25 9368.63 
-6.27744e+66 -6.27744e+66 -6.27744e+66 -6.27744e+66 -6.27744e+66 -6.27744e+66 279.186 279.186 279.186 279.186 279.186 482.277 1062.85 1062.85 1062.85 1062.85 1974.5 2366.92 2366.92 2817.15 4221.82 5337.55 6873.68 6873.68 8697.72 
-6.27744e+66 -6.27744e+66 -6.27744e+66 -6.27744e+66 -6.27744e+66 -6.27744e+66 -6.27744e+66 279.186 279.186 279.186 279.186 441.659 925.466 925.466 925.466 925.466 1745.96 2102.7 2102.7 2518.3 3822.63 4863.98 6304.1 6304.1 8026.81 
-6.27744e+66 -6.27744e+66 -6.27744e+66 -6.27744e+66 -6.27744e+66 -6.27744e+66 -6.27744e+66 -6.27744e+66 279.186 279.186 279.186 401.04 788.087 788.087 788.087 788.087 1517.41 1838.48 1838.48 2219.45 3423.45 4390.41 5734.52 5734.52 7355.9 
-6.27744e+66 -6.27744e+66 -6.27744e+66 -6.27744e+66 -6.27744e+66 -6.27744e+66 -6.27744e+66 -6.27744e+66 -6.27744e+66 279.186 279.186 360.422 650.707 650.707 650.707 650.707 1288.87 1574.26 1574.26 1920.59 3024.26 3916.85 5164.95 5164.95 6684.98 
-6.27744e+66 -6.27744e+66 -6.27744e+66 -6.27744e+66 -6.27744e+66 -6.27744e+66 -6.27744e+66 -6.27744e+66 -6.27744e+66 -6.27744e+66 279.186 319.804 513.327 513.327 513.327 513.327 1060.32 1310.04 1310.04 1621.74 2625.07 3443.28 4595.37 4595.37 6014.07 
-6.27744e+66 -6.27744e+66 -6.27744e+66 -6.27744e+66 -6.27744e+66 -6.27744e+66 -6.27744e+66 -6.27744e+66 -6.27744e+66 -6.27744e+66 -6.27744e+66 279.186 375.947 375.947 375.947 375.947 831.776 1045.82 1045.82 1322.89 2225.89 2969.71 4025.79 4025.79 5343.16 
-6.27744e+66 -6.27744e+66 -6.27744e+66 -6.27744e+66 -6.27744e+66 -6.27744e+66 -6.27744e+66 -6.27744e+66 -6.27744e+66 -6.27744e+66 -6.27744e+66 -6.27744e+66 279.186 279.186 279.186 279.186 643.849 822.219 822.219 1064.65 1867.32 2536.76 3496.84 3496.84 4712.87 
-6.27744e+66 -6.27744e+66 -6.27744e+66 -6.27744e+66 -6.27744e+66 -6.27744e+66 -6.27744e+66 -6.27744e+66 -6.27744e+66 -6.27744e+66 -6.27744e+66 -6.27744e+66 -6.27744e+66 279.186 279.186 279.186 552.683 695.379 695.379 903.179 1605.51 2200.57 3064.64 3064.64 4179.33 
-6.27744e+66 -6.27744e+66 -6.27744e+66 -6.27744e+66 -6.27744e+66 -6.27744e+66 -6.27744e+66 -6.27744e+66 -6.27744e+66 -6.27744e+66 -6.27744e+66 -6.27744e+66 -6.27744e+66 -6.27744e+66 279.186 279.186 461.517 568.539 568.539 741.706 1343.71 1864.38 2632.44 2632.44 3645.8 
-6.27744e+66 -6.27744e+66 -6.27744e+66 -6.27744e+66 -6.27744e+66 -6.27744e+66 -6.27744e+66 -6.27744e+66 -6.27744e+66 -6.27744e+66 -6.27744e+66 -6.27744e+66 -6.27744e+66 -6.27744e+66 -6.27744e+66 279.186 370.351 441.7 441.7 580.233 1081.9 1528.19 2200.25 2200.25 3112.27 
-6.27744e+66 -6.27744e+66 -6.27744e+66 -6.27744e+66 -6.27744e+66 -6.27744e+66 -6.27744e+66 -6.27744e+66 -6.27744e+66 -6.27744e+66 -6.27744e+66 -6.27744e+66 -6.27744e+66 -6.27744e+66 -6.27744e+66 -6.27744e+66 279.186 314.86 314.86 418.76 820.093 1192 1768.05 1768.05 2578.74 
-6.27744e+66 -6.27744e+66 -6.27744e+66 -6.27744e+66 -6.27744e+66 -6.27744e+66 -6.27744e+66 -6.27744e+66 -6.27744e+66 -6.27744e+66 -6.27744e+66 -6.27744e+66 -6.27744e+66 -6.27744e+66 -6.27744e+66 -6.27744e+66 -6.27744e+66 279.186 279.186 348.452 649.452 946.981 1427.02 1427.02 2136.37 
-6.27744e+66 -6.27744e+66 -6.27744e+66 -6.27744e+66 -6.27744e+66 -6.27744e+66 -6.27744e+66 -6.27744e+66 -6.27744e+66 -6.27744e+66 -6.27744e+66 -6.27744e+66 -6.27744e+66 -6.27744e+66 -6.27744e+66 -6.27744e+66 -6.27744e+66 -6.27744e+66 279.186 313.819 514.486 737.632 1121.66 1121.66 1729.68 
-6.27744e+66 -6.27744e+66 -6.27744e+66 -6.27744e+66 -6.27744e+66 -6.27744e+66 -6.27744e+66 -6.27744e+66 -6.27744e+66 -6.27744e+66 -6.27744e+66 -6.27744e+66 -6.27744e+66 -6.27744e+66 -6.27744e+66 -6.27744e+66 -6.27744e+66 -6.27744e+66 -6.27744e+66 279.186 379.519 528.283 816.307 816.307 1322.99 
-6.27744e+66 -6.27744e+66 -6.27744e+66 -6.27744e+66 -6.27744e+66 -6.27744e+66 -6.27744e+66 -6.27744e+66 -6.27744e+66 -6.27744e+66 -6.27744e+66 -6.27744e+66 -6.27744e+66 -6.27744e+66 -6.27744e+66 -6.27744e+66 -6.27744e+66 -6.27744e+66 -6.27744e+66 -6.27744e+66 279.186 353.568 545.583 545.583 950.926 
-6.27744e+66 -6.27744e+66 -6.27744e+66 -6.27744e+66 -6.27744e+66 -6.27744e+66 -6.27744e+66 -6.27744e+66 -6.27744e+66 -6.27744e+66 -6.27744e+66 -6.27744e+66 -6.27744e+66 -6.27744e+66 -6.27744e+66 -6.27744e+66 -6.27744e+66 -6.27744e+66 -6.27744e+66 -6.27744e+66 -6.27744e+66 279.186 375.193 375.193 679.201 
-6.27744e+66 -6.27744e+66 -6.27744e+66 -6.27744e+66 -6.27744e+66 -6.27744e+66 -6.27744e+66 -6.27744e+66 -6.27744e+66 -6.27744e+66 -6.27744e+66 -6.27744e+66 -6.27744e+66 -6.27744e+66 -6.27744e+66 -6.27744e+66 -6.27744e+66 -6.27744e+66 -6.27744e+66 -6.27744e+66 -6.27744e+66 -6.27744e+66 279.186 279.186 481.857 
-6.27744e+66 -6.27744e+66 -6.27744e+66 -6.27744e+66 -6.27744e+66 -6.27744e+66 -6.27744e+66 -6.27744e+66 -6.27744e+66 -6.27744e+66 -6.27744e+66 -6.27744e+66 -6.27744e+66 -6.27744e+66 -6.27744e+66 -6.27744e+66 -6.27744e+66 -6.27744e+66 -6.27744e+66 -6.27744e+66 -6.27744e+66 -6.27744e+66 -6.27744e+66 279.186 380.521 
-6.27744e+66 -6.27744e+66 -6.27744e+66 -6.27744e+66 -6.27744e+66 -6.27744e+66 -6.27744e+66 -6.27744e+66 -6.27744e+66 -6.27744e+66 -6.27744e+66 -6.27744e+66 -6.27744e+66 -6.27744e+66 -6.27744e+66 -6.27744e+66 -6.27744e+66 -6.27744e+66 -6.27744e+66 -6.27744e+66 -6.27744e+66 -6.27744e+66 -6.27744e+66 -6.27744e+66 279.186 
-6.27744e+66 -6.27744e+66 -6.27744e+66 -6.27744e+66 -6.27744e+66 -6.27744e+66 -6.27744e+66 -6.27744e+66 -6.27744e+66 -6.27744e+66 -6.27744e+66 -6.27744e+66 -6.27744e+66 -6.27744e+66 -6.27744e+66 -6.27744e+66 -6.27744e+66 -6.27744e+66 -6.27744e+66 -6.27744e+66 -6.27744e+66 -6.27744e+66 -6.27744e+66 -6.27744e+66 -6.27744e+66 
-6.27744e+66 111.601 176.368 286.694 569.188 723.643 1354.68 1354.68 2234.81 2234.81 2234.81 2740.54 3846.04 4074.67 4074.67 4074.67 6084.38 6084.38 6084.38 6084.38 6084.38 6902.06 9199.85 9412.46 12338.3 
-6.27744e+66 -6.27744e+66 111.601 166.764 355.093 470.935 975.767 975.767 1730.16 1730.16 1730.16 2185.32 3190.32 3399.89 3399.89 3399.89 5275.62 5275.62 5275.62 5275.62 5275.62 6052.42 8240.79 8443.74 11242.4 
-6.27744e+66 -6.27744e+66 -6.27744e+66 111.601 205.766 282.993 661.618 661.618 1290.28 1290.28 1290.28 1694.86 2599.36 2789.89 2789.89 2789.89 4531.63 4531.63 4531.63 4531.63 4531.63 5267.54 7346.5 7539.78 10211.2 
-6.27744e+66 -6.27744e+66 -6.27744e+66 -6.27744e+66 111.601 150.215 402.631 402.631 905.56 905.56 905.56 1259.57 2063.57 2235.04 2235.04 2235.04 3842.81 3842.81 3842.81 3842.81 3842.81 4537.84 6507.37 6690.99 9235.24 
-6.27744e+66 -6.27744e+66 -6.27744e+66 -6.27744e+66 -6.27744e+66 111.601 237.809 237.809 615.006 615.006 615.006 918.445 1621.94 1774.36 1774.36 1774.36 3248.15 3248.15 3248.15 3248.15 3248.15 3902.29 5762.41 5936.37 8353.4 
-6.27744e+66 -6.27744e+66 -6.27744e+66 -6.27744e+66 -6.27744e+66 -6.27744e+66 111.601 111.601 363.065 363.065 363.065 615.932 1218.93 1352.3 1352.3 1352.3 2692.1 2692.1 2692.1 2692.1 2692.1 3305.36 5056.06 5220.35 7510.18 
-6.27744e+66 -6.27744e+66 -6.27744e+66 -6.27744e+66 -6.27744e+66 -6.27744e+66 -6.27744e+66 111.601 237.333 237.333 237.333 439.626 942.124 1056.44 1056.44 1056.44 2262.26 2262.26 2262.26 2262.26 2262.26 2834.64 4475.92 4630.55 6793.16 
-6.27744e+66 -6.27744e+66 -6.27744e+66 -6.27744e+66 -6.27744e+66 -6.27744e+66 -6.27744e+66 -6.27744e+66 111.601 111.601 111.601 263.321 665.319 760.582 760.582 760.582 1832.43 1832.43 1832.43 1832.43 1832.43 2363.92 3895.78 4040.74 6076.14 
-6.27744e+66 -6.27744e+66 -6.27744e+66 -6.27744e+66 -6.27744e+66 -6.27744e+66 -6.27744e+66 -6.27744e+66 -6.27744e+66 111.601 111.601 212.748 514.246 590.456 590.456 590.456 1528.32 1528.32 1528.32 1528.32 1528.32 2018.93 3441.37 3576.67 5484.86 
-6.27744e+66 -6.27744e+66 -6.27744e+66 -6.27744e+66 -6.27744e+66 -6.27744e+66 -6.27744e+66 -6.27744e+66 -6.27744e+66 -6.27744e+66 111.601 162.174 363.173 420.331 420.331 420.331 1224.21 1224.21 1224.21 1224.21 1224.21 1673.94 2986.96 3112.6 4893.57 
-6.27744e+66 -6.27744e+66 -6.27744e+66 -6.27744e+66 -6.27744e+66 -6.27744e+66 -6.27744e+66 -6.27744e+66 -6.27744e+66 -6.27744e+66 -6.27744e+66 111.601 212.101 250.206 250.206 250.206 920.108 920.108 920.108 920.108 920.108 1328.95 2532.55 2648.52 4302.29 
-6.27744e+66 -6.27744e+66 -6.27744e+66 -6.27744e+66 -6.27744e+66 -6.27744e+66 -6.27744e+66 -6.27744e+66 -6.27744e+66 -6.27744e+66 -6.27744e+66 -6.27744e+66 111.601 130.654 130.654 130.654 666.576 666.576 666.576 666.576 666.576 1034.53 2128.72 2235.02 3761.57 
-6.27744e+66 -6.27744e+66 -6.27744e+66 -6.27744e+66 -6.27744e+66 -6.27744e+66 -6.27744e+66 -6.27744e+66 -6.27744e+66 -6.27744e+66 -6.27744e+66 -6.27744e+66 -6.27744e+66 111.601 111.601 111.601 513.543 513.543 513.543 513.543 513.543 840.614 1825.38 1922.02 3321.36 
-6.27744e+66 -6.27744e+66 -6.27744e+66 -6.27744e+66 -6.27744e+66 -6.27744e+66 -6.27744e+66 -6.27744e+66 -6.27744e+66 -6.27744e+66 -6.27744e+66 -6.27744e+66 -6.27744e+66 -6.27744e+66 111.601 111.601 379.562 379.562 379.562 379.562 379.562 665.75 1541.1 1628.08 2900.2 
-6.27744e+66 -6.27744e+66 -6.27744e+66 -6.27744e+66 -6.27744e+66 -6.27744e+66 -6.27744e+66 -6.27744e+66 -6.27744e+66 -6.27744e+66 -6.27744e+66 -6.27744e+66 -6.27744e+66 -6.27744e+66 -6.27744e+66 111.601 245.582 245.582 245.582 245.582 245.582 490.885 1256.82 1334.13 2479.04 
-6.27744e+66 -6.27744e+66 -6.27744e+66 -6.27744e+66 -6.27744e+66 -6.27744e+66 -6.27744e+66 -6.27744e+66 -6.27744e+66 -6.27744e+66 -6.27744e+66 -6.27744e+66 -6.27744e+66 -6.27744e+66 -6.27744e+66 -6.27744e+66 111.601 111.601 111.601 111.601 111.601 316.021 972.532 1040.18 2057.88 
-6.27744e+66 -6.27744e+66 -6.27744e+66 -6.27744e+66 -6.27744e+66 -6.27744e+66 -6.27744e+66 -6.27744e+66 -6.27744e+66 -6.27744e+66 -6.27744e+66 -6.27744e+66 -6.27744e+66 -6.27744e+66 -6.27744e+66 -6.27744e+66 -6.27744e+66 111.601 111.601 111.601 111.601 275.137 822.23 880.216 1770.7 
-6.27744e+66 -6.27744e+66 -6.27744e+66 -6.27744e+66 -6.27744e+66 -6.27744e+66 -6.27744e+66 -6.27744e+66 -6.27744e+66 -6.27744e+66 -6.27744e+66 -6.27744e+66 -6.27744e+66 -6.27744e+66 -6.27744e+66 -6.27744e+66 -6.27744e+66 -6.27744e+66 111.601 111.601 111.601 234.253 671.927 720.249 1483.52 
-6.27744e+66 -6.27744e+66 -6.27744e+66 -6.27744e+66 -6.27744e+66 -6.27744e+66 -6.27744e+66 -6.27744e+66 -6.27744e+66 -6.27744e+66 -6.27744e+66 -6.27744e+66 -6.27744e+66 -6.27744e+66 -6.27744e+66 -6.27744e+66 -6.27744e+66 -6.27744e+66 -6.27744e+66 111.601 111.601 193.369 521.625 560.282 1196.34 
-6.27744e+66 -6.27744e+66 -6.27744e+66 -6.27744e+66 -6.27744e+66 -6.27744e+66 -6.27744e+66 -6.27744e+66 -6.27744e+66 -6.27744e+66 -6.27744e+66 -6.27744e+66 -6.27744e+66 -6.27744e+66 -6.27744e+66 -6.27744e+66 -6.27744e+66 -6.27744e+66 -6.27744e+66 -6.27744e+66 111.601 152.485 371.322 400.315 909.165 
-6.27744e+66 -6.27744e+66 -6.27744e+66 -6.27744e+66 -6.27744e+66 -6.27744e+66 -6.27744e+66 -6.27744e+66 -6.27744e+66 -6.27744e+66 -6.27744e+66 -6.27744e+66 -6.27744e+66 -6.27744e+66 -6.27744e+66 -6.27744e+66 -6.27744e+66 -6.27744e+66 -6.27744e+66 -6.27744e+66 -6.27744e+66 111.601 221.02 240.348 621.986 
-6.27744e+66 -6.27744e+66 -6.27744e+66 -6.27744e+66 -6.27744e+66 -6.27744e+66 -6.27744e+66 -6.27744e+66 -6.27744e+66 -6.27744e+66 -6.27744e+66 -6.27744e+66 -6.27744e+66 -6.27744e+66 -6.27744e+66 -6.27744e+66 -6.27744e+66 -6.27744e+66 -6.27744e+66 -6.27744e+66 -6.27744e+66 -6.27744e+66 111.601 121.265 375.69 
-6.27744e+66 -6.27744e+66 -6.27744e+66 -6.27744e+66 -6.27744e+66 -6.27744e+66 -6.27744e+66 -6.27744e+66 -6.27744e+66 -6.27744e+66 -6.27744e+66 -6.27744e+66 -6.27744e+66 -6.27744e+66 -6.27744e+66 -6.27744e+66 -6.27744e+66 -6.27744e+66 -6.27744e+66 -6.27744e+66 -6.27744e+66 -6.27744e+66 -6.27744e+66 111.601 238.814 
-6.27744e+66 -6.27744e+66 -6.27744e+66 -6.27744e+66 -6.27744e+66 -6.27744e+66 -6.27744e+66 -6.27744e+66 -6.27744e+66 -6.27744e+66 -6.27744e+66 -6.27744e+66 -6.27744e+66 -6.27744e+66 -6.27744e+66 -6.27744e+66 -6.27744e+66 -6.27744e+66 -6.27744e+66 -6.27744e+66 -6.27744e+66 -6.27744e+66 -6.27744e+66 -6.27744e+66 111.601 
-6.27744e+66 -6.27744e+66 -6.27744e+66 -6.27744e+66 -6.27744e+66 -6.27744e+66 -6.27744e+66 -6.27744e+66 -6.27744e+66 -6.27744e+66 -6.27744e+66 -6.27744e+66 -6.27744e+66 -6.27744e+66 -6.27744e+66 -6.27744e+66 -6.27744e+66 -6.27744e+66 -6.27744e+66 -6.27744e+66 -6.27744e+66 -6.27744e+66 -6.27744e+66 -6.27744e+66 -6.27744e+66 
-6.27744e+66 337.55 398.676 469.112 782.065 782.065 1395.71 1785.91 2675.95 2675.95 3907.18 3907.18 4811.09 4811.09 6284.74 6702.2 6702.2 6702.2 8618.14 9624.15 11291.3 11291.3 12602.7 12943.2 12943.2 
-6.27744e+66 -6.27744e+66 337.55 372.768 581.404 581.404 1072.32 1397.48 2160.38 2160.38 3254.81 3254.81 4076.54 4076.54 5436.84 5824.48 5824.48 5824.48 7627.71 8577.84 10157.2 10157.2 11406.2 11731.2 11731.2 
-6.27744e+66 -6.27744e+66 -6.27744e+66 337.55 441.868 441.868 810.054 1070.19 1705.93 1705.93 2663.56 2663.56 3403.11 3403.11 4650.06 5007.88 5007.88 5007.88 6698.41 7592.64 9084.28 9084.28 10270.9 10580.3 10580.3 
-6.27744e+66 -6.27744e+66 -6.27744e+66 -6.27744e+66 337.55 337.55 583.008 778.106 1286.7 1286.7 2107.52 2107.52 2764.91 2764.91 3898.49 4226.49 4226.49 4226.49 5804.33 6642.67 8046.56 8046.56 9170.68 9464.71 9464.71 
-6.27744e+66 -6.27744e+66 -6.27744e+66 -6.27744e+66 -6.27744e+66 337.55 460.279 590.345 971.791 971.791 1655.81 1655.81 2231.02 2231.02 3251.25 3549.43 3549.43 3549.43 5014.56 5797.01 7113.16 7113.16 8174.83 8453.38 8453.38 
-6.27744e+66 -6.27744e+66 -6.27744e+66 -6.27744e+66 -6.27744e+66 -6.27744e+66 337.55 402.583 656.88 656.88 1204.1 1204.1 1697.13 1697.13 2604 2872.37 2872.37 2872.37 4224.79 4951.36 6179.76 6179.76 7178.98 7442.06 7442.06 
-6.27744e+66 -6.27744e+66 -6.27744e+66 -6.27744e+66 -6.27744e+66 -6.27744e+66 -6.27744e+66 337.55 464.699 464.699 875.11 875.11 1285.98 1285.98 2079.48 2318.03 2318.03 2318.03 3557.76 4228.43 5369.09 5369.09 6305.86 6553.46 6553.46 
-6.27744e+66 -6.27744e+66 -6.27744e+66 -6.27744e+66 -6.27744e+66 -6.27744e+66 -6.27744e+66 -6.27744e+66 337.55 337.55 611.158 611.158 939.85 939.85 1620 1828.73 1828.73 1828.73 2955.75 3570.54 4623.45 4623.45 5497.77 5729.9 5729.9 
-6.27744e+66 -6.27744e+66 -6.27744e+66 -6.27744e+66 -6.27744e+66 -6.27744e+66 -6.27744e+66 -6.27744e+66 -6.27744e+66 337.55 474.354 474.354 720.873 720.873 1287.66 1466.58 1466.58 1466.58 2480.9 3039.79 4004.96 4004.96 4816.83 5033.48 5033.48 
-6.27744e+66 -6.27744e+66 -6.27744e+66 -6.27744e+66 -6.27744e+66 -6.27744e+66 -6.27744e+66 -6.27744e+66 -6.27744e+66 -6.27744e+66 337.55 337.55 501.896 501.896 955.329 1104.42 1104.42 1104.42 2006.04 2509.05 3386.48 3386.48 4135.89 4337.07 4337.07 
-6.27744e+66 -6.27744e+66 -6.27744e+66 -6.27744e+66 -6.27744e+66 -6.27744e+66 -6.27744e+66 -6.27744e+66 -6.27744e+66 -6.27744e+66 -6.27744e+66 337.55 419.723 419.723 759.798 879.072 879.072 879.072 1667.99 2115.1 2904.79 2904.79 3591.76 3777.46 3777.46 
-6.27744e+66 -6.27744e+66 -6.27744e+66 -6.27744e+66 -6.27744e+66 -6.27744e+66 -6.27744e+66 -6.27744e+66 -6.27744e+66 -6.27744e+66 -6.27744e+66 -6.27744e+66 337.55 337.55 564.267 653.722 653.722 653.722 1329.94 1721.16 2423.11 2423.11 3047.62 3217.84 3217.84 
-6.27744e+66 -6.27744e+66 -6.27744e+66 -6.27744e+66 -6.27744e+66 -6.27744e+66 -6.27744e+66 -6.27744e+66 -6.27744e+66 -6.27744e+66 -6.27744e+66 -6.27744e+66 -6.27744e+66 337.55 450.908 510.545 510.545 510.545 1074.06 1409.39 2023.6 2023.6 2585.66 2740.41 2740.41 
-6.27744e+66 -6.27744e+66 -6.27744e+66 -6.27744e+66 -6.27744e+66 -6.27744e+66 -6.27744e+66 -6.27744e+66 -6.27744e+66 -6.27744e+66 -6.27744e+66 -6.27744e+66 -6.27744e+66 -6.27744e+66 337.55 367.368 367.368 367.368 818.177 1097.63 1624.08 1624.08 2123.69 2262.97 2262.97 
-6.27744e+66 -6.27744e+66 -6.27744e+66 -6.27744e+66 -6.27744e+66 -6.27744e+66 -6.27744e+66 -6.27744e+66 -6.27744e+66 -6.27744e+66 -6.27744e+66 -6.27744e+66 -6.27744e+66 -6.27744e+66 -6.27744e+66 337.55 337.55 337.55 675.657 899.215 1337.93 1337.93 1775.09 1898.89 1898.89 
-6.27744e+66 -6.27744e+66 -6.27744e+66 -6.27744e+66 -6.27744e+66 -6.27744e+66 -6.27744e+66 -6.27744e+66 -6.27744e+66 -6.27744e+66 -6.27744e+66 -6.27744e+66 -6.27744e+66 -6.27744e+66 -6.27744e+66 -6.27744e+66 337.55 337.55 562.954 730.623 1081.6 1081.6 1456.3 1564.63 1564.63 
-6.27744e+66 -6.27744e+66 -6.27744e+66 -6.27744e+66 -6.27744e+66 -6.27744e+66 -6.27744e+66 -6.27744e+66 -6.27744e+66 -6.27744e+66 -6.27744e+66 -6.27744e+66 -6.27744e+66 -6.27744e+66 -6.27744e+66 -6.27744e+66 -6.27744e+66 337.55 450.252 562.032 825.26 825.26 1137.52 1230.37 1230.37 
-6.27744e+66 -6.27744e+66 -6.27744e+66 -6.27744e+66 -6.27744e+66 -6.27744e+66 -6.27744e+66 -6.27744e+66 -6.27744e+66 -6.27744e+66 -6.27744e+66 -6.27744e+66 -6.27744e+66 -6.27744e+66 -6.27744e+66 -6.27744e+66 -6.27744e+66 -6.27744e+66 337.55 393.44 568.926 568.926 818.731 896.106 896.106 
-6.27744e+66 -6.27744e+66 -6.27744e+66 -6.27744e+66 -6.27744e+66 -6.27744e+66 -6.27744e+66 -6.27744e+66 -6.27744e+66 -6.27744e+66 -6.27744e+66 -6.27744e+66 -6.27744e+66 -6.27744e+66 -6.27744e+66 -6.27744e+66 -6.27744e+66 -6.27744e+66 -6.27744e+66 337.55 425.293 425.293 612.647 674.547 674.547 
-6.27744e+66 -6.27744e+66 -6.27744e+66 -6.27744e+66 -6.27744e+66 -6.27744e+66 -6.27744e+66 -6.27744e+66 -6.27744e+66 -6.27744e+66 -6.27744e+66 -6.27744e+66 -6.27744e+66 -6.27744e+66 -6.27744e+66 -6.27744e+66 -6.27744e+66 -6.27744e+66 -6.27744e+66 -6.27744e+66 337.55 337.55 462.453 508.877 508.877 
-6.27744e+66 -6.27744e+66 -6.27744e+66 -6.27744e+66 -6.27744e+66 -6.27744e+66 -6.27744e+66 -6.27744e+66 -6.27744e+66 -6.27744e+66 -6.27744e+66 -6.27744e+66 -6.27744e+66 -6.27744e+66 -6.27744e+66 -6.27744e+66 -6.27744e+66 -6.27744e+66 -6.27744e+66 -6.27744e+66 -6.27744e+66 337.55 400.001 430.951 430.951 
-6.27744e+66 -6.27744e+66 -6.27744e+66 -6.27744e+66 -6.27744e+66 -6.27744e+66 -6.27744e+66 -6.27744e+66 -6.27744e+66 -6.27744e+66 -6.27744e+66 -6.27744e+66 -6.27744e+66 -6.27744e+66 -6.27744e+66 -6.27744e+66 -6.27744e+66 -6.27744e+66 -6.27744e+66 -6.27744e+66 -6.27744e+66 -6.27744e+66 337.55 353.025 353.025 
-6.27744e+66 -6.27744e+66 -6.27744e+66 -6.27744e+66 -6.27744e+66 -6.27744e+66 -6.27744e+66 -6.27744e+66 -6.27744e+66 -6.27744e+66 -6.27744e+66 -6.27744e+66 -6.27744e+66 -6.27744e+66 -6.27744e+66 -6.27744e+66 -6.27744e+66 -6.27744e+66 -6.27744e+66 -6.27744e+66 -6.27744e+66 -6.27744e+66 -6.27744e+66 337.55 337.55 
-6.27744e+66 -6.27744e+66 -6.27744e+66 -6.27744e+66 -6.27744e+66 -6.27744e+66 -6.27744e+66 -6.27744e+66 -6.27744e+66 -6.27744e+66 -6.27744e+66 -6.27744e+66 -6.27744e+66 -6.27744e+66 -6.27744e+66 -6.27744e+66 -6.27744e+66 -6.27744e+66 -6.27744e+66 -6.27744e+66 -6.27744e+66 -6.27744e+66 -6.27744e+66 -6.27744e+66 337.55 
-6.27744e+66 -6.27744e+66 -6.27744e+66 -6.27744e+66 -6.27744e+66 -6.27744e+66 -6.27744e+66 -6.27744e+66 -6.27744e+66 -6.27744e+66 -6.27744e+66 -6.27744e+66 -6.27744e+66 -6.27744e+66 -6.27744e+66 -6.27744e+66 -6.27744e+66 -6.27744e+66 -6.27744e+66 -6.27744e+66 -6.27744e+66 -6.27744e+66 -6.27744e+66 -6.27744e+66 -6.27744e+66 
-6.27744e+66 135.471 135.471 206.378 556.727 556.727 556.727 859.491 1471.18 1880.85 1880.85 1880.85 1880.85 3233.49 4824.62 5630.87 5630.87 5962.7 8262.51 8262.51 10475.5 10475.5 12773.9 12773.9 12773.9 
-6.27744e+66 -6.27744e+66 135.471 170.924 404.49 404.49 404.49 656.794 1181.09 1539.56 1539.56 1539.56 1539.56 2779.48 4248.21 4996.87 4996.87 5307.96 7472.49 7472.49 9568.99 9568.99 11757.9 11757.9 11757.9 
-6.27744e+66 -6.27744e+66 -6.27744e+66 135.471 252.254 252.254 252.254 454.096 891.014 1198.27 1198.27 1198.27 1198.27 2325.47 3671.81 4362.88 4362.88 4653.23 6682.47 6682.47 8662.51 8662.51 10742 10742 10742 
-6.27744e+66 -6.27744e+66 -6.27744e+66 -6.27744e+66 135.471 135.471 135.471 286.853 636.387 892.432 892.432 892.432 892.432 1906.92 3130.86 3764.34 3764.34 4033.95 5927.91 5927.91 7791.47 7791.47 9761.51 9761.51 9761.51 
-6.27744e+66 -6.27744e+66 -6.27744e+66 -6.27744e+66 -6.27744e+66 135.471 135.471 236.392 498.543 703.378 703.378 703.378 703.378 1605.14 2706.69 3282.58 3282.58 3531.45 5290.13 5290.13 7037.22 7037.22 8897.81 8897.81 8897.81 
-6.27744e+66 -6.27744e+66 -6.27744e+66 -6.27744e+66 -6.27744e+66 -6.27744e+66 135.471 185.931 360.698 514.325 514.325 514.325 514.325 1303.37 2282.52 2800.83 2800.83 3028.96 4652.35 4652.35 6282.97 6282.97 8034.11 8034.11 8034.11 
-6.27744e+66 -6.27744e+66 -6.27744e+66 -6.27744e+66 -6.27744e+66 -6.27744e+66 -6.27744e+66 135.471 222.854 325.272 325.272 325.272 325.272 1001.6 1858.35 2319.07 2319.07 2526.46 4014.57 4014.57 5528.72 5528.72 7170.41 7170.41 7170.41 
-6.27744e+66 -6.27744e+66 -6.27744e+66 -6.27744e+66 -6.27744e+66 -6.27744e+66 -6.27744e+66 -6.27744e+66 135.471 186.68 186.68 186.68 186.68 750.282 1484.65 1887.77 1887.77 2074.43 3427.26 3427.26 4824.92 4824.92 6357.18 6357.18 6357.18 
-6.27744e+66 -6.27744e+66 -6.27744e+66 -6.27744e+66 -6.27744e+66 -6.27744e+66 -6.27744e+66 -6.27744e+66 -6.27744e+66 135.471 135.471 135.471 135.471 586.353 1198.32 1543.86 1543.86 1709.77 2927.32 2927.32 4208.52 4208.52 5631.32 5631.32 5631.32 
-6.27744e+66 -6.27744e+66 -6.27744e+66 -6.27744e+66 -6.27744e+66 -6.27744e+66 -6.27744e+66 -6.27744e+66 -6.27744e+66 -6.27744e+66 135.471 135.471 135.471 473.632 963.208 1251.16 1251.16 1396.33 2478.59 2478.59 3643.32 3643.32 4956.68 4956.68 4956.68 
-6.27744e+66 -6.27744e+66 -6.27744e+66 -6.27744e+66 -6.27744e+66 -6.27744e+66 -6.27744e+66 -6.27744e+66 -6.27744e+66 -6.27744e+66 -6.27744e+66 135.471 135.471 360.912 728.093 958.451 958.451 1082.89 2029.87 2029.87 3078.12 3078.12 4282.03 4282.03 4282.03 
-6.27744e+66 -6.27744e+66 -6.27744e+66 -6.27744e+66 -6.27744e+66 -6.27744e+66 -6.27744e+66 -6.27744e+66 -6.27744e+66 -6.27744e+66 -6.27744e+66 -6.27744e+66 135.471 248.191 492.979 665.747 665.747 769.444 1581.14 1581.14 2512.92 2512.92 3607.39 3607.39 3607.39 
-6.27744e+66 -6.27744e+66 -6.27744e+66 -6.27744e+66 -6.27744e+66 -6.27744e+66 -6.27744e+66 -6.27744e+66 -6.27744e+66 -6.27744e+66 -6.27744e+66 -6.27744e+66 -6.27744e+66 135.471 257.865 373.043 373.043 456.001 1132.42 1132.42 1947.72 1947.72 2932.74 2932.74 2932.74 
-6.27744e+66 -6.27744e+66 -6.27744e+66 -6.27744e+66 -6.27744e+66 -6.27744e+66 -6.27744e+66 -6.27744e+66 -6.27744e+66 -6.27744e+66 -6.27744e+66 -6.27744e+66 -6.27744e+66 -6.27744e+66 135.471 193.06 193.06 255.278 796.41 796.41 1495.24 1495.24 2370.82 2370.82 2370.82 
-6.27744e+66 -6.27744e+66 -6.27744e+66 -6.27744e+66 -6.27744e+66 -6.27744e+66 -6.27744e+66 -6.27744e+66 -6.27744e+66 -6.27744e+66 -6.27744e+66 -6.27744e+66 -6.27744e+66 -6.27744e+66 -6.27744e+66 135.471 135.471 176.949 582.798 582.798 1165.16 1165.16 1931.29 1931.29 1931.29 
-6.27744e+66 -6.27744e+66 -6.27744e+66 -6.27744e+66 -6.27744e+66 -6.27744e+66 -6.27744e+66 -6.27744e+66 -6.27744e+66 -6.27744e+66 -6.27744e+66 -6.27744e+66 -6.27744e+66 -6.27744e+66 -6.27744e+66 -6.27744e+66 135.471 156.21 426.776 426.776 892.665 892.665 1549.34 1549.34 1549.34 
-6.27744e+66 -6.27744e+66 -6.27744e+66 -6.27744e+66 -6.27744e+66 -6.27744e+66 -6.27744e+66 -6.27744e+66 -6.27744e+66 -6.27744e+66 -6.27744e+66 -6.27744e+66 -6.27744e+66 -6.27744e+66 -6.27744e+66 -6.27744e+66 -6.27744e+66 135.471 270.753 270.753 620.171 620.171 1167.4 1167.4 1167.4 
-6.27744e+66 -6.27744e+66 -6.27744e+66 -6.27744e+66 -6.27744e+66 -6.27744e+66 -6.27744e+66 -6.27744e+66 -6.27744e+66 -6.27744e+66 -6.27744e+66 -6.27744e+66 -6.27744e+66 -6.27744e+66 -6.27744e+66 -6.27744e+66 -6.27744e+66 -6.27744e+66 135.471 135.471 368.415 368.415 806.201 806.201 806.201 
-6.27744e+66 -6.27744e+66 -6.27744e+66 -6.27744e+66 -6.27744e+66 -6.27744e+66 -6.27744e+66 -6.27744e+66 -6.27744e+66 -6.27744e+66 -6.27744e+66 -6.27744e+66 -6.27744e+66 -6.27744e+66 -6.27744e+66 -6.27744e+66 -6.27744e+66 -6.27744e+66 -6.27744e+66 135.471 251.943 251.943 580.283 580.283 580.283 
-6.27744e+66 -6.27744e+66 -6.27744e+66 -6.27744e+66 -6.27744e+66 -6.27744e+66 -6.27744e+66 -6.27744e+66 -6.27744e+66 -6.27744e+66 -6.27744e+66 -6.27744e+66 -6.27744e+66 -6.27744e+66 -6.27744e+66 -6.27744e+66 -6.27744e+66 -6.27744e+66 -6.27744e+66 -6.27744e+66 135.471 135.471 354.364 354.364 354.364 
-6.27744e+66 -6.27744e+66 -6.27744e+66 -6.27744e+66 -6.27744e+66 -6.27744e+66 -6.27744e+66 -6.27744e+66 -6.27744e+66 -6.27744e+66 -6.27744e+66 -6.27744e+66 -6.27744e+66 -6.27744e+66 -6.27744e+66 -6.27744e+66 -6.27744e+66 -6.27744e+66 -6.27744e+66 -6.27744e+66 -6.27744e+66 135.471 244.917 244.917 244.917 
-6.27744e+66 -6.27744e+66 -6.27744e+66 -6.27744e+66 -6.27744e+66 -6.27744e+66 -6.27744e+66 -6.27744e+66 -6.27744e+66 -6.27744e+66 -6.27744e+66 -6.27744e+66 -6.27744e+66 -6.27744e+66 -6.27744e+66 -6.27744e+66 -6.27744e+66 -6.27744e+66 -6.27744e+66 -6.27744e+66 -6.27744e+66 -6.27744e+66 135.471 135.471 135.471 
-6.27744e+66 -6.27744e+66 -6.27744e+66 -6.27744e+66 -6.27744e+66 -6.27744e+66 -6.27744e+66 -6.27744e+66 -6.27744e+66 -6.27744e+66 -6.27744e+66 -6.27744e+66 -6.27744e+66 -6.27744e+66 -6.27744e+66 -6.27744e+66 -6.27744e+66 -6.27744e+66 -6.27744e+66 -6.27744e+66 -6.27744e+66 -6.27744e+66 -6.27744e+66 135.471 135.471 
-6.27744e+66 -6.27744e+66 -6.27744e+66 -6.27744e+66 -6.27744e+66 -6.27744e+66 -6.27744e+66 -6.27744e+66 -6.27744e+66 -6.27744e+66 -6.27744e+66 -6.27744e+66 -6.27744e+66 -6.27744e+66 -6.27744e+66 -6.27744e+66 -6.27744e+66 -6.27744e+66 -6.27744e+66 -6.27744e+66 -6.27744e+66 -6.27744e+66 -6.27744e+66 -6.27744e+66 135.471 
-6.27744e+66 -6.27744e+66 -6.27744e+66 -6.27744e+66 -6.27744e+66 -6.27744e+66 -6.27744e+66 -6.27744e+66 -6.27744e+66 -6.27744e+66 -6.27744e+66 -6.27744e+66 -6.27744e+66 -6.27744e+66 -6.27744e+66 -6.27744e+66 -6.27744e+66 -6.27744e+66 -6.27744e+66 -6.27744e+66 -6.27744e+66 -6.27744e+66 -6.27744e+66 -6.27744e+66 -6.27744e+66 
