24 10 
801.329 801.329 801.329 801.329 801.329 801.329 801.329 801.329 801.329 801.329 801.329 801.329 801.329 801.329 801.329 801.329 801.329 801.329 801.329 801.329 801.329 801.329 801.329 801.329 
item 0
1 50.7362 0 115.031 0 0 0 0 53.6737 0 55.2337 112.587 0 107.346 0 0 0 0 0 128.571 76.998 78.5112 50.5127 86.018 
90.2515 90.2515 90.2515 90.2515 90.2515 90.2515 90.2515 90.2515 90.2515 90.2515 90.2515 90.2515 90.2515 90.2515 90.2515 90.2515 90.2515 90.2515 90.2515 90.2515 90.2515 90.2515 90.2515 90.2515 
1 1 1 1 1 1 1 1 1 1 1 1 1 1 1 1 1 1 1 1 1 1 1 1 
item 1
25.6209 0 61.2572 110.993 0 0 0 88.1291 0 95.5108 0 0 0 96.6487 0 0 49.8272 0 46.5641 0 0 130.317 0 0 
192.366 192.366 192.366 192.366 192.366 192.366 192.366 192.366 192.366 192.366 192.366 192.366 192.366 192.366 192.366 192.366 192.366 192.366 192.366 192.366 192.366 192.366 192.366 192.366 
1 1 1 1 1 1 1 1 1 1 1 1 1 1 1 1 1 1 1 1 1 1 1 1 
item 2
52.5005 0 80.1027 102.221 0 0 104.014 0 0 110.133 19.1723 0 0 0 0 99.1037 74.3349 0 48.7081 66.1943 3.98241 118.27 0 0 
148.101 148.101 148.101 148.101 148.101 148.101 148.101 148.101 148.101 148.101 148.101 148.101 148.101 148.101 148.101 148.101 148.101 148.101 148.101 148.101 148.101 148.101 148.101 148.101 
1 1 1 1 1 1 1 1 1 1 1 1 1 1 1 1 1 1 1 1 1 1 1 1 
item 3
27.1963 82.9497 0 0 0 0 0 0 0 0 55.4299 107.335 20.1874 103.253 0 0 44.9185 116.43 0 0 0 71.1807 88.6436 0 
103.541 103.541 103.541 103.541 103.541 103.541 103.541 103.541 103.541 103.541 103.541 103.541 103.541 103.541 103.541 103.541 103.541 103.541 103.541 103.541 103.541 103.541 103.541 103.541 
1 1 1 1 1 1 1 1 1 1 1 1 1 1 1 1 1 1 1 1 1 1 1 1 
item 4
65.3995 103.559 0 51.785 0 0 0 0 0 46.5151 0 84.8296 45.5989 70.872 0 89.7114 51.6777 0 47.2265 0 49.5238 99.3492 0 70.3127 
96.5032 96.5032 96.5032 96.5032 96.5032 96.5032 96.5032 96.5032 96.5032 96.5032 96.5032 96.5032 96.5032 96.5032 96.5032 96.5032 96.5032 96.5032 96.5032 96.5032 96.5032 96.5032 96.5032 96.5032 
1 1 1 1 1 1 1 1 1 1 1 1 1 1 1 1 1 1 1 1 1 1 1 1 
item 5
26.2938 73.6234 0 101.737 0 0 46.302 0 0 0 0 0 29.4836 0 0 94.5319 0 0 43.4855 0 0 108.172 22.1744 0 
82.8373 82.8373 82.8373 82.8373 82.8373 82.8373 82.8373 82.8373 82.8373 82.8373 82.8373 82.8373 82.8373 82.8373 82.8373 82.8373 82.8373 82.8373 82.8373 82.8373 82.8373 82.8373 82.8373 82.8373 
1 1 1 1 1 1 1 1 1 1 1 1 1 1 1 1 1 1 1 1 1 1 1 1 
item 6
42.4635 112.255 76.4184 0 0 87.6157 0 0 38.8166 0 52.2264 0 0 0 22.7101 0 34.6673 108.444 0 110.462 72.6368 0 0 130.822 
267.005 267.005 267.005 267.005 267.005 267.005 267.005 267.005 267.005 267.005 267.005 267.005 267.005 267.005 267.005 267.005 267.005 267.005 267.005 267.005 267.005 267.005 267.005 267.005 
1 1 1 1 1 1 1 1 1 1 1 1 1 1 1 1 1 1 1 1 1 1 1 1 
item 7
55.5522 144.22 38.5925 76.5434 0 98.9859 12.52 68.6317 32.4487 89.157 64.0022 0 68.3839 0 0 0 71.8206 0 69.9547 0 0 70.8087 0 80.682 
105.562 105.562 105.562 105.562 105.562 105.562 105.562 105.562 105.562 105.562 105.562 105.562 105.562 105.562 105.562 105.562 105.562 105.562 105.562 105.562 105.562 105.562 105.562 105.562 
1 1 1 1 1 1 1 1 1 1 1 1 1 1 1 1 1 1 1 1 1 1 1 1 
item 8
34.125 0 0 0 0 75.4718 0 0 15.0559 77.8746 0 101.424 0 75.7374 50.5623 78.7834 57.112 120.462 0 0 0 72.686 56.8465 104.922 
432.582 432.582 432.582 432.582 432.582 432.582 432.582 432.582 432.582 432.582 432.582 432.582 432.582 432.582 432.582 432.582 432.582 432.582 432.582 432.582 432.582 432.582 432.582 432.582 
1 1 1 1 1 1 1 1 1 1 1 1 1 1 1 1 1 1 1 1 1 1 1 1 
item 9
17.1345 100.839 0 0 75.2436 0 0 0 0 0 42.5171 113.926 0 124.423 64.5557 74.7334 0 98.2187 0 0 43.1039 108.954 38.1529 0 
370.701 370.701 370.701 370.701 370.701 370.701 370.701 370.701 370.701 370.701 370.701 370.701 370.701 370.701 370.701 370.701 370.701 370.701 370.701 370.701 370.701 370.701 370.701 370.701 
1 1 1 1 1 1 1 1 1 1 1 1 1 1 1 1 1 1 1 1 1 1 1 1 
