48 20 
41681.6 41681.6 41681.6 41681.6 41681.6 41681.6 41681.6 41681.6 41681.6 41681.6 41681.6 41681.6 41681.6 41681.6 41681.6 41681.6 41681.6 41681.6 41681.6 41681.6 41681.6 41681.6 41681.6 41681.6 41681.6 41681.6 41681.6 41681.6 41681.6 41681.6 41681.6 41681.6 41681.6 41681.6 41681.6 41681.6 41681.6 41681.6 41681.6 41681.6 41681.6 41681.6 41681.6 41681.6 41681.6 41681.6 41681.6 41681.6 
item 0
18.4877 100.507 63.9939 72.7057 69.6187 73.7654 78.0908 86.2056 70.4365 124.391 63.2368 96.1476 52.5041 107.737 50.395 130.114 37.8475 107 51.962 96.7273 61.8434 77.5254 53.385 103.821 58.3745 123.157 81.3222 61.4468 32.8458 118.799 55.0061 118.609 16.0812 96.0849 61.0834 115.755 85.7651 92.8388 50.4634 119.922 64.393 67.43 54.6399 107.215 58.8488 114.893 117.81 106.809 
305.775 305.775 305.775 305.775 305.775 305.775 305.775 305.775 305.775 305.775 305.775 305.775 305.775 305.775 305.775 305.775 305.775 305.775 305.775 305.775 305.775 305.775 305.775 305.775 305.775 305.775 305.775 305.775 305.775 305.775 305.775 305.775 305.775 305.775 305.775 305.775 305.775 305.775 305.775 305.775 305.775 305.775 305.775 305.775 305.775 305.775 305.775 305.775 
1 1 1 1 1 1 1 1 1 1 1 1 1 1 1 1 1 1 1 1 1 1 1 1 1 1 1 1 1 1 1 1 1 1 1 1 1 1 1 1 1 1 1 1 1 1 1 1 
item 1
23.7157 68.4761 84.8218 117.993 36.6388 101.529 49.6222 98.5878 56.1753 113.692 24.9937 119.587 72.0592 81.3284 64.4626 84.7676 70.3599 83.3263 63.6627 103.6 42.6527 111.36 27.0568 88.9876 59.1238 71.0667 68.061 72.8632 68.2285 120.759 59.3221 91.6676 79.2489 92.5733 66.3906 123.322 25.4025 108.073 84.193 93.6741 27.0559 82.9796 81.7941 110.492 75.3108 81.0581 67.9204 122.417 
1329.48 1329.48 1329.48 1329.48 1329.48 1329.48 1329.48 1329.48 1329.48 1329.48 1329.48 1329.48 1329.48 1329.48 1329.48 1329.48 1329.48 1329.48 1329.48 1329.48 1329.48 1329.48 1329.48 1329.48 1329.48 1329.48 1329.48 1329.48 1329.48 1329.48 1329.48 1329.48 1329.48 1329.48 1329.48 1329.48 1329.48 1329.48 1329.48 1329.48 1329.48 1329.48 1329.48 1329.48 1329.48 1329.48 1329.48 1329.48 
1 1 1 1 1 1 1 1 1 1 1 1 1 1 1 1 1 1 1 1 1 1 1 1 1 1 1 1 1 1 1 1 1 1 1 1 1 1 1 1 1 1 1 1 1 1 1 1 
item 2
41.8182 141.799 46.5204 75.416 34.5287 117.546 60.383 106.346 50.8053 102.742 71.2288 78.6758 49.6673 93.1586 71.4154 85.701 45.7991 88.6849 71.7085 111.377 42.9831 85.6858 72.2372 55.7862 57.1164 103.461 59.6388 109.884 108.87 99.239 1.08152 66.7712 20.3567 101.916 28.5464 93.0505 29.4301 75.1861 66.9904 92.059 56.1772 92.0797 39.4861 95.0264 82.5345 110.228 43.9041 108.924 
329.212 329.212 329.212 329.212 329.212 329.212 329.212 329.212 329.212 329.212 329.212 329.212 329.212 329.212 329.212 329.212 329.212 329.212 329.212 329.212 329.212 329.212 329.212 329.212 329.212 329.212 329.212 329.212 329.212 329.212 329.212 329.212 329.212 329.212 329.212 329.212 329.212 329.212 329.212 329.212 329.212 329.212 329.212 329.212 329.212 329.212 329.212 329.212 
1 1 1 1 1 1 1 1 1 1 1 1 1 1 1 1 1 1 1 1 1 1 1 1 1 1 1 1 1 1 1 1 1 1 1 1 1 1 1 1 1 1 1 1 1 1 1 1 
item 3
16.4533 79.5275 70.9623 113.512 55.2937 117.501 35.9179 153.042 29.2272 118.138 42.9068 76.3996 49.2165 111.992 52.1268 92.6991 0 86.3566 41.4516 79.4502 67.3602 94.7708 23.3862 90.6627 75.3964 78.7513 19.8589 90.1243 19.8439 92.3694 79.3682 100.979 65.7483 59.5357 59.201 97.958 74.5097 119.678 47.0059 79.9313 17.3997 90.8408 61.7093 130.096 37.9643 116.436 51.3042 94.7797 
424.944 424.944 424.944 424.944 424.944 424.944 424.944 424.944 424.944 424.944 424.944 424.944 424.944 424.944 424.944 424.944 424.944 424.944 424.944 424.944 424.944 424.944 424.944 424.944 424.944 424.944 424.944 424.944 424.944 424.944 424.944 424.944 424.944 424.944 424.944 424.944 424.944 424.944 424.944 424.944 424.944 424.944 424.944 424.944 424.944 424.944 424.944 424.944 
1 1 1 1 1 1 1 1 1 1 1 1 1 1 1 1 1 1 1 1 1 1 1 1 1 1 1 1 1 1 1 1 1 1 1 1 1 1 1 1 1 1 1 1 1 1 1 1 
item 4
41.6054 122.156 46.515 95.3148 15.4139 130.063 48.116 114.047 51.5703 139.862 35.3192 129.266 63.1761 82.4728 39.6218 153.969 5.17316 81.0005 67.468 86.0591 54.2389 118.725 74.6215 66.9636 37.5785 112.893 25.5527 85.3578 44.4085 139.473 44.2097 89.0282 53.4525 110.699 39.8018 84.9729 47.5483 107.829 5.685 101.382 64.868 75.2324 48.9396 116.265 43.4515 47.1628 67.0798 96.8478 
578.402 578.402 578.402 578.402 578.402 578.402 578.402 578.402 578.402 578.402 578.402 578.402 578.402 578.402 578.402 578.402 578.402 578.402 578.402 578.402 578.402 578.402 578.402 578.402 578.402 578.402 578.402 578.402 578.402 578.402 578.402 578.402 578.402 578.402 578.402 578.402 578.402 578.402 578.402 578.402 578.402 578.402 578.402 578.402 578.402 578.402 578.402 578.402 
1 1 1 1 1 1 1 1 1 1 1 1 1 1 1 1 1 1 1 1 1 1 1 1 1 1 1 1 1 1 1 1 1 1 1 1 1 1 1 1 1 1 1 1 1 1 1 1 
item 5
62.5046 131.256 46.1949 94.3837 103.233 62.7434 54.0614 116.516 66.4564 68.3361 79.3133 96.4175 51.7698 66.3562 34.288 90.1333 39.1079 66.2507 87.0709 74.6503 75.9089 86.2212 0 95.033 21.9123 135.75 39.8246 105.463 32.4797 86.8019 46.3315 125.043 101.798 53.0456 41.9518 70.8214 49.5403 85.6588 0 103.519 27.985 102.604 37.5995 146.187 18.6221 120.498 73.5778 97.4316 
456.996 456.996 456.996 456.996 456.996 456.996 456.996 456.996 456.996 456.996 456.996 456.996 456.996 456.996 456.996 456.996 456.996 456.996 456.996 456.996 456.996 456.996 456.996 456.996 456.996 456.996 456.996 456.996 456.996 456.996 456.996 456.996 456.996 456.996 456.996 456.996 456.996 456.996 456.996 456.996 456.996 456.996 456.996 456.996 456.996 456.996 456.996 456.996 
1 1 1 1 1 1 1 1 1 1 1 1 1 1 1 1 1 1 1 1 1 1 1 1 1 1 1 1 1 1 1 1 1 1 1 1 1 1 1 1 1 1 1 1 1 1 1 1 
item 6
42.762 16.8522 91.627 106.642 59.899 104.952 38.3874 113.926 44.6631 81.7117 61.5333 110.218 26.2901 112.602 56.4313 88.5243 66.631 124.873 88.2086 94.843 52.455 108.827 73.4168 109.346 57.6889 84.2219 35.0196 98.3867 37.0754 116.838 77.7732 87.283 45.8199 95.3706 76.7421 88.9048 42.9307 93.3646 37.2626 86.5774 43.6427 86.0067 55.9012 90.6078 65.1702 65.2143 77.2724 112.239 
192.475 192.475 192.475 192.475 192.475 192.475 192.475 192.475 192.475 192.475 192.475 192.475 192.475 192.475 192.475 192.475 192.475 192.475 192.475 192.475 192.475 192.475 192.475 192.475 192.475 192.475 192.475 192.475 192.475 192.475 192.475 192.475 192.475 192.475 192.475 192.475 192.475 192.475 192.475 192.475 192.475 192.475 192.475 192.475 192.475 192.475 192.475 192.475 
1 1 1 1 1 1 1 1 1 1 1 1 1 1 1 1 1 1 1 1 1 1 1 1 1 1 1 1 1 1 1 1 1 1 1 1 1 1 1 1 1 1 1 1 1 1 1 1 
item 7
57.8966 51.5808 48.8683 97.8473 19.3003 79.1502 45.9465 104.944 36.3632 75.6995 65.8159 90.2299 9.79187 106.362 35.5316 117.144 66.2934 101.235 56.4411 120.408 38.1706 63.3053 90.1821 106.604 17.1776 86.4907 27.285 106.117 44.1411 104.212 23.6736 103.361 38.2887 66.0223 29.3768 125.966 60.9689 86.7843 49.9024 83.4619 90.6642 153.228 57.7199 128.977 60.2527 94.5319 12.7128 45.5236 
582.955 582.955 582.955 582.955 582.955 582.955 582.955 582.955 582.955 582.955 582.955 582.955 582.955 582.955 582.955 582.955 582.955 582.955 582.955 582.955 582.955 582.955 582.955 582.955 582.955 582.955 582.955 582.955 582.955 582.955 582.955 582.955 582.955 582.955 582.955 582.955 582.955 582.955 582.955 582.955 582.955 582.955 582.955 582.955 582.955 582.955 582.955 582.955 
1 1 1 1 1 1 1 1 1 1 1 1 1 1 1 1 1 1 1 1 1 1 1 1 1 1 1 1 1 1 1 1 1 1 1 1 1 1 1 1 1 1 1 1 1 1 1 1 
item 8
88.0609 92.9177 100.79 102.551 49.101 81.2015 43.6694 110.616 69.0652 93.2705 55.879 85.8766 42.3038 82.6694 46.2432 95.2269 42.7743 96.2091 42.5467 48.2308 19.4155 94.5417 38.7772 112.98 54.8042 126.771 81.468 107.629 47.2165 74.9604 36.29 97.3203 71.048 94.8716 75.98 141.555 58.0084 127.794 66.6881 94.0014 64.798 85.3921 29.26 107.225 29.0032 82.5915 70.3456 113.039 
1076.82 1076.82 1076.82 1076.82 1076.82 1076.82 1076.82 1076.82 1076.82 1076.82 1076.82 1076.82 1076.82 1076.82 1076.82 1076.82 1076.82 1076.82 1076.82 1076.82 1076.82 1076.82 1076.82 1076.82 1076.82 1076.82 1076.82 1076.82 1076.82 1076.82 1076.82 1076.82 1076.82 1076.82 1076.82 1076.82 1076.82 1076.82 1076.82 1076.82 1076.82 1076.82 1076.82 1076.82 1076.82 1076.82 1076.82 1076.82 
1 1 1 1 1 1 1 1 1 1 1 1 1 1 1 1 1 1 1 1 1 1 1 1 1 1 1 1 1 1 1 1 1 1 1 1 1 1 1 1 1 1 1 1 1 1 1 1 
item 9
61.1559 139.309 18.2375 51.0988 34.2189 92.1991 54.6235 87.3132 55.9946 91.0062 35.6969 110.339 57.5162 97.2518 15.7825 99.382 25.6768 106.331 35.6829 63.2276 22.5764 88.3393 47.4972 105.447 48.4644 83.5368 46.0454 85.3873 51.176 78.445 43.7276 133.629 33.5154 82.6405 63.1178 95.2242 52.0955 120.227 51.1055 124.365 53.442 93.2064 52.2643 91.1693 50.7177 93.0728 40.8565 83.7543 
625.071 625.071 625.071 625.071 625.071 625.071 625.071 625.071 625.071 625.071 625.071 625.071 625.071 625.071 625.071 625.071 625.071 625.071 625.071 625.071 625.071 625.071 625.071 625.071 625.071 625.071 625.071 625.071 625.071 625.071 625.071 625.071 625.071 625.071 625.071 625.071 625.071 625.071 625.071 625.071 625.071 625.071 625.071 625.071 625.071 625.071 625.071 625.071 
1 1 1 1 1 1 1 1 1 1 1 1 1 1 1 1 1 1 1 1 1 1 1 1 1 1 1 1 1 1 1 1 1 1 1 1 1 1 1 1 1 1 1 1 1 1 1 1 
item 10
98.0684 89.8811 54.6681 82.5897 31.8243 122.665 35.0913 85.4531 62.2688 69.4719 43.1184 84.8271 28.901 99.2382 20.9167 95.0025 62.8478 100.097 21.2871 79.5749 23.5967 113.178 88.8881 101.452 79.5553 66.7622 52.2528 118.585 50.7956 95.9518 0 85.5635 36.3234 78.6156 48.9215 147.664 84.1693 102.211 74.4596 116.209 38.5358 122.078 32.8249 111.231 52.665 112.346 38.5085 79.807 
283.327 283.327 283.327 283.327 283.327 283.327 283.327 283.327 283.327 283.327 283.327 283.327 283.327 283.327 283.327 283.327 283.327 283.327 283.327 283.327 283.327 283.327 283.327 283.327 283.327 283.327 283.327 283.327 283.327 283.327 283.327 283.327 283.327 283.327 283.327 283.327 283.327 283.327 283.327 283.327 283.327 283.327 283.327 283.327 283.327 283.327 283.327 283.327 
1 1 1 1 1 1 1 1 1 1 1 1 1 1 1 1 1 1 1 1 1 1 1 1 1 1 1 1 1 1 1 1 1 1 1 1 1 1 1 1 1 1 1 1 1 1 1 1 
item 11
69.6384 88.2512 6.26223 129.627 78.1108 94.2692 46.3465 106.175 87.3684 91.385 18.0299 126.061 41.8838 121.944 27.2654 102.563 20.5048 50.3831 41.0322 101.762 93.7886 89.7318 2.58232 96.8573 26.8547 79.3295 29.3048 109.105 18.1043 125.806 71.7846 99.6855 22.0462 92.3177 95.8498 95.2653 52.542 116.694 56.6886 114.598 38.5356 108.366 44.0606 87.0096 61.9083 127.161 89.919 82.043 
1139.69 1139.69 1139.69 1139.69 1139.69 1139.69 1139.69 1139.69 1139.69 1139.69 1139.69 1139.69 1139.69 1139.69 1139.69 1139.69 1139.69 1139.69 1139.69 1139.69 1139.69 1139.69 1139.69 1139.69 1139.69 1139.69 1139.69 1139.69 1139.69 1139.69 1139.69 1139.69 1139.69 1139.69 1139.69 1139.69 1139.69 1139.69 1139.69 1139.69 1139.69 1139.69 1139.69 1139.69 1139.69 1139.69 1139.69 1139.69 
1 1 1 1 1 1 1 1 1 1 1 1 1 1 1 1 1 1 1 1 1 1 1 1 1 1 1 1 1 1 1 1 1 1 1 1 1 1 1 1 1 1 1 1 1 1 1 1 
item 12
33.5654 63.3742 54.7661 105.121 72.3487 91.5602 93.5795 99.3722 66.6561 126.211 73.2891 94.243 32.1353 93.1556 34.2148 96.63 18.899 93.6722 78.8854 68.0422 60.1227 110.519 75.1677 68.3689 49.1863 127.348 77.0558 73.0603 14.022 77.6239 88.2814 116.592 42.0987 73.9248 49.827 81.7375 29.977 116.929 56.297 103.853 79.098 117.431 58.0677 122.72 28.8758 81.4638 28.0816 98.4148 
409.873 409.873 409.873 409.873 409.873 409.873 409.873 409.873 409.873 409.873 409.873 409.873 409.873 409.873 409.873 409.873 409.873 409.873 409.873 409.873 409.873 409.873 409.873 409.873 409.873 409.873 409.873 409.873 409.873 409.873 409.873 409.873 409.873 409.873 409.873 409.873 409.873 409.873 409.873 409.873 409.873 409.873 409.873 409.873 409.873 409.873 409.873 409.873 
1 1 1 1 1 1 1 1 1 1 1 1 1 1 1 1 1 1 1 1 1 1 1 1 1 1 1 1 1 1 1 1 1 1 1 1 1 1 1 1 1 1 1 1 1 1 1 1 
item 13
59.2208 101.116 54.1335 131.754 34.8138 80.756 0 92.1892 29.6774 101.652 65.7786 68.1448 72.3541 99.5557 42.5527 88.1632 47.0147 87.0742 61.0098 78.5714 70.6078 98.8344 59.4898 103.594 75.8588 153.078 50.3576 64.6359 77.4518 101.828 9.85828 79.2941 57.433 81.4355 77.4509 100.945 27.3697 115.376 80.3988 93.1495 51.9122 103.407 39.3562 173.35 45.3502 113.386 21.2725 88.6777 
1205.47 1205.47 1205.47 1205.47 1205.47 1205.47 1205.47 1205.47 1205.47 1205.47 1205.47 1205.47 1205.47 1205.47 1205.47 1205.47 1205.47 1205.47 1205.47 1205.47 1205.47 1205.47 1205.47 1205.47 1205.47 1205.47 1205.47 1205.47 1205.47 1205.47 1205.47 1205.47 1205.47 1205.47 1205.47 1205.47 1205.47 1205.47 1205.47 1205.47 1205.47 1205.47 1205.47 1205.47 1205.47 1205.47 1205.47 1205.47 
1 1 1 1 1 1 1 1 1 1 1 1 1 1 1 1 1 1 1 1 1 1 1 1 1 1 1 1 1 1 1 1 1 1 1 1 1 1 1 1 1 1 1 1 1 1 1 1 
item 14
61.3769 130.272 29.7454 108.847 49.1908 74.2554 34.0611 85.1881 71.969 84.7918 56.9869 115.056 56.8987 62.6571 46.9822 125.289 66.9249 84.9059 78.9572 94.707 23.5726 80.9952 92.8206 72.3318 52.8787 113.254 35.5639 112.488 51.8317 125.639 39.5337 97.6373 76.23 70.6385 89.5733 80.296 56.2849 82.0234 60.282 77.3374 29.1604 86.0153 34.8435 101.022 65.0986 86.0553 50.5317 95.0471 
548.203 548.203 548.203 548.203 548.203 548.203 548.203 548.203 548.203 548.203 548.203 548.203 548.203 548.203 548.203 548.203 548.203 548.203 548.203 548.203 548.203 548.203 548.203 548.203 548.203 548.203 548.203 548.203 548.203 548.203 548.203 548.203 548.203 548.203 548.203 548.203 548.203 548.203 548.203 548.203 548.203 548.203 548.203 548.203 548.203 548.203 548.203 548.203 
1 1 1 1 1 1 1 1 1 1 1 1 1 1 1 1 1 1 1 1 1 1 1 1 1 1 1 1 1 1 1 1 1 1 1 1 1 1 1 1 1 1 1 1 1 1 1 1 
item 15
86.6369 109.26 54.4593 54.4048 84.8197 49.2113 57.2457 104.317 45.9943 92.5958 29.7391 110.73 47.7443 65.0584 45.0537 72.8183 60.3396 93.1368 63.8212 99.7053 55.9932 75.3023 17.0102 89.7243 47.081 101.812 7.36804 107.848 20.9691 64.1923 43.7616 66.2106 45.4922 111.645 25.8223 106.077 39.8283 82.5322 50.1615 81.6666 42.1599 66.4516 53.4309 92.7817 64.0559 99.5976 76.8074 57.9779 
239.304 239.304 239.304 239.304 239.304 239.304 239.304 239.304 239.304 239.304 239.304 239.304 239.304 239.304 239.304 239.304 239.304 239.304 239.304 239.304 239.304 239.304 239.304 239.304 239.304 239.304 239.304 239.304 239.304 239.304 239.304 239.304 239.304 239.304 239.304 239.304 239.304 239.304 239.304 239.304 239.304 239.304 239.304 239.304 239.304 239.304 239.304 239.304 
1 1 1 1 1 1 1 1 1 1 1 1 1 1 1 1 1 1 1 1 1 1 1 1 1 1 1 1 1 1 1 1 1 1 1 1 1 1 1 1 1 1 1 1 1 1 1 1 
item 16
107.547 89.0321 59.6844 135.576 21.902 96.0202 51.4493 112.47 47.2949 105.237 61.8721 91.687 84.4575 124.981 55.4155 115.259 41.5181 98.2653 19.1375 132.847 34.5638 78.7114 53.7196 104.5 28.7528 66.6102 24.6621 84.328 80.7101 137.622 48.3248 104.615 70.4652 122.822 50.2985 128.404 49.751 124.203 48.7607 105.119 36.1575 135.683 70.4236 90.0475 88.8582 81.7121 56.9416 83.475 
441.553 441.553 441.553 441.553 441.553 441.553 441.553 441.553 441.553 441.553 441.553 441.553 441.553 441.553 441.553 441.553 441.553 441.553 441.553 441.553 441.553 441.553 441.553 441.553 441.553 441.553 441.553 441.553 441.553 441.553 441.553 441.553 441.553 441.553 441.553 441.553 441.553 441.553 441.553 441.553 441.553 441.553 441.553 441.553 441.553 441.553 441.553 441.553 
1 1 1 1 1 1 1 1 1 1 1 1 1 1 1 1 1 1 1 1 1 1 1 1 1 1 1 1 1 1 1 1 1 1 1 1 1 1 1 1 1 1 1 1 1 1 1 1 
item 17
29.58 105.078 32.6767 130.112 68.8838 67.5643 22.2777 119.517 52.4215 77.9663 58.3713 111.544 19.0806 92.3743 84.0229 83.8762 50.6503 112.262 56.1929 104.159 22.9013 150.335 44.9424 94.4162 50.5727 56.9071 84.826 117.513 31.8113 107.193 44.8401 98.7397 47.0982 95.2877 73.6086 79.9413 37.7894 103.303 38.5521 85.1281 36.7517 101.949 44.3676 107.203 78.6259 128.161 72.0754 93.6105 
242.543 242.543 242.543 242.543 242.543 242.543 242.543 242.543 242.543 242.543 242.543 242.543 242.543 242.543 242.543 242.543 242.543 242.543 242.543 242.543 242.543 242.543 242.543 242.543 242.543 242.543 242.543 242.543 242.543 242.543 242.543 242.543 242.543 242.543 242.543 242.543 242.543 242.543 242.543 242.543 242.543 242.543 242.543 242.543 242.543 242.543 242.543 242.543 
1 1 1 1 1 1 1 1 1 1 1 1 1 1 1 1 1 1 1 1 1 1 1 1 1 1 1 1 1 1 1 1 1 1 1 1 1 1 1 1 1 1 1 1 1 1 1 1 
item 18
23.5163 82.2385 45.5327 87.2989 86.1959 121.958 13.8753 98.3874 63.0433 108.367 49.496 113.084 50.5981 103.861 75.128 84.7474 32.4675 118.647 51.5052 94.8427 88.7866 110.002 95.3155 102.984 82.2018 104.775 35.4589 135.749 45.4694 129.529 84.3175 79.7077 62.338 58.7455 53.5377 86.1404 87.3133 99.4636 81.9489 106.965 51.3246 143.529 55.4856 93.0818 98.4698 125.58 40.0321 81.365 
429.564 429.564 429.564 429.564 429.564 429.564 429.564 429.564 429.564 429.564 429.564 429.564 429.564 429.564 429.564 429.564 429.564 429.564 429.564 429.564 429.564 429.564 429.564 429.564 429.564 429.564 429.564 429.564 429.564 429.564 429.564 429.564 429.564 429.564 429.564 429.564 429.564 429.564 429.564 429.564 429.564 429.564 429.564 429.564 429.564 429.564 429.564 429.564 
1 1 1 1 1 1 1 1 1 1 1 1 1 1 1 1 1 1 1 1 1 1 1 1 1 1 1 1 1 1 1 1 1 1 1 1 1 1 1 1 1 1 1 1 1 1 1 1 
item 19
65.0865 115.117 45.4049 101.313 65.0859 105.115 36.9861 108.59 65.5972 118.415 60.3441 115.779 51.0993 76.8098 106.686 87.6942 51.6696 95.6944 33.7311 82.7256 31.7698 121.423 71.8405 88.4707 45.8951 86.4169 19.0749 98.1159 62.6444 99.1162 55.4953 97.3647 82.9486 88.2296 42.2302 84.8485 47.7068 120.586 77.0436 115.77 44.3675 76.8046 92.4301 107.421 67.2062 106.721 45.3875 99.2669 
581.339 581.339 581.339 581.339 581.339 581.339 581.339 581.339 581.339 581.339 581.339 581.339 581.339 581.339 581.339 581.339 581.339 581.339 581.339 581.339 581.339 581.339 581.339 581.339 581.339 581.339 581.339 581.339 581.339 581.339 581.339 581.339 581.339 581.339 581.339 581.339 581.339 581.339 581.339 581.339 581.339 581.339 581.339 581.339 581.339 581.339 581.339 581.339 
1 1 1 1 1 1 1 1 1 1 1 1 1 1 1 1 1 1 1 1 1 1 1 1 1 1 1 1 1 1 1 1 1 1 1 1 1 1 1 1 1 1 1 1 1 1 1 1 
