6 5 
-6.27744e+66 65.6265 121.144 252.232 548.224 871.878 1265.56 
-6.27744e+66 -6.27744e+66 65.6265 131.17 328.499 571.239 886.183 
-6.27744e+66 -6.27744e+66 -6.27744e+66 65.6265 164.291 326.118 562.325 
-6.27744e+66 -6.27744e+66 -6.27744e+66 -6.27744e+66 65.6265 146.54 304.012 
-6.27744e+66 -6.27744e+66 -6.27744e+66 -6.27744e+66 -6.27744e+66 65.6265 144.362 
-6.27744e+66 -6.27744e+66 -6.27744e+66 -6.27744e+66 -6.27744e+66 -6.27744e+66 65.6265 
-6.27744e+66 -6.27744e+66 -6.27744e+66 -6.27744e+66 -6.27744e+66 -6.27744e+66 -6.27744e+66 
-6.27744e+66 78.723 158.874 269.562 482.143 757.384 1275.94 
-6.27744e+66 -6.27744e+66 78.723 134.067 275.788 482.218 897.062 
-6.27744e+66 -6.27744e+66 -6.27744e+66 78.723 149.584 287.204 598.336 
-6.27744e+66 -6.27744e+66 -6.27744e+66 -6.27744e+66 78.723 147.533 354.955 
-6.27744e+66 -6.27744e+66 -6.27744e+66 -6.27744e+66 -6.27744e+66 78.723 182.434 
-6.27744e+66 -6.27744e+66 -6.27744e+66 -6.27744e+66 -6.27744e+66 -6.27744e+66 78.723 
-6.27744e+66 -6.27744e+66 -6.27744e+66 -6.27744e+66 -6.27744e+66 -6.27744e+66 -6.27744e+66 
-6.27744e+66 71.5647 172.201 351.314 658.408 992.064 1408.76 
-6.27744e+66 -6.27744e+66 71.5647 161.121 365.851 616.093 949.452 
-6.27744e+66 -6.27744e+66 -6.27744e+66 71.5647 173.93 340.758 590.777 
-6.27744e+66 -6.27744e+66 -6.27744e+66 -6.27744e+66 71.5647 154.979 321.658 
-6.27744e+66 -6.27744e+66 -6.27744e+66 -6.27744e+66 -6.27744e+66 71.5647 154.905 
-6.27744e+66 -6.27744e+66 -6.27744e+66 -6.27744e+66 -6.27744e+66 -6.27744e+66 71.5647 
-6.27744e+66 -6.27744e+66 -6.27744e+66 -6.27744e+66 -6.27744e+66 -6.27744e+66 -6.27744e+66 
-6.27744e+66 90.6844 179.048 266.501 717.32 951.952 1274.15 
-6.27744e+66 -6.27744e+66 90.6844 134.411 434.957 610.931 868.687 
-6.27744e+66 -6.27744e+66 -6.27744e+66 90.6844 240.957 358.273 551.591 
-6.27744e+66 -6.27744e+66 -6.27744e+66 -6.27744e+66 90.6844 149.342 278.221 
-6.27744e+66 -6.27744e+66 -6.27744e+66 -6.27744e+66 -6.27744e+66 90.6844 155.123 
-6.27744e+66 -6.27744e+66 -6.27744e+66 -6.27744e+66 -6.27744e+66 -6.27744e+66 90.6844 
-6.27744e+66 -6.27744e+66 -6.27744e+66 -6.27744e+66 -6.27744e+66 -6.27744e+66 -6.27744e+66 
-6.27744e+66 22.0944 131.345 193.729 635.515 743.642 1253.95 
-6.27744e+66 -6.27744e+66 22.0944 53.2866 347.81 428.906 837.153 
-6.27744e+66 -6.27744e+66 -6.27744e+66 22.0944 169.356 223.42 529.605 
-6.27744e+66 -6.27744e+66 -6.27744e+66 -6.27744e+66 22.0944 49.1263 253.25 
-6.27744e+66 -6.27744e+66 -6.27744e+66 -6.27744e+66 -6.27744e+66 22.0944 124.156 
-6.27744e+66 -6.27744e+66 -6.27744e+66 -6.27744e+66 -6.27744e+66 -6.27744e+66 22.0944 
-6.27744e+66 -6.27744e+66 -6.27744e+66 -6.27744e+66 -6.27744e+66 -6.27744e+66 -6.27744e+66 
