6 40 
-29.0914 -29.0914 -29.0914 -29.0914 -29.0914 -29.0914 
item 0
46.7326 115.065 48.2909 98.7997 59.9455 69.6136 
55.9023 55.9023 55.9023 55.9023 55.9023 55.9023 
1 1 1 1 1 1 
item 1
33.4531 104.583 28.6536 87.0726 38.5359 80.4083 
19.678 19.678 19.678 19.678 19.678 19.678 
1 1 1 1 1 1 
item 2
68.6358 126.908 93.3898 93.3679 35.9745 105.884 
38.79 38.79 38.79 38.79 38.79 38.79 
1 1 1 1 1 1 
item 3
20.8773 108.827 86.1643 89.9285 58.2563 101.946 
61.1203 61.1203 61.1203 61.1203 61.1203 61.1203 
1 1 1 1 1 1 
item 4
17.0971 73.6867 23.886 81.0259 46.935 140.941 
51.812 51.812 51.812 51.812 51.812 51.812 
1 1 1 1 1 1 
item 5
40.3126 96.8313 32.0909 130.304 45.3056 128.902 
63.3952 63.3952 63.3952 63.3952 63.3952 63.3952 
1 1 1 1 1 1 
item 6
42.5392 101.079 29.6054 118.807 48.8873 118.273 
74.609 74.609 74.609 74.609 74.609 74.609 
1 1 1 1 1 1 
item 7
30.6446 71.1549 89.0844 79.0286 78.4189 55.9114 
43.6373 43.6373 43.6373 43.6373 43.6373 43.6373 
1 1 1 1 1 1 
item 8
39.9823 104.391 22.9375 119.842 40.0782 124.205 
85.0574 85.0574 85.0574 85.0574 85.0574 85.0574 
1 1 1 1 1 1 
item 9
86.4325 82.9539 77.7913 117.419 13.6157 98.9996 
46.2072 46.2072 46.2072 46.2072 46.2072 46.2072 
1 1 1 1 1 1 
item 10
39.8726 78.7171 41.2138 130.94 56.2923 133.294 
44.2609 44.2609 44.2609 44.2609 44.2609 44.2609 
1 1 1 1 1 1 
item 11
45.2969 75.5671 77.2072 111.087 89.476 121.236 
62.6182 62.6182 62.6182 62.6182 62.6182 62.6182 
1 1 1 1 1 1 
item 12
57.8399 98.5701 39.5311 103.185 76.7635 99.8342 
63.0509 63.0509 63.0509 63.0509 63.0509 63.0509 
1 1 1 1 1 1 
item 13
39.535 82.042 68.6286 106.182 67.4412 94.8151 
21.8119 21.8119 21.8119 21.8119 21.8119 21.8119 
1 1 1 1 1 1 
item 14
41.475 67.8039 23.4682 67.4516 28.2646 83.5209 
110.006 110.006 110.006 110.006 110.006 110.006 
1 1 1 1 1 1 
item 15
81.6109 106.106 22.3383 100.94 36.9033 63.434 
54.4471 54.4471 54.4471 54.4471 54.4471 54.4471 
1 1 1 1 1 1 
item 16
87.0782 106.474 34.1751 87.2833 43.3488 97.8036 
50.8108 50.8108 50.8108 50.8108 50.8108 50.8108 
1 1 1 1 1 1 
item 17
43.434 94.4097 50.9017 136.765 10.0341 102.881 
113.046 113.046 113.046 113.046 113.046 113.046 
1 1 1 1 1 1 
item 18
35.1177 87.6294 31.718 82.3698 31.0998 100.95 
89.9171 89.9171 89.9171 89.9171 89.9171 89.9171 
1 1 1 1 1 1 
item 19
23.1176 84.9912 47.881 125.609 41.3378 67.0964 
68.449 68.449 68.449 68.449 68.449 68.449 
1 1 1 1 1 1 
item 20
25.0964 56.4194 42.3902 111.072 27.9197 110.845 
54.3437 54.3437 54.3437 54.3437 54.3437 54.3437 
1 1 1 1 1 1 
item 21
61.5541 61.6457 23.6759 111.267 60.1475 69.7301 
98.3024 98.3024 98.3024 98.3024 98.3024 98.3024 
1 1 1 1 1 1 
item 22
67.4069 86.2048 55.9601 81.3228 65.857 128.619 
69.4288 69.4288 69.4288 69.4288 69.4288 69.4288 
1 1 1 1 1 1 
item 23
64.4346 115.449 68.7906 109.391 36.3223 97.8473 
52.208 52.208 52.208 52.208 52.208 52.208 
1 1 1 1 1 1 
item 24
60.9072 109.114 68.5621 101.951 33.6008 64.0964 
28.7438 28.7438 28.7438 28.7438 28.7438 28.7438 
1 1 1 1 1 1 
item 25
86.5266 86.5973 44.7893 117.962 24.7454 71.5526 
26.2605 26.2605 26.2605 26.2605 26.2605 26.2605 
1 1 1 1 1 1 
item 26
21.6637 109.036 69.9272 121.596 50.3814 90.406 
52.1794 52.1794 52.1794 52.1794 52.1794 52.1794 
1 1 1 1 1 1 
item 27
58.9098 118.539 41.0647 78.3541 45.2641 90.477 
29.9099 29.9099 29.9099 29.9099 29.9099 29.9099 
1 1 1 1 1 1 
item 28
14.5896 90.4103 53.3076 101.651 47.1103 115.121 
66.8383 66.8383 66.8383 66.8383 66.8383 66.8383 
1 1 1 1 1 1 
item 29
65.7821 93.6957 43.0918 97.6033 35.3895 117.511 
80.0701 80.0701 80.0701 80.0701 80.0701 80.0701 
1 1 1 1 1 1 
item 30
61.7051 105.967 38.4835 91.3546 76.8595 51.797 
47.1824 47.1824 47.1824 47.1824 47.1824 47.1824 
1 1 1 1 1 1 
item 31
61.472 89.0516 56.7666 89.669 56.8956 75.5411 
56.3789 56.3789 56.3789 56.3789 56.3789 56.3789 
1 1 1 1 1 1 
item 32
79.3249 76.8215 50.4713 121.017 47.6025 115.248 
66.47 66.47 66.47 66.47 66.47 66.47 
1 1 1 1 1 1 
item 33
38.5548 85.7702 59.5194 113.719 75.5096 115.092 
68.0319 68.0319 68.0319 68.0319 68.0319 68.0319 
1 1 1 1 1 1 
item 34
81.9562 107.184 96.0181 101.867 29.9417 102.606 
66.8852 66.8852 66.8852 66.8852 66.8852 66.8852 
1 1 1 1 1 1 
item 35
75.3576 104.84 38.2349 95.3666 47.6341 105.981 
58.2571 58.2571 58.2571 58.2571 58.2571 58.2571 
1 1 1 1 1 1 
item 36
27.2348 89.2441 14.3224 109.636 47.5276 112.637 
75.8055 75.8055 75.8055 75.8055 75.8055 75.8055 
1 1 1 1 1 1 
item 37
28.5721 80.818 21.3764 131.73 44.6908 112.21 
48.9565 48.9565 48.9565 48.9565 48.9565 48.9565 
1 1 1 1 1 1 
item 38
44.8415 98.927 25.0837 105.413 65.5614 100.708 
17.5723 17.5723 17.5723 17.5723 17.5723 17.5723 
1 1 1 1 1 1 
item 39
49.5112 81.5079 55.9436 99.8885 79.4943 102.75 
68.9535 68.9535 68.9535 68.9535 68.9535 68.9535 
1 1 1 1 1 1 
