36 40 
23411 23411 23411 23411 23411 23411 23411 23411 23411 23411 23411 23411 23411 23411 23411 23411 23411 23411 23411 23411 23411 23411 23411 23411 23411 23411 23411 23411 23411 23411 23411 23411 23411 23411 23411 23411 
item 0
37.46 86.2545 12.7957 96.3304 17.6361 95.177 60.5709 84.0527 2.71004 89.5778 30.8429 85.4879 35.8706 106.475 39.3334 96.2679 71.9536 90.3659 59.1456 71.9451 58.5767 135.72 67.4105 74.9871 43.0912 123.118 41.3771 86.7316 20.552 102.399 56.9162 84.3502 31.6797 121.88 31.1911 100.398 
429.323 429.323 429.323 429.323 429.323 429.323 429.323 429.323 429.323 429.323 429.323 429.323 429.323 429.323 429.323 429.323 429.323 429.323 429.323 429.323 429.323 429.323 429.323 429.323 429.323 429.323 429.323 429.323 429.323 429.323 429.323 429.323 429.323 429.323 429.323 429.323 
1 1 1 1 1 1 1 1 1 1 1 1 1 1 1 1 1 1 1 1 1 1 1 1 1 1 1 1 1 1 1 1 1 1 1 1 
item 1
42.5082 115.045 61.3585 123.996 80.7776 112.604 44.0645 122.612 46.6829 101.044 51.915 69.4532 46.4509 101.531 62.206 104.711 49.9086 125.298 67.5604 64.5464 22.6024 85.9897 22.8933 123.609 35.7131 80.0305 69.3527 98.5418 47.0944 125.49 62.4521 108.697 44.5548 110.466 85.3062 108.766 
430.734 430.734 430.734 430.734 430.734 430.734 430.734 430.734 430.734 430.734 430.734 430.734 430.734 430.734 430.734 430.734 430.734 430.734 430.734 430.734 430.734 430.734 430.734 430.734 430.734 430.734 430.734 430.734 430.734 430.734 430.734 430.734 430.734 430.734 430.734 430.734 
1 1 1 1 1 1 1 1 1 1 1 1 1 1 1 1 1 1 1 1 1 1 1 1 1 1 1 1 1 1 1 1 1 1 1 1 
item 2
51.3396 74.7471 80.4228 78.2298 57.401 98.7716 41.0222 153.424 54.7182 98.6195 44.5605 86.681 51.8269 92.3417 80.7351 56.3919 31.4282 90.3959 50.9086 121.158 45.9524 127.617 26.3323 77.4524 31.8573 99.8606 68.5887 126.128 49.2733 98.9248 30.7378 119.555 51.3007 63.4645 59.7764 67.2729 
244.404 244.404 244.404 244.404 244.404 244.404 244.404 244.404 244.404 244.404 244.404 244.404 244.404 244.404 244.404 244.404 244.404 244.404 244.404 244.404 244.404 244.404 244.404 244.404 244.404 244.404 244.404 244.404 244.404 244.404 244.404 244.404 244.404 244.404 244.404 244.404 
1 1 1 1 1 1 1 1 1 1 1 1 1 1 1 1 1 1 1 1 1 1 1 1 1 1 1 1 1 1 1 1 1 1 1 1 
item 3
23.563 101.39 96.8265 72.7479 32.2092 116.81 87.1047 93.8778 63.8798 102.827 80.6999 92.5227 52.4031 79.2676 54.539 101.942 45.4577 77.1094 47.9454 98.8312 39.2882 118.595 53.9488 152.15 46.4479 86.424 18.4296 118.506 50.924 79.0331 28.2853 150.077 50.3972 116.052 84.4387 83.4686 
175.585 175.585 175.585 175.585 175.585 175.585 175.585 175.585 175.585 175.585 175.585 175.585 175.585 175.585 175.585 175.585 175.585 175.585 175.585 175.585 175.585 175.585 175.585 175.585 175.585 175.585 175.585 175.585 175.585 175.585 175.585 175.585 175.585 175.585 175.585 175.585 
1 1 1 1 1 1 1 1 1 1 1 1 1 1 1 1 1 1 1 1 1 1 1 1 1 1 1 1 1 1 1 1 1 1 1 1 
item 4
85.1712 97.2334 28.627 83.5173 55.5612 84.4098 53.2683 90.4462 63.7794 58.1587 22.6673 111.941 39.9435 99.3374 68.7517 86.1772 38.4232 98.643 48.3415 141.049 31.1357 100.7 33.7 105.962 58.4984 86.5779 57.795 109.204 42.856 89.378 58.2971 100.62 40.8229 131.243 15.8416 93.9695 
157.56 157.56 157.56 157.56 157.56 157.56 157.56 157.56 157.56 157.56 157.56 157.56 157.56 157.56 157.56 157.56 157.56 157.56 157.56 157.56 157.56 157.56 157.56 157.56 157.56 157.56 157.56 157.56 157.56 157.56 157.56 157.56 157.56 157.56 157.56 157.56 
1 1 1 1 1 1 1 1 1 1 1 1 1 1 1 1 1 1 1 1 1 1 1 1 1 1 1 1 1 1 1 1 1 1 1 1 
item 5
100.414 76.9016 48.6453 87.3497 48.1228 130.764 38.1508 110.009 22.9362 68.2955 69.2371 95.0048 35.1326 104.451 0 101.768 5.23815 118.803 52.0602 109.375 88.846 107.559 54.0124 93.2166 54.5552 119.521 27.504 101.327 28.6688 59.2655 64.2705 88.268 59.9055 106.535 38.7796 88.2177 
192.46 192.46 192.46 192.46 192.46 192.46 192.46 192.46 192.46 192.46 192.46 192.46 192.46 192.46 192.46 192.46 192.46 192.46 192.46 192.46 192.46 192.46 192.46 192.46 192.46 192.46 192.46 192.46 192.46 192.46 192.46 192.46 192.46 192.46 192.46 192.46 
1 1 1 1 1 1 1 1 1 1 1 1 1 1 1 1 1 1 1 1 1 1 1 1 1 1 1 1 1 1 1 1 1 1 1 1 
item 6
53.1109 124.17 62.1763 81.6559 49.2437 98.4835 47.3769 97.7492 36.8278 89.2784 62.6686 110.925 38.6509 84.511 53.4551 100.448 61.5678 110.736 29.6283 99.1128 32.2835 108.542 39.3939 147.06 57.6281 75.0215 39.7677 81.0458 48.2193 83.1636 26.8165 90.9905 60.1692 128.209 72.0572 62.4533 
164.683 164.683 164.683 164.683 164.683 164.683 164.683 164.683 164.683 164.683 164.683 164.683 164.683 164.683 164.683 164.683 164.683 164.683 164.683 164.683 164.683 164.683 164.683 164.683 164.683 164.683 164.683 164.683 164.683 164.683 164.683 164.683 164.683 164.683 164.683 164.683 
1 1 1 1 1 1 1 1 1 1 1 1 1 1 1 1 1 1 1 1 1 1 1 1 1 1 1 1 1 1 1 1 1 1 1 1 
item 7
37.6531 70.2376 77.936 146.977 48.5286 87.2497 61.1455 96.3032 65.4254 121.774 47.2659 120.889 61.5324 84.736 52.002 83.0952 28.0845 100.455 45.9366 98.6195 45.6916 109.692 88.2288 112.3 60.2416 72.8119 55.0233 110.648 23.8551 107.319 46.9216 106.902 52.9656 118.012 60.0849 119.598 
1127.28 1127.28 1127.28 1127.28 1127.28 1127.28 1127.28 1127.28 1127.28 1127.28 1127.28 1127.28 1127.28 1127.28 1127.28 1127.28 1127.28 1127.28 1127.28 1127.28 1127.28 1127.28 1127.28 1127.28 1127.28 1127.28 1127.28 1127.28 1127.28 1127.28 1127.28 1127.28 1127.28 1127.28 1127.28 1127.28 
1 1 1 1 1 1 1 1 1 1 1 1 1 1 1 1 1 1 1 1 1 1 1 1 1 1 1 1 1 1 1 1 1 1 1 1 
item 8
20.6368 90.2967 47.2166 121.949 67.3415 104.174 55.2252 68.0082 58.2516 106.091 38.8574 99.6418 57.1486 96.4386 25.6608 106.28 43.2086 96.4662 41.4965 77.3608 82.5885 74.796 43.2367 91.9238 45.3352 102.914 55.2079 125.571 39.8628 147.497 52.7338 139.656 35.9996 71.2184 50.9643 100.352 
497.44 497.44 497.44 497.44 497.44 497.44 497.44 497.44 497.44 497.44 497.44 497.44 497.44 497.44 497.44 497.44 497.44 497.44 497.44 497.44 497.44 497.44 497.44 497.44 497.44 497.44 497.44 497.44 497.44 497.44 497.44 497.44 497.44 497.44 497.44 497.44 
1 1 1 1 1 1 1 1 1 1 1 1 1 1 1 1 1 1 1 1 1 1 1 1 1 1 1 1 1 1 1 1 1 1 1 1 
item 9
55.2416 111.336 43.7307 107.624 54.9552 79.8777 43.8158 76.7087 49.982 131.644 53.9307 122.255 59.2525 86.3616 57.3206 90.4345 55.2978 98.3325 67.9778 88.8736 61.5723 130.987 81.2182 100.486 57.3726 78.0465 34.0407 77.1682 39.2621 100.529 10.9383 114.514 63.975 96.9795 44.9023 135.597 
971.526 971.526 971.526 971.526 971.526 971.526 971.526 971.526 971.526 971.526 971.526 971.526 971.526 971.526 971.526 971.526 971.526 971.526 971.526 971.526 971.526 971.526 971.526 971.526 971.526 971.526 971.526 971.526 971.526 971.526 971.526 971.526 971.526 971.526 971.526 971.526 
1 1 1 1 1 1 1 1 1 1 1 1 1 1 1 1 1 1 1 1 1 1 1 1 1 1 1 1 1 1 1 1 1 1 1 1 
item 10
16.74 117.971 50.3303 103.617 57.2944 81.7115 67.5604 90.8892 29.8115 140.796 54.9004 95.1649 57.8795 82.7045 79.0226 108.386 40.5685 111.559 51.1107 143.329 62.5409 73.5688 29.7805 69.2344 83.3937 91.1211 37.6885 107.395 98.9955 112.376 28.6367 106.051 46.3786 101.534 99.9828 105.691 
1356.52 1356.52 1356.52 1356.52 1356.52 1356.52 1356.52 1356.52 1356.52 1356.52 1356.52 1356.52 1356.52 1356.52 1356.52 1356.52 1356.52 1356.52 1356.52 1356.52 1356.52 1356.52 1356.52 1356.52 1356.52 1356.52 1356.52 1356.52 1356.52 1356.52 1356.52 1356.52 1356.52 1356.52 1356.52 1356.52 
1 1 1 1 1 1 1 1 1 1 1 1 1 1 1 1 1 1 1 1 1 1 1 1 1 1 1 1 1 1 1 1 1 1 1 1 
item 11
22.6284 146.024 35.815 87.5444 64.8132 131.856 72.8108 112.909 30.0581 82.6702 48.5559 121.262 39.8819 98.3446 39.2064 118.161 19.6582 105.403 40.8363 136.667 56.9192 103.267 38.8614 85.8282 45.5032 130.131 83.4035 93.2403 70.2298 149.101 54.6131 102.294 51.7394 113.063 26.8965 91.4943 
850.471 850.471 850.471 850.471 850.471 850.471 850.471 850.471 850.471 850.471 850.471 850.471 850.471 850.471 850.471 850.471 850.471 850.471 850.471 850.471 850.471 850.471 850.471 850.471 850.471 850.471 850.471 850.471 850.471 850.471 850.471 850.471 850.471 850.471 850.471 850.471 
1 1 1 1 1 1 1 1 1 1 1 1 1 1 1 1 1 1 1 1 1 1 1 1 1 1 1 1 1 1 1 1 1 1 1 1 
item 12
2.19996 91.6188 74.4183 95.8434 54.9347 135.292 46.8923 102.562 55.0176 118.484 38.9817 90.5301 83.6796 119.911 64.0685 110.238 3.99122 86.7659 55.3499 116.509 28.8772 119.661 33.8341 89.7501 6.61505 103.782 50.8076 86.6633 58.33 120.453 71.6816 104.353 16.193 116.918 57.995 123.485 
750.427 750.427 750.427 750.427 750.427 750.427 750.427 750.427 750.427 750.427 750.427 750.427 750.427 750.427 750.427 750.427 750.427 750.427 750.427 750.427 750.427 750.427 750.427 750.427 750.427 750.427 750.427 750.427 750.427 750.427 750.427 750.427 750.427 750.427 750.427 750.427 
1 1 1 1 1 1 1 1 1 1 1 1 1 1 1 1 1 1 1 1 1 1 1 1 1 1 1 1 1 1 1 1 1 1 1 1 
item 13
54.9129 73.7793 67.2871 90.7124 50.71 112.749 33.4801 78.1417 45.6106 94.8022 74.3748 51.8634 74.343 102.519 77.2012 117.962 66.1714 116.194 30.7842 115.542 61.2041 123.083 35.9023 104.778 11.3404 100.11 24.8558 86.4942 59.295 80.5958 58.2349 75.8392 52.4068 80.8713 32.8334 102.284 
263.651 263.651 263.651 263.651 263.651 263.651 263.651 263.651 263.651 263.651 263.651 263.651 263.651 263.651 263.651 263.651 263.651 263.651 263.651 263.651 263.651 263.651 263.651 263.651 263.651 263.651 263.651 263.651 263.651 263.651 263.651 263.651 263.651 263.651 263.651 263.651 
1 1 1 1 1 1 1 1 1 1 1 1 1 1 1 1 1 1 1 1 1 1 1 1 1 1 1 1 1 1 1 1 1 1 1 1 
item 14
36.1485 104.19 22.2345 109.43 71.7321 83.2258 44.6916 96.2323 79.468 75.461 53.1919 113.637 105.84 114.019 40.4748 89.4723 86.1096 152.177 86.0594 80.0071 103.912 75.8683 69.8116 68.0439 70.7764 93.8749 70.4509 96.1391 62.6341 104.205 37.849 65.9214 52.4518 99.2144 57.5231 100.714 
927.144 927.144 927.144 927.144 927.144 927.144 927.144 927.144 927.144 927.144 927.144 927.144 927.144 927.144 927.144 927.144 927.144 927.144 927.144 927.144 927.144 927.144 927.144 927.144 927.144 927.144 927.144 927.144 927.144 927.144 927.144 927.144 927.144 927.144 927.144 927.144 
1 1 1 1 1 1 1 1 1 1 1 1 1 1 1 1 1 1 1 1 1 1 1 1 1 1 1 1 1 1 1 1 1 1 1 1 
item 15
97.3358 114.805 76.6875 65.5419 24.2416 85.2238 50.809 152.639 9.8117 73.1381 35.6624 58.6917 88.0829 108.04 20.0717 110.288 40.2073 113.58 49.0609 88.7303 24.8482 112.153 99.8284 136.868 54.0419 134.329 53.4818 124.401 59.8889 117.308 64.6498 76.0312 33.1966 117.742 52.2587 81.3621 
1147.78 1147.78 1147.78 1147.78 1147.78 1147.78 1147.78 1147.78 1147.78 1147.78 1147.78 1147.78 1147.78 1147.78 1147.78 1147.78 1147.78 1147.78 1147.78 1147.78 1147.78 1147.78 1147.78 1147.78 1147.78 1147.78 1147.78 1147.78 1147.78 1147.78 1147.78 1147.78 1147.78 1147.78 1147.78 1147.78 
1 1 1 1 1 1 1 1 1 1 1 1 1 1 1 1 1 1 1 1 1 1 1 1 1 1 1 1 1 1 1 1 1 1 1 1 
item 16
12.7857 90.487 29.9403 120.768 46.9767 74.1861 41.4022 89.271 58.4009 74.1068 14.7912 86.8911 38.6719 87.6581 63.8642 77.3442 36.5027 122.295 22.1334 95.6912 36.5574 93.9061 20.6238 119.509 57.8367 96.9938 24.4695 121.363 85.7803 91.5326 30.187 132.675 35.1477 102.416 51.023 106.717 
1163.97 1163.97 1163.97 1163.97 1163.97 1163.97 1163.97 1163.97 1163.97 1163.97 1163.97 1163.97 1163.97 1163.97 1163.97 1163.97 1163.97 1163.97 1163.97 1163.97 1163.97 1163.97 1163.97 1163.97 1163.97 1163.97 1163.97 1163.97 1163.97 1163.97 1163.97 1163.97 1163.97 1163.97 1163.97 1163.97 
1 1 1 1 1 1 1 1 1 1 1 1 1 1 1 1 1 1 1 1 1 1 1 1 1 1 1 1 1 1 1 1 1 1 1 1 
item 17
25.8232 54.0827 44.568 118.528 39.5313 106.035 24.6061 77.7732 71.618 131.608 38.3832 107.771 53.3917 101.371 44.4337 78.7542 31.8438 70.3094 47.5092 100.139 66.0241 90.9429 73.5372 145.873 25.9548 62.6218 63.697 120.295 31.095 138.753 14.085 86.9524 31.2775 108.097 37.4057 69.0031 
420.962 420.962 420.962 420.962 420.962 420.962 420.962 420.962 420.962 420.962 420.962 420.962 420.962 420.962 420.962 420.962 420.962 420.962 420.962 420.962 420.962 420.962 420.962 420.962 420.962 420.962 420.962 420.962 420.962 420.962 420.962 420.962 420.962 420.962 420.962 420.962 
1 1 1 1 1 1 1 1 1 1 1 1 1 1 1 1 1 1 1 1 1 1 1 1 1 1 1 1 1 1 1 1 1 1 1 1 
item 18
56.7372 140.949 59.4471 88.8201 47.5069 111.373 72.66 131.559 36.7681 111.01 1.44608 118.766 38.1732 67.936 79.9324 111.408 64.4523 118.261 64.3686 72.1784 64.8959 106.564 61.6248 102.514 49.7259 124.982 38.4451 134.404 46.62 60.6337 17.6081 116.475 39.7617 91.6942 56.1066 103.446 
592.554 592.554 592.554 592.554 592.554 592.554 592.554 592.554 592.554 592.554 592.554 592.554 592.554 592.554 592.554 592.554 592.554 592.554 592.554 592.554 592.554 592.554 592.554 592.554 592.554 592.554 592.554 592.554 592.554 592.554 592.554 592.554 592.554 592.554 592.554 592.554 
1 1 1 1 1 1 1 1 1 1 1 1 1 1 1 1 1 1 1 1 1 1 1 1 1 1 1 1 1 1 1 1 1 1 1 1 
item 19
77.1779 115.157 26.7167 108.224 14.4204 88.1853 48.9141 108.713 8.95616 76.7202 45.1721 126.254 37.0819 91.2452 30.8438 68.9644 70.5429 94.5483 15.3236 75.8341 70.4083 123.37 9.59696 93.4302 55.5214 58.8597 57.7424 101.923 59.6293 119.425 47.7823 80.8819 53.2596 125.849 40.7787 94.1548 
259.532 259.532 259.532 259.532 259.532 259.532 259.532 259.532 259.532 259.532 259.532 259.532 259.532 259.532 259.532 259.532 259.532 259.532 259.532 259.532 259.532 259.532 259.532 259.532 259.532 259.532 259.532 259.532 259.532 259.532 259.532 259.532 259.532 259.532 259.532 259.532 
1 1 1 1 1 1 1 1 1 1 1 1 1 1 1 1 1 1 1 1 1 1 1 1 1 1 1 1 1 1 1 1 1 1 1 1 
item 20
60.0919 84.1758 18.833 108.949 17.4376 88.3046 94.4252 95.3075 34.2745 120.391 24.0801 84.6744 27.246 113.077 21.9576 105.379 99.2656 78.6016 56.5372 115.593 26.7763 102.524 55.987 90.3221 37.7686 86.3747 46.6463 106.104 51.5306 72.8093 68.449 126.228 46.8627 132.865 49.8095 97.8776 
517.647 517.647 517.647 517.647 517.647 517.647 517.647 517.647 517.647 517.647 517.647 517.647 517.647 517.647 517.647 517.647 517.647 517.647 517.647 517.647 517.647 517.647 517.647 517.647 517.647 517.647 517.647 517.647 517.647 517.647 517.647 517.647 517.647 517.647 517.647 517.647 
1 1 1 1 1 1 1 1 1 1 1 1 1 1 1 1 1 1 1 1 1 1 1 1 1 1 1 1 1 1 1 1 1 1 1 1 
item 21
28.5757 110.594 20.6345 95.6058 72.548 80.0133 64.3065 119.828 34.9037 72.5941 23.7408 69.4854 34.3008 77.0196 27.7675 125.978 72.8174 84.79 56.2672 92.6547 58.2624 87.2021 64.2822 85.5493 69.8854 136.226 87.5776 120.723 66.782 101.502 56.7623 115.961 51.2375 53.9702 56.8839 114.085 
323.198 323.198 323.198 323.198 323.198 323.198 323.198 323.198 323.198 323.198 323.198 323.198 323.198 323.198 323.198 323.198 323.198 323.198 323.198 323.198 323.198 323.198 323.198 323.198 323.198 323.198 323.198 323.198 323.198 323.198 323.198 323.198 323.198 323.198 323.198 323.198 
1 1 1 1 1 1 1 1 1 1 1 1 1 1 1 1 1 1 1 1 1 1 1 1 1 1 1 1 1 1 1 1 1 1 1 1 
item 22
46.4267 144.207 59.3472 61.4037 17.4944 103.679 43.2565 60.3021 37.1762 61.0108 53.6711 73.805 44.2252 70.6317 95.0344 98.3338 44.3169 77.9486 35.6889 132.302 29.7641 130.051 29.739 28.2053 51.0793 138.611 40.0515 84.0402 31.3324 114.148 73.054 127.331 53.6415 84.7025 18.6289 93.4257 
256.301 256.301 256.301 256.301 256.301 256.301 256.301 256.301 256.301 256.301 256.301 256.301 256.301 256.301 256.301 256.301 256.301 256.301 256.301 256.301 256.301 256.301 256.301 256.301 256.301 256.301 256.301 256.301 256.301 256.301 256.301 256.301 256.301 256.301 256.301 256.301 
1 1 1 1 1 1 1 1 1 1 1 1 1 1 1 1 1 1 1 1 1 1 1 1 1 1 1 1 1 1 1 1 1 1 1 1 
item 23
50.3557 61.697 67.1006 70.5078 2.67718 104.799 50.5838 112.138 49.7649 97.1934 37.5902 71.1943 33.4849 87.8897 44.93 102.803 67.7062 66.0918 50.2115 125.418 41.1396 100.361 64.8828 94.4861 52.2115 123.618 57.6252 87.1633 3.18016 117.393 0 97.468 63.4876 98.3591 8.06429 95.5768 
445.467 445.467 445.467 445.467 445.467 445.467 445.467 445.467 445.467 445.467 445.467 445.467 445.467 445.467 445.467 445.467 445.467 445.467 445.467 445.467 445.467 445.467 445.467 445.467 445.467 445.467 445.467 445.467 445.467 445.467 445.467 445.467 445.467 445.467 445.467 445.467 
1 1 1 1 1 1 1 1 1 1 1 1 1 1 1 1 1 1 1 1 1 1 1 1 1 1 1 1 1 1 1 1 1 1 1 1 
item 24
21.5983 72.6215 49.3939 88.5842 55.0061 106.723 39.3031 69.9232 32.6379 101.987 49.6359 99.0603 62.3142 89.2715 53.468 72.8565 59.8471 70.8463 71.6959 119.642 58.5943 133.781 65.4538 92.6558 45.7689 102.752 52.9116 125.842 58.0556 99.3102 73.1089 53.0421 64.0258 72.2308 36.1553 92.7067 
1294.96 1294.96 1294.96 1294.96 1294.96 1294.96 1294.96 1294.96 1294.96 1294.96 1294.96 1294.96 1294.96 1294.96 1294.96 1294.96 1294.96 1294.96 1294.96 1294.96 1294.96 1294.96 1294.96 1294.96 1294.96 1294.96 1294.96 1294.96 1294.96 1294.96 1294.96 1294.96 1294.96 1294.96 1294.96 1294.96 
1 1 1 1 1 1 1 1 1 1 1 1 1 1 1 1 1 1 1 1 1 1 1 1 1 1 1 1 1 1 1 1 1 1 1 1 
item 25
18.3129 104.953 69.8559 96.9398 68.665 80.6709 61.8155 115.661 82.8846 61.1646 12.2352 112.844 51.8068 113.707 65.8211 115.451 75.8361 92.1315 94.4059 127.302 32.3352 92.0829 47.4181 89.9024 29.2641 53.4619 80.0449 49.1512 53.6083 122.568 70.6653 87.0548 54.5735 132.835 63.0771 134.44 
505.144 505.144 505.144 505.144 505.144 505.144 505.144 505.144 505.144 505.144 505.144 505.144 505.144 505.144 505.144 505.144 505.144 505.144 505.144 505.144 505.144 505.144 505.144 505.144 505.144 505.144 505.144 505.144 505.144 505.144 505.144 505.144 505.144 505.144 505.144 505.144 
1 1 1 1 1 1 1 1 1 1 1 1 1 1 1 1 1 1 1 1 1 1 1 1 1 1 1 1 1 1 1 1 1 1 1 1 
item 26
39.4714 147.034 65.9355 140.632 76.2717 106.909 28.4993 128.07 54.6397 102.39 42.0039 127.265 23.6465 68.7424 82.8585 72.1908 68.3112 107.042 28.3403 109.564 49.0502 116.116 25.0569 74.7907 63.9644 84.3222 73.9535 102.861 39.9184 83.3061 52.1306 92.9856 39.9891 83.4036 62.3394 131.059 
1206.36 1206.36 1206.36 1206.36 1206.36 1206.36 1206.36 1206.36 1206.36 1206.36 1206.36 1206.36 1206.36 1206.36 1206.36 1206.36 1206.36 1206.36 1206.36 1206.36 1206.36 1206.36 1206.36 1206.36 1206.36 1206.36 1206.36 1206.36 1206.36 1206.36 1206.36 1206.36 1206.36 1206.36 1206.36 1206.36 
1 1 1 1 1 1 1 1 1 1 1 1 1 1 1 1 1 1 1 1 1 1 1 1 1 1 1 1 1 1 1 1 1 1 1 1 
item 27
62.0626 132.062 4.61483 99.0161 37.736 85.0778 39.9436 106.462 64.3306 82.3689 76.9379 126.136 57.4579 108.296 41.8703 108.005 42.9838 131.096 35.9021 64.7773 17.4907 110.994 49.7666 90.7426 50.4332 112.388 64.4679 110.163 39.0125 64.6816 26.5571 98.3863 70.4235 132.803 57.999 64.5858 
458.435 458.435 458.435 458.435 458.435 458.435 458.435 458.435 458.435 458.435 458.435 458.435 458.435 458.435 458.435 458.435 458.435 458.435 458.435 458.435 458.435 458.435 458.435 458.435 458.435 458.435 458.435 458.435 458.435 458.435 458.435 458.435 458.435 458.435 458.435 458.435 
1 1 1 1 1 1 1 1 1 1 1 1 1 1 1 1 1 1 1 1 1 1 1 1 1 1 1 1 1 1 1 1 1 1 1 1 
item 28
39.5382 92.9327 14.6055 118.359 51.829 85.2886 81.3249 90.9551 55.5676 62.9208 34.6573 108.782 53.1776 109.515 5.14472 128.663 32.7 97.9864 59.0603 105.555 37.4831 94.7323 52.6201 58.4466 73.8981 95.3643 77.5256 104.674 64.881 106.907 46.1281 111.777 68.1529 92.8661 11.9729 110.944 
401.033 401.033 401.033 401.033 401.033 401.033 401.033 401.033 401.033 401.033 401.033 401.033 401.033 401.033 401.033 401.033 401.033 401.033 401.033 401.033 401.033 401.033 401.033 401.033 401.033 401.033 401.033 401.033 401.033 401.033 401.033 401.033 401.033 401.033 401.033 401.033 
1 1 1 1 1 1 1 1 1 1 1 1 1 1 1 1 1 1 1 1 1 1 1 1 1 1 1 1 1 1 1 1 1 1 1 1 
item 29
7.82478 85.8369 29.6765 59.1022 79.9812 112.536 53.1469 99.2983 27.0758 87.4347 69.7885 123.75 45.2106 104.425 72.867 67.9151 34.6685 94.6795 35.4376 85.0881 29.3211 126.192 90.1224 129.598 11.2982 107.323 59.6899 98.3793 45.3371 90.0289 72.3156 107.977 51.6401 57.0265 67.4691 75.6512 
842.476 842.476 842.476 842.476 842.476 842.476 842.476 842.476 842.476 842.476 842.476 842.476 842.476 842.476 842.476 842.476 842.476 842.476 842.476 842.476 842.476 842.476 842.476 842.476 842.476 842.476 842.476 842.476 842.476 842.476 842.476 842.476 842.476 842.476 842.476 842.476 
1 1 1 1 1 1 1 1 1 1 1 1 1 1 1 1 1 1 1 1 1 1 1 1 1 1 1 1 1 1 1 1 1 1 1 1 
item 30
10.562 101.703 71.893 107.031 77.6273 90.9669 32.6052 134.664 28.9298 80.6391 17.9249 129.001 0 110.09 50.4075 96.0522 33.2353 128.339 57.9163 97.8362 40.3834 105.465 17.6047 94.3388 64.5166 68.9631 65.8489 70.9704 69.0829 110.544 44.2541 124.582 64.8759 106.286 62.717 109.341 
237.434 237.434 237.434 237.434 237.434 237.434 237.434 237.434 237.434 237.434 237.434 237.434 237.434 237.434 237.434 237.434 237.434 237.434 237.434 237.434 237.434 237.434 237.434 237.434 237.434 237.434 237.434 237.434 237.434 237.434 237.434 237.434 237.434 237.434 237.434 237.434 
1 1 1 1 1 1 1 1 1 1 1 1 1 1 1 1 1 1 1 1 1 1 1 1 1 1 1 1 1 1 1 1 1 1 1 1 
item 31
66.7307 68.7679 61.6995 86.6418 30.1241 103.777 35.4761 89.8747 61.736 126.745 121.18 99.5196 50.7844 95.1741 71.6287 78.0033 43.7455 128.44 76.2335 105.442 7.85283 85.4118 35.5557 95.4838 41.4374 103.248 16.4325 107.747 19.0472 87.4273 66.1296 83.1183 50.411 99.1599 62.0888 94.5328 
417.782 417.782 417.782 417.782 417.782 417.782 417.782 417.782 417.782 417.782 417.782 417.782 417.782 417.782 417.782 417.782 417.782 417.782 417.782 417.782 417.782 417.782 417.782 417.782 417.782 417.782 417.782 417.782 417.782 417.782 417.782 417.782 417.782 417.782 417.782 417.782 
1 1 1 1 1 1 1 1 1 1 1 1 1 1 1 1 1 1 1 1 1 1 1 1 1 1 1 1 1 1 1 1 1 1 1 1 
item 32
60.2992 104.161 63.0517 134.432 34.455 136.005 45.8628 48.5782 21.06 113.751 1.3025 85.8366 31.347 112.471 35.5249 132.008 72.2467 89.5096 32.3298 143.954 71.6074 123.53 8.7546 81.2573 67.9178 126.337 74.4676 134.289 27.8071 93.049 54.5576 108.83 61.3376 71.2632 79.8781 76.5268 
285.184 285.184 285.184 285.184 285.184 285.184 285.184 285.184 285.184 285.184 285.184 285.184 285.184 285.184 285.184 285.184 285.184 285.184 285.184 285.184 285.184 285.184 285.184 285.184 285.184 285.184 285.184 285.184 285.184 285.184 285.184 285.184 285.184 285.184 285.184 285.184 
1 1 1 1 1 1 1 1 1 1 1 1 1 1 1 1 1 1 1 1 1 1 1 1 1 1 1 1 1 1 1 1 1 1 1 1 
item 33
21.4169 85.7144 28.8823 99.7183 60.487 108.342 28.9439 98.4932 45.7114 110.55 53.6189 91.9817 36.3302 99.2035 40.6174 113.547 70.747 89.2307 12.8855 109.234 25.6367 86.1398 42.2754 95.8579 61.1347 123.041 50.8906 109.18 14.3004 129.553 59.6037 51.0191 69.1525 64.9371 51.1247 70.863 
782.203 782.203 782.203 782.203 782.203 782.203 782.203 782.203 782.203 782.203 782.203 782.203 782.203 782.203 782.203 782.203 782.203 782.203 782.203 782.203 782.203 782.203 782.203 782.203 782.203 782.203 782.203 782.203 782.203 782.203 782.203 782.203 782.203 782.203 782.203 782.203 
1 1 1 1 1 1 1 1 1 1 1 1 1 1 1 1 1 1 1 1 1 1 1 1 1 1 1 1 1 1 1 1 1 1 1 1 
item 34
67.5804 99.0681 18.5364 101.382 76.6871 93.6022 64.1047 136.734 62.298 89.3069 93.6093 91.3618 87.717 95.1723 45.6138 87.461 31.1057 58.8078 17.2093 60.5109 51.9161 95.5002 40.2664 102.881 76.5798 113.994 40.9884 101.845 58.4643 104.734 8.57454 80.5259 55.8531 83.2682 68.0872 127.791 
704.48 704.48 704.48 704.48 704.48 704.48 704.48 704.48 704.48 704.48 704.48 704.48 704.48 704.48 704.48 704.48 704.48 704.48 704.48 704.48 704.48 704.48 704.48 704.48 704.48 704.48 704.48 704.48 704.48 704.48 704.48 704.48 704.48 704.48 704.48 704.48 
1 1 1 1 1 1 1 1 1 1 1 1 1 1 1 1 1 1 1 1 1 1 1 1 1 1 1 1 1 1 1 1 1 1 1 1 
item 35
68.7143 102.658 34.6538 112.495 43.4552 85.787 63.2006 111.083 55.9468 124.768 37.0254 94.2824 44.7976 126.469 49.1158 112.338 48.0011 85.5074 39.3032 78.6789 63.7302 96.8956 61.8595 93.3803 45.7913 82.6173 48.3029 119.548 14.9598 80.316 33.97 116.948 56.8328 94.3258 48.7303 79.5024 
801.361 801.361 801.361 801.361 801.361 801.361 801.361 801.361 801.361 801.361 801.361 801.361 801.361 801.361 801.361 801.361 801.361 801.361 801.361 801.361 801.361 801.361 801.361 801.361 801.361 801.361 801.361 801.361 801.361 801.361 801.361 801.361 801.361 801.361 801.361 801.361 
1 1 1 1 1 1 1 1 1 1 1 1 1 1 1 1 1 1 1 1 1 1 1 1 1 1 1 1 1 1 1 1 1 1 1 1 
item 36
55.3592 114.226 41.7228 80.8669 93.3064 99.226 66.5979 100.684 38.8511 98.9671 15.6808 102.812 84.4506 69.8581 61.8095 87.8747 56.5195 114.334 0.826423 104.052 47.8528 99.4394 41.4232 83.9399 26.2704 86.7141 54.8978 125.818 54.7751 98.64 63.472 135.242 67.0809 71.7736 84.8529 128.237 
353.867 353.867 353.867 353.867 353.867 353.867 353.867 353.867 353.867 353.867 353.867 353.867 353.867 353.867 353.867 353.867 353.867 353.867 353.867 353.867 353.867 353.867 353.867 353.867 353.867 353.867 353.867 353.867 353.867 353.867 353.867 353.867 353.867 353.867 353.867 353.867 
1 1 1 1 1 1 1 1 1 1 1 1 1 1 1 1 1 1 1 1 1 1 1 1 1 1 1 1 1 1 1 1 1 1 1 1 
item 37
55.5549 91.5632 34.2817 120.217 49.3312 45.1308 50.9749 83.8397 69.5713 111.343 68.4671 121.95 34.5702 95.2055 19.8623 125.629 98.3975 131.274 49.5363 126.466 21.3506 106.489 54.2113 116.434 59.9773 110.485 75.9628 90.1316 19.9511 115.062 37.0709 93.8347 55.4177 105.441 20.8705 103.04 
443.688 443.688 443.688 443.688 443.688 443.688 443.688 443.688 443.688 443.688 443.688 443.688 443.688 443.688 443.688 443.688 443.688 443.688 443.688 443.688 443.688 443.688 443.688 443.688 443.688 443.688 443.688 443.688 443.688 443.688 443.688 443.688 443.688 443.688 443.688 443.688 
1 1 1 1 1 1 1 1 1 1 1 1 1 1 1 1 1 1 1 1 1 1 1 1 1 1 1 1 1 1 1 1 1 1 1 1 
item 38
54.4472 94.0619 0 82.2981 56.7057 89.3722 77.9471 128.509 39.9428 80.7732 50.9576 53.5341 33.6812 139.104 63.2531 103.875 71.2238 95.5051 66.4583 102.756 66.7741 109.717 34.248 104.207 34.3164 62.6974 16.3231 85.7507 26.6119 68.3878 79.7508 117.876 28.2028 98.8616 81.0259 99.0357 
1064.13 1064.13 1064.13 1064.13 1064.13 1064.13 1064.13 1064.13 1064.13 1064.13 1064.13 1064.13 1064.13 1064.13 1064.13 1064.13 1064.13 1064.13 1064.13 1064.13 1064.13 1064.13 1064.13 1064.13 1064.13 1064.13 1064.13 1064.13 1064.13 1064.13 1064.13 1064.13 1064.13 1064.13 1064.13 1064.13 
1 1 1 1 1 1 1 1 1 1 1 1 1 1 1 1 1 1 1 1 1 1 1 1 1 1 1 1 1 1 1 1 1 1 1 1 
item 39
45.0185 119.285 34.8146 80.3258 48.4218 86.4394 25.4461 54.0652 39.3859 107.949 32.1703 72.2279 37.7511 105.884 48.2558 109.004 68.5096 123.088 102.635 114.705 79.0461 116.654 32.1526 77.8045 76.2865 82.6905 50.9551 97.2643 70.1422 83.6146 46.5921 80.6616 7.5376 102.879 17.6942 61.6285 
1021.52 1021.52 1021.52 1021.52 1021.52 1021.52 1021.52 1021.52 1021.52 1021.52 1021.52 1021.52 1021.52 1021.52 1021.52 1021.52 1021.52 1021.52 1021.52 1021.52 1021.52 1021.52 1021.52 1021.52 1021.52 1021.52 1021.52 1021.52 1021.52 1021.52 1021.52 1021.52 1021.52 1021.52 1021.52 1021.52 
1 1 1 1 1 1 1 1 1 1 1 1 1 1 1 1 1 1 1 1 1 1 1 1 1 1 1 1 1 1 1 1 1 1 1 1 
