24 10 
-6.27744e+66 718.461 838.307 939.943 1291.27 1380.28 1933.19 2009.72 2618.92 3289.83 4301.22 4891.01 6109.77 7165.11 8756.99 9341.14 10677.5 11326.5 13573.4 14714.7 17162.9 17635.4 19167.6 19801.7 21489 
-6.27744e+66 -6.27744e+66 718.461 769.279 1003.5 1070.25 1512.58 1576.36 2098.53 2685.58 3584.59 4115.4 5223.36 6190.76 7660.19 8202.61 9449.86 10058.4 12173.1 13251 15570.3 16019.2 17478.4 18083.6 19697.6 
-6.27744e+66 -6.27744e+66 -6.27744e+66 718.461 835.57 880.072 1211.82 1262.84 1697.99 2201.17 2987.8 3459.64 4456.8 5336.26 6683.23 7183.92 8342.09 8910.01 10892.6 11907.1 14097.6 14522.8 15909.1 16485.5 18026.1 
-6.27744e+66 -6.27744e+66 -6.27744e+66 -6.27744e+66 718.461 740.712 961.878 1000.14 1348.26 1767.58 2441.84 2854.69 3741.06 4532.57 5757.09 6216.06 7285.14 7812.49 9662.89 10614 12675.6 13077.2 14390.5 14938.1 16405.4 
-6.27744e+66 -6.27744e+66 -6.27744e+66 -6.27744e+66 -6.27744e+66 718.461 829.044 854.554 1115.64 1451.09 2012.98 2366.85 3142.43 3845.99 4948.06 5365.3 6345.29 6832.08 8550.31 9437.99 11370.8 11748.8 12989.1 13507.9 14901.8 
-6.27744e+66 -6.27744e+66 -6.27744e+66 -6.27744e+66 -6.27744e+66 -6.27744e+66 718.461 731.216 905.273 1156.86 1606.37 1901.27 2566.04 3181.66 4161.28 4536.8 5427.7 5873.92 7459.98 8284.25 10088.2 10442.5 11609.9 12099.9 13420.4 
-6.27744e+66 -6.27744e+66 -6.27744e+66 -6.27744e+66 -6.27744e+66 -6.27744e+66 -6.27744e+66 718.461 805.489 973.216 1310.35 1546.26 2100.24 2627.92 3485.08 3818.88 4620.68 5026.34 6480.23 7241.1 8916.17 9246.92 10341.3 10802.5 12049.6 
-6.27744e+66 -6.27744e+66 -6.27744e+66 -6.27744e+66 -6.27744e+66 -6.27744e+66 -6.27744e+66 -6.27744e+66 718.461 802.324 1027.08 1204.02 1647.2 2086.93 2821.64 3113.71 3826.43 4191.52 5513.24 6210.7 7756.92 8064.04 9085.51 9517.8 10691.6 
-6.27744e+66 -6.27744e+66 -6.27744e+66 -6.27744e+66 -6.27744e+66 -6.27744e+66 -6.27744e+66 -6.27744e+66 -6.27744e+66 718.461 830.837 948.796 1281.18 1632.97 2245.23 2495.57 3119.2 3443.73 4633.27 5267.33 6684.7 6968.2 7916.7 8320.17 9420.61 
-6.27744e+66 -6.27744e+66 -6.27744e+66 -6.27744e+66 -6.27744e+66 -6.27744e+66 -6.27744e+66 -6.27744e+66 -6.27744e+66 -6.27744e+66 718.461 777.44 999.032 1262.87 1752.68 1961.3 2495.84 2779.8 3837.17 4407.82 5696.34 5956.21 6831.76 7206.4 8233.48 
-6.27744e+66 -6.27744e+66 -6.27744e+66 -6.27744e+66 -6.27744e+66 -6.27744e+66 -6.27744e+66 -6.27744e+66 -6.27744e+66 -6.27744e+66 -6.27744e+66 718.461 829.257 1005.15 1372.5 1539.4 1984.85 2228.25 3153.45 3660.69 4820.36 5056.61 5859.19 6205.02 7158.73 
-6.27744e+66 -6.27744e+66 -6.27744e+66 -6.27744e+66 -6.27744e+66 -6.27744e+66 -6.27744e+66 -6.27744e+66 -6.27744e+66 -6.27744e+66 -6.27744e+66 -6.27744e+66 718.461 806.406 1051.31 1176.48 1532.84 1735.67 2528.7 2972.54 4003.35 4215.98 4945.6 5262.61 6142.96 
-6.27744e+66 -6.27744e+66 -6.27744e+66 -6.27744e+66 -6.27744e+66 -6.27744e+66 -6.27744e+66 -6.27744e+66 -6.27744e+66 -6.27744e+66 -6.27744e+66 -6.27744e+66 -6.27744e+66 718.461 840.913 924.362 1191.63 1353.89 2014.75 2395.18 3297.15 3486.15 4142.8 4431 5237.99 
-6.27744e+66 -6.27744e+66 -6.27744e+66 -6.27744e+66 -6.27744e+66 -6.27744e+66 -6.27744e+66 -6.27744e+66 -6.27744e+66 -6.27744e+66 -6.27744e+66 -6.27744e+66 -6.27744e+66 -6.27744e+66 718.461 760.185 938.364 1060.06 1588.75 1905.78 2678.89 2844.26 3427.96 3687.33 4420.96 
-6.27744e+66 -6.27744e+66 -6.27744e+66 -6.27744e+66 -6.27744e+66 -6.27744e+66 -6.27744e+66 -6.27744e+66 -6.27744e+66 -6.27744e+66 -6.27744e+66 -6.27744e+66 -6.27744e+66 -6.27744e+66 -6.27744e+66 718.461 807.55 888.682 1285.2 1538.82 2183.08 2324.83 2835.56 3066.11 3726.38 
-6.27744e+66 -6.27744e+66 -6.27744e+66 -6.27744e+66 -6.27744e+66 -6.27744e+66 -6.27744e+66 -6.27744e+66 -6.27744e+66 -6.27744e+66 -6.27744e+66 -6.27744e+66 -6.27744e+66 -6.27744e+66 -6.27744e+66 -6.27744e+66 718.461 759.026 1023.37 1213.59 1728.99 1847.12 2284.89 2486.62 3073.52 
-6.27744e+66 -6.27744e+66 -6.27744e+66 -6.27744e+66 -6.27744e+66 -6.27744e+66 -6.27744e+66 -6.27744e+66 -6.27744e+66 -6.27744e+66 -6.27744e+66 -6.27744e+66 -6.27744e+66 -6.27744e+66 -6.27744e+66 -6.27744e+66 -6.27744e+66 718.461 850.632 977.443 1364 1458.5 1823.31 1996.22 2509.76 
-6.27744e+66 -6.27744e+66 -6.27744e+66 -6.27744e+66 -6.27744e+66 -6.27744e+66 -6.27744e+66 -6.27744e+66 -6.27744e+66 -6.27744e+66 -6.27744e+66 -6.27744e+66 -6.27744e+66 -6.27744e+66 -6.27744e+66 -6.27744e+66 -6.27744e+66 -6.27744e+66 718.461 781.866 1039.57 1110.44 1402.29 1546.39 1986.56 
-6.27744e+66 -6.27744e+66 -6.27744e+66 -6.27744e+66 -6.27744e+66 -6.27744e+66 -6.27744e+66 -6.27744e+66 -6.27744e+66 -6.27744e+66 -6.27744e+66 -6.27744e+66 -6.27744e+66 -6.27744e+66 -6.27744e+66 -6.27744e+66 -6.27744e+66 -6.27744e+66 -6.27744e+66 718.461 847.313 894.562 1113.45 1228.72 1595.54 
-6.27744e+66 -6.27744e+66 -6.27744e+66 -6.27744e+66 -6.27744e+66 -6.27744e+66 -6.27744e+66 -6.27744e+66 -6.27744e+66 -6.27744e+66 -6.27744e+66 -6.27744e+66 -6.27744e+66 -6.27744e+66 -6.27744e+66 -6.27744e+66 -6.27744e+66 -6.27744e+66 -6.27744e+66 -6.27744e+66 718.461 742.086 888.009 974.467 1267.92 
-6.27744e+66 -6.27744e+66 -6.27744e+66 -6.27744e+66 -6.27744e+66 -6.27744e+66 -6.27744e+66 -6.27744e+66 -6.27744e+66 -6.27744e+66 -6.27744e+66 -6.27744e+66 -6.27744e+66 -6.27744e+66 -6.27744e+66 -6.27744e+66 -6.27744e+66 -6.27744e+66 -6.27744e+66 -6.27744e+66 -6.27744e+66 718.461 791.423 849.061 1069.15 
-6.27744e+66 -6.27744e+66 -6.27744e+66 -6.27744e+66 -6.27744e+66 -6.27744e+66 -6.27744e+66 -6.27744e+66 -6.27744e+66 -6.27744e+66 -6.27744e+66 -6.27744e+66 -6.27744e+66 -6.27744e+66 -6.27744e+66 -6.27744e+66 -6.27744e+66 -6.27744e+66 -6.27744e+66 -6.27744e+66 -6.27744e+66 -6.27744e+66 718.461 747.28 894.005 
-6.27744e+66 -6.27744e+66 -6.27744e+66 -6.27744e+66 -6.27744e+66 -6.27744e+66 -6.27744e+66 -6.27744e+66 -6.27744e+66 -6.27744e+66 -6.27744e+66 -6.27744e+66 -6.27744e+66 -6.27744e+66 -6.27744e+66 -6.27744e+66 -6.27744e+66 -6.27744e+66 -6.27744e+66 -6.27744e+66 -6.27744e+66 -6.27744e+66 -6.27744e+66 718.461 791.823 
-6.27744e+66 -6.27744e+66 -6.27744e+66 -6.27744e+66 -6.27744e+66 -6.27744e+66 -6.27744e+66 -6.27744e+66 -6.27744e+66 -6.27744e+66 -6.27744e+66 -6.27744e+66 -6.27744e+66 -6.27744e+66 -6.27744e+66 -6.27744e+66 -6.27744e+66 -6.27744e+66 -6.27744e+66 -6.27744e+66 -6.27744e+66 -6.27744e+66 -6.27744e+66 -6.27744e+66 718.461 
-6.27744e+66 -6.27744e+66 -6.27744e+66 -6.27744e+66 -6.27744e+66 -6.27744e+66 -6.27744e+66 -6.27744e+66 -6.27744e+66 -6.27744e+66 -6.27744e+66 -6.27744e+66 -6.27744e+66 -6.27744e+66 -6.27744e+66 -6.27744e+66 -6.27744e+66 -6.27744e+66 -6.27744e+66 -6.27744e+66 -6.27744e+66 -6.27744e+66 -6.27744e+66 -6.27744e+66 -6.27744e+66 
-6.27744e+66 552.079 695.752 744.954 944.586 979.236 1572.88 1872.72 2743.59 3120.55 3991.25 4495.05 5616.95 6259.82 7568.53 7568.53 8969.01 9713.22 11200.4 11976.8 13752.2 15182.3 17587.1 18055.6 20611.8 
-6.27744e+66 -6.27744e+66 552.079 576.68 709.768 735.755 1210.67 1460.53 2207 2536.83 3310.8 3764.21 4784.12 5373.42 6581.46 6581.46 7888.57 8586.27 9985.95 10719.3 12401.2 13759.7 16050.1 16497.3 18942.4 
-6.27744e+66 -6.27744e+66 -6.27744e+66 552.079 618.623 635.948 992.134 1192.03 1814.08 2096.79 2774.01 3177.05 4094.97 4630.69 5738.07 5738.07 6951.81 7603 8915.19 9605.38 11193.9 12480.9 14656.7 15082.7 17416.6 
-6.27744e+66 -6.27744e+66 -6.27744e+66 -6.27744e+66 552.079 560.742 798.199 948.118 1445.76 1681.36 2261.83 2614.49 3430.41 3912.56 4919.27 4919.27 6039.65 6644.32 7869.04 8516.09 10011.1 11226.7 13288 13692.6 15915.4 
-6.27744e+66 -6.27744e+66 -6.27744e+66 -6.27744e+66 -6.27744e+66 552.079 670.808 770.754 1143.98 1332.46 1816.19 2118.47 2832.4 3260.98 4167.02 4167.02 5194.03 5752.19 6889.43 7493.34 8894.94 10039 11985.8 12369.1 14480.8 
-6.27744e+66 -6.27744e+66 -6.27744e+66 -6.27744e+66 -6.27744e+66 -6.27744e+66 552.079 602.052 850.872 992.231 1379.21 1631.11 2243.06 2618.06 3423.43 3423.43 4357.08 4868.72 5918.48 6479.26 7787.41 8859.96 10692.2 11054.3 13054.8 
-6.27744e+66 -6.27744e+66 -6.27744e+66 -6.27744e+66 -6.27744e+66 -6.27744e+66 -6.27744e+66 552.079 676.489 770.729 1060.96 1262.48 1772.44 2093.87 2798.56 2798.56 3638.85 4103.98 5066.26 5583.9 6798.61 7799.66 9517.41 9858.16 11747.5 
-6.27744e+66 -6.27744e+66 -6.27744e+66 -6.27744e+66 -6.27744e+66 -6.27744e+66 -6.27744e+66 -6.27744e+66 552.079 599.199 792.689 943.828 1351.79 1619.65 2223.68 2223.68 2970.6 3389.22 4264.01 4738.52 5859.79 6789.33 8392.57 8712.02 10490.2 
-6.27744e+66 -6.27744e+66 -6.27744e+66 -6.27744e+66 -6.27744e+66 -6.27744e+66 -6.27744e+66 -6.27744e+66 -6.27744e+66 552.079 648.824 749.584 1055.56 1269.85 1773.2 1773.2 2426.75 2798.86 3586.18 4017.54 5045.38 5903.42 7392.13 7690.29 9357.38 
-6.27744e+66 -6.27744e+66 -6.27744e+66 -6.27744e+66 -6.27744e+66 -6.27744e+66 -6.27744e+66 -6.27744e+66 -6.27744e+66 -6.27744e+66 552.079 602.459 806.44 967.157 1369.84 1369.84 1930.03 2255.62 2955.46 3343.69 4278.09 5064.62 6438.82 6715.68 8271.63 
-6.27744e+66 -6.27744e+66 -6.27744e+66 -6.27744e+66 -6.27744e+66 -6.27744e+66 -6.27744e+66 -6.27744e+66 -6.27744e+66 -6.27744e+66 -6.27744e+66 552.079 654.07 761.214 1063.23 1063.23 1530.05 1809.13 2421.49 2766.58 3607.54 4322.57 5582.25 5837.81 7282.63 
-6.27744e+66 -6.27744e+66 -6.27744e+66 -6.27744e+66 -6.27744e+66 -6.27744e+66 -6.27744e+66 -6.27744e+66 -6.27744e+66 -6.27744e+66 -6.27744e+66 -6.27744e+66 552.079 605.651 806.992 806.992 1180.45 1413.02 1937.9 2239.85 2987.37 3630.9 4776.07 5010.33 6344 
-6.27744e+66 -6.27744e+66 -6.27744e+66 -6.27744e+66 -6.27744e+66 -6.27744e+66 -6.27744e+66 -6.27744e+66 -6.27744e+66 -6.27744e+66 -6.27744e+66 -6.27744e+66 -6.27744e+66 552.079 652.75 652.75 932.845 1118.9 1556.3 1815.12 2469.19 3041.22 4071.87 4284.84 5507.37 
-6.27744e+66 -6.27744e+66 -6.27744e+66 -6.27744e+66 -6.27744e+66 -6.27744e+66 -6.27744e+66 -6.27744e+66 -6.27744e+66 -6.27744e+66 -6.27744e+66 -6.27744e+66 -6.27744e+66 -6.27744e+66 552.079 552.079 738.809 878.349 1228.27 1443.95 2004.59 2505.11 3421.24 3612.91 4724.31 
-6.27744e+66 -6.27744e+66 -6.27744e+66 -6.27744e+66 -6.27744e+66 -6.27744e+66 -6.27744e+66 -6.27744e+66 -6.27744e+66 -6.27744e+66 -6.27744e+66 -6.27744e+66 -6.27744e+66 -6.27744e+66 -6.27744e+66 552.079 645.444 738.471 1000.91 1173.46 1640.65 2069.67 2871.29 3041.66 4041.92 
-6.27744e+66 -6.27744e+66 -6.27744e+66 -6.27744e+66 -6.27744e+66 -6.27744e+66 -6.27744e+66 -6.27744e+66 -6.27744e+66 -6.27744e+66 -6.27744e+66 -6.27744e+66 -6.27744e+66 -6.27744e+66 -6.27744e+66 -6.27744e+66 552.079 598.592 773.552 902.962 1276.72 1634.24 2321.34 2470.41 3359.53 
-6.27744e+66 -6.27744e+66 -6.27744e+66 -6.27744e+66 -6.27744e+66 -6.27744e+66 -6.27744e+66 -6.27744e+66 -6.27744e+66 -6.27744e+66 -6.27744e+66 -6.27744e+66 -6.27744e+66 -6.27744e+66 -6.27744e+66 -6.27744e+66 -6.27744e+66 552.079 639.559 725.832 1006.15 1292.16 1864.75 1992.53 2770.5 
-6.27744e+66 -6.27744e+66 -6.27744e+66 -6.27744e+66 -6.27744e+66 -6.27744e+66 -6.27744e+66 -6.27744e+66 -6.27744e+66 -6.27744e+66 -6.27744e+66 -6.27744e+66 -6.27744e+66 -6.27744e+66 -6.27744e+66 -6.27744e+66 -6.27744e+66 -6.27744e+66 552.079 595.216 782.095 996.604 1454.67 1561.15 2227.99 
-6.27744e+66 -6.27744e+66 -6.27744e+66 -6.27744e+66 -6.27744e+66 -6.27744e+66 -6.27744e+66 -6.27744e+66 -6.27744e+66 -6.27744e+66 -6.27744e+66 -6.27744e+66 -6.27744e+66 -6.27744e+66 -6.27744e+66 -6.27744e+66 -6.27744e+66 -6.27744e+66 -6.27744e+66 552.079 645.519 788.525 1132.08 1217.26 1772.96 
-6.27744e+66 -6.27744e+66 -6.27744e+66 -6.27744e+66 -6.27744e+66 -6.27744e+66 -6.27744e+66 -6.27744e+66 -6.27744e+66 -6.27744e+66 -6.27744e+66 -6.27744e+66 -6.27744e+66 -6.27744e+66 -6.27744e+66 -6.27744e+66 -6.27744e+66 -6.27744e+66 -6.27744e+66 -6.27744e+66 552.079 623.582 852.616 916.505 1361.06 
-6.27744e+66 -6.27744e+66 -6.27744e+66 -6.27744e+66 -6.27744e+66 -6.27744e+66 -6.27744e+66 -6.27744e+66 -6.27744e+66 -6.27744e+66 -6.27744e+66 -6.27744e+66 -6.27744e+66 -6.27744e+66 -6.27744e+66 -6.27744e+66 -6.27744e+66 -6.27744e+66 -6.27744e+66 -6.27744e+66 -6.27744e+66 552.079 666.596 709.189 1042.61 
-6.27744e+66 -6.27744e+66 -6.27744e+66 -6.27744e+66 -6.27744e+66 -6.27744e+66 -6.27744e+66 -6.27744e+66 -6.27744e+66 -6.27744e+66 -6.27744e+66 -6.27744e+66 -6.27744e+66 -6.27744e+66 -6.27744e+66 -6.27744e+66 -6.27744e+66 -6.27744e+66 -6.27744e+66 -6.27744e+66 -6.27744e+66 -6.27744e+66 552.079 573.376 795.655 
-6.27744e+66 -6.27744e+66 -6.27744e+66 -6.27744e+66 -6.27744e+66 -6.27744e+66 -6.27744e+66 -6.27744e+66 -6.27744e+66 -6.27744e+66 -6.27744e+66 -6.27744e+66 -6.27744e+66 -6.27744e+66 -6.27744e+66 -6.27744e+66 -6.27744e+66 -6.27744e+66 -6.27744e+66 -6.27744e+66 -6.27744e+66 -6.27744e+66 -6.27744e+66 552.079 663.219 
-6.27744e+66 -6.27744e+66 -6.27744e+66 -6.27744e+66 -6.27744e+66 -6.27744e+66 -6.27744e+66 -6.27744e+66 -6.27744e+66 -6.27744e+66 -6.27744e+66 -6.27744e+66 -6.27744e+66 -6.27744e+66 -6.27744e+66 -6.27744e+66 -6.27744e+66 -6.27744e+66 -6.27744e+66 -6.27744e+66 -6.27744e+66 -6.27744e+66 -6.27744e+66 -6.27744e+66 552.079 
-6.27744e+66 -6.27744e+66 -6.27744e+66 -6.27744e+66 -6.27744e+66 -6.27744e+66 -6.27744e+66 -6.27744e+66 -6.27744e+66 -6.27744e+66 -6.27744e+66 -6.27744e+66 -6.27744e+66 -6.27744e+66 -6.27744e+66 -6.27744e+66 -6.27744e+66 -6.27744e+66 -6.27744e+66 -6.27744e+66 -6.27744e+66 -6.27744e+66 -6.27744e+66 -6.27744e+66 -6.27744e+66 
-6.27744e+66 317.453 393.285 469.308 817.657 963.632 1418.38 1604.93 2123.66 2478.67 3503.53 4033.15 5115.77 5562.21 6809.9 7771.73 8861.6 9694.17 11562.5 11958.5 13747.9 13868.6 15841.4 16476.1 19897.1 
-6.27744e+66 -6.27744e+66 317.453 355.464 587.697 697.178 1060.98 1216.44 1661.06 1971.69 2882.68 3359.34 4343.54 4752.78 5904.49 6797.62 7814.83 8595.37 10353.8 10727.8 12423 12537.6 14416.5 15022.4 18294.6 
-6.27744e+66 -6.27744e+66 -6.27744e+66 317.453 433.569 506.557 779.406 903.775 1274.29 1540.55 2337.66 2761.36 3647.14 4019.17 5074.91 5899.34 6843.89 7572.39 9220.93 9572.91 11173.9 11282.5 13067.5 13644.5 16768 
-6.27744e+66 -6.27744e+66 -6.27744e+66 -6.27744e+66 317.453 353.946 535.846 629.123 925.536 1147.42 1830.66 2201.39 2988.75 3323.58 4283.34 5039.07 5910.96 6587.43 8126.06 8456.05 9962.89 10065.5 11756.5 12304.7 15279.4 
-6.27744e+66 -6.27744e+66 -6.27744e+66 -6.27744e+66 -6.27744e+66 317.453 408.403 470.587 692.897 870.401 1439.77 1757.54 2446.48 2744.11 3607.89 4294.92 5094.15 5718.59 7147.31 7455.3 8867.96 8964.51 10561.6 11080.9 13906.9 
-6.27744e+66 -6.27744e+66 -6.27744e+66 -6.27744e+66 -6.27744e+66 -6.27744e+66 317.453 348.545 496.752 629.88 1085.37 1350.18 1940.7 2201.13 2968.94 3587.26 4313.84 4886.23 6205.06 6491.05 7809.53 7900.04 9403.17 9893.63 12570.9 
-6.27744e+66 -6.27744e+66 -6.27744e+66 -6.27744e+66 -6.27744e+66 -6.27744e+66 -6.27744e+66 317.453 391.556 480.308 821.929 1033.78 1525.88 1749.1 2420.93 2970.55 3624.47 4144.83 5353.75 5617.74 6842.05 6926.53 8335.71 8797.32 11325.9 
-6.27744e+66 -6.27744e+66 -6.27744e+66 -6.27744e+66 -6.27744e+66 -6.27744e+66 -6.27744e+66 -6.27744e+66 317.453 361.829 589.576 748.461 1142.14 1328.16 1904.01 2384.93 2966.19 3434.52 4533.54 4775.53 5905.66 5984.1 7299.34 7732.1 10111.9 
-6.27744e+66 -6.27744e+66 -6.27744e+66 -6.27744e+66 -6.27744e+66 -6.27744e+66 -6.27744e+66 -6.27744e+66 -6.27744e+66 317.453 431.326 537.25 832.51 981.325 1461.2 1873.42 2382.02 2798.31 3787.43 4007.42 5043.37 5115.78 6337.07 6740.99 8972.05 
-6.27744e+66 -6.27744e+66 -6.27744e+66 -6.27744e+66 -6.27744e+66 -6.27744e+66 -6.27744e+66 -6.27744e+66 -6.27744e+66 -6.27744e+66 317.453 370.415 567.255 678.866 1062.77 1406.28 1842.23 2206.48 3085.7 3283.69 4225.46 4291.84 5419.18 5794.25 7876.57 
-6.27744e+66 -6.27744e+66 -6.27744e+66 -6.27744e+66 -6.27744e+66 -6.27744e+66 -6.27744e+66 -6.27744e+66 -6.27744e+66 -6.27744e+66 -6.27744e+66 317.453 415.873 490.28 778.207 1053.02 1416.31 1728.52 2497.84 2673.83 3521.43 3581.77 4615.17 4961.38 6894.96 
-6.27744e+66 -6.27744e+66 -6.27744e+66 -6.27744e+66 -6.27744e+66 -6.27744e+66 -6.27744e+66 -6.27744e+66 -6.27744e+66 -6.27744e+66 -6.27744e+66 -6.27744e+66 317.453 354.657 546.608 752.716 1043.35 1303.53 1962.94 2116.93 2870.35 2924.66 3864.11 4181.47 5966.32 
-6.27744e+66 -6.27744e+66 -6.27744e+66 -6.27744e+66 -6.27744e+66 -6.27744e+66 -6.27744e+66 -6.27744e+66 -6.27744e+66 -6.27744e+66 -6.27744e+66 -6.27744e+66 -6.27744e+66 317.453 413.429 550.834 768.807 976.951 1526.46 1658.46 2317.7 2365.97 3211.48 3499.99 5136.1 
-6.27744e+66 -6.27744e+66 -6.27744e+66 -6.27744e+66 -6.27744e+66 -6.27744e+66 -6.27744e+66 -6.27744e+66 -6.27744e+66 -6.27744e+66 -6.27744e+66 -6.27744e+66 -6.27744e+66 -6.27744e+66 317.453 386.155 531.471 687.579 1127.19 1237.18 1802.25 1844.49 2596.05 2855.71 4343.08 
-6.27744e+66 -6.27744e+66 -6.27744e+66 -6.27744e+66 -6.27744e+66 -6.27744e+66 -6.27744e+66 -6.27744e+66 -6.27744e+66 -6.27744e+66 -6.27744e+66 -6.27744e+66 -6.27744e+66 -6.27744e+66 -6.27744e+66 317.453 390.111 494.183 823.889 911.885 1382.77 1418.98 2076.6 2307.4 3646.04 
-6.27744e+66 -6.27744e+66 -6.27744e+66 -6.27744e+66 -6.27744e+66 -6.27744e+66 -6.27744e+66 -6.27744e+66 -6.27744e+66 -6.27744e+66 -6.27744e+66 -6.27744e+66 -6.27744e+66 -6.27744e+66 -6.27744e+66 -6.27744e+66 317.453 369.489 589.293 655.29 1032 1062.17 1625.84 1827.8 3017.7 
-6.27744e+66 -6.27744e+66 -6.27744e+66 -6.27744e+66 -6.27744e+66 -6.27744e+66 -6.27744e+66 -6.27744e+66 -6.27744e+66 -6.27744e+66 -6.27744e+66 -6.27744e+66 -6.27744e+66 -6.27744e+66 -6.27744e+66 -6.27744e+66 -6.27744e+66 317.453 427.355 471.353 753.885 778.022 1247.75 1420.85 2462.02 
-6.27744e+66 -6.27744e+66 -6.27744e+66 -6.27744e+66 -6.27744e+66 -6.27744e+66 -6.27744e+66 -6.27744e+66 -6.27744e+66 -6.27744e+66 -6.27744e+66 -6.27744e+66 -6.27744e+66 -6.27744e+66 -6.27744e+66 -6.27744e+66 -6.27744e+66 -6.27744e+66 317.453 339.452 527.807 545.909 921.691 1065.95 1958.37 
-6.27744e+66 -6.27744e+66 -6.27744e+66 -6.27744e+66 -6.27744e+66 -6.27744e+66 -6.27744e+66 -6.27744e+66 -6.27744e+66 -6.27744e+66 -6.27744e+66 -6.27744e+66 -6.27744e+66 -6.27744e+66 -6.27744e+66 -6.27744e+66 -6.27744e+66 -6.27744e+66 -6.27744e+66 317.453 411.63 423.699 705.535 820.939 1564.62 
-6.27744e+66 -6.27744e+66 -6.27744e+66 -6.27744e+66 -6.27744e+66 -6.27744e+66 -6.27744e+66 -6.27744e+66 -6.27744e+66 -6.27744e+66 -6.27744e+66 -6.27744e+66 -6.27744e+66 -6.27744e+66 -6.27744e+66 -6.27744e+66 -6.27744e+66 -6.27744e+66 -6.27744e+66 -6.27744e+66 317.453 323.487 511.378 597.931 1192.88 
-6.27744e+66 -6.27744e+66 -6.27744e+66 -6.27744e+66 -6.27744e+66 -6.27744e+66 -6.27744e+66 -6.27744e+66 -6.27744e+66 -6.27744e+66 -6.27744e+66 -6.27744e+66 -6.27744e+66 -6.27744e+66 -6.27744e+66 -6.27744e+66 -6.27744e+66 -6.27744e+66 -6.27744e+66 -6.27744e+66 -6.27744e+66 317.453 411.398 469.1 915.312 
-6.27744e+66 -6.27744e+66 -6.27744e+66 -6.27744e+66 -6.27744e+66 -6.27744e+66 -6.27744e+66 -6.27744e+66 -6.27744e+66 -6.27744e+66 -6.27744e+66 -6.27744e+66 -6.27744e+66 -6.27744e+66 -6.27744e+66 -6.27744e+66 -6.27744e+66 -6.27744e+66 -6.27744e+66 -6.27744e+66 -6.27744e+66 -6.27744e+66 317.453 346.304 643.778 
-6.27744e+66 -6.27744e+66 -6.27744e+66 -6.27744e+66 -6.27744e+66 -6.27744e+66 -6.27744e+66 -6.27744e+66 -6.27744e+66 -6.27744e+66 -6.27744e+66 -6.27744e+66 -6.27744e+66 -6.27744e+66 -6.27744e+66 -6.27744e+66 -6.27744e+66 -6.27744e+66 -6.27744e+66 -6.27744e+66 -6.27744e+66 -6.27744e+66 -6.27744e+66 317.453 466.19 
-6.27744e+66 -6.27744e+66 -6.27744e+66 -6.27744e+66 -6.27744e+66 -6.27744e+66 -6.27744e+66 -6.27744e+66 -6.27744e+66 -6.27744e+66 -6.27744e+66 -6.27744e+66 -6.27744e+66 -6.27744e+66 -6.27744e+66 -6.27744e+66 -6.27744e+66 -6.27744e+66 -6.27744e+66 -6.27744e+66 -6.27744e+66 -6.27744e+66 -6.27744e+66 -6.27744e+66 317.453 
-6.27744e+66 -6.27744e+66 -6.27744e+66 -6.27744e+66 -6.27744e+66 -6.27744e+66 -6.27744e+66 -6.27744e+66 -6.27744e+66 -6.27744e+66 -6.27744e+66 -6.27744e+66 -6.27744e+66 -6.27744e+66 -6.27744e+66 -6.27744e+66 -6.27744e+66 -6.27744e+66 -6.27744e+66 -6.27744e+66 -6.27744e+66 -6.27744e+66 -6.27744e+66 -6.27744e+66 -6.27744e+66 
-6.27744e+66 763.475 869.845 966.829 1202.44 1340.23 1877.13 2348.42 3248.29 3684.8 4422.59 4904.77 6036.36 6746.46 8311.24 9445.65 11003.6 12549.3 14080.2 14570.3 17087.5 17635.5 20048.8 21316 23948.9 
-6.27744e+66 -6.27744e+66 763.475 811.967 969.042 1072.38 1501.9 1894.64 2665.97 3047.91 3703.72 4137.69 5166.4 5817.33 7261.74 8315.12 9769.17 11218.3 12659.2 13122 15506.7 16027.4 18325.7 19535.4 22053.7 
-6.27744e+66 -6.27744e+66 -6.27744e+66 763.475 842.013 910.905 1233.05 1547.24 2190.01 2517.39 3091.23 3476.97 4402.82 4994.57 6318.61 7290.96 8641.15 9993.69 11344.5 11780.1 14032.3 14525.6 16709 17861 20265 
-6.27744e+66 -6.27744e+66 -6.27744e+66 -6.27744e+66 763.475 797.921 1012.68 1248.33 1762.54 2035.36 2527.22 2864.75 3687.72 4220.3 5423.97 6315.29 7561.62 8817.55 10078.3 10486.7 12606.4 13072.3 15140.8 16235.2 18524.7 
-6.27744e+66 -6.27744e+66 -6.27744e+66 -6.27744e+66 -6.27744e+66 763.475 870.855 1027.95 1413.61 1631.87 2041.75 2331.06 3051.16 3524.56 4607.87 5418.16 6560.63 7719.95 8890.66 9271.78 11259 11697.5 13651.1 14687.9 16862.9 
-6.27744e+66 -6.27744e+66 -6.27744e+66 -6.27744e+66 -6.27744e+66 -6.27744e+66 763.475 842.023 1099.13 1262.82 1590.73 1831.82 2449.05 2863.27 3826.22 4555.48 5594.08 6656.8 7737.45 8091.35 9946.13 10357.2 12195.9 13175.1 15235.6 
-6.27744e+66 -6.27744e+66 -6.27744e+66 -6.27744e+66 -6.27744e+66 -6.27744e+66 -6.27744e+66 763.475 892.029 1001.16 1247.09 1439.96 1954.32 2309.37 3151.94 3800.17 4734.92 5701.02 6691.62 7018.3 8740.59 9124.23 10848 11769.6 13715.7 
-6.27744e+66 -6.27744e+66 -6.27744e+66 -6.27744e+66 -6.27744e+66 -6.27744e+66 -6.27744e+66 -6.27744e+66 763.475 818.038 981.991 1126.65 1538.13 1834.01 2556.21 3123.42 3954.3 4823.79 5724.34 6023.79 7613.6 7969.84 9578.71 10442.7 12274.3 
-6.27744e+66 -6.27744e+66 -6.27744e+66 -6.27744e+66 -6.27744e+66 -6.27744e+66 -6.27744e+66 -6.27744e+66 -6.27744e+66 763.475 845.451 941.887 1250.5 1487.2 2089.04 2575.22 3302.24 4075.12 4885.61 5157.84 6615.17 6944 8437.96 9244.36 10961.4 
-6.27744e+66 -6.27744e+66 -6.27744e+66 -6.27744e+66 -6.27744e+66 -6.27744e+66 -6.27744e+66 -6.27744e+66 -6.27744e+66 -6.27744e+66 763.475 811.693 1017.44 1194.96 1676.43 2081.58 2704.74 3381.01 4101.45 4346.46 5671.3 5972.73 7351.76 8100.57 9703.18 
-6.27744e+66 -6.27744e+66 -6.27744e+66 -6.27744e+66 -6.27744e+66 -6.27744e+66 -6.27744e+66 -6.27744e+66 -6.27744e+66 -6.27744e+66 -6.27744e+66 763.475 866.347 984.697 1345.8 1669.92 2189.22 2768.88 3399.26 3617.05 4809.4 5083.43 6347.55 7038.75 8526.89 
-6.27744e+66 -6.27744e+66 -6.27744e+66 -6.27744e+66 -6.27744e+66 -6.27744e+66 -6.27744e+66 -6.27744e+66 -6.27744e+66 -6.27744e+66 -6.27744e+66 -6.27744e+66 763.475 822.65 1063.39 1306.47 1721.91 2204.97 2745.29 2935.85 3995.73 4242.35 5391.55 6025.15 7398.82 
-6.27744e+66 -6.27744e+66 -6.27744e+66 -6.27744e+66 -6.27744e+66 -6.27744e+66 -6.27744e+66 -6.27744e+66 -6.27744e+66 -6.27744e+66 -6.27744e+66 -6.27744e+66 -6.27744e+66 763.475 883.843 1045.9 1357.48 1743.92 2194.19 2357.53 3284.92 3504.15 4538.42 5114.42 6373.62 
-6.27744e+66 -6.27744e+66 -6.27744e+66 -6.27744e+66 -6.27744e+66 -6.27744e+66 -6.27744e+66 -6.27744e+66 -6.27744e+66 -6.27744e+66 -6.27744e+66 -6.27744e+66 -6.27744e+66 -6.27744e+66 763.475 844.504 1052.22 1342.06 1702.27 1838.39 2633.29 2825.11 3744.47 4262.87 5407.6 
-6.27744e+66 -6.27744e+66 -6.27744e+66 -6.27744e+66 -6.27744e+66 -6.27744e+66 -6.27744e+66 -6.27744e+66 -6.27744e+66 -6.27744e+66 -6.27744e+66 -6.27744e+66 -6.27744e+66 -6.27744e+66 -6.27744e+66 763.475 867.335 1060.56 1330.72 1439.61 2102.03 2266.45 3070.89 3531.69 4561.94 
-6.27744e+66 -6.27744e+66 -6.27744e+66 -6.27744e+66 -6.27744e+66 -6.27744e+66 -6.27744e+66 -6.27744e+66 -6.27744e+66 -6.27744e+66 -6.27744e+66 -6.27744e+66 -6.27744e+66 -6.27744e+66 -6.27744e+66 -6.27744e+66 763.475 860.085 1040.19 1121.86 1651.8 1788.81 2478.33 2881.53 3797.31 
-6.27744e+66 -6.27744e+66 -6.27744e+66 -6.27744e+66 -6.27744e+66 -6.27744e+66 -6.27744e+66 -6.27744e+66 -6.27744e+66 -6.27744e+66 -6.27744e+66 -6.27744e+66 -6.27744e+66 -6.27744e+66 -6.27744e+66 -6.27744e+66 -6.27744e+66 763.475 853.529 907.975 1305.43 1415.04 1989.64 2335.24 3136.55 
-6.27744e+66 -6.27744e+66 -6.27744e+66 -6.27744e+66 -6.27744e+66 -6.27744e+66 -6.27744e+66 -6.27744e+66 -6.27744e+66 -6.27744e+66 -6.27744e+66 -6.27744e+66 -6.27744e+66 -6.27744e+66 -6.27744e+66 -6.27744e+66 -6.27744e+66 -6.27744e+66 763.475 790.698 1055.67 1137.88 1597.55 1885.55 2572.39 
-6.27744e+66 -6.27744e+66 -6.27744e+66 -6.27744e+66 -6.27744e+66 -6.27744e+66 -6.27744e+66 -6.27744e+66 -6.27744e+66 -6.27744e+66 -6.27744e+66 -6.27744e+66 -6.27744e+66 -6.27744e+66 -6.27744e+66 -6.27744e+66 -6.27744e+66 -6.27744e+66 -6.27744e+66 763.475 895.959 950.765 1295.52 1525.92 2098.29 
-6.27744e+66 -6.27744e+66 -6.27744e+66 -6.27744e+66 -6.27744e+66 -6.27744e+66 -6.27744e+66 -6.27744e+66 -6.27744e+66 -6.27744e+66 -6.27744e+66 -6.27744e+66 -6.27744e+66 -6.27744e+66 -6.27744e+66 -6.27744e+66 -6.27744e+66 -6.27744e+66 -6.27744e+66 -6.27744e+66 763.475 790.878 1020.72 1193.52 1651.41 
-6.27744e+66 -6.27744e+66 -6.27744e+66 -6.27744e+66 -6.27744e+66 -6.27744e+66 -6.27744e+66 -6.27744e+66 -6.27744e+66 -6.27744e+66 -6.27744e+66 -6.27744e+66 -6.27744e+66 -6.27744e+66 -6.27744e+66 -6.27744e+66 -6.27744e+66 -6.27744e+66 -6.27744e+66 -6.27744e+66 -6.27744e+66 763.475 878.394 993.595 1337.01 
-6.27744e+66 -6.27744e+66 -6.27744e+66 -6.27744e+66 -6.27744e+66 -6.27744e+66 -6.27744e+66 -6.27744e+66 -6.27744e+66 -6.27744e+66 -6.27744e+66 -6.27744e+66 -6.27744e+66 -6.27744e+66 -6.27744e+66 -6.27744e+66 -6.27744e+66 -6.27744e+66 -6.27744e+66 -6.27744e+66 -6.27744e+66 -6.27744e+66 763.475 821.075 1050.02 
-6.27744e+66 -6.27744e+66 -6.27744e+66 -6.27744e+66 -6.27744e+66 -6.27744e+66 -6.27744e+66 -6.27744e+66 -6.27744e+66 -6.27744e+66 -6.27744e+66 -6.27744e+66 -6.27744e+66 -6.27744e+66 -6.27744e+66 -6.27744e+66 -6.27744e+66 -6.27744e+66 -6.27744e+66 -6.27744e+66 -6.27744e+66 -6.27744e+66 -6.27744e+66 763.475 877.947 
-6.27744e+66 -6.27744e+66 -6.27744e+66 -6.27744e+66 -6.27744e+66 -6.27744e+66 -6.27744e+66 -6.27744e+66 -6.27744e+66 -6.27744e+66 -6.27744e+66 -6.27744e+66 -6.27744e+66 -6.27744e+66 -6.27744e+66 -6.27744e+66 -6.27744e+66 -6.27744e+66 -6.27744e+66 -6.27744e+66 -6.27744e+66 -6.27744e+66 -6.27744e+66 -6.27744e+66 763.475 
-6.27744e+66 -6.27744e+66 -6.27744e+66 -6.27744e+66 -6.27744e+66 -6.27744e+66 -6.27744e+66 -6.27744e+66 -6.27744e+66 -6.27744e+66 -6.27744e+66 -6.27744e+66 -6.27744e+66 -6.27744e+66 -6.27744e+66 -6.27744e+66 -6.27744e+66 -6.27744e+66 -6.27744e+66 -6.27744e+66 -6.27744e+66 -6.27744e+66 -6.27744e+66 -6.27744e+66 -6.27744e+66 
-6.27744e+66 505.274 611.112 623.643 967.632 1013.35 1709.29 2311.73 2910.72 3169.07 4009.44 4416.72 5637.43 5885.05 7358.3 8279.12 10141.5 10757 12804.1 13564.9 15808 16364.3 19089.4 20119.1 22404.1 
-6.27744e+66 -6.27744e+66 505.274 511.539 740.865 775.151 1331.9 1833.94 2347.36 2573.41 3320.41 3686.97 4796.7 5023.69 6383.61 7238.66 8976.92 9553.88 11480.6 12199.2 14324.2 14852.7 17448 18430.9 20616.5 
-6.27744e+66 -6.27744e+66 -6.27744e+66 505.274 619.937 642.794 1060.36 1461.99 1889.84 2083.6 2737.22 3063.05 4061.81 4268.16 5514.76 6304.03 7918.13 8456.63 10263 10939.2 12946.2 13446.9 15912.4 16848.5 18934.8 
-6.27744e+66 -6.27744e+66 -6.27744e+66 -6.27744e+66 505.274 516.703 795.079 1096.3 1438.58 1600.05 2160.3 2445.4 3333.18 3518.9 4652.17 5375.67 6865.6 7365.64 9051.54 9685.54 11574.5 12047.3 14383.1 15272.4 17259.4 
-6.27744e+66 -6.27744e+66 -6.27744e+66 -6.27744e+66 -6.27744e+66 505.274 644.462 845.277 1101.99 1231.16 1698.03 1942.4 2719.22 2884.3 3904.24 4561.97 5927.74 6389.32 7954.8 8546.53 10317.4 10762.4 12968.5 13810.9 15698.5 
-6.27744e+66 -6.27744e+66 -6.27744e+66 -6.27744e+66 -6.27744e+66 -6.27744e+66 505.274 605.681 776.82 873.702 1247.2 1450.84 2116.68 2261.13 3167.74 3759.7 5001.31 5424.42 6869.48 7418.94 9071.75 9488.97 11565.3 12360.9 14149.2 
-6.27744e+66 -6.27744e+66 -6.27744e+66 -6.27744e+66 -6.27744e+66 -6.27744e+66 -6.27744e+66 505.274 590.843 655.431 935.555 1098.47 1653.33 1777.15 2570.44 3096.62 4214.07 4598.71 5923.35 6430.55 7965.3 8354.7 10301.2 11050.1 12739 
-6.27744e+66 -6.27744e+66 -6.27744e+66 -6.27744e+66 -6.27744e+66 -6.27744e+66 -6.27744e+66 -6.27744e+66 505.274 537.568 724.317 846.503 1290.39 1393.57 2073.53 2533.94 3527.23 3873.41 5077.63 5542.56 6959.26 7320.84 9137.59 9839.62 11429.2 
-6.27744e+66 -6.27744e+66 -6.27744e+66 -6.27744e+66 -6.27744e+66 -6.27744e+66 -6.27744e+66 -6.27744e+66 -6.27744e+66 505.274 598.648 680.106 1013.02 1095.57 1662.2 2056.84 2925.97 3233.68 4317.48 4740.14 6038.78 6372.55 8059.53 8714.76 10205 
-6.27744e+66 -6.27744e+66 -6.27744e+66 -6.27744e+66 -6.27744e+66 -6.27744e+66 -6.27744e+66 -6.27744e+66 -6.27744e+66 -6.27744e+66 505.274 546.003 767.949 829.855 1283.16 1612.03 2356.99 2626.25 3589.62 3970.02 5150.6 5456.55 7013.77 7622.19 9013.08 
-6.27744e+66 -6.27744e+66 -6.27744e+66 -6.27744e+66 -6.27744e+66 -6.27744e+66 -6.27744e+66 -6.27744e+66 -6.27744e+66 -6.27744e+66 -6.27744e+66 505.274 616.247 657.518 997.499 1260.59 1881.4 2112.18 2955.13 3293.26 4355.79 4633.93 6061.38 6623 7914.54 
-6.27744e+66 -6.27744e+66 -6.27744e+66 -6.27744e+66 -6.27744e+66 -6.27744e+66 -6.27744e+66 -6.27744e+66 -6.27744e+66 -6.27744e+66 -6.27744e+66 -6.27744e+66 505.274 525.909 752.564 949.881 1446.53 1638.85 2361.38 2657.24 3601.71 3852.04 5149.72 5664.54 6856.73 
-6.27744e+66 -6.27744e+66 -6.27744e+66 -6.27744e+66 -6.27744e+66 -6.27744e+66 -6.27744e+66 -6.27744e+66 -6.27744e+66 -6.27744e+66 -6.27744e+66 -6.27744e+66 -6.27744e+66 505.274 618.601 750.146 1122.63 1276.49 1878.6 2132.19 2958.6 3181.11 4349.03 4817.05 5909.89 
-6.27744e+66 -6.27744e+66 -6.27744e+66 -6.27744e+66 -6.27744e+66 -6.27744e+66 -6.27744e+66 -6.27744e+66 -6.27744e+66 -6.27744e+66 -6.27744e+66 -6.27744e+66 -6.27744e+66 -6.27744e+66 505.274 571.047 819.369 934.763 1416.45 1627.78 2336.13 2530.83 3568.97 3990.19 4983.68 
-6.27744e+66 -6.27744e+66 -6.27744e+66 -6.27744e+66 -6.27744e+66 -6.27744e+66 -6.27744e+66 -6.27744e+66 -6.27744e+66 -6.27744e+66 -6.27744e+66 -6.27744e+66 -6.27744e+66 -6.27744e+66 -6.27744e+66 505.274 629.435 706.364 1067.63 1236.69 1826.98 1993.87 2902.25 3276.66 4170.8 
-6.27744e+66 -6.27744e+66 -6.27744e+66 -6.27744e+66 -6.27744e+66 -6.27744e+66 -6.27744e+66 -6.27744e+66 -6.27744e+66 -6.27744e+66 -6.27744e+66 -6.27744e+66 -6.27744e+66 -6.27744e+66 -6.27744e+66 -6.27744e+66 505.274 543.738 784.581 911.381 1383.61 1522.68 2301.29 2628.91 3423.7 
-6.27744e+66 -6.27744e+66 -6.27744e+66 -6.27744e+66 -6.27744e+66 -6.27744e+66 -6.27744e+66 -6.27744e+66 -6.27744e+66 -6.27744e+66 -6.27744e+66 -6.27744e+66 -6.27744e+66 -6.27744e+66 -6.27744e+66 -6.27744e+66 -6.27744e+66 505.274 625.696 710.228 1064.4 1175.66 1824.5 2105.31 2800.75 
-6.27744e+66 -6.27744e+66 -6.27744e+66 -6.27744e+66 -6.27744e+66 -6.27744e+66 -6.27744e+66 -6.27744e+66 -6.27744e+66 -6.27744e+66 -6.27744e+66 -6.27744e+66 -6.27744e+66 -6.27744e+66 -6.27744e+66 -6.27744e+66 -6.27744e+66 -6.27744e+66 505.274 547.54 783.657 867.099 1386.17 1620.18 2216.28 
-6.27744e+66 -6.27744e+66 -6.27744e+66 -6.27744e+66 -6.27744e+66 -6.27744e+66 -6.27744e+66 -6.27744e+66 -6.27744e+66 -6.27744e+66 -6.27744e+66 -6.27744e+66 -6.27744e+66 -6.27744e+66 -6.27744e+66 -6.27744e+66 -6.27744e+66 -6.27744e+66 -6.27744e+66 505.274 623.332 678.961 1068.26 1255.47 1752.22 
-6.27744e+66 -6.27744e+66 -6.27744e+66 -6.27744e+66 -6.27744e+66 -6.27744e+66 -6.27744e+66 -6.27744e+66 -6.27744e+66 -6.27744e+66 -6.27744e+66 -6.27744e+66 -6.27744e+66 -6.27744e+66 -6.27744e+66 -6.27744e+66 -6.27744e+66 -6.27744e+66 -6.27744e+66 -6.27744e+66 505.274 533.088 792.624 933.03 1330.43 
-6.27744e+66 -6.27744e+66 -6.27744e+66 -6.27744e+66 -6.27744e+66 -6.27744e+66 -6.27744e+66 -6.27744e+66 -6.27744e+66 -6.27744e+66 -6.27744e+66 -6.27744e+66 -6.27744e+66 -6.27744e+66 -6.27744e+66 -6.27744e+66 -6.27744e+66 -6.27744e+66 -6.27744e+66 -6.27744e+66 -6.27744e+66 505.274 635.042 728.646 1026.69 
-6.27744e+66 -6.27744e+66 -6.27744e+66 -6.27744e+66 -6.27744e+66 -6.27744e+66 -6.27744e+66 -6.27744e+66 -6.27744e+66 -6.27744e+66 -6.27744e+66 -6.27744e+66 -6.27744e+66 -6.27744e+66 -6.27744e+66 -6.27744e+66 -6.27744e+66 -6.27744e+66 -6.27744e+66 -6.27744e+66 -6.27744e+66 -6.27744e+66 505.274 552.076 750.774 
-6.27744e+66 -6.27744e+66 -6.27744e+66 -6.27744e+66 -6.27744e+66 -6.27744e+66 -6.27744e+66 -6.27744e+66 -6.27744e+66 -6.27744e+66 -6.27744e+66 -6.27744e+66 -6.27744e+66 -6.27744e+66 -6.27744e+66 -6.27744e+66 -6.27744e+66 -6.27744e+66 -6.27744e+66 -6.27744e+66 -6.27744e+66 -6.27744e+66 -6.27744e+66 505.274 604.623 
-6.27744e+66 -6.27744e+66 -6.27744e+66 -6.27744e+66 -6.27744e+66 -6.27744e+66 -6.27744e+66 -6.27744e+66 -6.27744e+66 -6.27744e+66 -6.27744e+66 -6.27744e+66 -6.27744e+66 -6.27744e+66 -6.27744e+66 -6.27744e+66 -6.27744e+66 -6.27744e+66 -6.27744e+66 -6.27744e+66 -6.27744e+66 -6.27744e+66 -6.27744e+66 -6.27744e+66 505.274 
-6.27744e+66 -6.27744e+66 -6.27744e+66 -6.27744e+66 -6.27744e+66 -6.27744e+66 -6.27744e+66 -6.27744e+66 -6.27744e+66 -6.27744e+66 -6.27744e+66 -6.27744e+66 -6.27744e+66 -6.27744e+66 -6.27744e+66 -6.27744e+66 -6.27744e+66 -6.27744e+66 -6.27744e+66 -6.27744e+66 -6.27744e+66 -6.27744e+66 -6.27744e+66 -6.27744e+66 -6.27744e+66 
-6.27744e+66 185.679 295.998 408.299 774.246 874.223 1324.26 1733.21 2182.17 2563.16 3595.49 4219.78 5016.6 5456.59 7250.12 7663.34 9342.39 10225.6 12087.6 12256.9 14108.4 14901.2 17223.6 18003.8 20546.3 
-6.27744e+66 -6.27744e+66 185.679 241.83 485.795 560.778 920.809 1261.6 1646.42 1979.79 2897.42 3459.27 4183.65 4586.98 6242.55 6626.25 8193.36 9021.39 10773.8 10933.7 12687.8 13440.9 15652.7 16397.5 18829.4 
-6.27744e+66 -6.27744e+66 -6.27744e+66 185.679 307.662 357.65 627.674 900.306 1220.99 1506.73 2309.66 2809.09 3461.03 3827.69 5345.3 5699.48 7154.66 7927.48 9570.39 9720.87 11377.5 12091 14192.2 14901.5 17222.9 
-6.27744e+66 -6.27744e+66 -6.27744e+66 -6.27744e+66 185.679 210.674 390.689 595.163 851.712 1089.83 1778.05 2215.05 2794.56 3124.55 4504.19 4828.86 6172.1 6889.73 8423.11 8564.18 10123.4 10797.2 12787.8 13461.7 15672.5 
-6.27744e+66 -6.27744e+66 -6.27744e+66 -6.27744e+66 -6.27744e+66 185.679 275.687 412.003 604.415 794.91 1368.43 1743 2250.06 2543.39 3785.07 4080.22 5311.53 5973.95 7397.8 7529.47 8991.21 9625.44 11505.5 12143.8 14244.1 
-6.27744e+66 -6.27744e+66 -6.27744e+66 -6.27744e+66 -6.27744e+66 -6.27744e+66 185.679 253.837 382.112 524.983 983.798 1295.94 1730.57 1987.23 3090.94 3356.58 4475.95 5083.17 6397.5 6519.76 7884.05 8478.64 10248.1 10850.9 12840.7 
-6.27744e+66 -6.27744e+66 -6.27744e+66 -6.27744e+66 -6.27744e+66 -6.27744e+66 -6.27744e+66 185.679 249.816 345.064 689.175 938.889 1301.08 1521.07 2486.82 2722.95 3730.38 4282.4 5487.2 5600.05 6866.89 7421.84 9080.69 9648.1 11527.3 
-6.27744e+66 -6.27744e+66 -6.27744e+66 -6.27744e+66 -6.27744e+66 -6.27744e+66 -6.27744e+66 -6.27744e+66 185.679 233.303 462.711 649.996 939.748 1123.08 1950.86 2157.47 3052.96 3549.78 4645.05 4748.51 5917.9 6433.21 7981.46 8513.41 10282.1 
-6.27744e+66 -6.27744e+66 -6.27744e+66 -6.27744e+66 -6.27744e+66 -6.27744e+66 -6.27744e+66 -6.27744e+66 -6.27744e+66 185.679 300.383 425.24 642.554 789.217 1479.04 1656.13 2439.69 2881.3 3867.05 3961.1 5033.04 5508.71 6946.37 7442.86 9101.02 
-6.27744e+66 -6.27744e+66 -6.27744e+66 -6.27744e+66 -6.27744e+66 -6.27744e+66 -6.27744e+66 -6.27744e+66 -6.27744e+66 -6.27744e+66 185.679 248.108 392.984 502.981 1054.84 1202.42 1874.04 2260.45 3136.67 3221.31 4195.8 4631.83 5958.91 6419.93 7967.55 
-6.27744e+66 -6.27744e+66 -6.27744e+66 -6.27744e+66 -6.27744e+66 -6.27744e+66 -6.27744e+66 -6.27744e+66 -6.27744e+66 -6.27744e+66 -6.27744e+66 185.679 258.117 331.449 745.342 863.404 1423.09 1754.3 2520.99 2596.23 3473.27 3869.66 5086.15 5511.71 6948.78 
-6.27744e+66 -6.27744e+66 -6.27744e+66 -6.27744e+66 -6.27744e+66 -6.27744e+66 -6.27744e+66 -6.27744e+66 -6.27744e+66 -6.27744e+66 -6.27744e+66 -6.27744e+66 185.679 222.345 498.274 586.82 1034.57 1310.58 1967.74 2033.57 2813.17 3169.92 4275.82 4665.91 5992.44 
-6.27744e+66 -6.27744e+66 -6.27744e+66 -6.27744e+66 -6.27744e+66 -6.27744e+66 -6.27744e+66 -6.27744e+66 -6.27744e+66 -6.27744e+66 -6.27744e+66 -6.27744e+66 -6.27744e+66 185.679 323.644 382.674 718.485 939.292 1486.93 1543.36 2225.5 2542.62 3537.92 3892.56 5108.54 
-6.27744e+66 -6.27744e+66 -6.27744e+66 -6.27744e+66 -6.27744e+66 -6.27744e+66 -6.27744e+66 -6.27744e+66 -6.27744e+66 -6.27744e+66 -6.27744e+66 -6.27744e+66 -6.27744e+66 -6.27744e+66 185.679 215.195 439.068 604.674 1042.78 1089.81 1674.5 1951.98 2836.69 3155.86 4261.3 
-6.27744e+66 -6.27744e+66 -6.27744e+66 -6.27744e+66 -6.27744e+66 -6.27744e+66 -6.27744e+66 -6.27744e+66 -6.27744e+66 -6.27744e+66 -6.27744e+66 -6.27744e+66 -6.27744e+66 -6.27744e+66 -6.27744e+66 185.679 297.616 408.02 736.601 774.221 1261.47 1499.3 2273.43 2557.14 3552.03 
-6.27744e+66 -6.27744e+66 -6.27744e+66 -6.27744e+66 -6.27744e+66 -6.27744e+66 -6.27744e+66 -6.27744e+66 -6.27744e+66 -6.27744e+66 -6.27744e+66 -6.27744e+66 -6.27744e+66 -6.27744e+66 -6.27744e+66 -6.27744e+66 185.679 240.881 459.936 488.15 877.947 1076.14 1739.68 1987.92 2872.27 
-6.27744e+66 -6.27744e+66 -6.27744e+66 -6.27744e+66 -6.27744e+66 -6.27744e+66 -6.27744e+66 -6.27744e+66 -6.27744e+66 -6.27744e+66 -6.27744e+66 -6.27744e+66 -6.27744e+66 -6.27744e+66 -6.27744e+66 -6.27744e+66 -6.27744e+66 185.679 295.207 314.016 606.364 764.921 1317.87 1530.65 2304.46 
-6.27744e+66 -6.27744e+66 -6.27744e+66 -6.27744e+66 -6.27744e+66 -6.27744e+66 -6.27744e+66 -6.27744e+66 -6.27744e+66 -6.27744e+66 -6.27744e+66 -6.27744e+66 -6.27744e+66 -6.27744e+66 -6.27744e+66 -6.27744e+66 -6.27744e+66 -6.27744e+66 185.679 195.084 389.983 508.9 951.259 1128.58 1791.84 
-6.27744e+66 -6.27744e+66 -6.27744e+66 -6.27744e+66 -6.27744e+66 -6.27744e+66 -6.27744e+66 -6.27744e+66 -6.27744e+66 -6.27744e+66 -6.27744e+66 -6.27744e+66 -6.27744e+66 -6.27744e+66 -6.27744e+66 -6.27744e+66 -6.27744e+66 -6.27744e+66 -6.27744e+66 185.679 283.128 362.407 694.176 836.029 1388.75 
-6.27744e+66 -6.27744e+66 -6.27744e+66 -6.27744e+66 -6.27744e+66 -6.27744e+66 -6.27744e+66 -6.27744e+66 -6.27744e+66 -6.27744e+66 -6.27744e+66 -6.27744e+66 -6.27744e+66 -6.27744e+66 -6.27744e+66 -6.27744e+66 -6.27744e+66 -6.27744e+66 -6.27744e+66 -6.27744e+66 185.679 225.319 446.498 552.888 995.063 
-6.27744e+66 -6.27744e+66 -6.27744e+66 -6.27744e+66 -6.27744e+66 -6.27744e+66 -6.27744e+66 -6.27744e+66 -6.27744e+66 -6.27744e+66 -6.27744e+66 -6.27744e+66 -6.27744e+66 -6.27744e+66 -6.27744e+66 -6.27744e+66 -6.27744e+66 -6.27744e+66 -6.27744e+66 -6.27744e+66 -6.27744e+66 185.679 296.269 367.196 698.827 
-6.27744e+66 -6.27744e+66 -6.27744e+66 -6.27744e+66 -6.27744e+66 -6.27744e+66 -6.27744e+66 -6.27744e+66 -6.27744e+66 -6.27744e+66 -6.27744e+66 -6.27744e+66 -6.27744e+66 -6.27744e+66 -6.27744e+66 -6.27744e+66 -6.27744e+66 -6.27744e+66 -6.27744e+66 -6.27744e+66 -6.27744e+66 -6.27744e+66 185.679 221.143 442.23 
-6.27744e+66 -6.27744e+66 -6.27744e+66 -6.27744e+66 -6.27744e+66 -6.27744e+66 -6.27744e+66 -6.27744e+66 -6.27744e+66 -6.27744e+66 -6.27744e+66 -6.27744e+66 -6.27744e+66 -6.27744e+66 -6.27744e+66 -6.27744e+66 -6.27744e+66 -6.27744e+66 -6.27744e+66 -6.27744e+66 -6.27744e+66 -6.27744e+66 -6.27744e+66 185.679 296.223 
-6.27744e+66 -6.27744e+66 -6.27744e+66 -6.27744e+66 -6.27744e+66 -6.27744e+66 -6.27744e+66 -6.27744e+66 -6.27744e+66 -6.27744e+66 -6.27744e+66 -6.27744e+66 -6.27744e+66 -6.27744e+66 -6.27744e+66 -6.27744e+66 -6.27744e+66 -6.27744e+66 -6.27744e+66 -6.27744e+66 -6.27744e+66 -6.27744e+66 -6.27744e+66 -6.27744e+66 185.679 
-6.27744e+66 -6.27744e+66 -6.27744e+66 -6.27744e+66 -6.27744e+66 -6.27744e+66 -6.27744e+66 -6.27744e+66 -6.27744e+66 -6.27744e+66 -6.27744e+66 -6.27744e+66 -6.27744e+66 -6.27744e+66 -6.27744e+66 -6.27744e+66 -6.27744e+66 -6.27744e+66 -6.27744e+66 -6.27744e+66 -6.27744e+66 -6.27744e+66 -6.27744e+66 -6.27744e+66 -6.27744e+66 
-6.27744e+66 1148.63 1240.67 1351.2 1717.35 1901.34 2156.98 2448.89 3225.9 3712.36 5030.22 5318.58 6312.11 6779.48 7909.96 8757.8 10311.5 11237 13068 14071.7 15869.1 17475.8 19633.2 21201.8 23628.7 
-6.27744e+66 -6.27744e+66 1148.63 1203.89 1448 1585.99 1790.5 2033.76 2699.77 3125.42 4296.85 4556.37 5459.58 5888 6931.52 7718.8 9168.93 10036.6 11759.9 12707.8 14410.6 15937 17991.6 19489 21810.3 
-6.27744e+66 -6.27744e+66 -6.27744e+66 1148.63 1270.68 1362.67 1516.06 1710.66 2265.67 2630.52 3655.52 3886.2 4699.09 5088.57 6045.12 6771.84 8118.4 8928.18 10543.8 11435.9 13044.1 14490.2 16442.1 17868.2 20084 
-6.27744e+66 -6.27744e+66 -6.27744e+66 -6.27744e+66 1148.63 1194.62 1296.88 1442.83 1886.84 2190.88 3069.45 3271.3 3993.87 4344.4 5213.99 5880.15 7123.12 7875.06 9382.99 10219.4 11732.9 13098.7 14947.9 16302.6 18412.9 
-6.27744e+66 -6.27744e+66 -6.27744e+66 -6.27744e+66 -6.27744e+66 1148.63 1199.75 1297.06 1630.06 1873.29 2605.43 2778.45 3410.7 3722.28 4504.91 5110.51 6249.9 6944 8344.22 9124.84 10543.8 11829.2 13575.7 14859.1 16863.9 
-6.27744e+66 -6.27744e+66 -6.27744e+66 -6.27744e+66 -6.27744e+66 -6.27744e+66 1148.63 1197.28 1419.28 1601.7 2187.42 2331.6 2873.52 3146.16 3841.83 4386.87 5422.68 6058.94 7351.45 8076.31 9400.69 10605.7 12249.5 13461.6 15360.9 
-6.27744e+66 -6.27744e+66 -6.27744e+66 -6.27744e+66 -6.27744e+66 -6.27744e+66 -6.27744e+66 1148.63 1259.63 1381.24 1820.53 1935.87 2387.48 2621.16 3229.88 3714.36 4646.59 5225 6409.8 7078.9 8308.69 9433.4 10974.4 12115.2 13909 
-6.27744e+66 -6.27744e+66 -6.27744e+66 -6.27744e+66 -6.27744e+66 -6.27744e+66 -6.27744e+66 -6.27744e+66 1148.63 1209.43 1502.29 1588.8 1950.08 2144.82 2666.58 3090.5 3919.15 4439.72 5516.81 6130.15 7265.34 8309.71 9747.98 10817.5 12505.7 
-6.27744e+66 -6.27744e+66 -6.27744e+66 -6.27744e+66 -6.27744e+66 -6.27744e+66 -6.27744e+66 -6.27744e+66 -6.27744e+66 1148.63 1295.05 1352.73 1623.69 1779.48 2214.28 2577.64 3302.7 3765.44 4734.82 5292.4 6332.99 7297.03 8632.56 9630.79 11213.5 
-6.27744e+66 -6.27744e+66 -6.27744e+66 -6.27744e+66 -6.27744e+66 -6.27744e+66 -6.27744e+66 -6.27744e+66 -6.27744e+66 -6.27744e+66 1148.63 1177.46 1358.1 1474.95 1822.79 2125.58 2747.07 3151.96 4013.63 4515.46 5461.45 6345.15 7577.95 8504.87 9982.08 
-6.27744e+66 -6.27744e+66 -6.27744e+66 -6.27744e+66 -6.27744e+66 -6.27744e+66 -6.27744e+66 -6.27744e+66 -6.27744e+66 -6.27744e+66 -6.27744e+66 1148.63 1238.95 1316.84 1577.72 1819.96 2337.87 2684.91 3438.88 3884.95 4736.33 5539.7 6669.77 7525.39 8897.08 
-6.27744e+66 -6.27744e+66 -6.27744e+66 -6.27744e+66 -6.27744e+66 -6.27744e+66 -6.27744e+66 -6.27744e+66 -6.27744e+66 -6.27744e+66 -6.27744e+66 -6.27744e+66 1148.63 1187.57 1361.49 1543.17 1957.5 2246.7 2892.96 3283.27 4040.06 4763.09 5790.42 6574.74 7840.92 
-6.27744e+66 -6.27744e+66 -6.27744e+66 -6.27744e+66 -6.27744e+66 -6.27744e+66 -6.27744e+66 -6.27744e+66 -6.27744e+66 -6.27744e+66 -6.27744e+66 -6.27744e+66 -6.27744e+66 1148.63 1235.59 1356.71 1667.45 1898.81 2437.36 2771.91 3434.1 4076.79 5001.4 5714.41 6875.08 
-6.27744e+66 -6.27744e+66 -6.27744e+66 -6.27744e+66 -6.27744e+66 -6.27744e+66 -6.27744e+66 -6.27744e+66 -6.27744e+66 -6.27744e+66 -6.27744e+66 -6.27744e+66 -6.27744e+66 -6.27744e+66 1148.63 1209.19 1416.35 1589.87 2020.71 2299.5 2867.09 3429.45 4251.32 4893.03 5948.18 
-6.27744e+66 -6.27744e+66 -6.27744e+66 -6.27744e+66 -6.27744e+66 -6.27744e+66 -6.27744e+66 -6.27744e+66 -6.27744e+66 -6.27744e+66 -6.27744e+66 -6.27744e+66 -6.27744e+66 -6.27744e+66 -6.27744e+66 1148.63 1252.21 1367.89 1691.02 1914.05 2387.04 2869.06 3588.2 4158.61 5108.25 
-6.27744e+66 -6.27744e+66 -6.27744e+66 -6.27744e+66 -6.27744e+66 -6.27744e+66 -6.27744e+66 -6.27744e+66 -6.27744e+66 -6.27744e+66 -6.27744e+66 -6.27744e+66 -6.27744e+66 -6.27744e+66 -6.27744e+66 -6.27744e+66 1148.63 1206.47 1421.89 1589.16 1967.56 2369.24 2985.64 3484.75 4328.87 
-6.27744e+66 -6.27744e+66 -6.27744e+66 -6.27744e+66 -6.27744e+66 -6.27744e+66 -6.27744e+66 -6.27744e+66 -6.27744e+66 -6.27744e+66 -6.27744e+66 -6.27744e+66 -6.27744e+66 -6.27744e+66 -6.27744e+66 -6.27744e+66 -6.27744e+66 1148.63 1256.34 1367.85 1651.65 1972.99 2486.66 2914.47 3653.08 
-6.27744e+66 -6.27744e+66 -6.27744e+66 -6.27744e+66 -6.27744e+66 -6.27744e+66 -6.27744e+66 -6.27744e+66 -6.27744e+66 -6.27744e+66 -6.27744e+66 -6.27744e+66 -6.27744e+66 -6.27744e+66 -6.27744e+66 -6.27744e+66 -6.27744e+66 -6.27744e+66 1148.63 1204.38 1393.58 1634.59 2045.53 2402.03 3035.12 
-6.27744e+66 -6.27744e+66 -6.27744e+66 -6.27744e+66 -6.27744e+66 -6.27744e+66 -6.27744e+66 -6.27744e+66 -6.27744e+66 -6.27744e+66 -6.27744e+66 -6.27744e+66 -6.27744e+66 -6.27744e+66 -6.27744e+66 -6.27744e+66 -6.27744e+66 -6.27744e+66 -6.27744e+66 1148.63 1243.22 1403.9 1712.1 1997.31 2524.88 
-6.27744e+66 -6.27744e+66 -6.27744e+66 -6.27744e+66 -6.27744e+66 -6.27744e+66 -6.27744e+66 -6.27744e+66 -6.27744e+66 -6.27744e+66 -6.27744e+66 -6.27744e+66 -6.27744e+66 -6.27744e+66 -6.27744e+66 -6.27744e+66 -6.27744e+66 -6.27744e+66 -6.27744e+66 -6.27744e+66 1148.63 1228.96 1434.43 1648.33 2070.39 
-6.27744e+66 -6.27744e+66 -6.27744e+66 -6.27744e+66 -6.27744e+66 -6.27744e+66 -6.27744e+66 -6.27744e+66 -6.27744e+66 -6.27744e+66 -6.27744e+66 -6.27744e+66 -6.27744e+66 -6.27744e+66 -6.27744e+66 -6.27744e+66 -6.27744e+66 -6.27744e+66 -6.27744e+66 -6.27744e+66 -6.27744e+66 1148.63 1251.36 1393.96 1710.51 
-6.27744e+66 -6.27744e+66 -6.27744e+66 -6.27744e+66 -6.27744e+66 -6.27744e+66 -6.27744e+66 -6.27744e+66 -6.27744e+66 -6.27744e+66 -6.27744e+66 -6.27744e+66 -6.27744e+66 -6.27744e+66 -6.27744e+66 -6.27744e+66 -6.27744e+66 -6.27744e+66 -6.27744e+66 -6.27744e+66 -6.27744e+66 -6.27744e+66 1148.63 1219.93 1430.96 
-6.27744e+66 -6.27744e+66 -6.27744e+66 -6.27744e+66 -6.27744e+66 -6.27744e+66 -6.27744e+66 -6.27744e+66 -6.27744e+66 -6.27744e+66 -6.27744e+66 -6.27744e+66 -6.27744e+66 -6.27744e+66 -6.27744e+66 -6.27744e+66 -6.27744e+66 -6.27744e+66 -6.27744e+66 -6.27744e+66 -6.27744e+66 -6.27744e+66 -6.27744e+66 1148.63 1254.14 
-6.27744e+66 -6.27744e+66 -6.27744e+66 -6.27744e+66 -6.27744e+66 -6.27744e+66 -6.27744e+66 -6.27744e+66 -6.27744e+66 -6.27744e+66 -6.27744e+66 -6.27744e+66 -6.27744e+66 -6.27744e+66 -6.27744e+66 -6.27744e+66 -6.27744e+66 -6.27744e+66 -6.27744e+66 -6.27744e+66 -6.27744e+66 -6.27744e+66 -6.27744e+66 -6.27744e+66 1148.63 
-6.27744e+66 -6.27744e+66 -6.27744e+66 -6.27744e+66 -6.27744e+66 -6.27744e+66 -6.27744e+66 -6.27744e+66 -6.27744e+66 -6.27744e+66 -6.27744e+66 -6.27744e+66 -6.27744e+66 -6.27744e+66 -6.27744e+66 -6.27744e+66 -6.27744e+66 -6.27744e+66 -6.27744e+66 -6.27744e+66 -6.27744e+66 -6.27744e+66 -6.27744e+66 -6.27744e+66 -6.27744e+66 
-6.27744e+66 628.278 723.871 831.095 1107.26 1302.85 1915.45 2210.46 3106.75 3373.68 4331.48 4864.01 5907.4 6408.65 7885.03 8876.6 10759.4 11634.9 13503.5 14421.6 16232.3 16930 19201.2 20649.4 22550.8 
-6.27744e+66 -6.27744e+66 628.278 681.89 865.997 1012.7 1502.77 1748.61 2516.86 2750.42 3601.81 4081.08 5029.62 5489.1 6851.91 7772.65 9529.95 10350.7 12109.4 12976.5 14691.9 15354.7 17517.8 18900.1 20718.8 
-6.27744e+66 -6.27744e+66 -6.27744e+66 628.278 720.331 818.131 1185.69 1382.36 2022.57 2222.76 2967.72 3393.75 4247.43 4665.14 5914.38 6764.3 8396.07 9162.12 10810.9 11626.9 13247.1 13875 15929.9 17246.4 18982.5 
-6.27744e+66 -6.27744e+66 -6.27744e+66 -6.27744e+66 628.278 677.178 922.214 1069.72 1581.88 1748.72 2387.25 2760.02 3518.86 3894.79 5030.47 5809.56 7315.81 8027.14 9565.97 10331 11855.9 12448.9 14395.7 15646.4 17299.8 
-6.27744e+66 -6.27744e+66 -6.27744e+66 -6.27744e+66 -6.27744e+66 628.278 750.796 849.133 1233.26 1366.72 1898.84 2218.35 2882.33 3216.5 4238.61 4946.87 6327.6 6984.21 8413.13 9127.19 10556.7 11114.9 12953.5 14138.3 15709.1 
-6.27744e+66 -6.27744e+66 -6.27744e+66 -6.27744e+66 -6.27744e+66 -6.27744e+66 628.278 677.446 933.529 1033.63 1459.32 1725.58 2294.71 2587.1 3495.64 4133.08 5388.29 5990.19 7309.18 7972.24 9306.48 9829.74 11560.2 12679.2 14167.3 
-6.27744e+66 -6.27744e+66 -6.27744e+66 -6.27744e+66 -6.27744e+66 -6.27744e+66 -6.27744e+66 628.278 756.319 823.052 1142.32 1355.33 1829.6 2080.22 2875.2 3441.81 4571.5 5118.68 6327.76 6939.81 8178.75 8667.12 10289.4 11342.6 12748 
-6.27744e+66 -6.27744e+66 -6.27744e+66 -6.27744e+66 -6.27744e+66 -6.27744e+66 -6.27744e+66 -6.27744e+66 628.278 661.644 874.49 1034.25 1413.66 1622.52 2303.92 2799.71 3803.88 4296.34 5395.5 5956.55 7100.19 7553.67 9067.83 10055.2 11377.9 
-6.27744e+66 -6.27744e+66 -6.27744e+66 -6.27744e+66 -6.27744e+66 -6.27744e+66 -6.27744e+66 -6.27744e+66 -6.27744e+66 628.278 734.701 841.206 1125.77 1292.85 1860.69 2285.65 3164.29 3602.04 4591.29 5101.33 6149.66 6568.27 7974.27 8895.82 10135.9 
-6.27744e+66 -6.27744e+66 -6.27744e+66 -6.27744e+66 -6.27744e+66 -6.27744e+66 -6.27744e+66 -6.27744e+66 -6.27744e+66 -6.27744e+66 628.278 681.531 871.239 996.55 1450.82 1804.95 2558.08 2941.1 3820.44 4279.48 5232.51 5616.23 6914.07 7769.8 8927.18 
-6.27744e+66 -6.27744e+66 -6.27744e+66 -6.27744e+66 -6.27744e+66 -6.27744e+66 -6.27744e+66 -6.27744e+66 -6.27744e+66 -6.27744e+66 -6.27744e+66 628.278 723.132 806.673 1147.38 1430.68 2058.29 2386.59 3156.01 3564.05 4421.77 4770.61 5960.3 6750.2 7824.91 
-6.27744e+66 -6.27744e+66 -6.27744e+66 -6.27744e+66 -6.27744e+66 -6.27744e+66 -6.27744e+66 -6.27744e+66 -6.27744e+66 -6.27744e+66 -6.27744e+66 -6.27744e+66 628.278 670.048 897.184 1109.66 1611.75 1885.34 2544.84 2901.87 3664.29 3978.24 5059.78 5783.86 6775.9 
-6.27744e+66 -6.27744e+66 -6.27744e+66 -6.27744e+66 -6.27744e+66 -6.27744e+66 -6.27744e+66 -6.27744e+66 -6.27744e+66 -6.27744e+66 -6.27744e+66 -6.27744e+66 -6.27744e+66 628.278 741.846 883.499 1260.06 1478.93 2028.52 2334.54 3001.66 3280.73 4254.12 4912.37 5821.74 
-6.27744e+66 -6.27744e+66 -6.27744e+66 -6.27744e+66 -6.27744e+66 -6.27744e+66 -6.27744e+66 -6.27744e+66 -6.27744e+66 -6.27744e+66 -6.27744e+66 -6.27744e+66 -6.27744e+66 -6.27744e+66 628.278 699.104 950.146 1114.3 1553.97 1808.99 2380.81 2624.99 3490.22 4082.65 4909.35 
-6.27744e+66 -6.27744e+66 -6.27744e+66 -6.27744e+66 -6.27744e+66 -6.27744e+66 -6.27744e+66 -6.27744e+66 -6.27744e+66 -6.27744e+66 -6.27744e+66 -6.27744e+66 -6.27744e+66 -6.27744e+66 -6.27744e+66 628.278 753.799 863.234 1192.98 1397 1873.52 2082.82 2839.9 3366.5 4110.53 
-6.27744e+66 -6.27744e+66 -6.27744e+66 -6.27744e+66 -6.27744e+66 -6.27744e+66 -6.27744e+66 -6.27744e+66 -6.27744e+66 -6.27744e+66 -6.27744e+66 -6.27744e+66 -6.27744e+66 -6.27744e+66 -6.27744e+66 -6.27744e+66 628.278 682.996 902.829 1055.84 1437.05 1611.47 2260.4 2721.17 3382.53 
-6.27744e+66 -6.27744e+66 -6.27744e+66 -6.27744e+66 -6.27744e+66 -6.27744e+66 -6.27744e+66 -6.27744e+66 -6.27744e+66 -6.27744e+66 -6.27744e+66 -6.27744e+66 -6.27744e+66 -6.27744e+66 -6.27744e+66 -6.27744e+66 -6.27744e+66 628.278 738.195 840.204 1126.11 1265.65 1806.42 2201.37 2780.06 
-6.27744e+66 -6.27744e+66 -6.27744e+66 -6.27744e+66 -6.27744e+66 -6.27744e+66 -6.27744e+66 -6.27744e+66 -6.27744e+66 -6.27744e+66 -6.27744e+66 -6.27744e+66 -6.27744e+66 -6.27744e+66 -6.27744e+66 -6.27744e+66 -6.27744e+66 -6.27744e+66 628.278 679.283 869.888 974.539 1407.15 1736.28 2232.3 
-6.27744e+66 -6.27744e+66 -6.27744e+66 -6.27744e+66 -6.27744e+66 -6.27744e+66 -6.27744e+66 -6.27744e+66 -6.27744e+66 -6.27744e+66 -6.27744e+66 -6.27744e+66 -6.27744e+66 -6.27744e+66 -6.27744e+66 -6.27744e+66 -6.27744e+66 -6.27744e+66 -6.27744e+66 628.278 723.581 793.348 1117.81 1381.11 1794.46 
-6.27744e+66 -6.27744e+66 -6.27744e+66 -6.27744e+66 -6.27744e+66 -6.27744e+66 -6.27744e+66 -6.27744e+66 -6.27744e+66 -6.27744e+66 -6.27744e+66 -6.27744e+66 -6.27744e+66 -6.27744e+66 -6.27744e+66 -6.27744e+66 -6.27744e+66 -6.27744e+66 -6.27744e+66 -6.27744e+66 628.278 663.162 879.469 1076.94 1407.62 
-6.27744e+66 -6.27744e+66 -6.27744e+66 -6.27744e+66 -6.27744e+66 -6.27744e+66 -6.27744e+66 -6.27744e+66 -6.27744e+66 -6.27744e+66 -6.27744e+66 -6.27744e+66 -6.27744e+66 -6.27744e+66 -6.27744e+66 -6.27744e+66 -6.27744e+66 -6.27744e+66 -6.27744e+66 -6.27744e+66 -6.27744e+66 628.278 736.432 868.082 1116.09 
-6.27744e+66 -6.27744e+66 -6.27744e+66 -6.27744e+66 -6.27744e+66 -6.27744e+66 -6.27744e+66 -6.27744e+66 -6.27744e+66 -6.27744e+66 -6.27744e+66 -6.27744e+66 -6.27744e+66 -6.27744e+66 -6.27744e+66 -6.27744e+66 -6.27744e+66 -6.27744e+66 -6.27744e+66 -6.27744e+66 -6.27744e+66 -6.27744e+66 628.278 694.103 859.443 
-6.27744e+66 -6.27744e+66 -6.27744e+66 -6.27744e+66 -6.27744e+66 -6.27744e+66 -6.27744e+66 -6.27744e+66 -6.27744e+66 -6.27744e+66 -6.27744e+66 -6.27744e+66 -6.27744e+66 -6.27744e+66 -6.27744e+66 -6.27744e+66 -6.27744e+66 -6.27744e+66 -6.27744e+66 -6.27744e+66 -6.27744e+66 -6.27744e+66 -6.27744e+66 628.278 710.948 
-6.27744e+66 -6.27744e+66 -6.27744e+66 -6.27744e+66 -6.27744e+66 -6.27744e+66 -6.27744e+66 -6.27744e+66 -6.27744e+66 -6.27744e+66 -6.27744e+66 -6.27744e+66 -6.27744e+66 -6.27744e+66 -6.27744e+66 -6.27744e+66 -6.27744e+66 -6.27744e+66 -6.27744e+66 -6.27744e+66 -6.27744e+66 -6.27744e+66 -6.27744e+66 -6.27744e+66 628.278 
-6.27744e+66 -6.27744e+66 -6.27744e+66 -6.27744e+66 -6.27744e+66 -6.27744e+66 -6.27744e+66 -6.27744e+66 -6.27744e+66 -6.27744e+66 -6.27744e+66 -6.27744e+66 -6.27744e+66 -6.27744e+66 -6.27744e+66 -6.27744e+66 -6.27744e+66 -6.27744e+66 -6.27744e+66 -6.27744e+66 -6.27744e+66 -6.27744e+66 -6.27744e+66 -6.27744e+66 -6.27744e+66 
-6.27744e+66 1084.59 1158.11 1250.48 1523.08 1810.43 2130.34 2470.92 3239.29 3906.89 4894.89 5432.51 6262.57 6671.75 7711.26 8196.07 10107.9 11441.1 13493.8 14283.4 16154.7 17346.2 19378.7 20401.1 22330.2 
-6.27744e+66 -6.27744e+66 1084.59 1130.78 1312.51 1528.02 1783.95 2067.77 2726.37 3310.52 4188.74 4672.6 5427.2 5802.29 6761.83 7212.02 8996.36 10246.2 12178.3 12924 14696.8 15828.7 17764.4 18740.3 20585.5 
-6.27744e+66 -6.27744e+66 -6.27744e+66 1084.59 1175.46 1319.13 1511.08 1738.13 2286.97 2787.67 3556.11 3986.21 4665.35 5006.34 5885.92 6301.47 7958.36 9124.9 10936.2 11638 13312.3 14384.7 16223.6 17153.1 18914.4 
-6.27744e+66 -6.27744e+66 -6.27744e+66 -6.27744e+66 1084.59 1156.43 1284.39 1454.69 1893.75 2311 2969.67 3346.01 3949.69 4256.57 5056.19 5437.12 6966.55 8049.77 9740.3 10398.3 11974.1 12986.8 14729 15612 17289.4 
-6.27744e+66 -6.27744e+66 -6.27744e+66 -6.27744e+66 -6.27744e+66 1084.59 1148.57 1262.1 1591.4 1925.2 2474.09 2796.67 3324.89 3597.67 4317.33 4663.63 6065.61 7065.5 8635.28 9249.38 10726.7 11679.9 13325.3 14161.8 15755.4 
-6.27744e+66 -6.27744e+66 -6.27744e+66 -6.27744e+66 -6.27744e+66 -6.27744e+66 1084.59 1141.36 1360.89 1611.24 2050.35 2319.16 2771.92 3010.61 3650.31 3961.97 5236.5 6153.07 7602.1 8172.34 9551.18 10444.8 11993.4 12783.4 14293.1 
-6.27744e+66 -6.27744e+66 -6.27744e+66 -6.27744e+66 -6.27744e+66 -6.27744e+66 -6.27744e+66 1084.59 1194.36 1361.26 1690.59 1905.64 2282.94 2487.53 3047.27 3324.3 4471.38 5304.62 6632.9 7159.27 8439.63 9273.66 10725.5 11469 12894.9 
-6.27744e+66 -6.27744e+66 -6.27744e+66 -6.27744e+66 -6.27744e+66 -6.27744e+66 -6.27744e+66 -6.27744e+66 1084.59 1168.04 1387.6 1548.89 1850.73 2021.22 2500.99 2743.4 3763.02 4512.94 5720.46 6202.97 7384.84 8159.3 9514.3 10211.4 11553.4 
-6.27744e+66 -6.27744e+66 -6.27744e+66 -6.27744e+66 -6.27744e+66 -6.27744e+66 -6.27744e+66 -6.27744e+66 -6.27744e+66 1084.59 1194.37 1301.9 1528.28 1664.67 2064.48 2272.26 3164.43 3831.02 4917.79 5356.44 6439.82 7154.7 8412.92 9063.56 10321.6 
-6.27744e+66 -6.27744e+66 -6.27744e+66 -6.27744e+66 -6.27744e+66 -6.27744e+66 -6.27744e+66 -6.27744e+66 -6.27744e+66 -6.27744e+66 1084.59 1138.36 1289.28 1391.57 1711.42 1884.57 2649.28 3232.55 4198.57 4593.35 5578.24 6233.55 7394.99 7999.15 9173.36 
-6.27744e+66 -6.27744e+66 -6.27744e+66 -6.27744e+66 -6.27744e+66 -6.27744e+66 -6.27744e+66 -6.27744e+66 -6.27744e+66 -6.27744e+66 -6.27744e+66 1084.59 1160.05 1228.25 1468.13 1606.65 2243.92 2743.86 3589.13 3940.05 4826.45 5422.18 6486.83 7044.52 8134.86 
-6.27744e+66 -6.27744e+66 -6.27744e+66 -6.27744e+66 -6.27744e+66 -6.27744e+66 -6.27744e+66 -6.27744e+66 -6.27744e+66 -6.27744e+66 -6.27744e+66 -6.27744e+66 1084.59 1118.69 1278.61 1382.5 1892.32 2308.94 3033.45 3340.5 4128.41 4664.58 5632.44 6143.65 7150.12 
-6.27744e+66 -6.27744e+66 -6.27744e+66 -6.27744e+66 -6.27744e+66 -6.27744e+66 -6.27744e+66 -6.27744e+66 -6.27744e+66 -6.27744e+66 -6.27744e+66 -6.27744e+66 -6.27744e+66 1084.59 1164.55 1233.81 1616.17 1949.47 2553.23 2816.42 3505.84 3982.43 4853.51 5318.25 6240.84 
-6.27744e+66 -6.27744e+66 -6.27744e+66 -6.27744e+66 -6.27744e+66 -6.27744e+66 -6.27744e+66 -6.27744e+66 -6.27744e+66 -6.27744e+66 -6.27744e+66 -6.27744e+66 -6.27744e+66 -6.27744e+66 1084.59 1119.22 1374.13 1624.1 2107.11 2326.43 2917.37 3334.38 4108.67 4526.94 5365.66 
-6.27744e+66 -6.27744e+66 -6.27744e+66 -6.27744e+66 -6.27744e+66 -6.27744e+66 -6.27744e+66 -6.27744e+66 -6.27744e+66 -6.27744e+66 -6.27744e+66 -6.27744e+66 -6.27744e+66 -6.27744e+66 -6.27744e+66 1084.59 1212.05 1378.69 1740.95 1916.41 2408.85 2766.3 3443.8 3815.59 4570.44 
-6.27744e+66 -6.27744e+66 -6.27744e+66 -6.27744e+66 -6.27744e+66 -6.27744e+66 -6.27744e+66 -6.27744e+66 -6.27744e+66 -6.27744e+66 -6.27744e+66 -6.27744e+66 -6.27744e+66 -6.27744e+66 -6.27744e+66 -6.27744e+66 1084.59 1167.92 1409.42 1541.01 1934.97 2232.84 2813.56 3138.87 3809.85 
-6.27744e+66 -6.27744e+66 -6.27744e+66 -6.27744e+66 -6.27744e+66 -6.27744e+66 -6.27744e+66 -6.27744e+66 -6.27744e+66 -6.27744e+66 -6.27744e+66 -6.27744e+66 -6.27744e+66 -6.27744e+66 -6.27744e+66 -6.27744e+66 -6.27744e+66 1084.59 1205.34 1293.07 1588.54 1826.84 2310.77 2589.61 3176.71 
-6.27744e+66 -6.27744e+66 -6.27744e+66 -6.27744e+66 -6.27744e+66 -6.27744e+66 -6.27744e+66 -6.27744e+66 -6.27744e+66 -6.27744e+66 -6.27744e+66 -6.27744e+66 -6.27744e+66 -6.27744e+66 -6.27744e+66 -6.27744e+66 -6.27744e+66 -6.27744e+66 1084.59 1128.46 1325.43 1504.16 1891.3 2123.67 2626.9 
-6.27744e+66 -6.27744e+66 -6.27744e+66 -6.27744e+66 -6.27744e+66 -6.27744e+66 -6.27744e+66 -6.27744e+66 -6.27744e+66 -6.27744e+66 -6.27744e+66 -6.27744e+66 -6.27744e+66 -6.27744e+66 -6.27744e+66 -6.27744e+66 -6.27744e+66 -6.27744e+66 -6.27744e+66 1084.59 1183.08 1302.23 1592.59 1778.48 2197.84 
-6.27744e+66 -6.27744e+66 -6.27744e+66 -6.27744e+66 -6.27744e+66 -6.27744e+66 -6.27744e+66 -6.27744e+66 -6.27744e+66 -6.27744e+66 -6.27744e+66 -6.27744e+66 -6.27744e+66 -6.27744e+66 -6.27744e+66 -6.27744e+66 -6.27744e+66 -6.27744e+66 -6.27744e+66 -6.27744e+66 1084.59 1144.17 1337.74 1477.16 1812.65 
-6.27744e+66 -6.27744e+66 -6.27744e+66 -6.27744e+66 -6.27744e+66 -6.27744e+66 -6.27744e+66 -6.27744e+66 -6.27744e+66 -6.27744e+66 -6.27744e+66 -6.27744e+66 -6.27744e+66 -6.27744e+66 -6.27744e+66 -6.27744e+66 -6.27744e+66 -6.27744e+66 -6.27744e+66 -6.27744e+66 -6.27744e+66 1084.59 1181.38 1274.33 1525.94 
-6.27744e+66 -6.27744e+66 -6.27744e+66 -6.27744e+66 -6.27744e+66 -6.27744e+66 -6.27744e+66 -6.27744e+66 -6.27744e+66 -6.27744e+66 -6.27744e+66 -6.27744e+66 -6.27744e+66 -6.27744e+66 -6.27744e+66 -6.27744e+66 -6.27744e+66 -6.27744e+66 -6.27744e+66 -6.27744e+66 -6.27744e+66 -6.27744e+66 1084.59 1131.07 1298.81 
-6.27744e+66 -6.27744e+66 -6.27744e+66 -6.27744e+66 -6.27744e+66 -6.27744e+66 -6.27744e+66 -6.27744e+66 -6.27744e+66 -6.27744e+66 -6.27744e+66 -6.27744e+66 -6.27744e+66 -6.27744e+66 -6.27744e+66 -6.27744e+66 -6.27744e+66 -6.27744e+66 -6.27744e+66 -6.27744e+66 -6.27744e+66 -6.27744e+66 -6.27744e+66 1084.59 1168.46 
-6.27744e+66 -6.27744e+66 -6.27744e+66 -6.27744e+66 -6.27744e+66 -6.27744e+66 -6.27744e+66 -6.27744e+66 -6.27744e+66 -6.27744e+66 -6.27744e+66 -6.27744e+66 -6.27744e+66 -6.27744e+66 -6.27744e+66 -6.27744e+66 -6.27744e+66 -6.27744e+66 -6.27744e+66 -6.27744e+66 -6.27744e+66 -6.27744e+66 -6.27744e+66 -6.27744e+66 1084.59 
-6.27744e+66 -6.27744e+66 -6.27744e+66 -6.27744e+66 -6.27744e+66 -6.27744e+66 -6.27744e+66 -6.27744e+66 -6.27744e+66 -6.27744e+66 -6.27744e+66 -6.27744e+66 -6.27744e+66 -6.27744e+66 -6.27744e+66 -6.27744e+66 -6.27744e+66 -6.27744e+66 -6.27744e+66 -6.27744e+66 -6.27744e+66 -6.27744e+66 -6.27744e+66 -6.27744e+66 -6.27744e+66 
-6.27744e+66 185.524 289.086 474.006 770.453 800.294 1200.68 1738.18 2349.82 2579.17 3637.89 3774.39 4943.12 5277.53 6712.82 7591.57 8443.81 9475.67 11023.1 11835.4 13780.5 15608.9 16984.5 18831.4 21219.1 
-6.27744e+66 -6.27744e+66 185.524 277.983 475.615 497.996 818.307 1266.22 1790.48 1991.17 2932.25 3055.1 4117.58 4424.13 5749 6564.99 7360.42 8327.78 9784.21 10551.3 12394.1 14131.1 15441.2 17204.2 19488 
-6.27744e+66 -6.27744e+66 -6.27744e+66 185.524 284.339 299.26 539.493 897.823 1334.71 1506.72 2330.17 2439.37 3395.61 3674.28 4888.75 5641.97 6380.58 7283.45 8648.86 9370.85 11111.2 12756.8 14001.4 15680.4 17860.5 
-6.27744e+66 -6.27744e+66 -6.27744e+66 -6.27744e+66 185.524 192.984 353.139 621.887 971.397 1114.74 1820.56 1916.1 2766.09 3016.9 4120.96 4811.42 5493.21 6331.59 7605.96 8282.83 9920.81 11475 12654.1 14249.2 16325.4 
-6.27744e+66 -6.27744e+66 -6.27744e+66 -6.27744e+66 -6.27744e+66 185.524 265.601 444.766 706.899 821.574 1409.75 1491.65 2235.39 2458.33 3451.99 4079.67 4704.65 5478.54 6661.89 7293.63 8829.24 10292 11405.6 12916.7 14889.1 
-6.27744e+66 -6.27744e+66 -6.27744e+66 -6.27744e+66 -6.27744e+66 -6.27744e+66 185.524 275.106 449.861 535.868 1006.41 1074.66 1712.15 1907.22 2790.47 3355.39 3923.55 4632.95 5725.27 6311.89 7745.12 9116.46 10164.6 11591.7 13460.3 
-6.27744e+66 -6.27744e+66 -6.27744e+66 -6.27744e+66 -6.27744e+66 -6.27744e+66 -6.27744e+66 185.524 272.901 330.239 683.146 737.743 1268.99 1436.19 2209.04 2711.18 3222.53 3867.44 4868.73 5410.22 6741.09 8021 9003.59 10346.8 12111.6 
-6.27744e+66 -6.27744e+66 -6.27744e+66 -6.27744e+66 -6.27744e+66 -6.27744e+66 -6.27744e+66 -6.27744e+66 185.524 214.192 449.464 490.412 915.407 1054.74 1717.18 2156.56 2611.09 3191.51 4101.78 4598.14 5826.63 7015.12 7932.21 9191.46 10852.4 
-6.27744e+66 -6.27744e+66 -6.27744e+66 -6.27744e+66 -6.27744e+66 -6.27744e+66 -6.27744e+66 -6.27744e+66 -6.27744e+66 185.524 303.159 330.458 649.205 760.674 1312.71 1689.32 2087.03 2602.96 3422.2 3873.44 4999.55 6096.62 6948.21 8123.5 9680.68 
-6.27744e+66 -6.27744e+66 -6.27744e+66 -6.27744e+66 -6.27744e+66 -6.27744e+66 -6.27744e+66 -6.27744e+66 -6.27744e+66 -6.27744e+66 185.524 199.173 411.671 495.273 936.898 1250.74 1591.64 2043.07 2771.29 3177.41 4201.15 5206.79 5992.87 7084.22 8537.58 
-6.27744e+66 -6.27744e+66 -6.27744e+66 -6.27744e+66 -6.27744e+66 -6.27744e+66 -6.27744e+66 -6.27744e+66 -6.27744e+66 -6.27744e+66 -6.27744e+66 185.524 291.772 347.507 678.726 929.8 1213.88 1600.83 2238.01 2599.01 3520.37 4434.6 5155.17 6162.57 7512.12 
-6.27744e+66 -6.27744e+66 -6.27744e+66 -6.27744e+66 -6.27744e+66 -6.27744e+66 -6.27744e+66 -6.27744e+66 -6.27744e+66 -6.27744e+66 -6.27744e+66 -6.27744e+66 185.524 213.391 434.204 622.509 849.773 1172.23 1718.39 2034.26 2853.25 3676.05 4331.12 5254.56 6500.3 
-6.27744e+66 -6.27744e+66 -6.27744e+66 -6.27744e+66 -6.27744e+66 -6.27744e+66 -6.27744e+66 -6.27744e+66 -6.27744e+66 -6.27744e+66 -6.27744e+66 -6.27744e+66 -6.27744e+66 185.524 295.93 421.467 591.915 849.878 1305.01 1575.76 2292.38 3023.75 3613.31 4452.81 5594.74 
-6.27744e+66 -6.27744e+66 -6.27744e+66 -6.27744e+66 -6.27744e+66 -6.27744e+66 -6.27744e+66 -6.27744e+66 -6.27744e+66 -6.27744e+66 -6.27744e+66 -6.27744e+66 -6.27744e+66 -6.27744e+66 185.524 248.292 361.924 555.397 919.504 1145.13 1759.37 2399.32 2923.38 3678.93 4717.04 
-6.27744e+66 -6.27744e+66 -6.27744e+66 -6.27744e+66 -6.27744e+66 -6.27744e+66 -6.27744e+66 -6.27744e+66 -6.27744e+66 -6.27744e+66 -6.27744e+66 -6.27744e+66 -6.27744e+66 -6.27744e+66 -6.27744e+66 185.524 242.34 371.321 644.402 824.899 1336.77 1885.3 2343.85 3015.45 3949.75 
-6.27744e+66 -6.27744e+66 -6.27744e+66 -6.27744e+66 -6.27744e+66 -6.27744e+66 -6.27744e+66 -6.27744e+66 -6.27744e+66 -6.27744e+66 -6.27744e+66 -6.27744e+66 -6.27744e+66 -6.27744e+66 -6.27744e+66 -6.27744e+66 185.524 250.014 432.068 567.441 976.937 1434.05 1827.09 2414.74 3245.23 
-6.27744e+66 -6.27744e+66 -6.27744e+66 -6.27744e+66 -6.27744e+66 -6.27744e+66 -6.27744e+66 -6.27744e+66 -6.27744e+66 -6.27744e+66 -6.27744e+66 -6.27744e+66 -6.27744e+66 -6.27744e+66 -6.27744e+66 -6.27744e+66 -6.27744e+66 185.524 276.55 366.799 673.921 1039.61 1367.14 1870.84 2597.52 
-6.27744e+66 -6.27744e+66 -6.27744e+66 -6.27744e+66 -6.27744e+66 -6.27744e+66 -6.27744e+66 -6.27744e+66 -6.27744e+66 -6.27744e+66 -6.27744e+66 -6.27744e+66 -6.27744e+66 -6.27744e+66 -6.27744e+66 -6.27744e+66 -6.27744e+66 -6.27744e+66 185.524 230.648 435.396 709.662 971.689 1391.44 2014.31 
-6.27744e+66 -6.27744e+66 -6.27744e+66 -6.27744e+66 -6.27744e+66 -6.27744e+66 -6.27744e+66 -6.27744e+66 -6.27744e+66 -6.27744e+66 -6.27744e+66 -6.27744e+66 -6.27744e+66 -6.27744e+66 -6.27744e+66 -6.27744e+66 -6.27744e+66 -6.27744e+66 -6.27744e+66 185.524 287.898 470.742 667.262 1003.06 1522.12 
-6.27744e+66 -6.27744e+66 -6.27744e+66 -6.27744e+66 -6.27744e+66 -6.27744e+66 -6.27744e+66 -6.27744e+66 -6.27744e+66 -6.27744e+66 -6.27744e+66 -6.27744e+66 -6.27744e+66 -6.27744e+66 -6.27744e+66 -6.27744e+66 -6.27744e+66 -6.27744e+66 -6.27744e+66 -6.27744e+66 185.524 276.946 407.959 659.808 1075.05 
-6.27744e+66 -6.27744e+66 -6.27744e+66 -6.27744e+66 -6.27744e+66 -6.27744e+66 -6.27744e+66 -6.27744e+66 -6.27744e+66 -6.27744e+66 -6.27744e+66 -6.27744e+66 -6.27744e+66 -6.27744e+66 -6.27744e+66 -6.27744e+66 -6.27744e+66 -6.27744e+66 -6.27744e+66 -6.27744e+66 -6.27744e+66 185.524 251.03 418.93 730.365 
-6.27744e+66 -6.27744e+66 -6.27744e+66 -6.27744e+66 -6.27744e+66 -6.27744e+66 -6.27744e+66 -6.27744e+66 -6.27744e+66 -6.27744e+66 -6.27744e+66 -6.27744e+66 -6.27744e+66 -6.27744e+66 -6.27744e+66 -6.27744e+66 -6.27744e+66 -6.27744e+66 -6.27744e+66 -6.27744e+66 -6.27744e+66 -6.27744e+66 185.524 269.473 477.097 
-6.27744e+66 -6.27744e+66 -6.27744e+66 -6.27744e+66 -6.27744e+66 -6.27744e+66 -6.27744e+66 -6.27744e+66 -6.27744e+66 -6.27744e+66 -6.27744e+66 -6.27744e+66 -6.27744e+66 -6.27744e+66 -6.27744e+66 -6.27744e+66 -6.27744e+66 -6.27744e+66 -6.27744e+66 -6.27744e+66 -6.27744e+66 -6.27744e+66 -6.27744e+66 185.524 289.335 
-6.27744e+66 -6.27744e+66 -6.27744e+66 -6.27744e+66 -6.27744e+66 -6.27744e+66 -6.27744e+66 -6.27744e+66 -6.27744e+66 -6.27744e+66 -6.27744e+66 -6.27744e+66 -6.27744e+66 -6.27744e+66 -6.27744e+66 -6.27744e+66 -6.27744e+66 -6.27744e+66 -6.27744e+66 -6.27744e+66 -6.27744e+66 -6.27744e+66 -6.27744e+66 -6.27744e+66 185.524 
-6.27744e+66 -6.27744e+66 -6.27744e+66 -6.27744e+66 -6.27744e+66 -6.27744e+66 -6.27744e+66 -6.27744e+66 -6.27744e+66 -6.27744e+66 -6.27744e+66 -6.27744e+66 -6.27744e+66 -6.27744e+66 -6.27744e+66 -6.27744e+66 -6.27744e+66 -6.27744e+66 -6.27744e+66 -6.27744e+66 -6.27744e+66 -6.27744e+66 -6.27744e+66 -6.27744e+66 -6.27744e+66 
