24 40 
3485.9 3485.9 3485.9 3485.9 3485.9 3485.9 3485.9 3485.9 3485.9 3485.9 3485.9 3485.9 3485.9 3485.9 3485.9 3485.9 3485.9 3485.9 3485.9 3485.9 3485.9 3485.9 3485.9 3485.9 
item 0
21.9157 93.2712 0 105.298 0 0 63.7144 111.159 0 93.2704 0 113.361 0 96.9462 0 0 0 104.581 0 85.246 50.0525 100.449 67.1544 0 
403.728 403.728 403.728 403.728 403.728 403.728 403.728 403.728 403.728 403.728 403.728 403.728 403.728 403.728 403.728 403.728 403.728 403.728 403.728 403.728 403.728 403.728 403.728 403.728 
1 1 1 1 1 1 1 1 1 1 1 1 1 1 1 1 1 1 1 1 1 1 1 1 
item 1
83.8482 0 47.7272 97.1393 0 95.7389 81.6246 88.6864 0 100.65 0 80.0534 85.0498 0 75.7841 91.6751 0 85.3704 0 86.0761 0 97.5674 63.119 74.0284 
148.737 148.737 148.737 148.737 148.737 148.737 148.737 148.737 148.737 148.737 148.737 148.737 148.737 148.737 148.737 148.737 148.737 148.737 148.737 148.737 148.737 148.737 148.737 148.737 
1 1 1 1 1 1 1 1 1 1 1 1 1 1 1 1 1 1 1 1 1 1 1 1 
item 2
92.6358 0 0 126.089 0 108.775 0 89.0666 0 95.087 0 0 31.5099 0 0 118.674 0 92.07 59.6424 87.6452 0 93.6068 0 93.4724 
330.84 330.84 330.84 330.84 330.84 330.84 330.84 330.84 330.84 330.84 330.84 330.84 330.84 330.84 330.84 330.84 330.84 330.84 330.84 330.84 330.84 330.84 330.84 330.84 
1 1 1 1 1 1 1 1 1 1 1 1 1 1 1 1 1 1 1 1 1 1 1 1 
item 3
20.8283 107.961 0 117.064 0 0 0 92.7714 28.1336 77.4315 0 0 0 0 45.5564 0 0 0 64.8423 0 0 0 0 115.798 
65.5968 65.5968 65.5968 65.5968 65.5968 65.5968 65.5968 65.5968 65.5968 65.5968 65.5968 65.5968 65.5968 65.5968 65.5968 65.5968 65.5968 65.5968 65.5968 65.5968 65.5968 65.5968 65.5968 65.5968 
1 1 1 1 1 1 1 1 1 1 1 1 1 1 1 1 1 1 1 1 1 1 1 1 
item 4
36.4634 0 38.7687 99.579 55.7035 0 0 119.28 48.9999 67.1798 0 82.1389 0 0 0 0 0 0 81.8737 0 69.0881 88.7717 0 0 
100.827 100.827 100.827 100.827 100.827 100.827 100.827 100.827 100.827 100.827 100.827 100.827 100.827 100.827 100.827 100.827 100.827 100.827 100.827 100.827 100.827 100.827 100.827 100.827 
1 1 1 1 1 1 1 1 1 1 1 1 1 1 1 1 1 1 1 1 1 1 1 1 
item 5
77.6873 0 0 0 69.6497 0 57.6893 131.216 64.5262 0 39.6973 0 0 0 0 0 28.1144 0 0 0 60.7793 0 18.4063 0 
50.8035 50.8035 50.8035 50.8035 50.8035 50.8035 50.8035 50.8035 50.8035 50.8035 50.8035 50.8035 50.8035 50.8035 50.8035 50.8035 50.8035 50.8035 50.8035 50.8035 50.8035 50.8035 50.8035 50.8035 
1 1 1 1 1 1 1 1 1 1 1 1 1 1 1 1 1 1 1 1 1 1 1 1 
item 6
56.5395 0 72.2362 92.5894 32.8633 0 0 0 0 0 0 0 0 0 0 83.6651 0 122.22 0 119.071 25.8134 149.781 25.5183 111.756 
388.633 388.633 388.633 388.633 388.633 388.633 388.633 388.633 388.633 388.633 388.633 388.633 388.633 388.633 388.633 388.633 388.633 388.633 388.633 388.633 388.633 388.633 388.633 388.633 
1 1 1 1 1 1 1 1 1 1 1 1 1 1 1 1 1 1 1 1 1 1 1 1 
item 7
66.1488 0 50.8035 0 29.562 0 66.7816 114.798 84.8375 97.6012 0 90.3232 0 116.776 0 0 0 88.524 0 92.6224 20.92 0 74.7796 121.063 
159.755 159.755 159.755 159.755 159.755 159.755 159.755 159.755 159.755 159.755 159.755 159.755 159.755 159.755 159.755 159.755 159.755 159.755 159.755 159.755 159.755 159.755 159.755 159.755 
1 1 1 1 1 1 1 1 1 1 1 1 1 1 1 1 1 1 1 1 1 1 1 1 
item 8
75.6303 101.072 0 0 48.4407 0 0 117.725 0 113.873 0 84.0661 0 83.6493 0 85.1566 0 0 0 0 0 115.15 42.5174 85.3691 
403.583 403.583 403.583 403.583 403.583 403.583 403.583 403.583 403.583 403.583 403.583 403.583 403.583 403.583 403.583 403.583 403.583 403.583 403.583 403.583 403.583 403.583 403.583 403.583 
1 1 1 1 1 1 1 1 1 1 1 1 1 1 1 1 1 1 1 1 1 1 1 1 
item 9
55.2175 0 49.5887 0 0 68.9757 31.4973 104.11 0 0 0 0 92.3644 0 0 44.0157 66.7 89.8025 0 0 47.2671 0 60.0778 76.6647 
258.301 258.301 258.301 258.301 258.301 258.301 258.301 258.301 258.301 258.301 258.301 258.301 258.301 258.301 258.301 258.301 258.301 258.301 258.301 258.301 258.301 258.301 258.301 258.301 
1 1 1 1 1 1 1 1 1 1 1 1 1 1 1 1 1 1 1 1 1 1 1 1 
item 10
66.9864 100.006 0 0 59.2026 99.0827 45.4263 102.857 0 0 0 0 0 81.8844 0 107.072 73.2469 0 49.3236 68.6333 59.817 92.6343 0 91.2117 
336.201 336.201 336.201 336.201 336.201 336.201 336.201 336.201 336.201 336.201 336.201 336.201 336.201 336.201 336.201 336.201 336.201 336.201 336.201 336.201 336.201 336.201 336.201 336.201 
1 1 1 1 1 1 1 1 1 1 1 1 1 1 1 1 1 1 1 1 1 1 1 1 
item 11
56.6042 0 0 91.3261 0 89.1165 0 0 0 0 60.7218 0 0 46.0423 0 0 99.4123 128.527 0 0 70.319 91.7477 0 74.2922 
318.116 318.116 318.116 318.116 318.116 318.116 318.116 318.116 318.116 318.116 318.116 318.116 318.116 318.116 318.116 318.116 318.116 318.116 318.116 318.116 318.116 318.116 318.116 318.116 
1 1 1 1 1 1 1 1 1 1 1 1 1 1 1 1 1 1 1 1 1 1 1 1 
item 12
62.3835 0 55.3928 0 0 87.4119 35.3425 0 0 69.3008 0 0 0 0 57.4288 0 0 98.1409 76.8293 0 36.5918 109.814 0 0 
409.93 409.93 409.93 409.93 409.93 409.93 409.93 409.93 409.93 409.93 409.93 409.93 409.93 409.93 409.93 409.93 409.93 409.93 409.93 409.93 409.93 409.93 409.93 409.93 
1 1 1 1 1 1 1 1 1 1 1 1 1 1 1 1 1 1 1 1 1 1 1 1 
item 13
61.4587 0 50.3576 0 66.6666 0 35.4073 106.438 0 0 0 100.667 13.6538 0 74.9085 0 0 93.3885 0 0 48.2121 0 0 0 
97.6091 97.6091 97.6091 97.6091 97.6091 97.6091 97.6091 97.6091 97.6091 97.6091 97.6091 97.6091 97.6091 97.6091 97.6091 97.6091 97.6091 97.6091 97.6091 97.6091 97.6091 97.6091 97.6091 97.6091 
1 1 1 1 1 1 1 1 1 1 1 1 1 1 1 1 1 1 1 1 1 1 1 1 
item 14
34.9917 0 53.5657 0 0 100.755 45.2488 0 0 0 0 0 0 97.4138 25.4411 97.8875 57.7481 0 68.0744 78.7515 0 116.732 0 0 
177.76 177.76 177.76 177.76 177.76 177.76 177.76 177.76 177.76 177.76 177.76 177.76 177.76 177.76 177.76 177.76 177.76 177.76 177.76 177.76 177.76 177.76 177.76 177.76 
1 1 1 1 1 1 1 1 1 1 1 1 1 1 1 1 1 1 1 1 1 1 1 1 
item 15
59.0826 0 0 130.682 4.5596 98.0594 50.7844 69.9744 0 107.302 84.77 0 61.7164 105.07 55.9551 99.3873 0 110.251 0 95.8633 0 0 48.4678 123.717 
762.149 762.149 762.149 762.149 762.149 762.149 762.149 762.149 762.149 762.149 762.149 762.149 762.149 762.149 762.149 762.149 762.149 762.149 762.149 762.149 762.149 762.149 762.149 762.149 
1 1 1 1 1 1 1 1 1 1 1 1 1 1 1 1 1 1 1 1 1 1 1 1 
item 16
61.3017 0 32.0034 0 57.306 54.8309 55.608 0 0 0 51.4672 0 0 0 26.0545 0 0 91.8397 29.3246 102.028 0 0 40.6441 0 
288.693 288.693 288.693 288.693 288.693 288.693 288.693 288.693 288.693 288.693 288.693 288.693 288.693 288.693 288.693 288.693 288.693 288.693 288.693 288.693 288.693 288.693 288.693 288.693 
1 1 1 1 1 1 1 1 1 1 1 1 1 1 1 1 1 1 1 1 1 1 1 1 
item 17
55.5467 73.9469 14.0781 87.1578 0 0 80.7615 96.3411 0 0 0 0 0 0 0 141.679 0 93.9316 0 0 27.6601 95.8457 72.3848 124.516 
92.9677 92.9677 92.9677 92.9677 92.9677 92.9677 92.9677 92.9677 92.9677 92.9677 92.9677 92.9677 92.9677 92.9677 92.9677 92.9677 92.9677 92.9677 92.9677 92.9677 92.9677 92.9677 92.9677 92.9677 
1 1 1 1 1 1 1 1 1 1 1 1 1 1 1 1 1 1 1 1 1 1 1 1 
item 18
70.6347 0 0 0 45.332 68.4651 0 112.064 0 0 61.6074 0 37.9394 0 61.6112 0 0 88.9085 0 0 0 98.413 36.2586 96.8414 
131.744 131.744 131.744 131.744 131.744 131.744 131.744 131.744 131.744 131.744 131.744 131.744 131.744 131.744 131.744 131.744 131.744 131.744 131.744 131.744 131.744 131.744 131.744 131.744 
1 1 1 1 1 1 1 1 1 1 1 1 1 1 1 1 1 1 1 1 1 1 1 1 
item 19
45.493 0 0 0 79.0265 118.942 53.8087 122.657 0 0 0 104.61 54.845 128.878 53.548 0 0 93.8257 0 0 35.012 0 0 0 
302.233 302.233 302.233 302.233 302.233 302.233 302.233 302.233 302.233 302.233 302.233 302.233 302.233 302.233 302.233 302.233 302.233 302.233 302.233 302.233 302.233 302.233 302.233 302.233 
1 1 1 1 1 1 1 1 1 1 1 1 1 1 1 1 1 1 1 1 1 1 1 1 
item 20
28.7871 0 0 79.4785 0 0 30.8253 117.33 55.0355 118.86 0 0 57.8051 81.7315 50.6806 0 0 0 0 0 13.175 95.7152 0 0 
355.426 355.426 355.426 355.426 355.426 355.426 355.426 355.426 355.426 355.426 355.426 355.426 355.426 355.426 355.426 355.426 355.426 355.426 355.426 355.426 355.426 355.426 355.426 355.426 
1 1 1 1 1 1 1 1 1 1 1 1 1 1 1 1 1 1 1 1 1 1 1 1 
item 21
85.5292 82.3075 0 0 45.324 0 0 78.8427 45.7718 0 0 0 56.6944 0 82.8474 0 0 57.9323 0 111.632 35.7513 0 0 78.8065 
484.611 484.611 484.611 484.611 484.611 484.611 484.611 484.611 484.611 484.611 484.611 484.611 484.611 484.611 484.611 484.611 484.611 484.611 484.611 484.611 484.611 484.611 484.611 484.611 
1 1 1 1 1 1 1 1 1 1 1 1 1 1 1 1 1 1 1 1 1 1 1 1 
item 22
18.5565 0 56.4752 77.9405 32.3764 103.804 44.9668 79.8509 0 82.6743 0 0 0 111.725 24.5348 0 0 93.9125 0 0 0 144.52 0 0 
282.041 282.041 282.041 282.041 282.041 282.041 282.041 282.041 282.041 282.041 282.041 282.041 282.041 282.041 282.041 282.041 282.041 282.041 282.041 282.041 282.041 282.041 282.041 282.041 
1 1 1 1 1 1 1 1 1 1 1 1 1 1 1 1 1 1 1 1 1 1 1 1 
item 23
62.9718 0 73.7122 94.327 0 0 49.362 118.654 48.3576 0 51.4795 85.8067 0 110.831 30.0973 121.908 0 109.826 0 0 0 0 0 0 
135.905 135.905 135.905 135.905 135.905 135.905 135.905 135.905 135.905 135.905 135.905 135.905 135.905 135.905 135.905 135.905 135.905 135.905 135.905 135.905 135.905 135.905 135.905 135.905 
1 1 1 1 1 1 1 1 1 1 1 1 1 1 1 1 1 1 1 1 1 1 1 1 
item 24
53.8348 0 43.7779 105.477 50.9263 0 68.3247 0 55.543 0 74.3936 71.1332 0 0 55.5544 0 0 109.379 0 0 74.1838 0 39.7117 69.0659 
272.272 272.272 272.272 272.272 272.272 272.272 272.272 272.272 272.272 272.272 272.272 272.272 272.272 272.272 272.272 272.272 272.272 272.272 272.272 272.272 272.272 272.272 272.272 272.272 
1 1 1 1 1 1 1 1 1 1 1 1 1 1 1 1 1 1 1 1 1 1 1 1 
item 25
50.8768 108.922 47.5606 81.8318 50.5453 0 67.7832 89.3814 65.7008 0 0 0 0 107.303 113.103 81.7632 0 103.656 15.9703 105.15 0 0 0 0 
616.637 616.637 616.637 616.637 616.637 616.637 616.637 616.637 616.637 616.637 616.637 616.637 616.637 616.637 616.637 616.637 616.637 616.637 616.637 616.637 616.637 616.637 616.637 616.637 
1 1 1 1 1 1 1 1 1 1 1 1 1 1 1 1 1 1 1 1 1 1 1 1 
item 26
19.4121 0 0 95.8513 0 119.933 0 0 44.7844 88.332 0 118.287 45.9997 0 0 100.948 0 0 0 119.298 51.9285 0 0 98.316 
168.561 168.561 168.561 168.561 168.561 168.561 168.561 168.561 168.561 168.561 168.561 168.561 168.561 168.561 168.561 168.561 168.561 168.561 168.561 168.561 168.561 168.561 168.561 168.561 
1 1 1 1 1 1 1 1 1 1 1 1 1 1 1 1 1 1 1 1 1 1 1 1 
item 27
71.7326 0 0 99.5451 57.8879 0 32.1374 75.1951 0 0 45.9471 0 0 0 63.9543 103.649 0 132.424 0 0 52.2581 105.713 57.6261 88.7768 
146.672 146.672 146.672 146.672 146.672 146.672 146.672 146.672 146.672 146.672 146.672 146.672 146.672 146.672 146.672 146.672 146.672 146.672 146.672 146.672 146.672 146.672 146.672 146.672 
1 1 1 1 1 1 1 1 1 1 1 1 1 1 1 1 1 1 1 1 1 1 1 1 
item 28
51.195 90.3284 0 120.83 77.0072 70.4382 30.5179 108.432 0 98.9245 0 140.489 30.5189 107.053 0 90.8156 0 105.767 31.1314 0 36.2882 0 63.571 99.0216 
397.439 397.439 397.439 397.439 397.439 397.439 397.439 397.439 397.439 397.439 397.439 397.439 397.439 397.439 397.439 397.439 397.439 397.439 397.439 397.439 397.439 397.439 397.439 397.439 
1 1 1 1 1 1 1 1 1 1 1 1 1 1 1 1 1 1 1 1 1 1 1 1 
item 29
23.8931 91.4321 56.8327 0 50.0505 0 0 0 0 120.502 0 128.162 63.341 77.0748 67.5607 124.838 0 59.1806 80.6891 0 0 95.1234 35.8468 0 
627.256 627.256 627.256 627.256 627.256 627.256 627.256 627.256 627.256 627.256 627.256 627.256 627.256 627.256 627.256 627.256 627.256 627.256 627.256 627.256 627.256 627.256 627.256 627.256 
1 1 1 1 1 1 1 1 1 1 1 1 1 1 1 1 1 1 1 1 1 1 1 1 
item 30
64.5986 133.724 74.1525 0 28.1204 0 60.1132 100.917 0 101.627 35.9413 0 0 71.8811 0 101.489 61.0586 94.6825 0 81.4608 16.0648 88.3927 0 124.801 
344.38 344.38 344.38 344.38 344.38 344.38 344.38 344.38 344.38 344.38 344.38 344.38 344.38 344.38 344.38 344.38 344.38 344.38 344.38 344.38 344.38 344.38 344.38 344.38 
1 1 1 1 1 1 1 1 1 1 1 1 1 1 1 1 1 1 1 1 1 1 1 1 
item 31
34.6417 0 0 92.715 0 65.8151 85.2929 101.217 0 0 0 94.2121 49.3103 0 0 97.7504 53.4451 0 0 118.096 0 82.6977 0 0 
650.819 650.819 650.819 650.819 650.819 650.819 650.819 650.819 650.819 650.819 650.819 650.819 650.819 650.819 650.819 650.819 650.819 650.819 650.819 650.819 650.819 650.819 650.819 650.819 
1 1 1 1 1 1 1 1 1 1 1 1 1 1 1 1 1 1 1 1 1 1 1 1 
item 32
41.4393 0 0 0 70.2332 0 48.5928 0 67.9239 63.5423 0 0 0 130.936 0 93.154 12.7589 101.706 57.3042 81.3617 40.2358 0 61.7524 106.398 
116.407 116.407 116.407 116.407 116.407 116.407 116.407 116.407 116.407 116.407 116.407 116.407 116.407 116.407 116.407 116.407 116.407 116.407 116.407 116.407 116.407 116.407 116.407 116.407 
1 1 1 1 1 1 1 1 1 1 1 1 1 1 1 1 1 1 1 1 1 1 1 1 
item 33
88.8642 79.102 61.3081 0 0 90.9691 0 0 61.3443 0 47.4427 100.295 0 0 0 0 110.718 0 57.469 0 64.8078 90.859 0 119.464 
89.2895 89.2895 89.2895 89.2895 89.2895 89.2895 89.2895 89.2895 89.2895 89.2895 89.2895 89.2895 89.2895 89.2895 89.2895 89.2895 89.2895 89.2895 89.2895 89.2895 89.2895 89.2895 89.2895 89.2895 
1 1 1 1 1 1 1 1 1 1 1 1 1 1 1 1 1 1 1 1 1 1 1 1 
item 34
52.4253 87.6705 0 0 0 0 11.8178 0 0 0 0 109.202 31.3493 0 59.5824 0 0 105.084 60.3156 0 60.1685 72.9162 0 0 
255.796 255.796 255.796 255.796 255.796 255.796 255.796 255.796 255.796 255.796 255.796 255.796 255.796 255.796 255.796 255.796 255.796 255.796 255.796 255.796 255.796 255.796 255.796 255.796 
1 1 1 1 1 1 1 1 1 1 1 1 1 1 1 1 1 1 1 1 1 1 1 1 
item 35
69.4982 92.0739 0 0 28.9854 0 0 0 60.0174 0 75.6662 126.97 0 115.452 54.1217 130.667 0 82.2901 28.1598 0 71.5485 0 0 0 
445.355 445.355 445.355 445.355 445.355 445.355 445.355 445.355 445.355 445.355 445.355 445.355 445.355 445.355 445.355 445.355 445.355 445.355 445.355 445.355 445.355 445.355 445.355 445.355 
1 1 1 1 1 1 1 1 1 1 1 1 1 1 1 1 1 1 1 1 1 1 1 1 
item 36
65.3627 67.7413 0 0 0 0 23.4775 108.729 86.7351 80.3686 52.8535 0 0 0 70.0589 73.8336 53.2283 68.6208 0 118.137 54.7584 84.3391 37.0002 100.754 
686.786 686.786 686.786 686.786 686.786 686.786 686.786 686.786 686.786 686.786 686.786 686.786 686.786 686.786 686.786 686.786 686.786 686.786 686.786 686.786 686.786 686.786 686.786 686.786 
1 1 1 1 1 1 1 1 1 1 1 1 1 1 1 1 1 1 1 1 1 1 1 1 
item 37
36.586 85.6004 0 120.3 0 0 0 0 62.5729 0 64.0199 113.9 0 100.254 0 0 53.71 0 0 51.1288 76.2464 74.4397 0 0 
72.2948 72.2948 72.2948 72.2948 72.2948 72.2948 72.2948 72.2948 72.2948 72.2948 72.2948 72.2948 72.2948 72.2948 72.2948 72.2948 72.2948 72.2948 72.2948 72.2948 72.2948 72.2948 72.2948 72.2948 
1 1 1 1 1 1 1 1 1 1 1 1 1 1 1 1 1 1 1 1 1 1 1 1 
item 38
40.2071 0 0 101.065 0 0 0 99.6109 55.3947 131.547 58.8824 0 52.7711 0 71.0268 0 16.1193 0 0 104.147 0 0 68.686 71.5832 
272.222 272.222 272.222 272.222 272.222 272.222 272.222 272.222 272.222 272.222 272.222 272.222 272.222 272.222 272.222 272.222 272.222 272.222 272.222 272.222 272.222 272.222 272.222 272.222 
1 1 1 1 1 1 1 1 1 1 1 1 1 1 1 1 1 1 1 1 1 1 1 1 
item 39
57.8972 0 35.7093 50.5661 0 0 39.9155 0 0 117.799 67.0009 0 54.3558 0 0 68.3432 70.3699 0 0 0 48.8866 0 73.3812 0 
436.146 436.146 436.146 436.146 436.146 436.146 436.146 436.146 436.146 436.146 436.146 436.146 436.146 436.146 436.146 436.146 436.146 436.146 436.146 436.146 436.146 436.146 436.146 436.146 
1 1 1 1 1 1 1 1 1 1 1 1 1 1 1 1 1 1 1 1 1 1 1 1 
