48 40 
29459.6 29459.6 29459.6 29459.6 29459.6 29459.6 29459.6 29459.6 29459.6 29459.6 29459.6 29459.6 29459.6 29459.6 29459.6 29459.6 29459.6 29459.6 29459.6 29459.6 29459.6 29459.6 29459.6 29459.6 29459.6 29459.6 29459.6 29459.6 29459.6 29459.6 29459.6 29459.6 29459.6 29459.6 29459.6 29459.6 29459.6 29459.6 29459.6 29459.6 29459.6 29459.6 29459.6 29459.6 29459.6 29459.6 29459.6 29459.6 
item 0
46.4755 88.8351 37.6296 125.322 43.8301 130.207 84.8708 121.255 40.2725 154.167 78.7926 94.2988 58.2307 110.395 60.5908 90.806 61.5183 108.806 33.9485 134.773 73.0806 109.09 65.2155 94.1371 83.0311 127.042 16.6122 96.7737 46.2441 69.6434 62.3569 109.155 26.822 144.453 34.0959 99.1116 46.5603 128.864 44.2321 124.523 51.692 90.7464 67.5515 93.1293 67.5805 107.336 67.5415 105.151 
531.869 531.869 531.869 531.869 531.869 531.869 531.869 531.869 531.869 531.869 531.869 531.869 531.869 531.869 531.869 531.869 531.869 531.869 531.869 531.869 531.869 531.869 531.869 531.869 531.869 531.869 531.869 531.869 531.869 531.869 531.869 531.869 531.869 531.869 531.869 531.869 531.869 531.869 531.869 531.869 531.869 531.869 531.869 531.869 531.869 531.869 531.869 531.869 
1 1 1 1 1 1 1 1 1 1 1 1 1 1 1 1 1 1 1 1 1 1 1 1 1 1 1 1 1 1 1 1 1 1 1 1 1 1 1 1 1 1 1 1 1 1 1 1 
item 1
94.1091 60.7865 66.4196 102.057 21.9605 108.464 28.0761 102.241 47.3383 105.01 49.3436 130.381 36.8335 88.2001 44.7152 91.446 40.9054 121.163 37.7577 93.9776 62.7217 111.545 33.5481 91.6296 60.7295 93.1374 31.9349 111.235 63.5326 129.018 70.778 99.3487 50.9546 77.8889 21.3215 83.3573 65.2761 69.8264 29.3267 83.3182 61.7664 103.665 94.3319 58.1813 75.0893 80.002 52.0825 99.924 
806.193 806.193 806.193 806.193 806.193 806.193 806.193 806.193 806.193 806.193 806.193 806.193 806.193 806.193 806.193 806.193 806.193 806.193 806.193 806.193 806.193 806.193 806.193 806.193 806.193 806.193 806.193 806.193 806.193 806.193 806.193 806.193 806.193 806.193 806.193 806.193 806.193 806.193 806.193 806.193 806.193 806.193 806.193 806.193 806.193 806.193 806.193 806.193 
1 1 1 1 1 1 1 1 1 1 1 1 1 1 1 1 1 1 1 1 1 1 1 1 1 1 1 1 1 1 1 1 1 1 1 1 1 1 1 1 1 1 1 1 1 1 1 1 
item 2
66.3311 94.322 23.3491 104.186 79.8002 75.5707 22.1566 108.955 37.1567 100.65 74.4053 136.268 43.145 118.399 41.0925 107.032 33.9977 72.853 42.0965 53.0732 90.4326 95.463 82.9428 68.5137 55.0818 76.4403 19.1402 119.735 21.2963 76.4439 79.3543 72.7082 51.0993 92.1139 51.3812 97.3034 46.4858 100.008 47.3445 74.1525 40.1426 103.219 28.3538 96.459 66.9501 88.1334 60.6934 73.0064 
300.485 300.485 300.485 300.485 300.485 300.485 300.485 300.485 300.485 300.485 300.485 300.485 300.485 300.485 300.485 300.485 300.485 300.485 300.485 300.485 300.485 300.485 300.485 300.485 300.485 300.485 300.485 300.485 300.485 300.485 300.485 300.485 300.485 300.485 300.485 300.485 300.485 300.485 300.485 300.485 300.485 300.485 300.485 300.485 300.485 300.485 300.485 300.485 
1 1 1 1 1 1 1 1 1 1 1 1 1 1 1 1 1 1 1 1 1 1 1 1 1 1 1 1 1 1 1 1 1 1 1 1 1 1 1 1 1 1 1 1 1 1 1 1 
item 3
21.9023 78.3173 82.6058 97.4725 48.2097 92.8123 38.9152 114.251 51.5243 86.9443 33.6421 162.132 34.3037 91.613 76.5712 152.287 0.768396 83.3999 35.9446 117.198 61.0173 95.69 43.129 102.679 77.3506 111.136 48.5556 104.664 54.3441 75.6934 64.3941 119.278 37.8363 73.8612 38.8354 55.9728 32.7092 101.605 69.0488 88.4758 63.277 111.295 67.3922 89.3165 28.0671 93.4805 55.5802 94.5304 
746.74 746.74 746.74 746.74 746.74 746.74 746.74 746.74 746.74 746.74 746.74 746.74 746.74 746.74 746.74 746.74 746.74 746.74 746.74 746.74 746.74 746.74 746.74 746.74 746.74 746.74 746.74 746.74 746.74 746.74 746.74 746.74 746.74 746.74 746.74 746.74 746.74 746.74 746.74 746.74 746.74 746.74 746.74 746.74 746.74 746.74 746.74 746.74 
1 1 1 1 1 1 1 1 1 1 1 1 1 1 1 1 1 1 1 1 1 1 1 1 1 1 1 1 1 1 1 1 1 1 1 1 1 1 1 1 1 1 1 1 1 1 1 1 
item 4
70.9827 125.861 73.3415 119.728 60.4506 132.76 77.4622 92.4997 41.7151 115.876 41.2215 101.329 27.1791 98.3191 59.8129 97.836 10.663 98.2183 64.6943 71.4665 56.2035 71.914 45.3102 107.9 29.3979 85.171 46.4068 99.8973 46.919 106.403 19.6045 90.3087 59.6669 92.9297 38.6365 101.495 44.681 133.48 59.5271 94.213 56.0616 104.134 38.2755 123.2 56.5966 103.641 41.101 103.636 
200.985 200.985 200.985 200.985 200.985 200.985 200.985 200.985 200.985 200.985 200.985 200.985 200.985 200.985 200.985 200.985 200.985 200.985 200.985 200.985 200.985 200.985 200.985 200.985 200.985 200.985 200.985 200.985 200.985 200.985 200.985 200.985 200.985 200.985 200.985 200.985 200.985 200.985 200.985 200.985 200.985 200.985 200.985 200.985 200.985 200.985 200.985 200.985 
1 1 1 1 1 1 1 1 1 1 1 1 1 1 1 1 1 1 1 1 1 1 1 1 1 1 1 1 1 1 1 1 1 1 1 1 1 1 1 1 1 1 1 1 1 1 1 1 
item 5
49.3793 71.3125 67.2176 97.9751 23.2986 108.904 66.4251 98.1502 72.7762 99.6862 14.1029 84.973 25.0528 110.982 42.0749 119.801 62.4385 124.79 29.467 112.436 49.0717 116.167 39.8097 98.1662 35.0352 112.098 19.2549 98.0374 44.9369 99.7533 42.7231 63.8784 46.8154 84.8634 42.1638 84.0733 53.6431 109.975 71.2824 100.279 35.2648 133.825 68.6366 134.265 57.4244 124.969 65.6899 98.2613 
343.947 343.947 343.947 343.947 343.947 343.947 343.947 343.947 343.947 343.947 343.947 343.947 343.947 343.947 343.947 343.947 343.947 343.947 343.947 343.947 343.947 343.947 343.947 343.947 343.947 343.947 343.947 343.947 343.947 343.947 343.947 343.947 343.947 343.947 343.947 343.947 343.947 343.947 343.947 343.947 343.947 343.947 343.947 343.947 343.947 343.947 343.947 343.947 
1 1 1 1 1 1 1 1 1 1 1 1 1 1 1 1 1 1 1 1 1 1 1 1 1 1 1 1 1 1 1 1 1 1 1 1 1 1 1 1 1 1 1 1 1 1 1 1 
item 6
37.1645 78.6792 34.6769 84.7538 35.8558 89.4352 81.918 120.464 71.3214 106.593 79.7962 128.601 33.7707 121.878 42.0584 97.5095 62.8625 80.0924 31.5445 90.9917 71.3658 110.968 43.1317 102.39 8.28811 83.8634 49.3242 92.9977 48.495 86.064 68.1537 108.804 34.7447 82.2937 65.1315 70.6413 69.6482 108.111 44.6257 123.864 66.5916 107.057 54.1686 115.949 24.368 83.0799 24.3137 127.741 
647.658 647.658 647.658 647.658 647.658 647.658 647.658 647.658 647.658 647.658 647.658 647.658 647.658 647.658 647.658 647.658 647.658 647.658 647.658 647.658 647.658 647.658 647.658 647.658 647.658 647.658 647.658 647.658 647.658 647.658 647.658 647.658 647.658 647.658 647.658 647.658 647.658 647.658 647.658 647.658 647.658 647.658 647.658 647.658 647.658 647.658 647.658 647.658 
1 1 1 1 1 1 1 1 1 1 1 1 1 1 1 1 1 1 1 1 1 1 1 1 1 1 1 1 1 1 1 1 1 1 1 1 1 1 1 1 1 1 1 1 1 1 1 1 
item 7
82.2475 111.467 58.0449 92.122 44.6801 88.3135 36.2413 118.913 70.7123 84.3871 77.2707 63.2371 53.958 123.852 73.7551 72.6559 54.8993 90.8466 58.5847 93.227 52.0712 93.6158 26.6783 136.102 83.685 70.9855 66.2635 109.057 48.9579 115.201 53.5619 116.358 53.7807 104.102 37.299 94.5941 46.6294 143.307 46.127 106.902 67.5575 78.7757 40.9857 92.6872 97.9883 136.645 22.7994 92.3709 
509.929 509.929 509.929 509.929 509.929 509.929 509.929 509.929 509.929 509.929 509.929 509.929 509.929 509.929 509.929 509.929 509.929 509.929 509.929 509.929 509.929 509.929 509.929 509.929 509.929 509.929 509.929 509.929 509.929 509.929 509.929 509.929 509.929 509.929 509.929 509.929 509.929 509.929 509.929 509.929 509.929 509.929 509.929 509.929 509.929 509.929 509.929 509.929 
1 1 1 1 1 1 1 1 1 1 1 1 1 1 1 1 1 1 1 1 1 1 1 1 1 1 1 1 1 1 1 1 1 1 1 1 1 1 1 1 1 1 1 1 1 1 1 1 
item 8
29.598 114.35 71.5601 100.991 52.1734 127.335 47.1104 123.664 58.3105 91.4835 49.0292 75.3795 72.5772 127.505 30.1446 118.757 49.5634 112.841 82.4473 88.5659 48.7707 95.9568 75.3976 78.768 52.9785 62.5755 28.8641 99.3379 53.8453 110.434 61.9343 103.795 48.3201 101.837 60.2514 82.6985 61.9589 129.121 13.3504 135.994 63.5062 145.39 5.45649 117.756 87.2844 99.4682 76.0767 88.6477 
1273.79 1273.79 1273.79 1273.79 1273.79 1273.79 1273.79 1273.79 1273.79 1273.79 1273.79 1273.79 1273.79 1273.79 1273.79 1273.79 1273.79 1273.79 1273.79 1273.79 1273.79 1273.79 1273.79 1273.79 1273.79 1273.79 1273.79 1273.79 1273.79 1273.79 1273.79 1273.79 1273.79 1273.79 1273.79 1273.79 1273.79 1273.79 1273.79 1273.79 1273.79 1273.79 1273.79 1273.79 1273.79 1273.79 1273.79 1273.79 
1 1 1 1 1 1 1 1 1 1 1 1 1 1 1 1 1 1 1 1 1 1 1 1 1 1 1 1 1 1 1 1 1 1 1 1 1 1 1 1 1 1 1 1 1 1 1 1 
item 9
105.937 108.65 28.8016 105.466 1.35115 104.226 51.2991 99.7264 63.6269 135.304 21.3767 102.546 47.0983 109.163 42.2087 122.484 38.9688 103.621 50.2508 124.05 27.1448 114.188 62.8859 103.705 57.1789 123.432 52.8533 85.4977 79.5627 92.2894 67.0087 78.8034 41.1485 114.614 84.8451 78.2406 36.4086 120.154 75.6518 117.826 35.7693 116.066 40.6354 36.587 28.0998 85.8462 26.2936 72.2874 
966.491 966.491 966.491 966.491 966.491 966.491 966.491 966.491 966.491 966.491 966.491 966.491 966.491 966.491 966.491 966.491 966.491 966.491 966.491 966.491 966.491 966.491 966.491 966.491 966.491 966.491 966.491 966.491 966.491 966.491 966.491 966.491 966.491 966.491 966.491 966.491 966.491 966.491 966.491 966.491 966.491 966.491 966.491 966.491 966.491 966.491 966.491 966.491 
1 1 1 1 1 1 1 1 1 1 1 1 1 1 1 1 1 1 1 1 1 1 1 1 1 1 1 1 1 1 1 1 1 1 1 1 1 1 1 1 1 1 1 1 1 1 1 1 
item 10
38.8454 90.6452 35.5361 109.625 48.8106 78.9826 77.2615 130.261 26.7804 105.097 61.2034 64.574 45.7968 84.0763 66.0462 85.2707 49.2179 102.657 43.2215 135.378 67.9139 134.642 44.8006 79.6698 27.3735 135.653 32.3599 111.745 64.6619 71.5005 25.0805 131.447 49.204 110.085 51.8014 84.2442 31.5751 111.774 42.5061 70.8333 59.4755 107.814 26.2736 104.392 42.8969 110.707 59.6832 86.8629 
194.374 194.374 194.374 194.374 194.374 194.374 194.374 194.374 194.374 194.374 194.374 194.374 194.374 194.374 194.374 194.374 194.374 194.374 194.374 194.374 194.374 194.374 194.374 194.374 194.374 194.374 194.374 194.374 194.374 194.374 194.374 194.374 194.374 194.374 194.374 194.374 194.374 194.374 194.374 194.374 194.374 194.374 194.374 194.374 194.374 194.374 194.374 194.374 
1 1 1 1 1 1 1 1 1 1 1 1 1 1 1 1 1 1 1 1 1 1 1 1 1 1 1 1 1 1 1 1 1 1 1 1 1 1 1 1 1 1 1 1 1 1 1 1 
item 11
33.6181 95.5682 31.5532 82.53 100.273 117.333 61.9203 85.9977 49.4473 78.7764 20.8779 96.248 49.1162 101.596 83.0397 91.271 47.793 121.754 37.0792 71.7324 19.5424 103.684 71.7176 76.0202 56.8401 102.755 25.4395 31.8277 51.1211 114.363 46.6038 103.459 45.5384 111.08 51.718 83.3007 54.7006 108.74 38.8257 106.54 28.2721 77.4693 40.0897 109.164 45.5217 123.627 43.4113 137.267 
384.715 384.715 384.715 384.715 384.715 384.715 384.715 384.715 384.715 384.715 384.715 384.715 384.715 384.715 384.715 384.715 384.715 384.715 384.715 384.715 384.715 384.715 384.715 384.715 384.715 384.715 384.715 384.715 384.715 384.715 384.715 384.715 384.715 384.715 384.715 384.715 384.715 384.715 384.715 384.715 384.715 384.715 384.715 384.715 384.715 384.715 384.715 384.715 
1 1 1 1 1 1 1 1 1 1 1 1 1 1 1 1 1 1 1 1 1 1 1 1 1 1 1 1 1 1 1 1 1 1 1 1 1 1 1 1 1 1 1 1 1 1 1 1 
item 12
67.1978 105.798 64.3088 81.951 57.1651 115.054 62.7443 93.0432 84.4929 97.9654 57.7143 108.785 31.8772 117.259 64.2104 111.592 51.007 105.569 31.5299 69.4704 45.5944 97.3478 29.7004 89.9236 51.5957 86.4289 65.0707 113.22 41.3294 158.014 21.3974 97.9168 71.0492 118.608 76.6002 117.34 70.1232 123.08 54.6209 77.8881 74.746 83.7174 65.4756 90.5237 21.0516 100.551 19.8213 91.6223 
352.184 352.184 352.184 352.184 352.184 352.184 352.184 352.184 352.184 352.184 352.184 352.184 352.184 352.184 352.184 352.184 352.184 352.184 352.184 352.184 352.184 352.184 352.184 352.184 352.184 352.184 352.184 352.184 352.184 352.184 352.184 352.184 352.184 352.184 352.184 352.184 352.184 352.184 352.184 352.184 352.184 352.184 352.184 352.184 352.184 352.184 352.184 352.184 
1 1 1 1 1 1 1 1 1 1 1 1 1 1 1 1 1 1 1 1 1 1 1 1 1 1 1 1 1 1 1 1 1 1 1 1 1 1 1 1 1 1 1 1 1 1 1 1 
item 13
34.7614 110.112 87.1856 86.3535 40.4324 118.813 33.9348 86.8565 50.8895 71.7067 0 110.348 45.4383 48.209 51.6881 88.072 43.74 102.981 32.9372 135.403 20.8574 63.7721 56.7351 90.7214 86.18 115.997 64.0794 89.3323 17.4762 101.428 73.5491 122.263 26.753 76.2023 62.085 92.3625 53.6328 113.914 38.2753 49.558 38.7585 90.9801 61.8507 67.8066 79.2293 85.8425 60.5486 93.7135 
1206.87 1206.87 1206.87 1206.87 1206.87 1206.87 1206.87 1206.87 1206.87 1206.87 1206.87 1206.87 1206.87 1206.87 1206.87 1206.87 1206.87 1206.87 1206.87 1206.87 1206.87 1206.87 1206.87 1206.87 1206.87 1206.87 1206.87 1206.87 1206.87 1206.87 1206.87 1206.87 1206.87 1206.87 1206.87 1206.87 1206.87 1206.87 1206.87 1206.87 1206.87 1206.87 1206.87 1206.87 1206.87 1206.87 1206.87 1206.87 
1 1 1 1 1 1 1 1 1 1 1 1 1 1 1 1 1 1 1 1 1 1 1 1 1 1 1 1 1 1 1 1 1 1 1 1 1 1 1 1 1 1 1 1 1 1 1 1 
item 14
42.6901 120.061 68.4473 131.373 71.501 103.503 39.332 120.701 50.7503 104.65 48.405 103.207 47.5649 99.4059 20.4276 85.2517 67.2128 84.9205 65.147 121.105 56.2461 102.483 38.0554 82.9472 59.6615 94.8455 22.1122 88.9681 55.444 79.2935 49.0167 84.4239 49.1851 100.904 21.4207 99.6569 61.1751 79.0794 57.5135 68.8401 41.4165 113.441 70.4195 124.474 79.197 136.744 63.3919 86.7642 
287.542 287.542 287.542 287.542 287.542 287.542 287.542 287.542 287.542 287.542 287.542 287.542 287.542 287.542 287.542 287.542 287.542 287.542 287.542 287.542 287.542 287.542 287.542 287.542 287.542 287.542 287.542 287.542 287.542 287.542 287.542 287.542 287.542 287.542 287.542 287.542 287.542 287.542 287.542 287.542 287.542 287.542 287.542 287.542 287.542 287.542 287.542 287.542 
1 1 1 1 1 1 1 1 1 1 1 1 1 1 1 1 1 1 1 1 1 1 1 1 1 1 1 1 1 1 1 1 1 1 1 1 1 1 1 1 1 1 1 1 1 1 1 1 
item 15
71.0229 111.699 63.9746 112.354 42.4898 116.544 57.363 106.796 31.7965 102.734 45.1216 94.0247 28.0738 89.6323 66.8086 89.8219 52.2952 108.513 49.3578 83.7109 64.3682 114.236 58.1943 81.6999 58.5889 123.935 66.7166 118.547 39.1545 144.411 50.6299 112.034 55.7965 64.2724 64.9722 117.868 47.4603 123.196 75.8035 112.382 93.5567 94.4163 62.0333 89.085 41.4173 102.306 73.9274 110.303 
1153.5 1153.5 1153.5 1153.5 1153.5 1153.5 1153.5 1153.5 1153.5 1153.5 1153.5 1153.5 1153.5 1153.5 1153.5 1153.5 1153.5 1153.5 1153.5 1153.5 1153.5 1153.5 1153.5 1153.5 1153.5 1153.5 1153.5 1153.5 1153.5 1153.5 1153.5 1153.5 1153.5 1153.5 1153.5 1153.5 1153.5 1153.5 1153.5 1153.5 1153.5 1153.5 1153.5 1153.5 1153.5 1153.5 1153.5 1153.5 
1 1 1 1 1 1 1 1 1 1 1 1 1 1 1 1 1 1 1 1 1 1 1 1 1 1 1 1 1 1 1 1 1 1 1 1 1 1 1 1 1 1 1 1 1 1 1 1 
item 16
46.9656 84.4943 36.8749 96.4482 36.6515 84.3673 61.2793 93.4767 36.3888 109.695 46.54 93.3632 51.4801 95.2604 60.209 105.303 46.9713 82.7834 66.892 97.4231 43.9541 110.15 53.6572 119.997 39.0122 77.4292 56.2715 74.3835 64.1046 93.5024 92.6117 101.251 37.5307 91.6236 53.5075 98.7405 47.5643 92.5414 49.5547 124.633 81.3256 106.626 36.1705 109.757 27.2116 103.19 38.9733 74.9566 
793.042 793.042 793.042 793.042 793.042 793.042 793.042 793.042 793.042 793.042 793.042 793.042 793.042 793.042 793.042 793.042 793.042 793.042 793.042 793.042 793.042 793.042 793.042 793.042 793.042 793.042 793.042 793.042 793.042 793.042 793.042 793.042 793.042 793.042 793.042 793.042 793.042 793.042 793.042 793.042 793.042 793.042 793.042 793.042 793.042 793.042 793.042 793.042 
1 1 1 1 1 1 1 1 1 1 1 1 1 1 1 1 1 1 1 1 1 1 1 1 1 1 1 1 1 1 1 1 1 1 1 1 1 1 1 1 1 1 1 1 1 1 1 1 
item 17
33.7711 121.048 58.1578 106.819 58.4166 82.0707 26.0027 66.2084 51.2229 73.749 23.026 121.31 68.549 127.474 65.1819 118.299 23.3421 97.3299 38.6243 95.1019 46.9355 89.3408 32.0164 112.52 65.1901 123.978 23.1162 65.4984 71.4145 131.124 11.0768 82.2592 48.276 92.4627 11.6261 103.549 40.5339 113.171 60.4513 114.134 91.3344 114.369 5.95398 79.5096 53.6019 97.534 55.5383 110.658 
667.475 667.475 667.475 667.475 667.475 667.475 667.475 667.475 667.475 667.475 667.475 667.475 667.475 667.475 667.475 667.475 667.475 667.475 667.475 667.475 667.475 667.475 667.475 667.475 667.475 667.475 667.475 667.475 667.475 667.475 667.475 667.475 667.475 667.475 667.475 667.475 667.475 667.475 667.475 667.475 667.475 667.475 667.475 667.475 667.475 667.475 667.475 667.475 
1 1 1 1 1 1 1 1 1 1 1 1 1 1 1 1 1 1 1 1 1 1 1 1 1 1 1 1 1 1 1 1 1 1 1 1 1 1 1 1 1 1 1 1 1 1 1 1 
item 18
65.6651 123.726 49.835 133.814 56.4096 133.754 56.3239 93.527 36.8169 47.5128 34.9207 124.664 43.6899 102.583 47.083 117.259 65.6596 100.304 17.8375 55.9276 95.4273 135.629 65.1988 100.628 44.194 156.447 78.9099 117.256 70.7597 98.5051 56.9929 86.4259 68.4919 93.922 52.9632 101.855 32.735 139.553 50.2013 93.8185 46.4403 87.0157 78.0046 82.687 57.3664 123.647 22.604 67.5741 
205.486 205.486 205.486 205.486 205.486 205.486 205.486 205.486 205.486 205.486 205.486 205.486 205.486 205.486 205.486 205.486 205.486 205.486 205.486 205.486 205.486 205.486 205.486 205.486 205.486 205.486 205.486 205.486 205.486 205.486 205.486 205.486 205.486 205.486 205.486 205.486 205.486 205.486 205.486 205.486 205.486 205.486 205.486 205.486 205.486 205.486 205.486 205.486 
1 1 1 1 1 1 1 1 1 1 1 1 1 1 1 1 1 1 1 1 1 1 1 1 1 1 1 1 1 1 1 1 1 1 1 1 1 1 1 1 1 1 1 1 1 1 1 1 
item 19
94.1024 85.9159 53.4467 101.769 67.0662 98.5581 34.6628 92.1153 72.754 90.1369 23.7507 120.659 49.6039 98.0242 59.1772 111.206 44.0594 100.055 58.9259 119.796 53.9618 141.698 46.781 113.155 31.6079 95.78 68.5269 107.87 36.6536 104.185 17.6123 123.084 35.2336 77.3277 77.9078 129.216 71.5018 83.8397 76.3683 101.686 51.9322 111.598 22.5363 95.283 65.0967 73.3642 25.5646 125.705 
825.139 825.139 825.139 825.139 825.139 825.139 825.139 825.139 825.139 825.139 825.139 825.139 825.139 825.139 825.139 825.139 825.139 825.139 825.139 825.139 825.139 825.139 825.139 825.139 825.139 825.139 825.139 825.139 825.139 825.139 825.139 825.139 825.139 825.139 825.139 825.139 825.139 825.139 825.139 825.139 825.139 825.139 825.139 825.139 825.139 825.139 825.139 825.139 
1 1 1 1 1 1 1 1 1 1 1 1 1 1 1 1 1 1 1 1 1 1 1 1 1 1 1 1 1 1 1 1 1 1 1 1 1 1 1 1 1 1 1 1 1 1 1 1 
item 20
16.1052 107.918 42.8851 97.1242 73.9248 114.124 64.5091 144.599 50.3323 92.8501 24.5515 55.5253 47.2602 57.5554 21.4859 90.6146 65.3893 87.2174 72.0762 95.3097 51.5735 97.5077 42.7071 120.41 54.2718 129.558 43.4135 57.4923 12.0105 105.171 30.7003 77.6739 44.2789 79.1223 89.8627 83.91 61.6655 83.383 61.4881 66.7294 29.79 91.9752 75.711 74.236 26.664 110.879 52.6514 83.2535 
259.741 259.741 259.741 259.741 259.741 259.741 259.741 259.741 259.741 259.741 259.741 259.741 259.741 259.741 259.741 259.741 259.741 259.741 259.741 259.741 259.741 259.741 259.741 259.741 259.741 259.741 259.741 259.741 259.741 259.741 259.741 259.741 259.741 259.741 259.741 259.741 259.741 259.741 259.741 259.741 259.741 259.741 259.741 259.741 259.741 259.741 259.741 259.741 
1 1 1 1 1 1 1 1 1 1 1 1 1 1 1 1 1 1 1 1 1 1 1 1 1 1 1 1 1 1 1 1 1 1 1 1 1 1 1 1 1 1 1 1 1 1 1 1 
item 21
37.8934 80.2786 17.3838 116.474 39.8469 125.151 26.3411 130.439 62.0984 99.6 72.7582 105.763 45.8582 100.049 10.9389 110.242 63.1086 106.226 25.7162 130.8 53.0295 113.084 31.7127 69.1235 27.9099 87.4841 20.1196 88.8548 50.6069 154.085 18.714 130.379 82.9931 120.18 64.4027 134.534 57.847 107.185 1.97415 98.4297 30.5526 95.9176 8.98808 119.541 55.7587 86.6102 65.7036 109.297 
213.71 213.71 213.71 213.71 213.71 213.71 213.71 213.71 213.71 213.71 213.71 213.71 213.71 213.71 213.71 213.71 213.71 213.71 213.71 213.71 213.71 213.71 213.71 213.71 213.71 213.71 213.71 213.71 213.71 213.71 213.71 213.71 213.71 213.71 213.71 213.71 213.71 213.71 213.71 213.71 213.71 213.71 213.71 213.71 213.71 213.71 213.71 213.71 
1 1 1 1 1 1 1 1 1 1 1 1 1 1 1 1 1 1 1 1 1 1 1 1 1 1 1 1 1 1 1 1 1 1 1 1 1 1 1 1 1 1 1 1 1 1 1 1 
item 22
50.7511 125.085 51.0715 116.658 57.3578 128.17 37.5213 122.371 23.0536 118.433 46.411 109.888 62.2845 119.426 44.6907 100.718 17.4528 110.041 95.4431 77.3585 6.34322 105.869 85.4979 110.749 36.4333 101.163 93.7872 112.195 40.8952 117.294 77.6651 109.392 59.6702 97.513 43.4329 84.6721 78.8162 92.3 51.8263 46.6601 37.8857 106.025 39.753 150.923 7.60347 87.647 69.9632 117.469 
351.562 351.562 351.562 351.562 351.562 351.562 351.562 351.562 351.562 351.562 351.562 351.562 351.562 351.562 351.562 351.562 351.562 351.562 351.562 351.562 351.562 351.562 351.562 351.562 351.562 351.562 351.562 351.562 351.562 351.562 351.562 351.562 351.562 351.562 351.562 351.562 351.562 351.562 351.562 351.562 351.562 351.562 351.562 351.562 351.562 351.562 351.562 351.562 
1 1 1 1 1 1 1 1 1 1 1 1 1 1 1 1 1 1 1 1 1 1 1 1 1 1 1 1 1 1 1 1 1 1 1 1 1 1 1 1 1 1 1 1 1 1 1 1 
item 23
59.8397 102.028 50.2881 87.0045 14.9525 103.851 64.7625 105.752 65.7585 82.2876 76.4669 101.75 53.3653 121.055 22.7905 96.1282 62.5766 127.265 70.5741 108.969 16.6071 163.038 3.98931 119.301 46.3287 119.956 67.0859 110.65 48.6087 100.336 16.4878 120.7 29.9575 103.72 74.217 97.6007 61.666 99.1394 68.1594 100.737 20.5763 94.9449 49.0376 102.977 60.6263 93.0094 43.2054 106.118 
507.927 507.927 507.927 507.927 507.927 507.927 507.927 507.927 507.927 507.927 507.927 507.927 507.927 507.927 507.927 507.927 507.927 507.927 507.927 507.927 507.927 507.927 507.927 507.927 507.927 507.927 507.927 507.927 507.927 507.927 507.927 507.927 507.927 507.927 507.927 507.927 507.927 507.927 507.927 507.927 507.927 507.927 507.927 507.927 507.927 507.927 507.927 507.927 
1 1 1 1 1 1 1 1 1 1 1 1 1 1 1 1 1 1 1 1 1 1 1 1 1 1 1 1 1 1 1 1 1 1 1 1 1 1 1 1 1 1 1 1 1 1 1 1 
item 24
71.7207 58.8931 69.6768 98.0313 82.5947 112.388 47.9611 111.556 17.5471 91.275 61.14 82.0174 26.1824 87.0098 40.4462 89.0523 38.4864 108.251 42.6242 87.4533 71.0177 103.26 44.8258 97.698 50.7515 104.777 45.9775 93.0537 71.6402 104.968 45.6463 116.39 83.1158 89.8484 75.3373 117.314 17.9586 77.0036 60.1695 63.3681 43.3713 132.797 36.2311 75.9328 46.4359 100.836 40.5085 93.9657 
951.969 951.969 951.969 951.969 951.969 951.969 951.969 951.969 951.969 951.969 951.969 951.969 951.969 951.969 951.969 951.969 951.969 951.969 951.969 951.969 951.969 951.969 951.969 951.969 951.969 951.969 951.969 951.969 951.969 951.969 951.969 951.969 951.969 951.969 951.969 951.969 951.969 951.969 951.969 951.969 951.969 951.969 951.969 951.969 951.969 951.969 951.969 951.969 
1 1 1 1 1 1 1 1 1 1 1 1 1 1 1 1 1 1 1 1 1 1 1 1 1 1 1 1 1 1 1 1 1 1 1 1 1 1 1 1 1 1 1 1 1 1 1 1 
item 25
66.0931 127.538 62.7439 85.4391 49.6942 93.6572 50.778 131.915 42.7321 101.478 29.4656 89.8909 30.2332 142.979 8.61399 59.2916 53.5917 142.764 47.262 102.48 37.018 97.5665 57.2239 103.318 77.535 133.285 22.5859 88.2308 20.666 104.049 56.2065 99.2143 47.771 84.6832 58.328 72.7103 73.6019 118.324 72.1855 117.489 28.5258 112.909 29.5215 110.172 26.8616 88.2022 59.6793 107.607 
337.753 337.753 337.753 337.753 337.753 337.753 337.753 337.753 337.753 337.753 337.753 337.753 337.753 337.753 337.753 337.753 337.753 337.753 337.753 337.753 337.753 337.753 337.753 337.753 337.753 337.753 337.753 337.753 337.753 337.753 337.753 337.753 337.753 337.753 337.753 337.753 337.753 337.753 337.753 337.753 337.753 337.753 337.753 337.753 337.753 337.753 337.753 337.753 
1 1 1 1 1 1 1 1 1 1 1 1 1 1 1 1 1 1 1 1 1 1 1 1 1 1 1 1 1 1 1 1 1 1 1 1 1 1 1 1 1 1 1 1 1 1 1 1 
item 26
28.925 129.791 30.7813 128.303 87.6109 109.383 68.2103 127.293 43.4327 127.239 57.2575 77.9171 73.255 97.7741 46.9184 126.791 54.3554 137.067 62.4818 62.9788 35.1847 80.778 27.0492 105.064 27.3352 151.417 82.7967 92.4084 41.6378 79.5103 31.9286 69.2634 52.3465 67.2585 60.3485 71.9308 80.1654 103.084 74.3926 141.891 52.7319 91.0016 28.926 94.7488 53.745 75.0788 33.5238 116.226 
214.472 214.472 214.472 214.472 214.472 214.472 214.472 214.472 214.472 214.472 214.472 214.472 214.472 214.472 214.472 214.472 214.472 214.472 214.472 214.472 214.472 214.472 214.472 214.472 214.472 214.472 214.472 214.472 214.472 214.472 214.472 214.472 214.472 214.472 214.472 214.472 214.472 214.472 214.472 214.472 214.472 214.472 214.472 214.472 214.472 214.472 214.472 214.472 
1 1 1 1 1 1 1 1 1 1 1 1 1 1 1 1 1 1 1 1 1 1 1 1 1 1 1 1 1 1 1 1 1 1 1 1 1 1 1 1 1 1 1 1 1 1 1 1 
item 27
47.5322 83.4673 74.0985 134.674 86.9405 100.251 50.6227 122.346 72.8004 120.545 51.6175 82.7767 54.0594 122.897 53.4495 92.4797 85.4972 105.491 49.1256 93.9999 64.5663 107.862 64.7094 141.371 62.4669 106.246 79.8533 117.789 66.9883 73.9388 32.0512 108.058 17.2106 80.3698 61.7759 93.5629 66.4639 98.0432 63.6656 111.3 56.5118 90.8301 52.6369 121.672 49.8759 87.0422 29.9986 110.137 
913.977 913.977 913.977 913.977 913.977 913.977 913.977 913.977 913.977 913.977 913.977 913.977 913.977 913.977 913.977 913.977 913.977 913.977 913.977 913.977 913.977 913.977 913.977 913.977 913.977 913.977 913.977 913.977 913.977 913.977 913.977 913.977 913.977 913.977 913.977 913.977 913.977 913.977 913.977 913.977 913.977 913.977 913.977 913.977 913.977 913.977 913.977 913.977 
1 1 1 1 1 1 1 1 1 1 1 1 1 1 1 1 1 1 1 1 1 1 1 1 1 1 1 1 1 1 1 1 1 1 1 1 1 1 1 1 1 1 1 1 1 1 1 1 
item 28
41.5685 93.528 19.5161 132.384 30.1616 93.1088 39.9197 138.764 48.0498 107.523 78.7617 96.8838 74.8985 91.7868 47.5909 80.5519 46.0216 66.4323 50.6962 71.37 0 96.0366 39.1216 107.828 45.0483 82.8304 35.8847 83.1407 42.4777 79.1873 31.1699 103.965 43.5407 115.045 0 84.0548 47.694 122.752 69.551 94.7126 71.8608 88.5949 49.9214 126.779 72.7233 101.266 1.62567 114.982 
520.101 520.101 520.101 520.101 520.101 520.101 520.101 520.101 520.101 520.101 520.101 520.101 520.101 520.101 520.101 520.101 520.101 520.101 520.101 520.101 520.101 520.101 520.101 520.101 520.101 520.101 520.101 520.101 520.101 520.101 520.101 520.101 520.101 520.101 520.101 520.101 520.101 520.101 520.101 520.101 520.101 520.101 520.101 520.101 520.101 520.101 520.101 520.101 
1 1 1 1 1 1 1 1 1 1 1 1 1 1 1 1 1 1 1 1 1 1 1 1 1 1 1 1 1 1 1 1 1 1 1 1 1 1 1 1 1 1 1 1 1 1 1 1 
item 29
34.7134 79.1645 33.8698 81.9556 43.4923 74.848 47.0054 131.442 53.6473 95.9819 52.6419 85.8341 49.1207 126.381 85.1547 95.2879 57.6487 115.767 32.7163 117.51 0.959364 59.7322 35.3816 89.7445 64.4072 98.0451 41.0531 70.6159 10.2385 112.36 62.0749 108.822 20.2 125.35 85.7497 90.2782 27.9664 104.926 1.12178 113.988 83.1577 60.492 66.8041 104.506 20.1153 105.287 47.6702 88.9781 
584.338 584.338 584.338 584.338 584.338 584.338 584.338 584.338 584.338 584.338 584.338 584.338 584.338 584.338 584.338 584.338 584.338 584.338 584.338 584.338 584.338 584.338 584.338 584.338 584.338 584.338 584.338 584.338 584.338 584.338 584.338 584.338 584.338 584.338 584.338 584.338 584.338 584.338 584.338 584.338 584.338 584.338 584.338 584.338 584.338 584.338 584.338 584.338 
1 1 1 1 1 1 1 1 1 1 1 1 1 1 1 1 1 1 1 1 1 1 1 1 1 1 1 1 1 1 1 1 1 1 1 1 1 1 1 1 1 1 1 1 1 1 1 1 
item 30
61.1408 85.7129 60.5595 105.276 53.9515 111.757 77.8634 80.6763 55.5069 63.4962 0 112.872 32.4038 96.0394 80.5081 123.509 48.7025 112.601 57.0028 112.365 36.7542 102.152 61.6422 117.799 26.4088 118.923 61.4295 105.083 42.978 100.612 47.8727 83.3503 51.1097 100.804 27.9597 73.2214 80.9679 83.8176 49.6407 61.2004 62.1115 67.6572 25.2006 109.2 48.6438 44.7604 53.951 106.576 
1181.96 1181.96 1181.96 1181.96 1181.96 1181.96 1181.96 1181.96 1181.96 1181.96 1181.96 1181.96 1181.96 1181.96 1181.96 1181.96 1181.96 1181.96 1181.96 1181.96 1181.96 1181.96 1181.96 1181.96 1181.96 1181.96 1181.96 1181.96 1181.96 1181.96 1181.96 1181.96 1181.96 1181.96 1181.96 1181.96 1181.96 1181.96 1181.96 1181.96 1181.96 1181.96 1181.96 1181.96 1181.96 1181.96 1181.96 1181.96 
1 1 1 1 1 1 1 1 1 1 1 1 1 1 1 1 1 1 1 1 1 1 1 1 1 1 1 1 1 1 1 1 1 1 1 1 1 1 1 1 1 1 1 1 1 1 1 1 
item 31
58.3108 86.0714 44.6437 62.5015 87.9786 99.6761 0 98.0417 78.5965 93.007 63.5885 117.263 33.7245 137.979 37.6155 96.7811 41.8409 99.2423 62.9646 91.1128 78.9699 116.329 37.0464 91.0667 35.2812 79.8634 36.4998 135.017 83.9477 101.447 36.3537 78.9682 84.3779 105.877 46.8715 93.4114 82.9066 139.718 43.4422 76.0729 39.3446 92.0206 64.9847 95.3184 71.3939 89.7563 45.0459 107.249 
160.85 160.85 160.85 160.85 160.85 160.85 160.85 160.85 160.85 160.85 160.85 160.85 160.85 160.85 160.85 160.85 160.85 160.85 160.85 160.85 160.85 160.85 160.85 160.85 160.85 160.85 160.85 160.85 160.85 160.85 160.85 160.85 160.85 160.85 160.85 160.85 160.85 160.85 160.85 160.85 160.85 160.85 160.85 160.85 160.85 160.85 160.85 160.85 
1 1 1 1 1 1 1 1 1 1 1 1 1 1 1 1 1 1 1 1 1 1 1 1 1 1 1 1 1 1 1 1 1 1 1 1 1 1 1 1 1 1 1 1 1 1 1 1 
item 32
38.2885 69.0161 16.4879 88.7564 43.0559 119.92 96.3088 125.683 21.8313 85.0992 52.7079 105.199 38.0911 83.2388 47.2105 110.023 68.7291 88.0613 33.4269 124.623 17.5732 103.386 104.492 84.2547 34.2073 95.8468 42.5258 108.933 49.0507 92.6161 46.3023 76.8136 22.2879 61.3129 56.113 92.8975 42.0282 94.375 66.3473 100.608 59.4895 140.581 25.1667 95.1357 48.3104 83.3722 13.0965 115.758 
769.252 769.252 769.252 769.252 769.252 769.252 769.252 769.252 769.252 769.252 769.252 769.252 769.252 769.252 769.252 769.252 769.252 769.252 769.252 769.252 769.252 769.252 769.252 769.252 769.252 769.252 769.252 769.252 769.252 769.252 769.252 769.252 769.252 769.252 769.252 769.252 769.252 769.252 769.252 769.252 769.252 769.252 769.252 769.252 769.252 769.252 769.252 769.252 
1 1 1 1 1 1 1 1 1 1 1 1 1 1 1 1 1 1 1 1 1 1 1 1 1 1 1 1 1 1 1 1 1 1 1 1 1 1 1 1 1 1 1 1 1 1 1 1 
item 33
58.2202 96.6198 32.1357 32.3498 36.2482 91.0124 20.33 64.9391 35.2434 112.542 49.3521 155.888 33.7449 85.3381 24.228 118.585 70.1373 95.3718 25.8197 84.2048 51.3436 121.584 11.0507 102.339 59.5479 82.021 52.3123 100.375 56.22 94.4427 83.004 102.655 93.2899 100.486 76.0981 88.0534 40.1579 39.5396 50.0569 90.3022 45.1319 141.57 31.7539 120.339 82.4616 85.0075 32.175 122.147 
1252.25 1252.25 1252.25 1252.25 1252.25 1252.25 1252.25 1252.25 1252.25 1252.25 1252.25 1252.25 1252.25 1252.25 1252.25 1252.25 1252.25 1252.25 1252.25 1252.25 1252.25 1252.25 1252.25 1252.25 1252.25 1252.25 1252.25 1252.25 1252.25 1252.25 1252.25 1252.25 1252.25 1252.25 1252.25 1252.25 1252.25 1252.25 1252.25 1252.25 1252.25 1252.25 1252.25 1252.25 1252.25 1252.25 1252.25 1252.25 
1 1 1 1 1 1 1 1 1 1 1 1 1 1 1 1 1 1 1 1 1 1 1 1 1 1 1 1 1 1 1 1 1 1 1 1 1 1 1 1 1 1 1 1 1 1 1 1 
item 34
34.5306 90.4117 56.3959 121.004 13.6984 123.931 44.5645 98.3659 58.9411 60.8255 70.7044 95.0307 41.7839 85.7228 26.0726 96.1621 90.1062 116.706 0.669183 97.0906 63.7985 102.38 37.7301 109.572 31.6543 100.676 46.4363 120.952 59.9597 78.351 45.2234 100.973 12.2755 83.8105 50.7883 124.014 48.4034 66.5017 36.7304 102.861 76.0487 65.064 53.2317 102.848 56.0529 117.518 44.047 110.769 
181.073 181.073 181.073 181.073 181.073 181.073 181.073 181.073 181.073 181.073 181.073 181.073 181.073 181.073 181.073 181.073 181.073 181.073 181.073 181.073 181.073 181.073 181.073 181.073 181.073 181.073 181.073 181.073 181.073 181.073 181.073 181.073 181.073 181.073 181.073 181.073 181.073 181.073 181.073 181.073 181.073 181.073 181.073 181.073 181.073 181.073 181.073 181.073 
1 1 1 1 1 1 1 1 1 1 1 1 1 1 1 1 1 1 1 1 1 1 1 1 1 1 1 1 1 1 1 1 1 1 1 1 1 1 1 1 1 1 1 1 1 1 1 1 
item 35
53.7469 76.0789 76.3958 116.16 24.9948 116.335 24.439 93.7467 33.0696 82.1481 28.914 110.267 36.8611 104.726 41.5422 88.919 37.2474 104.52 51.1359 91.8124 71.9655 129.523 58.2608 111.544 53.0975 104.32 44.2523 122.005 49.2844 84.0068 19.9012 110.792 81.9088 93.1459 65.9266 124.773 57.6232 120.526 12.1164 121.509 28.8516 99.9965 48.239 81.9675 104.524 86.1608 35.2775 93.2632 
1157.86 1157.86 1157.86 1157.86 1157.86 1157.86 1157.86 1157.86 1157.86 1157.86 1157.86 1157.86 1157.86 1157.86 1157.86 1157.86 1157.86 1157.86 1157.86 1157.86 1157.86 1157.86 1157.86 1157.86 1157.86 1157.86 1157.86 1157.86 1157.86 1157.86 1157.86 1157.86 1157.86 1157.86 1157.86 1157.86 1157.86 1157.86 1157.86 1157.86 1157.86 1157.86 1157.86 1157.86 1157.86 1157.86 1157.86 1157.86 
1 1 1 1 1 1 1 1 1 1 1 1 1 1 1 1 1 1 1 1 1 1 1 1 1 1 1 1 1 1 1 1 1 1 1 1 1 1 1 1 1 1 1 1 1 1 1 1 
item 36
26.8438 100.04 62.7483 91.8077 58.5984 91.2526 57.3336 109.55 42.3359 69.1416 68.6954 86.9029 55.945 116.457 26.7642 97.8922 71.5093 96.3321 75.7571 87.4905 9.33066 126.353 44.2412 72.3044 26.4122 121.994 37.4347 117.143 61.9182 126.11 51.1379 103.185 47.4214 82.6516 41.8099 88.5611 60.7872 50.52 55.3071 110.832 19.3276 95.8762 42.8 108.66 25.6497 92.2371 63.0342 125.165 
152.193 152.193 152.193 152.193 152.193 152.193 152.193 152.193 152.193 152.193 152.193 152.193 152.193 152.193 152.193 152.193 152.193 152.193 152.193 152.193 152.193 152.193 152.193 152.193 152.193 152.193 152.193 152.193 152.193 152.193 152.193 152.193 152.193 152.193 152.193 152.193 152.193 152.193 152.193 152.193 152.193 152.193 152.193 152.193 152.193 152.193 152.193 152.193 
1 1 1 1 1 1 1 1 1 1 1 1 1 1 1 1 1 1 1 1 1 1 1 1 1 1 1 1 1 1 1 1 1 1 1 1 1 1 1 1 1 1 1 1 1 1 1 1 
item 37
40.7667 85.8581 40.885 117.532 59.0939 89.0028 3.88416 58.1735 94.7596 85.2514 36.0843 124.925 77.7521 122.756 37.112 82.3798 39.6162 81.2518 57.2042 94.1955 51.1666 99.3362 49.6343 79.6673 47.1765 103.058 62.9167 84.2659 81.1919 85.3735 72.1906 55.9295 37.8468 118.22 71.9222 144.65 63.0112 117.671 29.2751 110.464 22.7906 95.7996 40.3415 79.7097 84.5714 112.06 26.2117 110.131 
981.186 981.186 981.186 981.186 981.186 981.186 981.186 981.186 981.186 981.186 981.186 981.186 981.186 981.186 981.186 981.186 981.186 981.186 981.186 981.186 981.186 981.186 981.186 981.186 981.186 981.186 981.186 981.186 981.186 981.186 981.186 981.186 981.186 981.186 981.186 981.186 981.186 981.186 981.186 981.186 981.186 981.186 981.186 981.186 981.186 981.186 981.186 981.186 
1 1 1 1 1 1 1 1 1 1 1 1 1 1 1 1 1 1 1 1 1 1 1 1 1 1 1 1 1 1 1 1 1 1 1 1 1 1 1 1 1 1 1 1 1 1 1 1 
item 38
38.9841 59.5878 33.0559 66.9275 56.7601 119.602 41.6661 91.7252 76.0081 86.679 73.1713 116.881 26.778 112.471 49.5504 86.7393 30.1373 77.6113 24.148 87.5442 70.8044 89.1041 59.5804 99.7398 16.1104 108.117 61.629 103.257 8.83793 80.1333 65.1345 119.458 101.984 112.695 45.736 107.608 75.7188 97.2143 18.6375 121.836 26.939 100.094 30.9694 89.0372 40.9255 71.8563 59.5447 69.9496 
736.348 736.348 736.348 736.348 736.348 736.348 736.348 736.348 736.348 736.348 736.348 736.348 736.348 736.348 736.348 736.348 736.348 736.348 736.348 736.348 736.348 736.348 736.348 736.348 736.348 736.348 736.348 736.348 736.348 736.348 736.348 736.348 736.348 736.348 736.348 736.348 736.348 736.348 736.348 736.348 736.348 736.348 736.348 736.348 736.348 736.348 736.348 736.348 
1 1 1 1 1 1 1 1 1 1 1 1 1 1 1 1 1 1 1 1 1 1 1 1 1 1 1 1 1 1 1 1 1 1 1 1 1 1 1 1 1 1 1 1 1 1 1 1 
item 39
66.2477 82.626 60.9015 65.2238 36.4167 78.9888 52.3337 95.3941 19.7917 73.8037 46.944 100.918 67.4939 119.311 70.6157 90.0575 27.1235 62.7619 73.7459 93.1039 42.5448 115.126 59.714 85.4979 52.8244 96.946 22.3854 91.409 52.6248 88.2012 49.4612 85.9041 83.1528 54.0172 67.9071 73.2204 54.4293 90.4246 23.6601 67.6184 51.4663 86.1399 48.9535 121.084 16.305 129.929 56.5883 111.438 
726.671 726.671 726.671 726.671 726.671 726.671 726.671 726.671 726.671 726.671 726.671 726.671 726.671 726.671 726.671 726.671 726.671 726.671 726.671 726.671 726.671 726.671 726.671 726.671 726.671 726.671 726.671 726.671 726.671 726.671 726.671 726.671 726.671 726.671 726.671 726.671 726.671 726.671 726.671 726.671 726.671 726.671 726.671 726.671 726.671 726.671 726.671 726.671 
1 1 1 1 1 1 1 1 1 1 1 1 1 1 1 1 1 1 1 1 1 1 1 1 1 1 1 1 1 1 1 1 1 1 1 1 1 1 1 1 1 1 1 1 1 1 1 1 
