6 40 
454.467 454.467 454.467 454.467 454.467 454.467 
item 0
19.0726 102.231 17.7491 0 0 101.728 
57.9904 57.9904 57.9904 57.9904 57.9904 57.9904 
1 1 1 1 1 1 
item 1
12.8756 78.6613 67.5575 0 0 85.8339 
64.2396 64.2396 64.2396 64.2396 64.2396 64.2396 
1 1 1 1 1 1 
item 2
45.3375 111.37 0 0 0 109.62 
48.8697 48.8697 48.8697 48.8697 48.8697 48.8697 
1 1 1 1 1 1 
item 3
53.9786 0 0 0 0 119.079 
57.1987 57.1987 57.1987 57.1987 57.1987 57.1987 
1 1 1 1 1 1 
item 4
41.9651 95.2841 7.89203 0 84.1704 0 
67.9282 67.9282 67.9282 67.9282 67.9282 67.9282 
1 1 1 1 1 1 
item 5
85.0721 69.8023 0 89.9389 0 0 
85.445 85.445 85.445 85.445 85.445 85.445 
1 1 1 1 1 1 
item 6
28.8832 136.384 0 0 0 0 
36.0171 36.0171 36.0171 36.0171 36.0171 36.0171 
1 1 1 1 1 1 
item 7
40.8918 139.66 0 0 0 0 
76.1386 76.1386 76.1386 76.1386 76.1386 76.1386 
1 1 1 1 1 1 
item 8
0 0 36.6003 127.293 0 73.2941 
37.0499 37.0499 37.0499 37.0499 37.0499 37.0499 
1 1 1 1 1 1 
item 9
46.0801 82.0294 28.9568 0 0 0 
60.9251 60.9251 60.9251 60.9251 60.9251 60.9251 
1 1 1 1 1 1 
item 10
35.2388 0 0 0 52.362 107.438 
53.0712 53.0712 53.0712 53.0712 53.0712 53.0712 
1 1 1 1 1 1 
item 11
24.9555 84.3651 0 120.6 0 0 
24.4138 24.4138 24.4138 24.4138 24.4138 24.4138 
1 1 1 1 1 1 
item 12
50.7399 87.0168 0 0 0 0 
69.2078 69.2078 69.2078 69.2078 69.2078 69.2078 
1 1 1 1 1 1 
item 13
60.4375 0 65.2508 0 0 74.7663 
49.7527 49.7527 49.7527 49.7527 49.7527 49.7527 
1 1 1 1 1 1 
item 14
57.4917 0 77.5253 100.765 77.8435 60.3963 
51.5046 51.5046 51.5046 51.5046 51.5046 51.5046 
1 1 1 1 1 1 
item 15
0 0 0 72.3103 46.2172 155.876 
73.7534 73.7534 73.7534 73.7534 73.7534 73.7534 
1 1 1 1 1 1 
item 16
38.7613 57.2913 0 0 0 106.745 
51 51 51 51 51 51 
1 1 1 1 1 1 
item 17
0 75.9249 0 0 0 0 
45.5097 45.5097 45.5097 45.5097 45.5097 45.5097 
1 1 1 1 1 1 
item 18
0 69.4817 43.5275 0 79.4879 88.5473 
71.9754 71.9754 71.9754 71.9754 71.9754 71.9754 
1 1 1 1 1 1 
item 19
75.0833 65.6302 43.3785 78.9999 0 0 
57.5956 57.5956 57.5956 57.5956 57.5956 57.5956 
1 1 1 1 1 1 
item 20
56.8199 51.2688 0 0 24.8649 106.803 
51.6122 51.6122 51.6122 51.6122 51.6122 51.6122 
1 1 1 1 1 1 
item 21
55.7637 91.7189 0 127.352 0 100.886 
85.5754 85.5754 85.5754 85.5754 85.5754 85.5754 
1 1 1 1 1 1 
item 22
0 108.544 32.9583 0 0 0 
80.7302 80.7302 80.7302 80.7302 80.7302 80.7302 
1 1 1 1 1 1 
item 23
0 105.067 0 91.6234 0 84.9678 
108.05 108.05 108.05 108.05 108.05 108.05 
1 1 1 1 1 1 
item 24
77.493 102.955 77.5953 0 0 0 
53.4256 53.4256 53.4256 53.4256 53.4256 53.4256 
1 1 1 1 1 1 
item 25
46.9704 63.5369 0 90.3604 0 81.4667 
68.218 68.218 68.218 68.218 68.218 68.218 
1 1 1 1 1 1 
item 26
0 0 0 112.633 25.3365 113.093 
55.4074 55.4074 55.4074 55.4074 55.4074 55.4074 
1 1 1 1 1 1 
item 27
0 0 26.0647 0 0 89.7291 
69.7732 69.7732 69.7732 69.7732 69.7732 69.7732 
1 1 1 1 1 1 
item 28
33.8135 0 0 112.683 0 124.554 
59.132 59.132 59.132 59.132 59.132 59.132 
1 1 1 1 1 1 
item 29
68.2036 0 51.5815 0 0 124.702 
68.7148 68.7148 68.7148 68.7148 68.7148 68.7148 
1 1 1 1 1 1 
item 30
50.0806 0 45.9395 0 4.60057 0 
61.5331 61.5331 61.5331 61.5331 61.5331 61.5331 
1 1 1 1 1 1 
item 31
36.0125 88.2822 48.9511 0 54.0536 85.6444 
69.5409 69.5409 69.5409 69.5409 69.5409 69.5409 
1 1 1 1 1 1 
item 32
38.0322 0 51.5446 80.5089 0 115.174 
75.7655 75.7655 75.7655 75.7655 75.7655 75.7655 
1 1 1 1 1 1 
item 33
0 0 28.9627 131.562 20.0436 91.4707 
64.371 64.371 64.371 64.371 64.371 64.371 
1 1 1 1 1 1 
item 34
26.7128 103.117 60.5106 84.8239 50.8781 116.912 
73.5536 73.5536 73.5536 73.5536 73.5536 73.5536 
1 1 1 1 1 1 
item 35
74.3233 0 47.1613 115.363 0 82.2367 
75.1231 75.1231 75.1231 75.1231 75.1231 75.1231 
1 1 1 1 1 1 
item 36
52.1274 71.5943 0 0 68.7447 98.2236 
71.1435 71.1435 71.1435 71.1435 71.1435 71.1435 
1 1 1 1 1 1 
item 37
0 0 43.6725 0 0 0 
39.3095 39.3095 39.3095 39.3095 39.3095 39.3095 
1 1 1 1 1 1 
item 38
70.8701 88.462 0 93.9638 0 0 
82.3975 82.3975 82.3975 82.3975 82.3975 82.3975 
1 1 1 1 1 1 
item 39
0 117.637 36.7446 106.57 26.9443 113.205 
67.4172 67.4172 67.4172 67.4172 67.4172 67.4172 
1 1 1 1 1 1 
