24 10 
-6.27744e+66 582.115 686.404 781.069 1059.36 1317.44 1834.8 2008.25 2675.65 3214.58 4117.16 4700.31 5801.93 6409.54 7643.34 8065.62 9712.04 10414.8 12299.1 13150.1 14390.3 15393 17640.3 19221.7 21256.3 
-6.27744e+66 -6.27744e+66 582.115 629.448 814.976 1008.53 1422.42 1566.96 2139.02 2610.58 3412.87 3937.72 4939.19 5496.16 6635.06 7027.17 8563.83 9222.62 10996.1 11799.9 12974.7 13927.3 16067.6 17577.2 19523.3 
-6.27744e+66 -6.27744e+66 -6.27744e+66 582.115 674.879 803.918 1114.33 1229.97 1706.68 2110.88 2812.88 3279.41 4180.73 4687.08 5731.06 6093.01 7519.91 8134.78 9797.41 10553.9 11663.5 12565.9 14599.2 16036.9 17894.6 
-6.27744e+66 -6.27744e+66 -6.27744e+66 -6.27744e+66 582.115 646.635 853.579 940.304 1321.68 1658.51 2260.22 2668.44 3469.61 3925.32 4874.4 5206.18 6523.32 7094.28 8646.06 9355.27 10399.6 11251.9 13178.2 14544 16313.2 
-6.27744e+66 -6.27744e+66 -6.27744e+66 -6.27744e+66 -6.27744e+66 582.115 685.588 743.404 1029.43 1298.9 1800.33 2150.23 2851.25 3256.33 4110.5 4412.12 5619.5 6146.53 7587.48 8249.41 9228.46 10030.6 11849.9 13143.8 14824.5 
-6.27744e+66 -6.27744e+66 -6.27744e+66 -6.27744e+66 -6.27744e+66 -6.27744e+66 582.115 611.024 801.71 1003.81 1404.95 1696.53 2297.41 2651.85 3411.12 3682.58 4780.19 5263.31 6593.41 7208.06 8121.85 8873.88 10586.1 11808.1 13400.4 
-6.27744e+66 -6.27744e+66 -6.27744e+66 -6.27744e+66 -6.27744e+66 -6.27744e+66 -6.27744e+66 582.115 677.459 812.191 1113.05 1346.31 1847.05 2150.85 2815.21 3056.51 4044.36 4483.56 5702.82 6270.19 7118.7 7820.6 9425.81 10576 12079.8 
-6.27744e+66 -6.27744e+66 -6.27744e+66 -6.27744e+66 -6.27744e+66 -6.27744e+66 -6.27744e+66 -6.27744e+66 582.115 649.481 850.054 1025 1425.59 1678.76 2248.21 2459.35 3337.44 3732.71 4841.13 5361.22 6144.46 6796.22 8294.42 9372.7 10788.1 
-6.27744e+66 -6.27744e+66 -6.27744e+66 -6.27744e+66 -6.27744e+66 -6.27744e+66 -6.27744e+66 -6.27744e+66 -6.27744e+66 582.115 682.402 799.034 1099.47 1302.01 1776.55 1957.53 2725.86 3077.21 4074.79 4547.6 5265.57 5867.19 7258.38 8264.77 9591.68 
-6.27744e+66 -6.27744e+66 -6.27744e+66 -6.27744e+66 -6.27744e+66 -6.27744e+66 -6.27744e+66 -6.27744e+66 -6.27744e+66 -6.27744e+66 582.115 640.431 840.725 992.628 1372.26 1523.07 2181.64 2489.08 3375.81 3801.34 4454.04 5005.53 6289.7 7224.21 8462.65 
-6.27744e+66 -6.27744e+66 -6.27744e+66 -6.27744e+66 -6.27744e+66 -6.27744e+66 -6.27744e+66 -6.27744e+66 -6.27744e+66 -6.27744e+66 -6.27744e+66 582.115 682.262 783.531 1068.25 1188.9 1737.71 2001.23 2777.12 3155.37 3742.8 4244.15 5421.31 6283.93 7433.92 
-6.27744e+66 -6.27744e+66 -6.27744e+66 -6.27744e+66 -6.27744e+66 -6.27744e+66 -6.27744e+66 -6.27744e+66 -6.27744e+66 -6.27744e+66 -6.27744e+66 -6.27744e+66 582.115 632.75 822.566 913.053 1352.1 1571.7 2236.75 2567.71 3089.88 3541.09 4611.24 5401.97 6463.5 
-6.27744e+66 -6.27744e+66 -6.27744e+66 -6.27744e+66 -6.27744e+66 -6.27744e+66 -6.27744e+66 -6.27744e+66 -6.27744e+66 -6.27744e+66 -6.27744e+66 -6.27744e+66 -6.27744e+66 582.115 677.023 737.348 1066.63 1242.31 1796.52 2080.2 2537.1 2938.18 3901.31 4620.16 5593.22 
-6.27744e+66 -6.27744e+66 -6.27744e+66 -6.27744e+66 -6.27744e+66 -6.27744e+66 -6.27744e+66 -6.27744e+66 -6.27744e+66 -6.27744e+66 -6.27744e+66 -6.27744e+66 -6.27744e+66 -6.27744e+66 582.115 612.278 831.801 963.559 1406.93 1643.33 2034.95 2385.9 3242.01 3888.98 4773.58 
-6.27744e+66 -6.27744e+66 -6.27744e+66 -6.27744e+66 -6.27744e+66 -6.27744e+66 -6.27744e+66 -6.27744e+66 -6.27744e+66 -6.27744e+66 -6.27744e+66 -6.27744e+66 -6.27744e+66 -6.27744e+66 -6.27744e+66 582.115 691.877 779.716 1112.24 1301.36 1627.72 1928.53 2677.63 3252.71 4048.85 
-6.27744e+66 -6.27744e+66 -6.27744e+66 -6.27744e+66 -6.27744e+66 -6.27744e+66 -6.27744e+66 -6.27744e+66 -6.27744e+66 -6.27744e+66 -6.27744e+66 -6.27744e+66 -6.27744e+66 -6.27744e+66 -6.27744e+66 -6.27744e+66 582.115 626.035 847.719 989.561 1250.64 1501.32 2143.4 2646.6 3354.28 
-6.27744e+66 -6.27744e+66 -6.27744e+66 -6.27744e+66 -6.27744e+66 -6.27744e+66 -6.27744e+66 -6.27744e+66 -6.27744e+66 -6.27744e+66 -6.27744e+66 -6.27744e+66 -6.27744e+66 -6.27744e+66 -6.27744e+66 -6.27744e+66 -6.27744e+66 582.115 692.957 787.519 983.33 1183.87 1718.94 2150.25 2769.48 
-6.27744e+66 -6.27744e+66 -6.27744e+66 -6.27744e+66 -6.27744e+66 -6.27744e+66 -6.27744e+66 -6.27744e+66 -6.27744e+66 -6.27744e+66 -6.27744e+66 -6.27744e+66 -6.27744e+66 -6.27744e+66 -6.27744e+66 -6.27744e+66 -6.27744e+66 -6.27744e+66 582.115 629.396 759.937 910.343 1338.4 1697.82 2228.59 
-6.27744e+66 -6.27744e+66 -6.27744e+66 -6.27744e+66 -6.27744e+66 -6.27744e+66 -6.27744e+66 -6.27744e+66 -6.27744e+66 -6.27744e+66 -6.27744e+66 -6.27744e+66 -6.27744e+66 -6.27744e+66 -6.27744e+66 -6.27744e+66 -6.27744e+66 -6.27744e+66 -6.27744e+66 582.115 647.386 747.657 1068.7 1356.24 1798.54 
-6.27744e+66 -6.27744e+66 -6.27744e+66 -6.27744e+66 -6.27744e+66 -6.27744e+66 -6.27744e+66 -6.27744e+66 -6.27744e+66 -6.27744e+66 -6.27744e+66 -6.27744e+66 -6.27744e+66 -6.27744e+66 -6.27744e+66 -6.27744e+66 -6.27744e+66 -6.27744e+66 -6.27744e+66 -6.27744e+66 582.115 632.251 846.279 1061.93 1415.78 
-6.27744e+66 -6.27744e+66 -6.27744e+66 -6.27744e+66 -6.27744e+66 -6.27744e+66 -6.27744e+66 -6.27744e+66 -6.27744e+66 -6.27744e+66 -6.27744e+66 -6.27744e+66 -6.27744e+66 -6.27744e+66 -6.27744e+66 -6.27744e+66 -6.27744e+66 -6.27744e+66 -6.27744e+66 -6.27744e+66 -6.27744e+66 582.115 689.13 832.9 1098.28 
-6.27744e+66 -6.27744e+66 -6.27744e+66 -6.27744e+66 -6.27744e+66 -6.27744e+66 -6.27744e+66 -6.27744e+66 -6.27744e+66 -6.27744e+66 -6.27744e+66 -6.27744e+66 -6.27744e+66 -6.27744e+66 -6.27744e+66 -6.27744e+66 -6.27744e+66 -6.27744e+66 -6.27744e+66 -6.27744e+66 -6.27744e+66 -6.27744e+66 582.115 654 830.921 
-6.27744e+66 -6.27744e+66 -6.27744e+66 -6.27744e+66 -6.27744e+66 -6.27744e+66 -6.27744e+66 -6.27744e+66 -6.27744e+66 -6.27744e+66 -6.27744e+66 -6.27744e+66 -6.27744e+66 -6.27744e+66 -6.27744e+66 -6.27744e+66 -6.27744e+66 -6.27744e+66 -6.27744e+66 -6.27744e+66 -6.27744e+66 -6.27744e+66 -6.27744e+66 582.115 670.576 
-6.27744e+66 -6.27744e+66 -6.27744e+66 -6.27744e+66 -6.27744e+66 -6.27744e+66 -6.27744e+66 -6.27744e+66 -6.27744e+66 -6.27744e+66 -6.27744e+66 -6.27744e+66 -6.27744e+66 -6.27744e+66 -6.27744e+66 -6.27744e+66 -6.27744e+66 -6.27744e+66 -6.27744e+66 -6.27744e+66 -6.27744e+66 -6.27744e+66 -6.27744e+66 -6.27744e+66 582.115 
-6.27744e+66 -6.27744e+66 -6.27744e+66 -6.27744e+66 -6.27744e+66 -6.27744e+66 -6.27744e+66 -6.27744e+66 -6.27744e+66 -6.27744e+66 -6.27744e+66 -6.27744e+66 -6.27744e+66 -6.27744e+66 -6.27744e+66 -6.27744e+66 -6.27744e+66 -6.27744e+66 -6.27744e+66 -6.27744e+66 -6.27744e+66 -6.27744e+66 -6.27744e+66 -6.27744e+66 -6.27744e+66 
-6.27744e+66 432.086 542.383 603.225 870.994 958.238 1419.64 1575.35 2200.8 2522.77 3268.83 3592.16 4653.15 5788.59 7022.47 7656.54 8957.64 9858.1 11364.3 12260.7 13477.2 14330.3 16447.2 17713.1 19911 
-6.27744e+66 -6.27744e+66 432.086 462.507 641.019 706.452 1075.57 1205.33 1741.43 2023.15 2686.32 2977.31 3941.86 4982.67 6121.64 6710.42 7924.78 8768.96 10186.5 11033.2 12185.6 12996 15012.1 16220.5 18322.9 
-6.27744e+66 -6.27744e+66 -6.27744e+66 432.086 521.342 564.964 841.804 945.613 1392.36 1633.84 2214.11 2472.77 3340.86 4287.05 5331.11 5874.59 7002.21 7790.12 9119.1 9915.93 11004.4 11772.1 13687.4 14838.2 16845.1 
-6.27744e+66 -6.27744e+66 -6.27744e+66 -6.27744e+66 432.086 453.897 638.457 716.313 1073.71 1274.94 1772.31 1998.65 2770.28 3621.86 4571 5069.19 6110.07 6841.7 8082.08 8829.11 9853.53 10578.6 12393.1 13486.4 15397.7 
-6.27744e+66 -6.27744e+66 -6.27744e+66 -6.27744e+66 -6.27744e+66 432.086 524.366 576.27 844.319 1005.3 1419.78 1613.78 2288.96 3045.92 3900.14 4353.05 5307.19 5982.53 7134.32 7831.55 8791.93 9474.38 11188.1 12223.8 14039.5 
-6.27744e+66 -6.27744e+66 -6.27744e+66 -6.27744e+66 -6.27744e+66 -6.27744e+66 432.086 458.038 636.737 757.475 1089.06 1250.72 1829.45 2491.79 3251.1 3658.71 4526.11 5145.18 6208.36 6855.79 7752.15 8391.94 10004.8 10983 12703.2 
-6.27744e+66 -6.27744e+66 -6.27744e+66 -6.27744e+66 -6.27744e+66 -6.27744e+66 -6.27744e+66 432.086 521.435 601.927 850.614 979.946 1462.22 2029.94 2694.33 3056.66 3837.32 4400.11 5374.69 5972.32 6804.65 7401.79 8913.86 9834.52 11459.1 
-6.27744e+66 -6.27744e+66 -6.27744e+66 -6.27744e+66 -6.27744e+66 -6.27744e+66 -6.27744e+66 -6.27744e+66 432.086 472.332 638.123 735.122 1120.94 1594.04 2163.52 2480.55 3174.47 3680.98 4566.97 5114.79 5883.11 6437.59 7848.86 8711.97 10241 
-6.27744e+66 -6.27744e+66 -6.27744e+66 -6.27744e+66 -6.27744e+66 -6.27744e+66 -6.27744e+66 -6.27744e+66 -6.27744e+66 432.086 514.981 579.647 869.01 1247.49 1722.06 1993.8 2600.98 3051.21 3848.6 4346.62 5050.91 5562.74 6873.2 7678.77 9112.24 
-6.27744e+66 -6.27744e+66 -6.27744e+66 -6.27744e+66 -6.27744e+66 -6.27744e+66 -6.27744e+66 -6.27744e+66 -6.27744e+66 -6.27744e+66 432.086 464.419 657.327 941.186 1320.84 1547.29 2067.73 2461.69 3170.48 3618.7 4258.95 4728.13 5937.79 6685.82 8023.73 
-6.27744e+66 -6.27744e+66 -6.27744e+66 -6.27744e+66 -6.27744e+66 -6.27744e+66 -6.27744e+66 -6.27744e+66 -6.27744e+66 -6.27744e+66 -6.27744e+66 432.086 528.54 717.779 1002.52 1183.68 1617.38 1955.06 2575.25 2973.66 3549.9 3976.42 5085.28 5775.77 7018.11 
-6.27744e+66 -6.27744e+66 -6.27744e+66 -6.27744e+66 -6.27744e+66 -6.27744e+66 -6.27744e+66 -6.27744e+66 -6.27744e+66 -6.27744e+66 -6.27744e+66 -6.27744e+66 432.086 526.705 716.534 852.405 1199.36 1480.76 2012.35 2360.97 2873.17 3257.05 4265.09 4898.05 6044.82 
-6.27744e+66 -6.27744e+66 -6.27744e+66 -6.27744e+66 -6.27744e+66 -6.27744e+66 -6.27744e+66 -6.27744e+66 -6.27744e+66 -6.27744e+66 -6.27744e+66 -6.27744e+66 -6.27744e+66 432.086 527 617.58 877.801 1102.92 1545.91 1844.72 2292.9 2634.12 3541.37 4116.78 5167.99 
-6.27744e+66 -6.27744e+66 -6.27744e+66 -6.27744e+66 -6.27744e+66 -6.27744e+66 -6.27744e+66 -6.27744e+66 -6.27744e+66 -6.27744e+66 -6.27744e+66 -6.27744e+66 -6.27744e+66 -6.27744e+66 432.086 477.376 650.856 819.693 1174.09 1423.1 1807.25 2105.82 2912.26 3430.13 4385.78 
-6.27744e+66 -6.27744e+66 -6.27744e+66 -6.27744e+66 -6.27744e+66 -6.27744e+66 -6.27744e+66 -6.27744e+66 -6.27744e+66 -6.27744e+66 -6.27744e+66 -6.27744e+66 -6.27744e+66 -6.27744e+66 -6.27744e+66 432.086 518.826 631.384 897.179 1096.39 1416.52 1672.43 2378.07 2838.39 3698.48 
-6.27744e+66 -6.27744e+66 -6.27744e+66 -6.27744e+66 -6.27744e+66 -6.27744e+66 -6.27744e+66 -6.27744e+66 -6.27744e+66 -6.27744e+66 -6.27744e+66 -6.27744e+66 -6.27744e+66 -6.27744e+66 -6.27744e+66 -6.27744e+66 432.086 488.365 665.562 814.968 1071.07 1284.33 1889.16 2291.95 3056.47 
-6.27744e+66 -6.27744e+66 -6.27744e+66 -6.27744e+66 -6.27744e+66 -6.27744e+66 -6.27744e+66 -6.27744e+66 -6.27744e+66 -6.27744e+66 -6.27744e+66 -6.27744e+66 -6.27744e+66 -6.27744e+66 -6.27744e+66 -6.27744e+66 -6.27744e+66 432.086 520.684 620.289 812.366 982.977 1487 1832.25 2501.2 
-6.27744e+66 -6.27744e+66 -6.27744e+66 -6.27744e+66 -6.27744e+66 -6.27744e+66 -6.27744e+66 -6.27744e+66 -6.27744e+66 -6.27744e+66 -6.27744e+66 -6.27744e+66 -6.27744e+66 -6.27744e+66 -6.27744e+66 -6.27744e+66 -6.27744e+66 -6.27744e+66 432.086 481.888 609.94 737.897 1141.12 1428.82 2002.21 
-6.27744e+66 -6.27744e+66 -6.27744e+66 -6.27744e+66 -6.27744e+66 -6.27744e+66 -6.27744e+66 -6.27744e+66 -6.27744e+66 -6.27744e+66 -6.27744e+66 -6.27744e+66 -6.27744e+66 -6.27744e+66 -6.27744e+66 -6.27744e+66 -6.27744e+66 -6.27744e+66 -6.27744e+66 432.086 496.112 581.417 883.831 1114 1591.82 
-6.27744e+66 -6.27744e+66 -6.27744e+66 -6.27744e+66 -6.27744e+66 -6.27744e+66 -6.27744e+66 -6.27744e+66 -6.27744e+66 -6.27744e+66 -6.27744e+66 -6.27744e+66 -6.27744e+66 -6.27744e+66 -6.27744e+66 -6.27744e+66 -6.27744e+66 -6.27744e+66 -6.27744e+66 -6.27744e+66 432.086 474.738 676.348 848.971 1231.23 
-6.27744e+66 -6.27744e+66 -6.27744e+66 -6.27744e+66 -6.27744e+66 -6.27744e+66 -6.27744e+66 -6.27744e+66 -6.27744e+66 -6.27744e+66 -6.27744e+66 -6.27744e+66 -6.27744e+66 -6.27744e+66 -6.27744e+66 -6.27744e+66 -6.27744e+66 -6.27744e+66 -6.27744e+66 -6.27744e+66 -6.27744e+66 432.086 532.89 647.973 934.667 
-6.27744e+66 -6.27744e+66 -6.27744e+66 -6.27744e+66 -6.27744e+66 -6.27744e+66 -6.27744e+66 -6.27744e+66 -6.27744e+66 -6.27744e+66 -6.27744e+66 -6.27744e+66 -6.27744e+66 -6.27744e+66 -6.27744e+66 -6.27744e+66 -6.27744e+66 -6.27744e+66 -6.27744e+66 -6.27744e+66 -6.27744e+66 -6.27744e+66 432.086 489.627 680.756 
-6.27744e+66 -6.27744e+66 -6.27744e+66 -6.27744e+66 -6.27744e+66 -6.27744e+66 -6.27744e+66 -6.27744e+66 -6.27744e+66 -6.27744e+66 -6.27744e+66 -6.27744e+66 -6.27744e+66 -6.27744e+66 -6.27744e+66 -6.27744e+66 -6.27744e+66 -6.27744e+66 -6.27744e+66 -6.27744e+66 -6.27744e+66 -6.27744e+66 -6.27744e+66 432.086 527.65 
-6.27744e+66 -6.27744e+66 -6.27744e+66 -6.27744e+66 -6.27744e+66 -6.27744e+66 -6.27744e+66 -6.27744e+66 -6.27744e+66 -6.27744e+66 -6.27744e+66 -6.27744e+66 -6.27744e+66 -6.27744e+66 -6.27744e+66 -6.27744e+66 -6.27744e+66 -6.27744e+66 -6.27744e+66 -6.27744e+66 -6.27744e+66 -6.27744e+66 -6.27744e+66 -6.27744e+66 432.086 
-6.27744e+66 -6.27744e+66 -6.27744e+66 -6.27744e+66 -6.27744e+66 -6.27744e+66 -6.27744e+66 -6.27744e+66 -6.27744e+66 -6.27744e+66 -6.27744e+66 -6.27744e+66 -6.27744e+66 -6.27744e+66 -6.27744e+66 -6.27744e+66 -6.27744e+66 -6.27744e+66 -6.27744e+66 -6.27744e+66 -6.27744e+66 -6.27744e+66 -6.27744e+66 -6.27744e+66 -6.27744e+66 
-6.27744e+66 1030.75 1140.77 1187.87 1441.07 1698.13 2462.63 2680.73 3708.81 4105.32 5140.33 5876.17 6607.6 6807.16 8207.11 8697.41 10293 11237.8 13172.2 14086.4 16144.1 17434.2 19810.5 21108.1 23563.8 
-6.27744e+66 -6.27744e+66 1030.75 1054.31 1223.1 1415.9 2027.5 2209.25 3090.46 3437.41 4357.42 5019.68 5684.61 5867.54 7159.8 7615.08 9104.28 9990.01 11810.6 12674.1 14623.4 15849.1 18112.2 19350.8 21699.7 
-6.27744e+66 -6.27744e+66 -6.27744e+66 1030.75 1115.15 1243.68 1702.39 1847.78 2582.12 2879.51 3684.52 4273.19 4871.63 5037.93 6222.5 6642.76 8025.59 8852.27 10559.1 11371.7 13212.8 14374 16523.9 17703.6 19945.7 
-6.27744e+66 -6.27744e+66 -6.27744e+66 -6.27744e+66 1030.75 1095.02 1400.82 1509.87 2097.34 2345.17 3035.17 3550.26 4082.2 4231.88 5308.76 5694 6970.45 7738.09 9331.12 10093 11825.8 12922.4 14959.2 16079.9 18215.2 
-6.27744e+66 -6.27744e+66 -6.27744e+66 -6.27744e+66 -6.27744e+66 1030.75 1183.66 1256.35 1696.96 1895.22 2470.22 2911.73 3377.18 3510.22 4479.42 4829.63 5999.71 6708.3 8187.54 8898.61 10523.1 11555.2 13478.8 14540.5 16569.2 
-6.27744e+66 -6.27744e+66 -6.27744e+66 -6.27744e+66 -6.27744e+66 -6.27744e+66 1030.75 1067.1 1360.84 1509.53 1969.54 2337.46 2736.42 2852.83 3714.34 4029.53 5093.24 5742.78 7108.23 7768.51 9284.7 10252.3 12062.8 13065.5 14987.3 
-6.27744e+66 -6.27744e+66 -6.27744e+66 -6.27744e+66 -6.27744e+66 -6.27744e+66 -6.27744e+66 1030.75 1177.62 1276.75 1621.75 1916.09 2248.56 2348.34 3102.16 3382.33 4339.67 4930.16 6181.82 6791.31 8199.2 9102.32 10799.6 11743.4 13558.4 
-6.27744e+66 -6.27744e+66 -6.27744e+66 -6.27744e+66 -6.27744e+66 -6.27744e+66 -6.27744e+66 -6.27744e+66 1030.75 1080.32 1310.32 1531.07 1797.05 1880.2 2526.33 2771.48 3622.45 4153.89 5291.76 5850.46 7150.05 7988.66 9572.81 10457.6 12165.9 
-6.27744e+66 -6.27744e+66 -6.27744e+66 -6.27744e+66 -6.27744e+66 -6.27744e+66 -6.27744e+66 -6.27744e+66 -6.27744e+66 1030.75 1145.76 1292.92 1492.4 1558.92 2097.37 2307.5 3052.09 3524.49 4548.57 5056.48 6247.77 7021.88 8492.87 9318.64 10920.2 
-6.27744e+66 -6.27744e+66 -6.27744e+66 -6.27744e+66 -6.27744e+66 -6.27744e+66 -6.27744e+66 -6.27744e+66 -6.27744e+66 -6.27744e+66 1030.75 1104.34 1237.32 1287.21 1717.97 1893.08 2531.3 2944.65 3854.95 4312.06 5395.06 6104.65 7462.49 8229.28 9724.04 
-6.27744e+66 -6.27744e+66 -6.27744e+66 -6.27744e+66 -6.27744e+66 -6.27744e+66 -6.27744e+66 -6.27744e+66 -6.27744e+66 -6.27744e+66 -6.27744e+66 1030.75 1097.25 1130.51 1453.57 1593.66 2125.51 2479.81 3276.32 3682.65 4657.34 5302.43 6547.11 7254.92 8642.91 
-6.27744e+66 -6.27744e+66 -6.27744e+66 -6.27744e+66 -6.27744e+66 -6.27744e+66 -6.27744e+66 -6.27744e+66 -6.27744e+66 -6.27744e+66 -6.27744e+66 -6.27744e+66 1030.75 1047.38 1262.76 1367.83 1793.31 2088.56 2771.28 3126.82 3993.21 4573.79 5705.32 6354.14 7635.36 
-6.27744e+66 -6.27744e+66 -6.27744e+66 -6.27744e+66 -6.27744e+66 -6.27744e+66 -6.27744e+66 -6.27744e+66 -6.27744e+66 -6.27744e+66 -6.27744e+66 -6.27744e+66 -6.27744e+66 1030.75 1138.44 1208.49 1527.6 1763.8 2332.73 2637.48 3395.57 3911.64 4930.02 5519.86 6694.31 
-6.27744e+66 -6.27744e+66 -6.27744e+66 -6.27744e+66 -6.27744e+66 -6.27744e+66 -6.27744e+66 -6.27744e+66 -6.27744e+66 -6.27744e+66 -6.27744e+66 -6.27744e+66 -6.27744e+66 -6.27744e+66 1030.75 1065.78 1278.52 1455.67 1910.82 2164.77 2814.56 3266.12 4171.35 4702.2 5769.89 
-6.27744e+66 -6.27744e+66 -6.27744e+66 -6.27744e+66 -6.27744e+66 -6.27744e+66 -6.27744e+66 -6.27744e+66 -6.27744e+66 -6.27744e+66 -6.27744e+66 -6.27744e+66 -6.27744e+66 -6.27744e+66 -6.27744e+66 1030.75 1137.13 1255.22 1596.59 1799.75 2341.25 2728.3 3520.37 3992.24 4953.16 
-6.27744e+66 -6.27744e+66 -6.27744e+66 -6.27744e+66 -6.27744e+66 -6.27744e+66 -6.27744e+66 -6.27744e+66 -6.27744e+66 -6.27744e+66 -6.27744e+66 -6.27744e+66 -6.27744e+66 -6.27744e+66 -6.27744e+66 -6.27744e+66 1030.75 1089.8 1317.38 1469.75 1902.95 2225.49 2904.41 3317.3 4171.44 
-6.27744e+66 -6.27744e+66 -6.27744e+66 -6.27744e+66 -6.27744e+66 -6.27744e+66 -6.27744e+66 -6.27744e+66 -6.27744e+66 -6.27744e+66 -6.27744e+66 -6.27744e+66 -6.27744e+66 -6.27744e+66 -6.27744e+66 -6.27744e+66 -6.27744e+66 1030.75 1144.54 1246.12 1571.02 1829.06 2394.82 2748.72 3496.1 
-6.27744e+66 -6.27744e+66 -6.27744e+66 -6.27744e+66 -6.27744e+66 -6.27744e+66 -6.27744e+66 -6.27744e+66 -6.27744e+66 -6.27744e+66 -6.27744e+66 -6.27744e+66 -6.27744e+66 -6.27744e+66 -6.27744e+66 -6.27744e+66 -6.27744e+66 -6.27744e+66 1030.75 1081.54 1298.14 1491.67 1944.28 2239.2 2879.81 
-6.27744e+66 -6.27744e+66 -6.27744e+66 -6.27744e+66 -6.27744e+66 -6.27744e+66 -6.27744e+66 -6.27744e+66 -6.27744e+66 -6.27744e+66 -6.27744e+66 -6.27744e+66 -6.27744e+66 -6.27744e+66 -6.27744e+66 -6.27744e+66 -6.27744e+66 -6.27744e+66 -6.27744e+66 1030.75 1139.05 1268.07 1607.53 1843.47 2377.31 
-6.27744e+66 -6.27744e+66 -6.27744e+66 -6.27744e+66 -6.27744e+66 -6.27744e+66 -6.27744e+66 -6.27744e+66 -6.27744e+66 -6.27744e+66 -6.27744e+66 -6.27744e+66 -6.27744e+66 -6.27744e+66 -6.27744e+66 -6.27744e+66 -6.27744e+66 -6.27744e+66 -6.27744e+66 -6.27744e+66 1030.75 1095.26 1321.57 1498.52 1925.59 
-6.27744e+66 -6.27744e+66 -6.27744e+66 -6.27744e+66 -6.27744e+66 -6.27744e+66 -6.27744e+66 -6.27744e+66 -6.27744e+66 -6.27744e+66 -6.27744e+66 -6.27744e+66 -6.27744e+66 -6.27744e+66 -6.27744e+66 -6.27744e+66 -6.27744e+66 -6.27744e+66 -6.27744e+66 -6.27744e+66 -6.27744e+66 1030.75 1143.91 1261.87 1582.18 
-6.27744e+66 -6.27744e+66 -6.27744e+66 -6.27744e+66 -6.27744e+66 -6.27744e+66 -6.27744e+66 -6.27744e+66 -6.27744e+66 -6.27744e+66 -6.27744e+66 -6.27744e+66 -6.27744e+66 -6.27744e+66 -6.27744e+66 -6.27744e+66 -6.27744e+66 -6.27744e+66 -6.27744e+66 -6.27744e+66 -6.27744e+66 -6.27744e+66 1030.75 1089.74 1303.27 
-6.27744e+66 -6.27744e+66 -6.27744e+66 -6.27744e+66 -6.27744e+66 -6.27744e+66 -6.27744e+66 -6.27744e+66 -6.27744e+66 -6.27744e+66 -6.27744e+66 -6.27744e+66 -6.27744e+66 -6.27744e+66 -6.27744e+66 -6.27744e+66 -6.27744e+66 -6.27744e+66 -6.27744e+66 -6.27744e+66 -6.27744e+66 -6.27744e+66 -6.27744e+66 1030.75 1137.52 
-6.27744e+66 -6.27744e+66 -6.27744e+66 -6.27744e+66 -6.27744e+66 -6.27744e+66 -6.27744e+66 -6.27744e+66 -6.27744e+66 -6.27744e+66 -6.27744e+66 -6.27744e+66 -6.27744e+66 -6.27744e+66 -6.27744e+66 -6.27744e+66 -6.27744e+66 -6.27744e+66 -6.27744e+66 -6.27744e+66 -6.27744e+66 -6.27744e+66 -6.27744e+66 -6.27744e+66 1030.75 
-6.27744e+66 -6.27744e+66 -6.27744e+66 -6.27744e+66 -6.27744e+66 -6.27744e+66 -6.27744e+66 -6.27744e+66 -6.27744e+66 -6.27744e+66 -6.27744e+66 -6.27744e+66 -6.27744e+66 -6.27744e+66 -6.27744e+66 -6.27744e+66 -6.27744e+66 -6.27744e+66 -6.27744e+66 -6.27744e+66 -6.27744e+66 -6.27744e+66 -6.27744e+66 -6.27744e+66 -6.27744e+66 
-6.27744e+66 186.352 268.68 327.303 601.679 843.514 1379.81 1588.49 2481.47 2874.18 3986.69 4296.15 5496.71 6006.99 7228.23 8133.84 9597.03 10386.2 11760.1 12700 14319.8 15478.5 17626.8 18472.8 21364 
-6.27744e+66 -6.27744e+66 186.352 215.664 398.581 579.957 1008.99 1182.9 1948.31 2291.93 3280.82 3559.34 4650.76 5118.52 6245.81 7086.73 8452.38 9192.24 10485.3 11372.9 12907.5 14008.3 16054.3 16861.8 19627.3 
-6.27744e+66 -6.27744e+66 -6.27744e+66 186.352 277.811 398.729 720.503 859.627 1497.47 1792 2657.29 2904.85 3887.14 4312.37 5345.72 6121.96 7390.06 8080.6 9292.88 10128.3 11577.6 12620.4 14564.1 15333.2 17973 
-6.27744e+66 -6.27744e+66 -6.27744e+66 -6.27744e+66 186.352 246.811 461.328 565.671 1075.94 1321.39 2063.06 2279.68 3152.82 3535.53 4474.95 5186.49 6357.05 6998.26 8129.73 8912.9 10276.9 11261.9 13103.3 13833.9 16348 
-6.27744e+66 -6.27744e+66 -6.27744e+66 -6.27744e+66 -6.27744e+66 186.352 293.611 363.173 745.878 942.232 1560.29 1745.97 2509.97 2850.15 3695.62 4342.48 5415.5 6007.38 7058.03 7789 9067.79 9994.76 11733.9 12426.1 14814.4 
-6.27744e+66 -6.27744e+66 -6.27744e+66 -6.27744e+66 -6.27744e+66 -6.27744e+66 186.352 221.133 476.27 623.535 1117.99 1272.71 1927.57 2225.23 2976.76 3558.94 4534.4 5076.97 6046.79 6725.55 7919.09 8788.12 10424.9 11078.7 13341.3 
-6.27744e+66 -6.27744e+66 -6.27744e+66 -6.27744e+66 -6.27744e+66 -6.27744e+66 -6.27744e+66 186.352 313.921 412.098 782.935 906.718 1452.43 1707.57 2365.16 2882.65 3760.57 4253.81 5142.81 5769.36 6877.64 7688.74 9223.25 9838.53 11975.5 
-6.27744e+66 -6.27744e+66 -6.27744e+66 -6.27744e+66 -6.27744e+66 -6.27744e+66 -6.27744e+66 -6.27744e+66 186.352 235.441 482.666 575.503 1012.07 1224.69 1788.34 2241.14 3021.51 3465.43 4273.62 4847.95 5870.98 6624.15 8056.35 8633.18 10644.4 
-6.27744e+66 -6.27744e+66 -6.27744e+66 -6.27744e+66 -6.27744e+66 -6.27744e+66 -6.27744e+66 -6.27744e+66 -6.27744e+66 186.352 309.965 371.856 699.284 869.376 1339.08 1727.2 2410.03 2804.62 3531.99 4054.11 4991.89 5687.12 7017.02 7555.39 9440.96 
-6.27744e+66 -6.27744e+66 -6.27744e+66 -6.27744e+66 -6.27744e+66 -6.27744e+66 -6.27744e+66 -6.27744e+66 -6.27744e+66 -6.27744e+66 186.352 217.298 435.583 563.152 938.919 1262.35 1847.63 2192.9 2839.45 3309.35 4161.88 4799.18 6026.78 6526.69 8286.56 
-6.27744e+66 -6.27744e+66 -6.27744e+66 -6.27744e+66 -6.27744e+66 -6.27744e+66 -6.27744e+66 -6.27744e+66 -6.27744e+66 -6.27744e+66 -6.27744e+66 186.352 295.495 380.541 662.366 921.11 1408.84 1704.79 2270.52 2688.21 3455.49 4034.85 5160.15 5621.61 7255.77 
-6.27744e+66 -6.27744e+66 -6.27744e+66 -6.27744e+66 -6.27744e+66 -6.27744e+66 -6.27744e+66 -6.27744e+66 -6.27744e+66 -6.27744e+66 -6.27744e+66 -6.27744e+66 186.352 228.875 416.759 610.816 1001 1247.62 1732.54 2098.02 2780.04 3301.46 4324.47 4747.47 6255.92 
-6.27744e+66 -6.27744e+66 -6.27744e+66 -6.27744e+66 -6.27744e+66 -6.27744e+66 -6.27744e+66 -6.27744e+66 -6.27744e+66 -6.27744e+66 -6.27744e+66 -6.27744e+66 -6.27744e+66 186.352 280.294 409.666 702.305 899.601 1303.7 1616.97 2213.74 2677.22 3597.93 3982.48 5365.22 
-6.27744e+66 -6.27744e+66 -6.27744e+66 -6.27744e+66 -6.27744e+66 -6.27744e+66 -6.27744e+66 -6.27744e+66 -6.27744e+66 -6.27744e+66 -6.27744e+66 -6.27744e+66 -6.27744e+66 -6.27744e+66 186.352 251.038 446.131 594.103 917.379 1178.44 1689.95 2095.51 2913.91 3260 4517.05 
-6.27744e+66 -6.27744e+66 -6.27744e+66 -6.27744e+66 -6.27744e+66 -6.27744e+66 -6.27744e+66 -6.27744e+66 -6.27744e+66 -6.27744e+66 -6.27744e+66 -6.27744e+66 -6.27744e+66 -6.27744e+66 -6.27744e+66 186.352 283.899 382.547 625.003 833.851 1260.11 1607.73 2323.83 2631.47 3762.81 
-6.27744e+66 -6.27744e+66 -6.27744e+66 -6.27744e+66 -6.27744e+66 -6.27744e+66 -6.27744e+66 -6.27744e+66 -6.27744e+66 -6.27744e+66 -6.27744e+66 -6.27744e+66 -6.27744e+66 -6.27744e+66 -6.27744e+66 -6.27744e+66 186.352 235.676 397.314 553.95 894.961 1184.64 1798.44 2067.63 3073.26 
-6.27744e+66 -6.27744e+66 -6.27744e+66 -6.27744e+66 -6.27744e+66 -6.27744e+66 -6.27744e+66 -6.27744e+66 -6.27744e+66 -6.27744e+66 -6.27744e+66 -6.27744e+66 -6.27744e+66 -6.27744e+66 -6.27744e+66 -6.27744e+66 -6.27744e+66 186.352 267.171 371.595 627.353 859.097 1370.6 1601.33 2481.26 
-6.27744e+66 -6.27744e+66 -6.27744e+66 -6.27744e+66 -6.27744e+66 -6.27744e+66 -6.27744e+66 -6.27744e+66 -6.27744e+66 -6.27744e+66 -6.27744e+66 -6.27744e+66 -6.27744e+66 -6.27744e+66 -6.27744e+66 -6.27744e+66 -6.27744e+66 -6.27744e+66 186.352 238.564 409.07 582.877 992.078 1184.35 1938.58 
-6.27744e+66 -6.27744e+66 -6.27744e+66 -6.27744e+66 -6.27744e+66 -6.27744e+66 -6.27744e+66 -6.27744e+66 -6.27744e+66 -6.27744e+66 -6.27744e+66 -6.27744e+66 -6.27744e+66 -6.27744e+66 -6.27744e+66 -6.27744e+66 -6.27744e+66 -6.27744e+66 -6.27744e+66 186.352 271.605 387.477 694.377 848.198 1476.72 
-6.27744e+66 -6.27744e+66 -6.27744e+66 -6.27744e+66 -6.27744e+66 -6.27744e+66 -6.27744e+66 -6.27744e+66 -6.27744e+66 -6.27744e+66 -6.27744e+66 -6.27744e+66 -6.27744e+66 -6.27744e+66 -6.27744e+66 -6.27744e+66 -6.27744e+66 -6.27744e+66 -6.27744e+66 -6.27744e+66 186.352 244.288 448.889 564.254 1067.07 
-6.27744e+66 -6.27744e+66 -6.27744e+66 -6.27744e+66 -6.27744e+66 -6.27744e+66 -6.27744e+66 -6.27744e+66 -6.27744e+66 -6.27744e+66 -6.27744e+66 -6.27744e+66 -6.27744e+66 -6.27744e+66 -6.27744e+66 -6.27744e+66 -6.27744e+66 -6.27744e+66 -6.27744e+66 -6.27744e+66 -6.27744e+66 186.352 288.653 365.563 742.676 
-6.27744e+66 -6.27744e+66 -6.27744e+66 -6.27744e+66 -6.27744e+66 -6.27744e+66 -6.27744e+66 -6.27744e+66 -6.27744e+66 -6.27744e+66 -6.27744e+66 -6.27744e+66 -6.27744e+66 -6.27744e+66 -6.27744e+66 -6.27744e+66 -6.27744e+66 -6.27744e+66 -6.27744e+66 -6.27744e+66 -6.27744e+66 -6.27744e+66 186.352 224.807 476.216 
-6.27744e+66 -6.27744e+66 -6.27744e+66 -6.27744e+66 -6.27744e+66 -6.27744e+66 -6.27744e+66 -6.27744e+66 -6.27744e+66 -6.27744e+66 -6.27744e+66 -6.27744e+66 -6.27744e+66 -6.27744e+66 -6.27744e+66 -6.27744e+66 -6.27744e+66 -6.27744e+66 -6.27744e+66 -6.27744e+66 -6.27744e+66 -6.27744e+66 -6.27744e+66 186.352 312.057 
-6.27744e+66 -6.27744e+66 -6.27744e+66 -6.27744e+66 -6.27744e+66 -6.27744e+66 -6.27744e+66 -6.27744e+66 -6.27744e+66 -6.27744e+66 -6.27744e+66 -6.27744e+66 -6.27744e+66 -6.27744e+66 -6.27744e+66 -6.27744e+66 -6.27744e+66 -6.27744e+66 -6.27744e+66 -6.27744e+66 -6.27744e+66 -6.27744e+66 -6.27744e+66 -6.27744e+66 186.352 
-6.27744e+66 -6.27744e+66 -6.27744e+66 -6.27744e+66 -6.27744e+66 -6.27744e+66 -6.27744e+66 -6.27744e+66 -6.27744e+66 -6.27744e+66 -6.27744e+66 -6.27744e+66 -6.27744e+66 -6.27744e+66 -6.27744e+66 -6.27744e+66 -6.27744e+66 -6.27744e+66 -6.27744e+66 -6.27744e+66 -6.27744e+66 -6.27744e+66 -6.27744e+66 -6.27744e+66 -6.27744e+66 
-6.27744e+66 954.823 1067.89 1173.09 1497.92 1783.37 2175.84 2722.7 3276.3 3821.45 4778.85 5416.79 6196.93 6663.42 7885.78 8649.3 10300.9 10829.5 12437.2 13220.2 15879.1 16344.1 17383.9 18511.1 20407.5 
-6.27744e+66 -6.27744e+66 954.823 1007.42 1223.98 1438.06 1752.04 2207.76 2682.27 3159.28 4010.3 4584.44 5293.67 5721.28 6849.62 7558.6 9100.11 9595.61 11108.8 11848.3 14367.2 14809 15799.3 16875.3 18689.2 
-6.27744e+66 -6.27744e+66 -6.27744e+66 954.823 1063.1 1205.82 1441.31 1805.88 2201.31 2610.17 3354.81 3865.17 4503.47 4892.2 5926.51 6580.96 8012.36 8474.83 9893.46 10589.5 12968.4 13386.9 14327.7 15352.5 17084 
-6.27744e+66 -6.27744e+66 -6.27744e+66 -6.27744e+66 954.823 1026.18 1183.18 1456.6 1772.95 2113.67 2751.93 3198.49 3765.87 4115.73 5056.01 5655.92 6977.22 7406.65 8730.7 9383.2 11622.2 12017.5 12908.8 13882.3 15531.3 
-6.27744e+66 -6.27744e+66 -6.27744e+66 -6.27744e+66 -6.27744e+66 954.823 1033.32 1215.6 1452.86 1725.44 2257.32 2640.09 3136.54 3447.53 4293.79 4839.16 6050.35 6446.75 7676.22 8285.22 10384.3 10756.3 11598.1 12520.4 14086.9 
-6.27744e+66 -6.27744e+66 -6.27744e+66 -6.27744e+66 -6.27744e+66 -6.27744e+66 954.823 1045.97 1204.14 1408.57 1834.08 2153.05 2578.58 2850.7 3602.92 4093.76 5194.84 5558.21 6693.11 7258.6 9217.77 9566.51 10358.8 11229.8 12713.9 
-6.27744e+66 -6.27744e+66 -6.27744e+66 -6.27744e+66 -6.27744e+66 -6.27744e+66 -6.27744e+66 954.823 1033.91 1170.2 1489.33 1744.5 2099.12 2332.36 2990.56 3426.85 4417.82 4748.16 5788.49 6310.48 8129.71 8455.2 9197.93 10017.7 11419.4 
-6.27744e+66 -6.27744e+66 -6.27744e+66 -6.27744e+66 -6.27744e+66 -6.27744e+66 -6.27744e+66 -6.27744e+66 954.823 1022.97 1235.72 1427.1 1710.79 1905.16 2469.33 2851.09 3731.95 4029.26 4975.01 5453.5 7132.79 7435.03 8128.24 8896.81 10216 
-6.27744e+66 -6.27744e+66 -6.27744e+66 -6.27744e+66 -6.27744e+66 -6.27744e+66 -6.27744e+66 -6.27744e+66 -6.27744e+66 954.823 1061.2 1188.79 1401.56 1557.05 2027.19 2354.41 3125.17 3389.44 4240.61 4675.61 6214.95 6493.95 7137.65 7854.97 9091.75 
-6.27744e+66 -6.27744e+66 -6.27744e+66 -6.27744e+66 -6.27744e+66 -6.27744e+66 -6.27744e+66 -6.27744e+66 -6.27744e+66 -6.27744e+66 954.823 1018.62 1160.46 1277.08 1653.2 1925.88 2586.53 2817.76 3574.36 3965.86 5365.26 5621.01 6215.19 6881.28 8035.61 
-6.27744e+66 -6.27744e+66 -6.27744e+66 -6.27744e+66 -6.27744e+66 -6.27744e+66 -6.27744e+66 -6.27744e+66 -6.27744e+66 -6.27744e+66 -6.27744e+66 954.823 1025.75 1103.49 1385.58 1603.73 2154.27 2352.47 3014.49 3362.49 4621.95 4854.45 5399.12 6013.97 7085.84 
-6.27744e+66 -6.27744e+66 -6.27744e+66 -6.27744e+66 -6.27744e+66 -6.27744e+66 -6.27744e+66 -6.27744e+66 -6.27744e+66 -6.27744e+66 -6.27744e+66 -6.27744e+66 954.823 993.697 1181.75 1345.36 1785.8 1950.96 2518.41 2822.91 3942.43 4151.68 4646.83 5210.45 6199.87 
-6.27744e+66 -6.27744e+66 -6.27744e+66 -6.27744e+66 -6.27744e+66 -6.27744e+66 -6.27744e+66 -6.27744e+66 -6.27744e+66 -6.27744e+66 -6.27744e+66 -6.27744e+66 -6.27744e+66 954.823 1048.85 1157.93 1488.25 1620.38 2093.26 2354.26 3333.84 3519.83 3965.47 4477.85 5384.82 
-6.27744e+66 -6.27744e+66 -6.27744e+66 -6.27744e+66 -6.27744e+66 -6.27744e+66 -6.27744e+66 -6.27744e+66 -6.27744e+66 -6.27744e+66 -6.27744e+66 -6.27744e+66 -6.27744e+66 -6.27744e+66 954.823 1009.36 1229.58 1328.68 1706.98 1924.47 2764.12 2926.86 3322.99 3784.12 4608.64 
-6.27744e+66 -6.27744e+66 -6.27744e+66 -6.27744e+66 -6.27744e+66 -6.27744e+66 -6.27744e+66 -6.27744e+66 -6.27744e+66 -6.27744e+66 -6.27744e+66 -6.27744e+66 -6.27744e+66 -6.27744e+66 -6.27744e+66 954.823 1064.93 1131 1414.72 1588.72 2288.42 2427.92 2774.53 3184.43 3926.49 
-6.27744e+66 -6.27744e+66 -6.27744e+66 -6.27744e+66 -6.27744e+66 -6.27744e+66 -6.27744e+66 -6.27744e+66 -6.27744e+66 -6.27744e+66 -6.27744e+66 -6.27744e+66 -6.27744e+66 -6.27744e+66 -6.27744e+66 -6.27744e+66 954.823 987.857 1177.01 1307.51 1867.27 1983.51 2280.61 2639.27 3298.88 
-6.27744e+66 -6.27744e+66 -6.27744e+66 -6.27744e+66 -6.27744e+66 -6.27744e+66 -6.27744e+66 -6.27744e+66 -6.27744e+66 -6.27744e+66 -6.27744e+66 -6.27744e+66 -6.27744e+66 -6.27744e+66 -6.27744e+66 -6.27744e+66 -6.27744e+66 954.823 1049.4 1136.4 1556.22 1649.22 1896.79 2204.22 2781.38 
-6.27744e+66 -6.27744e+66 -6.27744e+66 -6.27744e+66 -6.27744e+66 -6.27744e+66 -6.27744e+66 -6.27744e+66 -6.27744e+66 -6.27744e+66 -6.27744e+66 -6.27744e+66 -6.27744e+66 -6.27744e+66 -6.27744e+66 -6.27744e+66 -6.27744e+66 -6.27744e+66 954.823 998.323 1278.2 1347.95 1546.01 1802.2 2296.91 
-6.27744e+66 -6.27744e+66 -6.27744e+66 -6.27744e+66 -6.27744e+66 -6.27744e+66 -6.27744e+66 -6.27744e+66 -6.27744e+66 -6.27744e+66 -6.27744e+66 -6.27744e+66 -6.27744e+66 -6.27744e+66 -6.27744e+66 -6.27744e+66 -6.27744e+66 -6.27744e+66 -6.27744e+66 954.823 1094.76 1141.26 1289.81 1494.76 1907.02 
-6.27744e+66 -6.27744e+66 -6.27744e+66 -6.27744e+66 -6.27744e+66 -6.27744e+66 -6.27744e+66 -6.27744e+66 -6.27744e+66 -6.27744e+66 -6.27744e+66 -6.27744e+66 -6.27744e+66 -6.27744e+66 -6.27744e+66 -6.27744e+66 -6.27744e+66 -6.27744e+66 -6.27744e+66 -6.27744e+66 954.823 978.073 1077.1 1230.82 1560.62 
-6.27744e+66 -6.27744e+66 -6.27744e+66 -6.27744e+66 -6.27744e+66 -6.27744e+66 -6.27744e+66 -6.27744e+66 -6.27744e+66 -6.27744e+66 -6.27744e+66 -6.27744e+66 -6.27744e+66 -6.27744e+66 -6.27744e+66 -6.27744e+66 -6.27744e+66 -6.27744e+66 -6.27744e+66 -6.27744e+66 -6.27744e+66 954.823 1004.34 1106.81 1354.17 
-6.27744e+66 -6.27744e+66 -6.27744e+66 -6.27744e+66 -6.27744e+66 -6.27744e+66 -6.27744e+66 -6.27744e+66 -6.27744e+66 -6.27744e+66 -6.27744e+66 -6.27744e+66 -6.27744e+66 -6.27744e+66 -6.27744e+66 -6.27744e+66 -6.27744e+66 -6.27744e+66 -6.27744e+66 -6.27744e+66 -6.27744e+66 -6.27744e+66 954.823 1006.06 1170.96 
-6.27744e+66 -6.27744e+66 -6.27744e+66 -6.27744e+66 -6.27744e+66 -6.27744e+66 -6.27744e+66 -6.27744e+66 -6.27744e+66 -6.27744e+66 -6.27744e+66 -6.27744e+66 -6.27744e+66 -6.27744e+66 -6.27744e+66 -6.27744e+66 -6.27744e+66 -6.27744e+66 -6.27744e+66 -6.27744e+66 -6.27744e+66 -6.27744e+66 -6.27744e+66 954.823 1037.28 
-6.27744e+66 -6.27744e+66 -6.27744e+66 -6.27744e+66 -6.27744e+66 -6.27744e+66 -6.27744e+66 -6.27744e+66 -6.27744e+66 -6.27744e+66 -6.27744e+66 -6.27744e+66 -6.27744e+66 -6.27744e+66 -6.27744e+66 -6.27744e+66 -6.27744e+66 -6.27744e+66 -6.27744e+66 -6.27744e+66 -6.27744e+66 -6.27744e+66 -6.27744e+66 -6.27744e+66 954.823 
-6.27744e+66 -6.27744e+66 -6.27744e+66 -6.27744e+66 -6.27744e+66 -6.27744e+66 -6.27744e+66 -6.27744e+66 -6.27744e+66 -6.27744e+66 -6.27744e+66 -6.27744e+66 -6.27744e+66 -6.27744e+66 -6.27744e+66 -6.27744e+66 -6.27744e+66 -6.27744e+66 -6.27744e+66 -6.27744e+66 -6.27744e+66 -6.27744e+66 -6.27744e+66 -6.27744e+66 -6.27744e+66 
-6.27744e+66 404.117 488.867 677.399 948.567 1147.57 1485.69 1969.89 2498.1 2911.84 3956.42 4385.79 5584.19 6125.3 7437.79 8005.55 10106.3 10423.2 12159.8 13472.3 15188.2 16106 18377 19032 21299.9 
-6.27744e+66 -6.27744e+66 404.117 498.383 679.162 828.415 1098.91 1502.41 1955.16 2317.19 3245.7 3632.13 4721.58 5217.6 6429.13 6956.34 8917.05 9214.13 10848.6 12088.2 13713.8 14585.6 16748.5 17373.7 19543.1 
-6.27744e+66 -6.27744e+66 -6.27744e+66 404.117 494.506 594.008 796.88 1119.68 1496.98 1807.28 2619.73 2963.22 3943.73 4394.66 5505.22 5991.88 7812.54 8089.81 9622.1 10788.8 12324.1 13150.1 15204.8 15800.2 17871 
-6.27744e+66 -6.27744e+66 -6.27744e+66 -6.27744e+66 404.117 453.868 589.116 831.214 1133.05 1391.64 2088.03 2388.58 3260.14 3665.98 4675.58 5121.68 6802.3 7059.76 8489.9 9583.68 11028.6 11808.7 13755.3 14321 16293.1 
-6.27744e+66 -6.27744e+66 -6.27744e+66 -6.27744e+66 -6.27744e+66 404.117 471.741 633.14 859.519 1066.39 1646.71 1904.33 2666.95 3027.69 3936.33 4341.88 5882.44 6120.1 7448.08 8468.95 9823.59 10557.8 12396.2 12932.2 14805.7 
-6.27744e+66 -6.27744e+66 -6.27744e+66 -6.27744e+66 -6.27744e+66 -6.27744e+66 404.117 484.816 635.736 790.888 1255.15 1469.83 2123.5 2439.15 3246.83 3611.82 5012.33 5230.19 6456.02 7403.96 8668.3 9356.63 11086.9 11593.1 13368 
-6.27744e+66 -6.27744e+66 -6.27744e+66 -6.27744e+66 -6.27744e+66 -6.27744e+66 -6.27744e+66 404.117 479.577 583.012 931.205 1102.95 1647.68 1918.23 2624.96 2949.39 4209.85 4407.9 5531.58 6406.61 7580.63 8223.07 9845.2 10321.6 11997.9 
-6.27744e+66 -6.27744e+66 -6.27744e+66 -6.27744e+66 -6.27744e+66 -6.27744e+66 -6.27744e+66 -6.27744e+66 404.117 455.835 687.963 816.772 1252.55 1478.02 2083.78 2367.66 3488.07 3666.32 4687.84 5489.95 6573.66 7170.21 8684.21 9130.82 10708.5 
-6.27744e+66 -6.27744e+66 -6.27744e+66 -6.27744e+66 -6.27744e+66 -6.27744e+66 -6.27744e+66 -6.27744e+66 -6.27744e+66 404.117 520.181 606.054 932.89 1113.26 1618.06 1861.39 2841.75 3000.19 3919.56 4648.75 5642.15 6192.82 7598.67 8015.51 9494.6 
-6.27744e+66 -6.27744e+66 -6.27744e+66 -6.27744e+66 -6.27744e+66 -6.27744e+66 -6.27744e+66 -6.27744e+66 -6.27744e+66 -6.27744e+66 404.117 447.054 664.944 800.223 1204.07 1406.84 2247.14 2385.78 3203 3859.27 4762.36 5267.14 6564.84 6951.91 8332.39 
-6.27744e+66 -6.27744e+66 -6.27744e+66 -6.27744e+66 -6.27744e+66 -6.27744e+66 -6.27744e+66 -6.27744e+66 -6.27744e+66 -6.27744e+66 -6.27744e+66 404.117 513.063 603.248 906.13 1068.35 1768.6 1887.43 2602.5 3185.85 3998.64 4457.52 5647.09 6004.38 7286.26 
-6.27744e+66 -6.27744e+66 -6.27744e+66 -6.27744e+66 -6.27744e+66 -6.27744e+66 -6.27744e+66 -6.27744e+66 -6.27744e+66 -6.27744e+66 -6.27744e+66 -6.27744e+66 404.117 449.21 651.131 772.794 1333 1432.02 2044.94 2555.37 3277.85 3690.84 4772.27 5099.78 6283.06 
-6.27744e+66 -6.27744e+66 -6.27744e+66 -6.27744e+66 -6.27744e+66 -6.27744e+66 -6.27744e+66 -6.27744e+66 -6.27744e+66 -6.27744e+66 -6.27744e+66 -6.27744e+66 -6.27744e+66 404.117 505.078 586.186 1006.34 1085.56 1596.32 2033.84 2666 3033.11 4006.39 4304.13 5388.8 
-6.27744e+66 -6.27744e+66 -6.27744e+66 -6.27744e+66 -6.27744e+66 -6.27744e+66 -6.27744e+66 -6.27744e+66 -6.27744e+66 -6.27744e+66 -6.27744e+66 -6.27744e+66 -6.27744e+66 -6.27744e+66 404.117 444.672 724.774 784.189 1192.8 1557.39 2099.25 2420.47 3285.61 3553.58 4539.64 
-6.27744e+66 -6.27744e+66 -6.27744e+66 -6.27744e+66 -6.27744e+66 -6.27744e+66 -6.27744e+66 -6.27744e+66 -6.27744e+66 -6.27744e+66 -6.27744e+66 -6.27744e+66 -6.27744e+66 -6.27744e+66 -6.27744e+66 404.117 544.168 583.778 890.236 1181.91 1633.46 1908.79 2665.79 2903.98 3791.43 
-6.27744e+66 -6.27744e+66 -6.27744e+66 -6.27744e+66 -6.27744e+66 -6.27744e+66 -6.27744e+66 -6.27744e+66 -6.27744e+66 -6.27744e+66 -6.27744e+66 -6.27744e+66 -6.27744e+66 -6.27744e+66 -6.27744e+66 -6.27744e+66 404.117 423.922 628.227 846.984 1208.22 1437.66 2086.52 2294.94 3083.79 
-6.27744e+66 -6.27744e+66 -6.27744e+66 -6.27744e+66 -6.27744e+66 -6.27744e+66 -6.27744e+66 -6.27744e+66 -6.27744e+66 -6.27744e+66 -6.27744e+66 -6.27744e+66 -6.27744e+66 -6.27744e+66 -6.27744e+66 -6.27744e+66 -6.27744e+66 404.117 506.27 652.107 923.035 1106.59 1647.3 1825.95 2516.19 
-6.27744e+66 -6.27744e+66 -6.27744e+66 -6.27744e+66 -6.27744e+66 -6.27744e+66 -6.27744e+66 -6.27744e+66 -6.27744e+66 -6.27744e+66 -6.27744e+66 -6.27744e+66 -6.27744e+66 -6.27744e+66 -6.27744e+66 -6.27744e+66 -6.27744e+66 -6.27744e+66 404.117 477.036 657.655 795.321 1227.89 1376.76 1968.4 
-6.27744e+66 -6.27744e+66 -6.27744e+66 -6.27744e+66 -6.27744e+66 -6.27744e+66 -6.27744e+66 -6.27744e+66 -6.27744e+66 -6.27744e+66 -6.27744e+66 -6.27744e+66 -6.27744e+66 -6.27744e+66 -6.27744e+66 -6.27744e+66 -6.27744e+66 -6.27744e+66 -6.27744e+66 404.117 494.426 586.204 910.631 1029.73 1522.76 
-6.27744e+66 -6.27744e+66 -6.27744e+66 -6.27744e+66 -6.27744e+66 -6.27744e+66 -6.27744e+66 -6.27744e+66 -6.27744e+66 -6.27744e+66 -6.27744e+66 -6.27744e+66 -6.27744e+66 -6.27744e+66 -6.27744e+66 -6.27744e+66 -6.27744e+66 -6.27744e+66 -6.27744e+66 -6.27744e+66 404.117 450.006 666.29 755.613 1150.04 
-6.27744e+66 -6.27744e+66 -6.27744e+66 -6.27744e+66 -6.27744e+66 -6.27744e+66 -6.27744e+66 -6.27744e+66 -6.27744e+66 -6.27744e+66 -6.27744e+66 -6.27744e+66 -6.27744e+66 -6.27744e+66 -6.27744e+66 -6.27744e+66 -6.27744e+66 -6.27744e+66 -6.27744e+66 -6.27744e+66 -6.27744e+66 404.117 512.259 571.808 867.626 
-6.27744e+66 -6.27744e+66 -6.27744e+66 -6.27744e+66 -6.27744e+66 -6.27744e+66 -6.27744e+66 -6.27744e+66 -6.27744e+66 -6.27744e+66 -6.27744e+66 -6.27744e+66 -6.27744e+66 -6.27744e+66 -6.27744e+66 -6.27744e+66 -6.27744e+66 -6.27744e+66 -6.27744e+66 -6.27744e+66 -6.27744e+66 -6.27744e+66 404.117 433.891 631.104 
-6.27744e+66 -6.27744e+66 -6.27744e+66 -6.27744e+66 -6.27744e+66 -6.27744e+66 -6.27744e+66 -6.27744e+66 -6.27744e+66 -6.27744e+66 -6.27744e+66 -6.27744e+66 -6.27744e+66 -6.27744e+66 -6.27744e+66 -6.27744e+66 -6.27744e+66 -6.27744e+66 -6.27744e+66 -6.27744e+66 -6.27744e+66 -6.27744e+66 -6.27744e+66 404.117 502.723 
-6.27744e+66 -6.27744e+66 -6.27744e+66 -6.27744e+66 -6.27744e+66 -6.27744e+66 -6.27744e+66 -6.27744e+66 -6.27744e+66 -6.27744e+66 -6.27744e+66 -6.27744e+66 -6.27744e+66 -6.27744e+66 -6.27744e+66 -6.27744e+66 -6.27744e+66 -6.27744e+66 -6.27744e+66 -6.27744e+66 -6.27744e+66 -6.27744e+66 -6.27744e+66 -6.27744e+66 404.117 
-6.27744e+66 -6.27744e+66 -6.27744e+66 -6.27744e+66 -6.27744e+66 -6.27744e+66 -6.27744e+66 -6.27744e+66 -6.27744e+66 -6.27744e+66 -6.27744e+66 -6.27744e+66 -6.27744e+66 -6.27744e+66 -6.27744e+66 -6.27744e+66 -6.27744e+66 -6.27744e+66 -6.27744e+66 -6.27744e+66 -6.27744e+66 -6.27744e+66 -6.27744e+66 -6.27744e+66 -6.27744e+66 
-6.27744e+66 159.892 272.559 336.842 584.69 689.51 1293.48 1516.52 2310.82 2806.31 3470.19 4409.21 5803.74 6735.74 8305.94 9031.39 10187.4 10732.8 12116.9 12586.9 14394.9 14394.9 16733.1 17044.7 19452.2 
-6.27744e+66 -6.27744e+66 159.892 192.034 357.266 435.881 919.053 1104.92 1785.75 2219.3 2809.42 3654.54 4922.29 5776.63 7226.04 7899.68 8978.57 9489.92 10792.6 11236.5 12949.3 12949.3 15176.2 15473.6 17776.4 
-6.27744e+66 -6.27744e+66 -6.27744e+66 159.892 242.508 294.918 657.297 805.995 1373.35 1744.97 2261.32 3012.53 4153.51 4930.18 6258.81 6880.63 7882.46 8359.72 9580.96 9998.77 11616.4 11616.4 13732 14015.2 16213.4 
-6.27744e+66 -6.27744e+66 -6.27744e+66 -6.27744e+66 159.892 186.097 427.683 539.206 993.091 1302.77 1745.36 2402.67 3416.88 4115.88 5323.72 5893.72 6818.49 7261.66 8401.48 8793.18 10315.7 10315.7 12319.9 12589 14682.5 
-6.27744e+66 -6.27744e+66 -6.27744e+66 -6.27744e+66 -6.27744e+66 159.892 280.685 355.034 695.447 943.192 1312.02 1875.43 2762.85 3384.19 4471.25 4989.43 5837.13 6246.21 7304.62 7670.21 9097.54 9097.54 10990.4 11245.3 13234.1 
-6.27744e+66 -6.27744e+66 -6.27744e+66 -6.27744e+66 -6.27744e+66 -6.27744e+66 159.892 197.066 424.009 609.817 904.876 1374.38 2135.04 2678.71 3644.98 4111.34 4881.98 5256.97 6233.97 6573.44 7905.61 7905.61 9687.14 9927.9 11812 
-6.27744e+66 -6.27744e+66 -6.27744e+66 -6.27744e+66 -6.27744e+66 -6.27744e+66 -6.27744e+66 159.892 273.363 397.236 618.53 994.136 1628.01 2094.02 2939.51 3354.05 4047.63 4388.53 5284.1 5597.46 6834.48 6834.48 8504.66 8731.26 10510.7 
-6.27744e+66 -6.27744e+66 -6.27744e+66 -6.27744e+66 -6.27744e+66 -6.27744e+66 -6.27744e+66 -6.27744e+66 159.892 221.828 369.358 651.063 1158.16 1546.5 2271.21 2633.93 3250.44 3557.25 4371.42 4658.66 5800.52 5800.52 7359.36 7571.79 9246.58 
-6.27744e+66 -6.27744e+66 -6.27744e+66 -6.27744e+66 -6.27744e+66 -6.27744e+66 -6.27744e+66 -6.27744e+66 -6.27744e+66 159.892 233.657 421.46 801.787 1112.45 1716.38 2027.28 2566.73 2839.45 3572.2 3833.33 4880.04 4880.04 6327.53 6525.8 8095.91 
-6.27744e+66 -6.27744e+66 -6.27744e+66 -6.27744e+66 -6.27744e+66 -6.27744e+66 -6.27744e+66 -6.27744e+66 -6.27744e+66 -6.27744e+66 159.892 253.794 507.345 740.346 1223.48 1482.57 1944.96 2183.59 2834.92 3069.93 4021.49 4021.49 5357.63 5541.74 7007.18 
-6.27744e+66 -6.27744e+66 -6.27744e+66 -6.27744e+66 -6.27744e+66 -6.27744e+66 -6.27744e+66 -6.27744e+66 -6.27744e+66 -6.27744e+66 -6.27744e+66 159.892 286.668 442.002 804.355 1011.63 1396.95 1601.49 2171.4 2380.3 3236.7 3236.7 4461.5 4631.45 5992.21 
-6.27744e+66 -6.27744e+66 -6.27744e+66 -6.27744e+66 -6.27744e+66 -6.27744e+66 -6.27744e+66 -6.27744e+66 -6.27744e+66 -6.27744e+66 -6.27744e+66 -6.27744e+66 159.892 237.559 479.128 634.582 942.838 1113.29 1601.78 1784.58 2545.82 2545.82 3659.27 3815.06 5071.15 
-6.27744e+66 -6.27744e+66 -6.27744e+66 -6.27744e+66 -6.27744e+66 -6.27744e+66 -6.27744e+66 -6.27744e+66 -6.27744e+66 -6.27744e+66 -6.27744e+66 -6.27744e+66 -6.27744e+66 159.892 280.677 384.312 615.505 751.864 1158.95 1315.62 1981.71 1981.71 2983.82 3125.44 4276.86 
-6.27744e+66 -6.27744e+66 -6.27744e+66 -6.27744e+66 -6.27744e+66 -6.27744e+66 -6.27744e+66 -6.27744e+66 -6.27744e+66 -6.27744e+66 -6.27744e+66 -6.27744e+66 -6.27744e+66 -6.27744e+66 159.892 211.71 365.838 468.108 793.772 924.338 1495.27 1495.27 2386.03 2513.49 3560.24 
-6.27744e+66 -6.27744e+66 -6.27744e+66 -6.27744e+66 -6.27744e+66 -6.27744e+66 -6.27744e+66 -6.27744e+66 -6.27744e+66 -6.27744e+66 -6.27744e+66 -6.27744e+66 -6.27744e+66 -6.27744e+66 -6.27744e+66 159.892 236.956 305.136 549.384 653.837 1129.61 1129.61 1909.03 2022.33 2964.4 
-6.27744e+66 -6.27744e+66 -6.27744e+66 -6.27744e+66 -6.27744e+66 -6.27744e+66 -6.27744e+66 -6.27744e+66 -6.27744e+66 -6.27744e+66 -6.27744e+66 -6.27744e+66 -6.27744e+66 -6.27744e+66 -6.27744e+66 -6.27744e+66 159.892 193.982 356.814 435.153 815.775 815.775 1483.85 1582.98 2420.38 
-6.27744e+66 -6.27744e+66 -6.27744e+66 -6.27744e+66 -6.27744e+66 -6.27744e+66 -6.27744e+66 -6.27744e+66 -6.27744e+66 -6.27744e+66 -6.27744e+66 -6.27744e+66 -6.27744e+66 -6.27744e+66 -6.27744e+66 -6.27744e+66 -6.27744e+66 159.892 241.308 293.534 579.001 579.001 1135.73 1220.7 1953.42 
-6.27744e+66 -6.27744e+66 -6.27744e+66 -6.27744e+66 -6.27744e+66 -6.27744e+66 -6.27744e+66 -6.27744e+66 -6.27744e+66 -6.27744e+66 -6.27744e+66 -6.27744e+66 -6.27744e+66 -6.27744e+66 -6.27744e+66 -6.27744e+66 -6.27744e+66 -6.27744e+66 159.892 186.005 376.316 376.316 821.697 892.508 1520.55 
-6.27744e+66 -6.27744e+66 -6.27744e+66 -6.27744e+66 -6.27744e+66 -6.27744e+66 -6.27744e+66 -6.27744e+66 -6.27744e+66 -6.27744e+66 -6.27744e+66 -6.27744e+66 -6.27744e+66 -6.27744e+66 -6.27744e+66 -6.27744e+66 -6.27744e+66 -6.27744e+66 -6.27744e+66 159.892 255.047 255.047 589.083 645.732 1169.1 
-6.27744e+66 -6.27744e+66 -6.27744e+66 -6.27744e+66 -6.27744e+66 -6.27744e+66 -6.27744e+66 -6.27744e+66 -6.27744e+66 -6.27744e+66 -6.27744e+66 -6.27744e+66 -6.27744e+66 -6.27744e+66 -6.27744e+66 -6.27744e+66 -6.27744e+66 -6.27744e+66 -6.27744e+66 -6.27744e+66 159.892 159.892 382.583 425.069 843.767 
-6.27744e+66 -6.27744e+66 -6.27744e+66 -6.27744e+66 -6.27744e+66 -6.27744e+66 -6.27744e+66 -6.27744e+66 -6.27744e+66 -6.27744e+66 -6.27744e+66 -6.27744e+66 -6.27744e+66 -6.27744e+66 -6.27744e+66 -6.27744e+66 -6.27744e+66 -6.27744e+66 -6.27744e+66 -6.27744e+66 -6.27744e+66 159.892 271.237 299.562 613.585 
-6.27744e+66 -6.27744e+66 -6.27744e+66 -6.27744e+66 -6.27744e+66 -6.27744e+66 -6.27744e+66 -6.27744e+66 -6.27744e+66 -6.27744e+66 -6.27744e+66 -6.27744e+66 -6.27744e+66 -6.27744e+66 -6.27744e+66 -6.27744e+66 -6.27744e+66 -6.27744e+66 -6.27744e+66 -6.27744e+66 -6.27744e+66 -6.27744e+66 159.892 174.054 383.403 
-6.27744e+66 -6.27744e+66 -6.27744e+66 -6.27744e+66 -6.27744e+66 -6.27744e+66 -6.27744e+66 -6.27744e+66 -6.27744e+66 -6.27744e+66 -6.27744e+66 -6.27744e+66 -6.27744e+66 -6.27744e+66 -6.27744e+66 -6.27744e+66 -6.27744e+66 -6.27744e+66 -6.27744e+66 -6.27744e+66 -6.27744e+66 -6.27744e+66 -6.27744e+66 159.892 264.566 
-6.27744e+66 -6.27744e+66 -6.27744e+66 -6.27744e+66 -6.27744e+66 -6.27744e+66 -6.27744e+66 -6.27744e+66 -6.27744e+66 -6.27744e+66 -6.27744e+66 -6.27744e+66 -6.27744e+66 -6.27744e+66 -6.27744e+66 -6.27744e+66 -6.27744e+66 -6.27744e+66 -6.27744e+66 -6.27744e+66 -6.27744e+66 -6.27744e+66 -6.27744e+66 -6.27744e+66 159.892 
-6.27744e+66 -6.27744e+66 -6.27744e+66 -6.27744e+66 -6.27744e+66 -6.27744e+66 -6.27744e+66 -6.27744e+66 -6.27744e+66 -6.27744e+66 -6.27744e+66 -6.27744e+66 -6.27744e+66 -6.27744e+66 -6.27744e+66 -6.27744e+66 -6.27744e+66 -6.27744e+66 -6.27744e+66 -6.27744e+66 -6.27744e+66 -6.27744e+66 -6.27744e+66 -6.27744e+66 -6.27744e+66 
-6.27744e+66 245.017 313.822 413.056 786.975 1063.66 1487.96 1793.26 2675.2 3416.04 4699.86 5572.56 6515.47 7382.34 8600.91 9068.84 10720.9 10922.7 12894.7 13665.1 15325.3 16064.1 17830.9 19016.2 21768.7 
-6.27744e+66 -6.27744e+66 245.017 294.634 543.914 751.428 1090.87 1345.29 2101.24 2749.47 3890.64 4676.07 5533.27 6327.89 7452.72 7887.23 9429.17 9618.33 11474.3 12201.9 13774.7 14476.7 16159.3 17290.7 19923.5 
-6.27744e+66 -6.27744e+66 -6.27744e+66 245.017 369.657 508 762.581 966.115 1596.07 2151.7 3150.22 3848.39 4619.86 5342.25 6373.35 6774.43 8206.23 8382.78 10122.7 10807.6 12293 12958 14556.5 15634 18147.2 
-6.27744e+66 -6.27744e+66 -6.27744e+66 -6.27744e+66 245.017 314.189 483.91 636.56 1140.53 1603.55 2459.43 3070.32 3756.07 4406.22 5343.58 5711.24 7032.9 7196.85 8820.82 9462.85 10860.9 11488.9 13003.3 14027 16420.4 
-6.27744e+66 -6.27744e+66 -6.27744e+66 -6.27744e+66 -6.27744e+66 245.017 329.878 431.644 809.619 1180.04 1893.27 2416.89 3016.93 3594.84 4438.46 4772.7 5984.22 6135.55 7643.52 8242.76 9553.42 10144.5 11574.7 12544.5 14818.3 
-6.27744e+66 -6.27744e+66 -6.27744e+66 -6.27744e+66 -6.27744e+66 -6.27744e+66 245.017 295.901 547.884 825.699 1396.28 1832.63 2346.95 2852.62 3602.51 3903.32 5004.71 5143.43 6535.4 7091.83 8315.12 8869.27 10215.4 11131.3 13285.4 
-6.27744e+66 -6.27744e+66 -6.27744e+66 -6.27744e+66 -6.27744e+66 -6.27744e+66 -6.27744e+66 245.017 371.009 556.219 984.157 1333.24 1761.84 2195.27 2851.42 3118.81 4110.05 4236.16 5512.14 6025.77 7161.67 7678.89 8940.84 9802.9 11837.3 
-6.27744e+66 -6.27744e+66 -6.27744e+66 -6.27744e+66 -6.27744e+66 -6.27744e+66 -6.27744e+66 -6.27744e+66 245.017 337.622 622.914 884.725 1227.6 1588.8 2151.21 2385.18 3266.29 3379.78 4539.76 5010.59 6059.12 6539.39 7717.21 8525.39 10440.2 
-6.27744e+66 -6.27744e+66 -6.27744e+66 -6.27744e+66 -6.27744e+66 -6.27744e+66 -6.27744e+66 -6.27744e+66 -6.27744e+66 245.017 387.663 562.204 819.363 1108.32 1577 1777.54 2548.51 2649.4 3693.38 4121.4 5082.55 5525.88 6619.57 7373.87 9168.97 
-6.27744e+66 -6.27744e+66 -6.27744e+66 -6.27744e+66 -6.27744e+66 -6.27744e+66 -6.27744e+66 -6.27744e+66 -6.27744e+66 -6.27744e+66 245.017 332.288 503.727 720.444 1095.39 1262.5 1923.34 2011.61 2939.59 3324.82 4198.59 4604.97 5614.53 6314.96 7990.38 
-6.27744e+66 -6.27744e+66 -6.27744e+66 -6.27744e+66 -6.27744e+66 -6.27744e+66 -6.27744e+66 -6.27744e+66 -6.27744e+66 -6.27744e+66 -6.27744e+66 245.017 330.737 475.215 756.423 890.117 1440.81 1516.47 2328.46 2670.88 3457.27 3826.71 4752.14 5398.69 6954.44 
-6.27744e+66 -6.27744e+66 -6.27744e+66 -6.27744e+66 -6.27744e+66 -6.27744e+66 -6.27744e+66 -6.27744e+66 -6.27744e+66 -6.27744e+66 -6.27744e+66 -6.27744e+66 245.017 317.256 504.728 604.999 1045.55 1108.61 1804.59 2104.21 2803.23 3135.72 3977.02 4569.69 6005.77 
-6.27744e+66 -6.27744e+66 -6.27744e+66 -6.27744e+66 -6.27744e+66 -6.27744e+66 -6.27744e+66 -6.27744e+66 -6.27744e+66 -6.27744e+66 -6.27744e+66 -6.27744e+66 -6.27744e+66 245.017 338.753 405.6 736.016 786.459 1366.45 1623.26 2234.9 2530.45 3287.62 3826.41 5142.82 
-6.27744e+66 -6.27744e+66 -6.27744e+66 -6.27744e+66 -6.27744e+66 -6.27744e+66 -6.27744e+66 -6.27744e+66 -6.27744e+66 -6.27744e+66 -6.27744e+66 -6.27744e+66 -6.27744e+66 -6.27744e+66 245.017 278.441 498.718 536.551 1000.54 1214.55 1738.82 1997.42 2670.46 3155.37 4352.11 
-6.27744e+66 -6.27744e+66 -6.27744e+66 -6.27744e+66 -6.27744e+66 -6.27744e+66 -6.27744e+66 -6.27744e+66 -6.27744e+66 -6.27744e+66 -6.27744e+66 -6.27744e+66 -6.27744e+66 -6.27744e+66 -6.27744e+66 245.017 355.156 380.378 728.371 899.582 1336.47 1558.13 2147.04 2578.07 3655.13 
-6.27744e+66 -6.27744e+66 -6.27744e+66 -6.27744e+66 -6.27744e+66 -6.27744e+66 -6.27744e+66 -6.27744e+66 -6.27744e+66 -6.27744e+66 -6.27744e+66 -6.27744e+66 -6.27744e+66 -6.27744e+66 -6.27744e+66 -6.27744e+66 245.017 257.628 489.624 618.032 967.541 1152.26 1657.04 2034.19 2991.58 
-6.27744e+66 -6.27744e+66 -6.27744e+66 -6.27744e+66 -6.27744e+66 -6.27744e+66 -6.27744e+66 -6.27744e+66 -6.27744e+66 -6.27744e+66 -6.27744e+66 -6.27744e+66 -6.27744e+66 -6.27744e+66 -6.27744e+66 -6.27744e+66 -6.27744e+66 245.017 361.015 446.621 708.752 856.527 1277.18 1600.45 2438.16 
-6.27744e+66 -6.27744e+66 -6.27744e+66 -6.27744e+66 -6.27744e+66 -6.27744e+66 -6.27744e+66 -6.27744e+66 -6.27744e+66 -6.27744e+66 -6.27744e+66 -6.27744e+66 -6.27744e+66 -6.27744e+66 -6.27744e+66 -6.27744e+66 -6.27744e+66 -6.27744e+66 245.017 287.82 462.574 573.406 909.926 1179.32 1897.36 
-6.27744e+66 -6.27744e+66 -6.27744e+66 -6.27744e+66 -6.27744e+66 -6.27744e+66 -6.27744e+66 -6.27744e+66 -6.27744e+66 -6.27744e+66 -6.27744e+66 -6.27744e+66 -6.27744e+66 -6.27744e+66 -6.27744e+66 -6.27744e+66 -6.27744e+66 -6.27744e+66 -6.27744e+66 245.017 332.395 406.282 658.672 874.187 1472.55 
-6.27744e+66 -6.27744e+66 -6.27744e+66 -6.27744e+66 -6.27744e+66 -6.27744e+66 -6.27744e+66 -6.27744e+66 -6.27744e+66 -6.27744e+66 -6.27744e+66 -6.27744e+66 -6.27744e+66 -6.27744e+66 -6.27744e+66 -6.27744e+66 -6.27744e+66 -6.27744e+66 -6.27744e+66 -6.27744e+66 245.017 281.961 450.221 611.858 1090.55 
-6.27744e+66 -6.27744e+66 -6.27744e+66 -6.27744e+66 -6.27744e+66 -6.27744e+66 -6.27744e+66 -6.27744e+66 -6.27744e+66 -6.27744e+66 -6.27744e+66 -6.27744e+66 -6.27744e+66 -6.27744e+66 -6.27744e+66 -6.27744e+66 -6.27744e+66 -6.27744e+66 -6.27744e+66 -6.27744e+66 -6.27744e+66 245.017 329.147 436.905 795.925 
-6.27744e+66 -6.27744e+66 -6.27744e+66 -6.27744e+66 -6.27744e+66 -6.27744e+66 -6.27744e+66 -6.27744e+66 -6.27744e+66 -6.27744e+66 -6.27744e+66 -6.27744e+66 -6.27744e+66 -6.27744e+66 -6.27744e+66 -6.27744e+66 -6.27744e+66 -6.27744e+66 -6.27744e+66 -6.27744e+66 -6.27744e+66 -6.27744e+66 245.017 298.896 538.243 
-6.27744e+66 -6.27744e+66 -6.27744e+66 -6.27744e+66 -6.27744e+66 -6.27744e+66 -6.27744e+66 -6.27744e+66 -6.27744e+66 -6.27744e+66 -6.27744e+66 -6.27744e+66 -6.27744e+66 -6.27744e+66 -6.27744e+66 -6.27744e+66 -6.27744e+66 -6.27744e+66 -6.27744e+66 -6.27744e+66 -6.27744e+66 -6.27744e+66 -6.27744e+66 245.017 364.691 
-6.27744e+66 -6.27744e+66 -6.27744e+66 -6.27744e+66 -6.27744e+66 -6.27744e+66 -6.27744e+66 -6.27744e+66 -6.27744e+66 -6.27744e+66 -6.27744e+66 -6.27744e+66 -6.27744e+66 -6.27744e+66 -6.27744e+66 -6.27744e+66 -6.27744e+66 -6.27744e+66 -6.27744e+66 -6.27744e+66 -6.27744e+66 -6.27744e+66 -6.27744e+66 -6.27744e+66 245.017 
-6.27744e+66 -6.27744e+66 -6.27744e+66 -6.27744e+66 -6.27744e+66 -6.27744e+66 -6.27744e+66 -6.27744e+66 -6.27744e+66 -6.27744e+66 -6.27744e+66 -6.27744e+66 -6.27744e+66 -6.27744e+66 -6.27744e+66 -6.27744e+66 -6.27744e+66 -6.27744e+66 -6.27744e+66 -6.27744e+66 -6.27744e+66 -6.27744e+66 -6.27744e+66 -6.27744e+66 -6.27744e+66 
-6.27744e+66 181.225 295.093 484.25 743.15 882.925 1297.44 1586.5 2319.86 2675.28 3468.32 3903.36 5000.62 5717.3 6733.31 7166.94 8925.32 9744.86 11887.3 12885.8 14600.7 15432.9 17096.5 18390.1 20306.8 
-6.27744e+66 -6.27744e+66 181.225 275.804 448.403 553.235 884.85 1125.73 1754.33 2065.31 2770.24 3161.78 4159.28 4816.25 5754.1 6156.76 7797.91 8566.23 10582.7 11525.7 13150.3 13940.9 15525.3 16760.1 18593.5 
-6.27744e+66 -6.27744e+66 -6.27744e+66 181.225 267.525 337.413 586.124 778.828 1302.66 1569.22 2186.03 2534.07 3431.82 4029.06 4888.75 5260.44 6784.37 7501.47 9391.88 10279.4 11813.8 12562.8 14068 15243.9 16994 
-6.27744e+66 -6.27744e+66 -6.27744e+66 -6.27744e+66 181.225 216.169 381.977 526.505 945.568 1167.7 1696.4 2000.93 2798.93 3336.45 4117.99 4458.7 5865.4 6531.28 8295.67 9127.71 10571.8 11279.2 12705.2 13822.3 15489.1 
-6.27744e+66 -6.27744e+66 -6.27744e+66 -6.27744e+66 -6.27744e+66 181.225 264.129 360.481 674.779 852.486 1293.07 1554.09 2252.34 2730.13 3433.52 3743.26 5032.74 5647.4 7285.75 8062.33 9416.19 10082 11428.7 12487.1 14070.5 
-6.27744e+66 -6.27744e+66 -6.27744e+66 -6.27744e+66 -6.27744e+66 -6.27744e+66 181.225 229.401 438.933 572.213 924.677 1142.2 1740.7 2158.77 2784 3062.77 4235.02 4798.45 6310.78 7031.89 8295.5 8919.67 10187.2 11186.7 12686.8 
-6.27744e+66 -6.27744e+66 -6.27744e+66 -6.27744e+66 -6.27744e+66 -6.27744e+66 -6.27744e+66 181.225 285.991 374.845 639.192 813.211 1311.96 1670.3 2217.38 2465.18 3520.2 4032.42 5418.72 6084.35 7257.7 7840.27 9028.58 9969.32 11386.1 
-6.27744e+66 -6.27744e+66 -6.27744e+66 -6.27744e+66 -6.27744e+66 -6.27744e+66 -6.27744e+66 -6.27744e+66 181.225 225.652 401.884 532.398 931.398 1230.02 1698.94 1915.76 2853.56 3314.55 4574.83 5185 6268.09 6809.04 7918.13 8800.07 10133.5 
-6.27744e+66 -6.27744e+66 -6.27744e+66 -6.27744e+66 -6.27744e+66 -6.27744e+66 -6.27744e+66 -6.27744e+66 -6.27744e+66 181.225 269.341 356.35 655.601 894.496 1285.27 1471.11 2291.69 2701.46 3835.71 4390.4 5383.24 5882.58 6912.45 7735.59 8985.66 
-6.27744e+66 -6.27744e+66 -6.27744e+66 -6.27744e+66 -6.27744e+66 -6.27744e+66 -6.27744e+66 -6.27744e+66 -6.27744e+66 -6.27744e+66 181.225 224.73 424.23 603.402 916.019 1070.89 1774.24 2132.79 3141.01 3640.24 4542.81 5000.54 5951.19 6715.54 7882.27 
-6.27744e+66 -6.27744e+66 -6.27744e+66 -6.27744e+66 -6.27744e+66 -6.27744e+66 -6.27744e+66 -6.27744e+66 -6.27744e+66 -6.27744e+66 -6.27744e+66 181.225 280.975 400.423 634.886 758.782 1344.91 1652.24 2534.43 2978.19 3790.5 4206.62 5078.05 5783.6 6867 
-6.27744e+66 -6.27744e+66 -6.27744e+66 -6.27744e+66 -6.27744e+66 -6.27744e+66 -6.27744e+66 -6.27744e+66 -6.27744e+66 -6.27744e+66 -6.27744e+66 -6.27744e+66 181.225 240.949 397.258 490.18 959.08 1215.19 1971.35 2359.64 3081.7 3456.21 4248.41 4895.17 5895.23 
-6.27744e+66 -6.27744e+66 -6.27744e+66 -6.27744e+66 -6.27744e+66 -6.27744e+66 -6.27744e+66 -6.27744e+66 -6.27744e+66 -6.27744e+66 -6.27744e+66 -6.27744e+66 -6.27744e+66 181.225 259.379 321.328 673.003 877.889 1508.03 1840.84 2472.65 2805.54 3518.53 4106.49 5023.21 
-6.27744e+66 -6.27744e+66 -6.27744e+66 -6.27744e+66 -6.27744e+66 -6.27744e+66 -6.27744e+66 -6.27744e+66 -6.27744e+66 -6.27744e+66 -6.27744e+66 -6.27744e+66 -6.27744e+66 -6.27744e+66 181.225 212.199 446.649 600.314 1104.42 1381.77 1923.32 2214.6 2848.36 3377.53 4210.91 
-6.27744e+66 -6.27744e+66 -6.27744e+66 -6.27744e+66 -6.27744e+66 -6.27744e+66 -6.27744e+66 -6.27744e+66 -6.27744e+66 -6.27744e+66 -6.27744e+66 -6.27744e+66 -6.27744e+66 -6.27744e+66 -6.27744e+66 181.225 298.45 400.893 778.976 1000.85 1452.14 1701.81 2256.36 2726.73 3476.77 
-6.27744e+66 -6.27744e+66 -6.27744e+66 -6.27744e+66 -6.27744e+66 -6.27744e+66 -6.27744e+66 -6.27744e+66 -6.27744e+66 -6.27744e+66 -6.27744e+66 -6.27744e+66 -6.27744e+66 -6.27744e+66 -6.27744e+66 -6.27744e+66 181.225 232.447 484.502 650.911 1011.94 1220 1695.32 2106.9 2773.6 
-6.27744e+66 -6.27744e+66 -6.27744e+66 -6.27744e+66 -6.27744e+66 -6.27744e+66 -6.27744e+66 -6.27744e+66 -6.27744e+66 -6.27744e+66 -6.27744e+66 -6.27744e+66 -6.27744e+66 -6.27744e+66 -6.27744e+66 -6.27744e+66 -6.27744e+66 181.225 307.253 418.192 688.965 855.412 1251.51 1604.29 2187.66 
-6.27744e+66 -6.27744e+66 -6.27744e+66 -6.27744e+66 -6.27744e+66 -6.27744e+66 -6.27744e+66 -6.27744e+66 -6.27744e+66 -6.27744e+66 -6.27744e+66 -6.27744e+66 -6.27744e+66 -6.27744e+66 -6.27744e+66 -6.27744e+66 -6.27744e+66 -6.27744e+66 181.225 236.695 417.21 542.045 858.928 1152.91 1652.94 
-6.27744e+66 -6.27744e+66 -6.27744e+66 -6.27744e+66 -6.27744e+66 -6.27744e+66 -6.27744e+66 -6.27744e+66 -6.27744e+66 -6.27744e+66 -6.27744e+66 -6.27744e+66 -6.27744e+66 -6.27744e+66 -6.27744e+66 -6.27744e+66 -6.27744e+66 -6.27744e+66 -6.27744e+66 181.225 271.483 354.706 592.368 827.554 1244.24 
-6.27744e+66 -6.27744e+66 -6.27744e+66 -6.27744e+66 -6.27744e+66 -6.27744e+66 -6.27744e+66 -6.27744e+66 -6.27744e+66 -6.27744e+66 -6.27744e+66 -6.27744e+66 -6.27744e+66 -6.27744e+66 -6.27744e+66 -6.27744e+66 -6.27744e+66 -6.27744e+66 -6.27744e+66 -6.27744e+66 181.225 222.837 381.278 557.667 891.019 
-6.27744e+66 -6.27744e+66 -6.27744e+66 -6.27744e+66 -6.27744e+66 -6.27744e+66 -6.27744e+66 -6.27744e+66 -6.27744e+66 -6.27744e+66 -6.27744e+66 -6.27744e+66 -6.27744e+66 -6.27744e+66 -6.27744e+66 -6.27744e+66 -6.27744e+66 -6.27744e+66 -6.27744e+66 -6.27744e+66 -6.27744e+66 181.225 260.446 378.039 628.052 
-6.27744e+66 -6.27744e+66 -6.27744e+66 -6.27744e+66 -6.27744e+66 -6.27744e+66 -6.27744e+66 -6.27744e+66 -6.27744e+66 -6.27744e+66 -6.27744e+66 -6.27744e+66 -6.27744e+66 -6.27744e+66 -6.27744e+66 -6.27744e+66 -6.27744e+66 -6.27744e+66 -6.27744e+66 -6.27744e+66 -6.27744e+66 -6.27744e+66 181.225 240.022 406.697 
-6.27744e+66 -6.27744e+66 -6.27744e+66 -6.27744e+66 -6.27744e+66 -6.27744e+66 -6.27744e+66 -6.27744e+66 -6.27744e+66 -6.27744e+66 -6.27744e+66 -6.27744e+66 -6.27744e+66 -6.27744e+66 -6.27744e+66 -6.27744e+66 -6.27744e+66 -6.27744e+66 -6.27744e+66 -6.27744e+66 -6.27744e+66 -6.27744e+66 -6.27744e+66 181.225 264.563 
-6.27744e+66 -6.27744e+66 -6.27744e+66 -6.27744e+66 -6.27744e+66 -6.27744e+66 -6.27744e+66 -6.27744e+66 -6.27744e+66 -6.27744e+66 -6.27744e+66 -6.27744e+66 -6.27744e+66 -6.27744e+66 -6.27744e+66 -6.27744e+66 -6.27744e+66 -6.27744e+66 -6.27744e+66 -6.27744e+66 -6.27744e+66 -6.27744e+66 -6.27744e+66 -6.27744e+66 181.225 
-6.27744e+66 -6.27744e+66 -6.27744e+66 -6.27744e+66 -6.27744e+66 -6.27744e+66 -6.27744e+66 -6.27744e+66 -6.27744e+66 -6.27744e+66 -6.27744e+66 -6.27744e+66 -6.27744e+66 -6.27744e+66 -6.27744e+66 -6.27744e+66 -6.27744e+66 -6.27744e+66 -6.27744e+66 -6.27744e+66 -6.27744e+66 -6.27744e+66 -6.27744e+66 -6.27744e+66 -6.27744e+66 
-6.27744e+66 213.846 323.573 459.935 723.828 869.604 1466.03 1966.04 2518.13 2699.47 3865.87 4521.35 5444.85 5985.9 7524.5 7881.33 9107.93 10158.4 11794.9 12392.6 14347.7 15328.4 16939.1 17974.8 19867.7 
-6.27744e+66 -6.27744e+66 213.846 282.027 457.956 567.288 1044.43 1461.11 1934.33 2093 3129.8 3719.72 4559.27 5055.24 6475.48 6806.82 7951.65 8936.43 10476.7 11041.2 12893.4 13825.1 15359.1 16347.7 18158.3 
-6.27744e+66 -6.27744e+66 -6.27744e+66 213.846 301.811 374.699 732.557 1065.9 1460.25 1596.25 2503.45 3027.83 3783.42 4234.3 5536.19 5842.04 6905.1 7824.23 9268.25 9799.48 11548.9 12431.5 13888.7 14830.3 16558.6 
-6.27744e+66 -6.27744e+66 -6.27744e+66 -6.27744e+66 213.846 250.29 488.862 738.867 1054.35 1167.68 1945.28 2404.12 3075.75 3481.54 4665.08 4945.44 5926.73 6780.2 8127.96 8625.99 10272.5 11106.1 12486.6 13381.1 15027.1 
-6.27744e+66 -6.27744e+66 -6.27744e+66 -6.27744e+66 -6.27744e+66 213.846 333.132 499.802 736.412 827.083 1475.08 1868.37 2456.05 2816.75 3881.93 4136.81 5036.32 5824.14 7075.63 7540.46 9084.02 9868.59 11172.4 12019.8 13583.6 
-6.27744e+66 -6.27744e+66 -6.27744e+66 -6.27744e+66 -6.27744e+66 -6.27744e+66 213.846 297.181 454.921 522.924 1041.32 1369.06 1872.79 2188.4 3135.23 3364.62 4182.36 4904.53 6059.75 6491.37 7932.04 8667.56 9894.72 10695 12176.5 
-6.27744e+66 -6.27744e+66 -6.27744e+66 -6.27744e+66 -6.27744e+66 -6.27744e+66 -6.27744e+66 213.846 292.717 338.052 726.851 989.041 1408.82 1679.34 2507.82 2711.72 3447.68 4104.2 5163.15 5561.57 6899.33 7585.82 8736.28 9489.52 10888.7 
-6.27744e+66 -6.27744e+66 -6.27744e+66 -6.27744e+66 -6.27744e+66 -6.27744e+66 -6.27744e+66 -6.27744e+66 213.846 236.514 495.714 692.356 1028.18 1253.61 1963.73 2142.15 2796.34 3387.21 4349.89 4715.11 5949.96 6587.42 7661.18 8367.34 9684.17 
-6.27744e+66 -6.27744e+66 -6.27744e+66 -6.27744e+66 -6.27744e+66 -6.27744e+66 -6.27744e+66 -6.27744e+66 -6.27744e+66 213.846 343.446 474.541 726.406 906.756 1498.52 1651.45 2223.87 2749.08 3615.5 3947.51 5079.46 5667.89 6664.95 7324.03 8558.56 
-6.27744e+66 -6.27744e+66 -6.27744e+66 -6.27744e+66 -6.27744e+66 -6.27744e+66 -6.27744e+66 -6.27744e+66 -6.27744e+66 -6.27744e+66 213.846 279.394 447.304 582.566 1055.98 1183.42 1674.06 2133.62 2903.77 3202.59 4231.63 4771.02 5691.39 6303.39 7455.62 
-6.27744e+66 -6.27744e+66 -6.27744e+66 -6.27744e+66 -6.27744e+66 -6.27744e+66 -6.27744e+66 -6.27744e+66 -6.27744e+66 -6.27744e+66 -6.27744e+66 213.846 297.801 387.976 743.037 844.989 1253.86 1647.77 2321.65 2587.26 3513.4 4003.75 4847.42 5412.35 6482.28 
-6.27744e+66 -6.27744e+66 -6.27744e+66 -6.27744e+66 -6.27744e+66 -6.27744e+66 -6.27744e+66 -6.27744e+66 -6.27744e+66 -6.27744e+66 -6.27744e+66 -6.27744e+66 213.846 258.934 495.641 572.105 899.199 1227.46 1805.07 2037.48 2860.72 3302.03 4069.01 4586.86 5574.48 
-6.27744e+66 -6.27744e+66 -6.27744e+66 -6.27744e+66 -6.27744e+66 -6.27744e+66 -6.27744e+66 -6.27744e+66 -6.27744e+66 -6.27744e+66 -6.27744e+66 -6.27744e+66 -6.27744e+66 213.846 332.2 383.176 628.497 891.104 1372.45 1571.66 2291.99 2684.27 3374.55 3845.32 4750.64 
-6.27744e+66 -6.27744e+66 -6.27744e+66 -6.27744e+66 -6.27744e+66 -6.27744e+66 -6.27744e+66 -6.27744e+66 -6.27744e+66 -6.27744e+66 -6.27744e+66 -6.27744e+66 -6.27744e+66 -6.27744e+66 213.846 239.334 402.882 599.837 984.911 1150.92 1768.35 2111.59 2725.17 3148.87 3971.89 
-6.27744e+66 -6.27744e+66 -6.27744e+66 -6.27744e+66 -6.27744e+66 -6.27744e+66 -6.27744e+66 -6.27744e+66 -6.27744e+66 -6.27744e+66 -6.27744e+66 -6.27744e+66 -6.27744e+66 -6.27744e+66 -6.27744e+66 213.846 295.62 426.924 715.729 848.536 1363.06 1657.27 2194.15 2570.77 3311.49 
-6.27744e+66 -6.27744e+66 -6.27744e+66 -6.27744e+66 -6.27744e+66 -6.27744e+66 -6.27744e+66 -6.27744e+66 -6.27744e+66 -6.27744e+66 -6.27744e+66 -6.27744e+66 -6.27744e+66 -6.27744e+66 -6.27744e+66 -6.27744e+66 213.846 279.498 472.035 571.64 983.258 1228.43 1688.62 2018.16 2676.58 
-6.27744e+66 -6.27744e+66 -6.27744e+66 -6.27744e+66 -6.27744e+66 -6.27744e+66 -6.27744e+66 -6.27744e+66 -6.27744e+66 -6.27744e+66 -6.27744e+66 -6.27744e+66 -6.27744e+66 -6.27744e+66 -6.27744e+66 -6.27744e+66 -6.27744e+66 213.846 310.115 376.518 685.232 881.372 1264.86 1547.32 2123.44 
-6.27744e+66 -6.27744e+66 -6.27744e+66 -6.27744e+66 -6.27744e+66 -6.27744e+66 -6.27744e+66 -6.27744e+66 -6.27744e+66 -6.27744e+66 -6.27744e+66 -6.27744e+66 -6.27744e+66 -6.27744e+66 -6.27744e+66 -6.27744e+66 -6.27744e+66 -6.27744e+66 213.846 247.048 452.857 599.963 906.752 1142.14 1635.95 
-6.27744e+66 -6.27744e+66 -6.27744e+66 -6.27744e+66 -6.27744e+66 -6.27744e+66 -6.27744e+66 -6.27744e+66 -6.27744e+66 -6.27744e+66 -6.27744e+66 -6.27744e+66 -6.27744e+66 -6.27744e+66 -6.27744e+66 -6.27744e+66 -6.27744e+66 -6.27744e+66 -6.27744e+66 213.846 316.751 414.821 644.914 833.222 1244.73 
-6.27744e+66 -6.27744e+66 -6.27744e+66 -6.27744e+66 -6.27744e+66 -6.27744e+66 -6.27744e+66 -6.27744e+66 -6.27744e+66 -6.27744e+66 -6.27744e+66 -6.27744e+66 -6.27744e+66 -6.27744e+66 -6.27744e+66 -6.27744e+66 -6.27744e+66 -6.27744e+66 -6.27744e+66 -6.27744e+66 213.846 262.882 416.276 557.508 886.716 
-6.27744e+66 -6.27744e+66 -6.27744e+66 -6.27744e+66 -6.27744e+66 -6.27744e+66 -6.27744e+66 -6.27744e+66 -6.27744e+66 -6.27744e+66 -6.27744e+66 -6.27744e+66 -6.27744e+66 -6.27744e+66 -6.27744e+66 -6.27744e+66 -6.27744e+66 -6.27744e+66 -6.27744e+66 -6.27744e+66 -6.27744e+66 213.846 290.544 384.698 631.605 
-6.27744e+66 -6.27744e+66 -6.27744e+66 -6.27744e+66 -6.27744e+66 -6.27744e+66 -6.27744e+66 -6.27744e+66 -6.27744e+66 -6.27744e+66 -6.27744e+66 -6.27744e+66 -6.27744e+66 -6.27744e+66 -6.27744e+66 -6.27744e+66 -6.27744e+66 -6.27744e+66 -6.27744e+66 -6.27744e+66 -6.27744e+66 -6.27744e+66 213.846 260.924 425.528 
-6.27744e+66 -6.27744e+66 -6.27744e+66 -6.27744e+66 -6.27744e+66 -6.27744e+66 -6.27744e+66 -6.27744e+66 -6.27744e+66 -6.27744e+66 -6.27744e+66 -6.27744e+66 -6.27744e+66 -6.27744e+66 -6.27744e+66 -6.27744e+66 -6.27744e+66 -6.27744e+66 -6.27744e+66 -6.27744e+66 -6.27744e+66 -6.27744e+66 -6.27744e+66 213.846 296.149 
-6.27744e+66 -6.27744e+66 -6.27744e+66 -6.27744e+66 -6.27744e+66 -6.27744e+66 -6.27744e+66 -6.27744e+66 -6.27744e+66 -6.27744e+66 -6.27744e+66 -6.27744e+66 -6.27744e+66 -6.27744e+66 -6.27744e+66 -6.27744e+66 -6.27744e+66 -6.27744e+66 -6.27744e+66 -6.27744e+66 -6.27744e+66 -6.27744e+66 -6.27744e+66 -6.27744e+66 213.846 
-6.27744e+66 -6.27744e+66 -6.27744e+66 -6.27744e+66 -6.27744e+66 -6.27744e+66 -6.27744e+66 -6.27744e+66 -6.27744e+66 -6.27744e+66 -6.27744e+66 -6.27744e+66 -6.27744e+66 -6.27744e+66 -6.27744e+66 -6.27744e+66 -6.27744e+66 -6.27744e+66 -6.27744e+66 -6.27744e+66 -6.27744e+66 -6.27744e+66 -6.27744e+66 -6.27744e+66 -6.27744e+66 
