48 20 
2491.46 2491.46 2491.46 2491.46 2491.46 2491.46 2491.46 2491.46 2491.46 2491.46 2491.46 2491.46 2491.46 2491.46 2491.46 2491.46 2491.46 2491.46 2491.46 2491.46 2491.46 2491.46 2491.46 2491.46 2491.46 2491.46 2491.46 2491.46 2491.46 2491.46 2491.46 2491.46 2491.46 2491.46 2491.46 2491.46 2491.46 2491.46 2491.46 2491.46 2491.46 2491.46 2491.46 2491.46 2491.46 2491.46 2491.46 2491.46 
item 0
66.6347 92.1524 69.329 91.4425 95.2765 105.862 32.9875 108.12 32.6409 89.93 60.1427 145.657 60.5963 101.731 13.6951 130.723 88.44 95.0426 41.7531 109.262 27.3182 103.83 66.6467 103.373 37.9773 105.797 41.9186 72.8021 27.9047 104.46 45.1873 135.055 32.2513 149.302 59.5726 95.4551 75.4608 73.4808 79.8841 121.262 36.3669 104.514 9.0677 112.077 66.8197 118.728 58.0968 116.686 
362.266 362.266 362.266 362.266 362.266 362.266 362.266 362.266 362.266 362.266 362.266 362.266 362.266 362.266 362.266 362.266 362.266 362.266 362.266 362.266 362.266 362.266 362.266 362.266 362.266 362.266 362.266 362.266 362.266 362.266 362.266 362.266 362.266 362.266 362.266 362.266 362.266 362.266 362.266 362.266 362.266 362.266 362.266 362.266 362.266 362.266 362.266 362.266 
1 1 1 1 1 1 1 1 1 1 1 1 1 1 1 1 1 1 1 1 1 1 1 1 1 1 1 1 1 1 1 1 1 1 1 1 1 1 1 1 1 1 1 1 1 1 1 1 
item 1
74.4177 93.5829 37.5611 84.2389 76.2294 114.694 57.1451 106.787 76.5268 90.2384 67.2171 123.277 38.4109 111.1 47.0777 121.417 36.1896 103.234 46.1831 78.1407 21.9859 121.212 31.0731 121.293 27.5544 117.932 31.0166 119.214 44.0486 79.0128 79.5189 95.4805 48.3717 92.5059 51.7535 71.6035 46.1285 78.4873 56.8229 87.6376 53.3639 114.665 42.0064 72.5802 100.671 96.4445 80.7464 132.843 
272.243 272.243 272.243 272.243 272.243 272.243 272.243 272.243 272.243 272.243 272.243 272.243 272.243 272.243 272.243 272.243 272.243 272.243 272.243 272.243 272.243 272.243 272.243 272.243 272.243 272.243 272.243 272.243 272.243 272.243 272.243 272.243 272.243 272.243 272.243 272.243 272.243 272.243 272.243 272.243 272.243 272.243 272.243 272.243 272.243 272.243 272.243 272.243 
1 1 1 1 1 1 1 1 1 1 1 1 1 1 1 1 1 1 1 1 1 1 1 1 1 1 1 1 1 1 1 1 1 1 1 1 1 1 1 1 1 1 1 1 1 1 1 1 
item 2
56.5065 94.8982 32.4208 132.319 30.9503 69.3871 35.3391 113.007 49.5284 105.335 60.4882 107.055 0 94.4753 35.9969 86.2749 79.066 82.8082 41.3719 43.4364 75.5476 126.988 62.4999 94.9246 36.6093 124.081 43.8018 81.729 40.7088 97.1027 45.8121 75.6333 56.5726 108.214 19.0488 76.3369 42.604 65.3913 38.9379 116.733 74.9168 90.9883 47.2046 78.3031 61.4919 130.687 44.4037 102.586 
556.716 556.716 556.716 556.716 556.716 556.716 556.716 556.716 556.716 556.716 556.716 556.716 556.716 556.716 556.716 556.716 556.716 556.716 556.716 556.716 556.716 556.716 556.716 556.716 556.716 556.716 556.716 556.716 556.716 556.716 556.716 556.716 556.716 556.716 556.716 556.716 556.716 556.716 556.716 556.716 556.716 556.716 556.716 556.716 556.716 556.716 556.716 556.716 
1 1 1 1 1 1 1 1 1 1 1 1 1 1 1 1 1 1 1 1 1 1 1 1 1 1 1 1 1 1 1 1 1 1 1 1 1 1 1 1 1 1 1 1 1 1 1 1 
item 3
18.3825 69.7062 63.5662 80.1914 28.5564 133.923 26.1868 102.7 35.1583 90.1312 56.315 92.0928 34.721 89.9642 56.0321 86.4587 79.8077 81.2376 81.3535 101.855 71.0638 104.294 76.5597 111.519 36.4825 119.339 1.01986 122.628 62.8736 105.72 31.3523 120.122 76.4611 122.359 15.7163 137.966 36.0438 87.9611 38.6627 116.371 57.3999 103.093 43.5497 102.656 42.9983 87.8102 59.5282 114.51 
857.913 857.913 857.913 857.913 857.913 857.913 857.913 857.913 857.913 857.913 857.913 857.913 857.913 857.913 857.913 857.913 857.913 857.913 857.913 857.913 857.913 857.913 857.913 857.913 857.913 857.913 857.913 857.913 857.913 857.913 857.913 857.913 857.913 857.913 857.913 857.913 857.913 857.913 857.913 857.913 857.913 857.913 857.913 857.913 857.913 857.913 857.913 857.913 
1 1 1 1 1 1 1 1 1 1 1 1 1 1 1 1 1 1 1 1 1 1 1 1 1 1 1 1 1 1 1 1 1 1 1 1 1 1 1 1 1 1 1 1 1 1 1 1 
item 4
31.7589 111.898 67.605 81.3918 56.181 107.949 36.0323 76.0073 57.771 123.855 35.5062 99.5079 51.2336 110.719 63.5256 116.678 54.3096 86.0585 68.7462 88.2993 8.34364 80.543 12.7352 90.3336 12.7676 134.592 76.0157 96.8357 29.9252 101.131 58.1585 104.234 57.4884 87.1606 46.9853 115.264 34.8488 96.02 30.2988 110.061 81.8428 101.776 64.7694 124.076 62.8102 111.394 12.3873 134.465 
1173.74 1173.74 1173.74 1173.74 1173.74 1173.74 1173.74 1173.74 1173.74 1173.74 1173.74 1173.74 1173.74 1173.74 1173.74 1173.74 1173.74 1173.74 1173.74 1173.74 1173.74 1173.74 1173.74 1173.74 1173.74 1173.74 1173.74 1173.74 1173.74 1173.74 1173.74 1173.74 1173.74 1173.74 1173.74 1173.74 1173.74 1173.74 1173.74 1173.74 1173.74 1173.74 1173.74 1173.74 1173.74 1173.74 1173.74 1173.74 
1 1 1 1 1 1 1 1 1 1 1 1 1 1 1 1 1 1 1 1 1 1 1 1 1 1 1 1 1 1 1 1 1 1 1 1 1 1 1 1 1 1 1 1 1 1 1 1 
item 5
45.5663 67.9814 36.1236 101.664 47.5655 91.323 60.5353 114.112 56.2451 102.257 27.5847 109.27 23.5248 99.309 12.8066 81.3779 41.3929 70.4327 110.556 72.391 62.6717 46.8493 54.13 115.52 35.7772 83.3688 87.6492 105.195 106.386 88.5834 77.9152 122.218 9.46288 83.1995 62.8895 105.224 68.0052 108.686 53.0631 67.6129 51.9387 95.1415 80.1003 119.342 54.9353 98.5433 83.2892 86.396 
596.571 596.571 596.571 596.571 596.571 596.571 596.571 596.571 596.571 596.571 596.571 596.571 596.571 596.571 596.571 596.571 596.571 596.571 596.571 596.571 596.571 596.571 596.571 596.571 596.571 596.571 596.571 596.571 596.571 596.571 596.571 596.571 596.571 596.571 596.571 596.571 596.571 596.571 596.571 596.571 596.571 596.571 596.571 596.571 596.571 596.571 596.571 596.571 
1 1 1 1 1 1 1 1 1 1 1 1 1 1 1 1 1 1 1 1 1 1 1 1 1 1 1 1 1 1 1 1 1 1 1 1 1 1 1 1 1 1 1 1 1 1 1 1 
item 6
52.3076 128.55 40.3734 85.44 27.295 83.4705 107.9 108.309 26.7465 110.291 40.2881 90.0771 82.4563 59.7373 31.9034 90.4573 57.4893 74.0912 74.9552 116.857 88.7161 72.0542 64.1574 65.0793 57.808 123.647 28.3694 116.87 64.522 87.8818 0 99.5784 26.2498 132.02 71.9079 119.948 60.9828 94.6182 51.9107 102.719 50.8342 106.15 35.323 100.592 57.7373 83.6197 60.7739 108.526 
430.584 430.584 430.584 430.584 430.584 430.584 430.584 430.584 430.584 430.584 430.584 430.584 430.584 430.584 430.584 430.584 430.584 430.584 430.584 430.584 430.584 430.584 430.584 430.584 430.584 430.584 430.584 430.584 430.584 430.584 430.584 430.584 430.584 430.584 430.584 430.584 430.584 430.584 430.584 430.584 430.584 430.584 430.584 430.584 430.584 430.584 430.584 430.584 
1 1 1 1 1 1 1 1 1 1 1 1 1 1 1 1 1 1 1 1 1 1 1 1 1 1 1 1 1 1 1 1 1 1 1 1 1 1 1 1 1 1 1 1 1 1 1 1 
item 7
58.3012 101.405 28.3803 78.7112 68.4901 109.301 43.491 89.1022 46.8188 71.5526 41.0933 100.23 55.4236 76.0215 37.6438 55.8166 32.3084 110.063 55.7522 124.141 51.9453 84.6915 42.6579 62.4751 54.0052 90.2066 34.2808 116.989 51.5917 83.7539 6.54195 133.319 10.5283 98.7289 45.3839 99.7833 37.025 99.8343 13.5857 116.324 47.5487 81.1083 57.9935 74.7115 33.8173 104.523 63.6956 77.0544 
1033.87 1033.87 1033.87 1033.87 1033.87 1033.87 1033.87 1033.87 1033.87 1033.87 1033.87 1033.87 1033.87 1033.87 1033.87 1033.87 1033.87 1033.87 1033.87 1033.87 1033.87 1033.87 1033.87 1033.87 1033.87 1033.87 1033.87 1033.87 1033.87 1033.87 1033.87 1033.87 1033.87 1033.87 1033.87 1033.87 1033.87 1033.87 1033.87 1033.87 1033.87 1033.87 1033.87 1033.87 1033.87 1033.87 1033.87 1033.87 
1 1 1 1 1 1 1 1 1 1 1 1 1 1 1 1 1 1 1 1 1 1 1 1 1 1 1 1 1 1 1 1 1 1 1 1 1 1 1 1 1 1 1 1 1 1 1 1 
item 8
41.9151 135.124 47.2069 88.4266 18.9376 76.0536 60.0982 82.4419 50.4932 96.1422 61.3624 38.8205 41.9957 89.1796 35.4363 108.661 33.2055 106.728 42.3916 137.819 35.6785 97.4159 12.9202 114.418 62.3957 111.356 85.1567 104.335 37.5758 100.261 72.5873 95.733 21.8931 104.197 34.9941 93.9105 57.5653 90.3981 49.375 75.59 45.1685 108.55 68.7927 94.9565 0 124.783 16.8964 92.309 
275.521 275.521 275.521 275.521 275.521 275.521 275.521 275.521 275.521 275.521 275.521 275.521 275.521 275.521 275.521 275.521 275.521 275.521 275.521 275.521 275.521 275.521 275.521 275.521 275.521 275.521 275.521 275.521 275.521 275.521 275.521 275.521 275.521 275.521 275.521 275.521 275.521 275.521 275.521 275.521 275.521 275.521 275.521 275.521 275.521 275.521 275.521 275.521 
1 1 1 1 1 1 1 1 1 1 1 1 1 1 1 1 1 1 1 1 1 1 1 1 1 1 1 1 1 1 1 1 1 1 1 1 1 1 1 1 1 1 1 1 1 1 1 1 
item 9
58.3113 90.6272 55.9518 132.909 66.7461 108.312 58.9028 121.565 54.658 99.2944 63.1471 95.5385 45.1389 52.7283 57.6733 107.311 62.5932 135.447 48.8044 69.5165 82.6349 96.4866 72.5282 91.2241 68.7865 124.554 72.1726 95.2592 78.1359 101.793 45.9084 60.5156 13.4198 89.8235 44.1622 83.1543 56.294 78.8884 51.1212 71.9679 79.8097 112.294 62.4986 84.8775 45.2144 91.9888 85.7313 76.8268 
248.32 248.32 248.32 248.32 248.32 248.32 248.32 248.32 248.32 248.32 248.32 248.32 248.32 248.32 248.32 248.32 248.32 248.32 248.32 248.32 248.32 248.32 248.32 248.32 248.32 248.32 248.32 248.32 248.32 248.32 248.32 248.32 248.32 248.32 248.32 248.32 248.32 248.32 248.32 248.32 248.32 248.32 248.32 248.32 248.32 248.32 248.32 248.32 
1 1 1 1 1 1 1 1 1 1 1 1 1 1 1 1 1 1 1 1 1 1 1 1 1 1 1 1 1 1 1 1 1 1 1 1 1 1 1 1 1 1 1 1 1 1 1 1 
item 10
36.809 114.624 81.593 73.2412 82.2214 117.19 59.1207 83.581 60.4372 81.7433 44.6571 110.517 76.2649 113.944 10.3998 70.0274 52.7721 87.229 56.8666 110.827 47.6699 126.635 49.1421 80.1219 41.4937 88.413 59.0702 85.1784 57.9118 76.6888 62.6252 95.638 32.7695 128.558 76.6119 122.453 54.4043 70.2198 50.0425 86.9164 78.3503 90.4034 34.1058 105.971 43.7113 87.7379 23.2648 106.621 
987.938 987.938 987.938 987.938 987.938 987.938 987.938 987.938 987.938 987.938 987.938 987.938 987.938 987.938 987.938 987.938 987.938 987.938 987.938 987.938 987.938 987.938 987.938 987.938 987.938 987.938 987.938 987.938 987.938 987.938 987.938 987.938 987.938 987.938 987.938 987.938 987.938 987.938 987.938 987.938 987.938 987.938 987.938 987.938 987.938 987.938 987.938 987.938 
1 1 1 1 1 1 1 1 1 1 1 1 1 1 1 1 1 1 1 1 1 1 1 1 1 1 1 1 1 1 1 1 1 1 1 1 1 1 1 1 1 1 1 1 1 1 1 1 
item 11
53.0127 115.357 69.2997 78.7015 47.513 116.357 65.1947 106.867 38.4086 116.247 75.5873 105.2 56.6336 129.798 41.5517 99.0595 47.2517 39.8602 18.2042 104.354 87.5912 86.854 63.682 117.839 37.8948 136.913 86.0475 93.565 40.9224 139.634 96.2699 76.4898 33.6646 97.6024 37.4348 88.3568 23.2026 61.0651 33.2982 108.359 34.6119 86.4442 43.2641 108.957 60.9463 102.186 41.5015 72.3263 
416.11 416.11 416.11 416.11 416.11 416.11 416.11 416.11 416.11 416.11 416.11 416.11 416.11 416.11 416.11 416.11 416.11 416.11 416.11 416.11 416.11 416.11 416.11 416.11 416.11 416.11 416.11 416.11 416.11 416.11 416.11 416.11 416.11 416.11 416.11 416.11 416.11 416.11 416.11 416.11 416.11 416.11 416.11 416.11 416.11 416.11 416.11 416.11 
1 1 1 1 1 1 1 1 1 1 1 1 1 1 1 1 1 1 1 1 1 1 1 1 1 1 1 1 1 1 1 1 1 1 1 1 1 1 1 1 1 1 1 1 1 1 1 1 
item 12
63.6049 98.8446 53.3449 42.8997 12.3112 65.7301 45.5586 92.0754 78.5532 92.1787 46.9043 87.1008 40.0648 137.24 74.4645 72.7789 50.6693 37.1526 34.0512 98.0214 45.6769 96.3138 34.5316 122.936 32.7033 98.4099 37.0023 105.452 50.3183 151.041 77.5119 76.5782 64.0861 108.213 44.2277 100.955 48.3259 119.732 47.1964 123.789 67.7836 96.4891 8.40578 117.826 3.54002 92.4768 63.3861 103.639 
968.82 968.82 968.82 968.82 968.82 968.82 968.82 968.82 968.82 968.82 968.82 968.82 968.82 968.82 968.82 968.82 968.82 968.82 968.82 968.82 968.82 968.82 968.82 968.82 968.82 968.82 968.82 968.82 968.82 968.82 968.82 968.82 968.82 968.82 968.82 968.82 968.82 968.82 968.82 968.82 968.82 968.82 968.82 968.82 968.82 968.82 968.82 968.82 
1 1 1 1 1 1 1 1 1 1 1 1 1 1 1 1 1 1 1 1 1 1 1 1 1 1 1 1 1 1 1 1 1 1 1 1 1 1 1 1 1 1 1 1 1 1 1 1 
item 13
55.506 96.199 29.8559 95.661 46.5117 129.983 19.0917 96.6282 26.0348 77.2467 44.183 109.902 32.7338 78.7973 48.7496 114.724 49.5327 120.093 64.9545 64.3949 77.6838 86.2812 71.833 127.532 86.5127 94.0575 49.1546 114.621 40.8943 81.2575 31.0487 113.895 61.7801 119.192 48.051 101.127 70.1636 62.9579 30.9276 95.2742 38.603 84.3519 52.6671 59.2324 48.3818 146.03 73.9779 104.326 
623.429 623.429 623.429 623.429 623.429 623.429 623.429 623.429 623.429 623.429 623.429 623.429 623.429 623.429 623.429 623.429 623.429 623.429 623.429 623.429 623.429 623.429 623.429 623.429 623.429 623.429 623.429 623.429 623.429 623.429 623.429 623.429 623.429 623.429 623.429 623.429 623.429 623.429 623.429 623.429 623.429 623.429 623.429 623.429 623.429 623.429 623.429 623.429 
1 1 1 1 1 1 1 1 1 1 1 1 1 1 1 1 1 1 1 1 1 1 1 1 1 1 1 1 1 1 1 1 1 1 1 1 1 1 1 1 1 1 1 1 1 1 1 1 
item 14
39.6299 88.5834 89.0378 77.0581 67.3827 87.5023 57.5298 94.4835 74.5886 114.887 43.0279 110.08 84.8291 112.52 40.2609 99.544 71.3501 95.4381 48.6209 98.324 24.8144 84.9204 24.9743 110.202 56.1552 75.0239 100.295 112.099 31.5459 129.333 73.733 86.709 37.9878 76.2339 10.0818 99.8077 39.1427 116.882 27.7282 94.5106 73.1411 123.207 69.9324 104.386 57.0601 66.7859 20.6047 128.044 
948.761 948.761 948.761 948.761 948.761 948.761 948.761 948.761 948.761 948.761 948.761 948.761 948.761 948.761 948.761 948.761 948.761 948.761 948.761 948.761 948.761 948.761 948.761 948.761 948.761 948.761 948.761 948.761 948.761 948.761 948.761 948.761 948.761 948.761 948.761 948.761 948.761 948.761 948.761 948.761 948.761 948.761 948.761 948.761 948.761 948.761 948.761 948.761 
1 1 1 1 1 1 1 1 1 1 1 1 1 1 1 1 1 1 1 1 1 1 1 1 1 1 1 1 1 1 1 1 1 1 1 1 1 1 1 1 1 1 1 1 1 1 1 1 
item 15
45.7674 126.363 49.4651 102.703 32.0394 86.6555 38.9272 72.6822 54.6044 115.068 46.6984 91.6121 64.8183 106.252 31.329 96.0607 69.2199 101.315 58.0065 69.5188 25.7859 87.7693 65.1018 104.054 44.2666 101.093 90.3007 107.692 48.8986 108.366 106.082 68.3694 40.2692 108.798 56.1686 123.375 15.4167 70.4892 75.5953 97.1201 15.8438 97.3653 57.9267 107.967 58.1115 122.495 41.328 82.0345 
1303.41 1303.41 1303.41 1303.41 1303.41 1303.41 1303.41 1303.41 1303.41 1303.41 1303.41 1303.41 1303.41 1303.41 1303.41 1303.41 1303.41 1303.41 1303.41 1303.41 1303.41 1303.41 1303.41 1303.41 1303.41 1303.41 1303.41 1303.41 1303.41 1303.41 1303.41 1303.41 1303.41 1303.41 1303.41 1303.41 1303.41 1303.41 1303.41 1303.41 1303.41 1303.41 1303.41 1303.41 1303.41 1303.41 1303.41 1303.41 
1 1 1 1 1 1 1 1 1 1 1 1 1 1 1 1 1 1 1 1 1 1 1 1 1 1 1 1 1 1 1 1 1 1 1 1 1 1 1 1 1 1 1 1 1 1 1 1 
item 16
63.2234 104.398 52.9739 102.84 55.0994 113.051 53.3517 107.142 26.7724 99.5267 65.9212 66.2936 43.7806 84.175 19.7881 57.0824 52.2491 74.2024 52.0981 109.799 43.1199 99.546 27.1823 93.8006 24.9227 100.752 84.5485 103.11 49.7756 113.142 53.0711 130.012 100.062 93.5278 68.0604 84.7087 11.8516 100.988 47.9789 99.2924 40.8228 87.695 58.788 120.148 68.518 73.1339 63.831 110.117 
248.253 248.253 248.253 248.253 248.253 248.253 248.253 248.253 248.253 248.253 248.253 248.253 248.253 248.253 248.253 248.253 248.253 248.253 248.253 248.253 248.253 248.253 248.253 248.253 248.253 248.253 248.253 248.253 248.253 248.253 248.253 248.253 248.253 248.253 248.253 248.253 248.253 248.253 248.253 248.253 248.253 248.253 248.253 248.253 248.253 248.253 248.253 248.253 
1 1 1 1 1 1 1 1 1 1 1 1 1 1 1 1 1 1 1 1 1 1 1 1 1 1 1 1 1 1 1 1 1 1 1 1 1 1 1 1 1 1 1 1 1 1 1 1 
item 17
49.4129 104.271 11.1265 119.465 48.3365 71.4799 19.0507 115.784 34.9012 87.478 44.4641 72.7654 31.3719 117.908 40.2533 103.251 57.3145 76.2511 38.2972 115.816 25.4344 118.898 39.7572 109.676 62.2163 87.3497 45.6 89.7095 62.0233 85.4957 36.7936 118.038 31.5038 79.1593 66.0933 115.983 13.7987 62.1424 64.771 43.6015 18.4983 96.2607 53.2164 107.912 45.9772 119.114 49.4295 82.9615 
914.324 914.324 914.324 914.324 914.324 914.324 914.324 914.324 914.324 914.324 914.324 914.324 914.324 914.324 914.324 914.324 914.324 914.324 914.324 914.324 914.324 914.324 914.324 914.324 914.324 914.324 914.324 914.324 914.324 914.324 914.324 914.324 914.324 914.324 914.324 914.324 914.324 914.324 914.324 914.324 914.324 914.324 914.324 914.324 914.324 914.324 914.324 914.324 
1 1 1 1 1 1 1 1 1 1 1 1 1 1 1 1 1 1 1 1 1 1 1 1 1 1 1 1 1 1 1 1 1 1 1 1 1 1 1 1 1 1 1 1 1 1 1 1 
item 18
25.8759 88.0893 32.1927 88.4307 56.9507 125.261 55.655 100.212 23.1844 83.7435 66.697 110.767 7.02177 96.1255 89.6078 108.538 42.4026 89.216 48.3395 119.198 67.5288 90.1917 29.44 88.4519 53.0028 115.351 16.4608 90.33 42.479 97.5731 70.3827 131.862 47.3861 91.5335 30.8581 126.757 40.7289 88.1976 58.0324 82.6083 57.8024 67.9089 25.017 83.7428 21.6775 79.9038 63.9715 67.9826 
1122.16 1122.16 1122.16 1122.16 1122.16 1122.16 1122.16 1122.16 1122.16 1122.16 1122.16 1122.16 1122.16 1122.16 1122.16 1122.16 1122.16 1122.16 1122.16 1122.16 1122.16 1122.16 1122.16 1122.16 1122.16 1122.16 1122.16 1122.16 1122.16 1122.16 1122.16 1122.16 1122.16 1122.16 1122.16 1122.16 1122.16 1122.16 1122.16 1122.16 1122.16 1122.16 1122.16 1122.16 1122.16 1122.16 1122.16 1122.16 
1 1 1 1 1 1 1 1 1 1 1 1 1 1 1 1 1 1 1 1 1 1 1 1 1 1 1 1 1 1 1 1 1 1 1 1 1 1 1 1 1 1 1 1 1 1 1 1 
item 19
36.492 89.0698 31.0867 88.4355 36.1523 105.86 20.2109 101.719 57.1738 95.9518 4.67297 115.808 100.074 65.8794 43.1345 120.462 57.5828 97.2598 54.2658 74.6071 78.3644 87.9831 14.1906 98.8535 55.7619 76.3231 43.7794 108.314 59.3263 105.107 17.1046 84.8595 21.1321 85.9115 61.4062 87.3386 67.0409 65.324 48.5727 83.688 67.0536 69.7201 73.7917 120.09 71.9233 97.6723 53.1132 83.4627 
216.065 216.065 216.065 216.065 216.065 216.065 216.065 216.065 216.065 216.065 216.065 216.065 216.065 216.065 216.065 216.065 216.065 216.065 216.065 216.065 216.065 216.065 216.065 216.065 216.065 216.065 216.065 216.065 216.065 216.065 216.065 216.065 216.065 216.065 216.065 216.065 216.065 216.065 216.065 216.065 216.065 216.065 216.065 216.065 216.065 216.065 216.065 216.065 
1 1 1 1 1 1 1 1 1 1 1 1 1 1 1 1 1 1 1 1 1 1 1 1 1 1 1 1 1 1 1 1 1 1 1 1 1 1 1 1 1 1 1 1 1 1 1 1 
