36 40 
31928.3 31928.3 31928.3 31928.3 31928.3 31928.3 31928.3 31928.3 31928.3 31928.3 31928.3 31928.3 31928.3 31928.3 31928.3 31928.3 31928.3 31928.3 31928.3 31928.3 31928.3 31928.3 31928.3 31928.3 31928.3 31928.3 31928.3 31928.3 31928.3 31928.3 31928.3 31928.3 31928.3 31928.3 31928.3 31928.3 
item 0
55.3024 115.413 66.8965 107.881 34.8653 137.443 68.3079 83.2056 53.0441 95.7434 42.8174 104.603 18.8935 130.824 18.0421 109.563 97.1073 131.51 79.7926 72.4392 47.965 92.5595 86.2327 71.8151 75.3914 68.6761 60.6795 69.0614 72.66 75.4604 49.9345 110.384 46.6936 80.4682 59.881 99.7518 
1312.63 1312.63 1312.63 1312.63 1312.63 1312.63 1312.63 1312.63 1312.63 1312.63 1312.63 1312.63 1312.63 1312.63 1312.63 1312.63 1312.63 1312.63 1312.63 1312.63 1312.63 1312.63 1312.63 1312.63 1312.63 1312.63 1312.63 1312.63 1312.63 1312.63 1312.63 1312.63 1312.63 1312.63 1312.63 1312.63 
1 1 1 1 1 1 1 1 1 1 1 1 1 1 1 1 1 1 1 1 1 1 1 1 1 1 1 1 1 1 1 1 1 1 1 1 
item 1
1 110.737 40.7354 131.772 24.1524 125.869 90.6774 115.687 25.8139 93.3336 42.1491 86.4622 47.817 83.4912 77.0929 68.9817 58.1113 134.028 86.3623 51.9528 43.1694 92.8077 49.5296 95.8231 49.6679 135.716 42.3813 114.71 43.9383 89.6413 36.8066 91.1793 51.7821 61.5933 78.5628 96.6622 
873.93 873.93 873.93 873.93 873.93 873.93 873.93 873.93 873.93 873.93 873.93 873.93 873.93 873.93 873.93 873.93 873.93 873.93 873.93 873.93 873.93 873.93 873.93 873.93 873.93 873.93 873.93 873.93 873.93 873.93 873.93 873.93 873.93 873.93 873.93 873.93 
1 1 1 1 1 1 1 1 1 1 1 1 1 1 1 1 1 1 1 1 1 1 1 1 1 1 1 1 1 1 1 1 1 1 1 1 
item 2
60.4673 92.9078 61.2529 81.2322 49.6633 86.3284 63.3524 69.8038 73.7328 141.991 47.9226 103.784 46.3043 75.7773 58.8842 94.7561 83.9136 110.361 29.1747 119.507 6.69345 108.887 48.3515 129.309 36.0061 119.948 41.8327 70.0729 43.3881 109.063 42.4045 58.9047 27.0734 116.861 57.2931 87.9865 
642.821 642.821 642.821 642.821 642.821 642.821 642.821 642.821 642.821 642.821 642.821 642.821 642.821 642.821 642.821 642.821 642.821 642.821 642.821 642.821 642.821 642.821 642.821 642.821 642.821 642.821 642.821 642.821 642.821 642.821 642.821 642.821 642.821 642.821 642.821 642.821 
1 1 1 1 1 1 1 1 1 1 1 1 1 1 1 1 1 1 1 1 1 1 1 1 1 1 1 1 1 1 1 1 1 1 1 1 
item 3
31.578 87.6046 19.0446 92.3191 47.5853 78.5077 66.2441 140.255 25.4263 97.1773 13.8259 69.6015 60.5655 85.9307 48.2957 115.435 63.1542 124.289 51.6337 82.8395 45.7479 80.4646 52.8322 79.9228 96.3035 96.7192 54.0316 87.8665 47.6922 124.08 52.5458 95.5202 27.4112 107.463 29.9106 74.8888 
1084.96 1084.96 1084.96 1084.96 1084.96 1084.96 1084.96 1084.96 1084.96 1084.96 1084.96 1084.96 1084.96 1084.96 1084.96 1084.96 1084.96 1084.96 1084.96 1084.96 1084.96 1084.96 1084.96 1084.96 1084.96 1084.96 1084.96 1084.96 1084.96 1084.96 1084.96 1084.96 1084.96 1084.96 1084.96 1084.96 
1 1 1 1 1 1 1 1 1 1 1 1 1 1 1 1 1 1 1 1 1 1 1 1 1 1 1 1 1 1 1 1 1 1 1 1 
item 4
67.2127 62.2073 53.0276 106.59 61.3289 105.792 58.0767 104.505 0 76.9222 92.8428 127.253 62.34 97.8124 54.4831 93.3945 69.5664 114.591 30.9362 129.236 42.2861 104.751 28.8199 91.7668 39.1371 101.732 55.5745 102.048 53.1958 94.3915 33.3743 140.268 77.4004 98.4178 45.773 118.334 
342.431 342.431 342.431 342.431 342.431 342.431 342.431 342.431 342.431 342.431 342.431 342.431 342.431 342.431 342.431 342.431 342.431 342.431 342.431 342.431 342.431 342.431 342.431 342.431 342.431 342.431 342.431 342.431 342.431 342.431 342.431 342.431 342.431 342.431 342.431 342.431 
1 1 1 1 1 1 1 1 1 1 1 1 1 1 1 1 1 1 1 1 1 1 1 1 1 1 1 1 1 1 1 1 1 1 1 1 
item 5
29.6341 94.62 81.3763 103.265 22.1302 88.3875 50.5534 115.467 65.6034 110.928 47.6328 96.4439 27.2539 112.383 29.9509 95.4172 31.2152 100.133 70.6454 92.8081 80.371 124.923 46.3912 102.494 36.9467 122.599 36.508 127.203 41.4814 125.378 48.2773 119.058 40.8569 75.9196 33.1412 118.153 
225.458 225.458 225.458 225.458 225.458 225.458 225.458 225.458 225.458 225.458 225.458 225.458 225.458 225.458 225.458 225.458 225.458 225.458 225.458 225.458 225.458 225.458 225.458 225.458 225.458 225.458 225.458 225.458 225.458 225.458 225.458 225.458 225.458 225.458 225.458 225.458 
1 1 1 1 1 1 1 1 1 1 1 1 1 1 1 1 1 1 1 1 1 1 1 1 1 1 1 1 1 1 1 1 1 1 1 1 
item 6
61.2876 106.111 12.6771 129.814 32.0865 110.785 71.3605 96.3741 25.0544 47.9463 29.7996 80.0662 32.8642 150.143 34.7747 110.845 61.1072 128.203 30.4111 75.3918 56.9993 107.226 36.7804 119.276 31.611 98.5104 74.7061 112.985 34.773 94.2601 41.254 59.8324 54.6528 125.469 56.0794 102.675 
1179.43 1179.43 1179.43 1179.43 1179.43 1179.43 1179.43 1179.43 1179.43 1179.43 1179.43 1179.43 1179.43 1179.43 1179.43 1179.43 1179.43 1179.43 1179.43 1179.43 1179.43 1179.43 1179.43 1179.43 1179.43 1179.43 1179.43 1179.43 1179.43 1179.43 1179.43 1179.43 1179.43 1179.43 1179.43 1179.43 
1 1 1 1 1 1 1 1 1 1 1 1 1 1 1 1 1 1 1 1 1 1 1 1 1 1 1 1 1 1 1 1 1 1 1 1 
item 7
27.7988 128.049 18.7382 139.15 50.6546 135.826 39.9686 112.487 22.9476 74.8284 42.1893 93.5171 27.1006 116.726 17.8973 89.3537 35.2794 82.4502 98.9987 90.4932 58.1748 123.312 19.8466 97.3254 61.7489 145.244 34.33 100.141 49.8582 110.503 53.8606 123.152 40.5442 127.822 53.0612 89.8477 
487.195 487.195 487.195 487.195 487.195 487.195 487.195 487.195 487.195 487.195 487.195 487.195 487.195 487.195 487.195 487.195 487.195 487.195 487.195 487.195 487.195 487.195 487.195 487.195 487.195 487.195 487.195 487.195 487.195 487.195 487.195 487.195 487.195 487.195 487.195 487.195 
1 1 1 1 1 1 1 1 1 1 1 1 1 1 1 1 1 1 1 1 1 1 1 1 1 1 1 1 1 1 1 1 1 1 1 1 
item 8
47.9102 112.069 49.9732 76.9791 29.8408 123.057 37.9257 83.0878 40.956 81.3626 25.4301 105.692 21.1594 105.902 64.5354 100.179 60.0859 119.398 36.8696 111.155 74.2317 93.1494 50.3202 111.551 45.2129 127.697 52.5972 63.9252 17.8683 99.8833 42.6905 122.79 72.8864 101.969 52.1664 84.3702 
1098.22 1098.22 1098.22 1098.22 1098.22 1098.22 1098.22 1098.22 1098.22 1098.22 1098.22 1098.22 1098.22 1098.22 1098.22 1098.22 1098.22 1098.22 1098.22 1098.22 1098.22 1098.22 1098.22 1098.22 1098.22 1098.22 1098.22 1098.22 1098.22 1098.22 1098.22 1098.22 1098.22 1098.22 1098.22 1098.22 
1 1 1 1 1 1 1 1 1 1 1 1 1 1 1 1 1 1 1 1 1 1 1 1 1 1 1 1 1 1 1 1 1 1 1 1 
item 9
104.545 86.4552 79.0826 103.666 52.4967 95.6668 44.5753 81.0924 26.4663 77.3687 46.7556 119.643 83.1816 111.437 12.5236 116.842 68.4901 91.8902 67.0327 90.7277 84.2201 99.6437 56.8377 125.181 46.8045 101.188 64.8621 121.714 73.1453 86.5662 52.1665 110.664 49.3383 83.5639 3.40481 75.4081 
309.216 309.216 309.216 309.216 309.216 309.216 309.216 309.216 309.216 309.216 309.216 309.216 309.216 309.216 309.216 309.216 309.216 309.216 309.216 309.216 309.216 309.216 309.216 309.216 309.216 309.216 309.216 309.216 309.216 309.216 309.216 309.216 309.216 309.216 309.216 309.216 
1 1 1 1 1 1 1 1 1 1 1 1 1 1 1 1 1 1 1 1 1 1 1 1 1 1 1 1 1 1 1 1 1 1 1 1 
item 10
73.8907 97.2872 74.6453 109.202 24.1471 90.3895 29.692 93.9645 53.8063 102.919 51.0571 84.8461 41.8928 92.3319 49.5542 76.0065 34.9223 144.612 51.4654 117.678 64.9322 116.562 29.9631 88.0845 33.0267 95.445 92.5735 81.681 51.5244 87.5739 66.8625 137.117 44.4868 116.458 52.7894 109.808 
919.458 919.458 919.458 919.458 919.458 919.458 919.458 919.458 919.458 919.458 919.458 919.458 919.458 919.458 919.458 919.458 919.458 919.458 919.458 919.458 919.458 919.458 919.458 919.458 919.458 919.458 919.458 919.458 919.458 919.458 919.458 919.458 919.458 919.458 919.458 919.458 
1 1 1 1 1 1 1 1 1 1 1 1 1 1 1 1 1 1 1 1 1 1 1 1 1 1 1 1 1 1 1 1 1 1 1 1 
item 11
43.774 56.0923 36.2553 104.615 27.6393 124.915 51.6257 133.154 79.6245 103.924 17.2931 67.5517 81.5555 89.7129 27.2122 91.1812 31.5924 87.4655 23.1381 99.0099 36.1354 104.52 44.6349 93.3334 5.50988 124.051 22.9129 93.2314 52.7146 70.0576 90.5621 85.49 41.7499 105.972 89.1905 115.214 
637.545 637.545 637.545 637.545 637.545 637.545 637.545 637.545 637.545 637.545 637.545 637.545 637.545 637.545 637.545 637.545 637.545 637.545 637.545 637.545 637.545 637.545 637.545 637.545 637.545 637.545 637.545 637.545 637.545 637.545 637.545 637.545 637.545 637.545 637.545 637.545 
1 1 1 1 1 1 1 1 1 1 1 1 1 1 1 1 1 1 1 1 1 1 1 1 1 1 1 1 1 1 1 1 1 1 1 1 
item 12
21.4445 115.049 41.4435 100.504 63.6417 98.4373 13.2407 88.0714 38.6885 84.5942 60.3224 128.836 57.3436 90.9934 81.7791 102.071 66.8614 97.9261 44.0417 92.4688 39.5842 108.909 75.0667 74.6677 47.2601 81.5379 35.9672 106.251 56.8622 59.7936 15.6207 92.0238 12.8914 75.0025 71.678 119.458 
622.519 622.519 622.519 622.519 622.519 622.519 622.519 622.519 622.519 622.519 622.519 622.519 622.519 622.519 622.519 622.519 622.519 622.519 622.519 622.519 622.519 622.519 622.519 622.519 622.519 622.519 622.519 622.519 622.519 622.519 622.519 622.519 622.519 622.519 622.519 622.519 
1 1 1 1 1 1 1 1 1 1 1 1 1 1 1 1 1 1 1 1 1 1 1 1 1 1 1 1 1 1 1 1 1 1 1 1 
item 13
79.9801 126.387 55.6263 132.879 24.7198 113.797 124.173 95.5273 91.5338 100.29 52.9291 120.215 39.1124 105.973 52.4077 89.4217 72.6559 93.7801 28.0599 122.884 16.5148 74.5717 26.4784 98.3749 21.962 89.585 56.3308 83.0249 13.7344 65.913 42.8451 126.903 88.1937 87.9058 82.113 115.013 
745.671 745.671 745.671 745.671 745.671 745.671 745.671 745.671 745.671 745.671 745.671 745.671 745.671 745.671 745.671 745.671 745.671 745.671 745.671 745.671 745.671 745.671 745.671 745.671 745.671 745.671 745.671 745.671 745.671 745.671 745.671 745.671 745.671 745.671 745.671 745.671 
1 1 1 1 1 1 1 1 1 1 1 1 1 1 1 1 1 1 1 1 1 1 1 1 1 1 1 1 1 1 1 1 1 1 1 1 
item 14
49.8834 92.1066 32.5778 135.073 59.7636 87.6251 87.1392 92.0581 92.7234 113.058 62.4762 95.8757 16.7974 88.1949 24.2462 92.0776 75.449 86.9738 41.606 125.893 55.6953 74.053 75.1359 84.4514 48.4204 98.2476 53.8526 124.098 22.8499 122.906 46.0288 86.5347 29.1907 107.655 52.9884 110.257 
718.009 718.009 718.009 718.009 718.009 718.009 718.009 718.009 718.009 718.009 718.009 718.009 718.009 718.009 718.009 718.009 718.009 718.009 718.009 718.009 718.009 718.009 718.009 718.009 718.009 718.009 718.009 718.009 718.009 718.009 718.009 718.009 718.009 718.009 718.009 718.009 
1 1 1 1 1 1 1 1 1 1 1 1 1 1 1 1 1 1 1 1 1 1 1 1 1 1 1 1 1 1 1 1 1 1 1 1 
item 15
45.6881 125.005 23.7276 72.5224 51.2024 95.6082 46.5918 77.9784 51.8216 119.238 51.5029 73.0517 33.0609 125.211 63.1646 87.6692 59.5265 100.902 62.472 112.375 30.6739 95.5838 25.095 88.6052 53.1299 73.3945 68.8047 112.752 59.7828 85.9618 45.5853 75.3527 19.3625 84.2246 18.6634 75.8134 
476.279 476.279 476.279 476.279 476.279 476.279 476.279 476.279 476.279 476.279 476.279 476.279 476.279 476.279 476.279 476.279 476.279 476.279 476.279 476.279 476.279 476.279 476.279 476.279 476.279 476.279 476.279 476.279 476.279 476.279 476.279 476.279 476.279 476.279 476.279 476.279 
1 1 1 1 1 1 1 1 1 1 1 1 1 1 1 1 1 1 1 1 1 1 1 1 1 1 1 1 1 1 1 1 1 1 1 1 
item 16
50.1405 112.228 0 112.641 24.873 89.0011 76.842 134.529 62.0917 104.075 68.1872 99.1754 38.4231 108.447 95.0299 117.732 43.9412 84.0477 63.3682 100.623 63.0801 114.312 74.6023 102.719 21.292 148.679 22.2885 121.709 56.8086 108.351 48.3151 89.5871 63.196 118.952 63.7583 115.434 
1099.29 1099.29 1099.29 1099.29 1099.29 1099.29 1099.29 1099.29 1099.29 1099.29 1099.29 1099.29 1099.29 1099.29 1099.29 1099.29 1099.29 1099.29 1099.29 1099.29 1099.29 1099.29 1099.29 1099.29 1099.29 1099.29 1099.29 1099.29 1099.29 1099.29 1099.29 1099.29 1099.29 1099.29 1099.29 1099.29 
1 1 1 1 1 1 1 1 1 1 1 1 1 1 1 1 1 1 1 1 1 1 1 1 1 1 1 1 1 1 1 1 1 1 1 1 
item 17
34.5567 131.44 46.962 103.584 67.9219 118.54 59.261 113.093 9.86801 111.864 38.4726 111.454 82.9686 104.763 19.1332 100.3 62.885 71.8638 24.8988 99.3561 23.2192 89.0859 59.2786 108.455 38.608 97.8854 55.1598 100.57 32.558 80.4045 36.7957 136.544 60.6743 107.725 68.4915 81.9816 
1269.04 1269.04 1269.04 1269.04 1269.04 1269.04 1269.04 1269.04 1269.04 1269.04 1269.04 1269.04 1269.04 1269.04 1269.04 1269.04 1269.04 1269.04 1269.04 1269.04 1269.04 1269.04 1269.04 1269.04 1269.04 1269.04 1269.04 1269.04 1269.04 1269.04 1269.04 1269.04 1269.04 1269.04 1269.04 1269.04 
1 1 1 1 1 1 1 1 1 1 1 1 1 1 1 1 1 1 1 1 1 1 1 1 1 1 1 1 1 1 1 1 1 1 1 1 
item 18
40.9896 112.63 47.0521 120.523 14.857 100.954 13.1442 80.6014 14.7691 112.718 30.5825 105.387 7.26289 107.384 67.1981 106.333 53.2117 46.8684 43.8298 70.5874 38.7295 72.1188 44.222 65.2586 68.4025 94.9992 31.4309 125.944 26.305 92.2117 58.7802 115.454 54.5392 96.8784 41.2693 118.798 
764.417 764.417 764.417 764.417 764.417 764.417 764.417 764.417 764.417 764.417 764.417 764.417 764.417 764.417 764.417 764.417 764.417 764.417 764.417 764.417 764.417 764.417 764.417 764.417 764.417 764.417 764.417 764.417 764.417 764.417 764.417 764.417 764.417 764.417 764.417 764.417 
1 1 1 1 1 1 1 1 1 1 1 1 1 1 1 1 1 1 1 1 1 1 1 1 1 1 1 1 1 1 1 1 1 1 1 1 
item 19
82.1903 99.3554 10.7252 139.534 49.543 64.5387 53.464 135.628 47.8594 140.765 90.5638 122.563 43.1747 120.219 47.4039 100.736 11.0052 99.9391 82.7735 75.735 65.27 79.4728 36.5251 98.6551 78.4614 102.461 48.2446 85.8279 60.2649 81.5934 62.6268 82.8965 0 85.1508 60.2288 122.547 
185.87 185.87 185.87 185.87 185.87 185.87 185.87 185.87 185.87 185.87 185.87 185.87 185.87 185.87 185.87 185.87 185.87 185.87 185.87 185.87 185.87 185.87 185.87 185.87 185.87 185.87 185.87 185.87 185.87 185.87 185.87 185.87 185.87 185.87 185.87 185.87 
1 1 1 1 1 1 1 1 1 1 1 1 1 1 1 1 1 1 1 1 1 1 1 1 1 1 1 1 1 1 1 1 1 1 1 1 
item 20
71.546 124.502 48.7837 98.8416 55.6068 93.4821 40.678 129.489 59.5911 85.3519 29.6646 116.324 63.2572 144.731 60.2913 132.4 5.73273 53.0523 52.764 107.984 41.7699 119.871 6.77033 88.5752 67.5467 90.2889 55.775 100.316 39.3783 75.5018 27.8084 99.3417 4.9282 106.829 50.4955 93.9314 
292.049 292.049 292.049 292.049 292.049 292.049 292.049 292.049 292.049 292.049 292.049 292.049 292.049 292.049 292.049 292.049 292.049 292.049 292.049 292.049 292.049 292.049 292.049 292.049 292.049 292.049 292.049 292.049 292.049 292.049 292.049 292.049 292.049 292.049 292.049 292.049 
1 1 1 1 1 1 1 1 1 1 1 1 1 1 1 1 1 1 1 1 1 1 1 1 1 1 1 1 1 1 1 1 1 1 1 1 
item 21
6.76849 121.057 35.9879 114.625 49.4417 110.209 88.2727 84.5467 34.7655 81.0183 49.3027 130.836 60.1377 69.304 53.9941 88.4735 70.9287 138.178 56.3962 115.645 62.0442 83.5023 66.5874 93.9503 29.4932 92.5875 31.4833 79.5713 45.0576 79.7896 27.2902 114.861 54.0034 114.996 54.434 85.5779 
1203.34 1203.34 1203.34 1203.34 1203.34 1203.34 1203.34 1203.34 1203.34 1203.34 1203.34 1203.34 1203.34 1203.34 1203.34 1203.34 1203.34 1203.34 1203.34 1203.34 1203.34 1203.34 1203.34 1203.34 1203.34 1203.34 1203.34 1203.34 1203.34 1203.34 1203.34 1203.34 1203.34 1203.34 1203.34 1203.34 
1 1 1 1 1 1 1 1 1 1 1 1 1 1 1 1 1 1 1 1 1 1 1 1 1 1 1 1 1 1 1 1 1 1 1 1 
item 22
24.1858 87.1086 26.7787 116.792 64.982 131.741 48.6696 113.789 45.3384 113.919 36.5497 129.821 56.2682 87.5176 66.7038 122.367 31.3215 125.794 97.2124 104.477 42.8383 98.8608 41.7075 104.639 25.3087 134.484 39.1209 121.826 37.0635 114.814 59.1566 99.7222 47.9266 90.0117 45.2601 106.655 
1195.22 1195.22 1195.22 1195.22 1195.22 1195.22 1195.22 1195.22 1195.22 1195.22 1195.22 1195.22 1195.22 1195.22 1195.22 1195.22 1195.22 1195.22 1195.22 1195.22 1195.22 1195.22 1195.22 1195.22 1195.22 1195.22 1195.22 1195.22 1195.22 1195.22 1195.22 1195.22 1195.22 1195.22 1195.22 1195.22 
1 1 1 1 1 1 1 1 1 1 1 1 1 1 1 1 1 1 1 1 1 1 1 1 1 1 1 1 1 1 1 1 1 1 1 1 
item 23
10.0959 107.155 30.3949 81.5094 86.1832 86.0986 30.3899 90.9009 68.6497 109.693 66.0865 105.722 37.2799 103.1 17.4269 115.319 54.3907 108.487 40.0214 104.642 38.72 124.879 29.1811 82.0864 66.7009 97.6081 39.1664 124.862 46.1537 105.486 46.2542 131.083 64.1821 101.307 55.8322 72.9948 
540.805 540.805 540.805 540.805 540.805 540.805 540.805 540.805 540.805 540.805 540.805 540.805 540.805 540.805 540.805 540.805 540.805 540.805 540.805 540.805 540.805 540.805 540.805 540.805 540.805 540.805 540.805 540.805 540.805 540.805 540.805 540.805 540.805 540.805 540.805 540.805 
1 1 1 1 1 1 1 1 1 1 1 1 1 1 1 1 1 1 1 1 1 1 1 1 1 1 1 1 1 1 1 1 1 1 1 1 
item 24
4.4013 107.682 65.4102 80.7752 31.3261 85.863 75.604 130.686 59.8478 121.756 35.102 94.115 78.6502 99.9919 17.5415 93.9117 74.5432 111.362 26.4908 93.0587 56.1967 118.041 42.087 73.1376 53.649 98.155 56.8605 78.4384 71.3254 126.612 59.9356 111.831 43.2864 105.519 16.4158 132.755 
152.365 152.365 152.365 152.365 152.365 152.365 152.365 152.365 152.365 152.365 152.365 152.365 152.365 152.365 152.365 152.365 152.365 152.365 152.365 152.365 152.365 152.365 152.365 152.365 152.365 152.365 152.365 152.365 152.365 152.365 152.365 152.365 152.365 152.365 152.365 152.365 
1 1 1 1 1 1 1 1 1 1 1 1 1 1 1 1 1 1 1 1 1 1 1 1 1 1 1 1 1 1 1 1 1 1 1 1 
item 25
21.5786 103.038 35.1225 94.8313 57.6736 88.529 74.3556 119.354 33.5163 131.658 35.755 94.6968 38.6246 103.806 68.671 74.8767 19.691 95.9099 53.9541 77.731 41.7345 88.7953 66.371 123.496 65.1334 73.7128 55.4676 83.8033 37.4624 96.4998 33.58 73.4236 46.8364 127.451 36.9813 109.772 
156.216 156.216 156.216 156.216 156.216 156.216 156.216 156.216 156.216 156.216 156.216 156.216 156.216 156.216 156.216 156.216 156.216 156.216 156.216 156.216 156.216 156.216 156.216 156.216 156.216 156.216 156.216 156.216 156.216 156.216 156.216 156.216 156.216 156.216 156.216 156.216 
1 1 1 1 1 1 1 1 1 1 1 1 1 1 1 1 1 1 1 1 1 1 1 1 1 1 1 1 1 1 1 1 1 1 1 1 
item 26
44.2133 84.2133 85.5855 56.4869 56.5903 107.851 41.4525 137.37 47.5373 58.4057 49.5705 111.656 69.8817 95.0724 85.3988 127.72 33.6664 132.094 1.23767 136.529 67.8873 162.245 34.8026 99.1766 82.2265 86.0461 40.8116 139.256 49.9627 110.925 32.2876 84.3397 94.2814 73.9459 46.6754 91.1771 
472.045 472.045 472.045 472.045 472.045 472.045 472.045 472.045 472.045 472.045 472.045 472.045 472.045 472.045 472.045 472.045 472.045 472.045 472.045 472.045 472.045 472.045 472.045 472.045 472.045 472.045 472.045 472.045 472.045 472.045 472.045 472.045 472.045 472.045 472.045 472.045 
1 1 1 1 1 1 1 1 1 1 1 1 1 1 1 1 1 1 1 1 1 1 1 1 1 1 1 1 1 1 1 1 1 1 1 1 
item 27
41.5246 101.24 45.0275 97.9799 0 69.457 81.7565 73.7856 66.9332 90.4364 25.2071 91.3573 86.7426 130.388 55.3158 72.7584 65.4805 128.699 64.0654 75.815 53.2747 86.5964 67.5974 86.302 37.3291 105.458 43.7428 130.067 36.3839 100.902 41.047 106.62 40.2227 108.122 57.9141 97.7518 
1182.2 1182.2 1182.2 1182.2 1182.2 1182.2 1182.2 1182.2 1182.2 1182.2 1182.2 1182.2 1182.2 1182.2 1182.2 1182.2 1182.2 1182.2 1182.2 1182.2 1182.2 1182.2 1182.2 1182.2 1182.2 1182.2 1182.2 1182.2 1182.2 1182.2 1182.2 1182.2 1182.2 1182.2 1182.2 1182.2 
1 1 1 1 1 1 1 1 1 1 1 1 1 1 1 1 1 1 1 1 1 1 1 1 1 1 1 1 1 1 1 1 1 1 1 1 
item 28
31.4204 81.5592 49.5035 99.5147 63.0446 66.7125 29.5988 146.886 33.1903 118.776 40.7297 89.7396 61.2227 116.121 73.5579 130.583 68.3703 85.8711 69.4349 115.714 47.8083 98.17 39.4053 118.209 29.0674 79.5282 58.794 123.042 44.6461 99.6944 22.2872 79.525 69.2644 143.316 58.5448 97.0766 
513.127 513.127 513.127 513.127 513.127 513.127 513.127 513.127 513.127 513.127 513.127 513.127 513.127 513.127 513.127 513.127 513.127 513.127 513.127 513.127 513.127 513.127 513.127 513.127 513.127 513.127 513.127 513.127 513.127 513.127 513.127 513.127 513.127 513.127 513.127 513.127 
1 1 1 1 1 1 1 1 1 1 1 1 1 1 1 1 1 1 1 1 1 1 1 1 1 1 1 1 1 1 1 1 1 1 1 1 
item 29
58.1481 114.759 29.3382 103.91 47.861 112.147 50.3786 95.3454 62.3989 117.837 45.4265 102.905 33.794 106.318 43.2247 76.4716 51.0433 111.852 86.4254 142.531 53.453 150.141 30.4485 138.871 43.325 69.7016 46.8104 111.525 40.5507 96.5419 8.30027 142.106 54.1721 105.449 48.4818 95.1893 
493.68 493.68 493.68 493.68 493.68 493.68 493.68 493.68 493.68 493.68 493.68 493.68 493.68 493.68 493.68 493.68 493.68 493.68 493.68 493.68 493.68 493.68 493.68 493.68 493.68 493.68 493.68 493.68 493.68 493.68 493.68 493.68 493.68 493.68 493.68 493.68 
1 1 1 1 1 1 1 1 1 1 1 1 1 1 1 1 1 1 1 1 1 1 1 1 1 1 1 1 1 1 1 1 1 1 1 1 
item 30
36.5132 95.9724 66.8414 99.3729 44.2586 91.422 54.6969 93.4322 60.2924 79.1156 26.2856 109.62 47.1088 102.172 57.0533 103.148 44.001 107.85 49.6959 78.5169 72.593 86.455 37.8801 66.1108 75.8291 116.308 39.2399 98.0074 32.3163 101.145 53.6816 116.79 56.6982 104.25 32.4208 114.136 
210.04 210.04 210.04 210.04 210.04 210.04 210.04 210.04 210.04 210.04 210.04 210.04 210.04 210.04 210.04 210.04 210.04 210.04 210.04 210.04 210.04 210.04 210.04 210.04 210.04 210.04 210.04 210.04 210.04 210.04 210.04 210.04 210.04 210.04 210.04 210.04 
1 1 1 1 1 1 1 1 1 1 1 1 1 1 1 1 1 1 1 1 1 1 1 1 1 1 1 1 1 1 1 1 1 1 1 1 
item 31
17.4382 86.6263 42.4034 102.67 30.1553 104.907 38.9022 121.581 48.1069 81.4795 30.7434 134.958 46.048 114.483 62.261 91.1007 35.6326 88.7209 42.6191 101.536 21.2518 121.101 87.1456 87.7528 50.6353 111.123 50.783 111.774 20.5522 85.7281 48.9728 117.805 23.1049 95.5881 31.2502 113.469 
265.422 265.422 265.422 265.422 265.422 265.422 265.422 265.422 265.422 265.422 265.422 265.422 265.422 265.422 265.422 265.422 265.422 265.422 265.422 265.422 265.422 265.422 265.422 265.422 265.422 265.422 265.422 265.422 265.422 265.422 265.422 265.422 265.422 265.422 265.422 265.422 
1 1 1 1 1 1 1 1 1 1 1 1 1 1 1 1 1 1 1 1 1 1 1 1 1 1 1 1 1 1 1 1 1 1 1 1 
item 32
83.0501 137.405 65.1856 129.836 49.4245 82.059 53.3517 78.0423 15.0766 102.98 76.0599 103.182 49.3537 86.5445 60.9915 120.365 38.3835 110.787 60.5915 121.351 64.7628 46.2062 41.7338 92.744 38.8442 70.1152 22.2446 86.4489 24.2457 85.881 56.5385 109.803 60.1327 105.183 55.489 125.427 
166.691 166.691 166.691 166.691 166.691 166.691 166.691 166.691 166.691 166.691 166.691 166.691 166.691 166.691 166.691 166.691 166.691 166.691 166.691 166.691 166.691 166.691 166.691 166.691 166.691 166.691 166.691 166.691 166.691 166.691 166.691 166.691 166.691 166.691 166.691 166.691 
1 1 1 1 1 1 1 1 1 1 1 1 1 1 1 1 1 1 1 1 1 1 1 1 1 1 1 1 1 1 1 1 1 1 1 1 
item 33
14.6361 105.671 60.6237 57.0724 71.1969 112.667 47.9488 87.0693 61.1469 109.098 66.495 97.9652 67.9468 105.59 47.7263 85.9714 87.7848 105.742 67.0302 97.6613 35.8094 95.797 85.2201 135.806 32.4463 99.0217 18.6965 132.286 37.3333 83.8788 76.9929 106.941 29.2523 61.2973 48.9166 87.7846 
281.934 281.934 281.934 281.934 281.934 281.934 281.934 281.934 281.934 281.934 281.934 281.934 281.934 281.934 281.934 281.934 281.934 281.934 281.934 281.934 281.934 281.934 281.934 281.934 281.934 281.934 281.934 281.934 281.934 281.934 281.934 281.934 281.934 281.934 281.934 281.934 
1 1 1 1 1 1 1 1 1 1 1 1 1 1 1 1 1 1 1 1 1 1 1 1 1 1 1 1 1 1 1 1 1 1 1 1 
item 34
76.3508 93.9848 44.2525 95.1647 61.0218 109.266 57.5292 55.8375 94.5768 113.02 59.1587 89.9511 41.5656 80.8061 56.3578 73.1286 49.5729 98.8748 45.0909 67.0164 53.3696 117.421 98.0035 117.949 27.2403 109.671 39.4907 112.75 31.8138 79.9318 38.6234 125.392 53.5031 65.6652 65.4529 76.5625 
440.176 440.176 440.176 440.176 440.176 440.176 440.176 440.176 440.176 440.176 440.176 440.176 440.176 440.176 440.176 440.176 440.176 440.176 440.176 440.176 440.176 440.176 440.176 440.176 440.176 440.176 440.176 440.176 440.176 440.176 440.176 440.176 440.176 440.176 440.176 440.176 
1 1 1 1 1 1 1 1 1 1 1 1 1 1 1 1 1 1 1 1 1 1 1 1 1 1 1 1 1 1 1 1 1 1 1 1 
item 35
10.2915 106.851 67.0874 76.6431 75.302 88.2982 27.1265 93.0133 24.0144 127.248 72.3013 92.7609 58.3966 99.4348 63.203 81.845 82.8458 112.095 22.1527 98.7316 14.2517 77.1832 16.1624 108.876 80.3528 92.6085 72.5756 106.158 57.1624 118.843 14.8381 81.9094 23.1711 106.302 48.4856 86.3783 
199.428 199.428 199.428 199.428 199.428 199.428 199.428 199.428 199.428 199.428 199.428 199.428 199.428 199.428 199.428 199.428 199.428 199.428 199.428 199.428 199.428 199.428 199.428 199.428 199.428 199.428 199.428 199.428 199.428 199.428 199.428 199.428 199.428 199.428 199.428 199.428 
1 1 1 1 1 1 1 1 1 1 1 1 1 1 1 1 1 1 1 1 1 1 1 1 1 1 1 1 1 1 1 1 1 1 1 1 
item 36
20.6119 102.893 35.7607 98.4969 30.8618 118.5 43.3742 88.6728 12.4799 92.9687 50.6581 127.528 48.8287 111.415 69.3412 62.6103 76.784 104.99 72.3467 67.3063 35.3809 107.708 53.9469 59.0214 67.324 55.8066 28.9986 92.9937 23.2875 96.3285 84.4423 95.4829 81.4719 83.6366 35.2384 88.2256 
736.746 736.746 736.746 736.746 736.746 736.746 736.746 736.746 736.746 736.746 736.746 736.746 736.746 736.746 736.746 736.746 736.746 736.746 736.746 736.746 736.746 736.746 736.746 736.746 736.746 736.746 736.746 736.746 736.746 736.746 736.746 736.746 736.746 736.746 736.746 736.746 
1 1 1 1 1 1 1 1 1 1 1 1 1 1 1 1 1 1 1 1 1 1 1 1 1 1 1 1 1 1 1 1 1 1 1 1 
item 37
97.3495 89.8664 29.864 114.124 51.4758 127.752 40.4673 92.821 44.1753 92.2526 75.7538 116.601 70.6572 107.582 26.9859 90.135 48.7887 73.4345 61.2993 102.923 45.2691 129.418 79.78 111.49 62.0253 106.512 40.5254 79.7109 96.6954 77.1876 57.9199 106.003 76.4378 96.5001 61.8239 105.715 
742.586 742.586 742.586 742.586 742.586 742.586 742.586 742.586 742.586 742.586 742.586 742.586 742.586 742.586 742.586 742.586 742.586 742.586 742.586 742.586 742.586 742.586 742.586 742.586 742.586 742.586 742.586 742.586 742.586 742.586 742.586 742.586 742.586 742.586 742.586 742.586 
1 1 1 1 1 1 1 1 1 1 1 1 1 1 1 1 1 1 1 1 1 1 1 1 1 1 1 1 1 1 1 1 1 1 1 1 
item 38
78.124 90.8829 37.6606 134.789 39.3163 93.7642 75.0234 120.352 61.9592 120.157 44.6049 115.71 79.8208 94.195 37.5235 118.551 41.2366 109.636 45.5151 151.861 44.7381 104.709 32.9868 128.624 25.6537 67.9196 65.4287 99.449 67.5865 89.3155 35.1596 97.6019 26.4717 99.5932 24.3563 84.3433 
647.775 647.775 647.775 647.775 647.775 647.775 647.775 647.775 647.775 647.775 647.775 647.775 647.775 647.775 647.775 647.775 647.775 647.775 647.775 647.775 647.775 647.775 647.775 647.775 647.775 647.775 647.775 647.775 647.775 647.775 647.775 647.775 647.775 647.775 647.775 647.775 
1 1 1 1 1 1 1 1 1 1 1 1 1 1 1 1 1 1 1 1 1 1 1 1 1 1 1 1 1 1 1 1 1 1 1 1 
item 39
60.6703 128.05 35.9753 69.5318 72.273 110.222 19.5959 87.7399 79.9615 93.2284 41.5754 108.063 46.9124 96.6362 39.2961 121.263 8.55515 108.782 68.3587 109.166 64.1521 124.436 69.8422 69.9376 30.3239 94.8984 38.825 87.9561 64.1969 105.602 18.8399 86.3615 76.008 92.6238 54.8781 115.604 
379.654 379.654 379.654 379.654 379.654 379.654 379.654 379.654 379.654 379.654 379.654 379.654 379.654 379.654 379.654 379.654 379.654 379.654 379.654 379.654 379.654 379.654 379.654 379.654 379.654 379.654 379.654 379.654 379.654 379.654 379.654 379.654 379.654 379.654 379.654 379.654 
1 1 1 1 1 1 1 1 1 1 1 1 1 1 1 1 1 1 1 1 1 1 1 1 1 1 1 1 1 1 1 1 1 1 1 1 
