24 10 
1856.92 1856.92 1856.92 1856.92 1856.92 1856.92 1856.92 1856.92 1856.92 1856.92 1856.92 1856.92 1856.92 1856.92 1856.92 1856.92 1856.92 1856.92 1856.92 1856.92 1856.92 1856.92 1856.92 1856.92 
item 0
48.7669 79.6084 0 63.422 80.6165 0 0 110.64 64.8337 86.3098 57.758 104.343 0 0 51.1789 0 0 0 80.5085 88.9677 65.7207 91.55 32.6596 118.721 
573.063 573.063 573.063 573.063 573.063 573.063 573.063 573.063 573.063 573.063 573.063 573.063 573.063 573.063 573.063 573.063 573.063 573.063 573.063 573.063 573.063 573.063 573.063 573.063 
1 1 1 1 1 1 1 1 1 1 1 1 1 1 1 1 1 1 1 1 1 1 1 1 
item 1
27.8897 0 0 95.0621 0 108.421 49.4192 0 31.7231 91.0308 47.009 107.111 0 0 0 0 0 0 56.3566 116.545 57.0565 0 0 0 
117.692 117.692 117.692 117.692 117.692 117.692 117.692 117.692 117.692 117.692 117.692 117.692 117.692 117.692 117.692 117.692 117.692 117.692 117.692 117.692 117.692 117.692 117.692 117.692 
1 1 1 1 1 1 1 1 1 1 1 1 1 1 1 1 1 1 1 1 1 1 1 1 
item 2
85.6739 0 28.1907 0 66.3573 110.742 0 88.3827 70.0102 98.0908 0 0 50.0195 123.338 23.2932 0 70.9079 0 0 53.514 33.3949 0 0 0 
422.187 422.187 422.187 422.187 422.187 422.187 422.187 422.187 422.187 422.187 422.187 422.187 422.187 422.187 422.187 422.187 422.187 422.187 422.187 422.187 422.187 422.187 422.187 422.187 
1 1 1 1 1 1 1 1 1 1 1 1 1 1 1 1 1 1 1 1 1 1 1 1 
item 3
46.4942 113.675 0 0 0 0 0 138.909 0 85.1823 0 0 34.5873 0 0 118.585 51.2234 0 56.2082 111.602 55.1584 95.5069 0 0 
652.181 652.181 652.181 652.181 652.181 652.181 652.181 652.181 652.181 652.181 652.181 652.181 652.181 652.181 652.181 652.181 652.181 652.181 652.181 652.181 652.181 652.181 652.181 652.181 
1 1 1 1 1 1 1 1 1 1 1 1 1 1 1 1 1 1 1 1 1 1 1 1 
item 4
48.8757 133.826 0 113.654 36.523 0 49.7737 110.82 0 0 0 0 58.9007 0 54.859 95.3715 0 108.114 12.1188 114.243 54.3974 101.328 63.7876 0 
527.536 527.536 527.536 527.536 527.536 527.536 527.536 527.536 527.536 527.536 527.536 527.536 527.536 527.536 527.536 527.536 527.536 527.536 527.536 527.536 527.536 527.536 527.536 527.536 
1 1 1 1 1 1 1 1 1 1 1 1 1 1 1 1 1 1 1 1 1 1 1 1 
item 5
51.6814 130.866 0 0 0 0 54.0361 81.7153 45.7327 0 52.1375 0 0 113.529 0 0 0 0 62.5262 92.3461 0 0 0 84.5663 
537.698 537.698 537.698 537.698 537.698 537.698 537.698 537.698 537.698 537.698 537.698 537.698 537.698 537.698 537.698 537.698 537.698 537.698 537.698 537.698 537.698 537.698 537.698 537.698 
1 1 1 1 1 1 1 1 1 1 1 1 1 1 1 1 1 1 1 1 1 1 1 1 
item 6
79.88 0 0 0 67.4077 75.311 19.8626 0 57.587 0 0 0 26.2647 0 0 93.9693 0 78.4596 0 0 52.6533 0 0 0 
380.262 380.262 380.262 380.262 380.262 380.262 380.262 380.262 380.262 380.262 380.262 380.262 380.262 380.262 380.262 380.262 380.262 380.262 380.262 380.262 380.262 380.262 380.262 380.262 
1 1 1 1 1 1 1 1 1 1 1 1 1 1 1 1 1 1 1 1 1 1 1 1 
item 7
21.848 158.682 29.1076 106.861 58.7453 71.8324 0 90.0973 68.0182 103.627 0 121.967 0 0 29.7504 0 54.2068 97.6747 59.0984 96.7535 0 0 0 0 
265.358 265.358 265.358 265.358 265.358 265.358 265.358 265.358 265.358 265.358 265.358 265.358 265.358 265.358 265.358 265.358 265.358 265.358 265.358 265.358 265.358 265.358 265.358 265.358 
1 1 1 1 1 1 1 1 1 1 1 1 1 1 1 1 1 1 1 1 1 1 1 1 
item 8
36.4051 134.205 0 0 61.2878 0 0 102.294 0 0 0 0 41.6335 0 0 84.447 0 99.3957 0 99.2561 36.1715 118.25 0 82.2613 
219.644 219.644 219.644 219.644 219.644 219.644 219.644 219.644 219.644 219.644 219.644 219.644 219.644 219.644 219.644 219.644 219.644 219.644 219.644 219.644 219.644 219.644 219.644 219.644 
1 1 1 1 1 1 1 1 1 1 1 1 1 1 1 1 1 1 1 1 1 1 1 1 
item 9
26.9438 61.9746 14.5523 0 21.2846 115.901 0 79.6681 96.6358 120.529 0 101.371 0 100.352 75.7186 86.3911 0 100.997 33.8518 104.538 0 119.59 69.3248 120.155 
266.381 266.381 266.381 266.381 266.381 266.381 266.381 266.381 266.381 266.381 266.381 266.381 266.381 266.381 266.381 266.381 266.381 266.381 266.381 266.381 266.381 266.381 266.381 266.381 
1 1 1 1 1 1 1 1 1 1 1 1 1 1 1 1 1 1 1 1 1 1 1 1 
