48 10 
1954.25 1954.25 1954.25 1954.25 1954.25 1954.25 1954.25 1954.25 1954.25 1954.25 1954.25 1954.25 1954.25 1954.25 1954.25 1954.25 1954.25 1954.25 1954.25 1954.25 1954.25 1954.25 1954.25 1954.25 1954.25 1954.25 1954.25 1954.25 1954.25 1954.25 1954.25 1954.25 1954.25 1954.25 1954.25 1954.25 1954.25 1954.25 1954.25 1954.25 1954.25 1954.25 1954.25 1954.25 1954.25 1954.25 1954.25 1954.25 
item 0
65.5646 89.144 30.7331 96.2506 39.2273 99.8412 66.891 99.1048 56.1365 145.471 71.09 83.8138 31.8268 96.8265 56.5204 91.8991 35.2983 58.0163 51.5838 65.5742 39.7703 97.6735 40.0133 98.1374 41.9786 65.9423 7.25069 98.7651 51.1383 106.248 58.6826 110.639 68.8297 99.5907 38.4093 92.7426 47.9591 70.621 63.8675 111.332 64.6924 121.014 19.8489 85.143 39.1637 66.2944 59.1907 87.8724 
374.554 374.554 374.554 374.554 374.554 374.554 374.554 374.554 374.554 374.554 374.554 374.554 374.554 374.554 374.554 374.554 374.554 374.554 374.554 374.554 374.554 374.554 374.554 374.554 374.554 374.554 374.554 374.554 374.554 374.554 374.554 374.554 374.554 374.554 374.554 374.554 374.554 374.554 374.554 374.554 374.554 374.554 374.554 374.554 374.554 374.554 374.554 374.554 
1 1 1 1 1 1 1 1 1 1 1 1 1 1 1 1 1 1 1 1 1 1 1 1 1 1 1 1 1 1 1 1 1 1 1 1 1 1 1 1 1 1 1 1 1 1 1 1 
item 1
44.805 129.639 67.2405 89.6379 44.8052 126.015 60.7053 91.4724 81.2781 108.566 17.9533 99.958 29.6261 114.051 15.7505 95.9188 76.7292 106.364 65.5312 128.701 70.747 98.6801 67.6415 100.178 49.2589 124.925 75.8589 139.094 50.9594 117.196 9.65713 122.219 74.5852 128.086 26.7706 124.745 62.4708 103.682 82.8082 77.2624 65.2269 95.6708 35.8541 69.4472 30.5312 98.895 80.9584 118.48 
867.7 867.7 867.7 867.7 867.7 867.7 867.7 867.7 867.7 867.7 867.7 867.7 867.7 867.7 867.7 867.7 867.7 867.7 867.7 867.7 867.7 867.7 867.7 867.7 867.7 867.7 867.7 867.7 867.7 867.7 867.7 867.7 867.7 867.7 867.7 867.7 867.7 867.7 867.7 867.7 867.7 867.7 867.7 867.7 867.7 867.7 867.7 867.7 
1 1 1 1 1 1 1 1 1 1 1 1 1 1 1 1 1 1 1 1 1 1 1 1 1 1 1 1 1 1 1 1 1 1 1 1 1 1 1 1 1 1 1 1 1 1 1 1 
item 2
52.4144 112.533 78.3367 112.939 23.6306 115.098 23.0756 93.682 59.0867 140.785 66.0861 143.459 73.9658 96.3331 63.7192 123.214 62.1837 90.2698 17.7018 93.5905 49.8092 90.8656 39.2514 122.628 48.8119 110.502 56.3314 138.635 68.7382 140.985 63.6801 88.3775 43.9771 131.164 66.7963 104.252 52.769 90.5252 16.1638 98.4239 54.8478 75.2962 59.1272 127.733 51.5909 77.4462 30.9024 71.4496 
1412.62 1412.62 1412.62 1412.62 1412.62 1412.62 1412.62 1412.62 1412.62 1412.62 1412.62 1412.62 1412.62 1412.62 1412.62 1412.62 1412.62 1412.62 1412.62 1412.62 1412.62 1412.62 1412.62 1412.62 1412.62 1412.62 1412.62 1412.62 1412.62 1412.62 1412.62 1412.62 1412.62 1412.62 1412.62 1412.62 1412.62 1412.62 1412.62 1412.62 1412.62 1412.62 1412.62 1412.62 1412.62 1412.62 1412.62 1412.62 
1 1 1 1 1 1 1 1 1 1 1 1 1 1 1 1 1 1 1 1 1 1 1 1 1 1 1 1 1 1 1 1 1 1 1 1 1 1 1 1 1 1 1 1 1 1 1 1 
item 3
42.8292 98.0229 52.7319 134.843 46.9347 112.966 45.2363 71.9853 49.4719 81.6855 66.7371 90.4191 30.6719 111.409 85.8447 94.5682 34.3762 145.801 27.4162 89.3151 66.2442 111.608 65.7969 58.3474 9.60778 91.8375 71.6404 81.4054 7.75557 89.053 24.7646 84.439 48.4442 128.604 63.7681 143.108 59.2773 110.672 32.978 84.7989 70.5674 74.4184 46.0942 84.5082 58.3103 100.62 31.5887 79.4808 
915.269 915.269 915.269 915.269 915.269 915.269 915.269 915.269 915.269 915.269 915.269 915.269 915.269 915.269 915.269 915.269 915.269 915.269 915.269 915.269 915.269 915.269 915.269 915.269 915.269 915.269 915.269 915.269 915.269 915.269 915.269 915.269 915.269 915.269 915.269 915.269 915.269 915.269 915.269 915.269 915.269 915.269 915.269 915.269 915.269 915.269 915.269 915.269 
1 1 1 1 1 1 1 1 1 1 1 1 1 1 1 1 1 1 1 1 1 1 1 1 1 1 1 1 1 1 1 1 1 1 1 1 1 1 1 1 1 1 1 1 1 1 1 1 
item 4
56.6859 66.0849 69.7078 89.8369 47.2583 114.681 47.2081 96.5643 43.433 94.4309 26.5241 142.653 60.0147 109.305 34.1294 94.9517 41.0147 85.6148 44.4657 110.933 46.2621 111.821 50.7917 119.349 52.1711 71.9131 24.0868 115.152 30.922 127.417 39.6887 67.7196 67.7013 122.203 41.7576 97.1411 57.9859 95.8496 71.8008 68.0632 69.6998 78.3237 33.7568 131.473 66.2427 86.9785 19.109 89.0262 
805.226 805.226 805.226 805.226 805.226 805.226 805.226 805.226 805.226 805.226 805.226 805.226 805.226 805.226 805.226 805.226 805.226 805.226 805.226 805.226 805.226 805.226 805.226 805.226 805.226 805.226 805.226 805.226 805.226 805.226 805.226 805.226 805.226 805.226 805.226 805.226 805.226 805.226 805.226 805.226 805.226 805.226 805.226 805.226 805.226 805.226 805.226 805.226 
1 1 1 1 1 1 1 1 1 1 1 1 1 1 1 1 1 1 1 1 1 1 1 1 1 1 1 1 1 1 1 1 1 1 1 1 1 1 1 1 1 1 1 1 1 1 1 1 
item 5
29.6691 99.8456 12.8579 76.9209 18.4071 125.148 65.3247 106.584 51.5636 112.195 49.9966 100.744 47.1217 133.56 27.0836 117.544 44.0915 118.326 72.2319 109.011 45.5337 118.405 42.1696 127.656 70.2226 80.5421 56.3329 140.807 64.9393 114.269 95.5322 80.7944 60.4496 99.8648 87.2887 64.3284 30.1316 107.605 34.2405 115.639 11.6748 100.141 99.8297 92.5938 54.7985 71.398 50.9971 135.38 
357.794 357.794 357.794 357.794 357.794 357.794 357.794 357.794 357.794 357.794 357.794 357.794 357.794 357.794 357.794 357.794 357.794 357.794 357.794 357.794 357.794 357.794 357.794 357.794 357.794 357.794 357.794 357.794 357.794 357.794 357.794 357.794 357.794 357.794 357.794 357.794 357.794 357.794 357.794 357.794 357.794 357.794 357.794 357.794 357.794 357.794 357.794 357.794 
1 1 1 1 1 1 1 1 1 1 1 1 1 1 1 1 1 1 1 1 1 1 1 1 1 1 1 1 1 1 1 1 1 1 1 1 1 1 1 1 1 1 1 1 1 1 1 1 
item 6
35.5497 102.72 53.6153 90.3565 36.6025 126.409 75.3798 85.9201 23.4325 98.05 30.4656 101.761 59.5212 93.4379 56.6257 112.198 22.9155 57.9578 3.16256 90.2786 92.0342 82.8409 46.7339 68.7241 39.9779 108.496 41.273 127.633 49.6067 86.9971 22.637 81.8156 22.5984 97.7435 43.2317 101.148 69.8004 95.2909 73.7385 74.4189 28.39 114.816 15.3091 131.392 36.9757 47.528 9.49085 88.0215 
150.011 150.011 150.011 150.011 150.011 150.011 150.011 150.011 150.011 150.011 150.011 150.011 150.011 150.011 150.011 150.011 150.011 150.011 150.011 150.011 150.011 150.011 150.011 150.011 150.011 150.011 150.011 150.011 150.011 150.011 150.011 150.011 150.011 150.011 150.011 150.011 150.011 150.011 150.011 150.011 150.011 150.011 150.011 150.011 150.011 150.011 150.011 150.011 
1 1 1 1 1 1 1 1 1 1 1 1 1 1 1 1 1 1 1 1 1 1 1 1 1 1 1 1 1 1 1 1 1 1 1 1 1 1 1 1 1 1 1 1 1 1 1 1 
item 7
57.285 113.47 79.4919 91.8651 58.3705 95.0638 55.9003 89.5973 91.7895 144.849 67.2895 53.8088 57.116 120.185 33.2059 98.818 62.6288 138.945 50.2453 125.487 95.0213 71.9334 61.9052 105.977 32.3051 83.9068 15.1314 98.5417 51.2342 86.6377 56.7808 125.981 18.6457 94.4634 23.7284 79.7974 49.2836 73.3985 73.306 100.475 52.7534 74.5721 21.721 101.312 26.3521 104.981 50.9283 138.954 
393.477 393.477 393.477 393.477 393.477 393.477 393.477 393.477 393.477 393.477 393.477 393.477 393.477 393.477 393.477 393.477 393.477 393.477 393.477 393.477 393.477 393.477 393.477 393.477 393.477 393.477 393.477 393.477 393.477 393.477 393.477 393.477 393.477 393.477 393.477 393.477 393.477 393.477 393.477 393.477 393.477 393.477 393.477 393.477 393.477 393.477 393.477 393.477 
1 1 1 1 1 1 1 1 1 1 1 1 1 1 1 1 1 1 1 1 1 1 1 1 1 1 1 1 1 1 1 1 1 1 1 1 1 1 1 1 1 1 1 1 1 1 1 1 
item 8
51.973 95.4753 34.9246 87.922 69.1605 46.5863 42.712 129.3 57.7827 110.601 79.624 96.3653 3.4624 75.324 20.9855 118.922 30.7056 119.218 45.1288 72.6964 62.5339 115.216 41.3286 108.068 62.7677 77.1693 35.6541 106.182 26.8031 95.8307 4.52228 98.114 58.3446 108.865 48.5675 92.4941 71.3386 87.1502 0 81.3274 16.9796 63.9651 22.8411 131.248 86.6668 74.6948 39.5461 75.1107 
585.392 585.392 585.392 585.392 585.392 585.392 585.392 585.392 585.392 585.392 585.392 585.392 585.392 585.392 585.392 585.392 585.392 585.392 585.392 585.392 585.392 585.392 585.392 585.392 585.392 585.392 585.392 585.392 585.392 585.392 585.392 585.392 585.392 585.392 585.392 585.392 585.392 585.392 585.392 585.392 585.392 585.392 585.392 585.392 585.392 585.392 585.392 585.392 
1 1 1 1 1 1 1 1 1 1 1 1 1 1 1 1 1 1 1 1 1 1 1 1 1 1 1 1 1 1 1 1 1 1 1 1 1 1 1 1 1 1 1 1 1 1 1 1 
item 9
48.499 109.658 46.5644 97.1835 43.0762 64.6715 62.4883 85.2574 40.6808 92.5212 75.889 94.2019 44.7786 105.957 0 92.705 17.3973 115.106 56.5771 96.7725 35.5578 84.257 70.7793 83.9364 40.8455 81.7829 57.6979 78.7433 45.2288 51.9526 26.8592 87.8766 37.999 114.073 50.4726 73.2744 37.0443 104.339 31.9832 64.2837 40.1552 106.829 91.4061 139.014 48.7519 122.522 48.5371 76.3597 
185.325 185.325 185.325 185.325 185.325 185.325 185.325 185.325 185.325 185.325 185.325 185.325 185.325 185.325 185.325 185.325 185.325 185.325 185.325 185.325 185.325 185.325 185.325 185.325 185.325 185.325 185.325 185.325 185.325 185.325 185.325 185.325 185.325 185.325 185.325 185.325 185.325 185.325 185.325 185.325 185.325 185.325 185.325 185.325 185.325 185.325 185.325 185.325 
1 1 1 1 1 1 1 1 1 1 1 1 1 1 1 1 1 1 1 1 1 1 1 1 1 1 1 1 1 1 1 1 1 1 1 1 1 1 1 1 1 1 1 1 1 1 1 1 
