12 10 
10123.3 10123.3 10123.3 10123.3 10123.3 10123.3 10123.3 10123.3 10123.3 10123.3 10123.3 10123.3 
item 0
46.1012 105.21 38.9704 76.5068 44.9319 86.8277 56.7031 52.1938 30.9843 152.156 50.2492 96.6759 
157.949 157.949 157.949 157.949 157.949 157.949 157.949 157.949 157.949 157.949 157.949 157.949 
1 1 1 1 1 1 1 1 1 1 1 1 
item 1
51.847 90.5576 34.5826 125.925 37.1322 103.969 24.3296 100.398 38.3231 113.612 56.0818 120.245 
1018.92 1018.92 1018.92 1018.92 1018.92 1018.92 1018.92 1018.92 1018.92 1018.92 1018.92 1018.92 
1 1 1 1 1 1 1 1 1 1 1 1 
item 2
43.2121 92.3196 84.9592 108.955 71.9637 102.136 40.4461 83.5572 54.1629 100.716 43.4643 76.9291 
1140.03 1140.03 1140.03 1140.03 1140.03 1140.03 1140.03 1140.03 1140.03 1140.03 1140.03 1140.03 
1 1 1 1 1 1 1 1 1 1 1 1 
item 3
19.2927 105.731 28.0233 73.1501 56.5356 96.43 54.5864 130.931 30.8037 120.075 69.7908 126.019 
301.444 301.444 301.444 301.444 301.444 301.444 301.444 301.444 301.444 301.444 301.444 301.444 
1 1 1 1 1 1 1 1 1 1 1 1 
item 4
32.7492 125.276 70.8425 92.3346 101.096 78.9709 27.4388 81.8391 8.37956 89.8469 75.9855 139.962 
204.347 204.347 204.347 204.347 204.347 204.347 204.347 204.347 204.347 204.347 204.347 204.347 
1 1 1 1 1 1 1 1 1 1 1 1 
item 5
46.7588 103.255 68.1977 48.4292 44.6921 111.173 68.0637 118.692 58.6884 96.8965 42.4862 105.249 
730.365 730.365 730.365 730.365 730.365 730.365 730.365 730.365 730.365 730.365 730.365 730.365 
1 1 1 1 1 1 1 1 1 1 1 1 
item 6
107.678 118.097 42.2014 115.798 61.6097 78.242 78.6083 87.2612 23.7158 112.516 34.3977 72.6887 
1096.39 1096.39 1096.39 1096.39 1096.39 1096.39 1096.39 1096.39 1096.39 1096.39 1096.39 1096.39 
1 1 1 1 1 1 1 1 1 1 1 1 
item 7
34.5309 111.251 28.6682 90.7483 26.6447 128.118 68.5708 83.6902 35.3118 120.339 38.4723 86.8914 
436.315 436.315 436.315 436.315 436.315 436.315 436.315 436.315 436.315 436.315 436.315 436.315 
1 1 1 1 1 1 1 1 1 1 1 1 
item 8
42.966 125.638 27.6177 81.9041 49.8197 105.765 87.8317 76.8315 38.6561 112.396 37.5311 78.3319 
250.413 250.413 250.413 250.413 250.413 250.413 250.413 250.413 250.413 250.413 250.413 250.413 
1 1 1 1 1 1 1 1 1 1 1 1 
item 9
65.5685 135.482 84.1897 107.51 78.5656 85.3089 61.8205 90.177 48.387 103.601 23.1552 118.947 
534.861 534.861 534.861 534.861 534.861 534.861 534.861 534.861 534.861 534.861 534.861 534.861 
1 1 1 1 1 1 1 1 1 1 1 1 
