24 10 
1798.28 1798.28 1798.28 1798.28 1798.28 1798.28 1798.28 1798.28 1798.28 1798.28 1798.28 1798.28 1798.28 1798.28 1798.28 1798.28 1798.28 1798.28 1798.28 1798.28 1798.28 1798.28 1798.28 1798.28 
item 0
46.1609 113.855 66.1548 0 0 0 0 0 0 97.7729 0 106.101 70.1541 0 69.9688 0 30.0683 118.257 0 0 44.3535 0 27.3202 131.014 
316.567 316.567 316.567 316.567 316.567 316.567 316.567 316.567 316.567 316.567 316.567 316.567 316.567 316.567 316.567 316.567 316.567 316.567 316.567 316.567 316.567 316.567 316.567 316.567 
1 1 1 1 1 1 1 1 1 1 1 1 1 1 1 1 1 1 1 1 1 1 1 1 
item 1
62.5911 0 66.8752 134.527 40.9869 96.2855 0 108.434 0 143.911 65.4026 93.1258 0 0 0 0 23.0567 81.2983 62.471 0 0 0 74.234 82.1237 
374.45 374.45 374.45 374.45 374.45 374.45 374.45 374.45 374.45 374.45 374.45 374.45 374.45 374.45 374.45 374.45 374.45 374.45 374.45 374.45 374.45 374.45 374.45 374.45 
1 1 1 1 1 1 1 1 1 1 1 1 1 1 1 1 1 1 1 1 1 1 1 1 
item 2
60.2559 91.4451 3.47945 103.462 0 0 27.4723 0 0 69.0038 58.802 0 0 0 86.6304 0 53.871 0 26.7608 0 49.5543 0 0 120.349 
487.433 487.433 487.433 487.433 487.433 487.433 487.433 487.433 487.433 487.433 487.433 487.433 487.433 487.433 487.433 487.433 487.433 487.433 487.433 487.433 487.433 487.433 487.433 487.433 
1 1 1 1 1 1 1 1 1 1 1 1 1 1 1 1 1 1 1 1 1 1 1 1 
item 3
37.198 0 62.5061 0 24.0146 83.3645 0 97.708 54.2865 0 0 0 0 0 0 0 0 0 0 0 0 0 0 0 
247.763 247.763 247.763 247.763 247.763 247.763 247.763 247.763 247.763 247.763 247.763 247.763 247.763 247.763 247.763 247.763 247.763 247.763 247.763 247.763 247.763 247.763 247.763 247.763 
1 1 1 1 1 1 1 1 1 1 1 1 1 1 1 1 1 1 1 1 1 1 1 1 
item 4
20.7925 121.054 41.3624 107.982 55.2956 117.401 33.1145 133.777 0 64.1262 0 97.9647 0 106.199 0 0 0 103.795 0 0 53.1306 124.83 18.0658 0 
681.033 681.033 681.033 681.033 681.033 681.033 681.033 681.033 681.033 681.033 681.033 681.033 681.033 681.033 681.033 681.033 681.033 681.033 681.033 681.033 681.033 681.033 681.033 681.033 
1 1 1 1 1 1 1 1 1 1 1 1 1 1 1 1 1 1 1 1 1 1 1 1 
item 5
58.7622 103.124 50.462 0 54.4925 125.436 0 109.384 0 0 0 118.458 0 92.5065 69.108 0 0 143.328 0 93.2795 0 91.6165 75.8224 0 
148.882 148.882 148.882 148.882 148.882 148.882 148.882 148.882 148.882 148.882 148.882 148.882 148.882 148.882 148.882 148.882 148.882 148.882 148.882 148.882 148.882 148.882 148.882 148.882 
1 1 1 1 1 1 1 1 1 1 1 1 1 1 1 1 1 1 1 1 1 1 1 1 
item 6
48.9511 105.296 42.6143 0 0 0 60.5457 85.0328 60.4895 0 44.5633 127.524 30.8452 101.979 0 75.7285 47.423 0 38.5007 0 51.0455 99.7732 41.8243 139.719 
574.501 574.501 574.501 574.501 574.501 574.501 574.501 574.501 574.501 574.501 574.501 574.501 574.501 574.501 574.501 574.501 574.501 574.501 574.501 574.501 574.501 574.501 574.501 574.501 
1 1 1 1 1 1 1 1 1 1 1 1 1 1 1 1 1 1 1 1 1 1 1 1 
item 7
37.4858 121.214 0 0 41.0679 0 60.8763 92.5682 0 0 47.052 0 0 0 0 94.5178 0 113.891 0 99.7767 0 115.729 0 124.419 
540.077 540.077 540.077 540.077 540.077 540.077 540.077 540.077 540.077 540.077 540.077 540.077 540.077 540.077 540.077 540.077 540.077 540.077 540.077 540.077 540.077 540.077 540.077 540.077 
1 1 1 1 1 1 1 1 1 1 1 1 1 1 1 1 1 1 1 1 1 1 1 1 
item 8
51.4467 133.992 0 89.9385 0 0 42.9853 0 33.742 105.411 65.1798 124.267 0 0 63.8021 114.591 0 0 31.0094 127.97 0 131.704 0 0 
144.697 144.697 144.697 144.697 144.697 144.697 144.697 144.697 144.697 144.697 144.697 144.697 144.697 144.697 144.697 144.697 144.697 144.697 144.697 144.697 144.697 144.697 144.697 144.697 
1 1 1 1 1 1 1 1 1 1 1 1 1 1 1 1 1 1 1 1 1 1 1 1 
item 9
62.9225 0 0 0 0 109.065 72.5875 116.037 0 97.1423 0 0 49.5704 140.376 0 113.776 0 108.607 0 0 22.8038 105.24 45.9353 85.2818 
383.01 383.01 383.01 383.01 383.01 383.01 383.01 383.01 383.01 383.01 383.01 383.01 383.01 383.01 383.01 383.01 383.01 383.01 383.01 383.01 383.01 383.01 383.01 383.01 
1 1 1 1 1 1 1 1 1 1 1 1 1 1 1 1 1 1 1 1 1 1 1 1 
