24 20 
2122.22 2122.22 2122.22 2122.22 2122.22 2122.22 2122.22 2122.22 2122.22 2122.22 2122.22 2122.22 2122.22 2122.22 2122.22 2122.22 2122.22 2122.22 2122.22 2122.22 2122.22 2122.22 2122.22 2122.22 
item 0
17.5587 66.4409 0 121.828 33.8581 60.9506 0 0 0 0 0 96.5923 94.0459 0 0 72.7054 40.7693 0 99.9729 61.8252 78.3725 125.325 0 115.553 
284.277 284.277 284.277 284.277 284.277 284.277 284.277 284.277 284.277 284.277 284.277 284.277 284.277 284.277 284.277 284.277 284.277 284.277 284.277 284.277 284.277 284.277 284.277 284.277 
1 1 1 1 1 1 1 1 1 1 1 1 1 1 1 1 1 1 1 1 1 1 1 1 
item 1
23.9136 0 0 0 28.0758 0 22.8567 124.456 0 127.878 57.3282 92.9103 0 0 0 0 0 0 0 0 43.3281 103.98 0 0 
186.441 186.441 186.441 186.441 186.441 186.441 186.441 186.441 186.441 186.441 186.441 186.441 186.441 186.441 186.441 186.441 186.441 186.441 186.441 186.441 186.441 186.441 186.441 186.441 
1 1 1 1 1 1 1 1 1 1 1 1 1 1 1 1 1 1 1 1 1 1 1 1 
item 2
72.5573 94.3969 0 0 42.4035 0 0 85.4703 0 77.6933 18.2822 61.8343 0 0 43.5803 100.58 0 84.4243 57.7196 69.3573 43.9362 106.55 0 0 
133.506 133.506 133.506 133.506 133.506 133.506 133.506 133.506 133.506 133.506 133.506 133.506 133.506 133.506 133.506 133.506 133.506 133.506 133.506 133.506 133.506 133.506 133.506 133.506 
1 1 1 1 1 1 1 1 1 1 1 1 1 1 1 1 1 1 1 1 1 1 1 1 
item 3
41.6966 111.758 55.8871 0 85.3445 133.778 0 99.8477 0 0 0 0 0 80.1502 34.7662 108.27 0 0 80.0972 96.4879 0 72.8637 68.9351 0 
157.682 157.682 157.682 157.682 157.682 157.682 157.682 157.682 157.682 157.682 157.682 157.682 157.682 157.682 157.682 157.682 157.682 157.682 157.682 157.682 157.682 157.682 157.682 157.682 
1 1 1 1 1 1 1 1 1 1 1 1 1 1 1 1 1 1 1 1 1 1 1 1 
item 4
41.8433 0 0 0 0 0 44.5466 136.534 0 0 0 83.0566 0 93.6565 48.9456 0 22.1123 0 0 81.097 72.9662 0 1.55196 0 
171.806 171.806 171.806 171.806 171.806 171.806 171.806 171.806 171.806 171.806 171.806 171.806 171.806 171.806 171.806 171.806 171.806 171.806 171.806 171.806 171.806 171.806 171.806 171.806 
1 1 1 1 1 1 1 1 1 1 1 1 1 1 1 1 1 1 1 1 1 1 1 1 
item 5
2.06384 78.3194 0 0 0 112.8 0 106.263 0 0 94.9239 0 43.2311 93.7132 0 0 0 85.0496 0 98.6023 0 0 32.1876 0 
250.415 250.415 250.415 250.415 250.415 250.415 250.415 250.415 250.415 250.415 250.415 250.415 250.415 250.415 250.415 250.415 250.415 250.415 250.415 250.415 250.415 250.415 250.415 250.415 
1 1 1 1 1 1 1 1 1 1 1 1 1 1 1 1 1 1 1 1 1 1 1 1 
item 6
77.5492 114.716 0 0 54.7517 141.659 0 90.8752 0 0 81.5408 103.406 0 0 0 78.6678 25.9192 99.5648 0 85.8981 0 111.165 82.3816 0 
555.762 555.762 555.762 555.762 555.762 555.762 555.762 555.762 555.762 555.762 555.762 555.762 555.762 555.762 555.762 555.762 555.762 555.762 555.762 555.762 555.762 555.762 555.762 555.762 
1 1 1 1 1 1 1 1 1 1 1 1 1 1 1 1 1 1 1 1 1 1 1 1 
item 7
34.286 148.253 0 94.6156 0 0 78.1583 107.374 0 102.377 0 136.724 80.7679 0 68.1542 0 34.2987 0 0 87.0554 46.9723 106.328 57.8065 94.7002 
373.218 373.218 373.218 373.218 373.218 373.218 373.218 373.218 373.218 373.218 373.218 373.218 373.218 373.218 373.218 373.218 373.218 373.218 373.218 373.218 373.218 373.218 373.218 373.218 
1 1 1 1 1 1 1 1 1 1 1 1 1 1 1 1 1 1 1 1 1 1 1 1 
item 8
40.5582 110.383 0 0 0 0 0 0 30.4644 0 48.0946 0 15.5049 100.117 0 43.672 0 0 0 108.462 87.2147 133.673 0 0 
409.441 409.441 409.441 409.441 409.441 409.441 409.441 409.441 409.441 409.441 409.441 409.441 409.441 409.441 409.441 409.441 409.441 409.441 409.441 409.441 409.441 409.441 409.441 409.441 
1 1 1 1 1 1 1 1 1 1 1 1 1 1 1 1 1 1 1 1 1 1 1 1 
item 9
50.0882 0 0 0 68.0836 0 77.8045 91.8511 0 0 68.5016 115.091 0 0 0 128.152 0 0 53.8644 103.123 0 70.1288 0 0 
544.513 544.513 544.513 544.513 544.513 544.513 544.513 544.513 544.513 544.513 544.513 544.513 544.513 544.513 544.513 544.513 544.513 544.513 544.513 544.513 544.513 544.513 544.513 544.513 
1 1 1 1 1 1 1 1 1 1 1 1 1 1 1 1 1 1 1 1 1 1 1 1 
item 10
69.7135 0 0 0 0 0 60.1116 105.383 35.396 95.2767 0 127.093 0 0 44.336 83.8973 44.4822 100.098 38.0854 0 0 98.0252 53.1565 122.444 
107.787 107.787 107.787 107.787 107.787 107.787 107.787 107.787 107.787 107.787 107.787 107.787 107.787 107.787 107.787 107.787 107.787 107.787 107.787 107.787 107.787 107.787 107.787 107.787 
1 1 1 1 1 1 1 1 1 1 1 1 1 1 1 1 1 1 1 1 1 1 1 1 
item 11
49.9343 0 0 88.7682 30.7724 87.8658 0 0 0 0 0 0 0 0 61.7068 0 10.2838 0 59.6551 0 0 98.1804 41.0319 103.347 
184.177 184.177 184.177 184.177 184.177 184.177 184.177 184.177 184.177 184.177 184.177 184.177 184.177 184.177 184.177 184.177 184.177 184.177 184.177 184.177 184.177 184.177 184.177 184.177 
1 1 1 1 1 1 1 1 1 1 1 1 1 1 1 1 1 1 1 1 1 1 1 1 
item 12
55.4887 135.578 0 95.686 0 139.236 62.1723 100.015 38.0873 0 37.2894 0 0 86.4554 0 0 49.3659 0 74.1434 101.26 0 63.8063 0 98.0714 
349.252 349.252 349.252 349.252 349.252 349.252 349.252 349.252 349.252 349.252 349.252 349.252 349.252 349.252 349.252 349.252 349.252 349.252 349.252 349.252 349.252 349.252 349.252 349.252 
1 1 1 1 1 1 1 1 1 1 1 1 1 1 1 1 1 1 1 1 1 1 1 1 
item 13
55.4077 100.821 16.4948 0 0 0 0 0 0 0 55.9878 0 58.5353 92.4298 0 114.723 44.0811 0 79.3991 67.3829 69.8276 0 24.0041 0 
547.402 547.402 547.402 547.402 547.402 547.402 547.402 547.402 547.402 547.402 547.402 547.402 547.402 547.402 547.402 547.402 547.402 547.402 547.402 547.402 547.402 547.402 547.402 547.402 
1 1 1 1 1 1 1 1 1 1 1 1 1 1 1 1 1 1 1 1 1 1 1 1 
item 14
43.2042 0 0 0 0 0 60.2591 0 52.2554 81.0839 0 0 29.7204 0 63.6197 0 54.8484 109.332 81.1406 0 64.3215 71.3147 0 0 
66.2277 66.2277 66.2277 66.2277 66.2277 66.2277 66.2277 66.2277 66.2277 66.2277 66.2277 66.2277 66.2277 66.2277 66.2277 66.2277 66.2277 66.2277 66.2277 66.2277 66.2277 66.2277 66.2277 66.2277 
1 1 1 1 1 1 1 1 1 1 1 1 1 1 1 1 1 1 1 1 1 1 1 1 
item 15
57.5363 146.276 0 0 0 0 0 69.2885 45.7269 103.482 0 0 49.1009 0 64.867 129.936 57.234 108.533 0 111.036 51.735 131.606 0 0 
642.144 642.144 642.144 642.144 642.144 642.144 642.144 642.144 642.144 642.144 642.144 642.144 642.144 642.144 642.144 642.144 642.144 642.144 642.144 642.144 642.144 642.144 642.144 642.144 
1 1 1 1 1 1 1 1 1 1 1 1 1 1 1 1 1 1 1 1 1 1 1 1 
item 16
21.9874 0 0 0 0 0 0 130.061 68.6802 0 60.4783 0 60.7762 0 65.2927 107.528 34.9709 0 0 71.81 0 63.2537 0 0 
261.604 261.604 261.604 261.604 261.604 261.604 261.604 261.604 261.604 261.604 261.604 261.604 261.604 261.604 261.604 261.604 261.604 261.604 261.604 261.604 261.604 261.604 261.604 261.604 
1 1 1 1 1 1 1 1 1 1 1 1 1 1 1 1 1 1 1 1 1 1 1 1 
item 17
43.1665 73.0325 49.0476 0 36.3081 0 0 0 0 0 58.1802 0 57.4669 0 19.3516 120.854 0 0 17.4733 55.8357 0 0 61.2691 0 
105.967 105.967 105.967 105.967 105.967 105.967 105.967 105.967 105.967 105.967 105.967 105.967 105.967 105.967 105.967 105.967 105.967 105.967 105.967 105.967 105.967 105.967 105.967 105.967 
1 1 1 1 1 1 1 1 1 1 1 1 1 1 1 1 1 1 1 1 1 1 1 1 
item 18
20.1997 88.2015 64.1266 0 0 0 0 0 56.1499 60.3368 0 0 0 0 64.8234 81.8425 67.7537 89.9512 48.4845 0 0 0 74.928 0 
160.802 160.802 160.802 160.802 160.802 160.802 160.802 160.802 160.802 160.802 160.802 160.802 160.802 160.802 160.802 160.802 160.802 160.802 160.802 160.802 160.802 160.802 160.802 160.802 
1 1 1 1 1 1 1 1 1 1 1 1 1 1 1 1 1 1 1 1 1 1 1 1 
item 19
48.2117 72.2504 44.8675 0 43.5589 0 0 81.9313 33.039 119.531 68.6376 80.2886 0 0 0 0 59.0147 0 0 0 0 0 0 0 
287.398 287.398 287.398 287.398 287.398 287.398 287.398 287.398 287.398 287.398 287.398 287.398 287.398 287.398 287.398 287.398 287.398 287.398 287.398 287.398 287.398 287.398 287.398 287.398 
1 1 1 1 1 1 1 1 1 1 1 1 1 1 1 1 1 1 1 1 1 1 1 1 
