24 40 
42465 42465 42465 42465 42465 42465 42465 42465 42465 42465 42465 42465 42465 42465 42465 42465 42465 42465 42465 42465 42465 42465 42465 42465 
item 0
31.1637 104.939 15.5027 89.0171 66.7658 81.9744 93.3717 80.1746 90.8445 110.832 83.4594 73.2721 72.5207 94.5112 48.5684 59.1038 77.2079 95.2369 44.1859 77.5424 50.2836 91.9181 75.559 115.206 
542.514 542.514 542.514 542.514 542.514 542.514 542.514 542.514 542.514 542.514 542.514 542.514 542.514 542.514 542.514 542.514 542.514 542.514 542.514 542.514 542.514 542.514 542.514 542.514 
1 1 1 1 1 1 1 1 1 1 1 1 1 1 1 1 1 1 1 1 1 1 1 1 
item 1
44.0956 120.042 49.2745 136.126 69.7171 115.022 26.1032 113.291 26.683 117.13 64.2406 125.156 39.5429 127.294 47.8034 101.468 58.8158 117.975 41.1144 97.7806 37.7556 115.426 45.8693 102.691 
551.354 551.354 551.354 551.354 551.354 551.354 551.354 551.354 551.354 551.354 551.354 551.354 551.354 551.354 551.354 551.354 551.354 551.354 551.354 551.354 551.354 551.354 551.354 551.354 
1 1 1 1 1 1 1 1 1 1 1 1 1 1 1 1 1 1 1 1 1 1 1 1 
item 2
67.4569 84.7439 0 67.8107 56.3381 94.8841 41.7792 92.605 40.317 96.4701 45.8114 126.066 47.7796 110.408 42.6043 92.9266 49.1764 89.0647 69.8662 99.6513 8.63696 92.5932 66.2241 98.9509 
1146.42 1146.42 1146.42 1146.42 1146.42 1146.42 1146.42 1146.42 1146.42 1146.42 1146.42 1146.42 1146.42 1146.42 1146.42 1146.42 1146.42 1146.42 1146.42 1146.42 1146.42 1146.42 1146.42 1146.42 
1 1 1 1 1 1 1 1 1 1 1 1 1 1 1 1 1 1 1 1 1 1 1 1 
item 3
56.2633 84.4823 31.128 123.898 48.4589 51.0554 48.0471 91.4269 42.4918 115.38 13.8949 75.5989 81.5236 92.1263 66.3152 89.7024 33.7795 66.3655 58.5988 55.1887 0 129.974 43.4965 59.4751 
506.875 506.875 506.875 506.875 506.875 506.875 506.875 506.875 506.875 506.875 506.875 506.875 506.875 506.875 506.875 506.875 506.875 506.875 506.875 506.875 506.875 506.875 506.875 506.875 
1 1 1 1 1 1 1 1 1 1 1 1 1 1 1 1 1 1 1 1 1 1 1 1 
item 4
11.4215 62.6999 39.0769 96.1112 55.3726 117.518 52.3874 123.14 35.0084 86.2777 43.8733 101.607 48.4938 55.105 42.4051 86.7799 74.2818 106.804 48.3829 121.814 46.7931 108.416 61.7923 91.3527 
183.17 183.17 183.17 183.17 183.17 183.17 183.17 183.17 183.17 183.17 183.17 183.17 183.17 183.17 183.17 183.17 183.17 183.17 183.17 183.17 183.17 183.17 183.17 183.17 
1 1 1 1 1 1 1 1 1 1 1 1 1 1 1 1 1 1 1 1 1 1 1 1 
item 5
73.7635 112.272 73.0772 101.322 36.1125 71.8792 35.0992 112.581 58.2643 90.1406 83.0788 111.885 40.0401 120.895 72.6158 88.9209 50.5437 85.5854 49.96 27.8372 41.459 119.464 58.692 109.069 
263.105 263.105 263.105 263.105 263.105 263.105 263.105 263.105 263.105 263.105 263.105 263.105 263.105 263.105 263.105 263.105 263.105 263.105 263.105 263.105 263.105 263.105 263.105 263.105 
1 1 1 1 1 1 1 1 1 1 1 1 1 1 1 1 1 1 1 1 1 1 1 1 
item 6
64.8122 102.864 31.1913 129.652 43.0438 115.681 48.7191 122.29 32.946 84.1984 89.2567 101.906 50.1083 129.68 86.6537 81.1562 46.0663 125.651 51.8886 99.4799 18.1806 109.781 69.4411 90.4232 
441.318 441.318 441.318 441.318 441.318 441.318 441.318 441.318 441.318 441.318 441.318 441.318 441.318 441.318 441.318 441.318 441.318 441.318 441.318 441.318 441.318 441.318 441.318 441.318 
1 1 1 1 1 1 1 1 1 1 1 1 1 1 1 1 1 1 1 1 1 1 1 1 
item 7
63.9662 96.6959 73.8298 113.81 52.2275 118.705 37.9252 89.1715 51.4524 121.138 70.4253 118.525 28.9081 102.057 82.17 85.8918 40.9413 94.7107 71.0648 88.4499 52.3136 130.48 77.817 97.0514 
735.329 735.329 735.329 735.329 735.329 735.329 735.329 735.329 735.329 735.329 735.329 735.329 735.329 735.329 735.329 735.329 735.329 735.329 735.329 735.329 735.329 735.329 735.329 735.329 
1 1 1 1 1 1 1 1 1 1 1 1 1 1 1 1 1 1 1 1 1 1 1 1 
item 8
40.3531 110.92 46.7501 110.895 36.2867 91.7482 3.0599 111.211 27.2471 100.336 64.7663 88.5865 18.0495 100.246 30.641 91.1495 45.479 92.4346 60.9723 115.792 36.258 95.8764 69.6693 84.9616 
824.228 824.228 824.228 824.228 824.228 824.228 824.228 824.228 824.228 824.228 824.228 824.228 824.228 824.228 824.228 824.228 824.228 824.228 824.228 824.228 824.228 824.228 824.228 824.228 
1 1 1 1 1 1 1 1 1 1 1 1 1 1 1 1 1 1 1 1 1 1 1 1 
item 9
20.8439 132.878 31.2352 88.9559 66.2791 70.5547 100.632 102.4 62.3237 110.914 47.7493 106.222 54.8357 91.2303 35.1669 137.147 56.1213 69.3704 22.2691 113.892 33.5258 90.9963 31.1661 141.722 
705.139 705.139 705.139 705.139 705.139 705.139 705.139 705.139 705.139 705.139 705.139 705.139 705.139 705.139 705.139 705.139 705.139 705.139 705.139 705.139 705.139 705.139 705.139 705.139 
1 1 1 1 1 1 1 1 1 1 1 1 1 1 1 1 1 1 1 1 1 1 1 1 
item 10
62.8691 113.634 52.666 74.2817 8.94819 101.395 42.9351 111.761 41.4239 68.9187 49.6965 85.3823 28.7384 115.686 19.5111 114.225 36.134 102.036 31.004 84.9931 29.8074 79.9133 47.6132 94.3863 
329.011 329.011 329.011 329.011 329.011 329.011 329.011 329.011 329.011 329.011 329.011 329.011 329.011 329.011 329.011 329.011 329.011 329.011 329.011 329.011 329.011 329.011 329.011 329.011 
1 1 1 1 1 1 1 1 1 1 1 1 1 1 1 1 1 1 1 1 1 1 1 1 
item 11
35.0536 118.988 44.4274 138.708 51.417 99.4109 42.0865 93.907 37.879 79.6274 49.3061 127.821 69.1557 128.272 73.709 106.997 57.6506 119.864 51.3073 137.384 54.4336 83.8062 7.41882 88.1377 
602.322 602.322 602.322 602.322 602.322 602.322 602.322 602.322 602.322 602.322 602.322 602.322 602.322 602.322 602.322 602.322 602.322 602.322 602.322 602.322 602.322 602.322 602.322 602.322 
1 1 1 1 1 1 1 1 1 1 1 1 1 1 1 1 1 1 1 1 1 1 1 1 
item 12
44.6305 100.912 49.3029 53.2468 78.2788 72.5984 0.942867 95.4139 55.3269 69.5058 80.1688 98.3193 65.2423 138.434 33.2984 100.539 31.885 114.196 41.7945 140.413 41.4343 91.192 14.961 84.2837 
187.409 187.409 187.409 187.409 187.409 187.409 187.409 187.409 187.409 187.409 187.409 187.409 187.409 187.409 187.409 187.409 187.409 187.409 187.409 187.409 187.409 187.409 187.409 187.409 
1 1 1 1 1 1 1 1 1 1 1 1 1 1 1 1 1 1 1 1 1 1 1 1 
item 13
61.7415 86.4051 33.3952 124.604 41.6652 87.7666 58.0059 93.35 57.3514 97.592 50.7121 81.8167 69.2839 72.7059 64.448 114.323 41.8001 84.7576 7.33274 114.785 27.1903 104.029 34.4301 72.495 
1100.21 1100.21 1100.21 1100.21 1100.21 1100.21 1100.21 1100.21 1100.21 1100.21 1100.21 1100.21 1100.21 1100.21 1100.21 1100.21 1100.21 1100.21 1100.21 1100.21 1100.21 1100.21 1100.21 1100.21 
1 1 1 1 1 1 1 1 1 1 1 1 1 1 1 1 1 1 1 1 1 1 1 1 
item 14
9.73291 115.782 14.8309 63.9971 62.7206 96.0092 59.7362 97.0785 69.9834 107.659 67.3969 115.225 11.6314 142.437 54.1814 110.498 57.3433 99.6104 63.2643 116.05 51.0107 55.9571 62.3065 86.8555 
444.117 444.117 444.117 444.117 444.117 444.117 444.117 444.117 444.117 444.117 444.117 444.117 444.117 444.117 444.117 444.117 444.117 444.117 444.117 444.117 444.117 444.117 444.117 444.117 
1 1 1 1 1 1 1 1 1 1 1 1 1 1 1 1 1 1 1 1 1 1 1 1 
item 15
65.6656 71.2831 60.2946 111.245 43.771 71.5386 33.6309 69.7408 30.9425 112.685 67.4579 98.1556 50.6573 111.135 23.9444 95.1179 47.8091 102.161 47.8204 96.0322 9.96653 87.0051 51.15 82.6228 
256.588 256.588 256.588 256.588 256.588 256.588 256.588 256.588 256.588 256.588 256.588 256.588 256.588 256.588 256.588 256.588 256.588 256.588 256.588 256.588 256.588 256.588 256.588 256.588 
1 1 1 1 1 1 1 1 1 1 1 1 1 1 1 1 1 1 1 1 1 1 1 1 
item 16
45.5463 94.2716 43.6827 101.388 65.6164 64.1224 57.2667 116.751 52.2056 88.5163 44.7375 122.939 39.5708 100.574 20.1807 79.5818 28.8973 120.27 22.7651 83.2079 47.4605 125.191 0 78.4361 
262.722 262.722 262.722 262.722 262.722 262.722 262.722 262.722 262.722 262.722 262.722 262.722 262.722 262.722 262.722 262.722 262.722 262.722 262.722 262.722 262.722 262.722 262.722 262.722 
1 1 1 1 1 1 1 1 1 1 1 1 1 1 1 1 1 1 1 1 1 1 1 1 
item 17
53.5664 70.7993 89.8083 84.4848 51.0244 116.315 64.612 83.186 57.5788 61.2291 67.9208 116.359 9.68048 106.577 61.1799 82.121 64.5458 117.452 45.1254 112.254 37.5152 117.121 40.8825 70.8066 
353.142 353.142 353.142 353.142 353.142 353.142 353.142 353.142 353.142 353.142 353.142 353.142 353.142 353.142 353.142 353.142 353.142 353.142 353.142 353.142 353.142 353.142 353.142 353.142 
1 1 1 1 1 1 1 1 1 1 1 1 1 1 1 1 1 1 1 1 1 1 1 1 
item 18
61.3305 133.283 48.9293 82.7767 3.62779 91.9319 21.527 78.6482 22.5601 126.336 28.4176 114.849 62.3795 96.5865 40.2698 140.527 85.1674 70.7069 64.5959 78.2397 42.9864 93.976 64.6462 97.1688 
358.551 358.551 358.551 358.551 358.551 358.551 358.551 358.551 358.551 358.551 358.551 358.551 358.551 358.551 358.551 358.551 358.551 358.551 358.551 358.551 358.551 358.551 358.551 358.551 
1 1 1 1 1 1 1 1 1 1 1 1 1 1 1 1 1 1 1 1 1 1 1 1 
item 19
47.6408 101.505 47.3156 139.146 68.7824 100.666 51.8586 54.8745 46.5095 120.924 30.4464 99.2769 59.1251 82.5087 50.7246 113.329 68.5788 97.6222 8.17696 89.7922 35.0474 46.3784 23.6915 83.0818 
817.496 817.496 817.496 817.496 817.496 817.496 817.496 817.496 817.496 817.496 817.496 817.496 817.496 817.496 817.496 817.496 817.496 817.496 817.496 817.496 817.496 817.496 817.496 817.496 
1 1 1 1 1 1 1 1 1 1 1 1 1 1 1 1 1 1 1 1 1 1 1 1 
item 20
74.1217 96.4183 52.5394 58.7095 30.1999 126.986 74.5488 129.052 58.7472 90.6039 62.4495 62.1263 63.5551 98.7385 43.2431 95.4776 52.6427 71.2028 42.6189 93.9729 61.9049 100.556 25.906 102.189 
521.159 521.159 521.159 521.159 521.159 521.159 521.159 521.159 521.159 521.159 521.159 521.159 521.159 521.159 521.159 521.159 521.159 521.159 521.159 521.159 521.159 521.159 521.159 521.159 
1 1 1 1 1 1 1 1 1 1 1 1 1 1 1 1 1 1 1 1 1 1 1 1 
item 21
52.6758 95.4773 69.7832 66.0781 28.8785 97.1417 70.2115 91.5836 27.1568 78.9005 60.1099 109.318 64.1202 78.3407 33.4581 83.7578 62.0732 118.962 61.542 69.8818 48.5802 85.2315 72.4744 59.9067 
208.923 208.923 208.923 208.923 208.923 208.923 208.923 208.923 208.923 208.923 208.923 208.923 208.923 208.923 208.923 208.923 208.923 208.923 208.923 208.923 208.923 208.923 208.923 208.923 
1 1 1 1 1 1 1 1 1 1 1 1 1 1 1 1 1 1 1 1 1 1 1 1 
item 22
77.5445 76.5474 75.5182 110.669 39.4582 101.306 34.1658 144.785 32.9621 79.0481 28.1966 76.5872 47.8491 84.9279 45.2644 95.4718 24.6757 103.077 37.5449 86.4716 11.5467 94.0494 90.6994 100.393 
211.159 211.159 211.159 211.159 211.159 211.159 211.159 211.159 211.159 211.159 211.159 211.159 211.159 211.159 211.159 211.159 211.159 211.159 211.159 211.159 211.159 211.159 211.159 211.159 
1 1 1 1 1 1 1 1 1 1 1 1 1 1 1 1 1 1 1 1 1 1 1 1 
item 23
56.0977 113.067 33.8978 125.816 57.1398 104.653 3.56311 94.851 31.6517 85.8884 37.9792 81.112 74.5275 95.6818 63.6046 75.9399 62.0605 121.429 46.6123 79.4798 44.2266 123.807 41.0044 106.454 
263.391 263.391 263.391 263.391 263.391 263.391 263.391 263.391 263.391 263.391 263.391 263.391 263.391 263.391 263.391 263.391 263.391 263.391 263.391 263.391 263.391 263.391 263.391 263.391 
1 1 1 1 1 1 1 1 1 1 1 1 1 1 1 1 1 1 1 1 1 1 1 1 
item 24
42.9065 126.262 48.8398 68.0375 26.3453 81.0723 25.5599 99.7757 34.9121 80.1916 25.9385 82.8269 21.0399 111.064 66.4005 111.883 27.968 90.7333 63.3306 84.0368 70.0476 100.294 39.5424 109.02 
854.791 854.791 854.791 854.791 854.791 854.791 854.791 854.791 854.791 854.791 854.791 854.791 854.791 854.791 854.791 854.791 854.791 854.791 854.791 854.791 854.791 854.791 854.791 854.791 
1 1 1 1 1 1 1 1 1 1 1 1 1 1 1 1 1 1 1 1 1 1 1 1 
item 25
44.3812 97.7316 33.3827 104.121 43.9716 115.314 58.017 116.123 56.4608 82.607 60.2018 109.882 83.3632 115.051 104.345 97.0771 67.4615 95.7714 86.4821 96.5854 15.0589 93.5141 17.0744 93.0399 
1007.17 1007.17 1007.17 1007.17 1007.17 1007.17 1007.17 1007.17 1007.17 1007.17 1007.17 1007.17 1007.17 1007.17 1007.17 1007.17 1007.17 1007.17 1007.17 1007.17 1007.17 1007.17 1007.17 1007.17 
1 1 1 1 1 1 1 1 1 1 1 1 1 1 1 1 1 1 1 1 1 1 1 1 
item 26
26.427 99.0964 20.5051 112.208 44.1102 88.0228 35.4451 111.914 39.2361 80.6511 27.8588 113.024 4.72899 90.8705 61.3988 102.792 28.3727 153.367 62.5848 105.105 59.2068 123.365 20.8606 111.92 
187.207 187.207 187.207 187.207 187.207 187.207 187.207 187.207 187.207 187.207 187.207 187.207 187.207 187.207 187.207 187.207 187.207 187.207 187.207 187.207 187.207 187.207 187.207 187.207 
1 1 1 1 1 1 1 1 1 1 1 1 1 1 1 1 1 1 1 1 1 1 1 1 
item 27
60.5115 84.1964 33.2282 109.119 27.9408 94.8177 80.5097 114.893 39.4683 72.0064 49.7718 126.486 59.2584 82.4873 61.6757 119.6 86.7174 102.17 35.3078 95.3181 53.7987 109.209 49.9431 98.2356 
159.686 159.686 159.686 159.686 159.686 159.686 159.686 159.686 159.686 159.686 159.686 159.686 159.686 159.686 159.686 159.686 159.686 159.686 159.686 159.686 159.686 159.686 159.686 159.686 
1 1 1 1 1 1 1 1 1 1 1 1 1 1 1 1 1 1 1 1 1 1 1 1 
item 28
59.8091 86.6286 31.5333 104.317 44.3431 63.4753 42.8073 117.744 53.0787 55.8271 28.3463 98.7801 44.3611 96.7233 44.8684 87.8588 82.4208 110.069 36.7655 115.524 35.223 93.9635 29.7846 106.582 
140.28 140.28 140.28 140.28 140.28 140.28 140.28 140.28 140.28 140.28 140.28 140.28 140.28 140.28 140.28 140.28 140.28 140.28 140.28 140.28 140.28 140.28 140.28 140.28 
1 1 1 1 1 1 1 1 1 1 1 1 1 1 1 1 1 1 1 1 1 1 1 1 
item 29
45.2999 129.516 55.0086 94.6044 25.4886 90.0212 42.3634 108.83 57.6578 127.926 13.8225 93.0887 61.693 115.045 75.5494 79.9543 27.9628 103.903 76.4842 63.6216 62.7843 89.4796 7.87703 125.027 
1232.08 1232.08 1232.08 1232.08 1232.08 1232.08 1232.08 1232.08 1232.08 1232.08 1232.08 1232.08 1232.08 1232.08 1232.08 1232.08 1232.08 1232.08 1232.08 1232.08 1232.08 1232.08 1232.08 1232.08 
1 1 1 1 1 1 1 1 1 1 1 1 1 1 1 1 1 1 1 1 1 1 1 1 
item 30
26.9017 79.2277 64.6409 84.4887 68.9168 120.148 36.0046 117.882 48.5349 88.1709 23.2869 131.515 0 49.9286 35.9684 125.582 41.6897 116.892 30.0843 74.8731 26.487 108.969 34.9452 133.67 
673.248 673.248 673.248 673.248 673.248 673.248 673.248 673.248 673.248 673.248 673.248 673.248 673.248 673.248 673.248 673.248 673.248 673.248 673.248 673.248 673.248 673.248 673.248 673.248 
1 1 1 1 1 1 1 1 1 1 1 1 1 1 1 1 1 1 1 1 1 1 1 1 
item 31
63.2122 91.7175 26.3893 100.357 72.6748 83.9658 43.808 112.517 39.2219 104.292 37.9405 89.0137 65.7029 93.2973 65.8121 117.938 68.4979 145.681 57.9366 74.9169 34.8277 92.6369 66.7122 89.6072 
338.22 338.22 338.22 338.22 338.22 338.22 338.22 338.22 338.22 338.22 338.22 338.22 338.22 338.22 338.22 338.22 338.22 338.22 338.22 338.22 338.22 338.22 338.22 338.22 
1 1 1 1 1 1 1 1 1 1 1 1 1 1 1 1 1 1 1 1 1 1 1 1 
item 32
55.9414 111.176 78.9158 99.997 25.3346 85.3833 28.0452 88.3252 67.7218 84.4226 11.3896 93.4496 66.1333 115.086 53.2048 121.264 56.4281 126.159 50.5581 93.7464 45.822 109.782 52.4667 119.067 
185.301 185.301 185.301 185.301 185.301 185.301 185.301 185.301 185.301 185.301 185.301 185.301 185.301 185.301 185.301 185.301 185.301 185.301 185.301 185.301 185.301 185.301 185.301 185.301 
1 1 1 1 1 1 1 1 1 1 1 1 1 1 1 1 1 1 1 1 1 1 1 1 
item 33
74.2593 107.648 33.9544 129.611 30.2081 93.9092 67.4527 69.0349 67.8068 112.83 61.8698 86.6302 38.5402 105.427 69.926 94.9708 67.7346 77.4188 31.3178 78.0336 12.2013 120.401 14.5513 96.194 
718.219 718.219 718.219 718.219 718.219 718.219 718.219 718.219 718.219 718.219 718.219 718.219 718.219 718.219 718.219 718.219 718.219 718.219 718.219 718.219 718.219 718.219 718.219 718.219 
1 1 1 1 1 1 1 1 1 1 1 1 1 1 1 1 1 1 1 1 1 1 1 1 
item 34
52.3808 110.031 22.4158 97.8083 23.0297 130.165 66.39 123.62 58.3466 116.865 8.28781 95.2535 74.8062 94.6168 47.4745 96.3669 83.2937 106.441 63.6033 108.605 44.7133 100.715 39.1948 87.8853 
448.804 448.804 448.804 448.804 448.804 448.804 448.804 448.804 448.804 448.804 448.804 448.804 448.804 448.804 448.804 448.804 448.804 448.804 448.804 448.804 448.804 448.804 448.804 448.804 
1 1 1 1 1 1 1 1 1 1 1 1 1 1 1 1 1 1 1 1 1 1 1 1 
item 35
32.5755 78.6839 68.8551 95.9103 68.3705 74.4258 45.4423 82.1628 45.2846 108.727 52.6006 100.97 88.835 82.8493 16.6642 87.7421 34.155 112.413 42.8408 83.0455 19.1766 120.207 61.8451 104.508 
1268.94 1268.94 1268.94 1268.94 1268.94 1268.94 1268.94 1268.94 1268.94 1268.94 1268.94 1268.94 1268.94 1268.94 1268.94 1268.94 1268.94 1268.94 1268.94 1268.94 1268.94 1268.94 1268.94 1268.94 
1 1 1 1 1 1 1 1 1 1 1 1 1 1 1 1 1 1 1 1 1 1 1 1 
item 36
74.3898 72.3791 12.3337 65.534 64.257 61.7446 86.6915 92.4953 80.6555 101.524 30.1595 88.4872 38.9518 112.431 25.5077 90.3294 37.6792 82.9801 10.9521 108.576 84.6055 120.597 54.6081 119.382 
424.523 424.523 424.523 424.523 424.523 424.523 424.523 424.523 424.523 424.523 424.523 424.523 424.523 424.523 424.523 424.523 424.523 424.523 424.523 424.523 424.523 424.523 424.523 424.523 
1 1 1 1 1 1 1 1 1 1 1 1 1 1 1 1 1 1 1 1 1 1 1 1 
item 37
62.9942 99.7029 47.9329 106.702 72.6891 98.9575 31.8119 84.9436 66.7211 120.928 57.4994 106.892 59.2235 98.39 57.4261 95.8045 84.523 92.6445 50.1199 93.1542 4.41955 74.5158 73.99 111.265 
154.993 154.993 154.993 154.993 154.993 154.993 154.993 154.993 154.993 154.993 154.993 154.993 154.993 154.993 154.993 154.993 154.993 154.993 154.993 154.993 154.993 154.993 154.993 154.993 
1 1 1 1 1 1 1 1 1 1 1 1 1 1 1 1 1 1 1 1 1 1 1 1 
item 38
20.7248 60.793 85.6174 93.0382 66.6898 121.309 65.1597 97.0417 76.399 91.6724 72.7046 124.425 32.7471 85.8759 76.839 86.5608 41.7741 61.9866 79.5179 52.5797 40.3717 98.8859 48.2453 84.4035 
1003.57 1003.57 1003.57 1003.57 1003.57 1003.57 1003.57 1003.57 1003.57 1003.57 1003.57 1003.57 1003.57 1003.57 1003.57 1003.57 1003.57 1003.57 1003.57 1003.57 1003.57 1003.57 1003.57 1003.57 
1 1 1 1 1 1 1 1 1 1 1 1 1 1 1 1 1 1 1 1 1 1 1 1 
item 39
52.7671 83.8898 34.3898 104.543 20.8263 123.887 50.8837 68.0493 51.8227 125.069 67.7061 96.329 14.1037 92.6506 97.3373 83.9656 54.9519 89.214 68.3332 81.5964 6.9235 94.8337 64.8117 104.186 
332.494 332.494 332.494 332.494 332.494 332.494 332.494 332.494 332.494 332.494 332.494 332.494 332.494 332.494 332.494 332.494 332.494 332.494 332.494 332.494 332.494 332.494 332.494 332.494 
1 1 1 1 1 1 1 1 1 1 1 1 1 1 1 1 1 1 1 1 1 1 1 1 
