24 20 
1540.21 1540.21 1540.21 1540.21 1540.21 1540.21 1540.21 1540.21 1540.21 1540.21 1540.21 1540.21 1540.21 1540.21 1540.21 1540.21 1540.21 1540.21 1540.21 1540.21 1540.21 1540.21 1540.21 1540.21 
item 0
66.3761 104.08 49.9489 113.911 35.7044 106.294 65.6988 118.233 40.8928 78.1689 63.0765 84.7147 53.2336 97.6616 69.5585 88.4583 60.2674 94.8816 28.2036 62.0878 44.0063 110.543 51.8145 65.1179 
416.269 416.269 416.269 416.269 416.269 416.269 416.269 416.269 416.269 416.269 416.269 416.269 416.269 416.269 416.269 416.269 416.269 416.269 416.269 416.269 416.269 416.269 416.269 416.269 
1 1 1 1 1 1 1 1 1 1 1 1 1 1 1 1 1 1 1 1 1 1 1 1 
item 1
24.9877 79.4608 46.6391 97.9635 98.7907 101.811 77.4369 118.638 35.2879 116.705 82.9594 76.057 47.8483 115.129 65.1725 104.096 55.1493 108.971 43.3601 81.3515 18.0499 111.539 84.5865 122.012 
174.546 174.546 174.546 174.546 174.546 174.546 174.546 174.546 174.546 174.546 174.546 174.546 174.546 174.546 174.546 174.546 174.546 174.546 174.546 174.546 174.546 174.546 174.546 174.546 
1 1 1 1 1 1 1 1 1 1 1 1 1 1 1 1 1 1 1 1 1 1 1 1 
item 2
106.584 102.791 48.9191 87.7476 16.6114 86.0848 34.6346 116.53 46.8474 101.458 40.3303 110.553 70.0885 95.5296 41.9778 80.3356 43.3201 77.6948 45.2245 83.8333 71.9733 57.8505 52.8403 81.3107 
907.03 907.03 907.03 907.03 907.03 907.03 907.03 907.03 907.03 907.03 907.03 907.03 907.03 907.03 907.03 907.03 907.03 907.03 907.03 907.03 907.03 907.03 907.03 907.03 
1 1 1 1 1 1 1 1 1 1 1 1 1 1 1 1 1 1 1 1 1 1 1 1 
item 3
68.8327 147.951 44.293 113.368 51.8451 131.57 28.7307 118.665 73.3802 96.0227 43.494 90.5778 15.3567 113.701 50.9 78.1509 51.505 97.8317 75.3512 103.921 40.6555 130.599 16.4437 142.158 
781.885 781.885 781.885 781.885 781.885 781.885 781.885 781.885 781.885 781.885 781.885 781.885 781.885 781.885 781.885 781.885 781.885 781.885 781.885 781.885 781.885 781.885 781.885 781.885 
1 1 1 1 1 1 1 1 1 1 1 1 1 1 1 1 1 1 1 1 1 1 1 1 
item 4
48.7756 91.5626 61.8959 100.056 60.694 58.0307 72.379 109.578 42.1763 95.2853 31.4106 128.842 28.4799 95.7289 88.5914 97.5879 60.4873 71.9263 22.8331 72.3572 41.7148 118.304 46.9238 114.362 
811.193 811.193 811.193 811.193 811.193 811.193 811.193 811.193 811.193 811.193 811.193 811.193 811.193 811.193 811.193 811.193 811.193 811.193 811.193 811.193 811.193 811.193 811.193 811.193 
1 1 1 1 1 1 1 1 1 1 1 1 1 1 1 1 1 1 1 1 1 1 1 1 
item 5
45.5063 95.0781 83.5633 94.2052 74.4308 97.077 48.9306 97.7361 52.2287 76.0628 44.5779 76.0678 98.4247 103.981 24.8272 79.043 32.4106 143.354 64.1975 98.1072 58.38 112.163 37.354 108.051 
1228.06 1228.06 1228.06 1228.06 1228.06 1228.06 1228.06 1228.06 1228.06 1228.06 1228.06 1228.06 1228.06 1228.06 1228.06 1228.06 1228.06 1228.06 1228.06 1228.06 1228.06 1228.06 1228.06 1228.06 
1 1 1 1 1 1 1 1 1 1 1 1 1 1 1 1 1 1 1 1 1 1 1 1 
item 6
46.6073 99.7728 42.6137 96.6269 82.7361 88.8921 74.3445 86.7686 35.126 133.615 54.9729 104.765 64.8549 96.0762 76.9982 157.839 23.6735 101.132 59.0939 128.813 102.384 104.21 41.886 93.9746 
457.697 457.697 457.697 457.697 457.697 457.697 457.697 457.697 457.697 457.697 457.697 457.697 457.697 457.697 457.697 457.697 457.697 457.697 457.697 457.697 457.697 457.697 457.697 457.697 
1 1 1 1 1 1 1 1 1 1 1 1 1 1 1 1 1 1 1 1 1 1 1 1 
item 7
51.7672 105.214 51.0336 112.605 45.1437 110.837 38.2577 84.0519 21.1499 108.232 24.8432 74.6946 92.0773 79.4053 41.8285 119.554 52.1846 101.387 94.1769 115.418 63.3483 123.071 56.7365 110.538 
1123.39 1123.39 1123.39 1123.39 1123.39 1123.39 1123.39 1123.39 1123.39 1123.39 1123.39 1123.39 1123.39 1123.39 1123.39 1123.39 1123.39 1123.39 1123.39 1123.39 1123.39 1123.39 1123.39 1123.39 
1 1 1 1 1 1 1 1 1 1 1 1 1 1 1 1 1 1 1 1 1 1 1 1 
item 8
43.7932 99.3987 73.3487 104.419 40.5796 89.558 80.1594 115.336 66.1317 114.426 97.2063 100.315 67.8625 85.2353 2.73791 100.08 50.5782 86.286 42.7555 72.7453 32.3582 133.671 32.7625 95.6237 
389.729 389.729 389.729 389.729 389.729 389.729 389.729 389.729 389.729 389.729 389.729 389.729 389.729 389.729 389.729 389.729 389.729 389.729 389.729 389.729 389.729 389.729 389.729 389.729 
1 1 1 1 1 1 1 1 1 1 1 1 1 1 1 1 1 1 1 1 1 1 1 1 
item 9
76.9851 95.4219 57.5257 102.442 50.1006 134.808 43.2699 118.319 28.7078 110.47 60.5394 109.771 78.9905 78.9492 28.9099 115.191 41.345 139.915 64.1263 91.3973 77.4626 83.0889 21.8825 128.098 
1042.05 1042.05 1042.05 1042.05 1042.05 1042.05 1042.05 1042.05 1042.05 1042.05 1042.05 1042.05 1042.05 1042.05 1042.05 1042.05 1042.05 1042.05 1042.05 1042.05 1042.05 1042.05 1042.05 1042.05 
1 1 1 1 1 1 1 1 1 1 1 1 1 1 1 1 1 1 1 1 1 1 1 1 
item 10
76.9541 102.428 92.1292 91.9608 15.0905 91.6772 38.6924 112.912 52.5624 93.3127 52.7328 94.8332 89.5162 67.4823 54.0666 115.024 69.1444 85.6076 48.5663 88.7712 46.7341 117.47 77.4757 105.627 
657.235 657.235 657.235 657.235 657.235 657.235 657.235 657.235 657.235 657.235 657.235 657.235 657.235 657.235 657.235 657.235 657.235 657.235 657.235 657.235 657.235 657.235 657.235 657.235 
1 1 1 1 1 1 1 1 1 1 1 1 1 1 1 1 1 1 1 1 1 1 1 1 
item 11
31.9774 79.6668 86.4771 113.762 61.8208 103.702 36.7694 98.6332 34.4743 84.4469 0.22609 108.371 67.6962 93.5065 34.1309 82.3613 69.5228 98.7875 44.5029 92.6136 53.0518 117.047 43.2438 68.264 
435.56 435.56 435.56 435.56 435.56 435.56 435.56 435.56 435.56 435.56 435.56 435.56 435.56 435.56 435.56 435.56 435.56 435.56 435.56 435.56 435.56 435.56 435.56 435.56 
1 1 1 1 1 1 1 1 1 1 1 1 1 1 1 1 1 1 1 1 1 1 1 1 
item 12
24.8903 109.582 74.2343 96.8839 37.9564 134.406 1.28325 56.9239 74.6331 105.684 5.60142 121.2 47.2062 106.376 48.116 125.18 81.8952 86.6896 54.3794 98.7955 44.213 115.627 56.2417 88.5137 
953.698 953.698 953.698 953.698 953.698 953.698 953.698 953.698 953.698 953.698 953.698 953.698 953.698 953.698 953.698 953.698 953.698 953.698 953.698 953.698 953.698 953.698 953.698 953.698 
1 1 1 1 1 1 1 1 1 1 1 1 1 1 1 1 1 1 1 1 1 1 1 1 
item 13
53.1694 109.475 24.3407 73.9478 35.0497 91.9845 13.8529 122.909 30.5719 81.5738 65.8393 111.151 28.5415 116.289 7.92521 126.433 77.7664 132.866 53.4272 92.2485 45.9474 121.398 57.5472 98.2677 
1298.85 1298.85 1298.85 1298.85 1298.85 1298.85 1298.85 1298.85 1298.85 1298.85 1298.85 1298.85 1298.85 1298.85 1298.85 1298.85 1298.85 1298.85 1298.85 1298.85 1298.85 1298.85 1298.85 1298.85 
1 1 1 1 1 1 1 1 1 1 1 1 1 1 1 1 1 1 1 1 1 1 1 1 
item 14
73.5801 66.3449 55.472 107.333 66.6945 83.4706 81.2384 129.662 40.115 130.149 79.5564 71.7416 53.235 95.3075 64.0256 107.461 14.0573 101.814 34.3336 89.477 42.2902 120.782 73.9385 110.399 
535.182 535.182 535.182 535.182 535.182 535.182 535.182 535.182 535.182 535.182 535.182 535.182 535.182 535.182 535.182 535.182 535.182 535.182 535.182 535.182 535.182 535.182 535.182 535.182 
1 1 1 1 1 1 1 1 1 1 1 1 1 1 1 1 1 1 1 1 1 1 1 1 
item 15
52.7106 85.1813 32.3753 94.2278 47.6604 124.043 54.2088 134.29 25.0222 96.8904 57.0536 123.492 70.7501 118.923 24.1516 86.6492 23.7401 93.0173 50.6578 79.9925 38.5407 91.3274 42.2299 83.3247 
1089.5 1089.5 1089.5 1089.5 1089.5 1089.5 1089.5 1089.5 1089.5 1089.5 1089.5 1089.5 1089.5 1089.5 1089.5 1089.5 1089.5 1089.5 1089.5 1089.5 1089.5 1089.5 1089.5 1089.5 
1 1 1 1 1 1 1 1 1 1 1 1 1 1 1 1 1 1 1 1 1 1 1 1 
item 16
45.1077 101.505 0 85.3562 81.9586 130.666 63.403 106.09 51.9063 121.031 25.75 127.536 39.6438 92.4424 55.5234 93.7073 72.6941 83.4099 72.2549 74.0455 73.3632 113.406 44.0663 114.273 
551.415 551.415 551.415 551.415 551.415 551.415 551.415 551.415 551.415 551.415 551.415 551.415 551.415 551.415 551.415 551.415 551.415 551.415 551.415 551.415 551.415 551.415 551.415 551.415 
1 1 1 1 1 1 1 1 1 1 1 1 1 1 1 1 1 1 1 1 1 1 1 1 
item 17
29.5818 106.298 62.8286 97.8844 45.1989 89.2622 23.8654 131.176 44.5981 94.651 40.6787 57.6218 29.0641 121.803 59.7537 66.0682 73.313 114.002 50.9198 83.8732 63.9783 112.263 20.7035 100.473 
625.433 625.433 625.433 625.433 625.433 625.433 625.433 625.433 625.433 625.433 625.433 625.433 625.433 625.433 625.433 625.433 625.433 625.433 625.433 625.433 625.433 625.433 625.433 625.433 
1 1 1 1 1 1 1 1 1 1 1 1 1 1 1 1 1 1 1 1 1 1 1 1 
item 18
42.1284 105.713 86.5334 78.1936 35.2643 78.2489 40.2953 105.384 63.784 82.2091 47.3141 90.5313 63.6384 39.1925 52.0583 114.061 67.6068 109.235 86.1424 110.345 48.5092 63.5154 42.5876 84.3658 
633.405 633.405 633.405 633.405 633.405 633.405 633.405 633.405 633.405 633.405 633.405 633.405 633.405 633.405 633.405 633.405 633.405 633.405 633.405 633.405 633.405 633.405 633.405 633.405 
1 1 1 1 1 1 1 1 1 1 1 1 1 1 1 1 1 1 1 1 1 1 1 1 
item 19
72.1929 123.532 29.238 119.819 87.4052 83.1294 48.4165 113.194 69.1596 90.498 40.2551 85.9076 67.859 122.489 68.5623 75.7255 31.1673 98.4694 43.9831 87.1182 55.1325 102.909 73.074 74.8898 
206.354 206.354 206.354 206.354 206.354 206.354 206.354 206.354 206.354 206.354 206.354 206.354 206.354 206.354 206.354 206.354 206.354 206.354 206.354 206.354 206.354 206.354 206.354 206.354 
1 1 1 1 1 1 1 1 1 1 1 1 1 1 1 1 1 1 1 1 1 1 1 1 
