48 40 
8045.16 8045.16 8045.16 8045.16 8045.16 8045.16 8045.16 8045.16 8045.16 8045.16 8045.16 8045.16 8045.16 8045.16 8045.16 8045.16 8045.16 8045.16 8045.16 8045.16 8045.16 8045.16 8045.16 8045.16 8045.16 8045.16 8045.16 8045.16 8045.16 8045.16 8045.16 8045.16 8045.16 8045.16 8045.16 8045.16 8045.16 8045.16 8045.16 8045.16 8045.16 8045.16 8045.16 8045.16 8045.16 8045.16 8045.16 8045.16 
item 0
35.4436 0 51.7522 0 0 0 0 88.2316 0 91.2531 51.8763 0 68.422 0 41.7033 0 38.6646 0 0 114.13 63.5425 100.194 0 107.801 0 85.3736 82.7369 0 57.1878 0 0 101.228 74.1979 79.5682 20.1495 112.572 0 93.7921 0 74.7038 0 0 42.9811 102.755 34.9945 0 0 0 
170.987 170.987 170.987 170.987 170.987 170.987 170.987 170.987 170.987 170.987 170.987 170.987 170.987 170.987 170.987 170.987 170.987 170.987 170.987 170.987 170.987 170.987 170.987 170.987 170.987 170.987 170.987 170.987 170.987 170.987 170.987 170.987 170.987 170.987 170.987 170.987 170.987 170.987 170.987 170.987 170.987 170.987 170.987 170.987 170.987 170.987 170.987 170.987 
1 1 1 1 1 1 1 1 1 1 1 1 1 1 1 1 1 1 1 1 1 1 1 1 1 1 1 1 1 1 1 1 1 1 1 1 1 1 1 1 1 1 1 1 1 1 1 1 
item 1
75.8439 95.5701 0 0 0 0 44.0565 0 0 0 37.8962 108.106 0 116.258 0 121.347 69.3713 0 0 119.792 0 0 0 0 67.7243 118.011 54.2986 108.844 82.9623 0 0 86.3594 0 0 68.6798 93.4358 0 111.108 33.5406 0 0 0 35.6364 95.134 18.7783 0 0 0 
411.707 411.707 411.707 411.707 411.707 411.707 411.707 411.707 411.707 411.707 411.707 411.707 411.707 411.707 411.707 411.707 411.707 411.707 411.707 411.707 411.707 411.707 411.707 411.707 411.707 411.707 411.707 411.707 411.707 411.707 411.707 411.707 411.707 411.707 411.707 411.707 411.707 411.707 411.707 411.707 411.707 411.707 411.707 411.707 411.707 411.707 411.707 411.707 
1 1 1 1 1 1 1 1 1 1 1 1 1 1 1 1 1 1 1 1 1 1 1 1 1 1 1 1 1 1 1 1 1 1 1 1 1 1 1 1 1 1 1 1 1 1 1 1 
item 2
57.564 91.5344 0 89.6418 0 0 53.243 0 0 0 60.1803 0 0 142.449 0 114.67 80.6688 108.996 53.5973 0 0 0 64.063 76.4235 10.2244 0 0 0 18.4296 64.8832 80.5344 0 0 137.149 23.8511 0 66.7863 129.381 75.3252 0 0 113.647 48.1223 82.8038 0 0 0 108.851 
722.101 722.101 722.101 722.101 722.101 722.101 722.101 722.101 722.101 722.101 722.101 722.101 722.101 722.101 722.101 722.101 722.101 722.101 722.101 722.101 722.101 722.101 722.101 722.101 722.101 722.101 722.101 722.101 722.101 722.101 722.101 722.101 722.101 722.101 722.101 722.101 722.101 722.101 722.101 722.101 722.101 722.101 722.101 722.101 722.101 722.101 722.101 722.101 
1 1 1 1 1 1 1 1 1 1 1 1 1 1 1 1 1 1 1 1 1 1 1 1 1 1 1 1 1 1 1 1 1 1 1 1 1 1 1 1 1 1 1 1 1 1 1 1 
item 3
65.3284 104.248 32.2998 0 27.9383 0 0 0 62.6309 115.075 0 0 101.204 0 0 0 64.5063 100.933 53.1104 102.738 72.9342 0 62.0216 125.484 41.1536 126.305 73.9977 87.666 43.6597 0 19.4973 105.497 0 154.408 0 0 0 0 0 0 0 0 0 0 0 82.2852 0 0 
507.737 507.737 507.737 507.737 507.737 507.737 507.737 507.737 507.737 507.737 507.737 507.737 507.737 507.737 507.737 507.737 507.737 507.737 507.737 507.737 507.737 507.737 507.737 507.737 507.737 507.737 507.737 507.737 507.737 507.737 507.737 507.737 507.737 507.737 507.737 507.737 507.737 507.737 507.737 507.737 507.737 507.737 507.737 507.737 507.737 507.737 507.737 507.737 
1 1 1 1 1 1 1 1 1 1 1 1 1 1 1 1 1 1 1 1 1 1 1 1 1 1 1 1 1 1 1 1 1 1 1 1 1 1 1 1 1 1 1 1 1 1 1 1 
item 4
48.8076 106.887 0 120.183 0 0 102.757 116.337 32.7763 119.943 0 105.328 0 135.759 0 0 74.345 87.5484 39.5023 0 41.9752 0 57.1092 82.8444 0 0 0 0 42.1878 0 0 95.8425 0 123.216 0 0 52.515 0 0 0 30.6121 0 0 97.6566 0 128.285 0 69.3464 
420.622 420.622 420.622 420.622 420.622 420.622 420.622 420.622 420.622 420.622 420.622 420.622 420.622 420.622 420.622 420.622 420.622 420.622 420.622 420.622 420.622 420.622 420.622 420.622 420.622 420.622 420.622 420.622 420.622 420.622 420.622 420.622 420.622 420.622 420.622 420.622 420.622 420.622 420.622 420.622 420.622 420.622 420.622 420.622 420.622 420.622 420.622 420.622 
1 1 1 1 1 1 1 1 1 1 1 1 1 1 1 1 1 1 1 1 1 1 1 1 1 1 1 1 1 1 1 1 1 1 1 1 1 1 1 1 1 1 1 1 1 1 1 1 
item 5
70.1669 0 0 106.516 0 77.9779 30.7257 94.0861 0 92.1736 74.8042 0 0 100.866 0 0 14.2695 0 56.88 0 0 99.9453 0 82.8042 0 0 0 114.835 0 0 80.1701 0 31.0277 123.462 0 0 0 98.4733 0 0 54.4823 78.645 0 102.416 0 85.5463 51.8207 0 
454.866 454.866 454.866 454.866 454.866 454.866 454.866 454.866 454.866 454.866 454.866 454.866 454.866 454.866 454.866 454.866 454.866 454.866 454.866 454.866 454.866 454.866 454.866 454.866 454.866 454.866 454.866 454.866 454.866 454.866 454.866 454.866 454.866 454.866 454.866 454.866 454.866 454.866 454.866 454.866 454.866 454.866 454.866 454.866 454.866 454.866 454.866 454.866 
1 1 1 1 1 1 1 1 1 1 1 1 1 1 1 1 1 1 1 1 1 1 1 1 1 1 1 1 1 1 1 1 1 1 1 1 1 1 1 1 1 1 1 1 1 1 1 1 
item 6
77.8671 85.0877 0 0 47.4737 0 11.1829 0 54.1882 0 0 0 20.0603 0 61.9024 0 0 0 0 136.68 60.4808 0 49.6051 0 0 0 12.5492 108.798 0 99.8606 0 0 0 130.909 17.217 87.2797 53.7591 114.711 43.9595 135.152 0 94.5965 0 100.282 66.2071 0 0 0 
163.426 163.426 163.426 163.426 163.426 163.426 163.426 163.426 163.426 163.426 163.426 163.426 163.426 163.426 163.426 163.426 163.426 163.426 163.426 163.426 163.426 163.426 163.426 163.426 163.426 163.426 163.426 163.426 163.426 163.426 163.426 163.426 163.426 163.426 163.426 163.426 163.426 163.426 163.426 163.426 163.426 163.426 163.426 163.426 163.426 163.426 163.426 163.426 
1 1 1 1 1 1 1 1 1 1 1 1 1 1 1 1 1 1 1 1 1 1 1 1 1 1 1 1 1 1 1 1 1 1 1 1 1 1 1 1 1 1 1 1 1 1 1 1 
item 7
46.3924 0 50.6987 69.102 0 79.2007 0 0 0 0 48.3388 90.309 75.23 70.5781 69.633 0 0 110.982 0 102.718 44.6392 94.9473 0 122.168 0 0 50.7973 108.595 63.8769 0 46.3198 0 22.6222 0 53.9667 133.629 0 0 0 0 46.3982 0 52.1245 0 0 0 0 0 
129.047 129.047 129.047 129.047 129.047 129.047 129.047 129.047 129.047 129.047 129.047 129.047 129.047 129.047 129.047 129.047 129.047 129.047 129.047 129.047 129.047 129.047 129.047 129.047 129.047 129.047 129.047 129.047 129.047 129.047 129.047 129.047 129.047 129.047 129.047 129.047 129.047 129.047 129.047 129.047 129.047 129.047 129.047 129.047 129.047 129.047 129.047 129.047 
1 1 1 1 1 1 1 1 1 1 1 1 1 1 1 1 1 1 1 1 1 1 1 1 1 1 1 1 1 1 1 1 1 1 1 1 1 1 1 1 1 1 1 1 1 1 1 1 
item 8
26.137 82.0021 0 0 68.0412 0 0 0 0 123.729 0 0 0 101.762 87.1142 113.044 24.6234 73.1911 43.1428 0 0 106.359 41.1757 105.078 0 97.9149 59.4865 93.4866 0 89.3793 56.0187 0 0 0 0 0 0 109.192 0 0 0 0 0 0 66.5598 0 0 0 
78.1072 78.1072 78.1072 78.1072 78.1072 78.1072 78.1072 78.1072 78.1072 78.1072 78.1072 78.1072 78.1072 78.1072 78.1072 78.1072 78.1072 78.1072 78.1072 78.1072 78.1072 78.1072 78.1072 78.1072 78.1072 78.1072 78.1072 78.1072 78.1072 78.1072 78.1072 78.1072 78.1072 78.1072 78.1072 78.1072 78.1072 78.1072 78.1072 78.1072 78.1072 78.1072 78.1072 78.1072 78.1072 78.1072 78.1072 78.1072 
1 1 1 1 1 1 1 1 1 1 1 1 1 1 1 1 1 1 1 1 1 1 1 1 1 1 1 1 1 1 1 1 1 1 1 1 1 1 1 1 1 1 1 1 1 1 1 1 
item 9
45.5001 0 67.8496 81.4537 0 0 45.9043 70.5198 0 0 0 118.061 35.7219 89.7647 0 0 32.4681 0 0 0 25.9178 118.432 34.3802 88.6076 0 104.982 0 94.6692 0 0 43.6311 112.469 49.7332 0 0 0 0 0 0 0 47.621 0 0 92.0114 0 0 0 0 
477.216 477.216 477.216 477.216 477.216 477.216 477.216 477.216 477.216 477.216 477.216 477.216 477.216 477.216 477.216 477.216 477.216 477.216 477.216 477.216 477.216 477.216 477.216 477.216 477.216 477.216 477.216 477.216 477.216 477.216 477.216 477.216 477.216 477.216 477.216 477.216 477.216 477.216 477.216 477.216 477.216 477.216 477.216 477.216 477.216 477.216 477.216 477.216 
1 1 1 1 1 1 1 1 1 1 1 1 1 1 1 1 1 1 1 1 1 1 1 1 1 1 1 1 1 1 1 1 1 1 1 1 1 1 1 1 1 1 1 1 1 1 1 1 
item 10
65.9322 123.98 0.793197 84.7719 52.5911 0 0 106.318 0 0 0 110.864 71.0855 43.2615 0 114.488 0 0 20.6422 117.636 0 0 77.5786 0 0 0 0 0 0 0 0 106.992 0 90.1381 55.8825 114.387 22.4564 0 42.7207 86.0729 99.7523 103.5 68.3913 86.9143 36.0288 0 62.0885 0 
508.394 508.394 508.394 508.394 508.394 508.394 508.394 508.394 508.394 508.394 508.394 508.394 508.394 508.394 508.394 508.394 508.394 508.394 508.394 508.394 508.394 508.394 508.394 508.394 508.394 508.394 508.394 508.394 508.394 508.394 508.394 508.394 508.394 508.394 508.394 508.394 508.394 508.394 508.394 508.394 508.394 508.394 508.394 508.394 508.394 508.394 508.394 508.394 
1 1 1 1 1 1 1 1 1 1 1 1 1 1 1 1 1 1 1 1 1 1 1 1 1 1 1 1 1 1 1 1 1 1 1 1 1 1 1 1 1 1 1 1 1 1 1 1 
item 11
35.6248 0 78.2385 100.926 48.3589 137.452 56.8086 0 62.2788 119.215 26.1143 74.0747 0 96.7855 0 96.2113 0 0 52.0438 74.8911 0 110.949 0 0 0 0 0 0 72.969 113.007 0 0 30.9475 110.184 0 64.5676 44.6304 0 0 58.9067 63.8487 0 0 92.0951 0 0 0 0 
121.557 121.557 121.557 121.557 121.557 121.557 121.557 121.557 121.557 121.557 121.557 121.557 121.557 121.557 121.557 121.557 121.557 121.557 121.557 121.557 121.557 121.557 121.557 121.557 121.557 121.557 121.557 121.557 121.557 121.557 121.557 121.557 121.557 121.557 121.557 121.557 121.557 121.557 121.557 121.557 121.557 121.557 121.557 121.557 121.557 121.557 121.557 121.557 
1 1 1 1 1 1 1 1 1 1 1 1 1 1 1 1 1 1 1 1 1 1 1 1 1 1 1 1 1 1 1 1 1 1 1 1 1 1 1 1 1 1 1 1 1 1 1 1 
item 12
48.3688 0 55.3241 124.703 67.317 98.1618 19.7718 85.4425 0 77.7292 46.5198 118.758 0 101.177 19.6123 104.761 57.889 92.786 0 69.3805 0 0 42.4467 85.0359 49.8889 75.6078 0 110.67 76.0803 145.642 0 58.2898 41.9424 97.5305 47.5318 0 90.268 0 0 119.099 0 0 0 0 64.5864 104.793 0 98.5133 
862.487 862.487 862.487 862.487 862.487 862.487 862.487 862.487 862.487 862.487 862.487 862.487 862.487 862.487 862.487 862.487 862.487 862.487 862.487 862.487 862.487 862.487 862.487 862.487 862.487 862.487 862.487 862.487 862.487 862.487 862.487 862.487 862.487 862.487 862.487 862.487 862.487 862.487 862.487 862.487 862.487 862.487 862.487 862.487 862.487 862.487 862.487 862.487 
1 1 1 1 1 1 1 1 1 1 1 1 1 1 1 1 1 1 1 1 1 1 1 1 1 1 1 1 1 1 1 1 1 1 1 1 1 1 1 1 1 1 1 1 1 1 1 1 
item 13
26.2298 0 63.4069 0 0 0 45.4894 0 45.7948 108.305 39.518 85.3952 40.5929 0 0 125.554 0 101.928 0 0 59.9243 66.9641 51.4483 0 71.0039 0 61.8253 0 45.398 0 0 104.524 0 0 0 77.0208 83.0578 0 48.8163 94.7377 43.0367 0 34.1295 81.3804 0 0 39.3252 0 
596.616 596.616 596.616 596.616 596.616 596.616 596.616 596.616 596.616 596.616 596.616 596.616 596.616 596.616 596.616 596.616 596.616 596.616 596.616 596.616 596.616 596.616 596.616 596.616 596.616 596.616 596.616 596.616 596.616 596.616 596.616 596.616 596.616 596.616 596.616 596.616 596.616 596.616 596.616 596.616 596.616 596.616 596.616 596.616 596.616 596.616 596.616 596.616 
1 1 1 1 1 1 1 1 1 1 1 1 1 1 1 1 1 1 1 1 1 1 1 1 1 1 1 1 1 1 1 1 1 1 1 1 1 1 1 1 1 1 1 1 1 1 1 1 
item 14
46.9686 150.42 49.2766 0 41.9337 84.9838 72.1038 75.0577 21.4502 90.8307 0 0 38.3284 99.6965 0 0 69.2053 0 0 0 22.0771 124.197 0 0 0 107.598 0 120.706 0 105.197 50.6631 0 0 68.3856 29.7256 113.815 25.1588 0 0 0 0 118.53 44.8851 148.835 0 0 64.5986 0 
539.652 539.652 539.652 539.652 539.652 539.652 539.652 539.652 539.652 539.652 539.652 539.652 539.652 539.652 539.652 539.652 539.652 539.652 539.652 539.652 539.652 539.652 539.652 539.652 539.652 539.652 539.652 539.652 539.652 539.652 539.652 539.652 539.652 539.652 539.652 539.652 539.652 539.652 539.652 539.652 539.652 539.652 539.652 539.652 539.652 539.652 539.652 539.652 
1 1 1 1 1 1 1 1 1 1 1 1 1 1 1 1 1 1 1 1 1 1 1 1 1 1 1 1 1 1 1 1 1 1 1 1 1 1 1 1 1 1 1 1 1 1 1 1 
item 15
46.3963 0 83.1259 78.0123 0 0 42.2735 0 69.3818 112.578 0 77.7192 46.5268 0 0 0 40.8858 97.064 0 113.715 38.2674 0 0 65.9697 0 0 0 110.487 0 0 0 0 0 0 53.7749 127.452 48.5907 0 0 116.66 59.4574 123.701 0 86.6334 66.0886 0 0 58.6218 
224.205 224.205 224.205 224.205 224.205 224.205 224.205 224.205 224.205 224.205 224.205 224.205 224.205 224.205 224.205 224.205 224.205 224.205 224.205 224.205 224.205 224.205 224.205 224.205 224.205 224.205 224.205 224.205 224.205 224.205 224.205 224.205 224.205 224.205 224.205 224.205 224.205 224.205 224.205 224.205 224.205 224.205 224.205 224.205 224.205 224.205 224.205 224.205 
1 1 1 1 1 1 1 1 1 1 1 1 1 1 1 1 1 1 1 1 1 1 1 1 1 1 1 1 1 1 1 1 1 1 1 1 1 1 1 1 1 1 1 1 1 1 1 1 
item 16
38.6294 0 58.4382 0 0 0 61.9184 99.7588 0 0 0 55.2217 14.2129 110.432 0 115.671 45.0932 0 0 92.6394 0 100.892 44.6529 0 32.8414 113.074 0 90.428 0 0 0 0 41.7494 101.035 0 0 82.1208 65.7332 0 84.1632 50.3486 89.2864 0 0 0 94.7047 0 0 
101.211 101.211 101.211 101.211 101.211 101.211 101.211 101.211 101.211 101.211 101.211 101.211 101.211 101.211 101.211 101.211 101.211 101.211 101.211 101.211 101.211 101.211 101.211 101.211 101.211 101.211 101.211 101.211 101.211 101.211 101.211 101.211 101.211 101.211 101.211 101.211 101.211 101.211 101.211 101.211 101.211 101.211 101.211 101.211 101.211 101.211 101.211 101.211 
1 1 1 1 1 1 1 1 1 1 1 1 1 1 1 1 1 1 1 1 1 1 1 1 1 1 1 1 1 1 1 1 1 1 1 1 1 1 1 1 1 1 1 1 1 1 1 1 
item 17
59.0518 0 38.9313 0 37.2998 0 0 0 34.9194 113.86 25.3726 0 38.1406 0 55.3012 98.2391 0 77.0698 77.6959 111.343 44.8819 69.1076 0 0 0 0 59.7391 0 0 97.3593 64.0953 0 77.8757 0 0 82.2728 74.1772 0 61.7661 0 37.7767 0 69.2469 66.4314 75.7904 0 39.6675 118.57 
207.35 207.35 207.35 207.35 207.35 207.35 207.35 207.35 207.35 207.35 207.35 207.35 207.35 207.35 207.35 207.35 207.35 207.35 207.35 207.35 207.35 207.35 207.35 207.35 207.35 207.35 207.35 207.35 207.35 207.35 207.35 207.35 207.35 207.35 207.35 207.35 207.35 207.35 207.35 207.35 207.35 207.35 207.35 207.35 207.35 207.35 207.35 207.35 
1 1 1 1 1 1 1 1 1 1 1 1 1 1 1 1 1 1 1 1 1 1 1 1 1 1 1 1 1 1 1 1 1 1 1 1 1 1 1 1 1 1 1 1 1 1 1 1 
item 18
34.6897 0 77.4872 111.197 73.9239 0 0 127.274 21.774 0 0 84.8517 52.2882 0 0 83.8993 38.9413 0 61.9834 0 0 122.719 0 132.049 47.222 0 36.1957 0 0 0 0 0 59.5015 97.2927 0 0 34.2853 95.7219 0 122.947 58.3339 105.7 0 0 34.0757 0 26.4835 0 
198.075 198.075 198.075 198.075 198.075 198.075 198.075 198.075 198.075 198.075 198.075 198.075 198.075 198.075 198.075 198.075 198.075 198.075 198.075 198.075 198.075 198.075 198.075 198.075 198.075 198.075 198.075 198.075 198.075 198.075 198.075 198.075 198.075 198.075 198.075 198.075 198.075 198.075 198.075 198.075 198.075 198.075 198.075 198.075 198.075 198.075 198.075 198.075 
1 1 1 1 1 1 1 1 1 1 1 1 1 1 1 1 1 1 1 1 1 1 1 1 1 1 1 1 1 1 1 1 1 1 1 1 1 1 1 1 1 1 1 1 1 1 1 1 
item 19
29.3597 120.756 60.3648 0 67.9958 83.0967 85.051 96.6872 57.8386 0 0 0 0 105.544 62.856 0 0 0 76.9509 93.8169 0 0 55.8928 0 0 0 62.082 135.45 0 0 0 0 0 66.8512 53.1953 0 84.0712 0 0 0 41.1447 0 0 0 33.6683 0 45.2367 98.5717 
181.401 181.401 181.401 181.401 181.401 181.401 181.401 181.401 181.401 181.401 181.401 181.401 181.401 181.401 181.401 181.401 181.401 181.401 181.401 181.401 181.401 181.401 181.401 181.401 181.401 181.401 181.401 181.401 181.401 181.401 181.401 181.401 181.401 181.401 181.401 181.401 181.401 181.401 181.401 181.401 181.401 181.401 181.401 181.401 181.401 181.401 181.401 181.401 
1 1 1 1 1 1 1 1 1 1 1 1 1 1 1 1 1 1 1 1 1 1 1 1 1 1 1 1 1 1 1 1 1 1 1 1 1 1 1 1 1 1 1 1 1 1 1 1 
item 20
74.0249 0 52.9823 88.7912 0 134.103 0 78.3172 42.4869 0 54.0679 0 27.7216 0 0 0 33.5835 0 42.6671 0 0 0 50.0763 0 0 89.0457 0 0 77.7481 0 0 0 0 108.78 36.5598 129.696 44.0192 85.6042 84.9178 0 0 81.0462 0 0 0 0 0 0 
75.9309 75.9309 75.9309 75.9309 75.9309 75.9309 75.9309 75.9309 75.9309 75.9309 75.9309 75.9309 75.9309 75.9309 75.9309 75.9309 75.9309 75.9309 75.9309 75.9309 75.9309 75.9309 75.9309 75.9309 75.9309 75.9309 75.9309 75.9309 75.9309 75.9309 75.9309 75.9309 75.9309 75.9309 75.9309 75.9309 75.9309 75.9309 75.9309 75.9309 75.9309 75.9309 75.9309 75.9309 75.9309 75.9309 75.9309 75.9309 
1 1 1 1 1 1 1 1 1 1 1 1 1 1 1 1 1 1 1 1 1 1 1 1 1 1 1 1 1 1 1 1 1 1 1 1 1 1 1 1 1 1 1 1 1 1 1 1 
item 21
73.3797 0 65.4386 94.4623 0 63.5511 0 0 0 127.555 57.3803 0 46.5304 0 0 0 0 0 0 0 0 83.1943 63.6989 102.386 49.6547 0 37.5034 0 0 0 0 75.0448 61.3992 45.2385 0 83.7824 23.7317 0 47.5754 105.175 0 0 0 0 76.5447 120.123 0 96.5855 
356.879 356.879 356.879 356.879 356.879 356.879 356.879 356.879 356.879 356.879 356.879 356.879 356.879 356.879 356.879 356.879 356.879 356.879 356.879 356.879 356.879 356.879 356.879 356.879 356.879 356.879 356.879 356.879 356.879 356.879 356.879 356.879 356.879 356.879 356.879 356.879 356.879 356.879 356.879 356.879 356.879 356.879 356.879 356.879 356.879 356.879 356.879 356.879 
1 1 1 1 1 1 1 1 1 1 1 1 1 1 1 1 1 1 1 1 1 1 1 1 1 1 1 1 1 1 1 1 1 1 1 1 1 1 1 1 1 1 1 1 1 1 1 1 
item 22
48.8484 0 36.5991 0 106.266 0 0 0 0 0 22.8633 0 67.048 0 0 101.449 0 97.3197 96.282 0 0 104.227 0 0 0 99.6631 0 120.159 36.7393 80.4403 54.9227 0 0 0 0 114.009 25.0928 56.5963 0 102.665 0 136.565 65.0691 0 66.1503 117.992 46.5241 78.0874 
584.805 584.805 584.805 584.805 584.805 584.805 584.805 584.805 584.805 584.805 584.805 584.805 584.805 584.805 584.805 584.805 584.805 584.805 584.805 584.805 584.805 584.805 584.805 584.805 584.805 584.805 584.805 584.805 584.805 584.805 584.805 584.805 584.805 584.805 584.805 584.805 584.805 584.805 584.805 584.805 584.805 584.805 584.805 584.805 584.805 584.805 584.805 584.805 
1 1 1 1 1 1 1 1 1 1 1 1 1 1 1 1 1 1 1 1 1 1 1 1 1 1 1 1 1 1 1 1 1 1 1 1 1 1 1 1 1 1 1 1 1 1 1 1 
item 23
15.4758 93.5286 0 113.361 36.0739 97.4713 0 0 0 55.0789 42.7058 102.825 45.4248 91.5836 0 0 43.3543 0 0 0 44.9788 0 43.3548 91.5433 0 0 42.9335 0 32.0372 0 0 0 0 0 49.8951 0 57.464 114.255 0 0 0 105.039 0 0 44.1758 0 31.6596 105.253 
454.603 454.603 454.603 454.603 454.603 454.603 454.603 454.603 454.603 454.603 454.603 454.603 454.603 454.603 454.603 454.603 454.603 454.603 454.603 454.603 454.603 454.603 454.603 454.603 454.603 454.603 454.603 454.603 454.603 454.603 454.603 454.603 454.603 454.603 454.603 454.603 454.603 454.603 454.603 454.603 454.603 454.603 454.603 454.603 454.603 454.603 454.603 454.603 
1 1 1 1 1 1 1 1 1 1 1 1 1 1 1 1 1 1 1 1 1 1 1 1 1 1 1 1 1 1 1 1 1 1 1 1 1 1 1 1 1 1 1 1 1 1 1 1 
item 24
35.067 118.605 50.2404 0 56.7922 0 0 101.663 30.1273 0 0 102.445 56.2625 100.664 0 114.767 57.8616 0 0 0 0 110.198 16.1966 89.2178 0 0 20.5832 79.963 0 102.587 42.3133 85.1126 20.6636 93.8885 0 0 36.0867 92.058 66.3291 0 65.2337 0 0 0 0 0 0 0 
553.041 553.041 553.041 553.041 553.041 553.041 553.041 553.041 553.041 553.041 553.041 553.041 553.041 553.041 553.041 553.041 553.041 553.041 553.041 553.041 553.041 553.041 553.041 553.041 553.041 553.041 553.041 553.041 553.041 553.041 553.041 553.041 553.041 553.041 553.041 553.041 553.041 553.041 553.041 553.041 553.041 553.041 553.041 553.041 553.041 553.041 553.041 553.041 
1 1 1 1 1 1 1 1 1 1 1 1 1 1 1 1 1 1 1 1 1 1 1 1 1 1 1 1 1 1 1 1 1 1 1 1 1 1 1 1 1 1 1 1 1 1 1 1 
item 25
45.4954 0 61.5764 0 0 107.917 37.3742 0 0 107.088 53.6385 0 0 90.5849 37.3777 0 64.6098 118.379 72.2512 0 0 0 60.3183 106.154 43.03 0 0 0 0 0 93.4892 0 0 0 0 120.995 0 64.7054 68.0727 125.269 44.5698 0 76.2147 0 46.7835 0 0 0 
108.093 108.093 108.093 108.093 108.093 108.093 108.093 108.093 108.093 108.093 108.093 108.093 108.093 108.093 108.093 108.093 108.093 108.093 108.093 108.093 108.093 108.093 108.093 108.093 108.093 108.093 108.093 108.093 108.093 108.093 108.093 108.093 108.093 108.093 108.093 108.093 108.093 108.093 108.093 108.093 108.093 108.093 108.093 108.093 108.093 108.093 108.093 108.093 
1 1 1 1 1 1 1 1 1 1 1 1 1 1 1 1 1 1 1 1 1 1 1 1 1 1 1 1 1 1 1 1 1 1 1 1 1 1 1 1 1 1 1 1 1 1 1 1 
item 26
25.6434 0 0 0 28.3565 0 0 0 0 0 38.2102 0 43.8405 0 0 0 0 90.0432 98.1962 0 0 80.5127 48.3511 0 73.6999 90.5529 43.6172 89.1449 0 121.495 0 0 0 0 56.6563 0 29.7974 120.762 0 0 13.5136 0 95.2221 0 26.016 59.9791 64.188 0 
200.371 200.371 200.371 200.371 200.371 200.371 200.371 200.371 200.371 200.371 200.371 200.371 200.371 200.371 200.371 200.371 200.371 200.371 200.371 200.371 200.371 200.371 200.371 200.371 200.371 200.371 200.371 200.371 200.371 200.371 200.371 200.371 200.371 200.371 200.371 200.371 200.371 200.371 200.371 200.371 200.371 200.371 200.371 200.371 200.371 200.371 200.371 200.371 
1 1 1 1 1 1 1 1 1 1 1 1 1 1 1 1 1 1 1 1 1 1 1 1 1 1 1 1 1 1 1 1 1 1 1 1 1 1 1 1 1 1 1 1 1 1 1 1 
item 27
79.2519 0 0 0 0 105.763 62.358 102.814 0 130.262 0 0 0 88.9611 33.0166 0 0 0 0 0 0 0 0 0 0 0 82.8596 133.841 23.2655 0 0 0 70.6326 79.4274 64.1931 0 40.9575 0 0 98.9016 0 0 32.6036 0 19.5112 69.4845 18.8737 91.1655 
145.846 145.846 145.846 145.846 145.846 145.846 145.846 145.846 145.846 145.846 145.846 145.846 145.846 145.846 145.846 145.846 145.846 145.846 145.846 145.846 145.846 145.846 145.846 145.846 145.846 145.846 145.846 145.846 145.846 145.846 145.846 145.846 145.846 145.846 145.846 145.846 145.846 145.846 145.846 145.846 145.846 145.846 145.846 145.846 145.846 145.846 145.846 145.846 
1 1 1 1 1 1 1 1 1 1 1 1 1 1 1 1 1 1 1 1 1 1 1 1 1 1 1 1 1 1 1 1 1 1 1 1 1 1 1 1 1 1 1 1 1 1 1 1 
item 28
102.157 0 0 0 0 107.196 55.5432 120.365 43.7306 64.9252 0 0 0 0 0 55.7767 0 0 0 70.7097 0 0 59.7666 116.581 39.4136 0 65.0836 102.394 39.6983 0 63.6922 95.7894 48.7087 0 14.4615 123.503 17.6129 0 63.2325 0 22.7601 0 0 0 63.1596 77.6145 67.8307 101.246 
102.366 102.366 102.366 102.366 102.366 102.366 102.366 102.366 102.366 102.366 102.366 102.366 102.366 102.366 102.366 102.366 102.366 102.366 102.366 102.366 102.366 102.366 102.366 102.366 102.366 102.366 102.366 102.366 102.366 102.366 102.366 102.366 102.366 102.366 102.366 102.366 102.366 102.366 102.366 102.366 102.366 102.366 102.366 102.366 102.366 102.366 102.366 102.366 
1 1 1 1 1 1 1 1 1 1 1 1 1 1 1 1 1 1 1 1 1 1 1 1 1 1 1 1 1 1 1 1 1 1 1 1 1 1 1 1 1 1 1 1 1 1 1 1 
item 29
79.5413 101.731 0 87.7644 12.4284 0 0 0 54.7289 0 64.1275 0 38.2916 87.6307 0 98.4767 84.0735 77.3588 79.5233 0 45.9601 0 0 91.7166 45.5912 80.9821 0 110.91 0 84.6479 0 0 0 129.4 37.5635 0 0 150.467 0 0 30.8072 105.861 18.8479 96.1583 0 0 0 89.6479 
484.009 484.009 484.009 484.009 484.009 484.009 484.009 484.009 484.009 484.009 484.009 484.009 484.009 484.009 484.009 484.009 484.009 484.009 484.009 484.009 484.009 484.009 484.009 484.009 484.009 484.009 484.009 484.009 484.009 484.009 484.009 484.009 484.009 484.009 484.009 484.009 484.009 484.009 484.009 484.009 484.009 484.009 484.009 484.009 484.009 484.009 484.009 484.009 
1 1 1 1 1 1 1 1 1 1 1 1 1 1 1 1 1 1 1 1 1 1 1 1 1 1 1 1 1 1 1 1 1 1 1 1 1 1 1 1 1 1 1 1 1 1 1 1 
item 30
56.1925 118.149 0 0 59.0924 114.91 0 0 0 0 0 108.698 0 101.178 48.2853 110.347 0 124.976 0 0 37.5572 88.2703 0 0 44.6595 142.093 88.1791 0 30.29 73.7363 0 87.044 0 73.6663 0 0 39.0395 112.518 0 0 0 0 0 118.883 0 0 0 0 
311.098 311.098 311.098 311.098 311.098 311.098 311.098 311.098 311.098 311.098 311.098 311.098 311.098 311.098 311.098 311.098 311.098 311.098 311.098 311.098 311.098 311.098 311.098 311.098 311.098 311.098 311.098 311.098 311.098 311.098 311.098 311.098 311.098 311.098 311.098 311.098 311.098 311.098 311.098 311.098 311.098 311.098 311.098 311.098 311.098 311.098 311.098 311.098 
1 1 1 1 1 1 1 1 1 1 1 1 1 1 1 1 1 1 1 1 1 1 1 1 1 1 1 1 1 1 1 1 1 1 1 1 1 1 1 1 1 1 1 1 1 1 1 1 
item 31
40.6751 0 70.3977 117.043 68.7798 113.798 35.7924 137.364 0 0 0 54.2955 0 77.8836 35.43 0 0 103.78 0 98.2005 51.1131 104.449 69.7944 78.8456 43.6869 0 0 0 96.3636 0 68.5554 0 31.4189 0 50.6908 98.8599 0 0 47.5283 0 51.2989 76.8415 0 102.265 0 74.791 0 0 
433.255 433.255 433.255 433.255 433.255 433.255 433.255 433.255 433.255 433.255 433.255 433.255 433.255 433.255 433.255 433.255 433.255 433.255 433.255 433.255 433.255 433.255 433.255 433.255 433.255 433.255 433.255 433.255 433.255 433.255 433.255 433.255 433.255 433.255 433.255 433.255 433.255 433.255 433.255 433.255 433.255 433.255 433.255 433.255 433.255 433.255 433.255 433.255 
1 1 1 1 1 1 1 1 1 1 1 1 1 1 1 1 1 1 1 1 1 1 1 1 1 1 1 1 1 1 1 1 1 1 1 1 1 1 1 1 1 1 1 1 1 1 1 1 
item 32
38.9829 0 0 86.0638 26.5542 92.6515 26.9344 92.709 73.0352 0 75.3503 78.79 62.1351 72.6856 0 121.283 43.891 0 0 0 47.4597 0 56.9987 113.741 0 0 0 0 0 0 71.3157 101.671 76.211 0 73.9438 105.262 11.5411 0 0 0 0 0 0 0 0 84.0618 0 0 
94.8474 94.8474 94.8474 94.8474 94.8474 94.8474 94.8474 94.8474 94.8474 94.8474 94.8474 94.8474 94.8474 94.8474 94.8474 94.8474 94.8474 94.8474 94.8474 94.8474 94.8474 94.8474 94.8474 94.8474 94.8474 94.8474 94.8474 94.8474 94.8474 94.8474 94.8474 94.8474 94.8474 94.8474 94.8474 94.8474 94.8474 94.8474 94.8474 94.8474 94.8474 94.8474 94.8474 94.8474 94.8474 94.8474 94.8474 94.8474 
1 1 1 1 1 1 1 1 1 1 1 1 1 1 1 1 1 1 1 1 1 1 1 1 1 1 1 1 1 1 1 1 1 1 1 1 1 1 1 1 1 1 1 1 1 1 1 1 
item 33
80.9845 111.629 0 0 0 86.0681 22.2115 0 0 0 35.5099 89.1084 61.2345 71.5937 0 0 0 0 0 83.4783 59.0889 0 24.3341 0 54.314 0 0 0 0 0 45.066 91.2016 0 0 0 81.3973 68.6051 106.918 0 0 0 0 47.9454 108.079 0 118.502 0 0 
125.055 125.055 125.055 125.055 125.055 125.055 125.055 125.055 125.055 125.055 125.055 125.055 125.055 125.055 125.055 125.055 125.055 125.055 125.055 125.055 125.055 125.055 125.055 125.055 125.055 125.055 125.055 125.055 125.055 125.055 125.055 125.055 125.055 125.055 125.055 125.055 125.055 125.055 125.055 125.055 125.055 125.055 125.055 125.055 125.055 125.055 125.055 125.055 
1 1 1 1 1 1 1 1 1 1 1 1 1 1 1 1 1 1 1 1 1 1 1 1 1 1 1 1 1 1 1 1 1 1 1 1 1 1 1 1 1 1 1 1 1 1 1 1 
item 34
36.1663 0 0 114.326 11.1005 0 64.4766 79.5868 0 0 64.5824 0 0 0 0 106.694 36.7718 72.9244 0 122.712 16.3807 88.0849 0 86.6018 0 0 55.4417 0 42.9593 114.15 44.5014 78.2991 67.9585 109.996 0 0 52.0255 0 78.8688 0 0 120.708 0 82.5957 0 0 0 104.938 
150.925 150.925 150.925 150.925 150.925 150.925 150.925 150.925 150.925 150.925 150.925 150.925 150.925 150.925 150.925 150.925 150.925 150.925 150.925 150.925 150.925 150.925 150.925 150.925 150.925 150.925 150.925 150.925 150.925 150.925 150.925 150.925 150.925 150.925 150.925 150.925 150.925 150.925 150.925 150.925 150.925 150.925 150.925 150.925 150.925 150.925 150.925 150.925 
1 1 1 1 1 1 1 1 1 1 1 1 1 1 1 1 1 1 1 1 1 1 1 1 1 1 1 1 1 1 1 1 1 1 1 1 1 1 1 1 1 1 1 1 1 1 1 1 
item 35
48.8687 93.6844 0 115.028 0 117.676 70.2261 0 0 0 50.199 91.3509 0 143.782 0 0 0 84.1945 61.7501 0 0 0 42.9187 75.5794 0 0 0 0 48.2666 0 57.6802 116.156 0 75.677 59.2376 0 0 0 0 94.975 0 0 73.1133 0 0 103.248 32.6404 121.448 
310.541 310.541 310.541 310.541 310.541 310.541 310.541 310.541 310.541 310.541 310.541 310.541 310.541 310.541 310.541 310.541 310.541 310.541 310.541 310.541 310.541 310.541 310.541 310.541 310.541 310.541 310.541 310.541 310.541 310.541 310.541 310.541 310.541 310.541 310.541 310.541 310.541 310.541 310.541 310.541 310.541 310.541 310.541 310.541 310.541 310.541 310.541 310.541 
1 1 1 1 1 1 1 1 1 1 1 1 1 1 1 1 1 1 1 1 1 1 1 1 1 1 1 1 1 1 1 1 1 1 1 1 1 1 1 1 1 1 1 1 1 1 1 1 
item 36
79.8793 105.525 0 0 0 0 99.2683 94.441 54.201 108.934 76.9518 121.679 0 97.6172 45.6449 0 84.2769 0 0 0 0 109.409 50.8842 0 0 103.268 0 81.3825 52.19 130.169 0 0 0 0 0 0 27.8977 70.2089 44.0908 107.259 0 0 60.3282 0 0 0 0 123.17 
144.116 144.116 144.116 144.116 144.116 144.116 144.116 144.116 144.116 144.116 144.116 144.116 144.116 144.116 144.116 144.116 144.116 144.116 144.116 144.116 144.116 144.116 144.116 144.116 144.116 144.116 144.116 144.116 144.116 144.116 144.116 144.116 144.116 144.116 144.116 144.116 144.116 144.116 144.116 144.116 144.116 144.116 144.116 144.116 144.116 144.116 144.116 144.116 
1 1 1 1 1 1 1 1 1 1 1 1 1 1 1 1 1 1 1 1 1 1 1 1 1 1 1 1 1 1 1 1 1 1 1 1 1 1 1 1 1 1 1 1 1 1 1 1 
item 37
36.9952 84.7642 80.2424 0 0 0 38.0826 0 88.1211 0 22.8207 100.223 46.287 79.6892 59.0796 0 0 0 0 135.456 27.8134 0 37.6059 111.864 68.0229 0 75.0187 115.244 0 92.157 36.5122 0 42.9297 83.141 0 112.597 36.6361 0 0 72.2832 0 0 0 0 28.3174 0 33.9182 125.821 
118.603 118.603 118.603 118.603 118.603 118.603 118.603 118.603 118.603 118.603 118.603 118.603 118.603 118.603 118.603 118.603 118.603 118.603 118.603 118.603 118.603 118.603 118.603 118.603 118.603 118.603 118.603 118.603 118.603 118.603 118.603 118.603 118.603 118.603 118.603 118.603 118.603 118.603 118.603 118.603 118.603 118.603 118.603 118.603 118.603 118.603 118.603 118.603 
1 1 1 1 1 1 1 1 1 1 1 1 1 1 1 1 1 1 1 1 1 1 1 1 1 1 1 1 1 1 1 1 1 1 1 1 1 1 1 1 1 1 1 1 1 1 1 1 
item 38
45.3866 0 0 82.1396 0 66.0365 34.1268 0 0 106.745 46.9409 106.9 0 102.592 52.3872 75.496 0 126.469 0 84.4596 0 61.7881 0 0 0 111.35 34.8416 88.1384 0 106.258 15.7465 0 0 0 0 111.367 26.6649 127.231 0 0 0 74.7801 0 114.961 0 107.761 0 0 
290.596 290.596 290.596 290.596 290.596 290.596 290.596 290.596 290.596 290.596 290.596 290.596 290.596 290.596 290.596 290.596 290.596 290.596 290.596 290.596 290.596 290.596 290.596 290.596 290.596 290.596 290.596 290.596 290.596 290.596 290.596 290.596 290.596 290.596 290.596 290.596 290.596 290.596 290.596 290.596 290.596 290.596 290.596 290.596 290.596 290.596 290.596 290.596 
1 1 1 1 1 1 1 1 1 1 1 1 1 1 1 1 1 1 1 1 1 1 1 1 1 1 1 1 1 1 1 1 1 1 1 1 1 1 1 1 1 1 1 1 1 1 1 1 
item 39
54.8728 119.939 21.3868 0 0 107.258 0 110.91 0 97.4791 10.8326 136.241 56.8262 111.33 0 0 0 0 0 0 0 0 0 73.0718 0 0 0 116.639 43.2468 0 2.32108 0 53.6586 72.4711 0 102.231 0 0 7.38721 110.188 32.6586 0 61.5737 0 81.3212 0 54.7335 97.8608 
557.033 557.033 557.033 557.033 557.033 557.033 557.033 557.033 557.033 557.033 557.033 557.033 557.033 557.033 557.033 557.033 557.033 557.033 557.033 557.033 557.033 557.033 557.033 557.033 557.033 557.033 557.033 557.033 557.033 557.033 557.033 557.033 557.033 557.033 557.033 557.033 557.033 557.033 557.033 557.033 557.033 557.033 557.033 557.033 557.033 557.033 557.033 557.033 
1 1 1 1 1 1 1 1 1 1 1 1 1 1 1 1 1 1 1 1 1 1 1 1 1 1 1 1 1 1 1 1 1 1 1 1 1 1 1 1 1 1 1 1 1 1 1 1 
