24 10 
14933.2 14933.2 14933.2 14933.2 14933.2 14933.2 14933.2 14933.2 14933.2 14933.2 14933.2 14933.2 14933.2 14933.2 14933.2 14933.2 14933.2 14933.2 14933.2 14933.2 14933.2 14933.2 14933.2 14933.2 
item 0
65.3772 73.9443 106.483 70.371 62.8381 105.513 31.3926 65.3713 40.5802 91.4128 60.3719 69.7522 25.7278 90.9688 82.2113 100.691 56.5199 103.274 57.5512 119.92 50.3554 91.6405 40.6731 90.3449 
576.57 576.57 576.57 576.57 576.57 576.57 576.57 576.57 576.57 576.57 576.57 576.57 576.57 576.57 576.57 576.57 576.57 576.57 576.57 576.57 576.57 576.57 576.57 576.57 
1 1 1 1 1 1 1 1 1 1 1 1 1 1 1 1 1 1 1 1 1 1 1 1 
item 1
36.4312 80.2043 40.9495 139.605 33.8657 86.3105 64.2311 92.4507 81.1536 90.4892 35.6904 110.249 35.3031 105.047 10.2299 121.21 44.4629 104.63 30.7397 135.658 48.6444 100.074 60.5771 96.2554 
702.063 702.063 702.063 702.063 702.063 702.063 702.063 702.063 702.063 702.063 702.063 702.063 702.063 702.063 702.063 702.063 702.063 702.063 702.063 702.063 702.063 702.063 702.063 702.063 
1 1 1 1 1 1 1 1 1 1 1 1 1 1 1 1 1 1 1 1 1 1 1 1 
item 2
46.6525 92.5324 47.1316 106.069 37.3765 86.1233 49.2028 125.172 27.1048 68.3437 32.792 73.0598 17.4551 115.671 71.6718 118.868 23.6331 101.302 51.835 100.526 72.9107 97.6946 32.3144 119.503 
522.558 522.558 522.558 522.558 522.558 522.558 522.558 522.558 522.558 522.558 522.558 522.558 522.558 522.558 522.558 522.558 522.558 522.558 522.558 522.558 522.558 522.558 522.558 522.558 
1 1 1 1 1 1 1 1 1 1 1 1 1 1 1 1 1 1 1 1 1 1 1 1 
item 3
29.4325 91.1521 85.7892 101.77 47.3305 66.6284 43.7715 103.349 55.718 109.826 30.0477 92.8521 64.4255 82.6419 56.9111 81.1992 44.8799 114.574 39.7487 113.116 70.7984 85.054 65.2785 88.9069 
464.252 464.252 464.252 464.252 464.252 464.252 464.252 464.252 464.252 464.252 464.252 464.252 464.252 464.252 464.252 464.252 464.252 464.252 464.252 464.252 464.252 464.252 464.252 464.252 
1 1 1 1 1 1 1 1 1 1 1 1 1 1 1 1 1 1 1 1 1 1 1 1 
item 4
42.4974 105.096 81.819 96.128 92.1026 58.691 48.0619 107.091 51.0093 116.599 60.6627 94.557 70.5224 100.604 68.2668 101.102 46.8272 121.517 50.0164 101.883 40.676 93.8775 89.2563 99.4296 
1076.35 1076.35 1076.35 1076.35 1076.35 1076.35 1076.35 1076.35 1076.35 1076.35 1076.35 1076.35 1076.35 1076.35 1076.35 1076.35 1076.35 1076.35 1076.35 1076.35 1076.35 1076.35 1076.35 1076.35 
1 1 1 1 1 1 1 1 1 1 1 1 1 1 1 1 1 1 1 1 1 1 1 1 
item 5
65.8201 91.6268 30.5839 91.9451 38.0397 91.3711 53.4947 109.205 34.6124 104.196 29.0988 99.8969 52.863 98.0399 51.1377 88.3867 52.5339 109.202 21.2755 68.3825 27.2686 107.288 64.5986 103.03 
1079.35 1079.35 1079.35 1079.35 1079.35 1079.35 1079.35 1079.35 1079.35 1079.35 1079.35 1079.35 1079.35 1079.35 1079.35 1079.35 1079.35 1079.35 1079.35 1079.35 1079.35 1079.35 1079.35 1079.35 
1 1 1 1 1 1 1 1 1 1 1 1 1 1 1 1 1 1 1 1 1 1 1 1 
item 6
56.0737 99.856 63.1951 104.887 32.145 77.2002 75.6401 89.3102 14.0335 106.886 68.9191 104.283 27.6853 118.292 0.00279826 101.806 31.3054 89.3268 54.2839 105.198 18.891 70.605 27.5517 85.3029 
447.914 447.914 447.914 447.914 447.914 447.914 447.914 447.914 447.914 447.914 447.914 447.914 447.914 447.914 447.914 447.914 447.914 447.914 447.914 447.914 447.914 447.914 447.914 447.914 
1 1 1 1 1 1 1 1 1 1 1 1 1 1 1 1 1 1 1 1 1 1 1 1 
item 7
22.9949 99.7095 9.23627 88.9303 67.7275 86.8715 42.8185 117.977 43.0896 79.8011 56.2484 88.2581 25.0158 130.252 41.7023 98.4779 32.9103 99.9499 55.9708 120.894 47.3273 85.463 51.576 100.856 
642.31 642.31 642.31 642.31 642.31 642.31 642.31 642.31 642.31 642.31 642.31 642.31 642.31 642.31 642.31 642.31 642.31 642.31 642.31 642.31 642.31 642.31 642.31 642.31 
1 1 1 1 1 1 1 1 1 1 1 1 1 1 1 1 1 1 1 1 1 1 1 1 
item 8
24.2488 106.962 78.8164 83.0249 59.1728 61.6794 21.3999 84.5903 22.9415 51.5809 74.1441 97.5912 80.2607 92.7058 56.8653 157.007 46.4778 70.2103 50.7126 102.377 40.3326 130.981 56.7561 37.2079 
464.133 464.133 464.133 464.133 464.133 464.133 464.133 464.133 464.133 464.133 464.133 464.133 464.133 464.133 464.133 464.133 464.133 464.133 464.133 464.133 464.133 464.133 464.133 464.133 
1 1 1 1 1 1 1 1 1 1 1 1 1 1 1 1 1 1 1 1 1 1 1 1 
item 9
25.8086 76.5492 43.7002 81.3282 40.869 91.8275 52.8446 91.3704 61.2058 126.93 16.0439 86.7106 28.8147 107.55 9.96799 88.0475 46.0952 105.227 74.3066 116.353 37.3665 111.566 67.2235 87.7864 
222.966 222.966 222.966 222.966 222.966 222.966 222.966 222.966 222.966 222.966 222.966 222.966 222.966 222.966 222.966 222.966 222.966 222.966 222.966 222.966 222.966 222.966 222.966 222.966 
1 1 1 1 1 1 1 1 1 1 1 1 1 1 1 1 1 1 1 1 1 1 1 1 
