6 40 
-6.27744e+66 107.679 238.369 304.096 489.714 743.005 1362.22 
-6.27744e+66 -6.27744e+66 107.679 140.542 264.288 454.256 949.624 
-6.27744e+66 -6.27744e+66 -6.27744e+66 107.679 169.552 296.197 667.723 
-6.27744e+66 -6.27744e+66 -6.27744e+66 -6.27744e+66 107.679 171.001 418.686 
-6.27744e+66 -6.27744e+66 -6.27744e+66 -6.27744e+66 -6.27744e+66 107.679 231.521 
-6.27744e+66 -6.27744e+66 -6.27744e+66 -6.27744e+66 -6.27744e+66 -6.27744e+66 107.679 
-6.27744e+66 -6.27744e+66 -6.27744e+66 -6.27744e+66 -6.27744e+66 -6.27744e+66 -6.27744e+66 
-6.27744e+66 63.4492 159.853 242.469 463.119 645.916 1048.75 
-6.27744e+66 -6.27744e+66 63.4492 104.757 251.858 388.955 711.219 
-6.27744e+66 -6.27744e+66 -6.27744e+66 63.4492 136.999 228.398 470.096 
-6.27744e+66 -6.27744e+66 -6.27744e+66 -6.27744e+66 63.4492 109.148 270.28 
-6.27744e+66 -6.27744e+66 -6.27744e+66 -6.27744e+66 -6.27744e+66 63.4492 144.015 
-6.27744e+66 -6.27744e+66 -6.27744e+66 -6.27744e+66 -6.27744e+66 -6.27744e+66 63.4492 
-6.27744e+66 -6.27744e+66 -6.27744e+66 -6.27744e+66 -6.27744e+66 -6.27744e+66 -6.27744e+66 
-6.27744e+66 84.2467 201.771 327.618 583.645 791.604 1418.64 
-6.27744e+66 -6.27744e+66 84.2467 147.17 317.855 473.824 975.455 
-6.27744e+66 -6.27744e+66 -6.27744e+66 84.2467 169.589 273.569 649.792 
-6.27744e+66 -6.27744e+66 -6.27744e+66 -6.27744e+66 84.2467 136.237 387.052 
-6.27744e+66 -6.27744e+66 -6.27744e+66 -6.27744e+66 -6.27744e+66 84.2467 209.654 
-6.27744e+66 -6.27744e+66 -6.27744e+66 -6.27744e+66 -6.27744e+66 -6.27744e+66 84.2467 
-6.27744e+66 -6.27744e+66 -6.27744e+66 -6.27744e+66 -6.27744e+66 -6.27744e+66 -6.27744e+66 
-6.27744e+66 52.9524 142.092 262.83 670.223 834.448 1304.64 
-6.27744e+66 -6.27744e+66 52.9524 113.321 384.917 508.085 884.236 
-6.27744e+66 -6.27744e+66 -6.27744e+66 52.9524 188.75 270.863 552.975 
-6.27744e+66 -6.27744e+66 -6.27744e+66 -6.27744e+66 52.9524 94.0087 282.084 
-6.27744e+66 -6.27744e+66 -6.27744e+66 -6.27744e+66 -6.27744e+66 52.9524 146.99 
-6.27744e+66 -6.27744e+66 -6.27744e+66 -6.27744e+66 -6.27744e+66 -6.27744e+66 52.9524 
-6.27744e+66 -6.27744e+66 -6.27744e+66 -6.27744e+66 -6.27744e+66 -6.27744e+66 -6.27744e+66 
-6.27744e+66 78.2622 164.772 221.166 530.209 720.544 1180.22 
-6.27744e+66 -6.27744e+66 78.2622 106.459 312.488 455.239 822.976 
-6.27744e+66 -6.27744e+66 -6.27744e+66 78.2622 181.277 276.444 552.247 
-6.27744e+66 -6.27744e+66 -6.27744e+66 -6.27744e+66 78.2622 125.846 309.714 
-6.27744e+66 -6.27744e+66 -6.27744e+66 -6.27744e+66 -6.27744e+66 78.2622 170.196 
-6.27744e+66 -6.27744e+66 -6.27744e+66 -6.27744e+66 -6.27744e+66 -6.27744e+66 78.2622 
-6.27744e+66 -6.27744e+66 -6.27744e+66 -6.27744e+66 -6.27744e+66 -6.27744e+66 -6.27744e+66 
-6.27744e+66 64.6901 184.513 341.823 637.47 857.711 1385.05 
-6.27744e+66 -6.27744e+66 64.6901 143.345 340.443 505.624 927.493 
-6.27744e+66 -6.27744e+66 -6.27744e+66 64.6901 163.239 273.36 589.761 
-6.27744e+66 -6.27744e+66 -6.27744e+66 -6.27744e+66 64.6901 119.75 330.685 
-6.27744e+66 -6.27744e+66 -6.27744e+66 -6.27744e+66 -6.27744e+66 64.6901 170.157 
-6.27744e+66 -6.27744e+66 -6.27744e+66 -6.27744e+66 -6.27744e+66 -6.27744e+66 64.6901 
-6.27744e+66 -6.27744e+66 -6.27744e+66 -6.27744e+66 -6.27744e+66 -6.27744e+66 -6.27744e+66 
-6.27744e+66 51.4979 140.67 223.441 440.872 753.265 1323.31 
-6.27744e+66 -6.27744e+66 51.4979 92.8834 237.838 472.132 928.171 
-6.27744e+66 -6.27744e+66 -6.27744e+66 51.4979 123.975 280.171 622.2 
-6.27744e+66 -6.27744e+66 -6.27744e+66 -6.27744e+66 51.4979 129.596 357.615 
-6.27744e+66 -6.27744e+66 -6.27744e+66 -6.27744e+66 -6.27744e+66 51.4979 165.508 
-6.27744e+66 -6.27744e+66 -6.27744e+66 -6.27744e+66 -6.27744e+66 -6.27744e+66 51.4979 
-6.27744e+66 -6.27744e+66 -6.27744e+66 -6.27744e+66 -6.27744e+66 -6.27744e+66 -6.27744e+66 
-6.27744e+66 48.386 143.356 228.16 586.619 745.906 1301.06 
-6.27744e+66 -6.27744e+66 48.386 90.788 329.761 449.226 893.352 
-6.27744e+66 -6.27744e+66 -6.27744e+66 48.386 167.872 247.516 580.61 
-6.27744e+66 -6.27744e+66 -6.27744e+66 -6.27744e+66 48.386 88.2075 310.271 
-6.27744e+66 -6.27744e+66 -6.27744e+66 -6.27744e+66 -6.27744e+66 48.386 159.418 
-6.27744e+66 -6.27744e+66 -6.27744e+66 -6.27744e+66 -6.27744e+66 -6.27744e+66 48.386 
-6.27744e+66 -6.27744e+66 -6.27744e+66 -6.27744e+66 -6.27744e+66 -6.27744e+66 -6.27744e+66 
-6.27744e+66 54.0949 134.64 134.64 639.917 684.295 1235.57 
-6.27744e+66 -6.27744e+66 54.0949 54.0949 390.946 424.23 865.247 
-6.27744e+66 -6.27744e+66 -6.27744e+66 54.0949 222.521 244.71 575.473 
-6.27744e+66 -6.27744e+66 -6.27744e+66 -6.27744e+66 54.0949 65.1894 285.698 
-6.27744e+66 -6.27744e+66 -6.27744e+66 -6.27744e+66 -6.27744e+66 54.0949 164.349 
-6.27744e+66 -6.27744e+66 -6.27744e+66 -6.27744e+66 -6.27744e+66 -6.27744e+66 54.0949 
-6.27744e+66 -6.27744e+66 -6.27744e+66 -6.27744e+66 -6.27744e+66 -6.27744e+66 -6.27744e+66 
-6.27744e+66 83.0337 181.2 259.203 532.682 728.301 1103.97 
-6.27744e+66 -6.27744e+66 83.0337 122.035 304.354 451.069 751.605 
-6.27744e+66 -6.27744e+66 -6.27744e+66 83.0337 174.193 272.003 497.405 
-6.27744e+66 -6.27744e+66 -6.27744e+66 -6.27744e+66 83.0337 131.938 282.207 
-6.27744e+66 -6.27744e+66 -6.27744e+66 -6.27744e+66 -6.27744e+66 83.0337 158.168 
-6.27744e+66 -6.27744e+66 -6.27744e+66 -6.27744e+66 -6.27744e+66 -6.27744e+66 83.0337 
-6.27744e+66 -6.27744e+66 -6.27744e+66 -6.27744e+66 -6.27744e+66 -6.27744e+66 -6.27744e+66 
-6.27744e+66 75.5086 159.216 206.801 372.653 500.184 983.848 
-6.27744e+66 -6.27744e+66 75.5086 99.3013 209.869 305.517 692.449 
-6.27744e+66 -6.27744e+66 -6.27744e+66 75.5086 130.793 194.558 484.757 
-6.27744e+66 -6.27744e+66 -6.27744e+66 -6.27744e+66 75.5086 107.391 300.857 
-6.27744e+66 -6.27744e+66 -6.27744e+66 -6.27744e+66 -6.27744e+66 75.5086 172.242 
-6.27744e+66 -6.27744e+66 -6.27744e+66 -6.27744e+66 -6.27744e+66 -6.27744e+66 75.5086 
-6.27744e+66 -6.27744e+66 -6.27744e+66 -6.27744e+66 -6.27744e+66 -6.27744e+66 -6.27744e+66 
-6.27744e+66 66.6548 185.876 364.33 671.38 928.943 1311.26 
-6.27744e+66 -6.27744e+66 66.6548 155.882 360.582 553.755 859.606 
-6.27744e+66 -6.27744e+66 -6.27744e+66 66.6548 169.005 297.787 527.175 
-6.27744e+66 -6.27744e+66 -6.27744e+66 -6.27744e+66 66.6548 131.046 283.971 
-6.27744e+66 -6.27744e+66 -6.27744e+66 -6.27744e+66 -6.27744e+66 66.6548 143.118 
-6.27744e+66 -6.27744e+66 -6.27744e+66 -6.27744e+66 -6.27744e+66 -6.27744e+66 66.6548 
-6.27744e+66 -6.27744e+66 -6.27744e+66 -6.27744e+66 -6.27744e+66 -6.27744e+66 -6.27744e+66 
-6.27744e+66 84.0317 170.115 314.466 717.031 966.42 1517.43 
-6.27744e+66 -6.27744e+66 84.0317 156.207 424.584 611.625 1052.43 
-6.27744e+66 -6.27744e+66 -6.27744e+66 84.0317 218.22 342.915 673.518 
-6.27744e+66 -6.27744e+66 -6.27744e+66 -6.27744e+66 84.0317 146.379 366.781 
-6.27744e+66 -6.27744e+66 -6.27744e+66 -6.27744e+66 -6.27744e+66 84.0317 194.233 
-6.27744e+66 -6.27744e+66 -6.27744e+66 -6.27744e+66 -6.27744e+66 -6.27744e+66 84.0317 
-6.27744e+66 -6.27744e+66 -6.27744e+66 -6.27744e+66 -6.27744e+66 -6.27744e+66 -6.27744e+66 
-6.27744e+66 26.4911 153.973 266.995 600.103 752.969 1331.89 
-6.27744e+66 -6.27744e+66 26.4911 83.002 305.074 419.724 882.86 
-6.27744e+66 -6.27744e+66 -6.27744e+66 26.4911 137.527 213.96 561.313 
-6.27744e+66 -6.27744e+66 -6.27744e+66 -6.27744e+66 26.4911 64.7076 296.276 
-6.27744e+66 -6.27744e+66 -6.27744e+66 -6.27744e+66 -6.27744e+66 26.4911 142.275 
-6.27744e+66 -6.27744e+66 -6.27744e+66 -6.27744e+66 -6.27744e+66 -6.27744e+66 26.4911 
-6.27744e+66 -6.27744e+66 -6.27744e+66 -6.27744e+66 -6.27744e+66 -6.27744e+66 -6.27744e+66 
-6.27744e+66 50.6638 180.953 256.238 565.191 706.229 1372.75 
-6.27744e+66 -6.27744e+66 50.6638 88.3059 294.275 400.053 933.266 
-6.27744e+66 -6.27744e+66 -6.27744e+66 50.6638 153.648 224.167 624.077 
-6.27744e+66 -6.27744e+66 -6.27744e+66 -6.27744e+66 50.6638 85.9233 352.53 
-6.27744e+66 -6.27744e+66 -6.27744e+66 -6.27744e+66 -6.27744e+66 50.6638 183.967 
-6.27744e+66 -6.27744e+66 -6.27744e+66 -6.27744e+66 -6.27744e+66 -6.27744e+66 50.6638 
-6.27744e+66 -6.27744e+66 -6.27744e+66 -6.27744e+66 -6.27744e+66 -6.27744e+66 -6.27744e+66 
-6.27744e+66 39.6254 154.292 297.814 583.724 760.319 1363.95 
-6.27744e+66 -6.27744e+66 39.6254 111.386 301.993 434.439 917.346 
-6.27744e+66 -6.27744e+66 -6.27744e+66 39.6254 134.929 223.226 585.406 
-6.27744e+66 -6.27744e+66 -6.27744e+66 -6.27744e+66 39.6254 83.774 325.227 
-6.27744e+66 -6.27744e+66 -6.27744e+66 -6.27744e+66 -6.27744e+66 39.6254 160.352 
-6.27744e+66 -6.27744e+66 -6.27744e+66 -6.27744e+66 -6.27744e+66 -6.27744e+66 39.6254 
-6.27744e+66 -6.27744e+66 -6.27744e+66 -6.27744e+66 -6.27744e+66 -6.27744e+66 -6.27744e+66 
-6.27744e+66 55.5545 152.282 228.086 603.35 795.372 1312.55 
-6.27744e+66 -6.27744e+66 55.5545 93.4568 343.633 487.649 901.389 
-6.27744e+66 -6.27744e+66 -6.27744e+66 55.5545 180.642 276.653 586.958 
-6.27744e+66 -6.27744e+66 -6.27744e+66 -6.27744e+66 55.5545 103.56 310.43 
-6.27744e+66 -6.27744e+66 -6.27744e+66 -6.27744e+66 -6.27744e+66 55.5545 158.99 
-6.27744e+66 -6.27744e+66 -6.27744e+66 -6.27744e+66 -6.27744e+66 -6.27744e+66 55.5545 
-6.27744e+66 -6.27744e+66 -6.27744e+66 -6.27744e+66 -6.27744e+66 -6.27744e+66 -6.27744e+66 
-6.27744e+66 42.2126 143.193 215.635 536.394 756.505 1354.77 
-6.27744e+66 -6.27744e+66 42.2126 78.4337 292.273 457.357 935.97 
-6.27744e+66 -6.27744e+66 -6.27744e+66 42.2126 149.132 259.188 618.148 
-6.27744e+66 -6.27744e+66 -6.27744e+66 -6.27744e+66 42.2126 97.2404 336.547 
-6.27744e+66 -6.27744e+66 -6.27744e+66 -6.27744e+66 -6.27744e+66 42.2126 161.866 
-6.27744e+66 -6.27744e+66 -6.27744e+66 -6.27744e+66 -6.27744e+66 -6.27744e+66 42.2126 
-6.27744e+66 -6.27744e+66 -6.27744e+66 -6.27744e+66 -6.27744e+66 -6.27744e+66 -6.27744e+66 
-6.27744e+66 25.2466 105.936 170.819 547.171 845.118 1367.38 
-6.27744e+66 -6.27744e+66 25.2466 57.688 308.589 532.049 949.859 
-6.27744e+66 -6.27744e+66 -6.27744e+66 25.2466 150.697 299.671 613.028 
-6.27744e+66 -6.27744e+66 -6.27744e+66 -6.27744e+66 25.2466 99.7333 308.638 
-6.27744e+66 -6.27744e+66 -6.27744e+66 -6.27744e+66 -6.27744e+66 25.2466 129.699 
-6.27744e+66 -6.27744e+66 -6.27744e+66 -6.27744e+66 -6.27744e+66 -6.27744e+66 25.2466 
-6.27744e+66 -6.27744e+66 -6.27744e+66 -6.27744e+66 -6.27744e+66 -6.27744e+66 -6.27744e+66 
-6.27744e+66 78.8052 186.59 245.354 533.442 743.892 1222.42 
-6.27744e+66 -6.27744e+66 78.8052 108.187 300.246 458.084 840.902 
-6.27744e+66 -6.27744e+66 -6.27744e+66 78.8052 174.835 280.06 567.173 
-6.27744e+66 -6.27744e+66 -6.27744e+66 -6.27744e+66 78.8052 131.418 322.827 
-6.27744e+66 -6.27744e+66 -6.27744e+66 -6.27744e+66 -6.27744e+66 78.8052 174.51 
-6.27744e+66 -6.27744e+66 -6.27744e+66 -6.27744e+66 -6.27744e+66 -6.27744e+66 78.8052 
-6.27744e+66 -6.27744e+66 -6.27744e+66 -6.27744e+66 -6.27744e+66 -6.27744e+66 -6.27744e+66 
-6.27744e+66 55.358 125.976 259.197 572.676 879.609 1260.46 
-6.27744e+66 -6.27744e+66 55.358 121.969 330.954 561.155 865.839 
-6.27744e+66 -6.27744e+66 -6.27744e+66 55.358 159.851 313.318 541.831 
-6.27744e+66 -6.27744e+66 -6.27744e+66 -6.27744e+66 55.358 132.091 284.434 
-6.27744e+66 -6.27744e+66 -6.27744e+66 -6.27744e+66 -6.27744e+66 55.358 131.529 
-6.27744e+66 -6.27744e+66 -6.27744e+66 -6.27744e+66 -6.27744e+66 -6.27744e+66 55.358 
-6.27744e+66 -6.27744e+66 -6.27744e+66 -6.27744e+66 -6.27744e+66 -6.27744e+66 -6.27744e+66 
-6.27744e+66 87.789 166.949 315.536 662.304 930.605 1612.98 
-6.27744e+66 -6.27744e+66 87.789 162.082 393.261 594.487 1140.39 
-6.27744e+66 -6.27744e+66 -6.27744e+66 87.789 203.378 337.529 746.956 
-6.27744e+66 -6.27744e+66 -6.27744e+66 -6.27744e+66 87.789 154.864 427.816 
-6.27744e+66 -6.27744e+66 -6.27744e+66 -6.27744e+66 -6.27744e+66 87.789 224.265 
-6.27744e+66 -6.27744e+66 -6.27744e+66 -6.27744e+66 -6.27744e+66 -6.27744e+66 87.789 
-6.27744e+66 -6.27744e+66 -6.27744e+66 -6.27744e+66 -6.27744e+66 -6.27744e+66 -6.27744e+66 
-6.27744e+66 65.3376 166.394 283.657 569.508 728.982 1161.16 
-6.27744e+66 -6.27744e+66 65.3376 123.969 314.537 434.142 779.886 
-6.27744e+66 -6.27744e+66 -6.27744e+66 65.3376 160.621 240.358 499.666 
-6.27744e+66 -6.27744e+66 -6.27744e+66 -6.27744e+66 65.3376 105.206 278.078 
-6.27744e+66 -6.27744e+66 -6.27744e+66 -6.27744e+66 -6.27744e+66 65.3376 151.774 
-6.27744e+66 -6.27744e+66 -6.27744e+66 -6.27744e+66 -6.27744e+66 -6.27744e+66 65.3376 
-6.27744e+66 -6.27744e+66 -6.27744e+66 -6.27744e+66 -6.27744e+66 -6.27744e+66 -6.27744e+66 
-6.27744e+66 50.0025 180.203 298.952 578.609 786.334 1277.38 
-6.27744e+66 -6.27744e+66 50.0025 109.377 295.815 451.609 844.447 
-6.27744e+66 -6.27744e+66 -6.27744e+66 50.0025 143.222 247.084 541.713 
-6.27744e+66 -6.27744e+66 -6.27744e+66 -6.27744e+66 50.0025 101.934 298.353 
-6.27744e+66 -6.27744e+66 -6.27744e+66 -6.27744e+66 -6.27744e+66 50.0025 148.212 
-6.27744e+66 -6.27744e+66 -6.27744e+66 -6.27744e+66 -6.27744e+66 -6.27744e+66 50.0025 
-6.27744e+66 -6.27744e+66 -6.27744e+66 -6.27744e+66 -6.27744e+66 -6.27744e+66 -6.27744e+66 
-6.27744e+66 76.9914 188.618 188.618 427.39 645.882 1292.21 
-6.27744e+66 -6.27744e+66 76.9914 76.9914 236.173 400.042 917.102 
-6.27744e+66 -6.27744e+66 -6.27744e+66 76.9914 156.582 265.828 653.623 
-6.27744e+66 -6.27744e+66 -6.27744e+66 -6.27744e+66 76.9914 131.614 390.145 
-6.27744e+66 -6.27744e+66 -6.27744e+66 -6.27744e+66 -6.27744e+66 76.9914 206.256 
-6.27744e+66 -6.27744e+66 -6.27744e+66 -6.27744e+66 -6.27744e+66 -6.27744e+66 76.9914 
-6.27744e+66 -6.27744e+66 -6.27744e+66 -6.27744e+66 -6.27744e+66 -6.27744e+66 -6.27744e+66 
-6.27744e+66 47.9877 177.672 313.076 711.664 836.46 1142.6 
-6.27744e+66 -6.27744e+66 47.9877 115.69 381.415 475.012 719.923 
-6.27744e+66 -6.27744e+66 -6.27744e+66 47.9877 180.85 243.248 426.931 
-6.27744e+66 -6.27744e+66 -6.27744e+66 -6.27744e+66 47.9877 79.1865 201.642 
-6.27744e+66 -6.27744e+66 -6.27744e+66 -6.27744e+66 -6.27744e+66 47.9877 109.215 
-6.27744e+66 -6.27744e+66 -6.27744e+66 -6.27744e+66 -6.27744e+66 -6.27744e+66 47.9877 
-6.27744e+66 -6.27744e+66 -6.27744e+66 -6.27744e+66 -6.27744e+66 -6.27744e+66 -6.27744e+66 
-6.27744e+66 53.4725 163.495 299.364 510.298 759.964 1022.64 
-6.27744e+66 -6.27744e+66 53.4725 121.407 262.03 449.279 659.424 
-6.27744e+66 -6.27744e+66 -6.27744e+66 53.4725 123.784 248.617 406.225 
-6.27744e+66 -6.27744e+66 -6.27744e+66 -6.27744e+66 53.4725 115.889 220.961 
-6.27744e+66 -6.27744e+66 -6.27744e+66 -6.27744e+66 -6.27744e+66 53.4725 106.009 
-6.27744e+66 -6.27744e+66 -6.27744e+66 -6.27744e+66 -6.27744e+66 -6.27744e+66 53.4725 
-6.27744e+66 -6.27744e+66 -6.27744e+66 -6.27744e+66 -6.27744e+66 -6.27744e+66 -6.27744e+66 
-6.27744e+66 85.5964 164.027 233.841 542.699 748.406 1112.62 
-6.27744e+66 -6.27744e+66 85.5964 120.503 326.409 480.689 772.059 
-6.27744e+66 -6.27744e+66 -6.27744e+66 85.5964 188.549 291.403 509.93 
-6.27744e+66 -6.27744e+66 -6.27744e+66 -6.27744e+66 85.5964 137.023 282.708 
-6.27744e+66 -6.27744e+66 -6.27744e+66 -6.27744e+66 -6.27744e+66 85.5964 158.439 
-6.27744e+66 -6.27744e+66 -6.27744e+66 -6.27744e+66 -6.27744e+66 -6.27744e+66 85.5964 
-6.27744e+66 -6.27744e+66 -6.27744e+66 -6.27744e+66 -6.27744e+66 -6.27744e+66 -6.27744e+66 
-6.27744e+66 42.6016 119.942 282.195 460.493 618.699 1218.26 
-6.27744e+66 -6.27744e+66 42.6016 123.728 242.593 361.248 840.9 
-6.27744e+66 -6.27744e+66 -6.27744e+66 42.6016 102.034 181.137 540.877 
-6.27744e+66 -6.27744e+66 -6.27744e+66 -6.27744e+66 42.6016 82.1531 321.979 
-6.27744e+66 -6.27744e+66 -6.27744e+66 -6.27744e+66 -6.27744e+66 42.6016 162.515 
-6.27744e+66 -6.27744e+66 -6.27744e+66 -6.27744e+66 -6.27744e+66 -6.27744e+66 42.6016 
-6.27744e+66 -6.27744e+66 -6.27744e+66 -6.27744e+66 -6.27744e+66 -6.27744e+66 -6.27744e+66 
-6.27744e+66 95.8944 193.132 264.823 603.035 735.296 1173.44 
-6.27744e+66 -6.27744e+66 95.8944 131.74 357.215 456.41 806.922 
-6.27744e+66 -6.27744e+66 -6.27744e+66 95.8944 208.632 274.762 537.646 
-6.27744e+66 -6.27744e+66 -6.27744e+66 -6.27744e+66 95.8944 128.96 304.215 
-6.27744e+66 -6.27744e+66 -6.27744e+66 -6.27744e+66 -6.27744e+66 95.8944 183.522 
-6.27744e+66 -6.27744e+66 -6.27744e+66 -6.27744e+66 -6.27744e+66 -6.27744e+66 95.8944 
-6.27744e+66 -6.27744e+66 -6.27744e+66 -6.27744e+66 -6.27744e+66 -6.27744e+66 -6.27744e+66 
-6.27744e+66 32.9722 135.657 170.22 368.495 550.919 1088.98 
-6.27744e+66 -6.27744e+66 32.9722 50.2536 182.437 319.255 749.703 
-6.27744e+66 -6.27744e+66 -6.27744e+66 32.9722 99.0638 190.276 513.112 
-6.27744e+66 -6.27744e+66 -6.27744e+66 -6.27744e+66 32.9722 78.5784 293.802 
-6.27744e+66 -6.27744e+66 -6.27744e+66 -6.27744e+66 -6.27744e+66 32.9722 140.584 
-6.27744e+66 -6.27744e+66 -6.27744e+66 -6.27744e+66 -6.27744e+66 -6.27744e+66 32.9722 
-6.27744e+66 -6.27744e+66 -6.27744e+66 -6.27744e+66 -6.27744e+66 -6.27744e+66 -6.27744e+66 
-6.27744e+66 68.5358 159.491 227.215 518.591 789.068 1263.96 
-6.27744e+66 -6.27744e+66 68.5358 102.398 296.648 499.506 879.42 
-6.27744e+66 -6.27744e+66 -6.27744e+66 68.5358 165.661 300.9 585.835 
-6.27744e+66 -6.27744e+66 -6.27744e+66 -6.27744e+66 68.5358 136.155 326.112 
-6.27744e+66 -6.27744e+66 -6.27744e+66 -6.27744e+66 -6.27744e+66 68.5358 163.514 
-6.27744e+66 -6.27744e+66 -6.27744e+66 -6.27744e+66 -6.27744e+66 -6.27744e+66 68.5358 
-6.27744e+66 -6.27744e+66 -6.27744e+66 -6.27744e+66 -6.27744e+66 -6.27744e+66 -6.27744e+66 
-6.27744e+66 61.4257 217.634 235.752 548.164 793.113 1206.59 
-6.27744e+66 -6.27744e+66 61.4257 70.4847 278.76 462.471 793.25 
-6.27744e+66 -6.27744e+66 -6.27744e+66 61.4257 165.563 288.037 536.122 
-6.27744e+66 -6.27744e+66 -6.27744e+66 -6.27744e+66 61.4257 122.663 288.052 
-6.27744e+66 -6.27744e+66 -6.27744e+66 -6.27744e+66 -6.27744e+66 61.4257 144.12 
-6.27744e+66 -6.27744e+66 -6.27744e+66 -6.27744e+66 -6.27744e+66 -6.27744e+66 61.4257 
-6.27744e+66 -6.27744e+66 -6.27744e+66 -6.27744e+66 -6.27744e+66 -6.27744e+66 -6.27744e+66 
-6.27744e+66 71.4638 154.015 259.151 534.913 821.734 1331.55 
-6.27744e+66 -6.27744e+66 71.4638 124.031 307.873 522.989 930.841 
-6.27744e+66 -6.27744e+66 -6.27744e+66 71.4638 163.385 306.795 612.685 
-6.27744e+66 -6.27744e+66 -6.27744e+66 -6.27744e+66 71.4638 143.169 347.095 
-6.27744e+66 -6.27744e+66 -6.27744e+66 -6.27744e+66 -6.27744e+66 71.4638 173.427 
-6.27744e+66 -6.27744e+66 -6.27744e+66 -6.27744e+66 -6.27744e+66 -6.27744e+66 71.4638 
-6.27744e+66 -6.27744e+66 -6.27744e+66 -6.27744e+66 -6.27744e+66 -6.27744e+66 -6.27744e+66 
-6.27744e+66 67.5394 142.214 226.172 669.538 878.844 1429.29 
-6.27744e+66 -6.27744e+66 67.5394 109.518 405.095 562.075 1002.43 
-6.27744e+66 -6.27744e+66 -6.27744e+66 67.5394 215.328 319.981 650.247 
-6.27744e+66 -6.27744e+66 -6.27744e+66 -6.27744e+66 67.5394 119.866 340.043 
-6.27744e+66 -6.27744e+66 -6.27744e+66 -6.27744e+66 -6.27744e+66 67.5394 177.628 
-6.27744e+66 -6.27744e+66 -6.27744e+66 -6.27744e+66 -6.27744e+66 -6.27744e+66 67.5394 
-6.27744e+66 -6.27744e+66 -6.27744e+66 -6.27744e+66 -6.27744e+66 -6.27744e+66 -6.27744e+66 
-6.27744e+66 87.5289 189.176 256.877 612.506 910.568 1371.03 
-6.27744e+66 -6.27744e+66 87.5289 121.379 358.465 582.012 950.38 
-6.27744e+66 -6.27744e+66 -6.27744e+66 87.5289 206.072 355.103 631.379 
-6.27744e+66 -6.27744e+66 -6.27744e+66 -6.27744e+66 87.5289 162.044 346.229 
-6.27744e+66 -6.27744e+66 -6.27744e+66 -6.27744e+66 -6.27744e+66 87.5289 179.621 
-6.27744e+66 -6.27744e+66 -6.27744e+66 -6.27744e+66 -6.27744e+66 -6.27744e+66 87.5289 
-6.27744e+66 -6.27744e+66 -6.27744e+66 -6.27744e+66 -6.27744e+66 -6.27744e+66 -6.27744e+66 
-6.27744e+66 33.3561 137.506 215.172 447.883 547.934 1126.38 
-6.27744e+66 -6.27744e+66 33.3561 72.1893 227.33 302.368 765.121 
-6.27744e+66 -6.27744e+66 -6.27744e+66 33.3561 110.926 160.952 508.017 
-6.27744e+66 -6.27744e+66 -6.27744e+66 -6.27744e+66 33.3561 58.3688 289.745 
-6.27744e+66 -6.27744e+66 -6.27744e+66 -6.27744e+66 -6.27744e+66 33.3561 149.044 
-6.27744e+66 -6.27744e+66 -6.27744e+66 -6.27744e+66 -6.27744e+66 -6.27744e+66 33.3561 
-6.27744e+66 -6.27744e+66 -6.27744e+66 -6.27744e+66 -6.27744e+66 -6.27744e+66 -6.27744e+66 
-6.27744e+66 52.4696 157.872 255.655 551.519 811.893 1080.23 
-6.27744e+66 -6.27744e+66 52.4696 101.361 298.604 493.885 708.556 
-6.27744e+66 -6.27744e+66 -6.27744e+66 52.4696 151.091 281.278 442.282 
-6.27744e+66 -6.27744e+66 -6.27744e+66 -6.27744e+66 52.4696 117.563 224.899 
-6.27744e+66 -6.27744e+66 -6.27744e+66 -6.27744e+66 -6.27744e+66 52.4696 106.138 
-6.27744e+66 -6.27744e+66 -6.27744e+66 -6.27744e+66 -6.27744e+66 -6.27744e+66 52.4696 
-6.27744e+66 -6.27744e+66 -6.27744e+66 -6.27744e+66 -6.27744e+66 -6.27744e+66 -6.27744e+66 
-6.27744e+66 71.3523 195.723 286.587 642.022 777.516 1317.19 
-6.27744e+66 -6.27744e+66 71.3523 116.784 353.741 455.362 887.099 
-6.27744e+66 -6.27744e+66 -6.27744e+66 71.3523 189.831 257.578 581.381 
-6.27744e+66 -6.27744e+66 -6.27744e+66 -6.27744e+66 71.3523 105.226 321.095 
-6.27744e+66 -6.27744e+66 -6.27744e+66 -6.27744e+66 -6.27744e+66 71.3523 179.287 
-6.27744e+66 -6.27744e+66 -6.27744e+66 -6.27744e+66 -6.27744e+66 -6.27744e+66 71.3523 
-6.27744e+66 -6.27744e+66 -6.27744e+66 -6.27744e+66 -6.27744e+66 -6.27744e+66 -6.27744e+66 
-6.27744e+66 64.2533 162.711 239.248 541.492 784.308 1491.65 
-6.27744e+66 -6.27744e+66 64.2533 102.522 304.017 486.129 1052.01 
-6.27744e+66 -6.27744e+66 -6.27744e+66 64.2533 165.001 286.409 710.817 
-6.27744e+66 -6.27744e+66 -6.27744e+66 -6.27744e+66 64.2533 124.957 407.896 
-6.27744e+66 -6.27744e+66 -6.27744e+66 -6.27744e+66 -6.27744e+66 64.2533 205.722 
-6.27744e+66 -6.27744e+66 -6.27744e+66 -6.27744e+66 -6.27744e+66 -6.27744e+66 64.2533 
-6.27744e+66 -6.27744e+66 -6.27744e+66 -6.27744e+66 -6.27744e+66 -6.27744e+66 -6.27744e+66 
