12 10 
15086.5 15086.5 15086.5 15086.5 15086.5 15086.5 15086.5 15086.5 15086.5 15086.5 15086.5 15086.5 
item 0
79.1056 77.966 23.5425 124.917 55.2164 89.758 67.4496 98.0747 64.5373 91.9633 44.3308 107.73 
354.704 354.704 354.704 354.704 354.704 354.704 354.704 354.704 354.704 354.704 354.704 354.704 
1 1 1 1 1 1 1 1 1 1 1 1 
item 1
50.5479 73.3288 41.7826 115.224 88.3339 129.981 67.2972 125.717 34.0324 88.0335 48.1533 118.18 
1003.91 1003.91 1003.91 1003.91 1003.91 1003.91 1003.91 1003.91 1003.91 1003.91 1003.91 1003.91 
1 1 1 1 1 1 1 1 1 1 1 1 
item 2
40.0453 94.1484 39.3848 138.772 73.196 113.503 60.458 123.975 47.6148 82.9566 46.1153 127.227 
954.016 954.016 954.016 954.016 954.016 954.016 954.016 954.016 954.016 954.016 954.016 954.016 
1 1 1 1 1 1 1 1 1 1 1 1 
item 3
61.3075 94.0908 63.7164 68.8439 68.4788 119.853 36.2889 126.606 64.5345 79.442 41.9087 139.05 
239.035 239.035 239.035 239.035 239.035 239.035 239.035 239.035 239.035 239.035 239.035 239.035 
1 1 1 1 1 1 1 1 1 1 1 1 
item 4
61.9454 93.8658 50.302 86.2772 38.944 108.983 48.9219 115.279 76.7651 81.735 59.6807 74.5696 
489.117 489.117 489.117 489.117 489.117 489.117 489.117 489.117 489.117 489.117 489.117 489.117 
1 1 1 1 1 1 1 1 1 1 1 1 
item 5
11.3535 119.651 3.24357 111.469 51.576 71.355 57.735 91.4273 65.4861 119.312 39.7583 102.329 
556.114 556.114 556.114 556.114 556.114 556.114 556.114 556.114 556.114 556.114 556.114 556.114 
1 1 1 1 1 1 1 1 1 1 1 1 
item 6
34.155 95.3926 40.3767 69.2933 85.0651 103.825 62.9043 65.0538 65.4839 89.7638 80.4148 98.2157 
408.134 408.134 408.134 408.134 408.134 408.134 408.134 408.134 408.134 408.134 408.134 408.134 
1 1 1 1 1 1 1 1 1 1 1 1 
item 7
16.6844 82.1337 56.3722 107.503 44.127 124.401 51.8853 87.747 60.0137 72.6428 57.2638 107.147 
1080.86 1080.86 1080.86 1080.86 1080.86 1080.86 1080.86 1080.86 1080.86 1080.86 1080.86 1080.86 
1 1 1 1 1 1 1 1 1 1 1 1 
item 8
64.8969 99.8981 42.1248 84.2297 60.9409 75.0125 10.2666 129.034 50.6654 101.928 47.2815 88.4493 
514.845 514.845 514.845 514.845 514.845 514.845 514.845 514.845 514.845 514.845 514.845 514.845 
1 1 1 1 1 1 1 1 1 1 1 1 
item 9
86.442 103.539 77.2514 101.33 64.9982 109.528 38.1829 87.5031 49.7669 99.6774 49.9767 87.5043 
241.451 241.451 241.451 241.451 241.451 241.451 241.451 241.451 241.451 241.451 241.451 241.451 
1 1 1 1 1 1 1 1 1 1 1 1 
