12 10 
-6.27744e+66 99.4634 99.4634 254.575 580.331 876.046 1487.68 1729.41 1729.41 2171.17 2171.17 2171.17 2171.17 
-6.27744e+66 -6.27744e+66 99.4634 177.019 394.19 615.976 1105.28 1306.73 1306.73 1693.27 1693.27 1693.27 1693.27 
-6.27744e+66 -6.27744e+66 -6.27744e+66 99.4634 208.049 355.906 722.887 884.043 884.043 1215.36 1215.36 1215.36 1215.36 
-6.27744e+66 -6.27744e+66 -6.27744e+66 -6.27744e+66 99.4634 173.392 418.046 538.913 538.913 815.01 815.01 815.01 815.01 
-6.27744e+66 -6.27744e+66 -6.27744e+66 -6.27744e+66 -6.27744e+66 99.4634 221.79 302.368 302.368 523.246 523.246 523.246 523.246 
-6.27744e+66 -6.27744e+66 -6.27744e+66 -6.27744e+66 -6.27744e+66 -6.27744e+66 99.4634 139.752 139.752 305.411 305.411 305.411 305.411 
-6.27744e+66 -6.27744e+66 -6.27744e+66 -6.27744e+66 -6.27744e+66 -6.27744e+66 -6.27744e+66 99.4634 99.4634 209.902 209.902 209.902 209.902 
-6.27744e+66 -6.27744e+66 -6.27744e+66 -6.27744e+66 -6.27744e+66 -6.27744e+66 -6.27744e+66 -6.27744e+66 99.4634 154.683 154.683 154.683 154.683 
-6.27744e+66 -6.27744e+66 -6.27744e+66 -6.27744e+66 -6.27744e+66 -6.27744e+66 -6.27744e+66 -6.27744e+66 -6.27744e+66 99.4634 99.4634 99.4634 99.4634 
-6.27744e+66 -6.27744e+66 -6.27744e+66 -6.27744e+66 -6.27744e+66 -6.27744e+66 -6.27744e+66 -6.27744e+66 -6.27744e+66 -6.27744e+66 99.4634 99.4634 99.4634 
-6.27744e+66 -6.27744e+66 -6.27744e+66 -6.27744e+66 -6.27744e+66 -6.27744e+66 -6.27744e+66 -6.27744e+66 -6.27744e+66 -6.27744e+66 -6.27744e+66 99.4634 99.4634 
-6.27744e+66 -6.27744e+66 -6.27744e+66 -6.27744e+66 -6.27744e+66 -6.27744e+66 -6.27744e+66 -6.27744e+66 -6.27744e+66 -6.27744e+66 -6.27744e+66 -6.27744e+66 99.4634 
-6.27744e+66 -6.27744e+66 -6.27744e+66 -6.27744e+66 -6.27744e+66 -6.27744e+66 -6.27744e+66 -6.27744e+66 -6.27744e+66 -6.27744e+66 -6.27744e+66 -6.27744e+66 -6.27744e+66 
-6.27744e+66 487.454 619.61 619.61 951.655 951.655 951.655 1292.16 2033.14 2033.14 2990.34 3338.21 3338.21 
-6.27744e+66 -6.27744e+66 487.454 487.454 708.817 708.817 708.817 992.569 1627.7 1627.7 2478.54 2791.63 2791.63 
-6.27744e+66 -6.27744e+66 -6.27744e+66 487.454 598.136 598.136 598.136 825.137 1354.41 1354.41 2098.9 2377.2 2377.2 
-6.27744e+66 -6.27744e+66 -6.27744e+66 -6.27744e+66 487.454 487.454 487.454 657.705 1081.12 1081.12 1719.25 1962.77 1962.77 
-6.27744e+66 -6.27744e+66 -6.27744e+66 -6.27744e+66 -6.27744e+66 487.454 487.454 600.955 918.519 918.519 1450.29 1659.02 1659.02 
-6.27744e+66 -6.27744e+66 -6.27744e+66 -6.27744e+66 -6.27744e+66 -6.27744e+66 487.454 544.204 755.914 755.914 1181.33 1355.27 1355.27 
-6.27744e+66 -6.27744e+66 -6.27744e+66 -6.27744e+66 -6.27744e+66 -6.27744e+66 -6.27744e+66 487.454 593.309 593.309 912.373 1051.52 1051.52 
-6.27744e+66 -6.27744e+66 -6.27744e+66 -6.27744e+66 -6.27744e+66 -6.27744e+66 -6.27744e+66 -6.27744e+66 487.454 487.454 700.164 804.526 804.526 
-6.27744e+66 -6.27744e+66 -6.27744e+66 -6.27744e+66 -6.27744e+66 -6.27744e+66 -6.27744e+66 -6.27744e+66 -6.27744e+66 487.454 593.809 663.384 663.384 
-6.27744e+66 -6.27744e+66 -6.27744e+66 -6.27744e+66 -6.27744e+66 -6.27744e+66 -6.27744e+66 -6.27744e+66 -6.27744e+66 -6.27744e+66 487.454 522.241 522.241 
-6.27744e+66 -6.27744e+66 -6.27744e+66 -6.27744e+66 -6.27744e+66 -6.27744e+66 -6.27744e+66 -6.27744e+66 -6.27744e+66 -6.27744e+66 -6.27744e+66 487.454 487.454 
-6.27744e+66 -6.27744e+66 -6.27744e+66 -6.27744e+66 -6.27744e+66 -6.27744e+66 -6.27744e+66 -6.27744e+66 -6.27744e+66 -6.27744e+66 -6.27744e+66 -6.27744e+66 487.454 
-6.27744e+66 -6.27744e+66 -6.27744e+66 -6.27744e+66 -6.27744e+66 -6.27744e+66 -6.27744e+66 -6.27744e+66 -6.27744e+66 -6.27744e+66 -6.27744e+66 -6.27744e+66 -6.27744e+66 
-6.27744e+66 72.9468 72.9468 72.9468 72.9468 240.761 240.761 514.469 514.469 874.203 874.203 874.203 1687.9 
-6.27744e+66 -6.27744e+66 72.9468 72.9468 72.9468 198.807 198.807 426.897 426.897 741.665 741.665 741.665 1481.39 
-6.27744e+66 -6.27744e+66 -6.27744e+66 72.9468 72.9468 156.854 156.854 339.326 339.326 609.126 609.126 609.126 1274.88 
-6.27744e+66 -6.27744e+66 -6.27744e+66 -6.27744e+66 72.9468 114.9 114.9 251.754 251.754 476.588 476.588 476.588 1068.37 
-6.27744e+66 -6.27744e+66 -6.27744e+66 -6.27744e+66 -6.27744e+66 72.9468 72.9468 164.183 164.183 344.05 344.05 344.05 861.857 
-6.27744e+66 -6.27744e+66 -6.27744e+66 -6.27744e+66 -6.27744e+66 -6.27744e+66 72.9468 118.565 118.565 253.465 253.465 253.465 697.299 
-6.27744e+66 -6.27744e+66 -6.27744e+66 -6.27744e+66 -6.27744e+66 -6.27744e+66 -6.27744e+66 72.9468 72.9468 162.88 162.88 162.88 532.742 
-6.27744e+66 -6.27744e+66 -6.27744e+66 -6.27744e+66 -6.27744e+66 -6.27744e+66 -6.27744e+66 -6.27744e+66 72.9468 117.913 117.913 117.913 413.803 
-6.27744e+66 -6.27744e+66 -6.27744e+66 -6.27744e+66 -6.27744e+66 -6.27744e+66 -6.27744e+66 -6.27744e+66 -6.27744e+66 72.9468 72.9468 72.9468 294.864 
-6.27744e+66 -6.27744e+66 -6.27744e+66 -6.27744e+66 -6.27744e+66 -6.27744e+66 -6.27744e+66 -6.27744e+66 -6.27744e+66 -6.27744e+66 72.9468 72.9468 220.892 
-6.27744e+66 -6.27744e+66 -6.27744e+66 -6.27744e+66 -6.27744e+66 -6.27744e+66 -6.27744e+66 -6.27744e+66 -6.27744e+66 -6.27744e+66 -6.27744e+66 72.9468 146.919 
-6.27744e+66 -6.27744e+66 -6.27744e+66 -6.27744e+66 -6.27744e+66 -6.27744e+66 -6.27744e+66 -6.27744e+66 -6.27744e+66 -6.27744e+66 -6.27744e+66 -6.27744e+66 72.9468 
-6.27744e+66 -6.27744e+66 -6.27744e+66 -6.27744e+66 -6.27744e+66 -6.27744e+66 -6.27744e+66 -6.27744e+66 -6.27744e+66 -6.27744e+66 -6.27744e+66 -6.27744e+66 -6.27744e+66 
-6.27744e+66 428.107 530.24 530.24 816.96 816.96 1540.99 1540.99 1540.99 1832.33 2528.86 2528.86 3893.56 
-6.27744e+66 -6.27744e+66 428.107 428.107 619.253 619.253 1198.47 1198.47 1198.47 1453.4 2072.54 2072.54 3313.17 
-6.27744e+66 -6.27744e+66 -6.27744e+66 428.107 523.68 523.68 958.096 958.096 958.096 1176.6 1718.35 1718.35 2834.92 
-6.27744e+66 -6.27744e+66 -6.27744e+66 -6.27744e+66 428.107 428.107 717.717 717.717 717.717 899.806 1364.16 1364.16 2356.67 
-6.27744e+66 -6.27744e+66 -6.27744e+66 -6.27744e+66 -6.27744e+66 428.107 572.912 572.912 572.912 718.583 1105.55 1105.55 1973.99 
-6.27744e+66 -6.27744e+66 -6.27744e+66 -6.27744e+66 -6.27744e+66 -6.27744e+66 428.107 428.107 428.107 537.36 846.931 846.931 1591.31 
-6.27744e+66 -6.27744e+66 -6.27744e+66 -6.27744e+66 -6.27744e+66 -6.27744e+66 -6.27744e+66 428.107 428.107 500.942 733.121 733.121 1353.44 
-6.27744e+66 -6.27744e+66 -6.27744e+66 -6.27744e+66 -6.27744e+66 -6.27744e+66 -6.27744e+66 -6.27744e+66 428.107 464.524 619.31 619.31 1115.56 
-6.27744e+66 -6.27744e+66 -6.27744e+66 -6.27744e+66 -6.27744e+66 -6.27744e+66 -6.27744e+66 -6.27744e+66 -6.27744e+66 428.107 505.499 505.499 877.688 
-6.27744e+66 -6.27744e+66 -6.27744e+66 -6.27744e+66 -6.27744e+66 -6.27744e+66 -6.27744e+66 -6.27744e+66 -6.27744e+66 -6.27744e+66 428.107 428.107 676.232 
-6.27744e+66 -6.27744e+66 -6.27744e+66 -6.27744e+66 -6.27744e+66 -6.27744e+66 -6.27744e+66 -6.27744e+66 -6.27744e+66 -6.27744e+66 -6.27744e+66 428.107 552.169 
-6.27744e+66 -6.27744e+66 -6.27744e+66 -6.27744e+66 -6.27744e+66 -6.27744e+66 -6.27744e+66 -6.27744e+66 -6.27744e+66 -6.27744e+66 -6.27744e+66 -6.27744e+66 428.107 
-6.27744e+66 -6.27744e+66 -6.27744e+66 -6.27744e+66 -6.27744e+66 -6.27744e+66 -6.27744e+66 -6.27744e+66 -6.27744e+66 -6.27744e+66 -6.27744e+66 -6.27744e+66 -6.27744e+66 
-6.27744e+66 375.442 375.442 375.442 713.494 713.494 1181.8 1389.39 1389.39 1818.31 2849.85 3353.27 4435.3 
-6.27744e+66 -6.27744e+66 375.442 375.442 600.81 600.81 975.454 1148.44 1148.44 1523.75 2440.68 2893.75 3877.42 
-6.27744e+66 -6.27744e+66 -6.27744e+66 375.442 488.126 488.126 769.109 907.5 907.5 1229.19 2031.5 2434.24 3319.54 
-6.27744e+66 -6.27744e+66 -6.27744e+66 -6.27744e+66 375.442 375.442 562.764 666.558 666.558 934.635 1622.33 1974.72 2761.66 
-6.27744e+66 -6.27744e+66 -6.27744e+66 -6.27744e+66 -6.27744e+66 375.442 469.103 538.299 538.299 752.761 1325.84 1627.89 2316.46 
-6.27744e+66 -6.27744e+66 -6.27744e+66 -6.27744e+66 -6.27744e+66 -6.27744e+66 375.442 410.04 410.04 570.887 1029.35 1281.06 1871.26 
-6.27744e+66 -6.27744e+66 -6.27744e+66 -6.27744e+66 -6.27744e+66 -6.27744e+66 -6.27744e+66 375.442 375.442 482.673 826.52 1027.89 1519.72 
-6.27744e+66 -6.27744e+66 -6.27744e+66 -6.27744e+66 -6.27744e+66 -6.27744e+66 -6.27744e+66 -6.27744e+66 375.442 429.058 658.289 809.315 1202.78 
-6.27744e+66 -6.27744e+66 -6.27744e+66 -6.27744e+66 -6.27744e+66 -6.27744e+66 -6.27744e+66 -6.27744e+66 -6.27744e+66 375.442 490.058 590.742 885.842 
-6.27744e+66 -6.27744e+66 -6.27744e+66 -6.27744e+66 -6.27744e+66 -6.27744e+66 -6.27744e+66 -6.27744e+66 -6.27744e+66 -6.27744e+66 375.442 425.784 622.518 
-6.27744e+66 -6.27744e+66 -6.27744e+66 -6.27744e+66 -6.27744e+66 -6.27744e+66 -6.27744e+66 -6.27744e+66 -6.27744e+66 -6.27744e+66 -6.27744e+66 375.442 473.809 
-6.27744e+66 -6.27744e+66 -6.27744e+66 -6.27744e+66 -6.27744e+66 -6.27744e+66 -6.27744e+66 -6.27744e+66 -6.27744e+66 -6.27744e+66 -6.27744e+66 -6.27744e+66 375.442 
-6.27744e+66 -6.27744e+66 -6.27744e+66 -6.27744e+66 -6.27744e+66 -6.27744e+66 -6.27744e+66 -6.27744e+66 -6.27744e+66 -6.27744e+66 -6.27744e+66 -6.27744e+66 -6.27744e+66 
-6.27744e+66 462.125 620.857 620.857 952.583 952.583 952.583 952.583 952.583 952.583 952.583 952.583 2602.73 
-6.27744e+66 -6.27744e+66 462.125 462.125 683.276 683.276 683.276 683.276 683.276 683.276 683.276 683.276 2183.41 
-6.27744e+66 -6.27744e+66 -6.27744e+66 462.125 572.701 572.701 572.701 572.701 572.701 572.701 572.701 572.701 1922.82 
-6.27744e+66 -6.27744e+66 -6.27744e+66 -6.27744e+66 462.125 462.125 462.125 462.125 462.125 462.125 462.125 462.125 1662.23 
-6.27744e+66 -6.27744e+66 -6.27744e+66 -6.27744e+66 -6.27744e+66 462.125 462.125 462.125 462.125 462.125 462.125 462.125 1512.22 
-6.27744e+66 -6.27744e+66 -6.27744e+66 -6.27744e+66 -6.27744e+66 -6.27744e+66 462.125 462.125 462.125 462.125 462.125 462.125 1362.21 
-6.27744e+66 -6.27744e+66 -6.27744e+66 -6.27744e+66 -6.27744e+66 -6.27744e+66 -6.27744e+66 462.125 462.125 462.125 462.125 462.125 1212.19 
-6.27744e+66 -6.27744e+66 -6.27744e+66 -6.27744e+66 -6.27744e+66 -6.27744e+66 -6.27744e+66 -6.27744e+66 462.125 462.125 462.125 462.125 1062.18 
-6.27744e+66 -6.27744e+66 -6.27744e+66 -6.27744e+66 -6.27744e+66 -6.27744e+66 -6.27744e+66 -6.27744e+66 -6.27744e+66 462.125 462.125 462.125 912.166 
-6.27744e+66 -6.27744e+66 -6.27744e+66 -6.27744e+66 -6.27744e+66 -6.27744e+66 -6.27744e+66 -6.27744e+66 -6.27744e+66 -6.27744e+66 462.125 462.125 762.152 
-6.27744e+66 -6.27744e+66 -6.27744e+66 -6.27744e+66 -6.27744e+66 -6.27744e+66 -6.27744e+66 -6.27744e+66 -6.27744e+66 -6.27744e+66 -6.27744e+66 462.125 612.139 
-6.27744e+66 -6.27744e+66 -6.27744e+66 -6.27744e+66 -6.27744e+66 -6.27744e+66 -6.27744e+66 -6.27744e+66 -6.27744e+66 -6.27744e+66 -6.27744e+66 -6.27744e+66 462.125 
-6.27744e+66 -6.27744e+66 -6.27744e+66 -6.27744e+66 -6.27744e+66 -6.27744e+66 -6.27744e+66 -6.27744e+66 -6.27744e+66 -6.27744e+66 -6.27744e+66 -6.27744e+66 -6.27744e+66 
-6.27744e+66 350.074 473.061 473.061 473.061 627.928 627.928 845.345 845.345 845.345 845.345 845.345 845.345 
-6.27744e+66 -6.27744e+66 350.074 350.074 350.074 466.225 466.225 647.405 647.405 647.405 647.405 647.405 647.405 
-6.27744e+66 -6.27744e+66 -6.27744e+66 350.074 350.074 427.508 427.508 572.452 572.452 572.452 572.452 572.452 572.452 
-6.27744e+66 -6.27744e+66 -6.27744e+66 -6.27744e+66 350.074 388.791 388.791 497.499 497.499 497.499 497.499 497.499 497.499 
-6.27744e+66 -6.27744e+66 -6.27744e+66 -6.27744e+66 -6.27744e+66 350.074 350.074 422.546 422.546 422.546 422.546 422.546 422.546 
-6.27744e+66 -6.27744e+66 -6.27744e+66 -6.27744e+66 -6.27744e+66 -6.27744e+66 350.074 386.31 386.31 386.31 386.31 386.31 386.31 
-6.27744e+66 -6.27744e+66 -6.27744e+66 -6.27744e+66 -6.27744e+66 -6.27744e+66 -6.27744e+66 350.074 350.074 350.074 350.074 350.074 350.074 
-6.27744e+66 -6.27744e+66 -6.27744e+66 -6.27744e+66 -6.27744e+66 -6.27744e+66 -6.27744e+66 -6.27744e+66 350.074 350.074 350.074 350.074 350.074 
-6.27744e+66 -6.27744e+66 -6.27744e+66 -6.27744e+66 -6.27744e+66 -6.27744e+66 -6.27744e+66 -6.27744e+66 -6.27744e+66 350.074 350.074 350.074 350.074 
-6.27744e+66 -6.27744e+66 -6.27744e+66 -6.27744e+66 -6.27744e+66 -6.27744e+66 -6.27744e+66 -6.27744e+66 -6.27744e+66 -6.27744e+66 350.074 350.074 350.074 
-6.27744e+66 -6.27744e+66 -6.27744e+66 -6.27744e+66 -6.27744e+66 -6.27744e+66 -6.27744e+66 -6.27744e+66 -6.27744e+66 -6.27744e+66 -6.27744e+66 350.074 350.074 
-6.27744e+66 -6.27744e+66 -6.27744e+66 -6.27744e+66 -6.27744e+66 -6.27744e+66 -6.27744e+66 -6.27744e+66 -6.27744e+66 -6.27744e+66 -6.27744e+66 -6.27744e+66 350.074 
-6.27744e+66 -6.27744e+66 -6.27744e+66 -6.27744e+66 -6.27744e+66 -6.27744e+66 -6.27744e+66 -6.27744e+66 -6.27744e+66 -6.27744e+66 -6.27744e+66 -6.27744e+66 -6.27744e+66 
-6.27744e+66 362.647 455.479 641.157 641.157 824.315 1273.7 1273.7 1273.7 1291.69 1291.69 1291.69 1291.69 
-6.27744e+66 -6.27744e+66 362.647 455.486 455.486 592.854 952.364 952.364 952.364 968.099 968.099 968.099 968.099 
-6.27744e+66 -6.27744e+66 -6.27744e+66 362.647 362.647 454.225 723.858 723.858 723.858 737.345 737.345 737.345 737.345 
-6.27744e+66 -6.27744e+66 -6.27744e+66 -6.27744e+66 362.647 408.436 588.191 588.191 588.191 599.43 599.43 599.43 599.43 
-6.27744e+66 -6.27744e+66 -6.27744e+66 -6.27744e+66 -6.27744e+66 362.647 452.524 452.524 452.524 461.516 461.516 461.516 461.516 
-6.27744e+66 -6.27744e+66 -6.27744e+66 -6.27744e+66 -6.27744e+66 -6.27744e+66 362.647 362.647 362.647 369.39 369.39 369.39 369.39 
-6.27744e+66 -6.27744e+66 -6.27744e+66 -6.27744e+66 -6.27744e+66 -6.27744e+66 -6.27744e+66 362.647 362.647 367.142 367.142 367.142 367.142 
-6.27744e+66 -6.27744e+66 -6.27744e+66 -6.27744e+66 -6.27744e+66 -6.27744e+66 -6.27744e+66 -6.27744e+66 362.647 364.894 364.894 364.894 364.894 
-6.27744e+66 -6.27744e+66 -6.27744e+66 -6.27744e+66 -6.27744e+66 -6.27744e+66 -6.27744e+66 -6.27744e+66 -6.27744e+66 362.647 362.647 362.647 362.647 
-6.27744e+66 -6.27744e+66 -6.27744e+66 -6.27744e+66 -6.27744e+66 -6.27744e+66 -6.27744e+66 -6.27744e+66 -6.27744e+66 -6.27744e+66 362.647 362.647 362.647 
-6.27744e+66 -6.27744e+66 -6.27744e+66 -6.27744e+66 -6.27744e+66 -6.27744e+66 -6.27744e+66 -6.27744e+66 -6.27744e+66 -6.27744e+66 -6.27744e+66 362.647 362.647 
-6.27744e+66 -6.27744e+66 -6.27744e+66 -6.27744e+66 -6.27744e+66 -6.27744e+66 -6.27744e+66 -6.27744e+66 -6.27744e+66 -6.27744e+66 -6.27744e+66 -6.27744e+66 362.647 
-6.27744e+66 -6.27744e+66 -6.27744e+66 -6.27744e+66 -6.27744e+66 -6.27744e+66 -6.27744e+66 -6.27744e+66 -6.27744e+66 -6.27744e+66 -6.27744e+66 -6.27744e+66 -6.27744e+66 
-6.27744e+66 302.143 302.143 302.143 302.143 302.143 795.48 853.425 853.425 1247.76 1247.76 1247.76 1247.76 
-6.27744e+66 -6.27744e+66 302.143 302.143 302.143 302.143 696.812 745.1 745.1 1090.14 1090.14 1090.14 1090.14 
-6.27744e+66 -6.27744e+66 -6.27744e+66 302.143 302.143 302.143 598.145 636.776 636.776 932.527 932.527 932.527 932.527 
-6.27744e+66 -6.27744e+66 -6.27744e+66 -6.27744e+66 302.143 302.143 499.478 528.451 528.451 774.91 774.91 774.91 774.91 
-6.27744e+66 -6.27744e+66 -6.27744e+66 -6.27744e+66 -6.27744e+66 302.143 400.811 420.126 420.126 617.293 617.293 617.293 617.293 
-6.27744e+66 -6.27744e+66 -6.27744e+66 -6.27744e+66 -6.27744e+66 -6.27744e+66 302.143 311.801 311.801 459.676 459.676 459.676 459.676 
-6.27744e+66 -6.27744e+66 -6.27744e+66 -6.27744e+66 -6.27744e+66 -6.27744e+66 -6.27744e+66 302.143 302.143 400.727 400.727 400.727 400.727 
-6.27744e+66 -6.27744e+66 -6.27744e+66 -6.27744e+66 -6.27744e+66 -6.27744e+66 -6.27744e+66 -6.27744e+66 302.143 351.435 351.435 351.435 351.435 
-6.27744e+66 -6.27744e+66 -6.27744e+66 -6.27744e+66 -6.27744e+66 -6.27744e+66 -6.27744e+66 -6.27744e+66 -6.27744e+66 302.143 302.143 302.143 302.143 
-6.27744e+66 -6.27744e+66 -6.27744e+66 -6.27744e+66 -6.27744e+66 -6.27744e+66 -6.27744e+66 -6.27744e+66 -6.27744e+66 -6.27744e+66 302.143 302.143 302.143 
-6.27744e+66 -6.27744e+66 -6.27744e+66 -6.27744e+66 -6.27744e+66 -6.27744e+66 -6.27744e+66 -6.27744e+66 -6.27744e+66 -6.27744e+66 -6.27744e+66 302.143 302.143 
-6.27744e+66 -6.27744e+66 -6.27744e+66 -6.27744e+66 -6.27744e+66 -6.27744e+66 -6.27744e+66 -6.27744e+66 -6.27744e+66 -6.27744e+66 -6.27744e+66 -6.27744e+66 302.143 
-6.27744e+66 -6.27744e+66 -6.27744e+66 -6.27744e+66 -6.27744e+66 -6.27744e+66 -6.27744e+66 -6.27744e+66 -6.27744e+66 -6.27744e+66 -6.27744e+66 -6.27744e+66 -6.27744e+66 
-6.27744e+66 58.5893 58.5893 58.5893 58.5893 260.819 895.352 895.352 895.352 895.352 895.352 895.352 895.352 
-6.27744e+66 -6.27744e+66 58.5893 58.5893 58.5893 210.261 717.888 717.888 717.888 717.888 717.888 717.888 717.888 
-6.27744e+66 -6.27744e+66 -6.27744e+66 58.5893 58.5893 159.704 540.424 540.424 540.424 540.424 540.424 540.424 540.424 
-6.27744e+66 -6.27744e+66 -6.27744e+66 -6.27744e+66 58.5893 109.147 362.96 362.96 362.96 362.96 362.96 362.96 362.96 
-6.27744e+66 -6.27744e+66 -6.27744e+66 -6.27744e+66 -6.27744e+66 58.5893 185.496 185.496 185.496 185.496 185.496 185.496 185.496 
-6.27744e+66 -6.27744e+66 -6.27744e+66 -6.27744e+66 -6.27744e+66 -6.27744e+66 58.5893 58.5893 58.5893 58.5893 58.5893 58.5893 58.5893 
-6.27744e+66 -6.27744e+66 -6.27744e+66 -6.27744e+66 -6.27744e+66 -6.27744e+66 -6.27744e+66 58.5893 58.5893 58.5893 58.5893 58.5893 58.5893 
-6.27744e+66 -6.27744e+66 -6.27744e+66 -6.27744e+66 -6.27744e+66 -6.27744e+66 -6.27744e+66 -6.27744e+66 58.5893 58.5893 58.5893 58.5893 58.5893 
-6.27744e+66 -6.27744e+66 -6.27744e+66 -6.27744e+66 -6.27744e+66 -6.27744e+66 -6.27744e+66 -6.27744e+66 -6.27744e+66 58.5893 58.5893 58.5893 58.5893 
-6.27744e+66 -6.27744e+66 -6.27744e+66 -6.27744e+66 -6.27744e+66 -6.27744e+66 -6.27744e+66 -6.27744e+66 -6.27744e+66 -6.27744e+66 58.5893 58.5893 58.5893 
-6.27744e+66 -6.27744e+66 -6.27744e+66 -6.27744e+66 -6.27744e+66 -6.27744e+66 -6.27744e+66 -6.27744e+66 -6.27744e+66 -6.27744e+66 -6.27744e+66 58.5893 58.5893 
-6.27744e+66 -6.27744e+66 -6.27744e+66 -6.27744e+66 -6.27744e+66 -6.27744e+66 -6.27744e+66 -6.27744e+66 -6.27744e+66 -6.27744e+66 -6.27744e+66 -6.27744e+66 58.5893 
-6.27744e+66 -6.27744e+66 -6.27744e+66 -6.27744e+66 -6.27744e+66 -6.27744e+66 -6.27744e+66 -6.27744e+66 -6.27744e+66 -6.27744e+66 -6.27744e+66 -6.27744e+66 -6.27744e+66 
