48 10 
9164.55 9164.55 9164.55 9164.55 9164.55 9164.55 9164.55 9164.55 9164.55 9164.55 9164.55 9164.55 9164.55 9164.55 9164.55 9164.55 9164.55 9164.55 9164.55 9164.55 9164.55 9164.55 9164.55 9164.55 9164.55 9164.55 9164.55 9164.55 9164.55 9164.55 9164.55 9164.55 9164.55 9164.55 9164.55 9164.55 9164.55 9164.55 9164.55 9164.55 9164.55 9164.55 9164.55 9164.55 9164.55 9164.55 9164.55 9164.55 
item 0
42.7091 100.914 34.9415 118.607 62.4419 96.4837 82.4396 116.252 66.079 66.4374 0 83.6398 0 111.652 0 0 45.2825 106.625 27.3633 103.515 0 0 74.8415 0 0 103.487 0 122.439 65.5045 0 0 0 0 93.7505 0 85.6047 0 0 0 63.6615 33.946 0 0 94.1641 0 0 66.822 86.944 
92.0559 92.0559 92.0559 92.0559 92.0559 92.0559 92.0559 92.0559 92.0559 92.0559 92.0559 92.0559 92.0559 92.0559 92.0559 92.0559 92.0559 92.0559 92.0559 92.0559 92.0559 92.0559 92.0559 92.0559 92.0559 92.0559 92.0559 92.0559 92.0559 92.0559 92.0559 92.0559 92.0559 92.0559 92.0559 92.0559 92.0559 92.0559 92.0559 92.0559 92.0559 92.0559 92.0559 92.0559 92.0559 92.0559 92.0559 92.0559 
1 1 1 1 1 1 1 1 1 1 1 1 1 1 1 1 1 1 1 1 1 1 1 1 1 1 1 1 1 1 1 1 1 1 1 1 1 1 1 1 1 1 1 1 1 1 1 1 
item 1
49.189 0 0 0 0 99.3246 105.563 108.447 33.7099 0 37.228 99.8828 96.4127 130.813 39.2301 0 68.9033 0 75.086 120.351 38.7791 0 58.3421 0 44.1154 97.2698 0 56.4241 60.2785 0 0 92.0294 62.4761 144.893 48.1581 0 68.9576 91.8642 0 0 0 0 69.9013 116.526 0 0 83.852 0 
350.564 350.564 350.564 350.564 350.564 350.564 350.564 350.564 350.564 350.564 350.564 350.564 350.564 350.564 350.564 350.564 350.564 350.564 350.564 350.564 350.564 350.564 350.564 350.564 350.564 350.564 350.564 350.564 350.564 350.564 350.564 350.564 350.564 350.564 350.564 350.564 350.564 350.564 350.564 350.564 350.564 350.564 350.564 350.564 350.564 350.564 350.564 350.564 
1 1 1 1 1 1 1 1 1 1 1 1 1 1 1 1 1 1 1 1 1 1 1 1 1 1 1 1 1 1 1 1 1 1 1 1 1 1 1 1 1 1 1 1 1 1 1 1 
item 2
65.3339 97.3066 24.7567 0 55.1892 112.581 31.3049 0 64.0608 0 41.9851 0 57.4465 0 0 143.628 26.1526 0 70.9122 93.957 53.109 0 0 0 0 88.5691 82.632 0 0 0 65.6935 93.1478 42.8601 136.491 64.1874 103.081 0 104.799 0 0 0 0 0 0 0 0 91.0349 90.8913 
395.928 395.928 395.928 395.928 395.928 395.928 395.928 395.928 395.928 395.928 395.928 395.928 395.928 395.928 395.928 395.928 395.928 395.928 395.928 395.928 395.928 395.928 395.928 395.928 395.928 395.928 395.928 395.928 395.928 395.928 395.928 395.928 395.928 395.928 395.928 395.928 395.928 395.928 395.928 395.928 395.928 395.928 395.928 395.928 395.928 395.928 395.928 395.928 
1 1 1 1 1 1 1 1 1 1 1 1 1 1 1 1 1 1 1 1 1 1 1 1 1 1 1 1 1 1 1 1 1 1 1 1 1 1 1 1 1 1 1 1 1 1 1 1 
item 3
73.9275 92.9828 0 0 0 0 0 0 0 144.011 0 0 43.059 0 0 0 53.8703 0 40.8141 0 0 0 0 0 0 0 30.0214 110.792 57.5135 0 0 0 49.3311 86.7816 0 140.187 0 101.803 28.3388 0 0 0 0 0 67.7854 89.1791 8.95039 0 
400.834 400.834 400.834 400.834 400.834 400.834 400.834 400.834 400.834 400.834 400.834 400.834 400.834 400.834 400.834 400.834 400.834 400.834 400.834 400.834 400.834 400.834 400.834 400.834 400.834 400.834 400.834 400.834 400.834 400.834 400.834 400.834 400.834 400.834 400.834 400.834 400.834 400.834 400.834 400.834 400.834 400.834 400.834 400.834 400.834 400.834 400.834 400.834 
1 1 1 1 1 1 1 1 1 1 1 1 1 1 1 1 1 1 1 1 1 1 1 1 1 1 1 1 1 1 1 1 1 1 1 1 1 1 1 1 1 1 1 1 1 1 1 1 
item 4
43.6607 101.916 36.4316 0 0 104.03 0 0 0 123.842 0 0 0 113.509 0 0 13.9358 105.818 0 0 0 110.738 0 150.403 0 0 34.0396 107.499 0 0 27.7679 0 0 0 0 89.8646 0 99.7342 0 77.8541 0 0 94.7656 0 32.6881 0 0 97.7851 
77.809 77.809 77.809 77.809 77.809 77.809 77.809 77.809 77.809 77.809 77.809 77.809 77.809 77.809 77.809 77.809 77.809 77.809 77.809 77.809 77.809 77.809 77.809 77.809 77.809 77.809 77.809 77.809 77.809 77.809 77.809 77.809 77.809 77.809 77.809 77.809 77.809 77.809 77.809 77.809 77.809 77.809 77.809 77.809 77.809 77.809 77.809 77.809 
1 1 1 1 1 1 1 1 1 1 1 1 1 1 1 1 1 1 1 1 1 1 1 1 1 1 1 1 1 1 1 1 1 1 1 1 1 1 1 1 1 1 1 1 1 1 1 1 
item 5
52.6406 112.369 0 0 0 0 0 100.568 0 0 43.6681 0 0 0 51.6531 115.793 0 69.8373 37.1149 0 36.9268 0 49.7337 0 42.1601 0 0 0 0 0 13.864 0 0 0 0 123.976 50.1111 0 67.4369 79.8746 55.4279 103.382 54.0924 0 0 104.34 0 132.095 
300.2 300.2 300.2 300.2 300.2 300.2 300.2 300.2 300.2 300.2 300.2 300.2 300.2 300.2 300.2 300.2 300.2 300.2 300.2 300.2 300.2 300.2 300.2 300.2 300.2 300.2 300.2 300.2 300.2 300.2 300.2 300.2 300.2 300.2 300.2 300.2 300.2 300.2 300.2 300.2 300.2 300.2 300.2 300.2 300.2 300.2 300.2 300.2 
1 1 1 1 1 1 1 1 1 1 1 1 1 1 1 1 1 1 1 1 1 1 1 1 1 1 1 1 1 1 1 1 1 1 1 1 1 1 1 1 1 1 1 1 1 1 1 1 
item 6
62.0756 0 0 80.9083 84.8412 101.734 34.199 113.284 43.5181 0 71.012 0 0 0 61.8688 125.249 43.2482 0 50.785 92.5003 51.4472 72.0279 0 0 0 0 0 0 0 0 56.7854 0 0 0 0 0 0 119.77 16.8661 0 0 0 75.6373 0 73.2871 88.4593 45.3262 0 
363.793 363.793 363.793 363.793 363.793 363.793 363.793 363.793 363.793 363.793 363.793 363.793 363.793 363.793 363.793 363.793 363.793 363.793 363.793 363.793 363.793 363.793 363.793 363.793 363.793 363.793 363.793 363.793 363.793 363.793 363.793 363.793 363.793 363.793 363.793 363.793 363.793 363.793 363.793 363.793 363.793 363.793 363.793 363.793 363.793 363.793 363.793 363.793 
1 1 1 1 1 1 1 1 1 1 1 1 1 1 1 1 1 1 1 1 1 1 1 1 1 1 1 1 1 1 1 1 1 1 1 1 1 1 1 1 1 1 1 1 1 1 1 1 
item 7
59.9013 89.6545 24.8358 0 0 0 29.6617 111.791 0 97.226 0 96.4822 61.8245 111.9 71.8749 0 0 101.93 0 121.196 42.1725 94.1152 40.9786 91.644 0 126.495 56.1392 80.1844 56.5142 0 65.5438 85.7309 0 101.232 0 81.0971 13.6443 75.4224 36.9201 0 0 0 61.8051 112.89 0 0 0 82.6988 
711.854 711.854 711.854 711.854 711.854 711.854 711.854 711.854 711.854 711.854 711.854 711.854 711.854 711.854 711.854 711.854 711.854 711.854 711.854 711.854 711.854 711.854 711.854 711.854 711.854 711.854 711.854 711.854 711.854 711.854 711.854 711.854 711.854 711.854 711.854 711.854 711.854 711.854 711.854 711.854 711.854 711.854 711.854 711.854 711.854 711.854 711.854 711.854 
1 1 1 1 1 1 1 1 1 1 1 1 1 1 1 1 1 1 1 1 1 1 1 1 1 1 1 1 1 1 1 1 1 1 1 1 1 1 1 1 1 1 1 1 1 1 1 1 
item 8
92.4253 0 43.1853 101.572 0 0 29.9831 111.842 70.0982 0 0 0 44.7725 0 40.2763 0 26.8103 39.6439 34.1285 0 36.2276 111.494 53.3299 64.7944 0 0 76.3655 92.1542 0 0 0 81.4893 40.3389 0 57.5589 78.4197 58.8942 0 17.6288 0 35.3648 114.383 0 99.1181 0 0 48.2735 0 
166.729 166.729 166.729 166.729 166.729 166.729 166.729 166.729 166.729 166.729 166.729 166.729 166.729 166.729 166.729 166.729 166.729 166.729 166.729 166.729 166.729 166.729 166.729 166.729 166.729 166.729 166.729 166.729 166.729 166.729 166.729 166.729 166.729 166.729 166.729 166.729 166.729 166.729 166.729 166.729 166.729 166.729 166.729 166.729 166.729 166.729 166.729 166.729 
1 1 1 1 1 1 1 1 1 1 1 1 1 1 1 1 1 1 1 1 1 1 1 1 1 1 1 1 1 1 1 1 1 1 1 1 1 1 1 1 1 1 1 1 1 1 1 1 
item 9
56.3305 118.281 45.94 0 0 0 0 119.588 0 101.642 40.4004 103.197 47.9281 102.383 0 0 60.042 0 55.2264 57.8124 0 0 78.3353 101.682 47.5082 0 58.9922 0 40.5043 0 35.073 101.6 65.1558 132.617 33.7892 0 26.745 0 0 0 50.413 0 0 44.9324 0 81.8011 41.8918 94.084 
727.14 727.14 727.14 727.14 727.14 727.14 727.14 727.14 727.14 727.14 727.14 727.14 727.14 727.14 727.14 727.14 727.14 727.14 727.14 727.14 727.14 727.14 727.14 727.14 727.14 727.14 727.14 727.14 727.14 727.14 727.14 727.14 727.14 727.14 727.14 727.14 727.14 727.14 727.14 727.14 727.14 727.14 727.14 727.14 727.14 727.14 727.14 727.14 
1 1 1 1 1 1 1 1 1 1 1 1 1 1 1 1 1 1 1 1 1 1 1 1 1 1 1 1 1 1 1 1 1 1 1 1 1 1 1 1 1 1 1 1 1 1 1 1 
