24 20 
11014.7 11014.7 11014.7 11014.7 11014.7 11014.7 11014.7 11014.7 11014.7 11014.7 11014.7 11014.7 11014.7 11014.7 11014.7 11014.7 11014.7 11014.7 11014.7 11014.7 11014.7 11014.7 11014.7 11014.7 
item 0
11.9088 88.1276 50.2337 92.8838 47.4482 127.095 65.2506 110.598 100.912 119.566 21.7931 71.9954 52.9749 103.852 21.6981 100.88 43.1098 88.4004 70.1136 119.811 26.3107 112.367 45.0292 105.209 
178.401 178.401 178.401 178.401 178.401 178.401 178.401 178.401 178.401 178.401 178.401 178.401 178.401 178.401 178.401 178.401 178.401 178.401 178.401 178.401 178.401 178.401 178.401 178.401 
1 1 1 1 1 1 1 1 1 1 1 1 1 1 1 1 1 1 1 1 1 1 1 1 
item 1
74.1311 98.6761 59.7423 104.046 27.6148 54.7135 28.2012 98.4663 48.2936 126.344 71.2127 86.8952 27.3486 85.2274 42.1766 113.587 66.0805 121.777 59.4665 112.839 29.1946 90.0028 47.2922 109.308 
1046.83 1046.83 1046.83 1046.83 1046.83 1046.83 1046.83 1046.83 1046.83 1046.83 1046.83 1046.83 1046.83 1046.83 1046.83 1046.83 1046.83 1046.83 1046.83 1046.83 1046.83 1046.83 1046.83 1046.83 
1 1 1 1 1 1 1 1 1 1 1 1 1 1 1 1 1 1 1 1 1 1 1 1 
item 2
63.2182 91.2429 52.33 121.127 66.311 49.6733 33.1305 121.658 69.3688 129.546 53.4339 60.1039 26.0087 107.81 59.8442 130.4 64.9187 86.1091 86.3972 119.438 38.1677 137.219 70.3518 104.307 
545.602 545.602 545.602 545.602 545.602 545.602 545.602 545.602 545.602 545.602 545.602 545.602 545.602 545.602 545.602 545.602 545.602 545.602 545.602 545.602 545.602 545.602 545.602 545.602 
1 1 1 1 1 1 1 1 1 1 1 1 1 1 1 1 1 1 1 1 1 1 1 1 
item 3
42.8083 110.604 77.4066 97.4743 54.0042 111.361 47.587 101.192 40.2511 108.75 73.7798 101.788 105.748 49.0602 45.2275 87.5005 51.4063 94.0497 44.9815 97.3866 78.5213 105.412 52.398 111.108 
579.471 579.471 579.471 579.471 579.471 579.471 579.471 579.471 579.471 579.471 579.471 579.471 579.471 579.471 579.471 579.471 579.471 579.471 579.471 579.471 579.471 579.471 579.471 579.471 
1 1 1 1 1 1 1 1 1 1 1 1 1 1 1 1 1 1 1 1 1 1 1 1 
item 4
94.9718 100.01 52.798 96.9545 35.3651 92.4833 42.959 60.0511 40.9851 129.829 68.8464 106.962 32.4325 73.6102 54.3509 92.4239 44.8396 121.792 75.9882 151.162 98.1006 103.715 23.0308 89.2081 
1241.93 1241.93 1241.93 1241.93 1241.93 1241.93 1241.93 1241.93 1241.93 1241.93 1241.93 1241.93 1241.93 1241.93 1241.93 1241.93 1241.93 1241.93 1241.93 1241.93 1241.93 1241.93 1241.93 1241.93 
1 1 1 1 1 1 1 1 1 1 1 1 1 1 1 1 1 1 1 1 1 1 1 1 
item 5
65.2495 138.523 54.6967 77.0251 53.0405 80.7604 28.8387 94.691 61.5802 104.528 28.8488 100.013 34.9907 73.5996 57.5843 83.215 40.7804 90.6654 16.6079 128.266 70.345 79.2053 89.5644 91.905 
149.262 149.262 149.262 149.262 149.262 149.262 149.262 149.262 149.262 149.262 149.262 149.262 149.262 149.262 149.262 149.262 149.262 149.262 149.262 149.262 149.262 149.262 149.262 149.262 
1 1 1 1 1 1 1 1 1 1 1 1 1 1 1 1 1 1 1 1 1 1 1 1 
item 6
15.732 132.232 80.0429 95.1419 80.3387 94.7229 89.0527 97.8964 63.1842 101.855 90.1302 88.7531 56.4642 103.623 50.6609 63.3181 60.5849 91.2564 91.7219 100.287 29.2494 126.668 76.8311 110.345 
587.428 587.428 587.428 587.428 587.428 587.428 587.428 587.428 587.428 587.428 587.428 587.428 587.428 587.428 587.428 587.428 587.428 587.428 587.428 587.428 587.428 587.428 587.428 587.428 
1 1 1 1 1 1 1 1 1 1 1 1 1 1 1 1 1 1 1 1 1 1 1 1 
item 7
60.2955 142.256 54.2942 103.005 60.5081 118.952 32.982 87.2901 56.5495 91.5844 52.7159 100.994 65.8529 93.4935 34.3052 117.839 59.7539 120.556 48.5848 119.631 64.6207 114.703 75.4967 90.1972 
290.833 290.833 290.833 290.833 290.833 290.833 290.833 290.833 290.833 290.833 290.833 290.833 290.833 290.833 290.833 290.833 290.833 290.833 290.833 290.833 290.833 290.833 290.833 290.833 
1 1 1 1 1 1 1 1 1 1 1 1 1 1 1 1 1 1 1 1 1 1 1 1 
item 8
31.0882 117.68 45.35 102.064 60.5092 94.0995 5.62907 118.851 69.2811 93.9046 73.53 113.698 48.0169 80.2292 66.6593 76.8408 40.3256 122.019 23.8009 125.082 69.2016 120.164 83.675 103.098 
968.924 968.924 968.924 968.924 968.924 968.924 968.924 968.924 968.924 968.924 968.924 968.924 968.924 968.924 968.924 968.924 968.924 968.924 968.924 968.924 968.924 968.924 968.924 968.924 
1 1 1 1 1 1 1 1 1 1 1 1 1 1 1 1 1 1 1 1 1 1 1 1 
item 9
21.0029 85.2422 64.6974 117.844 78.4624 91.1841 66.6955 106.859 42.0227 119.673 44.7865 130.324 19.4349 112.672 31.0201 93.586 45.779 109.951 14.6061 118.61 68.0747 63.1164 40.4159 81.4787 
359.716 359.716 359.716 359.716 359.716 359.716 359.716 359.716 359.716 359.716 359.716 359.716 359.716 359.716 359.716 359.716 359.716 359.716 359.716 359.716 359.716 359.716 359.716 359.716 
1 1 1 1 1 1 1 1 1 1 1 1 1 1 1 1 1 1 1 1 1 1 1 1 
item 10
37.0948 96.0997 33.8293 104.167 60.9597 122.941 60.8237 89.1993 48.7838 86.2228 49.6492 94.9857 59.154 80.1317 30.7049 89.4635 75.1614 86.416 61.9904 100.035 64.3988 63.3467 23.0529 126.928 
616.057 616.057 616.057 616.057 616.057 616.057 616.057 616.057 616.057 616.057 616.057 616.057 616.057 616.057 616.057 616.057 616.057 616.057 616.057 616.057 616.057 616.057 616.057 616.057 
1 1 1 1 1 1 1 1 1 1 1 1 1 1 1 1 1 1 1 1 1 1 1 1 
item 11
39.9148 113.077 40.3278 104.149 69.3182 136.41 39.0888 133.959 71.2047 64.8476 33.9911 117.822 84.1258 86.7847 45.3983 100.906 47.472 86.8702 16.526 120.048 92.4101 97.3097 45.7508 52.5664 
260.264 260.264 260.264 260.264 260.264 260.264 260.264 260.264 260.264 260.264 260.264 260.264 260.264 260.264 260.264 260.264 260.264 260.264 260.264 260.264 260.264 260.264 260.264 260.264 
1 1 1 1 1 1 1 1 1 1 1 1 1 1 1 1 1 1 1 1 1 1 1 1 
item 12
10.9159 130.701 32.6336 133.762 63.9476 76.6948 81.2484 86.0838 22.2424 131.711 37.9415 120.199 59.8114 101.674 28.3143 77.6288 22.4537 95.4674 61.5905 112.492 46.9542 110.511 53.4984 93.2735 
373.613 373.613 373.613 373.613 373.613 373.613 373.613 373.613 373.613 373.613 373.613 373.613 373.613 373.613 373.613 373.613 373.613 373.613 373.613 373.613 373.613 373.613 373.613 373.613 
1 1 1 1 1 1 1 1 1 1 1 1 1 1 1 1 1 1 1 1 1 1 1 1 
item 13
38.012 107.111 17.8726 98.0244 71.1358 114.924 18.8783 112.12 42.1205 117.627 24.4357 108.258 80.714 139.846 50.3031 116.754 58.0011 105.241 95.9212 110.509 41.8904 102.44 10.8037 91.5339 
565.663 565.663 565.663 565.663 565.663 565.663 565.663 565.663 565.663 565.663 565.663 565.663 565.663 565.663 565.663 565.663 565.663 565.663 565.663 565.663 565.663 565.663 565.663 565.663 
1 1 1 1 1 1 1 1 1 1 1 1 1 1 1 1 1 1 1 1 1 1 1 1 
item 14
33.1056 104.697 43.2246 117.582 62.132 124.758 57.7369 117.067 71.6276 115.011 25.8205 117.486 46.4797 97.4311 69.5176 105.675 76.2268 116.785 26.9044 97.1691 36.8073 114.641 70.6359 123.9 
1366.62 1366.62 1366.62 1366.62 1366.62 1366.62 1366.62 1366.62 1366.62 1366.62 1366.62 1366.62 1366.62 1366.62 1366.62 1366.62 1366.62 1366.62 1366.62 1366.62 1366.62 1366.62 1366.62 1366.62 
1 1 1 1 1 1 1 1 1 1 1 1 1 1 1 1 1 1 1 1 1 1 1 1 
item 15
35.6315 115.568 47.202 75.8015 24.6468 79.0483 56.1998 115.864 63.6546 97.4456 56.8726 114.403 37.8727 96.1329 42.152 59.7853 32.7377 110.579 67.3678 89.3235 64.0263 122.879 33.3686 103.253 
225.133 225.133 225.133 225.133 225.133 225.133 225.133 225.133 225.133 225.133 225.133 225.133 225.133 225.133 225.133 225.133 225.133 225.133 225.133 225.133 225.133 225.133 225.133 225.133 
1 1 1 1 1 1 1 1 1 1 1 1 1 1 1 1 1 1 1 1 1 1 1 1 
item 16
60.5895 89.6946 40.644 98.1815 76.5513 88.4692 51.8342 145.875 56.7352 72.3436 20.5073 86.0094 75.1367 104.438 41.2111 100.433 56.6495 82.0601 45.185 112.033 45.1848 95.1522 67.3692 116.348 
214.076 214.076 214.076 214.076 214.076 214.076 214.076 214.076 214.076 214.076 214.076 214.076 214.076 214.076 214.076 214.076 214.076 214.076 214.076 214.076 214.076 214.076 214.076 214.076 
1 1 1 1 1 1 1 1 1 1 1 1 1 1 1 1 1 1 1 1 1 1 1 1 
item 17
38.5999 84.791 44.7417 107.035 51.9166 99.2178 42.2367 113.399 21.8411 68.0486 17.5875 91.3746 20.9582 139.648 22.4989 129.047 15.4344 80.7299 54.6258 81.1684 47.7058 114.703 87.4221 109.841 
1178.48 1178.48 1178.48 1178.48 1178.48 1178.48 1178.48 1178.48 1178.48 1178.48 1178.48 1178.48 1178.48 1178.48 1178.48 1178.48 1178.48 1178.48 1178.48 1178.48 1178.48 1178.48 1178.48 1178.48 
1 1 1 1 1 1 1 1 1 1 1 1 1 1 1 1 1 1 1 1 1 1 1 1 
item 18
24.782 130.142 37.4141 110.212 49.939 134.184 40.5915 115.971 72.1737 77.9604 57.8865 94.8682 101.601 119.328 57.105 73.2748 51.2149 121.682 61.1652 84.2344 56.8922 58.7704 52.161 107.11 
1092.86 1092.86 1092.86 1092.86 1092.86 1092.86 1092.86 1092.86 1092.86 1092.86 1092.86 1092.86 1092.86 1092.86 1092.86 1092.86 1092.86 1092.86 1092.86 1092.86 1092.86 1092.86 1092.86 1092.86 
1 1 1 1 1 1 1 1 1 1 1 1 1 1 1 1 1 1 1 1 1 1 1 1 
item 19
21.677 115.29 62.3708 75.5273 24.4686 133.122 42.0159 90.2031 58.4001 111.488 55.5386 98.4786 48.8352 96.3832 58.066 124.126 59.5124 109.758 60.5333 73.2342 40.9043 99.8461 89.1505 107.561 
365.359 365.359 365.359 365.359 365.359 365.359 365.359 365.359 365.359 365.359 365.359 365.359 365.359 365.359 365.359 365.359 365.359 365.359 365.359 365.359 365.359 365.359 365.359 365.359 
1 1 1 1 1 1 1 1 1 1 1 1 1 1 1 1 1 1 1 1 1 1 1 1 
