12 10 
2308.62 2308.62 2308.62 2308.62 2308.62 2308.62 2308.62 2308.62 2308.62 2308.62 2308.62 2308.62 
item 0
44.3989 76.4802 22.4167 80.5186 58.7363 130.585 33.8289 76.9932 77.2851 97.2974 54.4807 95.8172 
402.218 402.218 402.218 402.218 402.218 402.218 402.218 402.218 402.218 402.218 402.218 402.218 
1 1 1 1 1 1 1 1 1 1 1 1 
item 1
52.3116 78.4164 16.2967 79.1345 32.1596 60.5091 59.6749 99.8633 59.8141 99.7435 31.7032 124.611 
651.256 651.256 651.256 651.256 651.256 651.256 651.256 651.256 651.256 651.256 651.256 651.256 
1 1 1 1 1 1 1 1 1 1 1 1 
item 2
34.2882 105.443 29.7356 95.3846 19.2507 131.954 68.0632 119.781 37.1275 111.915 76.6052 109.761 
591.43 591.43 591.43 591.43 591.43 591.43 591.43 591.43 591.43 591.43 591.43 591.43 
1 1 1 1 1 1 1 1 1 1 1 1 
item 3
58.4679 108.358 58.6193 104.871 68.2498 59.6006 16.9453 154.373 50.7009 86.1474 68.8077 109.481 
765.93 765.93 765.93 765.93 765.93 765.93 765.93 765.93 765.93 765.93 765.93 765.93 
1 1 1 1 1 1 1 1 1 1 1 1 
item 4
62.8313 98.9067 37.1334 120.853 52.707 50.5691 69.2283 44.9833 57.3898 116.562 48.7466 69.6888 
764.851 764.851 764.851 764.851 764.851 764.851 764.851 764.851 764.851 764.851 764.851 764.851 
1 1 1 1 1 1 1 1 1 1 1 1 
item 5
49.2056 103.029 46.5985 79.5491 45.792 77.681 71.6649 55.1936 55.4653 116.03 48.1671 108.737 
1042.49 1042.49 1042.49 1042.49 1042.49 1042.49 1042.49 1042.49 1042.49 1042.49 1042.49 1042.49 
1 1 1 1 1 1 1 1 1 1 1 1 
item 6
63.0738 119.678 29.6172 93.1834 56.3236 75.304 30.1844 123.187 69.8698 79.3209 43.943 97.9086 
445.979 445.979 445.979 445.979 445.979 445.979 445.979 445.979 445.979 445.979 445.979 445.979 
1 1 1 1 1 1 1 1 1 1 1 1 
item 7
28.8949 57.966 31.4785 73.9121 26.728 69.2593 64.4109 146.689 61.0229 93.4844 30.4733 116.372 
563.363 563.363 563.363 563.363 563.363 563.363 563.363 563.363 563.363 563.363 563.363 563.363 
1 1 1 1 1 1 1 1 1 1 1 1 
item 8
53.0856 111.965 68.5724 97.0995 40.0821 87.9452 55.8225 120.775 42.513 93.1588 30.68 76.7959 
1084.34 1084.34 1084.34 1084.34 1084.34 1084.34 1084.34 1084.34 1084.34 1084.34 1084.34 1084.34 
1 1 1 1 1 1 1 1 1 1 1 1 
item 9
79.8217 87.6696 57.1888 110.42 62.1363 49.8886 66.004 57.2692 41.0909 107.297 30.7883 123.515 
863.354 863.354 863.354 863.354 863.354 863.354 863.354 863.354 863.354 863.354 863.354 863.354 
1 1 1 1 1 1 1 1 1 1 1 1 
