48 10 
1046.12 1046.12 1046.12 1046.12 1046.12 1046.12 1046.12 1046.12 1046.12 1046.12 1046.12 1046.12 1046.12 1046.12 1046.12 1046.12 1046.12 1046.12 1046.12 1046.12 1046.12 1046.12 1046.12 1046.12 1046.12 1046.12 1046.12 1046.12 1046.12 1046.12 1046.12 1046.12 1046.12 1046.12 1046.12 1046.12 1046.12 1046.12 1046.12 1046.12 1046.12 1046.12 1046.12 1046.12 1046.12 1046.12 1046.12 1046.12 
item 0
37.5573 55.2479 35.5629 103.651 84.2038 108.473 55.5246 145.576 59.3082 95.5375 59.9475 86.7386 15.9638 78.1053 95.2248 117.391 54.4928 124.823 58.2057 97.7067 46.6421 123.303 72.5713 81.6174 49.7382 78.9534 63.8831 75.337 56.4887 77.4588 37.3891 106.03 67.4923 88.6547 64.4565 101.535 68.7808 104.95 45.9488 105.075 11.4325 120.207 72.981 126.143 32.9717 83.474 73.2113 95.905 
474.465 474.465 474.465 474.465 474.465 474.465 474.465 474.465 474.465 474.465 474.465 474.465 474.465 474.465 474.465 474.465 474.465 474.465 474.465 474.465 474.465 474.465 474.465 474.465 474.465 474.465 474.465 474.465 474.465 474.465 474.465 474.465 474.465 474.465 474.465 474.465 474.465 474.465 474.465 474.465 474.465 474.465 474.465 474.465 474.465 474.465 474.465 474.465 
1 1 1 1 1 1 1 1 1 1 1 1 1 1 1 1 1 1 1 1 1 1 1 1 1 1 1 1 1 1 1 1 1 1 1 1 1 1 1 1 1 1 1 1 1 1 1 1 
item 1
65.1355 82.1519 71.9797 97.3127 24.1399 106.858 104.498 136.057 43.272 91.608 39.2251 88.1941 39.5773 99.6868 50.5175 90.666 78.0404 100.525 44.197 112.311 52.3204 87.8308 51.2193 74.0455 52.2931 128.588 45.87 105.785 65.4185 109.367 68.4001 102.557 64.8255 100.078 56.5624 93.3335 96.4056 118.057 41.1242 54.2972 47.8187 63.4548 25.8709 120.566 51.9982 110.402 72.332 91.0772 
232.362 232.362 232.362 232.362 232.362 232.362 232.362 232.362 232.362 232.362 232.362 232.362 232.362 232.362 232.362 232.362 232.362 232.362 232.362 232.362 232.362 232.362 232.362 232.362 232.362 232.362 232.362 232.362 232.362 232.362 232.362 232.362 232.362 232.362 232.362 232.362 232.362 232.362 232.362 232.362 232.362 232.362 232.362 232.362 232.362 232.362 232.362 232.362 
1 1 1 1 1 1 1 1 1 1 1 1 1 1 1 1 1 1 1 1 1 1 1 1 1 1 1 1 1 1 1 1 1 1 1 1 1 1 1 1 1 1 1 1 1 1 1 1 
item 2
39.0766 98.3595 42.225 120.686 52.6823 102.603 49.444 61.2508 26.4202 109.005 62.1984 101.731 70.2828 94.3522 89.386 115.227 57.2272 107.316 25.6036 108.042 72.1408 142.363 53.6156 117.829 41.2693 111.303 59.0183 108.977 54.402 109.337 42.5198 109.262 32.4222 68.1684 42.4695 62.7672 59.2145 90.648 37.9387 85.9315 78.3609 112.137 36.8138 87.9038 59.1412 101.474 75.434 102.153 
655.003 655.003 655.003 655.003 655.003 655.003 655.003 655.003 655.003 655.003 655.003 655.003 655.003 655.003 655.003 655.003 655.003 655.003 655.003 655.003 655.003 655.003 655.003 655.003 655.003 655.003 655.003 655.003 655.003 655.003 655.003 655.003 655.003 655.003 655.003 655.003 655.003 655.003 655.003 655.003 655.003 655.003 655.003 655.003 655.003 655.003 655.003 655.003 
1 1 1 1 1 1 1 1 1 1 1 1 1 1 1 1 1 1 1 1 1 1 1 1 1 1 1 1 1 1 1 1 1 1 1 1 1 1 1 1 1 1 1 1 1 1 1 1 
item 3
56.6306 76.6744 50.1217 92.0755 44.3744 114.447 47.1446 117.34 68.4482 150.834 20.6375 147.767 54.2867 73.032 67.3127 107.175 56.4738 98.4192 66.2972 72.6612 40.3235 112.698 54.9572 139.665 0 86.0765 77.5445 127.526 46.1005 102.268 52.9385 87.2116 35.0776 68.1723 72.2994 69.018 65.407 84.7627 76.4092 101.367 28.2229 90.5769 64.8109 93.7459 61.1912 69.8099 71.3217 65.9663 
180.86 180.86 180.86 180.86 180.86 180.86 180.86 180.86 180.86 180.86 180.86 180.86 180.86 180.86 180.86 180.86 180.86 180.86 180.86 180.86 180.86 180.86 180.86 180.86 180.86 180.86 180.86 180.86 180.86 180.86 180.86 180.86 180.86 180.86 180.86 180.86 180.86 180.86 180.86 180.86 180.86 180.86 180.86 180.86 180.86 180.86 180.86 180.86 
1 1 1 1 1 1 1 1 1 1 1 1 1 1 1 1 1 1 1 1 1 1 1 1 1 1 1 1 1 1 1 1 1 1 1 1 1 1 1 1 1 1 1 1 1 1 1 1 
item 4
70.8989 107.23 53.9891 93.8731 50.5237 102.668 36.2136 97.0607 30.1819 89.1711 51.6958 97.0226 55.9455 72.2154 67.0692 84.0944 46.7544 82.5442 28.891 83.0099 56.3792 101.472 32.8471 75.6091 44.8901 103.851 29.7979 118.27 51.066 87.4823 29.8545 105.227 45.984 97.0032 68.7679 105.769 56.5063 87.5902 43.4171 95.6912 59.826 82.0073 22.4907 109.483 17.4554 62.6217 79.2924 78.283 
419.855 419.855 419.855 419.855 419.855 419.855 419.855 419.855 419.855 419.855 419.855 419.855 419.855 419.855 419.855 419.855 419.855 419.855 419.855 419.855 419.855 419.855 419.855 419.855 419.855 419.855 419.855 419.855 419.855 419.855 419.855 419.855 419.855 419.855 419.855 419.855 419.855 419.855 419.855 419.855 419.855 419.855 419.855 419.855 419.855 419.855 419.855 419.855 
1 1 1 1 1 1 1 1 1 1 1 1 1 1 1 1 1 1 1 1 1 1 1 1 1 1 1 1 1 1 1 1 1 1 1 1 1 1 1 1 1 1 1 1 1 1 1 1 
item 5
20.1704 104.242 46.1987 123.182 40.9038 108.515 45.7971 135.715 55.8131 88.3085 83.1504 107.337 36.6809 128.632 21.5362 115.329 41.777 138.15 66.6559 67.6024 60.2841 100.244 64.3759 111.695 23.5876 119.397 35.3071 87.8551 55.4498 115.334 68.7378 105.556 58.7823 93.4484 60.1278 72.208 20.8384 143.703 66.4963 59.9589 46.483 61.5334 64.6304 111.117 29.1289 98.8635 61.9353 91.5631 
252.84 252.84 252.84 252.84 252.84 252.84 252.84 252.84 252.84 252.84 252.84 252.84 252.84 252.84 252.84 252.84 252.84 252.84 252.84 252.84 252.84 252.84 252.84 252.84 252.84 252.84 252.84 252.84 252.84 252.84 252.84 252.84 252.84 252.84 252.84 252.84 252.84 252.84 252.84 252.84 252.84 252.84 252.84 252.84 252.84 252.84 252.84 252.84 
1 1 1 1 1 1 1 1 1 1 1 1 1 1 1 1 1 1 1 1 1 1 1 1 1 1 1 1 1 1 1 1 1 1 1 1 1 1 1 1 1 1 1 1 1 1 1 1 
item 6
32.563 115.969 36.4469 102.049 36.0369 89.0568 49.6504 87.8689 19.9951 107.908 22.6881 106.543 81.1551 139.77 32.4044 79.0323 54.7548 114.874 57.2343 63.9133 87.2804 137.495 35.3001 73.6174 71.6958 146.33 40.9171 102.355 50.2598 132.318 39.3838 135.125 61.6458 101.783 38.6397 105.921 24.3855 116.746 44.9529 110.709 26.4097 92.1788 63.9734 112.532 54.162 103.929 89.394 120.206 
214.705 214.705 214.705 214.705 214.705 214.705 214.705 214.705 214.705 214.705 214.705 214.705 214.705 214.705 214.705 214.705 214.705 214.705 214.705 214.705 214.705 214.705 214.705 214.705 214.705 214.705 214.705 214.705 214.705 214.705 214.705 214.705 214.705 214.705 214.705 214.705 214.705 214.705 214.705 214.705 214.705 214.705 214.705 214.705 214.705 214.705 214.705 214.705 
1 1 1 1 1 1 1 1 1 1 1 1 1 1 1 1 1 1 1 1 1 1 1 1 1 1 1 1 1 1 1 1 1 1 1 1 1 1 1 1 1 1 1 1 1 1 1 1 
item 7
77.7268 112.863 41.7071 82.0415 51.8757 129.495 49.9322 98.9283 24.8907 129.704 71.1453 97.5178 65.3873 122.745 47.4373 93.3464 65.4466 133.893 65.8158 58.5412 61.9074 117.417 24.491 113.331 46.9968 103.429 54.46 113.9 30.9632 108.842 68.6631 122.181 86.6098 96.8003 46.6905 89.1494 59.3021 77.2277 0 100.878 1.20402 92.8675 24.6396 62.8176 84.2103 121.94 11.788 101.123 
364.677 364.677 364.677 364.677 364.677 364.677 364.677 364.677 364.677 364.677 364.677 364.677 364.677 364.677 364.677 364.677 364.677 364.677 364.677 364.677 364.677 364.677 364.677 364.677 364.677 364.677 364.677 364.677 364.677 364.677 364.677 364.677 364.677 364.677 364.677 364.677 364.677 364.677 364.677 364.677 364.677 364.677 364.677 364.677 364.677 364.677 364.677 364.677 
1 1 1 1 1 1 1 1 1 1 1 1 1 1 1 1 1 1 1 1 1 1 1 1 1 1 1 1 1 1 1 1 1 1 1 1 1 1 1 1 1 1 1 1 1 1 1 1 
item 8
77.0376 94.9552 32.6834 85.7481 52.953 81.6128 70.6811 63.2506 20.4555 107.942 31.592 135.003 58.7465 82.8462 49.9944 79.6902 69.054 75.8718 64.6549 108.236 45.0203 93.1053 91.295 91.3846 84.2879 113.132 70.7954 114.562 40.0075 99.0811 57.8938 118.636 54.6101 121.816 39.7491 90.887 55.1871 87.3644 55.5594 115.283 54.157 129.056 41.0288 86.0922 39.8875 113.34 41.5997 134.712 
583.279 583.279 583.279 583.279 583.279 583.279 583.279 583.279 583.279 583.279 583.279 583.279 583.279 583.279 583.279 583.279 583.279 583.279 583.279 583.279 583.279 583.279 583.279 583.279 583.279 583.279 583.279 583.279 583.279 583.279 583.279 583.279 583.279 583.279 583.279 583.279 583.279 583.279 583.279 583.279 583.279 583.279 583.279 583.279 583.279 583.279 583.279 583.279 
1 1 1 1 1 1 1 1 1 1 1 1 1 1 1 1 1 1 1 1 1 1 1 1 1 1 1 1 1 1 1 1 1 1 1 1 1 1 1 1 1 1 1 1 1 1 1 1 
item 9
35.2314 122.563 63.7258 99.9366 50.4116 70.4874 77.971 89.2329 43.6481 105.873 45.9771 92.6513 42.15 101.434 54.3986 101.258 92.501 87.4298 32.1134 115.298 37.4022 118.093 58.5476 128.615 51.04 119.8 63.5137 94.8265 46.3271 124.89 25.9565 80.1821 54.0444 85.516 27.0422 110.606 43.006 113.412 44.1624 113.332 17.4837 65.6219 83.4121 102.729 39.9644 83.8488 61.8035 85.5157 
1221.45 1221.45 1221.45 1221.45 1221.45 1221.45 1221.45 1221.45 1221.45 1221.45 1221.45 1221.45 1221.45 1221.45 1221.45 1221.45 1221.45 1221.45 1221.45 1221.45 1221.45 1221.45 1221.45 1221.45 1221.45 1221.45 1221.45 1221.45 1221.45 1221.45 1221.45 1221.45 1221.45 1221.45 1221.45 1221.45 1221.45 1221.45 1221.45 1221.45 1221.45 1221.45 1221.45 1221.45 1221.45 1221.45 1221.45 1221.45 
1 1 1 1 1 1 1 1 1 1 1 1 1 1 1 1 1 1 1 1 1 1 1 1 1 1 1 1 1 1 1 1 1 1 1 1 1 1 1 1 1 1 1 1 1 1 1 1 
