12 10 
-6.27744e+66 354.704 432.67 479.755 854.507 1075.37 1524.16 1928.86 2615.38 3131.68 3959.35 4402.66 5587.69 
-6.27744e+66 -6.27744e+66 354.704 378.246 628.081 793.73 1152.76 1490.01 2078.46 2530.22 3265.93 3664.9 4742.2 
-6.27744e+66 -6.27744e+66 -6.27744e+66 354.704 479.621 590.054 859.328 1129.13 1619.5 2006.72 2650.47 3005.11 3974.68 
-6.27744e+66 -6.27744e+66 -6.27744e+66 -6.27744e+66 354.704 409.92 589.436 791.785 1184.08 1506.77 2058.55 2368.87 3230.7 
-6.27744e+66 -6.27744e+66 -6.27744e+66 -6.27744e+66 -6.27744e+66 354.704 444.462 579.361 873.585 1131.73 1591.55 1857.54 2611.64 
-6.27744e+66 -6.27744e+66 -6.27744e+66 -6.27744e+66 -6.27744e+66 -6.27744e+66 354.704 422.153 618.303 811.915 1179.77 1401.42 2047.8 
-6.27744e+66 -6.27744e+66 -6.27744e+66 -6.27744e+66 -6.27744e+66 -6.27744e+66 -6.27744e+66 354.704 452.778 581.853 857.743 1035.07 1573.71 
-6.27744e+66 -6.27744e+66 -6.27744e+66 -6.27744e+66 -6.27744e+66 -6.27744e+66 -6.27744e+66 -6.27744e+66 354.704 419.241 603.168 736.16 1167.08 
-6.27744e+66 -6.27744e+66 -6.27744e+66 -6.27744e+66 -6.27744e+66 -6.27744e+66 -6.27744e+66 -6.27744e+66 -6.27744e+66 354.704 446.667 535.329 858.518 
-6.27744e+66 -6.27744e+66 -6.27744e+66 -6.27744e+66 -6.27744e+66 -6.27744e+66 -6.27744e+66 -6.27744e+66 -6.27744e+66 -6.27744e+66 354.704 399.035 614.494 
-6.27744e+66 -6.27744e+66 -6.27744e+66 -6.27744e+66 -6.27744e+66 -6.27744e+66 -6.27744e+66 -6.27744e+66 -6.27744e+66 -6.27744e+66 -6.27744e+66 354.704 462.433 
-6.27744e+66 -6.27744e+66 -6.27744e+66 -6.27744e+66 -6.27744e+66 -6.27744e+66 -6.27744e+66 -6.27744e+66 -6.27744e+66 -6.27744e+66 -6.27744e+66 -6.27744e+66 354.704 
-6.27744e+66 -6.27744e+66 -6.27744e+66 -6.27744e+66 -6.27744e+66 -6.27744e+66 -6.27744e+66 -6.27744e+66 -6.27744e+66 -6.27744e+66 -6.27744e+66 -6.27744e+66 -6.27744e+66 
-6.27744e+66 1003.91 1077.24 1160.8 1506.48 1859.81 2509.72 2913.5 3793.52 4065.78 4858.08 5339.62 6639.59 
-6.27744e+66 -6.27744e+66 1003.91 1045.69 1276.14 1541.14 2061.07 2397.55 3151.86 3390.09 4094.35 4527.73 5709.53 
-6.27744e+66 -6.27744e+66 -6.27744e+66 1003.91 1119.13 1295.8 1685.75 1954.94 2583.52 2787.72 3403.95 3789.18 4852.79 
-6.27744e+66 -6.27744e+66 -6.27744e+66 -6.27744e+66 1003.91 1092.24 1352.21 1554.1 2056.97 2227.13 2755.33 3092.4 4037.84 
-6.27744e+66 -6.27744e+66 -6.27744e+66 -6.27744e+66 -6.27744e+66 1003.91 1133.89 1268.49 1645.64 1781.77 2221.94 2510.86 3338.11 
-6.27744e+66 -6.27744e+66 -6.27744e+66 -6.27744e+66 -6.27744e+66 -6.27744e+66 1003.91 1071.21 1322.64 1424.74 1776.87 2017.64 2726.72 
-6.27744e+66 -6.27744e+66 -6.27744e+66 -6.27744e+66 -6.27744e+66 -6.27744e+66 -6.27744e+66 1003.91 1129.63 1197.69 1461.79 1654.41 2245.31 
-6.27744e+66 -6.27744e+66 -6.27744e+66 -6.27744e+66 -6.27744e+66 -6.27744e+66 -6.27744e+66 -6.27744e+66 1003.91 1037.94 1214.01 1358.47 1831.19 
-6.27744e+66 -6.27744e+66 -6.27744e+66 -6.27744e+66 -6.27744e+66 -6.27744e+66 -6.27744e+66 -6.27744e+66 -6.27744e+66 1003.91 1091.94 1188.25 1542.79 
-6.27744e+66 -6.27744e+66 -6.27744e+66 -6.27744e+66 -6.27744e+66 -6.27744e+66 -6.27744e+66 -6.27744e+66 -6.27744e+66 -6.27744e+66 1003.91 1052.06 1288.42 
-6.27744e+66 -6.27744e+66 -6.27744e+66 -6.27744e+66 -6.27744e+66 -6.27744e+66 -6.27744e+66 -6.27744e+66 -6.27744e+66 -6.27744e+66 -6.27744e+66 1003.91 1122.09 
-6.27744e+66 -6.27744e+66 -6.27744e+66 -6.27744e+66 -6.27744e+66 -6.27744e+66 -6.27744e+66 -6.27744e+66 -6.27744e+66 -6.27744e+66 -6.27744e+66 -6.27744e+66 1003.91 
-6.27744e+66 -6.27744e+66 -6.27744e+66 -6.27744e+66 -6.27744e+66 -6.27744e+66 -6.27744e+66 -6.27744e+66 -6.27744e+66 -6.27744e+66 -6.27744e+66 -6.27744e+66 -6.27744e+66 
-6.27744e+66 954.016 1048.16 1126.93 1543.25 1836.03 2403.55 2766.3 3634.12 4015.04 4761.65 5222.8 6622.3 
-6.27744e+66 -6.27744e+66 954.016 993.401 1270.94 1490.53 1944.55 2246.84 2990.68 3323.99 3987.64 4402.68 5674.95 
-6.27744e+66 -6.27744e+66 -6.27744e+66 954.016 1092.79 1239.18 1579.69 1821.52 2441.4 2727.08 3307.78 3676.7 4821.75 
-6.27744e+66 -6.27744e+66 -6.27744e+66 -6.27744e+66 954.016 1027.21 1254.22 1435.59 1931.49 2169.57 2667.31 2990.11 4007.93 
-6.27744e+66 -6.27744e+66 -6.27744e+66 -6.27744e+66 -6.27744e+66 954.016 1067.52 1188.44 1560.36 1750.82 2165.6 2442.29 3332.88 
-6.27744e+66 -6.27744e+66 -6.27744e+66 -6.27744e+66 -6.27744e+66 -6.27744e+66 954.016 1014.47 1262.42 1405.27 1737.09 1967.67 2731.03 
-6.27744e+66 -6.27744e+66 -6.27744e+66 -6.27744e+66 -6.27744e+66 -6.27744e+66 -6.27744e+66 954.016 1077.99 1173.22 1422.09 1606.55 2242.69 
-6.27744e+66 -6.27744e+66 -6.27744e+66 -6.27744e+66 -6.27744e+66 -6.27744e+66 -6.27744e+66 -6.27744e+66 954.016 1001.63 1167.54 1305.89 1814.8 
-6.27744e+66 -6.27744e+66 -6.27744e+66 -6.27744e+66 -6.27744e+66 -6.27744e+66 -6.27744e+66 -6.27744e+66 -6.27744e+66 954.016 1036.97 1129.2 1510.88 
-6.27744e+66 -6.27744e+66 -6.27744e+66 -6.27744e+66 -6.27744e+66 -6.27744e+66 -6.27744e+66 -6.27744e+66 -6.27744e+66 -6.27744e+66 954.016 1000.13 1254.59 
-6.27744e+66 -6.27744e+66 -6.27744e+66 -6.27744e+66 -6.27744e+66 -6.27744e+66 -6.27744e+66 -6.27744e+66 -6.27744e+66 -6.27744e+66 -6.27744e+66 954.016 1081.24 
-6.27744e+66 -6.27744e+66 -6.27744e+66 -6.27744e+66 -6.27744e+66 -6.27744e+66 -6.27744e+66 -6.27744e+66 -6.27744e+66 -6.27744e+66 -6.27744e+66 -6.27744e+66 954.016 
-6.27744e+66 -6.27744e+66 -6.27744e+66 -6.27744e+66 -6.27744e+66 -6.27744e+66 -6.27744e+66 -6.27744e+66 -6.27744e+66 -6.27744e+66 -6.27744e+66 -6.27744e+66 -6.27744e+66 
-6.27744e+66 239.035 333.126 460.559 667.09 941.006 1540.27 1758 2644.25 3160.52 3875.5 4294.59 5824.14 
-6.27744e+66 -6.27744e+66 239.035 302.752 440.439 645.876 1125.29 1306.73 2066.37 2518.11 3153.65 3530.82 4921.33 
-6.27744e+66 -6.27744e+66 -6.27744e+66 239.035 307.879 444.837 804.396 949.552 1582.58 1969.79 2525.88 2861.15 4112.6 
-6.27744e+66 -6.27744e+66 -6.27744e+66 -6.27744e+66 239.035 307.514 547.22 656.087 1162.51 1485.18 1961.84 2255.2 3367.6 
-6.27744e+66 -6.27744e+66 -6.27744e+66 -6.27744e+66 -6.27744e+66 239.035 358.888 431.466 811.284 1069.42 1466.63 1718.08 2691.44 
-6.27744e+66 -6.27744e+66 -6.27744e+66 -6.27744e+66 -6.27744e+66 -6.27744e+66 239.035 275.324 528.536 722.139 1039.91 1249.45 2083.75 
-6.27744e+66 -6.27744e+66 -6.27744e+66 -6.27744e+66 -6.27744e+66 -6.27744e+66 -6.27744e+66 239.035 365.641 494.71 733.036 900.671 1595.92 
-6.27744e+66 -6.27744e+66 -6.27744e+66 -6.27744e+66 -6.27744e+66 -6.27744e+66 -6.27744e+66 -6.27744e+66 239.035 303.57 462.454 588.18 1144.38 
-6.27744e+66 -6.27744e+66 -6.27744e+66 -6.27744e+66 -6.27744e+66 -6.27744e+66 -6.27744e+66 -6.27744e+66 -6.27744e+66 239.035 318.477 402.295 819.446 
-6.27744e+66 -6.27744e+66 -6.27744e+66 -6.27744e+66 -6.27744e+66 -6.27744e+66 -6.27744e+66 -6.27744e+66 -6.27744e+66 -6.27744e+66 239.035 280.944 559.045 
-6.27744e+66 -6.27744e+66 -6.27744e+66 -6.27744e+66 -6.27744e+66 -6.27744e+66 -6.27744e+66 -6.27744e+66 -6.27744e+66 -6.27744e+66 -6.27744e+66 239.035 378.086 
-6.27744e+66 -6.27744e+66 -6.27744e+66 -6.27744e+66 -6.27744e+66 -6.27744e+66 -6.27744e+66 -6.27744e+66 -6.27744e+66 -6.27744e+66 -6.27744e+66 -6.27744e+66 239.035 
-6.27744e+66 -6.27744e+66 -6.27744e+66 -6.27744e+66 -6.27744e+66 -6.27744e+66 -6.27744e+66 -6.27744e+66 -6.27744e+66 -6.27744e+66 -6.27744e+66 -6.27744e+66 -6.27744e+66 
-6.27744e+66 489.117 582.983 683.587 942.418 1098.19 1643.11 1936.64 2743.59 3357.71 4093.33 4690.13 5510.4 
-6.27744e+66 -6.27744e+66 489.117 539.419 711.973 828.805 1264.74 1509.35 2201.02 2738.37 3392.25 3929.38 4675.08 
-6.27744e+66 -6.27744e+66 -6.27744e+66 489.117 575.394 653.282 980.231 1175.92 1752.31 2212.9 2785.05 3262.49 3933.62 
-6.27744e+66 -6.27744e+66 -6.27744e+66 -6.27744e+66 489.117 528.061 746.027 892.792 1353.91 1737.73 2228.14 2645.91 3242.46 
-6.27744e+66 -6.27744e+66 -6.27744e+66 -6.27744e+66 -6.27744e+66 489.117 598.1 695.944 1041.78 1348.84 1757.51 2115.6 2637.59 
-6.27744e+66 -6.27744e+66 -6.27744e+66 -6.27744e+66 -6.27744e+66 -6.27744e+66 489.117 538.039 768.596 998.891 1325.83 1624.23 2071.65 
-6.27744e+66 -6.27744e+66 -6.27744e+66 -6.27744e+66 -6.27744e+66 -6.27744e+66 -6.27744e+66 489.117 604.396 757.926 1003.13 1241.85 1614.7 
-6.27744e+66 -6.27744e+66 -6.27744e+66 -6.27744e+66 -6.27744e+66 -6.27744e+66 -6.27744e+66 -6.27744e+66 489.117 565.882 729.352 908.394 1206.67 
-6.27744e+66 -6.27744e+66 -6.27744e+66 -6.27744e+66 -6.27744e+66 -6.27744e+66 -6.27744e+66 -6.27744e+66 -6.27744e+66 489.117 570.852 690.213 913.922 
-6.27744e+66 -6.27744e+66 -6.27744e+66 -6.27744e+66 -6.27744e+66 -6.27744e+66 -6.27744e+66 -6.27744e+66 -6.27744e+66 -6.27744e+66 489.117 548.798 697.937 
-6.27744e+66 -6.27744e+66 -6.27744e+66 -6.27744e+66 -6.27744e+66 -6.27744e+66 -6.27744e+66 -6.27744e+66 -6.27744e+66 -6.27744e+66 -6.27744e+66 489.117 563.687 
-6.27744e+66 -6.27744e+66 -6.27744e+66 -6.27744e+66 -6.27744e+66 -6.27744e+66 -6.27744e+66 -6.27744e+66 -6.27744e+66 -6.27744e+66 -6.27744e+66 -6.27744e+66 489.117 
-6.27744e+66 -6.27744e+66 -6.27744e+66 -6.27744e+66 -6.27744e+66 -6.27744e+66 -6.27744e+66 -6.27744e+66 -6.27744e+66 -6.27744e+66 -6.27744e+66 -6.27744e+66 -6.27744e+66 
-6.27744e+66 556.114 675.765 682.252 1016.66 1222.96 1579.74 1926.15 2566.14 3090.03 4163.83 4561.42 5687.04 
-6.27744e+66 -6.27744e+66 556.114 559.358 782.295 937.023 1222.44 1511.12 2059.68 2518.08 3472.58 3830.4 4853.7 
-6.27744e+66 -6.27744e+66 -6.27744e+66 556.114 667.583 770.735 984.8 1215.74 1672.88 2065.79 2900.98 3219.04 4140.01 
-6.27744e+66 -6.27744e+66 -6.27744e+66 -6.27744e+66 556.114 607.69 750.4 923.605 1289.31 1616.74 2332.62 2610.92 3429.56 
-6.27744e+66 -6.27744e+66 -6.27744e+66 -6.27744e+66 -6.27744e+66 556.114 627.469 742.939 1017.22 1279.17 1875.72 2114.27 2830.58 
-6.27744e+66 -6.27744e+66 -6.27744e+66 -6.27744e+66 -6.27744e+66 -6.27744e+66 556.114 613.849 796.704 993.162 1470.41 1669.2 2283.18 
-6.27744e+66 -6.27744e+66 -6.27744e+66 -6.27744e+66 -6.27744e+66 -6.27744e+66 -6.27744e+66 556.114 647.541 778.514 1136.45 1295.48 1807.13 
-6.27744e+66 -6.27744e+66 -6.27744e+66 -6.27744e+66 -6.27744e+66 -6.27744e+66 -6.27744e+66 -6.27744e+66 556.114 621.6 860.224 979.499 1388.82 
-6.27744e+66 -6.27744e+66 -6.27744e+66 -6.27744e+66 -6.27744e+66 -6.27744e+66 -6.27744e+66 -6.27744e+66 -6.27744e+66 556.114 675.426 754.943 1061.93 
-6.27744e+66 -6.27744e+66 -6.27744e+66 -6.27744e+66 -6.27744e+66 -6.27744e+66 -6.27744e+66 -6.27744e+66 -6.27744e+66 -6.27744e+66 556.114 595.872 800.531 
-6.27744e+66 -6.27744e+66 -6.27744e+66 -6.27744e+66 -6.27744e+66 -6.27744e+66 -6.27744e+66 -6.27744e+66 -6.27744e+66 -6.27744e+66 -6.27744e+66 556.114 658.443 
-6.27744e+66 -6.27744e+66 -6.27744e+66 -6.27744e+66 -6.27744e+66 -6.27744e+66 -6.27744e+66 -6.27744e+66 -6.27744e+66 -6.27744e+66 -6.27744e+66 -6.27744e+66 556.114 
-6.27744e+66 -6.27744e+66 -6.27744e+66 -6.27744e+66 -6.27744e+66 -6.27744e+66 -6.27744e+66 -6.27744e+66 -6.27744e+66 -6.27744e+66 -6.27744e+66 -6.27744e+66 -6.27744e+66 
-6.27744e+66 408.134 503.527 584.28 792.16 1132.42 1651.55 2028.97 2484.35 3008.22 3816.09 4620.24 5700.61 
-6.27744e+66 -6.27744e+66 408.134 448.511 587.098 842.293 1257.59 1572.12 1962.44 2420.83 3138.94 3862.67 4844.83 
-6.27744e+66 -6.27744e+66 -6.27744e+66 408.134 477.428 647.558 959.034 1210.65 1535.92 1928.82 2557.17 3200.49 4084.43 
-6.27744e+66 -6.27744e+66 -6.27744e+66 -6.27744e+66 408.134 493.199 700.85 889.563 1149.78 1477.2 2015.78 2578.68 3364.41 
-6.27744e+66 -6.27744e+66 -6.27744e+66 -6.27744e+66 -6.27744e+66 408.134 511.96 637.768 832.93 1094.87 1543.68 2026.17 2713.68 
-6.27744e+66 -6.27744e+66 -6.27744e+66 -6.27744e+66 -6.27744e+66 -6.27744e+66 408.134 471.039 601.146 797.598 1156.65 1558.73 2148.02 
-6.27744e+66 -6.27744e+66 -6.27744e+66 -6.27744e+66 -6.27744e+66 -6.27744e+66 -6.27744e+66 408.134 473.188 604.156 873.447 1195.11 1686.18 
-6.27744e+66 -6.27744e+66 -6.27744e+66 -6.27744e+66 -6.27744e+66 -6.27744e+66 -6.27744e+66 -6.27744e+66 408.134 473.618 653.146 894.39 1287.25 
-6.27744e+66 -6.27744e+66 -6.27744e+66 -6.27744e+66 -6.27744e+66 -6.27744e+66 -6.27744e+66 -6.27744e+66 -6.27744e+66 408.134 497.898 658.728 953.375 
-6.27744e+66 -6.27744e+66 -6.27744e+66 -6.27744e+66 -6.27744e+66 -6.27744e+66 -6.27744e+66 -6.27744e+66 -6.27744e+66 -6.27744e+66 408.134 488.549 684.98 
-6.27744e+66 -6.27744e+66 -6.27744e+66 -6.27744e+66 -6.27744e+66 -6.27744e+66 -6.27744e+66 -6.27744e+66 -6.27744e+66 -6.27744e+66 -6.27744e+66 408.134 506.35 
-6.27744e+66 -6.27744e+66 -6.27744e+66 -6.27744e+66 -6.27744e+66 -6.27744e+66 -6.27744e+66 -6.27744e+66 -6.27744e+66 -6.27744e+66 -6.27744e+66 -6.27744e+66 408.134 
-6.27744e+66 -6.27744e+66 -6.27744e+66 -6.27744e+66 -6.27744e+66 -6.27744e+66 -6.27744e+66 -6.27744e+66 -6.27744e+66 -6.27744e+66 -6.27744e+66 -6.27744e+66 -6.27744e+66 
-6.27744e+66 1080.86 1163 1275.74 1598.25 1774.76 2396.76 2708.07 3322.3 3802.41 4456.2 5028.83 6207.45 
-6.27744e+66 -6.27744e+66 1080.86 1137.23 1352.24 1484.62 1982.22 2241.65 2768.13 3188.23 3769.37 4284.75 5356.21 
-6.27744e+66 -6.27744e+66 -6.27744e+66 1080.86 1188.37 1276.62 1649.82 1857.36 2296.1 2656.18 3164.68 3622.79 4587.11 
-6.27744e+66 -6.27744e+66 -6.27744e+66 -6.27744e+66 1080.86 1124.99 1373.79 1529.45 1880.43 2180.5 2616.36 3017.21 3874.38 
-6.27744e+66 -6.27744e+66 -6.27744e+66 -6.27744e+66 -6.27744e+66 1080.86 1205.26 1309.03 1572.27 1812.33 2175.54 2519.13 3269.15 
-6.27744e+66 -6.27744e+66 -6.27744e+66 -6.27744e+66 -6.27744e+66 -6.27744e+66 1080.86 1132.75 1308.24 1488.28 1778.85 2065.17 2708.05 
-6.27744e+66 -6.27744e+66 -6.27744e+66 -6.27744e+66 -6.27744e+66 -6.27744e+66 -6.27744e+66 1080.86 1168.61 1288.64 1506.57 1735.62 2271.35 
-6.27744e+66 -6.27744e+66 -6.27744e+66 -6.27744e+66 -6.27744e+66 -6.27744e+66 -6.27744e+66 -6.27744e+66 1080.86 1140.88 1286.16 1457.95 1886.54 
-6.27744e+66 -6.27744e+66 -6.27744e+66 -6.27744e+66 -6.27744e+66 -6.27744e+66 -6.27744e+66 -6.27744e+66 -6.27744e+66 1080.86 1153.5 1268.03 1589.47 
-6.27744e+66 -6.27744e+66 -6.27744e+66 -6.27744e+66 -6.27744e+66 -6.27744e+66 -6.27744e+66 -6.27744e+66 -6.27744e+66 -6.27744e+66 1080.86 1138.13 1352.42 
-6.27744e+66 -6.27744e+66 -6.27744e+66 -6.27744e+66 -6.27744e+66 -6.27744e+66 -6.27744e+66 -6.27744e+66 -6.27744e+66 -6.27744e+66 -6.27744e+66 1080.86 1188.01 
-6.27744e+66 -6.27744e+66 -6.27744e+66 -6.27744e+66 -6.27744e+66 -6.27744e+66 -6.27744e+66 -6.27744e+66 -6.27744e+66 -6.27744e+66 -6.27744e+66 -6.27744e+66 1080.86 
-6.27744e+66 -6.27744e+66 -6.27744e+66 -6.27744e+66 -6.27744e+66 -6.27744e+66 -6.27744e+66 -6.27744e+66 -6.27744e+66 -6.27744e+66 -6.27744e+66 -6.27744e+66 -6.27744e+66 
-6.27744e+66 514.845 614.743 698.992 951.681 1195.45 1570.51 1632.11 2535.35 2940.67 3858.02 4330.84 5303.78 
-6.27744e+66 -6.27744e+66 514.845 556.969 725.429 908.252 1208.3 1259.63 2033.84 2388.5 3203.92 3629.45 4513.95 
-6.27744e+66 -6.27744e+66 -6.27744e+66 514.845 599.074 720.956 945.993 987.06 1632.23 1936.22 2649.72 3027.97 3824.01 
-6.27744e+66 -6.27744e+66 -6.27744e+66 -6.27744e+66 514.845 575.785 725.81 756.61 1272.75 1526.07 2137.64 2468.61 3176.21 
-6.27744e+66 -6.27744e+66 -6.27744e+66 -6.27744e+66 -6.27744e+66 514.845 589.857 610.39 997.492 1200.15 1709.79 1993.48 2612.63 
-6.27744e+66 -6.27744e+66 -6.27744e+66 -6.27744e+66 -6.27744e+66 -6.27744e+66 514.845 525.111 783.179 935.175 1342.89 1579.29 2109.99 
-6.27744e+66 -6.27744e+66 -6.27744e+66 -6.27744e+66 -6.27744e+66 -6.27744e+66 -6.27744e+66 514.845 643.879 745.209 1050.99 1240.12 1682.37 
-6.27744e+66 -6.27744e+66 -6.27744e+66 -6.27744e+66 -6.27744e+66 -6.27744e+66 -6.27744e+66 -6.27744e+66 514.845 565.51 769.366 911.21 1265.01 
-6.27744e+66 -6.27744e+66 -6.27744e+66 -6.27744e+66 -6.27744e+66 -6.27744e+66 -6.27744e+66 -6.27744e+66 -6.27744e+66 514.845 616.773 711.336 976.684 
-6.27744e+66 -6.27744e+66 -6.27744e+66 -6.27744e+66 -6.27744e+66 -6.27744e+66 -6.27744e+66 -6.27744e+66 -6.27744e+66 -6.27744e+66 514.845 562.126 739.025 
-6.27744e+66 -6.27744e+66 -6.27744e+66 -6.27744e+66 -6.27744e+66 -6.27744e+66 -6.27744e+66 -6.27744e+66 -6.27744e+66 -6.27744e+66 -6.27744e+66 514.845 603.294 
-6.27744e+66 -6.27744e+66 -6.27744e+66 -6.27744e+66 -6.27744e+66 -6.27744e+66 -6.27744e+66 -6.27744e+66 -6.27744e+66 -6.27744e+66 -6.27744e+66 -6.27744e+66 514.845 
-6.27744e+66 -6.27744e+66 -6.27744e+66 -6.27744e+66 -6.27744e+66 -6.27744e+66 -6.27744e+66 -6.27744e+66 -6.27744e+66 -6.27744e+66 -6.27744e+66 -6.27744e+66 -6.27744e+66 
-6.27744e+66 241.451 344.99 499.493 803.483 1063.48 1611.11 1840.21 2452.73 2850.87 3747.96 4247.73 5210.28 
-6.27744e+66 -6.27744e+66 241.451 318.702 521.362 716.357 1154.47 1345.38 1870.4 2218.77 3016.19 3465.98 4341.02 
-6.27744e+66 -6.27744e+66 -6.27744e+66 241.451 342.781 472.777 801.36 954.092 1391.61 1690.21 2387.95 2787.76 3575.3 
-6.27744e+66 -6.27744e+66 -6.27744e+66 -6.27744e+66 241.451 306.449 525.504 640.053 990.065 1238.9 1836.96 2186.8 2886.83 
-6.27744e+66 -6.27744e+66 -6.27744e+66 -6.27744e+66 -6.27744e+66 241.451 350.978 427.344 689.853 888.921 1387.31 1687.17 2299.7 
-6.27744e+66 -6.27744e+66 -6.27744e+66 -6.27744e+66 -6.27744e+66 -6.27744e+66 241.451 279.634 454.64 603.941 1002.65 1252.53 1777.56 
-6.27744e+66 -6.27744e+66 -6.27744e+66 -6.27744e+66 -6.27744e+66 -6.27744e+66 -6.27744e+66 241.451 328.954 428.488 727.52 927.426 1364.95 
-6.27744e+66 -6.27744e+66 -6.27744e+66 -6.27744e+66 -6.27744e+66 -6.27744e+66 -6.27744e+66 -6.27744e+66 241.451 291.218 490.572 640.502 990.519 
-6.27744e+66 -6.27744e+66 -6.27744e+66 -6.27744e+66 -6.27744e+66 -6.27744e+66 -6.27744e+66 -6.27744e+66 -6.27744e+66 241.451 341.128 441.081 703.594 
-6.27744e+66 -6.27744e+66 -6.27744e+66 -6.27744e+66 -6.27744e+66 -6.27744e+66 -6.27744e+66 -6.27744e+66 -6.27744e+66 -6.27744e+66 241.451 291.427 466.436 
-6.27744e+66 -6.27744e+66 -6.27744e+66 -6.27744e+66 -6.27744e+66 -6.27744e+66 -6.27744e+66 -6.27744e+66 -6.27744e+66 -6.27744e+66 -6.27744e+66 241.451 328.955 
-6.27744e+66 -6.27744e+66 -6.27744e+66 -6.27744e+66 -6.27744e+66 -6.27744e+66 -6.27744e+66 -6.27744e+66 -6.27744e+66 -6.27744e+66 -6.27744e+66 -6.27744e+66 241.451 
-6.27744e+66 -6.27744e+66 -6.27744e+66 -6.27744e+66 -6.27744e+66 -6.27744e+66 -6.27744e+66 -6.27744e+66 -6.27744e+66 -6.27744e+66 -6.27744e+66 -6.27744e+66 -6.27744e+66 
