18 40 
74.9733 74.9733 74.9733 74.9733 74.9733 74.9733 74.9733 74.9733 74.9733 74.9733 74.9733 74.9733 74.9733 74.9733 74.9733 74.9733 74.9733 74.9733 
item 0
22.588 128.584 24.5614 105.864 0 109.807 79.9756 0 0 91.9682 0 88.9703 0 130.925 0 118.225 43.4907 0 
45.295 45.295 45.295 45.295 45.295 45.295 45.295 45.295 45.295 45.295 45.295 45.295 45.295 45.295 45.295 45.295 45.295 45.295 
1 1 1 1 1 1 1 1 1 1 1 1 1 1 1 1 1 1 
item 1
23.1738 77.6368 0 93.9409 0 97.279 0 0 36.0807 125.12 0 0 0 87.4725 0 0 0 0 
67.0523 67.0523 67.0523 67.0523 67.0523 67.0523 67.0523 67.0523 67.0523 67.0523 67.0523 67.0523 67.0523 67.0523 67.0523 67.0523 67.0523 67.0523 
1 1 1 1 1 1 1 1 1 1 1 1 1 1 1 1 1 1 
item 2
45.8162 0 0 88.4182 0 0 0 103.081 85.4727 0 49.4533 0 14.4579 119.433 0 0 0 0 
95.6666 95.6666 95.6666 95.6666 95.6666 95.6666 95.6666 95.6666 95.6666 95.6666 95.6666 95.6666 95.6666 95.6666 95.6666 95.6666 95.6666 95.6666 
1 1 1 1 1 1 1 1 1 1 1 1 1 1 1 1 1 1 
item 3
51.7859 0 50.893 0 40.7346 72.1099 0 0 24.9661 116.281 22.8777 108.599 64.8114 0 0 0 0 111.023 
49.46 49.46 49.46 49.46 49.46 49.46 49.46 49.46 49.46 49.46 49.46 49.46 49.46 49.46 49.46 49.46 49.46 49.46 
1 1 1 1 1 1 1 1 1 1 1 1 1 1 1 1 1 1 
item 4
22.5581 128.806 7.89121 0 42.0359 88.0837 0 0 0 99.5101 0 90.8837 63.7343 105.4 60.1741 0 0 116.148 
93.0098 93.0098 93.0098 93.0098 93.0098 93.0098 93.0098 93.0098 93.0098 93.0098 93.0098 93.0098 93.0098 93.0098 93.0098 93.0098 93.0098 93.0098 
1 1 1 1 1 1 1 1 1 1 1 1 1 1 1 1 1 1 
item 5
60.2452 0 0 85.0205 0 116.807 0 116.826 26.0141 0 0 0 0 0 51.3232 0 0 87.3784 
35.8781 35.8781 35.8781 35.8781 35.8781 35.8781 35.8781 35.8781 35.8781 35.8781 35.8781 35.8781 35.8781 35.8781 35.8781 35.8781 35.8781 35.8781 
1 1 1 1 1 1 1 1 1 1 1 1 1 1 1 1 1 1 
item 6
38.7428 0 0 0 0 122.153 0 96.3863 0 110.123 55.1341 131.723 0 0 0 0 51.2888 104.373 
35.1577 35.1577 35.1577 35.1577 35.1577 35.1577 35.1577 35.1577 35.1577 35.1577 35.1577 35.1577 35.1577 35.1577 35.1577 35.1577 35.1577 35.1577 
1 1 1 1 1 1 1 1 1 1 1 1 1 1 1 1 1 1 
item 7
71.1892 92.4177 0 106.086 0 0 0 0 20.0017 0 73.775 114.869 0 95.6221 0 0 0 0 
41.924 41.924 41.924 41.924 41.924 41.924 41.924 41.924 41.924 41.924 41.924 41.924 41.924 41.924 41.924 41.924 41.924 41.924 
1 1 1 1 1 1 1 1 1 1 1 1 1 1 1 1 1 1 
item 8
77.299 0 0 0 37.5628 69.1358 0 107.253 0 0 0 80.4429 51.1699 0 0 0 52.8739 121.515 
62.1005 62.1005 62.1005 62.1005 62.1005 62.1005 62.1005 62.1005 62.1005 62.1005 62.1005 62.1005 62.1005 62.1005 62.1005 62.1005 62.1005 62.1005 
1 1 1 1 1 1 1 1 1 1 1 1 1 1 1 1 1 1 
item 9
62.1 77.2973 0 103.788 0 101.143 77.0547 56.6905 41.9433 108.785 0 0 44.2617 0 0 113.619 71.9636 0 
57.1778 57.1778 57.1778 57.1778 57.1778 57.1778 57.1778 57.1778 57.1778 57.1778 57.1778 57.1778 57.1778 57.1778 57.1778 57.1778 57.1778 57.1778 
1 1 1 1 1 1 1 1 1 1 1 1 1 1 1 1 1 1 
item 10
73.0353 84.3306 61.0605 0 56.0842 95.2437 16.0238 0 42.7147 0 0 0 0 0 0 0 0 0 
55.5136 55.5136 55.5136 55.5136 55.5136 55.5136 55.5136 55.5136 55.5136 55.5136 55.5136 55.5136 55.5136 55.5136 55.5136 55.5136 55.5136 55.5136 
1 1 1 1 1 1 1 1 1 1 1 1 1 1 1 1 1 1 
item 11
86.956 119.764 0 0 75.3391 98.7836 53.2783 89.2339 0 104.833 0 121.633 37.2224 104.722 39.169 0 59.2829 103.117 
43.0093 43.0093 43.0093 43.0093 43.0093 43.0093 43.0093 43.0093 43.0093 43.0093 43.0093 43.0093 43.0093 43.0093 43.0093 43.0093 43.0093 43.0093 
1 1 1 1 1 1 1 1 1 1 1 1 1 1 1 1 1 1 
item 12
48.4118 0 40.4865 0 0 141.896 0 0 0 117.797 0 125.493 54.5075 0 0 0 0 88.0677 
50.0133 50.0133 50.0133 50.0133 50.0133 50.0133 50.0133 50.0133 50.0133 50.0133 50.0133 50.0133 50.0133 50.0133 50.0133 50.0133 50.0133 50.0133 
1 1 1 1 1 1 1 1 1 1 1 1 1 1 1 1 1 1 
item 13
30.6671 0 0 96.8541 0 93.3897 0 57.2128 0 0 52.8585 0 0 0 0 121.532 62.201 0 
23.6062 23.6062 23.6062 23.6062 23.6062 23.6062 23.6062 23.6062 23.6062 23.6062 23.6062 23.6062 23.6062 23.6062 23.6062 23.6062 23.6062 23.6062 
1 1 1 1 1 1 1 1 1 1 1 1 1 1 1 1 1 1 
item 14
55.6899 70.3942 70.4683 108.714 0 0 0 122.329 0 99.0123 0 0 0 124.085 89.9461 99.3061 39.7725 113.016 
69.9847 69.9847 69.9847 69.9847 69.9847 69.9847 69.9847 69.9847 69.9847 69.9847 69.9847 69.9847 69.9847 69.9847 69.9847 69.9847 69.9847 69.9847 
1 1 1 1 1 1 1 1 1 1 1 1 1 1 1 1 1 1 
item 15
26.1576 103.186 66.7943 86.3677 0 0 8.16509 0 0 82.4003 33.5754 0 0 89.7666 36.7066 0 0 0 
4.10309 4.10309 4.10309 4.10309 4.10309 4.10309 4.10309 4.10309 4.10309 4.10309 4.10309 4.10309 4.10309 4.10309 4.10309 4.10309 4.10309 4.10309 
1 1 1 1 1 1 1 1 1 1 1 1 1 1 1 1 1 1 
item 16
50.5551 0 0 0 16.683 0 0 93.3694 0 0 0 0 0 0 22.4498 0 0 89.4156 
49.1055 49.1055 49.1055 49.1055 49.1055 49.1055 49.1055 49.1055 49.1055 49.1055 49.1055 49.1055 49.1055 49.1055 49.1055 49.1055 49.1055 49.1055 
1 1 1 1 1 1 1 1 1 1 1 1 1 1 1 1 1 1 
item 17
39.2429 113.871 40.487 121.619 100.025 85.101 0 0 0 0 47.6575 0 0 0 43.9524 0 0 124.974 
66.1718 66.1718 66.1718 66.1718 66.1718 66.1718 66.1718 66.1718 66.1718 66.1718 66.1718 66.1718 66.1718 66.1718 66.1718 66.1718 66.1718 66.1718 
1 1 1 1 1 1 1 1 1 1 1 1 1 1 1 1 1 1 
item 18
22.6326 91.6869 0 115.656 0 0 44.9841 99.2794 0 0 28.5836 0 60.5649 103.653 55.8672 0 48.2686 69.9448 
74.986 74.986 74.986 74.986 74.986 74.986 74.986 74.986 74.986 74.986 74.986 74.986 74.986 74.986 74.986 74.986 74.986 74.986 
1 1 1 1 1 1 1 1 1 1 1 1 1 1 1 1 1 1 
item 19
48.8607 0 49.0368 122.642 0 0 71.485 73.5819 0 113.754 81.5966 100.917 44.052 0 0 0 25.4697 0 
89.039 89.039 89.039 89.039 89.039 89.039 89.039 89.039 89.039 89.039 89.039 89.039 89.039 89.039 89.039 89.039 89.039 89.039 
1 1 1 1 1 1 1 1 1 1 1 1 1 1 1 1 1 1 
item 20
19.8476 0 48.7353 0 42.9243 108.803 32.7595 0 0 0 0 120.119 43.1855 110.945 0 0 59.1151 0 
32.6791 32.6791 32.6791 32.6791 32.6791 32.6791 32.6791 32.6791 32.6791 32.6791 32.6791 32.6791 32.6791 32.6791 32.6791 32.6791 32.6791 32.6791 
1 1 1 1 1 1 1 1 1 1 1 1 1 1 1 1 1 1 
item 21
61.2645 116.495 44.5649 63.0952 0 0 26.8336 83.2604 0 0 31.6051 106.725 53.7363 94.6399 31.0669 0 58.0989 0 
80.0901 80.0901 80.0901 80.0901 80.0901 80.0901 80.0901 80.0901 80.0901 80.0901 80.0901 80.0901 80.0901 80.0901 80.0901 80.0901 80.0901 80.0901 
1 1 1 1 1 1 1 1 1 1 1 1 1 1 1 1 1 1 
item 22
41.3474 126.942 0 98.815 54.5453 0 0 93.0284 0 93.1176 0 95.8621 0 0 36.2355 120.768 64.0608 104.597 
81.4547 81.4547 81.4547 81.4547 81.4547 81.4547 81.4547 81.4547 81.4547 81.4547 81.4547 81.4547 81.4547 81.4547 81.4547 81.4547 81.4547 81.4547 
1 1 1 1 1 1 1 1 1 1 1 1 1 1 1 1 1 1 
item 23
73.0202 103.7 0 99.5932 0 132.919 65.9569 0 0 73.6803 44.0164 0 38.1857 120.823 0 102.107 0 91.9587 
54.3348 54.3348 54.3348 54.3348 54.3348 54.3348 54.3348 54.3348 54.3348 54.3348 54.3348 54.3348 54.3348 54.3348 54.3348 54.3348 54.3348 54.3348 
1 1 1 1 1 1 1 1 1 1 1 1 1 1 1 1 1 1 
item 24
28.2496 81.2146 0 0 42.9393 0 0 0 17.6148 77.7345 0 80.1368 73.3419 89.7658 0 114.67 0 92.7241 
75.5854 75.5854 75.5854 75.5854 75.5854 75.5854 75.5854 75.5854 75.5854 75.5854 75.5854 75.5854 75.5854 75.5854 75.5854 75.5854 75.5854 75.5854 
1 1 1 1 1 1 1 1 1 1 1 1 1 1 1 1 1 1 
item 25
38.3473 126.991 59.7378 0 53.0693 138.889 42.4558 100.732 0 92.9373 106.377 80.6568 31.0797 104.384 29.7424 101.023 0 0 
27.8429 27.8429 27.8429 27.8429 27.8429 27.8429 27.8429 27.8429 27.8429 27.8429 27.8429 27.8429 27.8429 27.8429 27.8429 27.8429 27.8429 27.8429 
1 1 1 1 1 1 1 1 1 1 1 1 1 1 1 1 1 1 
item 26
12.3501 57.9975 0 0 90.9762 75.5147 0 0 0 0 0 101.198 32.6963 0 0 96.2914 85.2073 0 
53.2689 53.2689 53.2689 53.2689 53.2689 53.2689 53.2689 53.2689 53.2689 53.2689 53.2689 53.2689 53.2689 53.2689 53.2689 53.2689 53.2689 53.2689 
1 1 1 1 1 1 1 1 1 1 1 1 1 1 1 1 1 1 
item 27
69.458 83.1469 62.5411 113.919 0 0 0 134.18 61.9343 146.416 76.9702 0 22.8979 119.898 26.4454 95.4247 0 119.379 
89.1525 89.1525 89.1525 89.1525 89.1525 89.1525 89.1525 89.1525 89.1525 89.1525 89.1525 89.1525 89.1525 89.1525 89.1525 89.1525 89.1525 89.1525 
1 1 1 1 1 1 1 1 1 1 1 1 1 1 1 1 1 1 
item 28
58.6228 123.873 0 0 0 108.6 0 0 0 89.4067 0 0 56.6456 0 0 108.466 0 121.363 
65.4837 65.4837 65.4837 65.4837 65.4837 65.4837 65.4837 65.4837 65.4837 65.4837 65.4837 65.4837 65.4837 65.4837 65.4837 65.4837 65.4837 65.4837 
1 1 1 1 1 1 1 1 1 1 1 1 1 1 1 1 1 1 
item 29
80.627 60.6692 74.2549 39.8198 46.9468 0 46.0974 110.693 44.5883 0 0 0 0 95.77 0 118.041 0 0 
83.5757 83.5757 83.5757 83.5757 83.5757 83.5757 83.5757 83.5757 83.5757 83.5757 83.5757 83.5757 83.5757 83.5757 83.5757 83.5757 83.5757 83.5757 
1 1 1 1 1 1 1 1 1 1 1 1 1 1 1 1 1 1 
item 30
63.0481 115.521 54.0096 108.929 50.9169 0 28.93 132.337 0 0 72.642 82.91 40.1454 0 61.6812 0 28.2394 0 
74.2915 74.2915 74.2915 74.2915 74.2915 74.2915 74.2915 74.2915 74.2915 74.2915 74.2915 74.2915 74.2915 74.2915 74.2915 74.2915 74.2915 74.2915 
1 1 1 1 1 1 1 1 1 1 1 1 1 1 1 1 1 1 
item 31
97.8765 0 0 0 0 62.0402 40.6682 0 0 100.206 24.6938 0 0 94.1277 0 73.6968 0 85.6143 
56.7955 56.7955 56.7955 56.7955 56.7955 56.7955 56.7955 56.7955 56.7955 56.7955 56.7955 56.7955 56.7955 56.7955 56.7955 56.7955 56.7955 56.7955 
1 1 1 1 1 1 1 1 1 1 1 1 1 1 1 1 1 1 
item 32
15.346 0 0 86.5218 67.5611 88.2788 68.0823 90.8191 50.9101 0 51.7273 107.312 72.6498 0 14.5795 82.971 34.5901 0 
52.2006 52.2006 52.2006 52.2006 52.2006 52.2006 52.2006 52.2006 52.2006 52.2006 52.2006 52.2006 52.2006 52.2006 52.2006 52.2006 52.2006 52.2006 
1 1 1 1 1 1 1 1 1 1 1 1 1 1 1 1 1 1 
item 33
54.7986 0 0 0 0 135.711 0 104.184 62.0957 0 50.9318 0 0 0 34.4245 0 0 100.725 
68.9731 68.9731 68.9731 68.9731 68.9731 68.9731 68.9731 68.9731 68.9731 68.9731 68.9731 68.9731 68.9731 68.9731 68.9731 68.9731 68.9731 68.9731 
1 1 1 1 1 1 1 1 1 1 1 1 1 1 1 1 1 1 
item 34
35.0612 97.6789 0 0 0 0 0 0 0 81.3557 9.39448 0 0 122.242 65.6815 102.527 0 129.268 
51.2176 51.2176 51.2176 51.2176 51.2176 51.2176 51.2176 51.2176 51.2176 51.2176 51.2176 51.2176 51.2176 51.2176 51.2176 51.2176 51.2176 51.2176 
1 1 1 1 1 1 1 1 1 1 1 1 1 1 1 1 1 1 
item 35
74.939 96.2917 0 0 0 0 0 119.776 0 85.5635 0 0 35.8737 0 0 0 0 0 
65.5128 65.5128 65.5128 65.5128 65.5128 65.5128 65.5128 65.5128 65.5128 65.5128 65.5128 65.5128 65.5128 65.5128 65.5128 65.5128 65.5128 65.5128 
1 1 1 1 1 1 1 1 1 1 1 1 1 1 1 1 1 1 
item 36
30.4759 109.606 61.7437 0 0 0 19.5297 0 74.0054 0 0 122.397 84.9333 0 61.6569 94.2681 0 100.483 
51.7826 51.7826 51.7826 51.7826 51.7826 51.7826 51.7826 51.7826 51.7826 51.7826 51.7826 51.7826 51.7826 51.7826 51.7826 51.7826 51.7826 51.7826 
1 1 1 1 1 1 1 1 1 1 1 1 1 1 1 1 1 1 
item 37
52.0399 84.5557 0 0 0 0 0 0 49.3088 95.172 59.4528 75.9016 56.3227 91.7147 0 0 0 0 
61.6721 61.6721 61.6721 61.6721 61.6721 61.6721 61.6721 61.6721 61.6721 61.6721 61.6721 61.6721 61.6721 61.6721 61.6721 61.6721 61.6721 61.6721 
1 1 1 1 1 1 1 1 1 1 1 1 1 1 1 1 1 1 
item 38
54.0648 121.572 0 0 0 0 55.291 101.149 0 104.567 0 56.7999 0 0 73.1956 113.169 59.3889 99.3741 
48.7533 48.7533 48.7533 48.7533 48.7533 48.7533 48.7533 48.7533 48.7533 48.7533 48.7533 48.7533 48.7533 48.7533 48.7533 48.7533 48.7533 48.7533 
1 1 1 1 1 1 1 1 1 1 1 1 1 1 1 1 1 1 
item 39
33.7095 128.222 50.9713 0 28.9125 80.3726 0 86.6851 0 0 0 0 67.9266 0 0 123.275 70.5688 75.545 
50.6918 50.6918 50.6918 50.6918 50.6918 50.6918 50.6918 50.6918 50.6918 50.6918 50.6918 50.6918 50.6918 50.6918 50.6918 50.6918 50.6918 50.6918 
1 1 1 1 1 1 1 1 1 1 1 1 1 1 1 1 1 1 
