48 10 
136.978 136.978 136.978 136.978 136.978 136.978 136.978 136.978 136.978 136.978 136.978 136.978 136.978 136.978 136.978 136.978 136.978 136.978 136.978 136.978 136.978 136.978 136.978 136.978 136.978 136.978 136.978 136.978 136.978 136.978 136.978 136.978 136.978 136.978 136.978 136.978 136.978 136.978 136.978 136.978 136.978 136.978 136.978 136.978 136.978 136.978 136.978 136.978 
item 0
32.8472 0 0 0 0 0 57.3079 86.1771 0 111.356 45.9372 0 30.5893 0 70.5576 110.774 65.7139 0 0 113.944 81.1567 0 32.9857 66.0597 66.9303 0 83.709 104.104 0 0 51.4804 0 48.4873 0 0 0 73.3611 0 15.6171 0 40.4691 0 60.7624 137.04 56.4538 83.8019 0 0 
48.0445 48.0445 48.0445 48.0445 48.0445 48.0445 48.0445 48.0445 48.0445 48.0445 48.0445 48.0445 48.0445 48.0445 48.0445 48.0445 48.0445 48.0445 48.0445 48.0445 48.0445 48.0445 48.0445 48.0445 48.0445 48.0445 48.0445 48.0445 48.0445 48.0445 48.0445 48.0445 48.0445 48.0445 48.0445 48.0445 48.0445 48.0445 48.0445 48.0445 48.0445 48.0445 48.0445 48.0445 48.0445 48.0445 48.0445 48.0445 
1 1 1 1 1 1 1 1 1 1 1 1 1 1 1 1 1 1 1 1 1 1 1 1 1 1 1 1 1 1 1 1 1 1 1 1 1 1 1 1 1 1 1 1 1 1 1 1 
item 1
33.9873 95.6552 0 110.985 33.1006 86.1219 0 0 40.4722 101.841 0 0 0 0 75.6127 105.117 60.4552 124.86 0 0 0 0 0 0 65.6592 96.8994 0 133.007 0 0 0 0 0 0 75.678 0 37.6817 105.095 0 0 0 0 37.0537 0 0 0 38.5915 0 
47.8064 47.8064 47.8064 47.8064 47.8064 47.8064 47.8064 47.8064 47.8064 47.8064 47.8064 47.8064 47.8064 47.8064 47.8064 47.8064 47.8064 47.8064 47.8064 47.8064 47.8064 47.8064 47.8064 47.8064 47.8064 47.8064 47.8064 47.8064 47.8064 47.8064 47.8064 47.8064 47.8064 47.8064 47.8064 47.8064 47.8064 47.8064 47.8064 47.8064 47.8064 47.8064 47.8064 47.8064 47.8064 47.8064 47.8064 47.8064 
1 1 1 1 1 1 1 1 1 1 1 1 1 1 1 1 1 1 1 1 1 1 1 1 1 1 1 1 1 1 1 1 1 1 1 1 1 1 1 1 1 1 1 1 1 1 1 1 
item 2
32.3881 0 57.9406 119.383 46.5891 0 0 90.1534 0 0 43.5955 91.0403 47.3755 0 22.8481 0 56.1446 0 42.5701 0 0 0 43.5337 0 0 0 0 100.15 0 121.273 98.8285 74.9987 64.8057 127.092 57.4167 92.7758 56.2944 90.4108 0 89.6559 0 0 0 0 0 0 0 113.832 
51.5761 51.5761 51.5761 51.5761 51.5761 51.5761 51.5761 51.5761 51.5761 51.5761 51.5761 51.5761 51.5761 51.5761 51.5761 51.5761 51.5761 51.5761 51.5761 51.5761 51.5761 51.5761 51.5761 51.5761 51.5761 51.5761 51.5761 51.5761 51.5761 51.5761 51.5761 51.5761 51.5761 51.5761 51.5761 51.5761 51.5761 51.5761 51.5761 51.5761 51.5761 51.5761 51.5761 51.5761 51.5761 51.5761 51.5761 51.5761 
1 1 1 1 1 1 1 1 1 1 1 1 1 1 1 1 1 1 1 1 1 1 1 1 1 1 1 1 1 1 1 1 1 1 1 1 1 1 1 1 1 1 1 1 1 1 1 1 
item 3
1 98.9581 48.846 0 40.7018 84.7243 46.7137 108.251 59.5016 106.733 0 102.273 0 0 79.0204 52.276 0 99.0042 0 0 0 0 49.2647 108.42 59.6799 82.1906 57.2923 0 43.6899 123.817 0 134.289 0 63.0768 42.6073 0 0 80.572 0 0 61.079 91.4104 0 111.785 0 0 81.2871 0 
40.3089 40.3089 40.3089 40.3089 40.3089 40.3089 40.3089 40.3089 40.3089 40.3089 40.3089 40.3089 40.3089 40.3089 40.3089 40.3089 40.3089 40.3089 40.3089 40.3089 40.3089 40.3089 40.3089 40.3089 40.3089 40.3089 40.3089 40.3089 40.3089 40.3089 40.3089 40.3089 40.3089 40.3089 40.3089 40.3089 40.3089 40.3089 40.3089 40.3089 40.3089 40.3089 40.3089 40.3089 40.3089 40.3089 40.3089 40.3089 
1 1 1 1 1 1 1 1 1 1 1 1 1 1 1 1 1 1 1 1 1 1 1 1 1 1 1 1 1 1 1 1 1 1 1 1 1 1 1 1 1 1 1 1 1 1 1 1 
item 4
71.0157 0 0 130.163 0 105.993 63.7481 109.643 45.4476 0 26.9156 0 62.4573 0 31.9891 76.5773 30.502 122.099 14.5813 0 0 0 16.6937 0 0 101.067 0 0 105.304 86.4752 41.2711 0 0 0 0 119.997 0 122.241 67.5588 112.131 44.4911 72.5811 58.1055 105.145 0 102.07 0 74.9311 
62.8439 62.8439 62.8439 62.8439 62.8439 62.8439 62.8439 62.8439 62.8439 62.8439 62.8439 62.8439 62.8439 62.8439 62.8439 62.8439 62.8439 62.8439 62.8439 62.8439 62.8439 62.8439 62.8439 62.8439 62.8439 62.8439 62.8439 62.8439 62.8439 62.8439 62.8439 62.8439 62.8439 62.8439 62.8439 62.8439 62.8439 62.8439 62.8439 62.8439 62.8439 62.8439 62.8439 62.8439 62.8439 62.8439 62.8439 62.8439 
1 1 1 1 1 1 1 1 1 1 1 1 1 1 1 1 1 1 1 1 1 1 1 1 1 1 1 1 1 1 1 1 1 1 1 1 1 1 1 1 1 1 1 1 1 1 1 1 
item 5
57.0613 102.68 53.6838 0 0 80.6619 0 95.911 59.9354 85.2644 49.9867 0 0 0 0 0 0 0 0 0 56.9079 143.368 0 0 45.804 84.5778 40.7298 96.7242 0 76.4082 0 0 14.8976 0 0 103.081 53.1895 87.8925 57.5487 0 0 111.801 51.9444 87.907 0 84.1402 60.9798 0 
36.7249 36.7249 36.7249 36.7249 36.7249 36.7249 36.7249 36.7249 36.7249 36.7249 36.7249 36.7249 36.7249 36.7249 36.7249 36.7249 36.7249 36.7249 36.7249 36.7249 36.7249 36.7249 36.7249 36.7249 36.7249 36.7249 36.7249 36.7249 36.7249 36.7249 36.7249 36.7249 36.7249 36.7249 36.7249 36.7249 36.7249 36.7249 36.7249 36.7249 36.7249 36.7249 36.7249 36.7249 36.7249 36.7249 36.7249 36.7249 
1 1 1 1 1 1 1 1 1 1 1 1 1 1 1 1 1 1 1 1 1 1 1 1 1 1 1 1 1 1 1 1 1 1 1 1 1 1 1 1 1 1 1 1 1 1 1 1 
item 6
44.4134 0 27.0447 67.8452 0 0 7.89766 115.052 43.8863 0 49.0741 0 73.2236 105.096 0 0 0 0 11.9589 125.459 0 108.257 51.6808 0 54.4772 137.222 0 0 65.9384 89.9491 11.8484 0 0 0 0 0 0 0 48.2677 89.8115 0 0 66.6617 69.729 26.1139 0 0 0 
25.0677 25.0677 25.0677 25.0677 25.0677 25.0677 25.0677 25.0677 25.0677 25.0677 25.0677 25.0677 25.0677 25.0677 25.0677 25.0677 25.0677 25.0677 25.0677 25.0677 25.0677 25.0677 25.0677 25.0677 25.0677 25.0677 25.0677 25.0677 25.0677 25.0677 25.0677 25.0677 25.0677 25.0677 25.0677 25.0677 25.0677 25.0677 25.0677 25.0677 25.0677 25.0677 25.0677 25.0677 25.0677 25.0677 25.0677 25.0677 
1 1 1 1 1 1 1 1 1 1 1 1 1 1 1 1 1 1 1 1 1 1 1 1 1 1 1 1 1 1 1 1 1 1 1 1 1 1 1 1 1 1 1 1 1 1 1 1 
item 7
52.1513 0 0 0 0 138.139 60.759 85.6986 53.9813 80.9171 53.8913 0 34.8986 0 0 104.151 0 138.352 0 76.8254 38.0689 0 0 0 57.5355 99.9053 0 0 37.9069 0 36.4159 0 0 0 60.9081 95.7547 0 0 0 147.993 0 0 0 107.198 0 0 62.6544 98.1634 
57.0158 57.0158 57.0158 57.0158 57.0158 57.0158 57.0158 57.0158 57.0158 57.0158 57.0158 57.0158 57.0158 57.0158 57.0158 57.0158 57.0158 57.0158 57.0158 57.0158 57.0158 57.0158 57.0158 57.0158 57.0158 57.0158 57.0158 57.0158 57.0158 57.0158 57.0158 57.0158 57.0158 57.0158 57.0158 57.0158 57.0158 57.0158 57.0158 57.0158 57.0158 57.0158 57.0158 57.0158 57.0158 57.0158 57.0158 57.0158 
1 1 1 1 1 1 1 1 1 1 1 1 1 1 1 1 1 1 1 1 1 1 1 1 1 1 1 1 1 1 1 1 1 1 1 1 1 1 1 1 1 1 1 1 1 1 1 1 
item 8
20.549 0 90.2027 84.159 66.8451 0 0 99.5897 66.7049 0 82.2361 118.783 0 0 0 0 55.1413 0 59.7108 0 0 91.2478 0 105.797 0 89.4546 41.5435 111.721 0 0 0 0 31.9472 0 0 116.318 61.5767 108.764 0 0 42.9892 0 0 0 25.9569 102.624 0 0 
50.8704 50.8704 50.8704 50.8704 50.8704 50.8704 50.8704 50.8704 50.8704 50.8704 50.8704 50.8704 50.8704 50.8704 50.8704 50.8704 50.8704 50.8704 50.8704 50.8704 50.8704 50.8704 50.8704 50.8704 50.8704 50.8704 50.8704 50.8704 50.8704 50.8704 50.8704 50.8704 50.8704 50.8704 50.8704 50.8704 50.8704 50.8704 50.8704 50.8704 50.8704 50.8704 50.8704 50.8704 50.8704 50.8704 50.8704 50.8704 
1 1 1 1 1 1 1 1 1 1 1 1 1 1 1 1 1 1 1 1 1 1 1 1 1 1 1 1 1 1 1 1 1 1 1 1 1 1 1 1 1 1 1 1 1 1 1 1 
item 9
52.4624 115.896 47.6601 0 16.2494 117.631 54.5116 0 0 70.8012 51.0859 0 0 106.776 0 0 0 0 0 104.319 0 64.0721 72.1575 119.266 0 124.952 0 115.21 28.1192 0 0 0 72.713 95.1806 0 0 0 99.7478 0 100.482 0 0 0 0 0 92.5248 0 114.199 
47.1583 47.1583 47.1583 47.1583 47.1583 47.1583 47.1583 47.1583 47.1583 47.1583 47.1583 47.1583 47.1583 47.1583 47.1583 47.1583 47.1583 47.1583 47.1583 47.1583 47.1583 47.1583 47.1583 47.1583 47.1583 47.1583 47.1583 47.1583 47.1583 47.1583 47.1583 47.1583 47.1583 47.1583 47.1583 47.1583 47.1583 47.1583 47.1583 47.1583 47.1583 47.1583 47.1583 47.1583 47.1583 47.1583 47.1583 47.1583 
1 1 1 1 1 1 1 1 1 1 1 1 1 1 1 1 1 1 1 1 1 1 1 1 1 1 1 1 1 1 1 1 1 1 1 1 1 1 1 1 1 1 1 1 1 1 1 1 
