6 40 
903.046 903.046 903.046 903.046 903.046 903.046 
item 0
80.7849 101.316 52.1532 0 0 127.716 
55.7391 55.7391 55.7391 55.7391 55.7391 55.7391 
1 1 1 1 1 1 
item 1
60.3155 111.85 86.9723 0 0 0 
63.8262 63.8262 63.8262 63.8262 63.8262 63.8262 
1 1 1 1 1 1 
item 2
75.4646 102.716 0 117.504 50.9094 0 
66.712 66.712 66.712 66.712 66.712 66.712 
1 1 1 1 1 1 
item 3
42.9286 0 45.7162 0 67.5797 0 
66.8001 66.8001 66.8001 66.8001 66.8001 66.8001 
1 1 1 1 1 1 
item 4
73.9241 89.6641 34.9261 128.24 0 115.599 
68.4382 68.4382 68.4382 68.4382 68.4382 68.4382 
1 1 1 1 1 1 
item 5
73.5893 106.573 0 0 0 0 
86.6231 86.6231 86.6231 86.6231 86.6231 86.6231 
1 1 1 1 1 1 
item 6
72.1726 57.9156 0 0 0 0 
67.3393 67.3393 67.3393 67.3393 67.3393 67.3393 
1 1 1 1 1 1 
item 7
31.5493 81.9015 0 106.848 56.577 111.992 
55.6653 55.6653 55.6653 55.6653 55.6653 55.6653 
1 1 1 1 1 1 
item 8
45.6457 0 36.5188 0 0 0 
44.3558 44.3558 44.3558 44.3558 44.3558 44.3558 
1 1 1 1 1 1 
item 9
55.473 0 57.9156 84.4533 0 98.4382 
45.363 45.363 45.363 45.363 45.363 45.363 
1 1 1 1 1 1 
item 10
25.8519 100.955 0 153.93 50.0601 87.9491 
54.7169 54.7169 54.7169 54.7169 54.7169 54.7169 
1 1 1 1 1 1 
item 11
9.83903 0 0 0 70.0156 127.356 
55.9137 55.9137 55.9137 55.9137 55.9137 55.9137 
1 1 1 1 1 1 
item 12
27.4551 111.266 0 122.672 0 75.4019 
100.179 100.179 100.179 100.179 100.179 100.179 
1 1 1 1 1 1 
item 13
62.5052 97.1608 0 76.6214 0 0 
84.5642 84.5642 84.5642 84.5642 84.5642 84.5642 
1 1 1 1 1 1 
item 14
56.798 105.384 41.3431 54.5996 27.9406 0 
90.52 90.52 90.52 90.52 90.52 90.52 
1 1 1 1 1 1 
item 15
34.7258 0 80.0676 0 24.8918 0 
54.04 54.04 54.04 54.04 54.04 54.04 
1 1 1 1 1 1 
item 16
74.3572 105.674 0 62.1757 57.5859 0 
63.7403 63.7403 63.7403 63.7403 63.7403 63.7403 
1 1 1 1 1 1 
item 17
43.5398 135.695 84.9523 0 0 107.157 
67.8117 67.8117 67.8117 67.8117 67.8117 67.8117 
1 1 1 1 1 1 
item 18
58.3708 0 0 100.441 68.7453 0 
62.6532 62.6532 62.6532 62.6532 62.6532 62.6532 
1 1 1 1 1 1 
item 19
55.2249 104.005 40.6062 70.1398 0 100.92 
57.9342 57.9342 57.9342 57.9342 57.9342 57.9342 
1 1 1 1 1 1 
item 20
19.8597 133.042 53.405 71.9494 0 109.066 
26.0963 26.0963 26.0963 26.0963 26.0963 26.0963 
1 1 1 1 1 1 
item 21
33.9712 0 53.4004 0 0 120.83 
64.6207 64.6207 64.6207 64.6207 64.6207 64.6207 
1 1 1 1 1 1 
item 22
34.41 0 37.346 0 47.9614 0 
61.6608 61.6608 61.6608 61.6608 61.6608 61.6608 
1 1 1 1 1 1 
item 23
35.7084 0 0 0 40.4311 0 
53.3973 53.3973 53.3973 53.3973 53.3973 53.3973 
1 1 1 1 1 1 
item 24
69.7061 0 0 119.587 47.5066 109.488 
23.9601 23.9601 23.9601 23.9601 23.9601 23.9601 
1 1 1 1 1 1 
item 25
45.055 83.9034 42.6149 0 0 0 
77.0891 77.0891 77.0891 77.0891 77.0891 77.0891 
1 1 1 1 1 1 
item 26
50.5097 78.317 33.5757 122.277 86.3272 90.5419 
54.5358 54.5358 54.5358 54.5358 54.5358 54.5358 
1 1 1 1 1 1 
item 27
65.8447 64.1121 0 0 0 0 
76.055 76.055 76.055 76.055 76.055 76.055 
1 1 1 1 1 1 
item 28
53.8188 81.8884 43.8765 0 0 0 
68.2342 68.2342 68.2342 68.2342 68.2342 68.2342 
1 1 1 1 1 1 
item 29
61.1344 0 0 0 0 0 
47.2085 47.2085 47.2085 47.2085 47.2085 47.2085 
1 1 1 1 1 1 
item 30
44.0695 0 61.2888 0 0 64.4019 
42.8209 42.8209 42.8209 42.8209 42.8209 42.8209 
1 1 1 1 1 1 
item 31
71.8663 80.4651 50.313 79.0487 0 79.4828 
64.3397 64.3397 64.3397 64.3397 64.3397 64.3397 
1 1 1 1 1 1 
item 32
43.9502 75.9319 0 60.6115 66.1142 0 
69.0505 69.0505 69.0505 69.0505 69.0505 69.0505 
1 1 1 1 1 1 
item 33
68.0983 0 67.276 99.4534 46.4956 0 
58.0408 58.0408 58.0408 58.0408 58.0408 58.0408 
1 1 1 1 1 1 
item 34
30.4779 0 34.2786 0 0 64.3116 
56.8447 56.8447 56.8447 56.8447 56.8447 56.8447 
1 1 1 1 1 1 
item 35
70.6754 75.7036 0 88.746 61.4996 0 
38.1028 38.1028 38.1028 38.1028 38.1028 38.1028 
1 1 1 1 1 1 
item 36
54.8829 92.5657 60.5923 91.723 25.6632 102.092 
28.3985 28.3985 28.3985 28.3985 28.3985 28.3985 
1 1 1 1 1 1 
item 37
41.9642 96.505 0 0 0 0 
55.1469 55.1469 55.1469 55.1469 55.1469 55.1469 
1 1 1 1 1 1 
item 38
35.6566 102.127 0 0 59.8261 0 
43.4308 43.4308 43.4308 43.4308 43.4308 43.4308 
1 1 1 1 1 1 
item 39
43.1585 109.671 0 99.2345 35.409 87.2058 
53.6254 53.6254 53.6254 53.6254 53.6254 53.6254 
1 1 1 1 1 1 
