18 5 
477.993 477.993 477.993 477.993 477.993 477.993 477.993 477.993 477.993 477.993 477.993 477.993 477.993 477.993 477.993 477.993 477.993 477.993 
item 0
30.0379 86.5025 57.0116 92.2641 32.1806 0 32.9021 100.889 88.3062 0 25.0948 0 46.2596 115.041 0 110.067 61.6036 119.386 
42.0116 42.0116 42.0116 42.0116 42.0116 42.0116 42.0116 42.0116 42.0116 42.0116 42.0116 42.0116 42.0116 42.0116 42.0116 42.0116 42.0116 42.0116 
1 1 1 1 1 1 1 1 1 1 1 1 1 1 1 1 1 1 
item 1
49.5409 104.565 45.0248 0 0 0 83.5101 97.5308 30.3929 0 60.0278 0 0 0 0 138.81 0 0 
87.9087 87.9087 87.9087 87.9087 87.9087 87.9087 87.9087 87.9087 87.9087 87.9087 87.9087 87.9087 87.9087 87.9087 87.9087 87.9087 87.9087 87.9087 
1 1 1 1 1 1 1 1 1 1 1 1 1 1 1 1 1 1 
item 2
47.7923 91.5542 58.7307 102.538 57.4929 101.557 0 0 0 0 32.5915 0 18.374 78.5747 0 0 0 108.571 
70.1 70.1 70.1 70.1 70.1 70.1 70.1 70.1 70.1 70.1 70.1 70.1 70.1 70.1 70.1 70.1 70.1 70.1 
1 1 1 1 1 1 1 1 1 1 1 1 1 1 1 1 1 1 
item 3
37.7507 0 68.7345 81.1176 0 0 44.622 78.8917 62.9091 0 0 92.6239 0 79.5335 62.9628 84.9659 0 106.658 
90.1327 90.1327 90.1327 90.1327 90.1327 90.1327 90.1327 90.1327 90.1327 90.1327 90.1327 90.1327 90.1327 90.1327 90.1327 90.1327 90.1327 90.1327 
1 1 1 1 1 1 1 1 1 1 1 1 1 1 1 1 1 1 
item 4
67.3969 94.0564 0 0 0 0 0 0 0 0 55.8847 0 58.7086 0 41.7445 81.7336 36.9763 0 
74.139 74.139 74.139 74.139 74.139 74.139 74.139 74.139 74.139 74.139 74.139 74.139 74.139 74.139 74.139 74.139 74.139 74.139 
1 1 1 1 1 1 1 1 1 1 1 1 1 1 1 1 1 1 
