6 5 
166.657 166.657 166.657 166.657 166.657 166.657 
item 0
33.8845 0 47.5504 0 0 0 
74.9952 74.9952 74.9952 74.9952 74.9952 74.9952 
1 1 1 1 1 1 
item 1
62.8006 0 0 0 29.2819 114.047 
52.4011 52.4011 52.4011 52.4011 52.4011 52.4011 
1 1 1 1 1 1 
item 2
75.6431 0 88.5366 113.556 0 0 
59.8804 59.8804 59.8804 59.8804 59.8804 59.8804 
1 1 1 1 1 1 
item 3
89.7788 0 0 82.6513 34.366 105.696 
83.6739 83.6739 83.6739 83.6739 83.6739 83.6739 
1 1 1 1 1 1 
item 4
71.3858 0 0 106.693 0 0 
99.1038 99.1038 99.1038 99.1038 99.1038 99.1038 
1 1 1 1 1 1 
