6 20 
-6.27744e+66 58.0133 58.0133 119.118 351.656 463.569 1075.95 
-6.27744e+66 -6.27744e+66 58.0133 88.5656 243.591 327.526 817.434 
-6.27744e+66 -6.27744e+66 -6.27744e+66 58.0133 135.526 191.483 558.914 
-6.27744e+66 -6.27744e+66 -6.27744e+66 -6.27744e+66 58.0133 85.9917 330.946 
-6.27744e+66 -6.27744e+66 -6.27744e+66 -6.27744e+66 -6.27744e+66 58.0133 180.49 
-6.27744e+66 -6.27744e+66 -6.27744e+66 -6.27744e+66 -6.27744e+66 -6.27744e+66 58.0133 
-6.27744e+66 -6.27744e+66 -6.27744e+66 -6.27744e+66 -6.27744e+66 -6.27744e+66 -6.27744e+66 
-6.27744e+66 79.121 179.493 179.493 451.725 733.577 1275.11 
-6.27744e+66 -6.27744e+66 79.121 79.121 260.609 471.998 905.225 
-6.27744e+66 -6.27744e+66 -6.27744e+66 79.121 169.865 310.791 635.711 
-6.27744e+66 -6.27744e+66 -6.27744e+66 -6.27744e+66 79.121 149.584 366.197 
-6.27744e+66 -6.27744e+66 -6.27744e+66 -6.27744e+66 -6.27744e+66 79.121 187.428 
-6.27744e+66 -6.27744e+66 -6.27744e+66 -6.27744e+66 -6.27744e+66 -6.27744e+66 79.121 
-6.27744e+66 -6.27744e+66 -6.27744e+66 -6.27744e+66 -6.27744e+66 -6.27744e+66 -6.27744e+66 
-6.27744e+66 64.9707 64.9707 64.9707 64.9707 249.654 249.654 
-6.27744e+66 -6.27744e+66 64.9707 64.9707 64.9707 203.483 203.483 
-6.27744e+66 -6.27744e+66 -6.27744e+66 64.9707 64.9707 157.312 157.312 
-6.27744e+66 -6.27744e+66 -6.27744e+66 -6.27744e+66 64.9707 111.141 111.141 
-6.27744e+66 -6.27744e+66 -6.27744e+66 -6.27744e+66 -6.27744e+66 64.9707 64.9707 
-6.27744e+66 -6.27744e+66 -6.27744e+66 -6.27744e+66 -6.27744e+66 -6.27744e+66 64.9707 
-6.27744e+66 -6.27744e+66 -6.27744e+66 -6.27744e+66 -6.27744e+66 -6.27744e+66 -6.27744e+66 
-6.27744e+66 54.0593 129.19 169.238 169.238 169.238 169.238 
-6.27744e+66 -6.27744e+66 54.0593 74.0834 74.0834 74.0834 74.0834 
-6.27744e+66 -6.27744e+66 -6.27744e+66 54.0593 54.0593 54.0593 54.0593 
-6.27744e+66 -6.27744e+66 -6.27744e+66 -6.27744e+66 54.0593 54.0593 54.0593 
-6.27744e+66 -6.27744e+66 -6.27744e+66 -6.27744e+66 -6.27744e+66 54.0593 54.0593 
-6.27744e+66 -6.27744e+66 -6.27744e+66 -6.27744e+66 -6.27744e+66 -6.27744e+66 54.0593 
-6.27744e+66 -6.27744e+66 -6.27744e+66 -6.27744e+66 -6.27744e+66 -6.27744e+66 -6.27744e+66 
-6.27744e+66 49.3261 49.3261 49.3261 49.3261 332.411 332.411 
-6.27744e+66 -6.27744e+66 49.3261 49.3261 49.3261 261.64 261.64 
-6.27744e+66 -6.27744e+66 -6.27744e+66 49.3261 49.3261 190.869 190.869 
-6.27744e+66 -6.27744e+66 -6.27744e+66 -6.27744e+66 49.3261 120.097 120.097 
-6.27744e+66 -6.27744e+66 -6.27744e+66 -6.27744e+66 -6.27744e+66 49.3261 49.3261 
-6.27744e+66 -6.27744e+66 -6.27744e+66 -6.27744e+66 -6.27744e+66 -6.27744e+66 49.3261 
-6.27744e+66 -6.27744e+66 -6.27744e+66 -6.27744e+66 -6.27744e+66 -6.27744e+66 -6.27744e+66 
-6.27744e+66 78.0991 182.375 266.974 266.974 266.974 266.974 
-6.27744e+66 -6.27744e+66 78.0991 120.398 120.398 120.398 120.398 
-6.27744e+66 -6.27744e+66 -6.27744e+66 78.0991 78.0991 78.0991 78.0991 
-6.27744e+66 -6.27744e+66 -6.27744e+66 -6.27744e+66 78.0991 78.0991 78.0991 
-6.27744e+66 -6.27744e+66 -6.27744e+66 -6.27744e+66 -6.27744e+66 78.0991 78.0991 
-6.27744e+66 -6.27744e+66 -6.27744e+66 -6.27744e+66 -6.27744e+66 -6.27744e+66 78.0991 
-6.27744e+66 -6.27744e+66 -6.27744e+66 -6.27744e+66 -6.27744e+66 -6.27744e+66 -6.27744e+66 
-6.27744e+66 59.7336 59.7336 244.1 244.1 505.994 990.381 
-6.27744e+66 -6.27744e+66 59.7336 151.917 151.917 348.337 735.847 
-6.27744e+66 -6.27744e+66 -6.27744e+66 59.7336 59.7336 190.68 481.313 
-6.27744e+66 -6.27744e+66 -6.27744e+66 -6.27744e+66 59.7336 125.207 318.962 
-6.27744e+66 -6.27744e+66 -6.27744e+66 -6.27744e+66 -6.27744e+66 59.7336 156.611 
-6.27744e+66 -6.27744e+66 -6.27744e+66 -6.27744e+66 -6.27744e+66 -6.27744e+66 59.7336 
-6.27744e+66 -6.27744e+66 -6.27744e+66 -6.27744e+66 -6.27744e+66 -6.27744e+66 -6.27744e+66 
-6.27744e+66 55.2213 155.947 219.304 219.304 219.304 727.008 
-6.27744e+66 -6.27744e+66 55.2213 86.8994 86.8994 86.8994 493.063 
-6.27744e+66 -6.27744e+66 -6.27744e+66 55.2213 55.2213 55.2213 359.844 
-6.27744e+66 -6.27744e+66 -6.27744e+66 -6.27744e+66 55.2213 55.2213 258.303 
-6.27744e+66 -6.27744e+66 -6.27744e+66 -6.27744e+66 -6.27744e+66 55.2213 156.762 
-6.27744e+66 -6.27744e+66 -6.27744e+66 -6.27744e+66 -6.27744e+66 -6.27744e+66 55.2213 
-6.27744e+66 -6.27744e+66 -6.27744e+66 -6.27744e+66 -6.27744e+66 -6.27744e+66 -6.27744e+66 
-6.27744e+66 48.6125 151.154 151.154 151.154 339.332 842.965 
-6.27744e+66 -6.27744e+66 48.6125 48.6125 48.6125 189.746 592.652 
-6.27744e+66 -6.27744e+66 -6.27744e+66 48.6125 48.6125 142.701 444.881 
-6.27744e+66 -6.27744e+66 -6.27744e+66 -6.27744e+66 48.6125 95.6569 297.11 
-6.27744e+66 -6.27744e+66 -6.27744e+66 -6.27744e+66 -6.27744e+66 48.6125 149.339 
-6.27744e+66 -6.27744e+66 -6.27744e+66 -6.27744e+66 -6.27744e+66 -6.27744e+66 48.6125 
-6.27744e+66 -6.27744e+66 -6.27744e+66 -6.27744e+66 -6.27744e+66 -6.27744e+66 -6.27744e+66 
-6.27744e+66 61.2568 61.2568 61.2568 243.979 397.629 940.142 
-6.27744e+66 -6.27744e+66 61.2568 61.2568 183.072 298.309 732.319 
-6.27744e+66 -6.27744e+66 -6.27744e+66 61.2568 122.164 198.989 524.497 
-6.27744e+66 -6.27744e+66 -6.27744e+66 -6.27744e+66 61.2568 99.6693 316.674 
-6.27744e+66 -6.27744e+66 -6.27744e+66 -6.27744e+66 -6.27744e+66 61.2568 169.759 
-6.27744e+66 -6.27744e+66 -6.27744e+66 -6.27744e+66 -6.27744e+66 -6.27744e+66 61.2568 
-6.27744e+66 -6.27744e+66 -6.27744e+66 -6.27744e+66 -6.27744e+66 -6.27744e+66 -6.27744e+66 
-6.27744e+66 61.676 61.676 61.676 61.676 61.676 600.589 
-6.27744e+66 -6.27744e+66 61.676 61.676 61.676 61.676 492.806 
-6.27744e+66 -6.27744e+66 -6.27744e+66 61.676 61.676 61.676 385.024 
-6.27744e+66 -6.27744e+66 -6.27744e+66 -6.27744e+66 61.676 61.676 277.241 
-6.27744e+66 -6.27744e+66 -6.27744e+66 -6.27744e+66 -6.27744e+66 61.676 169.458 
-6.27744e+66 -6.27744e+66 -6.27744e+66 -6.27744e+66 -6.27744e+66 -6.27744e+66 61.676 
-6.27744e+66 -6.27744e+66 -6.27744e+66 -6.27744e+66 -6.27744e+66 -6.27744e+66 -6.27744e+66 
-6.27744e+66 47.4613 178.398 178.398 405.266 405.266 893.912 
-6.27744e+66 -6.27744e+66 47.4613 47.4613 198.706 198.706 589.623 
-6.27744e+66 -6.27744e+66 -6.27744e+66 47.4613 123.084 123.084 416.272 
-6.27744e+66 -6.27744e+66 -6.27744e+66 -6.27744e+66 47.4613 47.4613 242.92 
-6.27744e+66 -6.27744e+66 -6.27744e+66 -6.27744e+66 -6.27744e+66 47.4613 145.191 
-6.27744e+66 -6.27744e+66 -6.27744e+66 -6.27744e+66 -6.27744e+66 -6.27744e+66 47.4613 
-6.27744e+66 -6.27744e+66 -6.27744e+66 -6.27744e+66 -6.27744e+66 -6.27744e+66 -6.27744e+66 
-6.27744e+66 81.6835 81.6835 100.355 374.508 732.051 732.051 
-6.27744e+66 -6.27744e+66 81.6835 91.0194 273.788 541.945 541.945 
-6.27744e+66 -6.27744e+66 -6.27744e+66 81.6835 173.068 351.839 351.839 
-6.27744e+66 -6.27744e+66 -6.27744e+66 -6.27744e+66 81.6835 171.069 171.069 
-6.27744e+66 -6.27744e+66 -6.27744e+66 -6.27744e+66 -6.27744e+66 81.6835 81.6835 
-6.27744e+66 -6.27744e+66 -6.27744e+66 -6.27744e+66 -6.27744e+66 -6.27744e+66 81.6835 
-6.27744e+66 -6.27744e+66 -6.27744e+66 -6.27744e+66 -6.27744e+66 -6.27744e+66 -6.27744e+66 
-6.27744e+66 30.5228 30.5228 30.5228 342.657 625.227 625.227 
-6.27744e+66 -6.27744e+66 30.5228 30.5228 238.612 450.539 450.539 
-6.27744e+66 -6.27744e+66 -6.27744e+66 30.5228 134.568 275.852 275.852 
-6.27744e+66 -6.27744e+66 -6.27744e+66 -6.27744e+66 30.5228 101.165 101.165 
-6.27744e+66 -6.27744e+66 -6.27744e+66 -6.27744e+66 -6.27744e+66 30.5228 30.5228 
-6.27744e+66 -6.27744e+66 -6.27744e+66 -6.27744e+66 -6.27744e+66 -6.27744e+66 30.5228 
-6.27744e+66 -6.27744e+66 -6.27744e+66 -6.27744e+66 -6.27744e+66 -6.27744e+66 -6.27744e+66 
-6.27744e+66 89.0418 216.738 216.738 477.339 604.102 604.102 
-6.27744e+66 -6.27744e+66 89.0418 89.0418 262.776 357.848 357.848 
-6.27744e+66 -6.27744e+66 -6.27744e+66 89.0418 175.909 239.29 239.29 
-6.27744e+66 -6.27744e+66 -6.27744e+66 -6.27744e+66 89.0418 120.733 120.733 
-6.27744e+66 -6.27744e+66 -6.27744e+66 -6.27744e+66 -6.27744e+66 89.0418 89.0418 
-6.27744e+66 -6.27744e+66 -6.27744e+66 -6.27744e+66 -6.27744e+66 -6.27744e+66 89.0418 
-6.27744e+66 -6.27744e+66 -6.27744e+66 -6.27744e+66 -6.27744e+66 -6.27744e+66 -6.27744e+66 
-6.27744e+66 73.3693 173.255 173.255 411.076 655.027 998.244 
-6.27744e+66 -6.27744e+66 73.3693 73.3693 231.917 414.88 689.453 
-6.27744e+66 -6.27744e+66 -6.27744e+66 73.3693 152.643 274.619 480.548 
-6.27744e+66 -6.27744e+66 -6.27744e+66 -6.27744e+66 73.3693 134.357 271.644 
-6.27744e+66 -6.27744e+66 -6.27744e+66 -6.27744e+66 -6.27744e+66 73.3693 142.013 
-6.27744e+66 -6.27744e+66 -6.27744e+66 -6.27744e+66 -6.27744e+66 -6.27744e+66 73.3693 
-6.27744e+66 -6.27744e+66 -6.27744e+66 -6.27744e+66 -6.27744e+66 -6.27744e+66 -6.27744e+66 
-6.27744e+66 87.7555 87.7555 170.376 170.376 419.918 1077.61 
-6.27744e+66 -6.27744e+66 87.7555 129.066 129.066 316.222 842.376 
-6.27744e+66 -6.27744e+66 -6.27744e+66 87.7555 87.7555 212.527 607.142 
-6.27744e+66 -6.27744e+66 -6.27744e+66 -6.27744e+66 87.7555 150.141 413.218 
-6.27744e+66 -6.27744e+66 -6.27744e+66 -6.27744e+66 -6.27744e+66 87.7555 219.294 
-6.27744e+66 -6.27744e+66 -6.27744e+66 -6.27744e+66 -6.27744e+66 -6.27744e+66 87.7555 
-6.27744e+66 -6.27744e+66 -6.27744e+66 -6.27744e+66 -6.27744e+66 -6.27744e+66 -6.27744e+66 
-6.27744e+66 45.4861 45.4861 158.713 158.713 305.812 739.414 
-6.27744e+66 -6.27744e+66 45.4861 102.099 102.099 212.424 559.305 
-6.27744e+66 -6.27744e+66 -6.27744e+66 45.4861 45.4861 119.036 379.197 
-6.27744e+66 -6.27744e+66 -6.27744e+66 -6.27744e+66 45.4861 82.261 255.702 
-6.27744e+66 -6.27744e+66 -6.27744e+66 -6.27744e+66 -6.27744e+66 45.4861 132.206 
-6.27744e+66 -6.27744e+66 -6.27744e+66 -6.27744e+66 -6.27744e+66 -6.27744e+66 45.4861 
-6.27744e+66 -6.27744e+66 -6.27744e+66 -6.27744e+66 -6.27744e+66 -6.27744e+66 -6.27744e+66 
-6.27744e+66 20.3734 154.403 154.403 489.233 631.732 631.732 
-6.27744e+66 -6.27744e+66 20.3734 20.3734 243.594 350.468 350.468 
-6.27744e+66 -6.27744e+66 -6.27744e+66 20.3734 131.984 203.233 203.233 
-6.27744e+66 -6.27744e+66 -6.27744e+66 -6.27744e+66 20.3734 55.9981 55.9981 
-6.27744e+66 -6.27744e+66 -6.27744e+66 -6.27744e+66 -6.27744e+66 20.3734 20.3734 
-6.27744e+66 -6.27744e+66 -6.27744e+66 -6.27744e+66 -6.27744e+66 -6.27744e+66 20.3734 
-6.27744e+66 -6.27744e+66 -6.27744e+66 -6.27744e+66 -6.27744e+66 -6.27744e+66 -6.27744e+66 
-6.27744e+66 48.1361 48.1361 201.345 201.345 396.155 396.155 
-6.27744e+66 -6.27744e+66 48.1361 124.741 124.741 270.848 270.848 
-6.27744e+66 -6.27744e+66 -6.27744e+66 48.1361 48.1361 145.541 145.541 
-6.27744e+66 -6.27744e+66 -6.27744e+66 -6.27744e+66 48.1361 96.8386 96.8386 
-6.27744e+66 -6.27744e+66 -6.27744e+66 -6.27744e+66 -6.27744e+66 48.1361 48.1361 
-6.27744e+66 -6.27744e+66 -6.27744e+66 -6.27744e+66 -6.27744e+66 -6.27744e+66 48.1361 
-6.27744e+66 -6.27744e+66 -6.27744e+66 -6.27744e+66 -6.27744e+66 -6.27744e+66 -6.27744e+66 
