48 5 
85.9854 85.9854 85.9854 85.9854 85.9854 85.9854 85.9854 85.9854 85.9854 85.9854 85.9854 85.9854 85.9854 85.9854 85.9854 85.9854 85.9854 85.9854 85.9854 85.9854 85.9854 85.9854 85.9854 85.9854 85.9854 85.9854 85.9854 85.9854 85.9854 85.9854 85.9854 85.9854 85.9854 85.9854 85.9854 85.9854 85.9854 85.9854 85.9854 85.9854 85.9854 85.9854 85.9854 85.9854 85.9854 85.9854 85.9854 85.9854 
item 0
14.8202 104.326 32.6224 104.962 75.3761 96.896 33.8977 81.4217 50.7948 132.974 36.2986 84.4379 71.263 92.1868 60.5073 126.58 17.578 93.1394 38.383 121.15 24.4421 98.9717 72.9292 129.519 53.9355 80.3043 52.1083 73.259 51.5926 78.2823 29.0289 107.676 9.36364 69.2383 51.6743 129.482 75.7223 116.693 57.7832 112.457 58.7233 153.024 54.414 112.175 62.7475 137.218 69.6653 123.075 
61.7761 61.7761 61.7761 61.7761 61.7761 61.7761 61.7761 61.7761 61.7761 61.7761 61.7761 61.7761 61.7761 61.7761 61.7761 61.7761 61.7761 61.7761 61.7761 61.7761 61.7761 61.7761 61.7761 61.7761 61.7761 61.7761 61.7761 61.7761 61.7761 61.7761 61.7761 61.7761 61.7761 61.7761 61.7761 61.7761 61.7761 61.7761 61.7761 61.7761 61.7761 61.7761 61.7761 61.7761 61.7761 61.7761 61.7761 61.7761 
1 1 1 1 1 1 1 1 1 1 1 1 1 1 1 1 1 1 1 1 1 1 1 1 1 1 1 1 1 1 1 1 1 1 1 1 1 1 1 1 1 1 1 1 1 1 1 1 
item 1
44.152 108.743 49.1563 100.213 25.5462 103.341 13.198 86.0143 52.5631 67.6206 34.184 100.886 65.5608 113.676 50.8388 119.292 52.2318 89.2261 58.6566 146.76 76.5258 114.279 38.6508 116.163 29.9824 97.5717 17.35 109.998 46.0747 115.493 86.6297 112.064 44.9316 141.068 38.249 76.7762 49.3774 139.822 36.6403 73.7406 53.1382 110.964 26.4627 137.059 65.8061 130.55 63.4468 90.2494 
49.8076 49.8076 49.8076 49.8076 49.8076 49.8076 49.8076 49.8076 49.8076 49.8076 49.8076 49.8076 49.8076 49.8076 49.8076 49.8076 49.8076 49.8076 49.8076 49.8076 49.8076 49.8076 49.8076 49.8076 49.8076 49.8076 49.8076 49.8076 49.8076 49.8076 49.8076 49.8076 49.8076 49.8076 49.8076 49.8076 49.8076 49.8076 49.8076 49.8076 49.8076 49.8076 49.8076 49.8076 49.8076 49.8076 49.8076 49.8076 
1 1 1 1 1 1 1 1 1 1 1 1 1 1 1 1 1 1 1 1 1 1 1 1 1 1 1 1 1 1 1 1 1 1 1 1 1 1 1 1 1 1 1 1 1 1 1 1 
item 2
25.4372 84.3112 72.0163 102.153 36.6158 71.9806 69.9016 110.964 38.7118 144.142 45.9496 98.1173 80.6832 121.173 15.5119 103.47 39.9812 120.543 54.3593 110.4 38.0234 99.5047 61.2578 80.7834 44.8704 120.42 58.0953 102.334 44.8992 99.7156 30.4437 87.5343 75.3965 123.371 40.22 98.3282 51.8513 114.989 58.3786 96.1102 15.1935 121.238 32.5928 149.519 91.0723 121.301 75.7081 115.451 
50.2429 50.2429 50.2429 50.2429 50.2429 50.2429 50.2429 50.2429 50.2429 50.2429 50.2429 50.2429 50.2429 50.2429 50.2429 50.2429 50.2429 50.2429 50.2429 50.2429 50.2429 50.2429 50.2429 50.2429 50.2429 50.2429 50.2429 50.2429 50.2429 50.2429 50.2429 50.2429 50.2429 50.2429 50.2429 50.2429 50.2429 50.2429 50.2429 50.2429 50.2429 50.2429 50.2429 50.2429 50.2429 50.2429 50.2429 50.2429 
1 1 1 1 1 1 1 1 1 1 1 1 1 1 1 1 1 1 1 1 1 1 1 1 1 1 1 1 1 1 1 1 1 1 1 1 1 1 1 1 1 1 1 1 1 1 1 1 
item 3
65.1099 83.7071 27.0574 96.5469 46.0793 109.7 42.7464 103.298 25.4419 96.241 58.8863 90.7029 28.4173 121.594 71.3121 79.48 12.3563 121.229 47.85 77.4227 30.3476 86.6359 48.0435 138.789 55.5471 130.455 35.3648 76.5284 38.0617 102.994 25.582 78.924 78.3074 120.91 74.1545 100.215 66.7853 122.179 6.66533 98.339 53.5633 107.426 55.0646 88.2881 65.6049 86.9676 19.362 108.592 
65.9128 65.9128 65.9128 65.9128 65.9128 65.9128 65.9128 65.9128 65.9128 65.9128 65.9128 65.9128 65.9128 65.9128 65.9128 65.9128 65.9128 65.9128 65.9128 65.9128 65.9128 65.9128 65.9128 65.9128 65.9128 65.9128 65.9128 65.9128 65.9128 65.9128 65.9128 65.9128 65.9128 65.9128 65.9128 65.9128 65.9128 65.9128 65.9128 65.9128 65.9128 65.9128 65.9128 65.9128 65.9128 65.9128 65.9128 65.9128 
1 1 1 1 1 1 1 1 1 1 1 1 1 1 1 1 1 1 1 1 1 1 1 1 1 1 1 1 1 1 1 1 1 1 1 1 1 1 1 1 1 1 1 1 1 1 1 1 
item 4
49.4073 155.311 58.5435 91.0957 31.8756 127.126 65.7391 81.396 58.6999 93.1923 15.8623 69.9439 19.7372 101.238 31.1634 107.321 50.3039 82.872 85.373 107.89 58.3075 110.468 30.6528 102.815 49.8946 105.061 55.7934 122.825 25.4744 108.197 52.2191 126.91 43.3999 109.471 38.2462 94.6839 48.2605 108.41 71.0799 127.111 32.7391 115.651 42.4831 96.3679 104.995 123.393 24.6914 106.366 
86.1473 86.1473 86.1473 86.1473 86.1473 86.1473 86.1473 86.1473 86.1473 86.1473 86.1473 86.1473 86.1473 86.1473 86.1473 86.1473 86.1473 86.1473 86.1473 86.1473 86.1473 86.1473 86.1473 86.1473 86.1473 86.1473 86.1473 86.1473 86.1473 86.1473 86.1473 86.1473 86.1473 86.1473 86.1473 86.1473 86.1473 86.1473 86.1473 86.1473 86.1473 86.1473 86.1473 86.1473 86.1473 86.1473 86.1473 86.1473 
1 1 1 1 1 1 1 1 1 1 1 1 1 1 1 1 1 1 1 1 1 1 1 1 1 1 1 1 1 1 1 1 1 1 1 1 1 1 1 1 1 1 1 1 1 1 1 1 
