6 5 
-6.27744e+66 34.7506 140.725 301.596 579.489 774.548 1264.42 
-6.27744e+66 -6.27744e+66 34.7506 115.186 300.448 446.743 838.639 
-6.27744e+66 -6.27744e+66 -6.27744e+66 34.7506 127.381 224.911 518.833 
-6.27744e+66 -6.27744e+66 -6.27744e+66 -6.27744e+66 34.7506 83.5154 279.464 
-6.27744e+66 -6.27744e+66 -6.27744e+66 -6.27744e+66 -6.27744e+66 34.7506 132.725 
-6.27744e+66 -6.27744e+66 -6.27744e+66 -6.27744e+66 -6.27744e+66 -6.27744e+66 34.7506 
-6.27744e+66 -6.27744e+66 -6.27744e+66 -6.27744e+66 -6.27744e+66 -6.27744e+66 -6.27744e+66 
-6.27744e+66 69.0697 174.874 174.874 337.964 531.618 1236.48 
-6.27744e+66 -6.27744e+66 69.0697 69.0697 177.797 323.037 886.923 
-6.27744e+66 -6.27744e+66 -6.27744e+66 69.0697 123.433 220.26 643.175 
-6.27744e+66 -6.27744e+66 -6.27744e+66 -6.27744e+66 69.0697 117.483 399.426 
-6.27744e+66 -6.27744e+66 -6.27744e+66 -6.27744e+66 -6.27744e+66 69.0697 210.041 
-6.27744e+66 -6.27744e+66 -6.27744e+66 -6.27744e+66 -6.27744e+66 -6.27744e+66 69.0697 
-6.27744e+66 -6.27744e+66 -6.27744e+66 -6.27744e+66 -6.27744e+66 -6.27744e+66 -6.27744e+66 
-6.27744e+66 67.1762 113.664 227.9 558.669 853.382 1396.67 
-6.27744e+66 -6.27744e+66 67.1762 124.294 344.807 565.842 1000.47 
-6.27744e+66 -6.27744e+66 -6.27744e+66 67.1762 177.432 324.789 650.764 
-6.27744e+66 -6.27744e+66 -6.27744e+66 -6.27744e+66 67.1762 140.855 358.171 
-6.27744e+66 -6.27744e+66 -6.27744e+66 -6.27744e+66 -6.27744e+66 67.1762 175.834 
-6.27744e+66 -6.27744e+66 -6.27744e+66 -6.27744e+66 -6.27744e+66 -6.27744e+66 67.1762 
-6.27744e+66 -6.27744e+66 -6.27744e+66 -6.27744e+66 -6.27744e+66 -6.27744e+66 -6.27744e+66 
-6.27744e+66 86.9964 191.479 350.094 599.152 655.7 1274.68 
-6.27744e+66 -6.27744e+66 86.9964 166.304 332.343 374.754 869.941 
-6.27744e+66 -6.27744e+66 -6.27744e+66 86.9964 170.016 198.29 569.68 
-6.27744e+66 -6.27744e+66 -6.27744e+66 -6.27744e+66 86.9964 101.134 348.727 
-6.27744e+66 -6.27744e+66 -6.27744e+66 -6.27744e+66 -6.27744e+66 86.9964 210.793 
-6.27744e+66 -6.27744e+66 -6.27744e+66 -6.27744e+66 -6.27744e+66 -6.27744e+66 86.9964 
-6.27744e+66 -6.27744e+66 -6.27744e+66 -6.27744e+66 -6.27744e+66 -6.27744e+66 -6.27744e+66 
-6.27744e+66 57.7989 169.121 269.532 565.965 832.094 1383.56 
-6.27744e+66 -6.27744e+66 57.7989 108.004 305.626 505.223 946.393 
-6.27744e+66 -6.27744e+66 -6.27744e+66 57.7989 156.61 289.674 620.552 
-6.27744e+66 -6.27744e+66 -6.27744e+66 -6.27744e+66 57.7989 124.331 344.916 
-6.27744e+66 -6.27744e+66 -6.27744e+66 -6.27744e+66 -6.27744e+66 57.7989 168.091 
-6.27744e+66 -6.27744e+66 -6.27744e+66 -6.27744e+66 -6.27744e+66 -6.27744e+66 57.7989 
-6.27744e+66 -6.27744e+66 -6.27744e+66 -6.27744e+66 -6.27744e+66 -6.27744e+66 -6.27744e+66 
