24 40 
505.251 505.251 505.251 505.251 505.251 505.251 505.251 505.251 505.251 505.251 505.251 505.251 505.251 505.251 505.251 505.251 505.251 505.251 505.251 505.251 505.251 505.251 505.251 505.251 
item 0
28.2431 103.724 81.2761 122.325 87.329 85.7225 44.4281 101.876 17.7574 104.155 59.8864 93.4788 87.8427 157.383 64.8542 91.9187 109.577 125.616 60.8284 84.4388 53.9921 118.722 49.1192 69.1766 
15.9726 15.9726 15.9726 15.9726 15.9726 15.9726 15.9726 15.9726 15.9726 15.9726 15.9726 15.9726 15.9726 15.9726 15.9726 15.9726 15.9726 15.9726 15.9726 15.9726 15.9726 15.9726 15.9726 15.9726 
1 1 1 1 1 1 1 1 1 1 1 1 1 1 1 1 1 1 1 1 1 1 1 1 
item 1
49.951 77.2204 67.7594 87.6475 38.2408 88.6986 37.571 111.404 59.9759 76.7359 28.0718 99.9768 47.8876 75.4188 96.6705 83.1881 14.0989 92.3569 56.2281 92.5269 53.211 84.8693 81.9711 102.505 
75.8785 75.8785 75.8785 75.8785 75.8785 75.8785 75.8785 75.8785 75.8785 75.8785 75.8785 75.8785 75.8785 75.8785 75.8785 75.8785 75.8785 75.8785 75.8785 75.8785 75.8785 75.8785 75.8785 75.8785 
1 1 1 1 1 1 1 1 1 1 1 1 1 1 1 1 1 1 1 1 1 1 1 1 
item 2
28.5829 99.7641 46.4437 114.017 59.454 132.414 43.07 111.494 0 94.2441 56.8179 95.6919 15.1987 97.6822 86.9833 127.592 34.848 90.089 80.7442 90.3267 36.2663 107.887 50.7346 115.324 
44.8015 44.8015 44.8015 44.8015 44.8015 44.8015 44.8015 44.8015 44.8015 44.8015 44.8015 44.8015 44.8015 44.8015 44.8015 44.8015 44.8015 44.8015 44.8015 44.8015 44.8015 44.8015 44.8015 44.8015 
1 1 1 1 1 1 1 1 1 1 1 1 1 1 1 1 1 1 1 1 1 1 1 1 
item 3
87.4025 112.673 49.6471 121.392 53.0676 88.8932 83.2829 110.701 22.6625 122.575 66.1768 95.6641 53.6075 84.0189 93.728 87.7189 33.4673 102.343 14.8655 116.612 0 104.48 36.4551 117.041 
46.7582 46.7582 46.7582 46.7582 46.7582 46.7582 46.7582 46.7582 46.7582 46.7582 46.7582 46.7582 46.7582 46.7582 46.7582 46.7582 46.7582 46.7582 46.7582 46.7582 46.7582 46.7582 46.7582 46.7582 
1 1 1 1 1 1 1 1 1 1 1 1 1 1 1 1 1 1 1 1 1 1 1 1 
item 4
26.0219 101.315 27.936 108.474 44.2815 105.181 25.5922 87.3338 65.0129 66.0175 41.0131 106.03 53.8643 92.4544 51.0617 92.3799 11.1565 92.664 40.1436 116.023 39.1563 112.562 67.1123 114.519 
81.314 81.314 81.314 81.314 81.314 81.314 81.314 81.314 81.314 81.314 81.314 81.314 81.314 81.314 81.314 81.314 81.314 81.314 81.314 81.314 81.314 81.314 81.314 81.314 
1 1 1 1 1 1 1 1 1 1 1 1 1 1 1 1 1 1 1 1 1 1 1 1 
item 5
49.7844 88.5526 33.3434 132.919 44.4626 137.908 47.2525 111.906 76.1628 71.4212 35.9017 79.3932 70.5428 93.6296 26.4988 77.5617 56.7463 80.8075 28.1273 99.6142 75.9158 106.149 69.8029 67.7856 
61.1585 61.1585 61.1585 61.1585 61.1585 61.1585 61.1585 61.1585 61.1585 61.1585 61.1585 61.1585 61.1585 61.1585 61.1585 61.1585 61.1585 61.1585 61.1585 61.1585 61.1585 61.1585 61.1585 61.1585 
1 1 1 1 1 1 1 1 1 1 1 1 1 1 1 1 1 1 1 1 1 1 1 1 
item 6
59.5551 81.189 58.4221 104.994 10.3723 73.9971 45.4635 96.0997 30.3699 91.3435 70.7671 100.692 61.5262 96.8618 90.6153 104.205 69.6753 88.1906 36.2672 127.547 43.3272 100.425 51.4059 77.2447 
49.5665 49.5665 49.5665 49.5665 49.5665 49.5665 49.5665 49.5665 49.5665 49.5665 49.5665 49.5665 49.5665 49.5665 49.5665 49.5665 49.5665 49.5665 49.5665 49.5665 49.5665 49.5665 49.5665 49.5665 
1 1 1 1 1 1 1 1 1 1 1 1 1 1 1 1 1 1 1 1 1 1 1 1 
item 7
36.8137 86.6835 15.6425 120.923 53.5332 75.5495 29.5115 95.2108 47.6312 97.8704 35.6921 94.212 15.8727 91.1906 54.4183 61.3265 29.6057 73.8581 33.6351 107.457 72.7052 127.493 75.5827 133.551 
65.8521 65.8521 65.8521 65.8521 65.8521 65.8521 65.8521 65.8521 65.8521 65.8521 65.8521 65.8521 65.8521 65.8521 65.8521 65.8521 65.8521 65.8521 65.8521 65.8521 65.8521 65.8521 65.8521 65.8521 
1 1 1 1 1 1 1 1 1 1 1 1 1 1 1 1 1 1 1 1 1 1 1 1 
item 8
57.0066 93.1356 64.3071 72.5545 24.6983 73.4088 29.9516 108.158 65.335 120.066 71.7618 75.437 42.6884 98.1555 65.2199 85.8961 79.0908 102.298 50.7847 83.4064 28.921 91.675 45.1747 87.9282 
50.7811 50.7811 50.7811 50.7811 50.7811 50.7811 50.7811 50.7811 50.7811 50.7811 50.7811 50.7811 50.7811 50.7811 50.7811 50.7811 50.7811 50.7811 50.7811 50.7811 50.7811 50.7811 50.7811 50.7811 
1 1 1 1 1 1 1 1 1 1 1 1 1 1 1 1 1 1 1 1 1 1 1 1 
item 9
80.5593 105.543 15.8255 94.8026 32.8469 97.2685 81.8247 135.215 75.7623 94.0229 39.838 83.9466 77.8802 112.316 87.3659 88.0706 70.8218 134.813 38.4795 112.469 52.5081 122.798 43.5065 97.3417 
45.5785 45.5785 45.5785 45.5785 45.5785 45.5785 45.5785 45.5785 45.5785 45.5785 45.5785 45.5785 45.5785 45.5785 45.5785 45.5785 45.5785 45.5785 45.5785 45.5785 45.5785 45.5785 45.5785 45.5785 
1 1 1 1 1 1 1 1 1 1 1 1 1 1 1 1 1 1 1 1 1 1 1 1 
item 10
34.0765 86.6938 48.9063 91.7254 36.7096 104.646 33.4507 98.992 47.8401 95.4647 30.5603 70.066 51.9066 139.012 53.4678 95.5977 54.9857 98.9354 45.1132 91.304 85.5996 100.551 60.0841 40.112 
24.5416 24.5416 24.5416 24.5416 24.5416 24.5416 24.5416 24.5416 24.5416 24.5416 24.5416 24.5416 24.5416 24.5416 24.5416 24.5416 24.5416 24.5416 24.5416 24.5416 24.5416 24.5416 24.5416 24.5416 
1 1 1 1 1 1 1 1 1 1 1 1 1 1 1 1 1 1 1 1 1 1 1 1 
item 11
67.9358 121.061 74.3114 130.682 35.2661 122.309 92.9708 105.899 61.5906 99.6172 70.8412 111.031 30.3094 71.416 42.9214 98.8505 77.5452 119.913 5.4794 134.549 64.161 65.3767 74.8786 119.638 
62.808 62.808 62.808 62.808 62.808 62.808 62.808 62.808 62.808 62.808 62.808 62.808 62.808 62.808 62.808 62.808 62.808 62.808 62.808 62.808 62.808 62.808 62.808 62.808 
1 1 1 1 1 1 1 1 1 1 1 1 1 1 1 1 1 1 1 1 1 1 1 1 
item 12
54.8914 116.971 45.6647 136.919 73.4208 115.077 68.1899 83.5748 63.5067 82.8683 66.4775 115.495 73.6293 112.791 37.532 57.2387 30.1778 138.667 75.3244 106.525 48.4529 121.366 58.9043 93.328 
38.3219 38.3219 38.3219 38.3219 38.3219 38.3219 38.3219 38.3219 38.3219 38.3219 38.3219 38.3219 38.3219 38.3219 38.3219 38.3219 38.3219 38.3219 38.3219 38.3219 38.3219 38.3219 38.3219 38.3219 
1 1 1 1 1 1 1 1 1 1 1 1 1 1 1 1 1 1 1 1 1 1 1 1 
item 13
70.9263 117.016 58.34 87.4036 67.6932 110.593 60.9762 63.0848 38.5929 71.0166 25.3602 77.5361 41.9071 123.917 54.1184 100.473 70.884 88.439 46.7575 79.7241 77.7743 129.385 58.2292 107.405 
53.1807 53.1807 53.1807 53.1807 53.1807 53.1807 53.1807 53.1807 53.1807 53.1807 53.1807 53.1807 53.1807 53.1807 53.1807 53.1807 53.1807 53.1807 53.1807 53.1807 53.1807 53.1807 53.1807 53.1807 
1 1 1 1 1 1 1 1 1 1 1 1 1 1 1 1 1 1 1 1 1 1 1 1 
item 14
64.1454 60.4962 57.2487 89.8306 37.283 126.474 35.95 121.533 45.0009 118.232 61.3614 78.973 51.595 89.4204 70.088 101.879 38.3153 124.729 41.4631 116.966 38.3291 115.736 54.1965 113.576 
90.1519 90.1519 90.1519 90.1519 90.1519 90.1519 90.1519 90.1519 90.1519 90.1519 90.1519 90.1519 90.1519 90.1519 90.1519 90.1519 90.1519 90.1519 90.1519 90.1519 90.1519 90.1519 90.1519 90.1519 
1 1 1 1 1 1 1 1 1 1 1 1 1 1 1 1 1 1 1 1 1 1 1 1 
item 15
80.1252 113.951 33.3455 122.07 46.2738 106.602 45.1597 137.115 27.8978 101.865 62.6908 130.153 35.5887 93.8486 50.3687 101.224 52.3545 125.348 33.9899 98.544 28.4233 106.737 76.4854 107.963 
60.0754 60.0754 60.0754 60.0754 60.0754 60.0754 60.0754 60.0754 60.0754 60.0754 60.0754 60.0754 60.0754 60.0754 60.0754 60.0754 60.0754 60.0754 60.0754 60.0754 60.0754 60.0754 60.0754 60.0754 
1 1 1 1 1 1 1 1 1 1 1 1 1 1 1 1 1 1 1 1 1 1 1 1 
item 16
45.0048 112.491 37.576 116.586 62.8498 93.1805 76.7455 55.0712 78.4854 124.788 74.8918 95.9562 89.5602 79.1296 33.6349 94.5732 43.0209 117.184 36.6808 108.834 84.1847 89.5738 27.605 114.82 
75.2401 75.2401 75.2401 75.2401 75.2401 75.2401 75.2401 75.2401 75.2401 75.2401 75.2401 75.2401 75.2401 75.2401 75.2401 75.2401 75.2401 75.2401 75.2401 75.2401 75.2401 75.2401 75.2401 75.2401 
1 1 1 1 1 1 1 1 1 1 1 1 1 1 1 1 1 1 1 1 1 1 1 1 
item 17
51.0795 82.3794 20.464 95.3418 55.6545 85.4605 53.0858 113.684 50.5847 106.208 21.1781 59.4966 37.374 118.732 38.2531 125.905 85.1128 61.5837 76.1801 101.013 51.5351 79.9064 62.5395 79.4349 
64.2491 64.2491 64.2491 64.2491 64.2491 64.2491 64.2491 64.2491 64.2491 64.2491 64.2491 64.2491 64.2491 64.2491 64.2491 64.2491 64.2491 64.2491 64.2491 64.2491 64.2491 64.2491 64.2491 64.2491 
1 1 1 1 1 1 1 1 1 1 1 1 1 1 1 1 1 1 1 1 1 1 1 1 
item 18
40.2629 117.232 41.4485 93.6641 21.6972 91.7083 23.0975 84.3143 63.1688 97.4502 92.7626 112.818 29.3039 103.997 6.07907 138.263 52.4711 100.805 73.9916 105.93 61.258 119.448 46.6464 90.4004 
59.1957 59.1957 59.1957 59.1957 59.1957 59.1957 59.1957 59.1957 59.1957 59.1957 59.1957 59.1957 59.1957 59.1957 59.1957 59.1957 59.1957 59.1957 59.1957 59.1957 59.1957 59.1957 59.1957 59.1957 
1 1 1 1 1 1 1 1 1 1 1 1 1 1 1 1 1 1 1 1 1 1 1 1 
item 19
56.0622 119.3 51.8393 126.389 67.38 93.1517 65.7755 104.284 34.0648 78.3731 52.1031 93.9342 86.7538 85.0186 62.7938 109.556 68.4484 88.3079 44.9248 79.4026 37.2791 126.465 75.7084 95.5785 
66.6348 66.6348 66.6348 66.6348 66.6348 66.6348 66.6348 66.6348 66.6348 66.6348 66.6348 66.6348 66.6348 66.6348 66.6348 66.6348 66.6348 66.6348 66.6348 66.6348 66.6348 66.6348 66.6348 66.6348 
1 1 1 1 1 1 1 1 1 1 1 1 1 1 1 1 1 1 1 1 1 1 1 1 
item 20
70.4108 55.8865 39.9078 91.1814 72.408 35.3855 43.3293 65.2042 80.4197 116.675 98.8598 114.98 57.8161 70.109 45.8556 112.001 61.9457 107.639 16.9229 81.3447 16.8135 85.5253 35.9729 117.097 
60.8547 60.8547 60.8547 60.8547 60.8547 60.8547 60.8547 60.8547 60.8547 60.8547 60.8547 60.8547 60.8547 60.8547 60.8547 60.8547 60.8547 60.8547 60.8547 60.8547 60.8547 60.8547 60.8547 60.8547 
1 1 1 1 1 1 1 1 1 1 1 1 1 1 1 1 1 1 1 1 1 1 1 1 
item 21
72.7886 87.4616 43.0125 102.594 24.0843 118.306 30.9568 88.9077 48.5446 111.24 50.8035 102.791 60.8704 72.2323 49.7538 62.3929 60.0297 94.2709 43.2647 95.653 79.435 138.947 65.9447 105.087 
56.9862 56.9862 56.9862 56.9862 56.9862 56.9862 56.9862 56.9862 56.9862 56.9862 56.9862 56.9862 56.9862 56.9862 56.9862 56.9862 56.9862 56.9862 56.9862 56.9862 56.9862 56.9862 56.9862 56.9862 
1 1 1 1 1 1 1 1 1 1 1 1 1 1 1 1 1 1 1 1 1 1 1 1 
item 22
33.7689 133.081 30.1799 79.4327 66.152 93.9623 24.2267 111.627 51.6542 117.57 51.4635 94.3181 53.4164 103.125 38.6678 56.4682 52.3075 75.684 79.2882 74.5372 47.413 95.6644 71.7503 78.9568 
45.9976 45.9976 45.9976 45.9976 45.9976 45.9976 45.9976 45.9976 45.9976 45.9976 45.9976 45.9976 45.9976 45.9976 45.9976 45.9976 45.9976 45.9976 45.9976 45.9976 45.9976 45.9976 45.9976 45.9976 
1 1 1 1 1 1 1 1 1 1 1 1 1 1 1 1 1 1 1 1 1 1 1 1 
item 23
43.1959 101.39 52.7496 90.5668 64.6563 83.7432 53.4364 101.773 48.751 85.2435 44.6049 99.5999 78.0436 76.8527 28.612 159.344 20.5334 138.709 44.4655 101.569 30.2772 104.755 60.7725 99.8125 
36.8189 36.8189 36.8189 36.8189 36.8189 36.8189 36.8189 36.8189 36.8189 36.8189 36.8189 36.8189 36.8189 36.8189 36.8189 36.8189 36.8189 36.8189 36.8189 36.8189 36.8189 36.8189 36.8189 36.8189 
1 1 1 1 1 1 1 1 1 1 1 1 1 1 1 1 1 1 1 1 1 1 1 1 
item 24
33.946 101.263 36.9955 98.3615 55.312 94.4217 35.0094 116.944 63.0305 88.9311 81.1283 112.79 60.5763 61.1787 47.5599 94.9075 20.7219 76.0553 43.8789 79.1795 72.0334 82.803 40.5576 104.307 
72.3118 72.3118 72.3118 72.3118 72.3118 72.3118 72.3118 72.3118 72.3118 72.3118 72.3118 72.3118 72.3118 72.3118 72.3118 72.3118 72.3118 72.3118 72.3118 72.3118 72.3118 72.3118 72.3118 72.3118 
1 1 1 1 1 1 1 1 1 1 1 1 1 1 1 1 1 1 1 1 1 1 1 1 
item 25
46.088 78.5295 42.9593 105.653 25.1959 83.5193 47.9608 100.794 38.094 138.697 25.4852 110.576 29.0784 126.244 44.327 96.4168 50.0513 129.053 63.0287 91.3557 43.1413 107.698 29.834 84.7277 
84.2111 84.2111 84.2111 84.2111 84.2111 84.2111 84.2111 84.2111 84.2111 84.2111 84.2111 84.2111 84.2111 84.2111 84.2111 84.2111 84.2111 84.2111 84.2111 84.2111 84.2111 84.2111 84.2111 84.2111 
1 1 1 1 1 1 1 1 1 1 1 1 1 1 1 1 1 1 1 1 1 1 1 1 
item 26
70.7368 44.3554 81.3375 125.299 81.6068 97.8174 68.1321 104.056 35.9123 109.092 33.7064 111.811 78.318 94.9219 36.9825 80.4198 40.4492 105.687 57.9132 86.4174 66.7284 122.421 47.7594 97.7419 
63.8362 63.8362 63.8362 63.8362 63.8362 63.8362 63.8362 63.8362 63.8362 63.8362 63.8362 63.8362 63.8362 63.8362 63.8362 63.8362 63.8362 63.8362 63.8362 63.8362 63.8362 63.8362 63.8362 63.8362 
1 1 1 1 1 1 1 1 1 1 1 1 1 1 1 1 1 1 1 1 1 1 1 1 
item 27
91.3844 125.37 14.2934 72.6326 48.2468 117.529 53.3509 75.7613 93.6027 83.4976 55.9258 68.7637 55.436 52.2717 50.0032 120.528 55.2847 118.402 24.1399 79.3871 61.9749 105.835 38.8888 88.1055 
47.4011 47.4011 47.4011 47.4011 47.4011 47.4011 47.4011 47.4011 47.4011 47.4011 47.4011 47.4011 47.4011 47.4011 47.4011 47.4011 47.4011 47.4011 47.4011 47.4011 47.4011 47.4011 47.4011 47.4011 
1 1 1 1 1 1 1 1 1 1 1 1 1 1 1 1 1 1 1 1 1 1 1 1 
item 28
43.1546 107.242 62.4461 107.376 30.4819 107.531 58.8793 129.231 81.0449 82.049 33.3726 140.213 67.5666 65.9922 55.9256 91.5454 31.391 144.946 75.2101 47.1909 62.9012 124.172 55.1595 85.994 
27.9219 27.9219 27.9219 27.9219 27.9219 27.9219 27.9219 27.9219 27.9219 27.9219 27.9219 27.9219 27.9219 27.9219 27.9219 27.9219 27.9219 27.9219 27.9219 27.9219 27.9219 27.9219 27.9219 27.9219 
1 1 1 1 1 1 1 1 1 1 1 1 1 1 1 1 1 1 1 1 1 1 1 1 
item 29
29.8499 111.614 58.8657 104.04 62.2445 92.9278 33.9659 99.809 50.9237 77.3973 55.6803 122.079 19.0001 134.06 50.0659 92.0194 33.8454 143.739 55.195 75.1248 36.7548 108.241 36.8264 71.365 
48.5359 48.5359 48.5359 48.5359 48.5359 48.5359 48.5359 48.5359 48.5359 48.5359 48.5359 48.5359 48.5359 48.5359 48.5359 48.5359 48.5359 48.5359 48.5359 48.5359 48.5359 48.5359 48.5359 48.5359 
1 1 1 1 1 1 1 1 1 1 1 1 1 1 1 1 1 1 1 1 1 1 1 1 
item 30
28.0336 88.163 58.8676 120.071 46.9615 107.899 44.7934 89.4183 26.275 110.284 68.9051 101.4 55.8324 118.863 58.5279 85.4954 68.3829 103.501 86.5881 127.583 33.2819 105.047 82.6712 105.887 
72.9772 72.9772 72.9772 72.9772 72.9772 72.9772 72.9772 72.9772 72.9772 72.9772 72.9772 72.9772 72.9772 72.9772 72.9772 72.9772 72.9772 72.9772 72.9772 72.9772 72.9772 72.9772 72.9772 72.9772 
1 1 1 1 1 1 1 1 1 1 1 1 1 1 1 1 1 1 1 1 1 1 1 1 
item 31
44.3556 100.402 67.8781 103.311 50.379 126.241 71.0015 64.5715 23.7775 90.5026 28.3758 103.419 47.1719 116.051 21.3761 91.697 22.9962 103.725 37.7634 127.822 36.1911 84.6282 68.9053 133.66 
73.9904 73.9904 73.9904 73.9904 73.9904 73.9904 73.9904 73.9904 73.9904 73.9904 73.9904 73.9904 73.9904 73.9904 73.9904 73.9904 73.9904 73.9904 73.9904 73.9904 73.9904 73.9904 73.9904 73.9904 
1 1 1 1 1 1 1 1 1 1 1 1 1 1 1 1 1 1 1 1 1 1 1 1 
item 32
34.5224 75.258 68.263 96.7081 24.9798 133.721 33.5355 74.1741 11.7784 91.1995 63.7449 115.231 68.3208 137.629 40.807 106.001 57.4276 74.5352 64.397 102.783 64.5865 108.837 49.0708 80.8109 
57.9969 57.9969 57.9969 57.9969 57.9969 57.9969 57.9969 57.9969 57.9969 57.9969 57.9969 57.9969 57.9969 57.9969 57.9969 57.9969 57.9969 57.9969 57.9969 57.9969 57.9969 57.9969 57.9969 57.9969 
1 1 1 1 1 1 1 1 1 1 1 1 1 1 1 1 1 1 1 1 1 1 1 1 
item 33
59.3452 121.421 50.1136 84.4167 58.1386 74.7572 64.3446 65.0734 56.1188 91.0086 21.4068 97.8229 20.8546 113.342 43.8575 133.889 24.1508 81.9588 48.7357 73.0762 61.7879 86.9902 100.2 108.004 
78.0987 78.0987 78.0987 78.0987 78.0987 78.0987 78.0987 78.0987 78.0987 78.0987 78.0987 78.0987 78.0987 78.0987 78.0987 78.0987 78.0987 78.0987 78.0987 78.0987 78.0987 78.0987 78.0987 78.0987 
1 1 1 1 1 1 1 1 1 1 1 1 1 1 1 1 1 1 1 1 1 1 1 1 
item 34
31.8341 109.127 31.7399 99.6861 86.1093 104.029 50.6536 97.4997 82.9996 93.1366 55.4786 61.0186 58.6908 112.872 44.2656 76.1941 26.9971 84.6206 58.3809 107.666 48.9462 92.0543 69.3214 94.0361 
46.1204 46.1204 46.1204 46.1204 46.1204 46.1204 46.1204 46.1204 46.1204 46.1204 46.1204 46.1204 46.1204 46.1204 46.1204 46.1204 46.1204 46.1204 46.1204 46.1204 46.1204 46.1204 46.1204 46.1204 
1 1 1 1 1 1 1 1 1 1 1 1 1 1 1 1 1 1 1 1 1 1 1 1 
item 35
86.889 135.755 67.5791 120.953 47.1653 64.7254 75.9608 66.4591 52.228 93.5964 31.1182 91.3167 31.4373 78.3351 20.5505 68.8606 76.9741 117.644 74.5106 115.319 29.6282 100.482 45.5927 118.7 
10.838 10.838 10.838 10.838 10.838 10.838 10.838 10.838 10.838 10.838 10.838 10.838 10.838 10.838 10.838 10.838 10.838 10.838 10.838 10.838 10.838 10.838 10.838 10.838 
1 1 1 1 1 1 1 1 1 1 1 1 1 1 1 1 1 1 1 1 1 1 1 1 
item 36
32.1564 77.1722 46.3114 130.47 66.5676 102.469 36.2324 135.202 51.9605 133.514 32.4382 99.2314 13.8099 101.261 59.2889 81.8057 46.9584 110.815 52.0258 96.0166 55.4014 126.741 22.2278 104.102 
18.8334 18.8334 18.8334 18.8334 18.8334 18.8334 18.8334 18.8334 18.8334 18.8334 18.8334 18.8334 18.8334 18.8334 18.8334 18.8334 18.8334 18.8334 18.8334 18.8334 18.8334 18.8334 18.8334 18.8334 
1 1 1 1 1 1 1 1 1 1 1 1 1 1 1 1 1 1 1 1 1 1 1 1 
item 37
49.0588 86.2955 32.9766 51.4091 54.4148 103.39 46.5379 111.56 65.2674 120.069 65.571 59.3317 57.8062 112.778 46.6903 105.119 42.526 120.622 53.6075 63.1744 81.4505 98.9107 83.6665 60.8799 
76.7381 76.7381 76.7381 76.7381 76.7381 76.7381 76.7381 76.7381 76.7381 76.7381 76.7381 76.7381 76.7381 76.7381 76.7381 76.7381 76.7381 76.7381 76.7381 76.7381 76.7381 76.7381 76.7381 76.7381 
1 1 1 1 1 1 1 1 1 1 1 1 1 1 1 1 1 1 1 1 1 1 1 1 
item 38
62.8546 96.5003 61.1605 110.317 75.2604 84.8312 26.5627 73.0925 25.1029 81.0136 33.9069 125.827 68.4921 106.943 75.8484 119.81 33.0255 68.2056 34.8875 80.1475 73.1711 94.7254 35.6739 106.77 
57.4455 57.4455 57.4455 57.4455 57.4455 57.4455 57.4455 57.4455 57.4455 57.4455 57.4455 57.4455 57.4455 57.4455 57.4455 57.4455 57.4455 57.4455 57.4455 57.4455 57.4455 57.4455 57.4455 57.4455 
1 1 1 1 1 1 1 1 1 1 1 1 1 1 1 1 1 1 1 1 1 1 1 1 
item 39
49.3317 87.2169 52.8387 138.129 58.1146 103.894 71.448 105.637 56.0574 98.7698 73.7274 93.336 63.623 103.234 25.575 92.8864 39.0149 101.898 79.2092 115.47 63.5029 101.123 52.6028 92.9779 
67.5022 67.5022 67.5022 67.5022 67.5022 67.5022 67.5022 67.5022 67.5022 67.5022 67.5022 67.5022 67.5022 67.5022 67.5022 67.5022 67.5022 67.5022 67.5022 67.5022 67.5022 67.5022 67.5022 67.5022 
1 1 1 1 1 1 1 1 1 1 1 1 1 1 1 1 1 1 1 1 1 1 1 1 
