24 20 
976.003 976.003 976.003 976.003 976.003 976.003 976.003 976.003 976.003 976.003 976.003 976.003 976.003 976.003 976.003 976.003 976.003 976.003 976.003 976.003 976.003 976.003 976.003 976.003 
item 0
70.8646 122.041 65.6173 83.9161 53.9163 121.569 20.3163 70.2499 33.1461 71.4664 54.0073 68.0254 39.2574 149.527 30.6151 75.0237 63.3264 143.366 41.9286 95.5099 63.7504 106.779 47.1967 72.4555 
55.7198 55.7198 55.7198 55.7198 55.7198 55.7198 55.7198 55.7198 55.7198 55.7198 55.7198 55.7198 55.7198 55.7198 55.7198 55.7198 55.7198 55.7198 55.7198 55.7198 55.7198 55.7198 55.7198 55.7198 
1 1 1 1 1 1 1 1 1 1 1 1 1 1 1 1 1 1 1 1 1 1 1 1 
item 1
70.6621 107.685 47.0232 111.176 42.3547 122.832 54.1356 97.3753 21.3626 67.9626 74.2872 106.238 64.1132 124.923 57.7549 92.1088 54.8696 110.502 90.8471 78.2113 70.4268 79.1565 26.7298 95.4646 
41.479 41.479 41.479 41.479 41.479 41.479 41.479 41.479 41.479 41.479 41.479 41.479 41.479 41.479 41.479 41.479 41.479 41.479 41.479 41.479 41.479 41.479 41.479 41.479 
1 1 1 1 1 1 1 1 1 1 1 1 1 1 1 1 1 1 1 1 1 1 1 1 
item 2
12.5301 70.7935 80.2798 137.952 48.7745 95.6646 58.1813 102.164 69.1489 101.627 58.5244 125.515 56.5272 105.133 71.7259 102.641 57.9116 115.345 97.6587 98.7949 3.79882 84.1821 60.7253 92.4561 
85.7447 85.7447 85.7447 85.7447 85.7447 85.7447 85.7447 85.7447 85.7447 85.7447 85.7447 85.7447 85.7447 85.7447 85.7447 85.7447 85.7447 85.7447 85.7447 85.7447 85.7447 85.7447 85.7447 85.7447 
1 1 1 1 1 1 1 1 1 1 1 1 1 1 1 1 1 1 1 1 1 1 1 1 
item 3
58.8752 118.76 63.2683 126.359 48.6702 91.6044 33.5026 101.692 54.4782 80.7716 42.651 103.923 63.7979 94.9342 47.7856 75.3421 61.708 110.386 49.0455 113.783 47.6706 94.491 58.5405 91.1109 
55.3056 55.3056 55.3056 55.3056 55.3056 55.3056 55.3056 55.3056 55.3056 55.3056 55.3056 55.3056 55.3056 55.3056 55.3056 55.3056 55.3056 55.3056 55.3056 55.3056 55.3056 55.3056 55.3056 55.3056 
1 1 1 1 1 1 1 1 1 1 1 1 1 1 1 1 1 1 1 1 1 1 1 1 
item 4
75.4343 103.148 50.3772 72.8372 52.5605 94.6045 54.2506 131.395 58.988 114.031 50.1635 100.303 41.7072 101.859 35.4211 83.5947 33.2882 134.324 82.7965 111.33 65.8411 105.098 72.5556 71.6167 
48.9122 48.9122 48.9122 48.9122 48.9122 48.9122 48.9122 48.9122 48.9122 48.9122 48.9122 48.9122 48.9122 48.9122 48.9122 48.9122 48.9122 48.9122 48.9122 48.9122 48.9122 48.9122 48.9122 48.9122 
1 1 1 1 1 1 1 1 1 1 1 1 1 1 1 1 1 1 1 1 1 1 1 1 
item 5
41.7406 100.728 63.2663 118.858 38.3498 118.109 76.5576 93.4983 67.5722 122.536 81.7405 103.148 77.9625 95.8517 76.007 112.609 19.6079 134.59 25.8312 111.865 58.2215 70.4184 24.3005 64.736 
95.1416 95.1416 95.1416 95.1416 95.1416 95.1416 95.1416 95.1416 95.1416 95.1416 95.1416 95.1416 95.1416 95.1416 95.1416 95.1416 95.1416 95.1416 95.1416 95.1416 95.1416 95.1416 95.1416 95.1416 
1 1 1 1 1 1 1 1 1 1 1 1 1 1 1 1 1 1 1 1 1 1 1 1 
item 6
45.4495 132.887 26.674 85.6353 25.6002 85.9196 58.5482 100.649 31.2464 75.7504 62.1388 103.188 34.8482 118.963 38.3851 80.4638 16.557 119.584 38.6142 95.8393 57.6965 107.469 64.0186 106.499 
50.3152 50.3152 50.3152 50.3152 50.3152 50.3152 50.3152 50.3152 50.3152 50.3152 50.3152 50.3152 50.3152 50.3152 50.3152 50.3152 50.3152 50.3152 50.3152 50.3152 50.3152 50.3152 50.3152 50.3152 
1 1 1 1 1 1 1 1 1 1 1 1 1 1 1 1 1 1 1 1 1 1 1 1 
item 7
75.7087 93.5132 54.7058 82.3344 15.0319 127.811 39.3266 78.7897 39.8 95.7549 81.0525 109.182 61.9277 82.5874 7.38778 89.1746 63.9873 117.542 48.922 56.0621 35.3696 92.9171 71.0228 111.352 
70.0435 70.0435 70.0435 70.0435 70.0435 70.0435 70.0435 70.0435 70.0435 70.0435 70.0435 70.0435 70.0435 70.0435 70.0435 70.0435 70.0435 70.0435 70.0435 70.0435 70.0435 70.0435 70.0435 70.0435 
1 1 1 1 1 1 1 1 1 1 1 1 1 1 1 1 1 1 1 1 1 1 1 1 
item 8
28.0326 109.593 51.4589 84.9343 46.7778 112.168 66.6184 101.756 57.4939 87.1223 23.687 88.7897 76.6111 65.8562 47.8169 91.9439 37.4672 90.0821 44.2518 103.991 54.9284 69.5827 48.0824 94.6848 
73.7298 73.7298 73.7298 73.7298 73.7298 73.7298 73.7298 73.7298 73.7298 73.7298 73.7298 73.7298 73.7298 73.7298 73.7298 73.7298 73.7298 73.7298 73.7298 73.7298 73.7298 73.7298 73.7298 73.7298 
1 1 1 1 1 1 1 1 1 1 1 1 1 1 1 1 1 1 1 1 1 1 1 1 
item 9
34.6915 88.902 44.801 99.6659 19.5915 81.7966 43.8334 101.696 64.4398 84.1679 36.5185 97.2879 43.5331 114.231 57.5464 148.928 71.9745 89.8076 34.774 95.0796 65.4741 96.2764 22.7471 85.2443 
35.7663 35.7663 35.7663 35.7663 35.7663 35.7663 35.7663 35.7663 35.7663 35.7663 35.7663 35.7663 35.7663 35.7663 35.7663 35.7663 35.7663 35.7663 35.7663 35.7663 35.7663 35.7663 35.7663 35.7663 
1 1 1 1 1 1 1 1 1 1 1 1 1 1 1 1 1 1 1 1 1 1 1 1 
item 10
33.4365 104.805 50.6845 103.49 48.5069 102.457 71.8751 79.549 40.3082 133.27 56.1627 123.651 29.4081 54.3095 38.8755 65.5202 76.8436 107.45 47.1564 113.478 43.93 105.385 37.4645 77.5321 
56.3275 56.3275 56.3275 56.3275 56.3275 56.3275 56.3275 56.3275 56.3275 56.3275 56.3275 56.3275 56.3275 56.3275 56.3275 56.3275 56.3275 56.3275 56.3275 56.3275 56.3275 56.3275 56.3275 56.3275 
1 1 1 1 1 1 1 1 1 1 1 1 1 1 1 1 1 1 1 1 1 1 1 1 
item 11
58.5061 117.748 88.4929 97.5467 51.1426 127.775 73.2143 123.986 56.2058 110.769 43.2604 123.834 58.7634 116.822 33.1113 121.547 33.2134 115.251 33.3505 88.9766 82.5862 120.322 44.4405 74.6904 
33.886 33.886 33.886 33.886 33.886 33.886 33.886 33.886 33.886 33.886 33.886 33.886 33.886 33.886 33.886 33.886 33.886 33.886 33.886 33.886 33.886 33.886 33.886 33.886 
1 1 1 1 1 1 1 1 1 1 1 1 1 1 1 1 1 1 1 1 1 1 1 1 
item 12
69.2498 69.1752 90.45 122.361 43.9256 113.388 70.2603 57.8095 37.3831 128.317 37.1966 132.738 70.8957 112.56 26.7389 87.1212 40.3156 92.0921 79.06 107.067 49.5115 110.863 40.9053 85.7931 
43.924 43.924 43.924 43.924 43.924 43.924 43.924 43.924 43.924 43.924 43.924 43.924 43.924 43.924 43.924 43.924 43.924 43.924 43.924 43.924 43.924 43.924 43.924 43.924 
1 1 1 1 1 1 1 1 1 1 1 1 1 1 1 1 1 1 1 1 1 1 1 1 
item 13
33.8547 99.2536 50.8943 89.4054 41.3059 86.6585 0 91.1024 62.974 69.7542 57.7594 83.4252 71.8867 105.251 32.974 68.6738 34.8509 83.1469 13.0406 53.9349 58.6621 93.6227 53.7058 117.761 
70.2166 70.2166 70.2166 70.2166 70.2166 70.2166 70.2166 70.2166 70.2166 70.2166 70.2166 70.2166 70.2166 70.2166 70.2166 70.2166 70.2166 70.2166 70.2166 70.2166 70.2166 70.2166 70.2166 70.2166 
1 1 1 1 1 1 1 1 1 1 1 1 1 1 1 1 1 1 1 1 1 1 1 1 
item 14
34.648 119.099 90.8575 81.88 47.489 86.9947 55.5314 146.424 32.5511 103.131 73.9128 96.1043 66.523 142.184 73.3663 113.047 55.9161 99.6535 46.4504 74.4568 44.3317 99.9465 32.8308 106.379 
53.7748 53.7748 53.7748 53.7748 53.7748 53.7748 53.7748 53.7748 53.7748 53.7748 53.7748 53.7748 53.7748 53.7748 53.7748 53.7748 53.7748 53.7748 53.7748 53.7748 53.7748 53.7748 53.7748 53.7748 
1 1 1 1 1 1 1 1 1 1 1 1 1 1 1 1 1 1 1 1 1 1 1 1 
item 15
83.2305 84.5067 53.5113 104.555 54.344 61.7123 65.7834 123.481 87.4764 118.198 34.7915 109.08 73.1042 115.074 41.9395 90.7302 58.9676 133.242 42.1273 110.666 54.4672 84.143 53.4283 115.706 
44.2428 44.2428 44.2428 44.2428 44.2428 44.2428 44.2428 44.2428 44.2428 44.2428 44.2428 44.2428 44.2428 44.2428 44.2428 44.2428 44.2428 44.2428 44.2428 44.2428 44.2428 44.2428 44.2428 44.2428 
1 1 1 1 1 1 1 1 1 1 1 1 1 1 1 1 1 1 1 1 1 1 1 1 
item 16
43.8678 103.958 27.8328 122.783 77.82 142.849 88.0953 125.324 48.454 80.8912 48.8439 105.545 38.3352 91.551 18.5341 107.98 67.9951 94.1675 62.8373 83.8738 35.1115 89.5104 26.9756 108.48 
67.6128 67.6128 67.6128 67.6128 67.6128 67.6128 67.6128 67.6128 67.6128 67.6128 67.6128 67.6128 67.6128 67.6128 67.6128 67.6128 67.6128 67.6128 67.6128 67.6128 67.6128 67.6128 67.6128 67.6128 
1 1 1 1 1 1 1 1 1 1 1 1 1 1 1 1 1 1 1 1 1 1 1 1 
item 17
66.1755 80.5104 69.0915 94.2392 33.5416 93.7276 62.1754 104.054 73.1741 121.088 51.7607 113.774 56.1038 90.0343 61.263 130.935 37.6229 104.647 60.2256 130.722 40.5814 66.8466 60.7739 113.551 
41.4592 41.4592 41.4592 41.4592 41.4592 41.4592 41.4592 41.4592 41.4592 41.4592 41.4592 41.4592 41.4592 41.4592 41.4592 41.4592 41.4592 41.4592 41.4592 41.4592 41.4592 41.4592 41.4592 41.4592 
1 1 1 1 1 1 1 1 1 1 1 1 1 1 1 1 1 1 1 1 1 1 1 1 
item 18
34.5541 122.833 54.8671 137.922 82.0427 109.2 41.934 104.983 28.5177 62.7721 29.3518 88.6669 64.107 98.0506 56.4268 106.895 28.1053 90.0535 38.3364 114.683 22.0493 119.333 38.5231 95.1433 
85.9353 85.9353 85.9353 85.9353 85.9353 85.9353 85.9353 85.9353 85.9353 85.9353 85.9353 85.9353 85.9353 85.9353 85.9353 85.9353 85.9353 85.9353 85.9353 85.9353 85.9353 85.9353 85.9353 85.9353 
1 1 1 1 1 1 1 1 1 1 1 1 1 1 1 1 1 1 1 1 1 1 1 1 
item 19
70.7831 125.998 39.5679 104.686 39.0414 69.7593 29.3386 102.953 20.0718 83.6041 42.5794 105.147 78.1696 115.945 37.2064 110.307 50.3274 124.289 42.7958 98.3378 52.4237 104.253 46.3345 90.3703 
67.6769 67.6769 67.6769 67.6769 67.6769 67.6769 67.6769 67.6769 67.6769 67.6769 67.6769 67.6769 67.6769 67.6769 67.6769 67.6769 67.6769 67.6769 67.6769 67.6769 67.6769 67.6769 67.6769 67.6769 
1 1 1 1 1 1 1 1 1 1 1 1 1 1 1 1 1 1 1 1 1 1 1 1 
