24 10 
18.6416 18.6416 18.6416 18.6416 18.6416 18.6416 18.6416 18.6416 18.6416 18.6416 18.6416 18.6416 18.6416 18.6416 18.6416 18.6416 18.6416 18.6416 18.6416 18.6416 18.6416 18.6416 18.6416 18.6416 
item 0
71.5228 127.353 56.889 100.263 66.4571 123.028 53.6704 81.0929 95.8303 106.666 46.5297 109.674 26.3153 87.8842 50.1275 55.3817 59.4289 79.9161 27.1155 69.2962 7.20108 91.2974 17.3028 90.3752 
55.4934 55.4934 55.4934 55.4934 55.4934 55.4934 55.4934 55.4934 55.4934 55.4934 55.4934 55.4934 55.4934 55.4934 55.4934 55.4934 55.4934 55.4934 55.4934 55.4934 55.4934 55.4934 55.4934 55.4934 
1 1 1 1 1 1 1 1 1 1 1 1 1 1 1 1 1 1 1 1 1 1 1 1 
item 1
31.2415 79.3759 34.1227 106.77 69.5992 110.02 62.5089 105.32 43.6542 83.5735 4.08862 82.6455 48.0604 115.298 25.3282 117.249 24.5371 86.3089 67.7679 88.5529 7.94981 100.946 81.3547 110.288 
51.2096 51.2096 51.2096 51.2096 51.2096 51.2096 51.2096 51.2096 51.2096 51.2096 51.2096 51.2096 51.2096 51.2096 51.2096 51.2096 51.2096 51.2096 51.2096 51.2096 51.2096 51.2096 51.2096 51.2096 
1 1 1 1 1 1 1 1 1 1 1 1 1 1 1 1 1 1 1 1 1 1 1 1 
item 2
42.8205 124.224 45.1015 68.9948 59.8801 82.9926 100.6 60.3364 43.9057 109.67 42.932 67.594 24.8785 91.1034 89.4256 87.1202 55.6346 94.8834 57.0328 103.399 52.9062 104.546 70.4403 107.877 
36.3206 36.3206 36.3206 36.3206 36.3206 36.3206 36.3206 36.3206 36.3206 36.3206 36.3206 36.3206 36.3206 36.3206 36.3206 36.3206 36.3206 36.3206 36.3206 36.3206 36.3206 36.3206 36.3206 36.3206 
1 1 1 1 1 1 1 1 1 1 1 1 1 1 1 1 1 1 1 1 1 1 1 1 
item 3
25.3847 72.2687 76.2789 107.456 56.3574 68.8563 79.7926 102.208 82.3633 94.4081 58.2937 98.1212 45.9358 80.0716 13.5815 101.657 40.0232 104.316 80.6511 84.0361 38.034 117.783 74.494 96.7985 
85.5082 85.5082 85.5082 85.5082 85.5082 85.5082 85.5082 85.5082 85.5082 85.5082 85.5082 85.5082 85.5082 85.5082 85.5082 85.5082 85.5082 85.5082 85.5082 85.5082 85.5082 85.5082 85.5082 85.5082 
1 1 1 1 1 1 1 1 1 1 1 1 1 1 1 1 1 1 1 1 1 1 1 1 
item 4
21.2748 97.5185 89.6218 110.36 19.7352 65.6506 51.9951 79.8638 74.6026 89.7203 46.4662 88.6711 16.2507 120.982 27.3043 109.84 24.7802 72.1058 50.9624 106.553 18.0011 97.4494 65.5358 117.207 
72.8046 72.8046 72.8046 72.8046 72.8046 72.8046 72.8046 72.8046 72.8046 72.8046 72.8046 72.8046 72.8046 72.8046 72.8046 72.8046 72.8046 72.8046 72.8046 72.8046 72.8046 72.8046 72.8046 72.8046 
1 1 1 1 1 1 1 1 1 1 1 1 1 1 1 1 1 1 1 1 1 1 1 1 
item 5
77.4677 119.387 33.1977 99.7762 74.5352 119.692 88.7911 108.607 38.2422 81.66 35.5195 100.99 11.1603 123.576 38.4248 81.4979 52.7286 92.0537 60.8205 101.657 48.4174 77.789 51.875 98.2558 
56.2409 56.2409 56.2409 56.2409 56.2409 56.2409 56.2409 56.2409 56.2409 56.2409 56.2409 56.2409 56.2409 56.2409 56.2409 56.2409 56.2409 56.2409 56.2409 56.2409 56.2409 56.2409 56.2409 56.2409 
1 1 1 1 1 1 1 1 1 1 1 1 1 1 1 1 1 1 1 1 1 1 1 1 
item 6
42.056 83.473 64.8568 80.8286 39.9181 78.3914 47.803 114.157 84.5241 98.3385 45.543 104.324 36.7077 73.0564 25.8541 106.475 46.9699 115.386 11.4543 91.2869 53.1937 75.3598 65.6552 103.949 
29.3311 29.3311 29.3311 29.3311 29.3311 29.3311 29.3311 29.3311 29.3311 29.3311 29.3311 29.3311 29.3311 29.3311 29.3311 29.3311 29.3311 29.3311 29.3311 29.3311 29.3311 29.3311 29.3311 29.3311 
1 1 1 1 1 1 1 1 1 1 1 1 1 1 1 1 1 1 1 1 1 1 1 1 
item 7
50.2131 116.053 56.5596 107.381 52.7236 69.9693 55.0552 65.9716 41.6602 79.3616 63.0551 103.318 46.731 111.668 39.9589 124.231 12.6973 104.485 77.9488 77.3178 79.7456 91.5408 34.8329 115.366 
65.2952 65.2952 65.2952 65.2952 65.2952 65.2952 65.2952 65.2952 65.2952 65.2952 65.2952 65.2952 65.2952 65.2952 65.2952 65.2952 65.2952 65.2952 65.2952 65.2952 65.2952 65.2952 65.2952 65.2952 
1 1 1 1 1 1 1 1 1 1 1 1 1 1 1 1 1 1 1 1 1 1 1 1 
item 8
24.7891 70.3202 18.5951 103.337 56.429 107.352 58.6779 102.575 7.0193 116.63 84.6627 101.622 56.3716 88.1387 45.1239 87.1743 45.7864 137.079 52.0453 111.952 48.8513 90.4047 42.0351 104.467 
52.7766 52.7766 52.7766 52.7766 52.7766 52.7766 52.7766 52.7766 52.7766 52.7766 52.7766 52.7766 52.7766 52.7766 52.7766 52.7766 52.7766 52.7766 52.7766 52.7766 52.7766 52.7766 52.7766 52.7766 
1 1 1 1 1 1 1 1 1 1 1 1 1 1 1 1 1 1 1 1 1 1 1 1 
item 9
70.2118 94.6462 70.7302 110.164 69.1143 111.094 67.1563 81.8001 46.3909 89.1019 76.7963 88.5861 83.1426 111.728 88.2139 90.1722 54.1149 94.3797 38.9298 108.824 74.6346 55.1421 42.1272 129.108 
39.4934 39.4934 39.4934 39.4934 39.4934 39.4934 39.4934 39.4934 39.4934 39.4934 39.4934 39.4934 39.4934 39.4934 39.4934 39.4934 39.4934 39.4934 39.4934 39.4934 39.4934 39.4934 39.4934 39.4934 
1 1 1 1 1 1 1 1 1 1 1 1 1 1 1 1 1 1 1 1 1 1 1 1 
