48 5 
103.205 103.205 103.205 103.205 103.205 103.205 103.205 103.205 103.205 103.205 103.205 103.205 103.205 103.205 103.205 103.205 103.205 103.205 103.205 103.205 103.205 103.205 103.205 103.205 103.205 103.205 103.205 103.205 103.205 103.205 103.205 103.205 103.205 103.205 103.205 103.205 103.205 103.205 103.205 103.205 103.205 103.205 103.205 103.205 103.205 103.205 103.205 103.205 
item 0
53.2031 94.918 18.9692 114.75 59.1313 123.614 55.6143 137.103 38.0421 112.721 38.6142 103.932 45.2615 112.509 70.1615 108.086 49.9929 103.596 59.6872 83.2639 46.3899 118.595 47.5414 114.746 10.3884 89.8722 81.3568 83.1687 65.3077 79.6689 37.9208 108.205 52.4692 92.4315 56.1737 115.878 66.3001 64.4023 46.6793 70.8711 65.1864 121.603 37.4169 92.5254 37.4005 108.438 47.351 85.5117 
56.8481 56.8481 56.8481 56.8481 56.8481 56.8481 56.8481 56.8481 56.8481 56.8481 56.8481 56.8481 56.8481 56.8481 56.8481 56.8481 56.8481 56.8481 56.8481 56.8481 56.8481 56.8481 56.8481 56.8481 56.8481 56.8481 56.8481 56.8481 56.8481 56.8481 56.8481 56.8481 56.8481 56.8481 56.8481 56.8481 56.8481 56.8481 56.8481 56.8481 56.8481 56.8481 56.8481 56.8481 56.8481 56.8481 56.8481 56.8481 
1 1 1 1 1 1 1 1 1 1 1 1 1 1 1 1 1 1 1 1 1 1 1 1 1 1 1 1 1 1 1 1 1 1 1 1 1 1 1 1 1 1 1 1 1 1 1 1 
item 1
50.9899 150.597 39.1479 125.041 27.6277 57.3432 30.5655 125.434 44.912 114.065 59.9473 113.824 84.2501 106.003 79.8641 57.465 37.194 90.7352 37.4386 107.286 25.7585 96.644 15.6894 109.787 91.0867 107.709 52.2461 131.756 43.6112 82.7855 61.7175 99.6002 82.0154 141.731 77.9864 102.347 29.8462 92.1342 75.6208 91.7311 37.4684 108.665 85.0632 91.6571 42.6544 66.1476 61.7275 89.8439 
80.5759 80.5759 80.5759 80.5759 80.5759 80.5759 80.5759 80.5759 80.5759 80.5759 80.5759 80.5759 80.5759 80.5759 80.5759 80.5759 80.5759 80.5759 80.5759 80.5759 80.5759 80.5759 80.5759 80.5759 80.5759 80.5759 80.5759 80.5759 80.5759 80.5759 80.5759 80.5759 80.5759 80.5759 80.5759 80.5759 80.5759 80.5759 80.5759 80.5759 80.5759 80.5759 80.5759 80.5759 80.5759 80.5759 80.5759 80.5759 
1 1 1 1 1 1 1 1 1 1 1 1 1 1 1 1 1 1 1 1 1 1 1 1 1 1 1 1 1 1 1 1 1 1 1 1 1 1 1 1 1 1 1 1 1 1 1 1 
item 2
59.7685 120.484 35.7629 78.1465 56.5605 96.5884 61.3994 84.155 64.5015 126.771 66.2464 99.8626 63.9418 101.044 80.1094 87.4976 39.4895 106.935 49.096 99.0539 63.625 91.7809 47.9708 78.8543 41.1218 105.25 39.9374 103.257 58.2975 114.154 23.9638 76.5444 20.2659 105.358 56.1689 85.1184 76.375 65.4186 50.1498 68.5108 58.6961 103.325 48.6265 112.073 103.319 85.849 57.5461 108.541 
63.7243 63.7243 63.7243 63.7243 63.7243 63.7243 63.7243 63.7243 63.7243 63.7243 63.7243 63.7243 63.7243 63.7243 63.7243 63.7243 63.7243 63.7243 63.7243 63.7243 63.7243 63.7243 63.7243 63.7243 63.7243 63.7243 63.7243 63.7243 63.7243 63.7243 63.7243 63.7243 63.7243 63.7243 63.7243 63.7243 63.7243 63.7243 63.7243 63.7243 63.7243 63.7243 63.7243 63.7243 63.7243 63.7243 63.7243 63.7243 
1 1 1 1 1 1 1 1 1 1 1 1 1 1 1 1 1 1 1 1 1 1 1 1 1 1 1 1 1 1 1 1 1 1 1 1 1 1 1 1 1 1 1 1 1 1 1 1 
item 3
28.3491 107.952 51.2253 42.5596 74.233 81.7505 35.1894 96.1141 76.9052 77.5967 55.4091 88.0264 49.566 135.393 45.4344 118.808 93.97 126.22 35.629 75.3342 41.7454 102.119 63.1554 106.931 37.6057 123.159 57.5413 89.7624 59.4686 71.2493 62.3256 117.981 49.5896 108.826 64.688 69.3868 63.2688 101.471 54.1548 107.757 51.4415 96.0699 65.5557 98.8916 83.4579 97.6485 58.1551 104.462 
83.6086 83.6086 83.6086 83.6086 83.6086 83.6086 83.6086 83.6086 83.6086 83.6086 83.6086 83.6086 83.6086 83.6086 83.6086 83.6086 83.6086 83.6086 83.6086 83.6086 83.6086 83.6086 83.6086 83.6086 83.6086 83.6086 83.6086 83.6086 83.6086 83.6086 83.6086 83.6086 83.6086 83.6086 83.6086 83.6086 83.6086 83.6086 83.6086 83.6086 83.6086 83.6086 83.6086 83.6086 83.6086 83.6086 83.6086 83.6086 
1 1 1 1 1 1 1 1 1 1 1 1 1 1 1 1 1 1 1 1 1 1 1 1 1 1 1 1 1 1 1 1 1 1 1 1 1 1 1 1 1 1 1 1 1 1 1 1 
item 4
69.2001 94.7116 46.525 111.356 51.3688 89.3031 46.9495 103.731 41.9248 97.8205 53.9219 89.1613 29.9403 81.18 57.7653 60.5431 35.2342 82.8121 30.7213 97.5132 57.1466 116.067 79.0916 102.932 19.2911 112.43 57.2616 111.962 31.194 130.552 43.6696 131.024 24.1918 130.724 92.0354 93.9856 63.8512 115.975 6.64168 73.2661 50.704 71.7356 23.489 108.217 26.1777 135.827 82.4185 122.409 
75.1182 75.1182 75.1182 75.1182 75.1182 75.1182 75.1182 75.1182 75.1182 75.1182 75.1182 75.1182 75.1182 75.1182 75.1182 75.1182 75.1182 75.1182 75.1182 75.1182 75.1182 75.1182 75.1182 75.1182 75.1182 75.1182 75.1182 75.1182 75.1182 75.1182 75.1182 75.1182 75.1182 75.1182 75.1182 75.1182 75.1182 75.1182 75.1182 75.1182 75.1182 75.1182 75.1182 75.1182 75.1182 75.1182 75.1182 75.1182 
1 1 1 1 1 1 1 1 1 1 1 1 1 1 1 1 1 1 1 1 1 1 1 1 1 1 1 1 1 1 1 1 1 1 1 1 1 1 1 1 1 1 1 1 1 1 1 1 
