18 10 
133.595 133.595 133.595 133.595 133.595 133.595 133.595 133.595 133.595 133.595 133.595 133.595 133.595 133.595 133.595 133.595 133.595 133.595 
item 0
48.5689 0 0 0 0 0 44.5191 0 0 108.691 99.1213 0 0 0 41.0507 0 0 69.7018 
44.0354 44.0354 44.0354 44.0354 44.0354 44.0354 44.0354 44.0354 44.0354 44.0354 44.0354 44.0354 44.0354 44.0354 44.0354 44.0354 44.0354 44.0354 
1 1 1 1 1 1 1 1 1 1 1 1 1 1 1 1 1 1 
item 1
67.6701 97.2782 0 0 0 0 99.3432 98.1974 42.9655 129.078 0 105.21 43.9127 0 0 0 0 0 
73.1856 73.1856 73.1856 73.1856 73.1856 73.1856 73.1856 73.1856 73.1856 73.1856 73.1856 73.1856 73.1856 73.1856 73.1856 73.1856 73.1856 73.1856 
1 1 1 1 1 1 1 1 1 1 1 1 1 1 1 1 1 1 
item 2
30.517 0 0 0 33.3842 0 24.8893 0 46.7719 97.3589 22.4384 0 0 0 0 0 0 0 
63.1684 63.1684 63.1684 63.1684 63.1684 63.1684 63.1684 63.1684 63.1684 63.1684 63.1684 63.1684 63.1684 63.1684 63.1684 63.1684 63.1684 63.1684 
1 1 1 1 1 1 1 1 1 1 1 1 1 1 1 1 1 1 
item 3
43.6226 0 52.8437 73.2038 50.7944 81.737 64.9123 114.171 25.9687 0 36.2454 75.3963 62.6768 0 68.7474 0 0 0 
40.5642 40.5642 40.5642 40.5642 40.5642 40.5642 40.5642 40.5642 40.5642 40.5642 40.5642 40.5642 40.5642 40.5642 40.5642 40.5642 40.5642 40.5642 
1 1 1 1 1 1 1 1 1 1 1 1 1 1 1 1 1 1 
item 4
81.3581 118.029 64.9877 0 0 0 0 0 42.9856 0 0 88.5815 0 0 63.2079 109.471 0 0 
90.3732 90.3732 90.3732 90.3732 90.3732 90.3732 90.3732 90.3732 90.3732 90.3732 90.3732 90.3732 90.3732 90.3732 90.3732 90.3732 90.3732 90.3732 
1 1 1 1 1 1 1 1 1 1 1 1 1 1 1 1 1 1 
item 5
54.227 105.191 30.082 91.0745 15.6127 76.4354 0 71.7657 0 141.134 21.8498 88.3122 0 60.4919 0 97.5682 23.1935 62.1012 
40.1165 40.1165 40.1165 40.1165 40.1165 40.1165 40.1165 40.1165 40.1165 40.1165 40.1165 40.1165 40.1165 40.1165 40.1165 40.1165 40.1165 40.1165 
1 1 1 1 1 1 1 1 1 1 1 1 1 1 1 1 1 1 
item 6
52.1305 0 77.2915 0 0 102.808 63.3551 65.2156 0 104.096 29.3099 94.4813 0 110.32 0 0 50.2094 72.0773 
43.128 43.128 43.128 43.128 43.128 43.128 43.128 43.128 43.128 43.128 43.128 43.128 43.128 43.128 43.128 43.128 43.128 43.128 
1 1 1 1 1 1 1 1 1 1 1 1 1 1 1 1 1 1 
item 7
65.136 0 71.7185 92.041 0 136.116 49.7437 0 20.2323 0 0 140.807 0 0 71.8632 0 104.534 97.8321 
48.53 48.53 48.53 48.53 48.53 48.53 48.53 48.53 48.53 48.53 48.53 48.53 48.53 48.53 48.53 48.53 48.53 48.53 
1 1 1 1 1 1 1 1 1 1 1 1 1 1 1 1 1 1 
item 8
27.0964 104.879 0 67.195 0 0 0 85.9861 0 121.705 35.4743 88.2316 0 0 66.4494 0 48.3286 120.592 
84.7811 84.7811 84.7811 84.7811 84.7811 84.7811 84.7811 84.7811 84.7811 84.7811 84.7811 84.7811 84.7811 84.7811 84.7811 84.7811 84.7811 84.7811 
1 1 1 1 1 1 1 1 1 1 1 1 1 1 1 1 1 1 
item 9
20.6745 91.4332 43.6822 109.591 0 0 88.9764 81.8522 0 0 23.5321 0 0 0 42.1074 137.617 0 124.045 
54.9117 54.9117 54.9117 54.9117 54.9117 54.9117 54.9117 54.9117 54.9117 54.9117 54.9117 54.9117 54.9117 54.9117 54.9117 54.9117 54.9117 54.9117 
1 1 1 1 1 1 1 1 1 1 1 1 1 1 1 1 1 1 
