18 10 
940.271 940.271 940.271 940.271 940.271 940.271 940.271 940.271 940.271 940.271 940.271 940.271 940.271 940.271 940.271 940.271 940.271 940.271 
item 0
26.7046 0 55.6326 0 45.5547 87.7368 0 0 49.6395 91.5721 16.2006 0 0 0 48.2907 0 0 0 
41.4049 41.4049 41.4049 41.4049 41.4049 41.4049 41.4049 41.4049 41.4049 41.4049 41.4049 41.4049 41.4049 41.4049 41.4049 41.4049 41.4049 41.4049 
1 1 1 1 1 1 1 1 1 1 1 1 1 1 1 1 1 1 
item 1
64.347 0 0 86.0853 0 91.2263 52.1837 0 0 0 0 75.4815 0 0 65.6161 0 0 55.5422 
77.0732 77.0732 77.0732 77.0732 77.0732 77.0732 77.0732 77.0732 77.0732 77.0732 77.0732 77.0732 77.0732 77.0732 77.0732 77.0732 77.0732 77.0732 
1 1 1 1 1 1 1 1 1 1 1 1 1 1 1 1 1 1 
item 2
28.7099 82.7176 48.4848 105.238 0 0 68.2453 0 0 0 0 0 0 108.94 58.2562 124.669 12.9432 0 
47.388 47.388 47.388 47.388 47.388 47.388 47.388 47.388 47.388 47.388 47.388 47.388 47.388 47.388 47.388 47.388 47.388 47.388 
1 1 1 1 1 1 1 1 1 1 1 1 1 1 1 1 1 1 
item 3
34.0017 131.418 0 0 0 0 40.2932 121.46 0 102.47 0 0 61.992 0 44.2173 114.026 96.3565 71.9181 
69.9665 69.9665 69.9665 69.9665 69.9665 69.9665 69.9665 69.9665 69.9665 69.9665 69.9665 69.9665 69.9665 69.9665 69.9665 69.9665 69.9665 69.9665 
1 1 1 1 1 1 1 1 1 1 1 1 1 1 1 1 1 1 
item 4
20.3592 101.038 59.3839 0 64.1405 0 0 103.457 0 90.1228 43.0904 117.9 0 120.52 46.003 66.7752 0 0 
73.7004 73.7004 73.7004 73.7004 73.7004 73.7004 73.7004 73.7004 73.7004 73.7004 73.7004 73.7004 73.7004 73.7004 73.7004 73.7004 73.7004 73.7004 
1 1 1 1 1 1 1 1 1 1 1 1 1 1 1 1 1 1 
item 5
21.2208 0 42.199 0 0 0 87.9526 74.2405 0 0 69.2982 0 0 0 44.895 111.476 59.2073 102.265 
75.1012 75.1012 75.1012 75.1012 75.1012 75.1012 75.1012 75.1012 75.1012 75.1012 75.1012 75.1012 75.1012 75.1012 75.1012 75.1012 75.1012 75.1012 
1 1 1 1 1 1 1 1 1 1 1 1 1 1 1 1 1 1 
item 6
22.3929 0 0 99.0749 36.4772 0 38.0471 89.07 50.0837 0 0 93.6701 30.6531 89.6483 52.2777 111.482 0 132.37 
58.369 58.369 58.369 58.369 58.369 58.369 58.369 58.369 58.369 58.369 58.369 58.369 58.369 58.369 58.369 58.369 58.369 58.369 
1 1 1 1 1 1 1 1 1 1 1 1 1 1 1 1 1 1 
item 7
85.2817 87.6536 0 0 0 0 0 0 67.6248 112.201 28.3258 0 0 87.2318 78.5028 0 89.767 107.205 
48.1863 48.1863 48.1863 48.1863 48.1863 48.1863 48.1863 48.1863 48.1863 48.1863 48.1863 48.1863 48.1863 48.1863 48.1863 48.1863 48.1863 48.1863 
1 1 1 1 1 1 1 1 1 1 1 1 1 1 1 1 1 1 
item 8
48.1989 129.312 0 109.765 54.4411 0 22.218 73.4672 37.8573 0 0 0 0 103.764 0 101.279 46.8397 0 
54.3097 54.3097 54.3097 54.3097 54.3097 54.3097 54.3097 54.3097 54.3097 54.3097 54.3097 54.3097 54.3097 54.3097 54.3097 54.3097 54.3097 54.3097 
1 1 1 1 1 1 1 1 1 1 1 1 1 1 1 1 1 1 
item 9
52.8017 0 0 0 42.8302 0 32.5068 0 34.5534 0 0 91.3986 0 0 43.4789 101.303 0 83.3283 
62.2467 62.2467 62.2467 62.2467 62.2467 62.2467 62.2467 62.2467 62.2467 62.2467 62.2467 62.2467 62.2467 62.2467 62.2467 62.2467 62.2467 62.2467 
1 1 1 1 1 1 1 1 1 1 1 1 1 1 1 1 1 1 
