6 20 
510.987 510.987 510.987 510.987 510.987 510.987 
item 0
13.771 111.385 27.4341 89.1822 47.2326 97.631 
70.6682 70.6682 70.6682 70.6682 70.6682 70.6682 
1 1 1 1 1 1 
item 1
61.2066 110.223 39.805 81.6209 41.3678 119.653 
60.7813 60.7813 60.7813 60.7813 60.7813 60.7813 
1 1 1 1 1 1 
item 2
39.3497 77.6064 64.6087 70.8892 63.5325 98.549 
45.7715 45.7715 45.7715 45.7715 45.7715 45.7715 
1 1 1 1 1 1 
item 3
60.6658 100.616 80.8487 84.5072 46.3122 81.302 
100.377 100.377 100.377 100.377 100.377 100.377 
1 1 1 1 1 1 
item 4
58.8012 128.62 67.8954 136.212 40.1091 111.063 
32.734 32.734 32.734 32.734 32.734 32.734 
1 1 1 1 1 1 
item 5
48.2066 53.5654 73.1862 66.6075 38.7778 77.3885 
68.5613 68.5613 68.5613 68.5613 68.5613 68.5613 
1 1 1 1 1 1 
item 6
45.4893 99.3817 62.6129 94.1304 72.4822 108.779 
67.4714 67.4714 67.4714 67.4714 67.4714 67.4714 
1 1 1 1 1 1 
item 7
59.3944 125.458 44.3351 90.3786 49.2422 78.9909 
82.4722 82.4722 82.4722 82.4722 82.4722 82.4722 
1 1 1 1 1 1 
item 8
65.708 108.972 19.2245 105.104 56.6979 107.645 
58.6991 58.6991 58.6991 58.6991 58.6991 58.6991 
1 1 1 1 1 1 
item 9
89.761 127.369 48.4147 76.4144 72.6685 128.627 
87.4971 87.4971 87.4971 87.4971 87.4971 87.4971 
1 1 1 1 1 1 
item 10
60.6785 101.123 30.6748 102.135 35.0641 99.6414 
41.5203 41.5203 41.5203 41.5203 41.5203 41.5203 
1 1 1 1 1 1 
item 11
47.3617 56.0212 63.0602 103.035 67.2723 116.682 
35.1557 35.1557 35.1557 35.1557 35.1557 35.1557 
1 1 1 1 1 1 
item 12
14.0147 103.02 70.4706 83.7213 32.4115 85.1734 
86.7617 86.7617 86.7617 86.7617 86.7617 86.7617 
1 1 1 1 1 1 
item 13
60.8581 85.332 36.2469 76.4917 60.0916 100.473 
51.8283 51.8283 51.8283 51.8283 51.8283 51.8283 
1 1 1 1 1 1 
item 14
55.9499 92.8326 23.0071 116.004 74.6875 84.3991 
45.3381 45.3381 45.3381 45.3381 45.3381 45.3381 
1 1 1 1 1 1 
item 15
56.6886 101.248 66.1235 98.3903 26.6153 105.673 
79.3417 79.3417 79.3417 79.3417 79.3417 79.3417 
1 1 1 1 1 1 
item 16
64.3184 117.412 62.5022 127.18 52.3049 93.2543 
73.1447 73.1447 73.1447 73.1447 73.1447 73.1447 
1 1 1 1 1 1 
item 17
41.7778 110.925 64.0606 88.1642 59.6659 68.2139 
51.4594 51.4594 51.4594 51.4594 51.4594 51.4594 
1 1 1 1 1 1 
item 18
80.9804 134.897 104.962 132.879 72.3268 107.922 
62.4633 62.4633 62.4633 62.4633 62.4633 62.4633 
1 1 1 1 1 1 
item 19
56.2594 93.9512 14.9857 128.971 74.6062 104.542 
53.7915 53.7915 53.7915 53.7915 53.7915 53.7915 
1 1 1 1 1 1 
