12 5 
-6.27744e+66 29.3032 119.892 215.03 584.106 847.721 1402.46 1704.61 2453.36 2722.15 3479.69 4027.64 5206.81 
-6.27744e+66 -6.27744e+66 29.3032 76.8723 322.923 520.634 964.429 1216.22 1858 2093.19 2766.56 3259.71 4331.69 
-6.27744e+66 -6.27744e+66 -6.27744e+66 29.3032 152.328 284.136 616.982 818.413 1353.23 1554.83 2144.03 2582.38 3547.16 
-6.27744e+66 -6.27744e+66 -6.27744e+66 -6.27744e+66 29.3032 95.2069 317.104 468.177 896.032 1064.03 1569.06 1952.62 2810.2 
-6.27744e+66 -6.27744e+66 -6.27744e+66 -6.27744e+66 -6.27744e+66 29.3032 140.252 240.967 561.858 696.256 1117.11 1445.88 2196.26 
-6.27744e+66 -6.27744e+66 -6.27744e+66 -6.27744e+66 -6.27744e+66 -6.27744e+66 29.3032 79.6609 293.588 394.386 731.071 1005.04 1648.23 
-6.27744e+66 -6.27744e+66 -6.27744e+66 -6.27744e+66 -6.27744e+66 -6.27744e+66 -6.27744e+66 29.3032 136.267 203.466 455.979 675.157 1211.14 
-6.27744e+66 -6.27744e+66 -6.27744e+66 -6.27744e+66 -6.27744e+66 -6.27744e+66 -6.27744e+66 -6.27744e+66 29.3032 62.9026 231.245 395.628 824.419 
-6.27744e+66 -6.27744e+66 -6.27744e+66 -6.27744e+66 -6.27744e+66 -6.27744e+66 -6.27744e+66 -6.27744e+66 -6.27744e+66 29.3032 113.474 223.063 544.656 
-6.27744e+66 -6.27744e+66 -6.27744e+66 -6.27744e+66 -6.27744e+66 -6.27744e+66 -6.27744e+66 -6.27744e+66 -6.27744e+66 -6.27744e+66 29.3032 84.0976 298.493 
-6.27744e+66 -6.27744e+66 -6.27744e+66 -6.27744e+66 -6.27744e+66 -6.27744e+66 -6.27744e+66 -6.27744e+66 -6.27744e+66 -6.27744e+66 -6.27744e+66 29.3032 136.501 
-6.27744e+66 -6.27744e+66 -6.27744e+66 -6.27744e+66 -6.27744e+66 -6.27744e+66 -6.27744e+66 -6.27744e+66 -6.27744e+66 -6.27744e+66 -6.27744e+66 -6.27744e+66 29.3032 
-6.27744e+66 -6.27744e+66 -6.27744e+66 -6.27744e+66 -6.27744e+66 -6.27744e+66 -6.27744e+66 -6.27744e+66 -6.27744e+66 -6.27744e+66 -6.27744e+66 -6.27744e+66 -6.27744e+66 
-6.27744e+66 48.1963 127.264 219.871 541.474 829.992 1334.07 1453.13 2230.32 3037.96 3878.98 4275.17 5476.4 
-6.27744e+66 -6.27744e+66 48.1963 94.4997 308.902 525.29 928.556 1027.77 1693.93 2400.62 3148.19 3504.76 4596.79 
-6.27744e+66 -6.27744e+66 -6.27744e+66 48.1963 155.398 299.656 602.106 681.475 1236.61 1842.34 2496.47 2813.42 3796.25 
-6.27744e+66 -6.27744e+66 -6.27744e+66 -6.27744e+66 48.1963 120.326 321.959 381.486 825.596 1330.37 1891.05 2168.38 3042.01 
-6.27744e+66 -6.27744e+66 -6.27744e+66 -6.27744e+66 -6.27744e+66 48.1963 149.013 188.698 521.78 925.601 1392.83 1630.54 2394.97 
-6.27744e+66 -6.27744e+66 -6.27744e+66 -6.27744e+66 -6.27744e+66 -6.27744e+66 48.1963 68.0387 290.094 592.959 966.745 1164.84 1820.06 
-6.27744e+66 -6.27744e+66 -6.27744e+66 -6.27744e+66 -6.27744e+66 -6.27744e+66 -6.27744e+66 48.1963 159.224 361.134 641.473 799.948 1345.96 
-6.27744e+66 -6.27744e+66 -6.27744e+66 -6.27744e+66 -6.27744e+66 -6.27744e+66 -6.27744e+66 -6.27744e+66 48.1963 149.151 336.044 454.9 891.713 
-6.27744e+66 -6.27744e+66 -6.27744e+66 -6.27744e+66 -6.27744e+66 -6.27744e+66 -6.27744e+66 -6.27744e+66 -6.27744e+66 48.1963 141.643 220.88 548.489 
-6.27744e+66 -6.27744e+66 -6.27744e+66 -6.27744e+66 -6.27744e+66 -6.27744e+66 -6.27744e+66 -6.27744e+66 -6.27744e+66 -6.27744e+66 48.1963 87.815 306.221 
-6.27744e+66 -6.27744e+66 -6.27744e+66 -6.27744e+66 -6.27744e+66 -6.27744e+66 -6.27744e+66 -6.27744e+66 -6.27744e+66 -6.27744e+66 -6.27744e+66 48.1963 157.399 
-6.27744e+66 -6.27744e+66 -6.27744e+66 -6.27744e+66 -6.27744e+66 -6.27744e+66 -6.27744e+66 -6.27744e+66 -6.27744e+66 -6.27744e+66 -6.27744e+66 -6.27744e+66 48.1963 
-6.27744e+66 -6.27744e+66 -6.27744e+66 -6.27744e+66 -6.27744e+66 -6.27744e+66 -6.27744e+66 -6.27744e+66 -6.27744e+66 -6.27744e+66 -6.27744e+66 -6.27744e+66 -6.27744e+66 
-6.27744e+66 45.9146 143.068 268.439 540.191 791.628 1179.51 1692.86 2367.53 2656.33 3581.23 4007.55 5149.36 
-6.27744e+66 -6.27744e+66 45.9146 108.6 289.768 478.346 788.648 1216.44 1794.73 2047.44 2869.57 3253.26 4291.26 
-6.27744e+66 -6.27744e+66 -6.27744e+66 45.9146 136.498 262.217 494.944 837.178 1319.09 1535.69 2255.06 2596.11 3530.32 
-6.27744e+66 -6.27744e+66 -6.27744e+66 -6.27744e+66 45.9146 108.774 263.925 520.601 906.13 1086.63 1703.23 2001.65 2832.06 
-6.27744e+66 -6.27744e+66 -6.27744e+66 -6.27744e+66 -6.27744e+66 45.9146 123.49 294.607 583.754 728.155 1241.99 1497.78 2224.38 
-6.27744e+66 -6.27744e+66 -6.27744e+66 -6.27744e+66 -6.27744e+66 -6.27744e+66 45.9146 131.473 324.238 432.538 843.605 1056.76 1679.57 
-6.27744e+66 -6.27744e+66 -6.27744e+66 -6.27744e+66 -6.27744e+66 -6.27744e+66 -6.27744e+66 45.9146 142.297 214.497 522.797 693.325 1212.33 
-6.27744e+66 -6.27744e+66 -6.27744e+66 -6.27744e+66 -6.27744e+66 -6.27744e+66 -6.27744e+66 -6.27744e+66 45.9146 82.0147 287.548 415.444 830.646 
-6.27744e+66 -6.27744e+66 -6.27744e+66 -6.27744e+66 -6.27744e+66 -6.27744e+66 -6.27744e+66 -6.27744e+66 -6.27744e+66 45.9146 148.681 233.945 545.346 
-6.27744e+66 -6.27744e+66 -6.27744e+66 -6.27744e+66 -6.27744e+66 -6.27744e+66 -6.27744e+66 -6.27744e+66 -6.27744e+66 -6.27744e+66 45.9146 88.5466 296.147 
-6.27744e+66 -6.27744e+66 -6.27744e+66 -6.27744e+66 -6.27744e+66 -6.27744e+66 -6.27744e+66 -6.27744e+66 -6.27744e+66 -6.27744e+66 -6.27744e+66 45.9146 149.715 
-6.27744e+66 -6.27744e+66 -6.27744e+66 -6.27744e+66 -6.27744e+66 -6.27744e+66 -6.27744e+66 -6.27744e+66 -6.27744e+66 -6.27744e+66 -6.27744e+66 -6.27744e+66 45.9146 
-6.27744e+66 -6.27744e+66 -6.27744e+66 -6.27744e+66 -6.27744e+66 -6.27744e+66 -6.27744e+66 -6.27744e+66 -6.27744e+66 -6.27744e+66 -6.27744e+66 -6.27744e+66 -6.27744e+66 
-6.27744e+66 80.1248 162.325 254.486 611.195 882.351 1311.76 1385.99 2446.57 3095.43 3757.61 4178.43 5039.93 
-6.27744e+66 -6.27744e+66 80.1248 126.205 364.011 567.378 910.903 972.763 1881.83 2449.58 3038.19 3416.93 4200.11 
-6.27744e+66 -6.27744e+66 -6.27744e+66 80.1248 199.028 334.606 592.249 641.737 1399.29 1885.94 2400.97 2737.62 3442.49 
-6.27744e+66 -6.27744e+66 -6.27744e+66 -6.27744e+66 80.1248 147.914 319.676 356.792 962.838 1368.37 1809.83 2104.4 2730.95 
-6.27744e+66 -6.27744e+66 -6.27744e+66 -6.27744e+66 -6.27744e+66 80.1248 166.006 190.75 645.285 969.713 1337.59 1590.08 2138.31 
-6.27744e+66 -6.27744e+66 -6.27744e+66 -6.27744e+66 -6.27744e+66 -6.27744e+66 80.1248 92.4968 395.52 638.841 933.144 1143.55 1613.46 
-6.27744e+66 -6.27744e+66 -6.27744e+66 -6.27744e+66 -6.27744e+66 -6.27744e+66 -6.27744e+66 80.1248 231.636 393.85 614.578 782.906 1174.5 
-6.27744e+66 -6.27744e+66 -6.27744e+66 -6.27744e+66 -6.27744e+66 -6.27744e+66 -6.27744e+66 -6.27744e+66 80.1248 161.232 308.383 434.63 747.902 
-6.27744e+66 -6.27744e+66 -6.27744e+66 -6.27744e+66 -6.27744e+66 -6.27744e+66 -6.27744e+66 -6.27744e+66 -6.27744e+66 80.1248 153.701 237.865 472.819 
-6.27744e+66 -6.27744e+66 -6.27744e+66 -6.27744e+66 -6.27744e+66 -6.27744e+66 -6.27744e+66 -6.27744e+66 -6.27744e+66 -6.27744e+66 80.1248 122.207 278.843 
-6.27744e+66 -6.27744e+66 -6.27744e+66 -6.27744e+66 -6.27744e+66 -6.27744e+66 -6.27744e+66 -6.27744e+66 -6.27744e+66 -6.27744e+66 -6.27744e+66 80.1248 158.443 
-6.27744e+66 -6.27744e+66 -6.27744e+66 -6.27744e+66 -6.27744e+66 -6.27744e+66 -6.27744e+66 -6.27744e+66 -6.27744e+66 -6.27744e+66 -6.27744e+66 -6.27744e+66 80.1248 
-6.27744e+66 -6.27744e+66 -6.27744e+66 -6.27744e+66 -6.27744e+66 -6.27744e+66 -6.27744e+66 -6.27744e+66 -6.27744e+66 -6.27744e+66 -6.27744e+66 -6.27744e+66 -6.27744e+66 
-6.27744e+66 58.1581 179.931 342.148 760.985 991.158 1460.86 1765.37 2680.38 3349.49 4203.4 4785.3 6157.78 
-6.27744e+66 -6.27744e+66 58.1581 139.266 418.491 591.12 966.884 1220.64 2004.93 2590.4 3349.44 3873.14 5120.85 
-6.27744e+66 -6.27744e+66 -6.27744e+66 58.1581 197.771 312.857 594.68 797.687 1451.26 1953.09 2617.25 3082.76 4205.7 
-6.27744e+66 -6.27744e+66 -6.27744e+66 -6.27744e+66 58.1581 115.701 303.583 455.839 978.699 1396.89 1966.17 2373.49 3371.66 
-6.27744e+66 -6.27744e+66 -6.27744e+66 -6.27744e+66 -6.27744e+66 58.1581 152.099 253.603 645.748 980.301 1454.7 1803.84 2677.23 
-6.27744e+66 -6.27744e+66 -6.27744e+66 -6.27744e+66 -6.27744e+66 -6.27744e+66 58.1581 108.91 370.34 621.255 1000.77 1291.72 2040.35 
-6.27744e+66 -6.27744e+66 -6.27744e+66 -6.27744e+66 -6.27744e+66 -6.27744e+66 -6.27744e+66 58.1581 188.873 356.15 640.788 873.546 1497.4 
-6.27744e+66 -6.27744e+66 -6.27744e+66 -6.27744e+66 -6.27744e+66 -6.27744e+66 -6.27744e+66 -6.27744e+66 58.1581 141.796 331.555 506.124 1005.21 
-6.27744e+66 -6.27744e+66 -6.27744e+66 -6.27744e+66 -6.27744e+66 -6.27744e+66 -6.27744e+66 -6.27744e+66 -6.27744e+66 58.1581 153.037 269.417 643.73 
-6.27744e+66 -6.27744e+66 -6.27744e+66 -6.27744e+66 -6.27744e+66 -6.27744e+66 -6.27744e+66 -6.27744e+66 -6.27744e+66 -6.27744e+66 58.1581 116.348 365.89 
-6.27744e+66 -6.27744e+66 -6.27744e+66 -6.27744e+66 -6.27744e+66 -6.27744e+66 -6.27744e+66 -6.27744e+66 -6.27744e+66 -6.27744e+66 -6.27744e+66 58.1581 182.929 
-6.27744e+66 -6.27744e+66 -6.27744e+66 -6.27744e+66 -6.27744e+66 -6.27744e+66 -6.27744e+66 -6.27744e+66 -6.27744e+66 -6.27744e+66 -6.27744e+66 -6.27744e+66 58.1581 
-6.27744e+66 -6.27744e+66 -6.27744e+66 -6.27744e+66 -6.27744e+66 -6.27744e+66 -6.27744e+66 -6.27744e+66 -6.27744e+66 -6.27744e+66 -6.27744e+66 -6.27744e+66 -6.27744e+66 
