18 10 
940.271 940.271 940.271 940.271 940.271 940.271 940.271 940.271 940.271 940.271 940.271 940.271 940.271 940.271 940.271 940.271 940.271 940.271 
item 0
27.9297 83.6785 39.8659 78.7966 28.8082 105.316 63.8331 91.1581 100.407 79.4671 50.3604 96.1105 49.0068 81.0975 53.2398 95.9039 68.0327 54.9984 
68.723 68.723 68.723 68.723 68.723 68.723 68.723 68.723 68.723 68.723 68.723 68.723 68.723 68.723 68.723 68.723 68.723 68.723 
1 1 1 1 1 1 1 1 1 1 1 1 1 1 1 1 1 1 
item 1
35.2687 113.095 30.7611 100.659 48.6948 79.4048 14.6556 95.6697 60.9013 125.952 60.8129 70.1867 70.2964 75.6945 52.4176 137.987 6.56179 93.8539 
32.7235 32.7235 32.7235 32.7235 32.7235 32.7235 32.7235 32.7235 32.7235 32.7235 32.7235 32.7235 32.7235 32.7235 32.7235 32.7235 32.7235 32.7235 
1 1 1 1 1 1 1 1 1 1 1 1 1 1 1 1 1 1 
item 2
53.4018 122.935 45.5849 90.7944 34.4495 108.962 63.1156 81.216 34.7142 105.622 85.2854 118.609 27.1227 110.121 27.4107 84.7447 33.5891 93.9079 
63.4051 63.4051 63.4051 63.4051 63.4051 63.4051 63.4051 63.4051 63.4051 63.4051 63.4051 63.4051 63.4051 63.4051 63.4051 63.4051 63.4051 63.4051 
1 1 1 1 1 1 1 1 1 1 1 1 1 1 1 1 1 1 
item 3
69.3057 128.234 70.114 135.382 52.4204 127.319 85.9706 104.262 66.5628 50.9496 29.7289 91.0655 40.2114 119.545 62.1084 116.009 52.7296 121.454 
54.6799 54.6799 54.6799 54.6799 54.6799 54.6799 54.6799 54.6799 54.6799 54.6799 54.6799 54.6799 54.6799 54.6799 54.6799 54.6799 54.6799 54.6799 
1 1 1 1 1 1 1 1 1 1 1 1 1 1 1 1 1 1 
item 4
55.4287 77.4599 48.5131 108.316 4.32964 109.269 78.8975 102.043 52.5698 75.1981 90.3416 100.546 77.5608 112.756 50.9979 97.8288 46.6213 119.719 
42.184 42.184 42.184 42.184 42.184 42.184 42.184 42.184 42.184 42.184 42.184 42.184 42.184 42.184 42.184 42.184 42.184 42.184 
1 1 1 1 1 1 1 1 1 1 1 1 1 1 1 1 1 1 
item 5
51.9575 92.0529 64.8043 107.644 39.1232 96.2686 72.0362 50.2157 41.4732 105.055 36.4541 101.957 62.1466 106.753 45.3557 132.848 29.0213 119.226 
61.3247 61.3247 61.3247 61.3247 61.3247 61.3247 61.3247 61.3247 61.3247 61.3247 61.3247 61.3247 61.3247 61.3247 61.3247 61.3247 61.3247 61.3247 
1 1 1 1 1 1 1 1 1 1 1 1 1 1 1 1 1 1 
item 6
86.7 123.431 38.7132 132.991 57.827 76.4705 46.5573 122.214 56.0043 63.869 58.8026 87.5656 13.7272 83.9539 71.2497 77.1013 45.9257 96.5503 
38.2709 38.2709 38.2709 38.2709 38.2709 38.2709 38.2709 38.2709 38.2709 38.2709 38.2709 38.2709 38.2709 38.2709 38.2709 38.2709 38.2709 38.2709 
1 1 1 1 1 1 1 1 1 1 1 1 1 1 1 1 1 1 
item 7
53.2597 83.3509 62.2036 100.092 79.9343 127.792 39.8388 78.7014 44.0339 123.442 44.7821 122.233 72.3909 117.107 65.6212 87.1075 59.7267 109.344 
66.4662 66.4662 66.4662 66.4662 66.4662 66.4662 66.4662 66.4662 66.4662 66.4662 66.4662 66.4662 66.4662 66.4662 66.4662 66.4662 66.4662 66.4662 
1 1 1 1 1 1 1 1 1 1 1 1 1 1 1 1 1 1 
item 8
55.6291 99.6267 80.2724 123.077 24.2732 101.131 72.5549 97.4163 78.0184 103.368 33.9315 135.809 24.87 139.797 71.3443 143.893 51.6862 102.634 
83.3983 83.3983 83.3983 83.3983 83.3983 83.3983 83.3983 83.3983 83.3983 83.3983 83.3983 83.3983 83.3983 83.3983 83.3983 83.3983 83.3983 83.3983 
1 1 1 1 1 1 1 1 1 1 1 1 1 1 1 1 1 1 
item 9
59.0436 76.7725 80.6753 74.961 52.5098 116.529 60.6884 75.1648 55.8553 120.736 6.20518 128.123 51.3426 105.873 57.7015 129.467 85.9027 132.803 
44.9141 44.9141 44.9141 44.9141 44.9141 44.9141 44.9141 44.9141 44.9141 44.9141 44.9141 44.9141 44.9141 44.9141 44.9141 44.9141 44.9141 44.9141 
1 1 1 1 1 1 1 1 1 1 1 1 1 1 1 1 1 1 
