6 5 
54.7303 54.7303 54.7303 54.7303 54.7303 54.7303 
item 0
69.0019 0 39.9581 0 67.6972 85.3642 
48.6135 48.6135 48.6135 48.6135 48.6135 48.6135 
1 1 1 1 1 1 
item 1
34.2447 94.2935 0 110.554 15.2805 72.7541 
32.7684 32.7684 32.7684 32.7684 32.7684 32.7684 
1 1 1 1 1 1 
item 2
19.4143 107.853 0 0 0 79.9491 
73.3945 73.3945 73.3945 73.3945 73.3945 73.3945 
1 1 1 1 1 1 
item 3
59.0469 85.9652 0 92.1285 0 83.6763 
59.1525 59.1525 59.1525 59.1525 59.1525 59.1525 
1 1 1 1 1 1 
item 4
79.1409 95.3122 0 109.803 0 46.2274 
103.858 103.858 103.858 103.858 103.858 103.858 
1 1 1 1 1 1 
