48 5 
103.205 103.205 103.205 103.205 103.205 103.205 103.205 103.205 103.205 103.205 103.205 103.205 103.205 103.205 103.205 103.205 103.205 103.205 103.205 103.205 103.205 103.205 103.205 103.205 103.205 103.205 103.205 103.205 103.205 103.205 103.205 103.205 103.205 103.205 103.205 103.205 103.205 103.205 103.205 103.205 103.205 103.205 103.205 103.205 103.205 103.205 103.205 103.205 
item 0
40.9645 139.855 0 0 76.6787 108.384 26.5465 0 0 112.188 38.6666 65.8777 0 0 50.7673 88.6086 34.9679 0 107.334 55.3691 83.045 109.436 62.2287 0 48.1851 0 80.8562 0 0 88.8422 0 0 55.1118 132.972 0 120.198 0 0 0 72.503 0 0 0 89.7518 0 81.1012 54.7593 124.019 
99.1701 99.1701 99.1701 99.1701 99.1701 99.1701 99.1701 99.1701 99.1701 99.1701 99.1701 99.1701 99.1701 99.1701 99.1701 99.1701 99.1701 99.1701 99.1701 99.1701 99.1701 99.1701 99.1701 99.1701 99.1701 99.1701 99.1701 99.1701 99.1701 99.1701 99.1701 99.1701 99.1701 99.1701 99.1701 99.1701 99.1701 99.1701 99.1701 99.1701 99.1701 99.1701 99.1701 99.1701 99.1701 99.1701 99.1701 99.1701 
1 1 1 1 1 1 1 1 1 1 1 1 1 1 1 1 1 1 1 1 1 1 1 1 1 1 1 1 1 1 1 1 1 1 1 1 1 1 1 1 1 1 1 1 1 1 1 1 
item 1
57.8019 122.462 70.9355 100.722 0 109.964 0 0 0 0 55.3162 0 54.2845 92.3235 68.0662 125.435 0 0 41.596 87.7369 49.0873 0 0 70.1663 70.9307 0 0 0 18.162 0 0 100.671 0 115.081 0 0 0 94.3794 56.9839 116.69 39.1525 0 52.7739 0 21.6044 0 39.8593 0 
44.3382 44.3382 44.3382 44.3382 44.3382 44.3382 44.3382 44.3382 44.3382 44.3382 44.3382 44.3382 44.3382 44.3382 44.3382 44.3382 44.3382 44.3382 44.3382 44.3382 44.3382 44.3382 44.3382 44.3382 44.3382 44.3382 44.3382 44.3382 44.3382 44.3382 44.3382 44.3382 44.3382 44.3382 44.3382 44.3382 44.3382 44.3382 44.3382 44.3382 44.3382 44.3382 44.3382 44.3382 44.3382 44.3382 44.3382 44.3382 
1 1 1 1 1 1 1 1 1 1 1 1 1 1 1 1 1 1 1 1 1 1 1 1 1 1 1 1 1 1 1 1 1 1 1 1 1 1 1 1 1 1 1 1 1 1 1 1 
item 2
45.5054 122.193 45.8087 0 80.3209 114.047 13.9782 85.7279 93.0197 113.631 32.5393 0 20.8477 0 94.9591 0 0 0 41.4083 127.092 47.7286 0 37.2099 93.0039 48.3354 0 74.9948 140.894 0 136.95 0 0 0 102.842 0 0 52.3947 0 103.132 0 21.3745 87.1936 0 93.9096 0 0 0 79.5732 
43.0469 43.0469 43.0469 43.0469 43.0469 43.0469 43.0469 43.0469 43.0469 43.0469 43.0469 43.0469 43.0469 43.0469 43.0469 43.0469 43.0469 43.0469 43.0469 43.0469 43.0469 43.0469 43.0469 43.0469 43.0469 43.0469 43.0469 43.0469 43.0469 43.0469 43.0469 43.0469 43.0469 43.0469 43.0469 43.0469 43.0469 43.0469 43.0469 43.0469 43.0469 43.0469 43.0469 43.0469 43.0469 43.0469 43.0469 43.0469 
1 1 1 1 1 1 1 1 1 1 1 1 1 1 1 1 1 1 1 1 1 1 1 1 1 1 1 1 1 1 1 1 1 1 1 1 1 1 1 1 1 1 1 1 1 1 1 1 
item 3
75.6086 0 0 101.971 65.4903 0 22.7828 0 0 124.749 0 75.3612 0 0 44.7354 0 31.8761 88.7378 49.5608 0 0 134.076 19.7953 94.5327 72.5081 108.031 0 102.324 0 91.5359 30.6846 85.1063 61.5073 0 66.346 95.1731 0 85.3838 0 106.081 55.6293 83.2698 0 70.7475 0 0 0 0 
46.0799 46.0799 46.0799 46.0799 46.0799 46.0799 46.0799 46.0799 46.0799 46.0799 46.0799 46.0799 46.0799 46.0799 46.0799 46.0799 46.0799 46.0799 46.0799 46.0799 46.0799 46.0799 46.0799 46.0799 46.0799 46.0799 46.0799 46.0799 46.0799 46.0799 46.0799 46.0799 46.0799 46.0799 46.0799 46.0799 46.0799 46.0799 46.0799 46.0799 46.0799 46.0799 46.0799 46.0799 46.0799 46.0799 46.0799 46.0799 
1 1 1 1 1 1 1 1 1 1 1 1 1 1 1 1 1 1 1 1 1 1 1 1 1 1 1 1 1 1 1 1 1 1 1 1 1 1 1 1 1 1 1 1 1 1 1 1 
item 4
65.8245 90.3534 0 0 0 144.011 44.6742 0 0 0 59.5901 0 0 0 55.1032 0 61.5662 0 0 0 0 121.593 0 90.2537 68.2375 101.165 0 0 0 0 0 0 57.3857 68.159 0 145.242 0 0 37.8259 91.4059 0 0 0 110.238 0 0 0 83.8119 
29.4415 29.4415 29.4415 29.4415 29.4415 29.4415 29.4415 29.4415 29.4415 29.4415 29.4415 29.4415 29.4415 29.4415 29.4415 29.4415 29.4415 29.4415 29.4415 29.4415 29.4415 29.4415 29.4415 29.4415 29.4415 29.4415 29.4415 29.4415 29.4415 29.4415 29.4415 29.4415 29.4415 29.4415 29.4415 29.4415 29.4415 29.4415 29.4415 29.4415 29.4415 29.4415 29.4415 29.4415 29.4415 29.4415 29.4415 29.4415 
1 1 1 1 1 1 1 1 1 1 1 1 1 1 1 1 1 1 1 1 1 1 1 1 1 1 1 1 1 1 1 1 1 1 1 1 1 1 1 1 1 1 1 1 1 1 1 1 
