18 5 
107.799 107.799 107.799 107.799 107.799 107.799 107.799 107.799 107.799 107.799 107.799 107.799 107.799 107.799 107.799 107.799 107.799 107.799 
item 0
69.0124 134.504 0 112.842 0 110.413 24.2777 111.483 0 91.9576 24.1352 0 62.9643 61.6235 0 0 33.0916 80.9127 
62.761 62.761 62.761 62.761 62.761 62.761 62.761 62.761 62.761 62.761 62.761 62.761 62.761 62.761 62.761 62.761 62.761 62.761 
1 1 1 1 1 1 1 1 1 1 1 1 1 1 1 1 1 1 
item 1
17.3877 82.1442 69.6823 0 23.815 107.848 23.7601 0 36.4924 0 68.087 85.9353 0 67.7637 33.3696 109.567 73.1507 94.3888 
66.7754 66.7754 66.7754 66.7754 66.7754 66.7754 66.7754 66.7754 66.7754 66.7754 66.7754 66.7754 66.7754 66.7754 66.7754 66.7754 66.7754 66.7754 
1 1 1 1 1 1 1 1 1 1 1 1 1 1 1 1 1 1 
item 2
5.56387 0 26.7984 118.107 0 112.585 59.4891 0 0 0 0 102.037 17.4676 0 43.3506 0 0 0 
55.9901 55.9901 55.9901 55.9901 55.9901 55.9901 55.9901 55.9901 55.9901 55.9901 55.9901 55.9901 55.9901 55.9901 55.9901 55.9901 55.9901 55.9901 
1 1 1 1 1 1 1 1 1 1 1 1 1 1 1 1 1 1 
item 3
63.6071 0 0 95.4143 0 98.4877 25.6009 0 38.6245 95.4748 0 0 19.3145 119.657 0 0 0 92.4616 
38.2526 38.2526 38.2526 38.2526 38.2526 38.2526 38.2526 38.2526 38.2526 38.2526 38.2526 38.2526 38.2526 38.2526 38.2526 38.2526 38.2526 38.2526 
1 1 1 1 1 1 1 1 1 1 1 1 1 1 1 1 1 1 
item 4
56.9767 89.1299 0 141.332 0 61.3513 0 90.477 0 0 0 0 0 0 50.5121 115.722 0 0 
47.7065 47.7065 47.7065 47.7065 47.7065 47.7065 47.7065 47.7065 47.7065 47.7065 47.7065 47.7065 47.7065 47.7065 47.7065 47.7065 47.7065 47.7065 
1 1 1 1 1 1 1 1 1 1 1 1 1 1 1 1 1 1 
