6 5 
983.131 983.131 983.131 983.131 983.131 983.131 
item 0
46.0511 134.309 80.313 114.88 78.4778 106.389 
84.7507 84.7507 84.7507 84.7507 84.7507 84.7507 
1 1 1 1 1 1 
item 1
38.4194 75.7926 34.8005 105.04 48.5618 97.0459 
81.9689 81.9689 81.9689 81.9689 81.9689 81.9689 
1 1 1 1 1 1 
item 2
63.9732 103.815 83.6657 115.055 74.8836 102.573 
65.7362 65.7362 65.7362 65.7362 65.7362 65.7362 
1 1 1 1 1 1 
item 3
55.0861 75.9894 53.301 100.701 42.8929 98.8464 
84.6067 84.6067 84.6067 84.6067 84.6067 84.6067 
1 1 1 1 1 1 
item 4
57.2244 137.24 72.3045 130.16 76.8467 96.2094 
35.8474 35.8474 35.8474 35.8474 35.8474 35.8474 
1 1 1 1 1 1 
