6 5 
-6.27744e+66 47.7925 47.7925 171.442 171.442 436.411 921.11 
-6.27744e+66 -6.27744e+66 47.7925 109.617 109.617 308.344 696.104 
-6.27744e+66 -6.27744e+66 -6.27744e+66 47.7925 47.7925 180.277 471.097 
-6.27744e+66 -6.27744e+66 -6.27744e+66 -6.27744e+66 47.7925 114.035 307.915 
-6.27744e+66 -6.27744e+66 -6.27744e+66 -6.27744e+66 -6.27744e+66 47.7925 144.732 
-6.27744e+66 -6.27744e+66 -6.27744e+66 -6.27744e+66 -6.27744e+66 -6.27744e+66 47.7925 
-6.27744e+66 -6.27744e+66 -6.27744e+66 -6.27744e+66 -6.27744e+66 -6.27744e+66 -6.27744e+66 
-6.27744e+66 82.9777 82.9777 167.418 167.418 415.739 1153.02 
-6.27744e+66 -6.27744e+66 82.9777 125.198 125.198 311.439 901.261 
-6.27744e+66 -6.27744e+66 -6.27744e+66 82.9777 82.9777 207.138 649.505 
-6.27744e+66 -6.27744e+66 -6.27744e+66 -6.27744e+66 82.9777 145.058 439.969 
-6.27744e+66 -6.27744e+66 -6.27744e+66 -6.27744e+66 -6.27744e+66 82.9777 230.433 
-6.27744e+66 -6.27744e+66 -6.27744e+66 -6.27744e+66 -6.27744e+66 -6.27744e+66 82.9777 
-6.27744e+66 -6.27744e+66 -6.27744e+66 -6.27744e+66 -6.27744e+66 -6.27744e+66 -6.27744e+66 
-6.27744e+66 48.2077 164.113 164.113 494.605 494.605 494.605 
-6.27744e+66 -6.27744e+66 48.2077 48.2077 268.536 268.536 268.536 
-6.27744e+66 -6.27744e+66 -6.27744e+66 48.2077 158.372 158.372 158.372 
-6.27744e+66 -6.27744e+66 -6.27744e+66 -6.27744e+66 48.2077 48.2077 48.2077 
-6.27744e+66 -6.27744e+66 -6.27744e+66 -6.27744e+66 -6.27744e+66 48.2077 48.2077 
-6.27744e+66 -6.27744e+66 -6.27744e+66 -6.27744e+66 -6.27744e+66 -6.27744e+66 48.2077 
-6.27744e+66 -6.27744e+66 -6.27744e+66 -6.27744e+66 -6.27744e+66 -6.27744e+66 -6.27744e+66 
-6.27744e+66 77.2634 201.614 265.889 265.889 265.889 739.067 
-6.27744e+66 -6.27744e+66 77.2634 109.401 109.401 109.401 487.943 
-6.27744e+66 -6.27744e+66 -6.27744e+66 77.2634 77.2634 77.2634 361.17 
-6.27744e+66 -6.27744e+66 -6.27744e+66 -6.27744e+66 77.2634 77.2634 266.535 
-6.27744e+66 -6.27744e+66 -6.27744e+66 -6.27744e+66 -6.27744e+66 77.2634 171.899 
-6.27744e+66 -6.27744e+66 -6.27744e+66 -6.27744e+66 -6.27744e+66 -6.27744e+66 77.2634 
-6.27744e+66 -6.27744e+66 -6.27744e+66 -6.27744e+66 -6.27744e+66 -6.27744e+66 -6.27744e+66 
-6.27744e+66 66.5308 66.5308 111.694 333.479 333.479 766.751 
-6.27744e+66 -6.27744e+66 66.5308 89.1124 236.969 236.969 583.587 
-6.27744e+66 -6.27744e+66 -6.27744e+66 66.5308 140.459 140.459 400.422 
-6.27744e+66 -6.27744e+66 -6.27744e+66 -6.27744e+66 66.5308 66.5308 239.84 
-6.27744e+66 -6.27744e+66 -6.27744e+66 -6.27744e+66 -6.27744e+66 66.5308 153.185 
-6.27744e+66 -6.27744e+66 -6.27744e+66 -6.27744e+66 -6.27744e+66 -6.27744e+66 66.5308 
-6.27744e+66 -6.27744e+66 -6.27744e+66 -6.27744e+66 -6.27744e+66 -6.27744e+66 -6.27744e+66 
