6 20 
947.819 947.819 947.819 947.819 947.819 947.819 
item 0
57.0091 0 43.0497 139.384 0 94.6623 
51.4128 51.4128 51.4128 51.4128 51.4128 51.4128 
1 1 1 1 1 1 
item 1
20.7511 103.064 0 0 0 0 
77.9793 77.9793 77.9793 77.9793 77.9793 77.9793 
1 1 1 1 1 1 
item 2
62.5671 0 50.3007 78.8176 55.9972 0 
49.6361 49.6361 49.6361 49.6361 49.6361 49.6361 
1 1 1 1 1 1 
item 3
62.787 127.373 45.9715 0 0 0 
37.8926 37.8926 37.8926 37.8926 37.8926 37.8926 
1 1 1 1 1 1 
item 4
58.1994 0 67.8797 0 0 83.5339 
47.7864 47.7864 47.7864 47.7864 47.7864 47.7864 
1 1 1 1 1 1 
item 5
40.3332 117.567 0 0 0 147.529 
52.1398 52.1398 52.1398 52.1398 52.1398 52.1398 
1 1 1 1 1 1 
item 6
81.9134 97.8402 0 138.841 0 0 
43.6294 43.6294 43.6294 43.6294 43.6294 43.6294 
1 1 1 1 1 1 
item 7
17.7988 84.2526 32.3828 0 0 76.2059 
77.0254 77.0254 77.0254 77.0254 77.0254 77.0254 
1 1 1 1 1 1 
item 8
30.49 0 55.229 0 0 0 
61.0386 61.0386 61.0386 61.0386 61.0386 61.0386 
1 1 1 1 1 1 
item 9
4.89638 92.3414 60.5609 80.7072 0 54.3319 
39.3497 39.3497 39.3497 39.3497 39.3497 39.3497 
1 1 1 1 1 1 
item 10
46.491 103.252 94.0481 0 0 0 
60.9253 60.9253 60.9253 60.9253 60.9253 60.9253 
1 1 1 1 1 1 
item 11
65.4428 128.315 58.3181 0 0 0 
48.7906 48.7906 48.7906 48.7906 48.7906 48.7906 
1 1 1 1 1 1 
item 12
59.8831 0 55.526 118.609 0 58.1119 
62.9914 62.9914 62.9914 62.9914 62.9914 62.9914 
1 1 1 1 1 1 
item 13
54.8517 94.5581 0 0 0 0 
60.9619 60.9619 60.9619 60.9619 60.9619 60.9619 
1 1 1 1 1 1 
item 14
54.8916 122.027 69.2983 100.904 0 99.568 
37.6552 37.6552 37.6552 37.6552 37.6552 37.6552 
1 1 1 1 1 1 
item 15
62.6371 0 0 0 0 131.175 
63.3407 63.3407 63.3407 63.3407 63.3407 63.3407 
1 1 1 1 1 1 
item 16
52.3077 0 0 109.269 0 69.7392 
54.8339 54.8339 54.8339 54.8339 54.8339 54.8339 
1 1 1 1 1 1 
item 17
60.3385 92.3234 0 72.6759 0 53.8459 
69.8293 69.8293 69.8293 69.8293 69.8293 69.8293 
1 1 1 1 1 1 
item 18
80.015 93.828 20.8227 120.093 0 115.276 
63.843 63.843 63.843 63.843 63.843 63.843 
1 1 1 1 1 1 
item 19
37.5467 134.413 51.4783 0 3.6977 0 
79.2749 79.2749 79.2749 79.2749 79.2749 79.2749 
1 1 1 1 1 1 
