6 40 
-6.27744e+66 84.1012 84.1012 123.524 332.694 667.845 667.845 
-6.27744e+66 -6.27744e+66 84.1012 103.812 243.26 494.622 494.622 
-6.27744e+66 -6.27744e+66 -6.27744e+66 84.1012 153.825 321.4 321.4 
-6.27744e+66 -6.27744e+66 -6.27744e+66 -6.27744e+66 84.1012 167.889 167.889 
-6.27744e+66 -6.27744e+66 -6.27744e+66 -6.27744e+66 -6.27744e+66 84.1012 84.1012 
-6.27744e+66 -6.27744e+66 -6.27744e+66 -6.27744e+66 -6.27744e+66 -6.27744e+66 84.1012 
-6.27744e+66 -6.27744e+66 -6.27744e+66 -6.27744e+66 -6.27744e+66 -6.27744e+66 -6.27744e+66 
-6.27744e+66 104.403 104.403 104.403 104.403 394.612 828.942 
-6.27744e+66 -6.27744e+66 104.403 104.403 104.403 322.06 669.524 
-6.27744e+66 -6.27744e+66 -6.27744e+66 104.403 104.403 249.508 510.105 
-6.27744e+66 -6.27744e+66 -6.27744e+66 -6.27744e+66 104.403 176.955 350.687 
-6.27744e+66 -6.27744e+66 -6.27744e+66 -6.27744e+66 -6.27744e+66 104.403 191.269 
-6.27744e+66 -6.27744e+66 -6.27744e+66 -6.27744e+66 -6.27744e+66 -6.27744e+66 104.403 
-6.27744e+66 -6.27744e+66 -6.27744e+66 -6.27744e+66 -6.27744e+66 -6.27744e+66 -6.27744e+66 
-6.27744e+66 58.4694 145.427 145.427 145.427 467.358 1006.26 
-6.27744e+66 -6.27744e+66 58.4694 58.4694 58.4694 299.918 731.036 
-6.27744e+66 -6.27744e+66 -6.27744e+66 58.4694 58.4694 219.435 542.774 
-6.27744e+66 -6.27744e+66 -6.27744e+66 -6.27744e+66 58.4694 138.952 354.511 
-6.27744e+66 -6.27744e+66 -6.27744e+66 -6.27744e+66 -6.27744e+66 58.4694 166.249 
-6.27744e+66 -6.27744e+66 -6.27744e+66 -6.27744e+66 -6.27744e+66 -6.27744e+66 58.4694 
-6.27744e+66 -6.27744e+66 -6.27744e+66 -6.27744e+66 -6.27744e+66 -6.27744e+66 -6.27744e+66 
-6.27744e+66 50.5054 151.056 247.542 552.562 552.562 552.562 
-6.27744e+66 -6.27744e+66 50.5054 98.748 302.095 302.095 302.095 
-6.27744e+66 -6.27744e+66 -6.27744e+66 50.5054 152.179 152.179 152.179 
-6.27744e+66 -6.27744e+66 -6.27744e+66 -6.27744e+66 50.5054 50.5054 50.5054 
-6.27744e+66 -6.27744e+66 -6.27744e+66 -6.27744e+66 -6.27744e+66 50.5054 50.5054 
-6.27744e+66 -6.27744e+66 -6.27744e+66 -6.27744e+66 -6.27744e+66 -6.27744e+66 50.5054 
-6.27744e+66 -6.27744e+66 -6.27744e+66 -6.27744e+66 -6.27744e+66 -6.27744e+66 -6.27744e+66 
-6.27744e+66 68.5475 68.5475 172.892 507.229 507.229 507.229 
-6.27744e+66 -6.27744e+66 68.5475 120.72 343.611 343.611 343.611 
-6.27744e+66 -6.27744e+66 -6.27744e+66 68.5475 179.993 179.993 179.993 
-6.27744e+66 -6.27744e+66 -6.27744e+66 -6.27744e+66 68.5475 68.5475 68.5475 
-6.27744e+66 -6.27744e+66 -6.27744e+66 -6.27744e+66 -6.27744e+66 68.5475 68.5475 
-6.27744e+66 -6.27744e+66 -6.27744e+66 -6.27744e+66 -6.27744e+66 -6.27744e+66 68.5475 
-6.27744e+66 -6.27744e+66 -6.27744e+66 -6.27744e+66 -6.27744e+66 -6.27744e+66 -6.27744e+66 
-6.27744e+66 39.3065 39.3065 39.3065 39.3065 313.332 313.332 
-6.27744e+66 -6.27744e+66 39.3065 39.3065 39.3065 244.826 244.826 
-6.27744e+66 -6.27744e+66 -6.27744e+66 39.3065 39.3065 176.319 176.319 
-6.27744e+66 -6.27744e+66 -6.27744e+66 -6.27744e+66 39.3065 107.813 107.813 
-6.27744e+66 -6.27744e+66 -6.27744e+66 -6.27744e+66 -6.27744e+66 39.3065 39.3065 
-6.27744e+66 -6.27744e+66 -6.27744e+66 -6.27744e+66 -6.27744e+66 -6.27744e+66 39.3065 
-6.27744e+66 -6.27744e+66 -6.27744e+66 -6.27744e+66 -6.27744e+66 -6.27744e+66 -6.27744e+66 
-6.27744e+66 53.359 141.432 220.352 220.352 220.352 220.352 
-6.27744e+66 -6.27744e+66 53.359 92.8195 92.8195 92.8195 92.8195 
-6.27744e+66 -6.27744e+66 -6.27744e+66 53.359 53.359 53.359 53.359 
-6.27744e+66 -6.27744e+66 -6.27744e+66 -6.27744e+66 53.359 53.359 53.359 
-6.27744e+66 -6.27744e+66 -6.27744e+66 -6.27744e+66 -6.27744e+66 53.359 53.359 
-6.27744e+66 -6.27744e+66 -6.27744e+66 -6.27744e+66 -6.27744e+66 -6.27744e+66 53.359 
-6.27744e+66 -6.27744e+66 -6.27744e+66 -6.27744e+66 -6.27744e+66 -6.27744e+66 -6.27744e+66 
-6.27744e+66 43.0634 155.919 268.915 268.915 268.915 566.185 
-6.27744e+66 -6.27744e+66 43.0634 99.5616 99.5616 99.5616 337.378 
-6.27744e+66 -6.27744e+66 -6.27744e+66 43.0634 43.0634 43.0634 221.425 
-6.27744e+66 -6.27744e+66 -6.27744e+66 -6.27744e+66 43.0634 43.0634 161.971 
-6.27744e+66 -6.27744e+66 -6.27744e+66 -6.27744e+66 -6.27744e+66 43.0634 102.517 
-6.27744e+66 -6.27744e+66 -6.27744e+66 -6.27744e+66 -6.27744e+66 -6.27744e+66 43.0634 
-6.27744e+66 -6.27744e+66 -6.27744e+66 -6.27744e+66 -6.27744e+66 -6.27744e+66 -6.27744e+66 
-6.27744e+66 82.5224 186.022 323.211 677.237 819.547 819.547 
-6.27744e+66 -6.27744e+66 82.5224 151.117 387.134 493.867 493.867 
-6.27744e+66 -6.27744e+66 -6.27744e+66 82.5224 200.531 271.686 271.686 
-6.27744e+66 -6.27744e+66 -6.27744e+66 -6.27744e+66 82.5224 118.1 118.1 
-6.27744e+66 -6.27744e+66 -6.27744e+66 -6.27744e+66 -6.27744e+66 82.5224 82.5224 
-6.27744e+66 -6.27744e+66 -6.27744e+66 -6.27744e+66 -6.27744e+66 -6.27744e+66 82.5224 
-6.27744e+66 -6.27744e+66 -6.27744e+66 -6.27744e+66 -6.27744e+66 -6.27744e+66 -6.27744e+66 
-6.27744e+66 84.7176 183.406 326.358 603.299 869.175 1274.29 
-6.27744e+66 -6.27744e+66 84.7176 156.193 340.821 540.228 864.319 
-6.27744e+66 -6.27744e+66 -6.27744e+66 84.7176 177.031 309.969 553.038 
-6.27744e+66 -6.27744e+66 -6.27744e+66 -6.27744e+66 84.7176 151.187 313.232 
-6.27744e+66 -6.27744e+66 -6.27744e+66 -6.27744e+66 -6.27744e+66 84.7176 165.74 
-6.27744e+66 -6.27744e+66 -6.27744e+66 -6.27744e+66 -6.27744e+66 -6.27744e+66 84.7176 
-6.27744e+66 -6.27744e+66 -6.27744e+66 -6.27744e+66 -6.27744e+66 -6.27744e+66 -6.27744e+66 
-6.27744e+66 78.2104 78.2104 217.68 561.94 708.811 1301.07 
-6.27744e+66 -6.27744e+66 78.2104 147.945 377.452 487.605 961.411 
-6.27744e+66 -6.27744e+66 -6.27744e+66 78.2104 192.964 266.399 621.754 
-6.27744e+66 -6.27744e+66 -6.27744e+66 -6.27744e+66 78.2104 114.928 351.831 
-6.27744e+66 -6.27744e+66 -6.27744e+66 -6.27744e+66 -6.27744e+66 78.2104 196.662 
-6.27744e+66 -6.27744e+66 -6.27744e+66 -6.27744e+66 -6.27744e+66 -6.27744e+66 78.2104 
-6.27744e+66 -6.27744e+66 -6.27744e+66 -6.27744e+66 -6.27744e+66 -6.27744e+66 -6.27744e+66 
-6.27744e+66 49.4371 147.505 147.505 147.505 245.277 245.277 
-6.27744e+66 -6.27744e+66 49.4371 49.4371 49.4371 122.766 122.766 
-6.27744e+66 -6.27744e+66 -6.27744e+66 49.4371 49.4371 98.3229 98.3229 
-6.27744e+66 -6.27744e+66 -6.27744e+66 -6.27744e+66 49.4371 73.88 73.88 
-6.27744e+66 -6.27744e+66 -6.27744e+66 -6.27744e+66 -6.27744e+66 49.4371 49.4371 
-6.27744e+66 -6.27744e+66 -6.27744e+66 -6.27744e+66 -6.27744e+66 -6.27744e+66 49.4371 
-6.27744e+66 -6.27744e+66 -6.27744e+66 -6.27744e+66 -6.27744e+66 -6.27744e+66 -6.27744e+66 
-6.27744e+66 54.7079 54.7079 54.7079 54.7079 54.7079 54.7079 
-6.27744e+66 -6.27744e+66 54.7079 54.7079 54.7079 54.7079 54.7079 
-6.27744e+66 -6.27744e+66 -6.27744e+66 54.7079 54.7079 54.7079 54.7079 
-6.27744e+66 -6.27744e+66 -6.27744e+66 -6.27744e+66 54.7079 54.7079 54.7079 
-6.27744e+66 -6.27744e+66 -6.27744e+66 -6.27744e+66 -6.27744e+66 54.7079 54.7079 
-6.27744e+66 -6.27744e+66 -6.27744e+66 -6.27744e+66 -6.27744e+66 -6.27744e+66 54.7079 
-6.27744e+66 -6.27744e+66 -6.27744e+66 -6.27744e+66 -6.27744e+66 -6.27744e+66 -6.27744e+66 
-6.27744e+66 73.4576 73.4576 73.4576 375.114 375.114 1018.97 
-6.27744e+66 -6.27744e+66 73.4576 73.4576 274.562 274.562 789.649 
-6.27744e+66 -6.27744e+66 -6.27744e+66 73.4576 174.01 174.01 560.325 
-6.27744e+66 -6.27744e+66 -6.27744e+66 -6.27744e+66 73.4576 73.4576 331.001 
-6.27744e+66 -6.27744e+66 -6.27744e+66 -6.27744e+66 -6.27744e+66 73.4576 202.229 
-6.27744e+66 -6.27744e+66 -6.27744e+66 -6.27744e+66 -6.27744e+66 -6.27744e+66 73.4576 
-6.27744e+66 -6.27744e+66 -6.27744e+66 -6.27744e+66 -6.27744e+66 -6.27744e+66 -6.27744e+66 
-6.27744e+66 78.4055 212.362 212.362 212.362 212.362 212.362 
-6.27744e+66 -6.27744e+66 78.4055 78.4055 78.4055 78.4055 78.4055 
-6.27744e+66 -6.27744e+66 -6.27744e+66 78.4055 78.4055 78.4055 78.4055 
-6.27744e+66 -6.27744e+66 -6.27744e+66 -6.27744e+66 78.4055 78.4055 78.4055 
-6.27744e+66 -6.27744e+66 -6.27744e+66 -6.27744e+66 -6.27744e+66 78.4055 78.4055 
-6.27744e+66 -6.27744e+66 -6.27744e+66 -6.27744e+66 -6.27744e+66 -6.27744e+66 78.4055 
-6.27744e+66 -6.27744e+66 -6.27744e+66 -6.27744e+66 -6.27744e+66 -6.27744e+66 -6.27744e+66 
-6.27744e+66 72.6752 204.817 204.817 204.817 204.817 204.817 
-6.27744e+66 -6.27744e+66 72.6752 72.6752 72.6752 72.6752 72.6752 
-6.27744e+66 -6.27744e+66 -6.27744e+66 72.6752 72.6752 72.6752 72.6752 
-6.27744e+66 -6.27744e+66 -6.27744e+66 -6.27744e+66 72.6752 72.6752 72.6752 
-6.27744e+66 -6.27744e+66 -6.27744e+66 -6.27744e+66 -6.27744e+66 72.6752 72.6752 
-6.27744e+66 -6.27744e+66 -6.27744e+66 -6.27744e+66 -6.27744e+66 -6.27744e+66 72.6752 
-6.27744e+66 -6.27744e+66 -6.27744e+66 -6.27744e+66 -6.27744e+66 -6.27744e+66 -6.27744e+66 
-6.27744e+66 63.1515 123.266 226.382 546.739 546.739 1135.65 
-6.27744e+66 -6.27744e+66 63.1515 114.709 328.28 328.28 799.41 
-6.27744e+66 -6.27744e+66 -6.27744e+66 63.1515 169.937 169.937 523.284 
-6.27744e+66 -6.27744e+66 -6.27744e+66 -6.27744e+66 63.1515 63.1515 298.716 
-6.27744e+66 -6.27744e+66 -6.27744e+66 -6.27744e+66 -6.27744e+66 63.1515 180.934 
-6.27744e+66 -6.27744e+66 -6.27744e+66 -6.27744e+66 -6.27744e+66 -6.27744e+66 63.1515 
-6.27744e+66 -6.27744e+66 -6.27744e+66 -6.27744e+66 -6.27744e+66 -6.27744e+66 -6.27744e+66 
-6.27744e+66 80.9969 189.115 189.115 189.115 480.929 480.929 
-6.27744e+66 -6.27744e+66 80.9969 80.9969 80.9969 299.857 299.857 
-6.27744e+66 -6.27744e+66 -6.27744e+66 80.9969 80.9969 226.904 226.904 
-6.27744e+66 -6.27744e+66 -6.27744e+66 -6.27744e+66 80.9969 153.95 153.95 
-6.27744e+66 -6.27744e+66 -6.27744e+66 -6.27744e+66 -6.27744e+66 80.9969 80.9969 
-6.27744e+66 -6.27744e+66 -6.27744e+66 -6.27744e+66 -6.27744e+66 -6.27744e+66 80.9969 
-6.27744e+66 -6.27744e+66 -6.27744e+66 -6.27744e+66 -6.27744e+66 -6.27744e+66 -6.27744e+66 
-6.27744e+66 26.7993 124.289 251.816 251.816 328.692 701.725 
-6.27744e+66 -6.27744e+66 26.7993 90.563 90.563 148.22 446.646 
-6.27744e+66 -6.27744e+66 -6.27744e+66 26.7993 26.7993 65.2372 289.057 
-6.27744e+66 -6.27744e+66 -6.27744e+66 -6.27744e+66 26.7993 46.0183 195.231 
-6.27744e+66 -6.27744e+66 -6.27744e+66 -6.27744e+66 -6.27744e+66 26.7993 101.406 
-6.27744e+66 -6.27744e+66 -6.27744e+66 -6.27744e+66 -6.27744e+66 -6.27744e+66 26.7993 
-6.27744e+66 -6.27744e+66 -6.27744e+66 -6.27744e+66 -6.27744e+66 -6.27744e+66 -6.27744e+66 
-6.27744e+66 43.352 179.262 222.557 594.674 594.674 594.674 
-6.27744e+66 -6.27744e+66 43.352 64.9997 313.077 313.077 313.077 
-6.27744e+66 -6.27744e+66 -6.27744e+66 43.352 167.391 167.391 167.391 
-6.27744e+66 -6.27744e+66 -6.27744e+66 -6.27744e+66 43.352 43.352 43.352 
-6.27744e+66 -6.27744e+66 -6.27744e+66 -6.27744e+66 -6.27744e+66 43.352 43.352 
-6.27744e+66 -6.27744e+66 -6.27744e+66 -6.27744e+66 -6.27744e+66 -6.27744e+66 43.352 
-6.27744e+66 -6.27744e+66 -6.27744e+66 -6.27744e+66 -6.27744e+66 -6.27744e+66 -6.27744e+66 
-6.27744e+66 51.0793 159.639 294.266 294.266 294.266 769.682 
-6.27744e+66 -6.27744e+66 51.0793 118.393 118.393 118.393 498.726 
-6.27744e+66 -6.27744e+66 -6.27744e+66 51.0793 51.0793 51.0793 336.329 
-6.27744e+66 -6.27744e+66 -6.27744e+66 -6.27744e+66 51.0793 51.0793 241.246 
-6.27744e+66 -6.27744e+66 -6.27744e+66 -6.27744e+66 -6.27744e+66 51.0793 146.163 
-6.27744e+66 -6.27744e+66 -6.27744e+66 -6.27744e+66 -6.27744e+66 -6.27744e+66 51.0793 
-6.27744e+66 -6.27744e+66 -6.27744e+66 -6.27744e+66 -6.27744e+66 -6.27744e+66 -6.27744e+66 
-6.27744e+66 43.6729 109.545 224.497 648.958 648.958 1126.87 
-6.27744e+66 -6.27744e+66 43.6729 101.149 384.123 384.123 766.451 
-6.27744e+66 -6.27744e+66 -6.27744e+66 43.6729 185.16 185.16 471.906 
-6.27744e+66 -6.27744e+66 -6.27744e+66 -6.27744e+66 43.6729 43.6729 234.837 
-6.27744e+66 -6.27744e+66 -6.27744e+66 -6.27744e+66 -6.27744e+66 43.6729 139.255 
-6.27744e+66 -6.27744e+66 -6.27744e+66 -6.27744e+66 -6.27744e+66 -6.27744e+66 43.6729 
-6.27744e+66 -6.27744e+66 -6.27744e+66 -6.27744e+66 -6.27744e+66 -6.27744e+66 -6.27744e+66 
-6.27744e+66 62.9284 209.602 209.602 209.602 209.602 729.026 
-6.27744e+66 -6.27744e+66 62.9284 62.9284 62.9284 62.9284 478.468 
-6.27744e+66 -6.27744e+66 -6.27744e+66 62.9284 62.9284 62.9284 374.583 
-6.27744e+66 -6.27744e+66 -6.27744e+66 -6.27744e+66 62.9284 62.9284 270.698 
-6.27744e+66 -6.27744e+66 -6.27744e+66 -6.27744e+66 -6.27744e+66 62.9284 166.813 
-6.27744e+66 -6.27744e+66 -6.27744e+66 -6.27744e+66 -6.27744e+66 -6.27744e+66 62.9284 
-6.27744e+66 -6.27744e+66 -6.27744e+66 -6.27744e+66 -6.27744e+66 -6.27744e+66 -6.27744e+66 
-6.27744e+66 68.0444 68.0444 68.0444 273.26 273.26 632.355 
-6.27744e+66 -6.27744e+66 68.0444 68.0444 204.855 204.855 492.131 
-6.27744e+66 -6.27744e+66 -6.27744e+66 68.0444 136.45 136.45 351.907 
-6.27744e+66 -6.27744e+66 -6.27744e+66 -6.27744e+66 68.0444 68.0444 211.683 
-6.27744e+66 -6.27744e+66 -6.27744e+66 -6.27744e+66 -6.27744e+66 68.0444 139.864 
-6.27744e+66 -6.27744e+66 -6.27744e+66 -6.27744e+66 -6.27744e+66 -6.27744e+66 68.0444 
-6.27744e+66 -6.27744e+66 -6.27744e+66 -6.27744e+66 -6.27744e+66 -6.27744e+66 -6.27744e+66 
-6.27744e+66 83.4277 83.4277 253.259 541.776 541.776 1040.81 
-6.27744e+66 -6.27744e+66 83.4277 168.344 360.688 360.688 759.912 
-6.27744e+66 -6.27744e+66 -6.27744e+66 83.4277 179.6 179.6 479.018 
-6.27744e+66 -6.27744e+66 -6.27744e+66 -6.27744e+66 83.4277 83.4277 283.04 
-6.27744e+66 -6.27744e+66 -6.27744e+66 -6.27744e+66 -6.27744e+66 83.4277 183.234 
-6.27744e+66 -6.27744e+66 -6.27744e+66 -6.27744e+66 -6.27744e+66 -6.27744e+66 83.4277 
-6.27744e+66 -6.27744e+66 -6.27744e+66 -6.27744e+66 -6.27744e+66 -6.27744e+66 -6.27744e+66 
-6.27744e+66 97.7865 97.7865 200.973 200.973 266.217 266.217 
-6.27744e+66 -6.27744e+66 97.7865 149.38 149.38 198.313 198.313 
-6.27744e+66 -6.27744e+66 -6.27744e+66 97.7865 97.7865 130.408 130.408 
-6.27744e+66 -6.27744e+66 -6.27744e+66 -6.27744e+66 97.7865 114.097 114.097 
-6.27744e+66 -6.27744e+66 -6.27744e+66 -6.27744e+66 -6.27744e+66 97.7865 97.7865 
-6.27744e+66 -6.27744e+66 -6.27744e+66 -6.27744e+66 -6.27744e+66 -6.27744e+66 97.7865 
-6.27744e+66 -6.27744e+66 -6.27744e+66 -6.27744e+66 -6.27744e+66 -6.27744e+66 -6.27744e+66 
-6.27744e+66 53.504 53.504 107.374 381.113 539.004 539.004 
-6.27744e+66 -6.27744e+66 53.504 80.4391 262.932 381.35 381.35 
-6.27744e+66 -6.27744e+66 -6.27744e+66 53.504 144.75 223.696 223.696 
-6.27744e+66 -6.27744e+66 -6.27744e+66 -6.27744e+66 53.504 92.9766 92.9766 
-6.27744e+66 -6.27744e+66 -6.27744e+66 -6.27744e+66 -6.27744e+66 53.504 53.504 
-6.27744e+66 -6.27744e+66 -6.27744e+66 -6.27744e+66 -6.27744e+66 -6.27744e+66 53.504 
-6.27744e+66 -6.27744e+66 -6.27744e+66 -6.27744e+66 -6.27744e+66 -6.27744e+66 -6.27744e+66 
-6.27744e+66 101.076 164.564 238.13 238.13 238.13 829.147 
-6.27744e+66 -6.27744e+66 101.076 137.859 137.859 137.859 610.672 
-6.27744e+66 -6.27744e+66 -6.27744e+66 101.076 101.076 101.076 455.685 
-6.27744e+66 -6.27744e+66 -6.27744e+66 -6.27744e+66 101.076 101.076 337.482 
-6.27744e+66 -6.27744e+66 -6.27744e+66 -6.27744e+66 -6.27744e+66 101.076 219.279 
-6.27744e+66 -6.27744e+66 -6.27744e+66 -6.27744e+66 -6.27744e+66 -6.27744e+66 101.076 
-6.27744e+66 -6.27744e+66 -6.27744e+66 -6.27744e+66 -6.27744e+66 -6.27744e+66 -6.27744e+66 
-6.27744e+66 38.529 38.529 38.529 394.273 394.273 713.992 
-6.27744e+66 -6.27744e+66 38.529 38.529 275.692 275.692 531.467 
-6.27744e+66 -6.27744e+66 -6.27744e+66 38.529 157.11 157.11 348.942 
-6.27744e+66 -6.27744e+66 -6.27744e+66 -6.27744e+66 38.529 38.529 166.417 
-6.27744e+66 -6.27744e+66 -6.27744e+66 -6.27744e+66 -6.27744e+66 38.529 102.473 
-6.27744e+66 -6.27744e+66 -6.27744e+66 -6.27744e+66 -6.27744e+66 -6.27744e+66 38.529 
-6.27744e+66 -6.27744e+66 -6.27744e+66 -6.27744e+66 -6.27744e+66 -6.27744e+66 -6.27744e+66 
-6.27744e+66 52.2518 52.2518 205.081 205.081 205.081 633.695 
-6.27744e+66 -6.27744e+66 52.2518 128.666 128.666 128.666 471.557 
-6.27744e+66 -6.27744e+66 -6.27744e+66 52.2518 52.2518 52.2518 309.42 
-6.27744e+66 -6.27744e+66 -6.27744e+66 -6.27744e+66 52.2518 52.2518 223.697 
-6.27744e+66 -6.27744e+66 -6.27744e+66 -6.27744e+66 -6.27744e+66 52.2518 137.975 
-6.27744e+66 -6.27744e+66 -6.27744e+66 -6.27744e+66 -6.27744e+66 -6.27744e+66 52.2518 
-6.27744e+66 -6.27744e+66 -6.27744e+66 -6.27744e+66 -6.27744e+66 -6.27744e+66 -6.27744e+66 
-6.27744e+66 46.5471 46.5471 174.602 491.214 665.994 665.994 
-6.27744e+66 -6.27744e+66 46.5471 110.574 321.649 452.734 452.734 
-6.27744e+66 -6.27744e+66 -6.27744e+66 46.5471 152.085 239.474 239.474 
-6.27744e+66 -6.27744e+66 -6.27744e+66 -6.27744e+66 46.5471 90.242 90.242 
-6.27744e+66 -6.27744e+66 -6.27744e+66 -6.27744e+66 -6.27744e+66 46.5471 46.5471 
-6.27744e+66 -6.27744e+66 -6.27744e+66 -6.27744e+66 -6.27744e+66 -6.27744e+66 46.5471 
-6.27744e+66 -6.27744e+66 -6.27744e+66 -6.27744e+66 -6.27744e+66 -6.27744e+66 -6.27744e+66 
-6.27744e+66 67.7095 67.7095 67.7095 208.102 402.883 1143.07 
-6.27744e+66 -6.27744e+66 67.7095 67.7095 161.304 307.39 899.536 
-6.27744e+66 -6.27744e+66 -6.27744e+66 67.7095 114.507 211.897 656.007 
-6.27744e+66 -6.27744e+66 -6.27744e+66 -6.27744e+66 67.7095 116.405 412.478 
-6.27744e+66 -6.27744e+66 -6.27744e+66 -6.27744e+66 -6.27744e+66 67.7095 215.746 
-6.27744e+66 -6.27744e+66 -6.27744e+66 -6.27744e+66 -6.27744e+66 -6.27744e+66 67.7095 
-6.27744e+66 -6.27744e+66 -6.27744e+66 -6.27744e+66 -6.27744e+66 -6.27744e+66 -6.27744e+66 
-6.27744e+66 56.8151 177.649 177.649 177.649 177.649 177.649 
-6.27744e+66 -6.27744e+66 56.8151 56.8151 56.8151 56.8151 56.8151 
-6.27744e+66 -6.27744e+66 -6.27744e+66 56.8151 56.8151 56.8151 56.8151 
-6.27744e+66 -6.27744e+66 -6.27744e+66 -6.27744e+66 56.8151 56.8151 56.8151 
-6.27744e+66 -6.27744e+66 -6.27744e+66 -6.27744e+66 -6.27744e+66 56.8151 56.8151 
-6.27744e+66 -6.27744e+66 -6.27744e+66 -6.27744e+66 -6.27744e+66 -6.27744e+66 56.8151 
-6.27744e+66 -6.27744e+66 -6.27744e+66 -6.27744e+66 -6.27744e+66 -6.27744e+66 -6.27744e+66 
-6.27744e+66 41.823 41.823 100.704 368.119 539.098 539.098 
-6.27744e+66 -6.27744e+66 41.823 71.2633 249.541 377.775 377.775 
-6.27744e+66 -6.27744e+66 -6.27744e+66 41.823 130.962 216.451 216.451 
-6.27744e+66 -6.27744e+66 -6.27744e+66 -6.27744e+66 41.823 84.5678 84.5678 
-6.27744e+66 -6.27744e+66 -6.27744e+66 -6.27744e+66 -6.27744e+66 41.823 41.823 
-6.27744e+66 -6.27744e+66 -6.27744e+66 -6.27744e+66 -6.27744e+66 -6.27744e+66 41.823 
-6.27744e+66 -6.27744e+66 -6.27744e+66 -6.27744e+66 -6.27744e+66 -6.27744e+66 -6.27744e+66 
-6.27744e+66 61.3536 61.3536 61.3536 61.3536 204.655 204.655 
-6.27744e+66 -6.27744e+66 61.3536 61.3536 61.3536 168.83 168.83 
-6.27744e+66 -6.27744e+66 -6.27744e+66 61.3536 61.3536 133.005 133.005 
-6.27744e+66 -6.27744e+66 -6.27744e+66 -6.27744e+66 61.3536 97.179 97.179 
-6.27744e+66 -6.27744e+66 -6.27744e+66 -6.27744e+66 -6.27744e+66 61.3536 61.3536 
-6.27744e+66 -6.27744e+66 -6.27744e+66 -6.27744e+66 -6.27744e+66 -6.27744e+66 61.3536 
-6.27744e+66 -6.27744e+66 -6.27744e+66 -6.27744e+66 -6.27744e+66 -6.27744e+66 -6.27744e+66 
-6.27744e+66 45.2635 142.336 142.336 421.184 717.312 1289.47 
-6.27744e+66 -6.27744e+66 45.2635 45.2635 231.162 453.258 910.984 
-6.27744e+66 -6.27744e+66 -6.27744e+66 45.2635 138.213 286.277 629.571 
-6.27744e+66 -6.27744e+66 -6.27744e+66 -6.27744e+66 45.2635 119.295 348.158 
-6.27744e+66 -6.27744e+66 -6.27744e+66 -6.27744e+66 -6.27744e+66 45.2635 159.695 
-6.27744e+66 -6.27744e+66 -6.27744e+66 -6.27744e+66 -6.27744e+66 -6.27744e+66 45.2635 
-6.27744e+66 -6.27744e+66 -6.27744e+66 -6.27744e+66 -6.27744e+66 -6.27744e+66 -6.27744e+66 
-6.27744e+66 48.6501 48.6501 48.6501 48.6501 48.6501 48.6501 
-6.27744e+66 -6.27744e+66 48.6501 48.6501 48.6501 48.6501 48.6501 
-6.27744e+66 -6.27744e+66 -6.27744e+66 48.6501 48.6501 48.6501 48.6501 
-6.27744e+66 -6.27744e+66 -6.27744e+66 -6.27744e+66 48.6501 48.6501 48.6501 
-6.27744e+66 -6.27744e+66 -6.27744e+66 -6.27744e+66 -6.27744e+66 48.6501 48.6501 
-6.27744e+66 -6.27744e+66 -6.27744e+66 -6.27744e+66 -6.27744e+66 -6.27744e+66 48.6501 
-6.27744e+66 -6.27744e+66 -6.27744e+66 -6.27744e+66 -6.27744e+66 -6.27744e+66 -6.27744e+66 
-6.27744e+66 53.6705 135.186 135.186 135.186 135.186 622.672 
-6.27744e+66 -6.27744e+66 53.6705 53.6705 53.6705 53.6705 443.659 
-6.27744e+66 -6.27744e+66 -6.27744e+66 53.6705 53.6705 53.6705 346.162 
-6.27744e+66 -6.27744e+66 -6.27744e+66 -6.27744e+66 53.6705 53.6705 248.665 
-6.27744e+66 -6.27744e+66 -6.27744e+66 -6.27744e+66 -6.27744e+66 53.6705 151.168 
-6.27744e+66 -6.27744e+66 -6.27744e+66 -6.27744e+66 -6.27744e+66 -6.27744e+66 53.6705 
-6.27744e+66 -6.27744e+66 -6.27744e+66 -6.27744e+66 -6.27744e+66 -6.27744e+66 -6.27744e+66 
-6.27744e+66 39.4724 177.84 177.84 517.742 517.742 517.742 
-6.27744e+66 -6.27744e+66 39.4724 39.4724 266.074 266.074 266.074 
-6.27744e+66 -6.27744e+66 -6.27744e+66 39.4724 152.773 152.773 152.773 
-6.27744e+66 -6.27744e+66 -6.27744e+66 -6.27744e+66 39.4724 39.4724 39.4724 
-6.27744e+66 -6.27744e+66 -6.27744e+66 -6.27744e+66 -6.27744e+66 39.4724 39.4724 
-6.27744e+66 -6.27744e+66 -6.27744e+66 -6.27744e+66 -6.27744e+66 -6.27744e+66 39.4724 
-6.27744e+66 -6.27744e+66 -6.27744e+66 -6.27744e+66 -6.27744e+66 -6.27744e+66 -6.27744e+66 
-6.27744e+66 58.2874 58.2874 221.662 221.662 292.482 292.482 
-6.27744e+66 -6.27744e+66 58.2874 139.975 139.975 193.089 193.089 
-6.27744e+66 -6.27744e+66 -6.27744e+66 58.2874 58.2874 93.6972 93.6972 
-6.27744e+66 -6.27744e+66 -6.27744e+66 -6.27744e+66 58.2874 75.9923 75.9923 
-6.27744e+66 -6.27744e+66 -6.27744e+66 -6.27744e+66 -6.27744e+66 58.2874 58.2874 
-6.27744e+66 -6.27744e+66 -6.27744e+66 -6.27744e+66 -6.27744e+66 -6.27744e+66 58.2874 
-6.27744e+66 -6.27744e+66 -6.27744e+66 -6.27744e+66 -6.27744e+66 -6.27744e+66 -6.27744e+66 
