12 5 
85.5798 85.5798 85.5798 85.5798 85.5798 85.5798 85.5798 85.5798 85.5798 85.5798 85.5798 85.5798 
item 0
70.0292 100.858 60.9426 91.2266 19.012 129.915 54.9156 86.2957 79.8627 93.8727 90.9894 122.431 
72.678 72.678 72.678 72.678 72.678 72.678 72.678 72.678 72.678 72.678 72.678 72.678 
1 1 1 1 1 1 1 1 1 1 1 1 
item 1
57.004 100.533 68.8869 98.7831 52.015 117.784 27.0878 90.6352 39.2355 80.531 15.0141 94.2639 
59.1052 59.1052 59.1052 59.1052 59.1052 59.1052 59.1052 59.1052 59.1052 59.1052 59.1052 59.1052 
1 1 1 1 1 1 1 1 1 1 1 1 
item 2
66.3 93.5822 21.5897 111.887 29.9469 67.7833 31.8826 102.065 39.1579 125.294 41.4099 111.872 
33.0869 33.0869 33.0869 33.0869 33.0869 33.0869 33.0869 33.0869 33.0869 33.0869 33.0869 33.0869 
1 1 1 1 1 1 1 1 1 1 1 1 
item 3
40.7961 83.5565 27.3744 93.0821 33.0107 94.0581 51.12 79.4181 86.6035 87.6453 56.0582 130.651 
24.2297 24.2297 24.2297 24.2297 24.2297 24.2297 24.2297 24.2297 24.2297 24.2297 24.2297 24.2297 
1 1 1 1 1 1 1 1 1 1 1 1 
item 4
43.0249 88.24 41.5231 77.9528 44.9838 82.2355 53.6081 85.6911 49.7509 103.279 53.1197 83.3826 
77.7187 77.7187 77.7187 77.7187 77.7187 77.7187 77.7187 77.7187 77.7187 77.7187 77.7187 77.7187 
1 1 1 1 1 1 1 1 1 1 1 1 
