48 40 
81.9575 81.9575 81.9575 81.9575 81.9575 81.9575 81.9575 81.9575 81.9575 81.9575 81.9575 81.9575 81.9575 81.9575 81.9575 81.9575 81.9575 81.9575 81.9575 81.9575 81.9575 81.9575 81.9575 81.9575 81.9575 81.9575 81.9575 81.9575 81.9575 81.9575 81.9575 81.9575 81.9575 81.9575 81.9575 81.9575 81.9575 81.9575 81.9575 81.9575 81.9575 81.9575 81.9575 81.9575 81.9575 81.9575 81.9575 81.9575 
item 0
31.5536 0 0 52.762 0 125.963 83.5608 0 10.6138 0 0 50.1467 59.2788 91.1205 0 81.777 63.1971 113.974 0 128.361 26.956 0 0 0 0 0 82.5504 0 0 0 84.9751 0 0 0 0 0 68.3816 0 0 0 0 0 0 78.9889 23.7843 115.424 0 0 
45.5055 45.5055 45.5055 45.5055 45.5055 45.5055 45.5055 45.5055 45.5055 45.5055 45.5055 45.5055 45.5055 45.5055 45.5055 45.5055 45.5055 45.5055 45.5055 45.5055 45.5055 45.5055 45.5055 45.5055 45.5055 45.5055 45.5055 45.5055 45.5055 45.5055 45.5055 45.5055 45.5055 45.5055 45.5055 45.5055 45.5055 45.5055 45.5055 45.5055 45.5055 45.5055 45.5055 45.5055 45.5055 45.5055 45.5055 45.5055 
1 1 1 1 1 1 1 1 1 1 1 1 1 1 1 1 1 1 1 1 1 1 1 1 1 1 1 1 1 1 1 1 1 1 1 1 1 1 1 1 1 1 1 1 1 1 1 1 
item 1
66.6104 0 0 0 0 85.0607 57.3062 98.2254 31.6056 0 37.6259 0 0 103.999 60.5648 98.4621 72.8806 0 0 0 52.1298 125.275 0 0 96.3386 0 0 86.4102 0 0 0 101.877 47.3403 109.41 0 0 0 126.579 0 0 0 0 82.6951 0 0 0 70.4141 97.3894 
39.96 39.96 39.96 39.96 39.96 39.96 39.96 39.96 39.96 39.96 39.96 39.96 39.96 39.96 39.96 39.96 39.96 39.96 39.96 39.96 39.96 39.96 39.96 39.96 39.96 39.96 39.96 39.96 39.96 39.96 39.96 39.96 39.96 39.96 39.96 39.96 39.96 39.96 39.96 39.96 39.96 39.96 39.96 39.96 39.96 39.96 39.96 39.96 
1 1 1 1 1 1 1 1 1 1 1 1 1 1 1 1 1 1 1 1 1 1 1 1 1 1 1 1 1 1 1 1 1 1 1 1 1 1 1 1 1 1 1 1 1 1 1 1 
item 2
58.4 104.388 0 0 81.9063 0 24.4654 100.935 0 88.9035 70.6409 0 0 126.383 66.9723 111.1 0 80.6834 0 0 0 0 58.4476 79.4075 96.2275 0 0 112.449 0 98.2521 42.8067 96.5025 28.2268 0 63.6511 65.4112 51.4623 0 0 122.411 0 0 0 0 0 0 22.5469 0 
59.7202 59.7202 59.7202 59.7202 59.7202 59.7202 59.7202 59.7202 59.7202 59.7202 59.7202 59.7202 59.7202 59.7202 59.7202 59.7202 59.7202 59.7202 59.7202 59.7202 59.7202 59.7202 59.7202 59.7202 59.7202 59.7202 59.7202 59.7202 59.7202 59.7202 59.7202 59.7202 59.7202 59.7202 59.7202 59.7202 59.7202 59.7202 59.7202 59.7202 59.7202 59.7202 59.7202 59.7202 59.7202 59.7202 59.7202 59.7202 
1 1 1 1 1 1 1 1 1 1 1 1 1 1 1 1 1 1 1 1 1 1 1 1 1 1 1 1 1 1 1 1 1 1 1 1 1 1 1 1 1 1 1 1 1 1 1 1 
item 3
52.1302 0 97.9123 0 27.6677 100.497 0 0 0 101.766 0 0 0 50.932 46.7742 104.095 0 105.746 0 115.831 50.1973 103.342 0 92.2246 57.2293 0 81.2873 0 0 92.8368 0 0 0 115.162 0 78.6539 0 124.07 72.5072 0 0 137.864 62.7206 0 55.1689 125.906 0 0 
45.7973 45.7973 45.7973 45.7973 45.7973 45.7973 45.7973 45.7973 45.7973 45.7973 45.7973 45.7973 45.7973 45.7973 45.7973 45.7973 45.7973 45.7973 45.7973 45.7973 45.7973 45.7973 45.7973 45.7973 45.7973 45.7973 45.7973 45.7973 45.7973 45.7973 45.7973 45.7973 45.7973 45.7973 45.7973 45.7973 45.7973 45.7973 45.7973 45.7973 45.7973 45.7973 45.7973 45.7973 45.7973 45.7973 45.7973 45.7973 
1 1 1 1 1 1 1 1 1 1 1 1 1 1 1 1 1 1 1 1 1 1 1 1 1 1 1 1 1 1 1 1 1 1 1 1 1 1 1 1 1 1 1 1 1 1 1 1 
item 4
61.1381 97.345 0 111.455 70.1329 0 0 94.368 0 0 0 103.759 57.4858 0 36.7934 134.722 56.0082 0 0 0 45.2703 0 0 0 64.7711 85.2633 0 0 0 131.631 0 0 48.3436 0 34.1724 0 0 121.594 39.3215 0 86.0883 99.541 0 0 19.927 99.617 32.1164 0 
85.1312 85.1312 85.1312 85.1312 85.1312 85.1312 85.1312 85.1312 85.1312 85.1312 85.1312 85.1312 85.1312 85.1312 85.1312 85.1312 85.1312 85.1312 85.1312 85.1312 85.1312 85.1312 85.1312 85.1312 85.1312 85.1312 85.1312 85.1312 85.1312 85.1312 85.1312 85.1312 85.1312 85.1312 85.1312 85.1312 85.1312 85.1312 85.1312 85.1312 85.1312 85.1312 85.1312 85.1312 85.1312 85.1312 85.1312 85.1312 
1 1 1 1 1 1 1 1 1 1 1 1 1 1 1 1 1 1 1 1 1 1 1 1 1 1 1 1 1 1 1 1 1 1 1 1 1 1 1 1 1 1 1 1 1 1 1 1 
item 5
49.4791 0 0 80.7685 0 0 45.378 0 46.3414 80.0304 0 91.8544 0 97.1727 0 0 61.4826 80.902 0 87.8926 0 0 0 0 60.7543 66.0715 80.1349 0 0 69.1068 67.3747 81.4225 39.5401 65.9853 58.6915 110.114 0 0 25.7559 152.681 35.0214 0 18.7604 104.783 0 0 35.1046 0 
44.3373 44.3373 44.3373 44.3373 44.3373 44.3373 44.3373 44.3373 44.3373 44.3373 44.3373 44.3373 44.3373 44.3373 44.3373 44.3373 44.3373 44.3373 44.3373 44.3373 44.3373 44.3373 44.3373 44.3373 44.3373 44.3373 44.3373 44.3373 44.3373 44.3373 44.3373 44.3373 44.3373 44.3373 44.3373 44.3373 44.3373 44.3373 44.3373 44.3373 44.3373 44.3373 44.3373 44.3373 44.3373 44.3373 44.3373 44.3373 
1 1 1 1 1 1 1 1 1 1 1 1 1 1 1 1 1 1 1 1 1 1 1 1 1 1 1 1 1 1 1 1 1 1 1 1 1 1 1 1 1 1 1 1 1 1 1 1 
item 6
47.1739 0 50.4703 59.4813 37.3944 0 0 105.917 107.26 0 0 88.6247 0 101.082 0 117.568 70.6047 0 36.1875 127.577 0 0 20.9932 128.93 39.1178 74.4389 0 63.6058 0 0 0 0 47.3562 132 60.5423 125.985 0 124.628 53.0367 0 36.8274 0 0 82.1286 0 0 49.6754 103.887 
92.3258 92.3258 92.3258 92.3258 92.3258 92.3258 92.3258 92.3258 92.3258 92.3258 92.3258 92.3258 92.3258 92.3258 92.3258 92.3258 92.3258 92.3258 92.3258 92.3258 92.3258 92.3258 92.3258 92.3258 92.3258 92.3258 92.3258 92.3258 92.3258 92.3258 92.3258 92.3258 92.3258 92.3258 92.3258 92.3258 92.3258 92.3258 92.3258 92.3258 92.3258 92.3258 92.3258 92.3258 92.3258 92.3258 92.3258 92.3258 
1 1 1 1 1 1 1 1 1 1 1 1 1 1 1 1 1 1 1 1 1 1 1 1 1 1 1 1 1 1 1 1 1 1 1 1 1 1 1 1 1 1 1 1 1 1 1 1 
item 7
27.8196 107.06 0 78.7553 0 139.296 72.4726 139.077 33.2793 0 70.8977 85.963 0 114.088 55.7768 0 0 117.121 44.0297 116.751 91.1899 102.221 0 80.0022 0 0 78.2765 0 68.2135 0 0 0 81.6708 80.8049 45.6244 0 0 0 42.4197 0 31.5814 118.735 0 88.1291 52.3 0 0 134.307 
41.9877 41.9877 41.9877 41.9877 41.9877 41.9877 41.9877 41.9877 41.9877 41.9877 41.9877 41.9877 41.9877 41.9877 41.9877 41.9877 41.9877 41.9877 41.9877 41.9877 41.9877 41.9877 41.9877 41.9877 41.9877 41.9877 41.9877 41.9877 41.9877 41.9877 41.9877 41.9877 41.9877 41.9877 41.9877 41.9877 41.9877 41.9877 41.9877 41.9877 41.9877 41.9877 41.9877 41.9877 41.9877 41.9877 41.9877 41.9877 
1 1 1 1 1 1 1 1 1 1 1 1 1 1 1 1 1 1 1 1 1 1 1 1 1 1 1 1 1 1 1 1 1 1 1 1 1 1 1 1 1 1 1 1 1 1 1 1 
item 8
59.7998 0 0 0 69.6065 86.2265 0 82.8397 0 86.2821 54.0176 0 0 0 0 0 0 98.6409 0 0 0 90.2722 43.3599 113.937 78.7866 0 57.9532 0 58.2496 0 41.88 0 0 0 28.235 0 14.4786 0 42.4279 71.2367 41.9128 106.419 0 128.556 45.4515 0 0 0 
42.8476 42.8476 42.8476 42.8476 42.8476 42.8476 42.8476 42.8476 42.8476 42.8476 42.8476 42.8476 42.8476 42.8476 42.8476 42.8476 42.8476 42.8476 42.8476 42.8476 42.8476 42.8476 42.8476 42.8476 42.8476 42.8476 42.8476 42.8476 42.8476 42.8476 42.8476 42.8476 42.8476 42.8476 42.8476 42.8476 42.8476 42.8476 42.8476 42.8476 42.8476 42.8476 42.8476 42.8476 42.8476 42.8476 42.8476 42.8476 
1 1 1 1 1 1 1 1 1 1 1 1 1 1 1 1 1 1 1 1 1 1 1 1 1 1 1 1 1 1 1 1 1 1 1 1 1 1 1 1 1 1 1 1 1 1 1 1 
item 9
54.2384 0 55.7079 0 15.443 0 0 90.4222 0 106.466 41.4613 90.6433 0 108.63 58.204 124.915 0 108.978 0 0 39.5951 0 0 0 70.8747 0 0 0 0 0 0 0 19.864 0 41.7377 0 0 0 0 0 0 113.933 47.1986 0 0 0 60.8719 75.2316 
59.6925 59.6925 59.6925 59.6925 59.6925 59.6925 59.6925 59.6925 59.6925 59.6925 59.6925 59.6925 59.6925 59.6925 59.6925 59.6925 59.6925 59.6925 59.6925 59.6925 59.6925 59.6925 59.6925 59.6925 59.6925 59.6925 59.6925 59.6925 59.6925 59.6925 59.6925 59.6925 59.6925 59.6925 59.6925 59.6925 59.6925 59.6925 59.6925 59.6925 59.6925 59.6925 59.6925 59.6925 59.6925 59.6925 59.6925 59.6925 
1 1 1 1 1 1 1 1 1 1 1 1 1 1 1 1 1 1 1 1 1 1 1 1 1 1 1 1 1 1 1 1 1 1 1 1 1 1 1 1 1 1 1 1 1 1 1 1 
item 10
63.9947 99.7157 0 81.6889 0 91.4167 0 122.396 57.4726 113.203 0 0 0 0 0 114.759 48.6064 100.898 75.1902 0 37.8716 0 0 0 0 81.2964 25.3755 0 50.9663 106.033 10.8765 105.611 35.6394 101.232 0 104.427 0 0 47.8675 0 0 93.9447 0 102.918 0 78.0727 57.4043 0 
17.4673 17.4673 17.4673 17.4673 17.4673 17.4673 17.4673 17.4673 17.4673 17.4673 17.4673 17.4673 17.4673 17.4673 17.4673 17.4673 17.4673 17.4673 17.4673 17.4673 17.4673 17.4673 17.4673 17.4673 17.4673 17.4673 17.4673 17.4673 17.4673 17.4673 17.4673 17.4673 17.4673 17.4673 17.4673 17.4673 17.4673 17.4673 17.4673 17.4673 17.4673 17.4673 17.4673 17.4673 17.4673 17.4673 17.4673 17.4673 
1 1 1 1 1 1 1 1 1 1 1 1 1 1 1 1 1 1 1 1 1 1 1 1 1 1 1 1 1 1 1 1 1 1 1 1 1 1 1 1 1 1 1 1 1 1 1 1 
item 11
15.1018 90.8182 0 59.6257 69.4941 0 24.6331 0 0 125.297 54.4701 0 0 0 88.2212 104.59 0 94.9161 0 82.1285 0 0 0 58.8532 63.0061 112.991 0 100.666 0 0 0 0 0 0 0 86.1814 0 81.7259 56.6089 0 0 113.004 7.85877 114.629 0 0 56.13 88.2385 
48.4868 48.4868 48.4868 48.4868 48.4868 48.4868 48.4868 48.4868 48.4868 48.4868 48.4868 48.4868 48.4868 48.4868 48.4868 48.4868 48.4868 48.4868 48.4868 48.4868 48.4868 48.4868 48.4868 48.4868 48.4868 48.4868 48.4868 48.4868 48.4868 48.4868 48.4868 48.4868 48.4868 48.4868 48.4868 48.4868 48.4868 48.4868 48.4868 48.4868 48.4868 48.4868 48.4868 48.4868 48.4868 48.4868 48.4868 48.4868 
1 1 1 1 1 1 1 1 1 1 1 1 1 1 1 1 1 1 1 1 1 1 1 1 1 1 1 1 1 1 1 1 1 1 1 1 1 1 1 1 1 1 1 1 1 1 1 1 
item 12
37.271 75.7202 0 123.285 46.9985 93.0863 44.02 83.9002 0 110.439 0 104.257 0 130.693 0 0 0 113.691 0 0 39.3909 101.369 0 0 0 0 0 0 64.7001 134.505 45.9619 121.706 34.3403 0 0 0 43.1995 96.2315 0 89.085 56.0775 102.044 0 0 0 0 0 78.0322 
44.7996 44.7996 44.7996 44.7996 44.7996 44.7996 44.7996 44.7996 44.7996 44.7996 44.7996 44.7996 44.7996 44.7996 44.7996 44.7996 44.7996 44.7996 44.7996 44.7996 44.7996 44.7996 44.7996 44.7996 44.7996 44.7996 44.7996 44.7996 44.7996 44.7996 44.7996 44.7996 44.7996 44.7996 44.7996 44.7996 44.7996 44.7996 44.7996 44.7996 44.7996 44.7996 44.7996 44.7996 44.7996 44.7996 44.7996 44.7996 
1 1 1 1 1 1 1 1 1 1 1 1 1 1 1 1 1 1 1 1 1 1 1 1 1 1 1 1 1 1 1 1 1 1 1 1 1 1 1 1 1 1 1 1 1 1 1 1 
item 13
42.7072 82.3195 0 108.84 17.7285 0 100.877 67.3343 0 86.7394 0 94.8929 46.4203 0 54.1025 64.1682 27.8123 0 0 0 40.2762 0 0 0 51.4502 90.0368 58.8229 102.153 47.6022 0 0 0 0 118.486 26.7227 0 0 118.674 0 89.7493 72.2587 0 0 50.2212 53.3332 0 78.5554 80.3788 
59.1214 59.1214 59.1214 59.1214 59.1214 59.1214 59.1214 59.1214 59.1214 59.1214 59.1214 59.1214 59.1214 59.1214 59.1214 59.1214 59.1214 59.1214 59.1214 59.1214 59.1214 59.1214 59.1214 59.1214 59.1214 59.1214 59.1214 59.1214 59.1214 59.1214 59.1214 59.1214 59.1214 59.1214 59.1214 59.1214 59.1214 59.1214 59.1214 59.1214 59.1214 59.1214 59.1214 59.1214 59.1214 59.1214 59.1214 59.1214 
1 1 1 1 1 1 1 1 1 1 1 1 1 1 1 1 1 1 1 1 1 1 1 1 1 1 1 1 1 1 1 1 1 1 1 1 1 1 1 1 1 1 1 1 1 1 1 1 
item 14
18.9955 0 64.8293 77.3724 71.4316 0 71.506 0 76.4755 0 0 58.0354 31.4778 0 41.6597 0 0 0 0 75.4705 0 0 58.3703 79.7268 0 0 68.7142 0 74.7332 99.4406 0 101.969 77.1283 87.5179 0 0 0 0 52.7638 0 0 0 0 0 0 88.6717 38.5114 86.7581 
84.9698 84.9698 84.9698 84.9698 84.9698 84.9698 84.9698 84.9698 84.9698 84.9698 84.9698 84.9698 84.9698 84.9698 84.9698 84.9698 84.9698 84.9698 84.9698 84.9698 84.9698 84.9698 84.9698 84.9698 84.9698 84.9698 84.9698 84.9698 84.9698 84.9698 84.9698 84.9698 84.9698 84.9698 84.9698 84.9698 84.9698 84.9698 84.9698 84.9698 84.9698 84.9698 84.9698 84.9698 84.9698 84.9698 84.9698 84.9698 
1 1 1 1 1 1 1 1 1 1 1 1 1 1 1 1 1 1 1 1 1 1 1 1 1 1 1 1 1 1 1 1 1 1 1 1 1 1 1 1 1 1 1 1 1 1 1 1 
item 15
45.4648 0 95.9834 135.344 59.0788 0 21.8665 124.427 0 0 0 110.818 0 113.571 80.1538 99.4881 0 0 29.2813 0 13.3828 156.774 0 0 58.2571 88.5239 0 0 51.427 83.1476 0 121.277 0 64.928 45.0673 0 56.9932 108.876 13.384 106.386 58.0818 0 42.0379 0 0 0 83.1212 0 
4.07319 4.07319 4.07319 4.07319 4.07319 4.07319 4.07319 4.07319 4.07319 4.07319 4.07319 4.07319 4.07319 4.07319 4.07319 4.07319 4.07319 4.07319 4.07319 4.07319 4.07319 4.07319 4.07319 4.07319 4.07319 4.07319 4.07319 4.07319 4.07319 4.07319 4.07319 4.07319 4.07319 4.07319 4.07319 4.07319 4.07319 4.07319 4.07319 4.07319 4.07319 4.07319 4.07319 4.07319 4.07319 4.07319 4.07319 4.07319 
1 1 1 1 1 1 1 1 1 1 1 1 1 1 1 1 1 1 1 1 1 1 1 1 1 1 1 1 1 1 1 1 1 1 1 1 1 1 1 1 1 1 1 1 1 1 1 1 
item 16
54.6935 0 96.6066 97.0429 0 0 45.6675 0 0 0 69.7638 0 72.1972 114.575 0 0 0 0 0 0 72.4076 0 45.952 0 0 81.1006 0 0 46.5663 0 68.3407 127.564 0 0 46.4414 118.763 0 121.86 0 0 67.3326 93.0835 44.6561 133.772 51.9494 0 43.9756 112.733 
38.794 38.794 38.794 38.794 38.794 38.794 38.794 38.794 38.794 38.794 38.794 38.794 38.794 38.794 38.794 38.794 38.794 38.794 38.794 38.794 38.794 38.794 38.794 38.794 38.794 38.794 38.794 38.794 38.794 38.794 38.794 38.794 38.794 38.794 38.794 38.794 38.794 38.794 38.794 38.794 38.794 38.794 38.794 38.794 38.794 38.794 38.794 38.794 
1 1 1 1 1 1 1 1 1 1 1 1 1 1 1 1 1 1 1 1 1 1 1 1 1 1 1 1 1 1 1 1 1 1 1 1 1 1 1 1 1 1 1 1 1 1 1 1 
item 17
63.1829 114.853 0 0 36.717 103.126 0 84.1835 39.8744 68.35 30.0893 0 0 124.457 0 96.484 67.1913 0 0 77.0054 51.5574 0 40.4514 70.8698 0 0 17.9891 83.5449 0 128.504 40.7967 0 68.7093 0 55.8412 83.2749 58.629 97.3846 68.1605 101.377 88.7078 113.539 92.0296 0 34.3481 68.8386 59.67 0 
85.8242 85.8242 85.8242 85.8242 85.8242 85.8242 85.8242 85.8242 85.8242 85.8242 85.8242 85.8242 85.8242 85.8242 85.8242 85.8242 85.8242 85.8242 85.8242 85.8242 85.8242 85.8242 85.8242 85.8242 85.8242 85.8242 85.8242 85.8242 85.8242 85.8242 85.8242 85.8242 85.8242 85.8242 85.8242 85.8242 85.8242 85.8242 85.8242 85.8242 85.8242 85.8242 85.8242 85.8242 85.8242 85.8242 85.8242 85.8242 
1 1 1 1 1 1 1 1 1 1 1 1 1 1 1 1 1 1 1 1 1 1 1 1 1 1 1 1 1 1 1 1 1 1 1 1 1 1 1 1 1 1 1 1 1 1 1 1 
item 18
34.5 101.849 0 0 24.5111 128.036 0 0 40.1088 87.0294 64.5438 103.287 43.9584 103.764 36.0666 0 48.862 0 0 0 0 48.8097 0 0 0 109.967 0 0 0 90.7226 76.8667 0 64.0405 93.9032 0 110.972 50.2908 92.8393 0 117.915 56.0645 0 0 0 0 138.739 0 67.5826 
38.3227 38.3227 38.3227 38.3227 38.3227 38.3227 38.3227 38.3227 38.3227 38.3227 38.3227 38.3227 38.3227 38.3227 38.3227 38.3227 38.3227 38.3227 38.3227 38.3227 38.3227 38.3227 38.3227 38.3227 38.3227 38.3227 38.3227 38.3227 38.3227 38.3227 38.3227 38.3227 38.3227 38.3227 38.3227 38.3227 38.3227 38.3227 38.3227 38.3227 38.3227 38.3227 38.3227 38.3227 38.3227 38.3227 38.3227 38.3227 
1 1 1 1 1 1 1 1 1 1 1 1 1 1 1 1 1 1 1 1 1 1 1 1 1 1 1 1 1 1 1 1 1 1 1 1 1 1 1 1 1 1 1 1 1 1 1 1 
item 19
10.2283 82.4449 49.9028 0 0 0 0 87.4559 46.9771 106.848 96.0965 114.251 0 102.523 0 0 32.3736 0 0 0 12.5077 0 78.6728 118.303 0 0 69.2631 89.2411 0 102.57 0 0 0 107.021 0 99.5982 0 0 0 0 12.9497 47.2188 36.1824 106.035 0 0 0 86.5764 
65.4066 65.4066 65.4066 65.4066 65.4066 65.4066 65.4066 65.4066 65.4066 65.4066 65.4066 65.4066 65.4066 65.4066 65.4066 65.4066 65.4066 65.4066 65.4066 65.4066 65.4066 65.4066 65.4066 65.4066 65.4066 65.4066 65.4066 65.4066 65.4066 65.4066 65.4066 65.4066 65.4066 65.4066 65.4066 65.4066 65.4066 65.4066 65.4066 65.4066 65.4066 65.4066 65.4066 65.4066 65.4066 65.4066 65.4066 65.4066 
1 1 1 1 1 1 1 1 1 1 1 1 1 1 1 1 1 1 1 1 1 1 1 1 1 1 1 1 1 1 1 1 1 1 1 1 1 1 1 1 1 1 1 1 1 1 1 1 
item 20
74.8943 66.7554 67.1273 0 69.4764 0 0 0 0 70.7803 0 74.5389 0 0 71.0654 107.243 67.3387 0 77.6363 92.3789 0 106.337 50.3802 0 0 0 0 0 0 105.993 27.2513 106.108 72.7718 102.09 0 0 50.8386 0 0 113.005 77.1767 101.397 0 0 45.8073 96.7651 0 0 
74.6487 74.6487 74.6487 74.6487 74.6487 74.6487 74.6487 74.6487 74.6487 74.6487 74.6487 74.6487 74.6487 74.6487 74.6487 74.6487 74.6487 74.6487 74.6487 74.6487 74.6487 74.6487 74.6487 74.6487 74.6487 74.6487 74.6487 74.6487 74.6487 74.6487 74.6487 74.6487 74.6487 74.6487 74.6487 74.6487 74.6487 74.6487 74.6487 74.6487 74.6487 74.6487 74.6487 74.6487 74.6487 74.6487 74.6487 74.6487 
1 1 1 1 1 1 1 1 1 1 1 1 1 1 1 1 1 1 1 1 1 1 1 1 1 1 1 1 1 1 1 1 1 1 1 1 1 1 1 1 1 1 1 1 1 1 1 1 
item 21
71.4895 110.559 37.006 64.1927 0 0 46.6905 0 63.9815 0 0 114.017 0 115.024 0 93.3141 0 110.33 34.2336 0 50.44 0 0 67.7828 40.6662 94.9272 49.344 0 50.6929 120.721 0 0 0 0 0 146.744 76.6616 0 43.7175 0 29.27 0 39.2821 0 43.0286 116.29 72.5799 0 
105.102 105.102 105.102 105.102 105.102 105.102 105.102 105.102 105.102 105.102 105.102 105.102 105.102 105.102 105.102 105.102 105.102 105.102 105.102 105.102 105.102 105.102 105.102 105.102 105.102 105.102 105.102 105.102 105.102 105.102 105.102 105.102 105.102 105.102 105.102 105.102 105.102 105.102 105.102 105.102 105.102 105.102 105.102 105.102 105.102 105.102 105.102 105.102 
1 1 1 1 1 1 1 1 1 1 1 1 1 1 1 1 1 1 1 1 1 1 1 1 1 1 1 1 1 1 1 1 1 1 1 1 1 1 1 1 1 1 1 1 1 1 1 1 
item 22
70.6088 113.055 0 0 0 0 29.9695 0 0 74.2891 49.6439 0 0 92.4898 0 65.8567 0 0 0 0 0 117.165 68.5572 70.0969 50.553 0 0 0 58.1449 108.544 39.608 103.34 0 103.75 44.6914 115.578 49.3885 0 73.9519 0 34.4184 0 58.8248 0 66.0418 0 0 170.113 
46.3328 46.3328 46.3328 46.3328 46.3328 46.3328 46.3328 46.3328 46.3328 46.3328 46.3328 46.3328 46.3328 46.3328 46.3328 46.3328 46.3328 46.3328 46.3328 46.3328 46.3328 46.3328 46.3328 46.3328 46.3328 46.3328 46.3328 46.3328 46.3328 46.3328 46.3328 46.3328 46.3328 46.3328 46.3328 46.3328 46.3328 46.3328 46.3328 46.3328 46.3328 46.3328 46.3328 46.3328 46.3328 46.3328 46.3328 46.3328 
1 1 1 1 1 1 1 1 1 1 1 1 1 1 1 1 1 1 1 1 1 1 1 1 1 1 1 1 1 1 1 1 1 1 1 1 1 1 1 1 1 1 1 1 1 1 1 1 
item 23
43.149 0 0 0 0 79.9467 53.64 106.161 26.4991 0 55.7398 0 0 92.6707 0 0 0 0 0 0 85.8124 115.279 78.5882 100.087 0 0 43.0577 0 59.8808 84.8627 0 126.21 0 93.732 0 0 85.162 0 0 83.0139 0 116.138 41.8956 129.63 57.0892 0 76.2974 0 
27.4832 27.4832 27.4832 27.4832 27.4832 27.4832 27.4832 27.4832 27.4832 27.4832 27.4832 27.4832 27.4832 27.4832 27.4832 27.4832 27.4832 27.4832 27.4832 27.4832 27.4832 27.4832 27.4832 27.4832 27.4832 27.4832 27.4832 27.4832 27.4832 27.4832 27.4832 27.4832 27.4832 27.4832 27.4832 27.4832 27.4832 27.4832 27.4832 27.4832 27.4832 27.4832 27.4832 27.4832 27.4832 27.4832 27.4832 27.4832 
1 1 1 1 1 1 1 1 1 1 1 1 1 1 1 1 1 1 1 1 1 1 1 1 1 1 1 1 1 1 1 1 1 1 1 1 1 1 1 1 1 1 1 1 1 1 1 1 
item 24
66.8484 0 0 0 6.52224 0 72.8435 0 0 0 0 96.7225 0 102.251 0 0 0 0 42.3307 104.274 79.214 92.0306 0 0 0 100.392 0 97.5891 64.1342 115.972 0 87.4875 0 0 0 81.8944 66.035 78.4947 0 100.501 0 0 38.9006 87.464 48.537 81.2006 0 0 
48.0784 48.0784 48.0784 48.0784 48.0784 48.0784 48.0784 48.0784 48.0784 48.0784 48.0784 48.0784 48.0784 48.0784 48.0784 48.0784 48.0784 48.0784 48.0784 48.0784 48.0784 48.0784 48.0784 48.0784 48.0784 48.0784 48.0784 48.0784 48.0784 48.0784 48.0784 48.0784 48.0784 48.0784 48.0784 48.0784 48.0784 48.0784 48.0784 48.0784 48.0784 48.0784 48.0784 48.0784 48.0784 48.0784 48.0784 48.0784 
1 1 1 1 1 1 1 1 1 1 1 1 1 1 1 1 1 1 1 1 1 1 1 1 1 1 1 1 1 1 1 1 1 1 1 1 1 1 1 1 1 1 1 1 1 1 1 1 
item 25
65.3849 0 0 0 0 0 70.7295 0 49.4337 112.105 0 127.069 38.0788 82.6699 32.9917 0 0 0 0 86.2656 0 125.467 22.1479 0 0 0 0 0 58.0264 111.404 41.7379 0 0 0 31.3103 0 0 0 33.515 101.482 0 109.885 0 0 0 116.783 0 0 
57.4494 57.4494 57.4494 57.4494 57.4494 57.4494 57.4494 57.4494 57.4494 57.4494 57.4494 57.4494 57.4494 57.4494 57.4494 57.4494 57.4494 57.4494 57.4494 57.4494 57.4494 57.4494 57.4494 57.4494 57.4494 57.4494 57.4494 57.4494 57.4494 57.4494 57.4494 57.4494 57.4494 57.4494 57.4494 57.4494 57.4494 57.4494 57.4494 57.4494 57.4494 57.4494 57.4494 57.4494 57.4494 57.4494 57.4494 57.4494 
1 1 1 1 1 1 1 1 1 1 1 1 1 1 1 1 1 1 1 1 1 1 1 1 1 1 1 1 1 1 1 1 1 1 1 1 1 1 1 1 1 1 1 1 1 1 1 1 
item 26
31.6154 0 87.5931 0 39.3473 0 0 0 0 90.1261 0 0 84.5178 70.0863 59.6195 0 43.9083 0 0 130.24 78.7567 107.632 80.7941 132.669 54.6329 88.0868 67.6851 0 0 0 34.0691 108.294 26.7988 101.068 0 0 61.8641 0 30.3503 92.804 0 0 82.7311 0 63.7801 89.4034 72.2853 0 
73.0034 73.0034 73.0034 73.0034 73.0034 73.0034 73.0034 73.0034 73.0034 73.0034 73.0034 73.0034 73.0034 73.0034 73.0034 73.0034 73.0034 73.0034 73.0034 73.0034 73.0034 73.0034 73.0034 73.0034 73.0034 73.0034 73.0034 73.0034 73.0034 73.0034 73.0034 73.0034 73.0034 73.0034 73.0034 73.0034 73.0034 73.0034 73.0034 73.0034 73.0034 73.0034 73.0034 73.0034 73.0034 73.0034 73.0034 73.0034 
1 1 1 1 1 1 1 1 1 1 1 1 1 1 1 1 1 1 1 1 1 1 1 1 1 1 1 1 1 1 1 1 1 1 1 1 1 1 1 1 1 1 1 1 1 1 1 1 
item 27
49.9345 137.362 31.7606 0 67.5827 103.173 0 0 0 0 80.2353 0 33.4786 74.8258 0 0 0 0 30.9239 110.612 59.4338 0 0 0 0 80.8632 0 0 52.1743 79.8503 25.5059 83.5022 0 80.9615 53.725 124.788 98.9293 101.17 0 93.9798 0 0 80.9621 99.2122 0 0 0 114.1 
30.5 30.5 30.5 30.5 30.5 30.5 30.5 30.5 30.5 30.5 30.5 30.5 30.5 30.5 30.5 30.5 30.5 30.5 30.5 30.5 30.5 30.5 30.5 30.5 30.5 30.5 30.5 30.5 30.5 30.5 30.5 30.5 30.5 30.5 30.5 30.5 30.5 30.5 30.5 30.5 30.5 30.5 30.5 30.5 30.5 30.5 30.5 30.5 
1 1 1 1 1 1 1 1 1 1 1 1 1 1 1 1 1 1 1 1 1 1 1 1 1 1 1 1 1 1 1 1 1 1 1 1 1 1 1 1 1 1 1 1 1 1 1 1 
item 28
16.352 0 24.972 0 28.3803 94.1802 0 0 30.357 99.2148 43.9398 0 28.7435 0 34.2455 100.411 0 0 20.3867 0 58.9768 81.2857 42.7871 78.4819 0 106.837 32.4774 0 0 86.3767 35.856 0 32.2056 90.7364 71.777 0 0 0 0 0 0 115.013 0 0 58.4796 109.031 0 89.1702 
49.9938 49.9938 49.9938 49.9938 49.9938 49.9938 49.9938 49.9938 49.9938 49.9938 49.9938 49.9938 49.9938 49.9938 49.9938 49.9938 49.9938 49.9938 49.9938 49.9938 49.9938 49.9938 49.9938 49.9938 49.9938 49.9938 49.9938 49.9938 49.9938 49.9938 49.9938 49.9938 49.9938 49.9938 49.9938 49.9938 49.9938 49.9938 49.9938 49.9938 49.9938 49.9938 49.9938 49.9938 49.9938 49.9938 49.9938 49.9938 
1 1 1 1 1 1 1 1 1 1 1 1 1 1 1 1 1 1 1 1 1 1 1 1 1 1 1 1 1 1 1 1 1 1 1 1 1 1 1 1 1 1 1 1 1 1 1 1 
item 29
72.7536 109.052 73.7176 0 0 0 0 0 0 0 0 74.5749 0 95.9991 0 135.854 0 0 0 0 43.2388 0 49.4173 103.051 68.3565 0 0 91.3598 66.2393 110.746 0 127.536 75.1707 0 0 105.059 34.8877 0 74.8979 0 0 89.982 0 75.2824 0 0 0 0 
64.3507 64.3507 64.3507 64.3507 64.3507 64.3507 64.3507 64.3507 64.3507 64.3507 64.3507 64.3507 64.3507 64.3507 64.3507 64.3507 64.3507 64.3507 64.3507 64.3507 64.3507 64.3507 64.3507 64.3507 64.3507 64.3507 64.3507 64.3507 64.3507 64.3507 64.3507 64.3507 64.3507 64.3507 64.3507 64.3507 64.3507 64.3507 64.3507 64.3507 64.3507 64.3507 64.3507 64.3507 64.3507 64.3507 64.3507 64.3507 
1 1 1 1 1 1 1 1 1 1 1 1 1 1 1 1 1 1 1 1 1 1 1 1 1 1 1 1 1 1 1 1 1 1 1 1 1 1 1 1 1 1 1 1 1 1 1 1 
item 30
68.54 0 0 0 47.0497 0 66.2361 0 69.8799 114.495 47.5391 91.5958 0 65.3568 0 102.083 0 0 0 0 79.538 0 55.6661 133.305 0 0 35.9652 93.4372 0 0 30.5228 0 66.1362 121.531 0 102.262 0 66.5686 35.7757 116.279 67.4654 114.574 0 52.3831 0 108.185 0 0 
75.2195 75.2195 75.2195 75.2195 75.2195 75.2195 75.2195 75.2195 75.2195 75.2195 75.2195 75.2195 75.2195 75.2195 75.2195 75.2195 75.2195 75.2195 75.2195 75.2195 75.2195 75.2195 75.2195 75.2195 75.2195 75.2195 75.2195 75.2195 75.2195 75.2195 75.2195 75.2195 75.2195 75.2195 75.2195 75.2195 75.2195 75.2195 75.2195 75.2195 75.2195 75.2195 75.2195 75.2195 75.2195 75.2195 75.2195 75.2195 
1 1 1 1 1 1 1 1 1 1 1 1 1 1 1 1 1 1 1 1 1 1 1 1 1 1 1 1 1 1 1 1 1 1 1 1 1 1 1 1 1 1 1 1 1 1 1 1 
item 31
39.3622 0 0 0 58.0806 0 0 0 0 121.799 0 0 70.7758 69.3496 21.6694 123.748 0 104.568 0 99.9397 43.7067 0 0 96.0843 0 0 0 0 80.3916 126.941 37.2754 0 0 0 0 106.81 70.5292 0 48.8255 126.55 0 0 82.265 0 28.8313 72.409 54.3511 44.9514 
37.7585 37.7585 37.7585 37.7585 37.7585 37.7585 37.7585 37.7585 37.7585 37.7585 37.7585 37.7585 37.7585 37.7585 37.7585 37.7585 37.7585 37.7585 37.7585 37.7585 37.7585 37.7585 37.7585 37.7585 37.7585 37.7585 37.7585 37.7585 37.7585 37.7585 37.7585 37.7585 37.7585 37.7585 37.7585 37.7585 37.7585 37.7585 37.7585 37.7585 37.7585 37.7585 37.7585 37.7585 37.7585 37.7585 37.7585 37.7585 
1 1 1 1 1 1 1 1 1 1 1 1 1 1 1 1 1 1 1 1 1 1 1 1 1 1 1 1 1 1 1 1 1 1 1 1 1 1 1 1 1 1 1 1 1 1 1 1 
item 32
38.4308 0 13.5267 109.249 26.915 87.518 18.4488 0 47.2527 0 0 151.3 0 73.3394 78.9652 0 21.1385 93.2949 0 104.415 41.8893 102.487 26.6654 0 59.6746 105.826 63.1047 80.7673 0 0 0 132.485 33.9799 0 57.461 0 52.0381 0 56.1908 108.497 0 0 48.258 109.728 0 53.7004 0 107.197 
61.4585 61.4585 61.4585 61.4585 61.4585 61.4585 61.4585 61.4585 61.4585 61.4585 61.4585 61.4585 61.4585 61.4585 61.4585 61.4585 61.4585 61.4585 61.4585 61.4585 61.4585 61.4585 61.4585 61.4585 61.4585 61.4585 61.4585 61.4585 61.4585 61.4585 61.4585 61.4585 61.4585 61.4585 61.4585 61.4585 61.4585 61.4585 61.4585 61.4585 61.4585 61.4585 61.4585 61.4585 61.4585 61.4585 61.4585 61.4585 
1 1 1 1 1 1 1 1 1 1 1 1 1 1 1 1 1 1 1 1 1 1 1 1 1 1 1 1 1 1 1 1 1 1 1 1 1 1 1 1 1 1 1 1 1 1 1 1 
item 33
20.9588 107.139 0 0 0 122.915 0 0 64.1541 121.75 83.5948 121.736 37.2604 0 0 94.4096 40.8696 0 0 0 0 84.0394 0 0 0 145.712 0 101.575 41.3146 89.9891 36.9898 101.157 61.4594 0 0 61.2488 0 0 35.9902 98.4305 0 0 25.4273 127.23 0 99.1702 0 0 
61.3022 61.3022 61.3022 61.3022 61.3022 61.3022 61.3022 61.3022 61.3022 61.3022 61.3022 61.3022 61.3022 61.3022 61.3022 61.3022 61.3022 61.3022 61.3022 61.3022 61.3022 61.3022 61.3022 61.3022 61.3022 61.3022 61.3022 61.3022 61.3022 61.3022 61.3022 61.3022 61.3022 61.3022 61.3022 61.3022 61.3022 61.3022 61.3022 61.3022 61.3022 61.3022 61.3022 61.3022 61.3022 61.3022 61.3022 61.3022 
1 1 1 1 1 1 1 1 1 1 1 1 1 1 1 1 1 1 1 1 1 1 1 1 1 1 1 1 1 1 1 1 1 1 1 1 1 1 1 1 1 1 1 1 1 1 1 1 
item 34
89.3804 0 0 97.7223 0 0 0 0 44.6083 0 0 113.871 41.5024 103.351 58.2415 0 17.647 93.0467 31.3499 113.297 28.6762 99.6509 0 0 0 0 0 105.833 55.8692 153.465 54.5839 0 0 103.123 0 81.7069 0 124.664 67.0583 0 0 81.0624 40.064 86.2819 48.6034 0 0 82.9841 
34.2701 34.2701 34.2701 34.2701 34.2701 34.2701 34.2701 34.2701 34.2701 34.2701 34.2701 34.2701 34.2701 34.2701 34.2701 34.2701 34.2701 34.2701 34.2701 34.2701 34.2701 34.2701 34.2701 34.2701 34.2701 34.2701 34.2701 34.2701 34.2701 34.2701 34.2701 34.2701 34.2701 34.2701 34.2701 34.2701 34.2701 34.2701 34.2701 34.2701 34.2701 34.2701 34.2701 34.2701 34.2701 34.2701 34.2701 34.2701 
1 1 1 1 1 1 1 1 1 1 1 1 1 1 1 1 1 1 1 1 1 1 1 1 1 1 1 1 1 1 1 1 1 1 1 1 1 1 1 1 1 1 1 1 1 1 1 1 
item 35
57.9714 77.2314 46.0362 37.7096 54.4236 112.216 0 113.528 42.0035 0 0 0 0 0 75.5022 0 0 102.414 73.4554 0 0 0 0 0 0 85.2413 0 0 55.7308 104.404 1.00335 102.955 0 105.602 45.6576 0 49.3711 0 0 116.468 71.3239 0 77.263 0 0 0 0 0 
65.5147 65.5147 65.5147 65.5147 65.5147 65.5147 65.5147 65.5147 65.5147 65.5147 65.5147 65.5147 65.5147 65.5147 65.5147 65.5147 65.5147 65.5147 65.5147 65.5147 65.5147 65.5147 65.5147 65.5147 65.5147 65.5147 65.5147 65.5147 65.5147 65.5147 65.5147 65.5147 65.5147 65.5147 65.5147 65.5147 65.5147 65.5147 65.5147 65.5147 65.5147 65.5147 65.5147 65.5147 65.5147 65.5147 65.5147 65.5147 
1 1 1 1 1 1 1 1 1 1 1 1 1 1 1 1 1 1 1 1 1 1 1 1 1 1 1 1 1 1 1 1 1 1 1 1 1 1 1 1 1 1 1 1 1 1 1 1 
item 36
75.4055 0 47.0018 76.7635 32.7274 0 54.5494 101.216 0 0 0 91.1893 36.529 0 25.6791 0 55.8919 0 0 0 0 0 45.7961 0 81.4617 125.906 43.5415 102.809 0 0 29.128 88.0338 0 93.093 0 86.2669 0 0 62.7608 91.0513 24.4232 0 0 110.029 0 134.364 25.3935 119.389 
31.1846 31.1846 31.1846 31.1846 31.1846 31.1846 31.1846 31.1846 31.1846 31.1846 31.1846 31.1846 31.1846 31.1846 31.1846 31.1846 31.1846 31.1846 31.1846 31.1846 31.1846 31.1846 31.1846 31.1846 31.1846 31.1846 31.1846 31.1846 31.1846 31.1846 31.1846 31.1846 31.1846 31.1846 31.1846 31.1846 31.1846 31.1846 31.1846 31.1846 31.1846 31.1846 31.1846 31.1846 31.1846 31.1846 31.1846 31.1846 
1 1 1 1 1 1 1 1 1 1 1 1 1 1 1 1 1 1 1 1 1 1 1 1 1 1 1 1 1 1 1 1 1 1 1 1 1 1 1 1 1 1 1 1 1 1 1 1 
item 37
42.6003 95.7001 0 0 0 0 0 0 65.4894 74.2698 56.7779 0 0 0 67.8961 0 76.0165 0 15.103 92.4123 0 95.4965 33.9765 0 29.3716 79.9878 0 90.3639 0 0 38.9689 145.357 0 64.7991 0 91.4155 44.4732 0 62.6594 117.27 67.283 130.557 0 0 56.6736 51.9796 0 122.827 
88.0048 88.0048 88.0048 88.0048 88.0048 88.0048 88.0048 88.0048 88.0048 88.0048 88.0048 88.0048 88.0048 88.0048 88.0048 88.0048 88.0048 88.0048 88.0048 88.0048 88.0048 88.0048 88.0048 88.0048 88.0048 88.0048 88.0048 88.0048 88.0048 88.0048 88.0048 88.0048 88.0048 88.0048 88.0048 88.0048 88.0048 88.0048 88.0048 88.0048 88.0048 88.0048 88.0048 88.0048 88.0048 88.0048 88.0048 88.0048 
1 1 1 1 1 1 1 1 1 1 1 1 1 1 1 1 1 1 1 1 1 1 1 1 1 1 1 1 1 1 1 1 1 1 1 1 1 1 1 1 1 1 1 1 1 1 1 1 
item 38
103.918 123.403 0 0 0 0 42.234 0 0 0 50.7143 92.2344 0 0 27.8175 0 0 69.5196 58.7923 0 47.0411 0 0 110.24 0 110.879 52.1068 116.135 41.4611 98.3363 66.4775 0 0 0 0 105.842 52.4859 115.807 97.4817 0 44.0876 0 52.781 0 0 85.8891 46.2163 0 
41.3593 41.3593 41.3593 41.3593 41.3593 41.3593 41.3593 41.3593 41.3593 41.3593 41.3593 41.3593 41.3593 41.3593 41.3593 41.3593 41.3593 41.3593 41.3593 41.3593 41.3593 41.3593 41.3593 41.3593 41.3593 41.3593 41.3593 41.3593 41.3593 41.3593 41.3593 41.3593 41.3593 41.3593 41.3593 41.3593 41.3593 41.3593 41.3593 41.3593 41.3593 41.3593 41.3593 41.3593 41.3593 41.3593 41.3593 41.3593 
1 1 1 1 1 1 1 1 1 1 1 1 1 1 1 1 1 1 1 1 1 1 1 1 1 1 1 1 1 1 1 1 1 1 1 1 1 1 1 1 1 1 1 1 1 1 1 1 
item 39
49.8847 95.095 0 123.136 0 116.017 0 95.7116 42.308 132.674 0 97.4336 0 0 0 0 0 0 0 0 42.2224 95.9599 45.095 83.7602 0 0 82.6013 81.4361 76.6334 103.095 0 107.482 45.0241 82.4633 24.0343 116.721 0 0 0 93.1083 67.2214 0 0 83.8236 0 0 87.3962 0 
47.9906 47.9906 47.9906 47.9906 47.9906 47.9906 47.9906 47.9906 47.9906 47.9906 47.9906 47.9906 47.9906 47.9906 47.9906 47.9906 47.9906 47.9906 47.9906 47.9906 47.9906 47.9906 47.9906 47.9906 47.9906 47.9906 47.9906 47.9906 47.9906 47.9906 47.9906 47.9906 47.9906 47.9906 47.9906 47.9906 47.9906 47.9906 47.9906 47.9906 47.9906 47.9906 47.9906 47.9906 47.9906 47.9906 47.9906 47.9906 
1 1 1 1 1 1 1 1 1 1 1 1 1 1 1 1 1 1 1 1 1 1 1 1 1 1 1 1 1 1 1 1 1 1 1 1 1 1 1 1 1 1 1 1 1 1 1 1 
