24 5 
472.562 472.562 472.562 472.562 472.562 472.562 472.562 472.562 472.562 472.562 472.562 472.562 472.562 472.562 472.562 472.562 472.562 472.562 472.562 472.562 472.562 472.562 472.562 472.562 
item 0
58.7051 90.8504 43.8082 92.0629 81.0472 119.875 34.7908 103.278 27.4352 95.1786 35.3662 61.2867 79.2601 101.539 46.6207 105.497 47.2549 87.0146 55.9567 110.867 24.6745 110.771 21.3087 100.552 
40.6106 40.6106 40.6106 40.6106 40.6106 40.6106 40.6106 40.6106 40.6106 40.6106 40.6106 40.6106 40.6106 40.6106 40.6106 40.6106 40.6106 40.6106 40.6106 40.6106 40.6106 40.6106 40.6106 40.6106 
1 1 1 1 1 1 1 1 1 1 1 1 1 1 1 1 1 1 1 1 1 1 1 1 
item 1
60.8708 84.3746 42.9997 96.3273 84.2961 103.09 37.7137 97.5128 76.7383 129.556 45.1612 118.641 59.2113 102.499 79.4488 128.683 32.973 104.041 48.8504 98.5493 79.2261 113.031 38.3482 126.513 
31.3317 31.3317 31.3317 31.3317 31.3317 31.3317 31.3317 31.3317 31.3317 31.3317 31.3317 31.3317 31.3317 31.3317 31.3317 31.3317 31.3317 31.3317 31.3317 31.3317 31.3317 31.3317 31.3317 31.3317 
1 1 1 1 1 1 1 1 1 1 1 1 1 1 1 1 1 1 1 1 1 1 1 1 
item 2
54.4467 105.06 89.4179 69.9086 35.5643 126.316 47.429 68.459 43.0865 82.4827 45.1019 117.71 67.4902 73.9089 35.696 106.252 58.2141 109.384 0 107.949 18.3424 79.1515 64.4828 56.3565 
66.5478 66.5478 66.5478 66.5478 66.5478 66.5478 66.5478 66.5478 66.5478 66.5478 66.5478 66.5478 66.5478 66.5478 66.5478 66.5478 66.5478 66.5478 66.5478 66.5478 66.5478 66.5478 66.5478 66.5478 
1 1 1 1 1 1 1 1 1 1 1 1 1 1 1 1 1 1 1 1 1 1 1 1 
item 3
34.5457 128.898 37.9641 109.391 73.7387 121.837 64.0608 140.859 58.2024 106.786 46.1493 60.2982 82.0937 111.977 51.6243 125.836 76.9584 100.58 66.9764 113.322 20.6398 56.0086 28.4197 119.023 
32.188 32.188 32.188 32.188 32.188 32.188 32.188 32.188 32.188 32.188 32.188 32.188 32.188 32.188 32.188 32.188 32.188 32.188 32.188 32.188 32.188 32.188 32.188 32.188 
1 1 1 1 1 1 1 1 1 1 1 1 1 1 1 1 1 1 1 1 1 1 1 1 
item 4
79.9109 141.822 36.8763 130.083 52.1933 122.516 43.711 126.73 23.824 87.6553 39.6373 77.1433 54.8866 100.097 45.7887 106.315 52.6384 71.9392 29.5644 96.1268 62.4646 77.836 50.2009 90.8697 
73.4491 73.4491 73.4491 73.4491 73.4491 73.4491 73.4491 73.4491 73.4491 73.4491 73.4491 73.4491 73.4491 73.4491 73.4491 73.4491 73.4491 73.4491 73.4491 73.4491 73.4491 73.4491 73.4491 73.4491 
1 1 1 1 1 1 1 1 1 1 1 1 1 1 1 1 1 1 1 1 1 1 1 1 
