6 20 
510.987 510.987 510.987 510.987 510.987 510.987 
item 0
53.8973 88.0796 0 63.0646 78.8659 146.025 
46.5996 46.5996 46.5996 46.5996 46.5996 46.5996 
1 1 1 1 1 1 
item 1
60.817 75.0712 73.2144 139.129 18.267 88.3574 
46.525 46.525 46.525 46.525 46.525 46.525 
1 1 1 1 1 1 
item 2
44.0199 99.0636 36.451 105.441 55.4965 81.451 
53.9795 53.9795 53.9795 53.9795 53.9795 53.9795 
1 1 1 1 1 1 
item 3
53.8752 76.8184 50.7342 109.245 46.9267 88.7774 
69.9243 69.9243 69.9243 69.9243 69.9243 69.9243 
1 1 1 1 1 1 
item 4
78.5821 127.382 49.5296 101.771 41.0569 96.8595 
88.3228 88.3228 88.3228 88.3228 88.3228 88.3228 
1 1 1 1 1 1 
item 5
34.6433 66.458 44.3361 107.307 9.08982 89.3664 
75.6013 75.6013 75.6013 75.6013 75.6013 75.6013 
1 1 1 1 1 1 
item 6
54.0051 92.1489 55.0985 107.941 57.8493 116.434 
44.1102 44.1102 44.1102 44.1102 44.1102 44.1102 
1 1 1 1 1 1 
item 7
28.7972 113.311 66.7988 94.7822 48.8261 124.335 
50.8932 50.8932 50.8932 50.8932 50.8932 50.8932 
1 1 1 1 1 1 
item 8
97.7025 97.2374 42.0982 65.8994 70.4463 70.6077 
44.921 44.921 44.921 44.921 44.921 44.921 
1 1 1 1 1 1 
item 9
73.1138 126.958 52.389 64.628 50.1624 109.596 
55.4741 55.4741 55.4741 55.4741 55.4741 55.4741 
1 1 1 1 1 1 
item 10
27.4554 87.4747 22.433 91.8154 63.5667 97.7576 
54.2897 54.2897 54.2897 54.2897 54.2897 54.2897 
1 1 1 1 1 1 
item 11
51.1966 144.586 51.5068 112.268 36.3305 104.847 
42.5577 42.5577 42.5577 42.5577 42.5577 42.5577 
1 1 1 1 1 1 
item 12
49.5992 119.638 76.2901 102.452 109.711 101.089 
49.4862 49.4862 49.4862 49.4862 49.4862 49.4862 
1 1 1 1 1 1 
item 13
49.135 113.71 36.3084 111.275 87.5795 118.854 
45.7718 45.7718 45.7718 45.7718 45.7718 45.7718 
1 1 1 1 1 1 
item 14
35.7695 75.6992 67.9358 125.222 50.038 123.141 
75.909 75.909 75.909 75.909 75.909 75.909 
1 1 1 1 1 1 
item 15
36.4684 117.58 48.4033 105.293 56.903 113.217 
69.4528 69.4528 69.4528 69.4528 69.4528 69.4528 
1 1 1 1 1 1 
item 16
44.2268 87.5887 33.4019 97.7202 57.7311 107.631 
79.6647 79.6647 79.6647 79.6647 79.6647 79.6647 
1 1 1 1 1 1 
item 17
35.7526 84.124 78.7332 72.2564 62.8531 91.7162 
56.0609 56.0609 56.0609 56.0609 56.0609 56.0609 
1 1 1 1 1 1 
item 18
10.2165 100.174 61.5255 100.649 5.00177 123.529 
55.0169 55.0169 55.0169 55.0169 55.0169 55.0169 
1 1 1 1 1 1 
item 19
40.5433 119.06 12.1521 73.7277 17.128 87.0699 
39.7321 39.7321 39.7321 39.7321 39.7321 39.7321 
1 1 1 1 1 1 
