6 10 
-6.27744e+66 105.928 105.928 105.928 458.466 458.466 458.466 
-6.27744e+66 -6.27744e+66 105.928 105.928 340.953 340.953 340.953 
-6.27744e+66 -6.27744e+66 -6.27744e+66 105.928 223.441 223.441 223.441 
-6.27744e+66 -6.27744e+66 -6.27744e+66 -6.27744e+66 105.928 105.928 105.928 
-6.27744e+66 -6.27744e+66 -6.27744e+66 -6.27744e+66 -6.27744e+66 105.928 105.928 
-6.27744e+66 -6.27744e+66 -6.27744e+66 -6.27744e+66 -6.27744e+66 -6.27744e+66 105.928 
-6.27744e+66 -6.27744e+66 -6.27744e+66 -6.27744e+66 -6.27744e+66 -6.27744e+66 -6.27744e+66 
-6.27744e+66 26.2971 26.2971 155.978 155.978 390.709 390.709 
-6.27744e+66 -6.27744e+66 26.2971 91.1373 91.1373 267.186 267.186 
-6.27744e+66 -6.27744e+66 -6.27744e+66 26.2971 26.2971 143.663 143.663 
-6.27744e+66 -6.27744e+66 -6.27744e+66 -6.27744e+66 26.2971 84.9801 84.9801 
-6.27744e+66 -6.27744e+66 -6.27744e+66 -6.27744e+66 -6.27744e+66 26.2971 26.2971 
-6.27744e+66 -6.27744e+66 -6.27744e+66 -6.27744e+66 -6.27744e+66 -6.27744e+66 26.2971 
-6.27744e+66 -6.27744e+66 -6.27744e+66 -6.27744e+66 -6.27744e+66 -6.27744e+66 -6.27744e+66 
-6.27744e+66 94.0803 94.0803 94.0803 94.0803 236.372 236.372 
-6.27744e+66 -6.27744e+66 94.0803 94.0803 94.0803 200.799 200.799 
-6.27744e+66 -6.27744e+66 -6.27744e+66 94.0803 94.0803 165.226 165.226 
-6.27744e+66 -6.27744e+66 -6.27744e+66 -6.27744e+66 94.0803 129.653 129.653 
-6.27744e+66 -6.27744e+66 -6.27744e+66 -6.27744e+66 -6.27744e+66 94.0803 94.0803 
-6.27744e+66 -6.27744e+66 -6.27744e+66 -6.27744e+66 -6.27744e+66 -6.27744e+66 94.0803 
-6.27744e+66 -6.27744e+66 -6.27744e+66 -6.27744e+66 -6.27744e+66 -6.27744e+66 -6.27744e+66 
-6.27744e+66 63.4134 195.387 195.387 195.387 195.387 583.079 
-6.27744e+66 -6.27744e+66 63.4134 63.4134 63.4134 63.4134 373.567 
-6.27744e+66 -6.27744e+66 -6.27744e+66 63.4134 63.4134 63.4134 296.029 
-6.27744e+66 -6.27744e+66 -6.27744e+66 -6.27744e+66 63.4134 63.4134 218.49 
-6.27744e+66 -6.27744e+66 -6.27744e+66 -6.27744e+66 -6.27744e+66 63.4134 140.952 
-6.27744e+66 -6.27744e+66 -6.27744e+66 -6.27744e+66 -6.27744e+66 -6.27744e+66 63.4134 
-6.27744e+66 -6.27744e+66 -6.27744e+66 -6.27744e+66 -6.27744e+66 -6.27744e+66 -6.27744e+66 
-6.27744e+66 56.2179 149.691 149.691 451.372 451.372 451.372 
-6.27744e+66 -6.27744e+66 56.2179 56.2179 257.338 257.338 257.338 
-6.27744e+66 -6.27744e+66 -6.27744e+66 56.2179 156.778 156.778 156.778 
-6.27744e+66 -6.27744e+66 -6.27744e+66 -6.27744e+66 56.2179 56.2179 56.2179 
-6.27744e+66 -6.27744e+66 -6.27744e+66 -6.27744e+66 -6.27744e+66 56.2179 56.2179 
-6.27744e+66 -6.27744e+66 -6.27744e+66 -6.27744e+66 -6.27744e+66 -6.27744e+66 56.2179 
-6.27744e+66 -6.27744e+66 -6.27744e+66 -6.27744e+66 -6.27744e+66 -6.27744e+66 -6.27744e+66 
-6.27744e+66 42.5901 118.992 215.761 215.761 215.761 766.386 
-6.27744e+66 -6.27744e+66 42.5901 90.9748 90.9748 90.9748 531.474 
-6.27744e+66 -6.27744e+66 -6.27744e+66 42.5901 42.5901 42.5901 372.965 
-6.27744e+66 -6.27744e+66 -6.27744e+66 -6.27744e+66 42.5901 42.5901 262.84 
-6.27744e+66 -6.27744e+66 -6.27744e+66 -6.27744e+66 -6.27744e+66 42.5901 152.715 
-6.27744e+66 -6.27744e+66 -6.27744e+66 -6.27744e+66 -6.27744e+66 -6.27744e+66 42.5901 
-6.27744e+66 -6.27744e+66 -6.27744e+66 -6.27744e+66 -6.27744e+66 -6.27744e+66 -6.27744e+66 
-6.27744e+66 63.1019 168.326 168.326 585.542 873.624 1382.13 
-6.27744e+66 -6.27744e+66 63.1019 63.1019 341.246 557.307 964.114 
-6.27744e+66 -6.27744e+66 -6.27744e+66 63.1019 202.174 346.215 651.32 
-6.27744e+66 -6.27744e+66 -6.27744e+66 -6.27744e+66 63.1019 135.123 338.526 
-6.27744e+66 -6.27744e+66 -6.27744e+66 -6.27744e+66 -6.27744e+66 63.1019 164.804 
-6.27744e+66 -6.27744e+66 -6.27744e+66 -6.27744e+66 -6.27744e+66 -6.27744e+66 63.1019 
-6.27744e+66 -6.27744e+66 -6.27744e+66 -6.27744e+66 -6.27744e+66 -6.27744e+66 -6.27744e+66 
-6.27744e+66 69.5983 69.5983 69.5983 342.452 342.452 342.452 
-6.27744e+66 -6.27744e+66 69.5983 69.5983 251.5 251.5 251.5 
-6.27744e+66 -6.27744e+66 -6.27744e+66 69.5983 160.549 160.549 160.549 
-6.27744e+66 -6.27744e+66 -6.27744e+66 -6.27744e+66 69.5983 69.5983 69.5983 
-6.27744e+66 -6.27744e+66 -6.27744e+66 -6.27744e+66 -6.27744e+66 69.5983 69.5983 
-6.27744e+66 -6.27744e+66 -6.27744e+66 -6.27744e+66 -6.27744e+66 -6.27744e+66 69.5983 
-6.27744e+66 -6.27744e+66 -6.27744e+66 -6.27744e+66 -6.27744e+66 -6.27744e+66 -6.27744e+66 
-6.27744e+66 73.5693 73.5693 73.5693 73.5693 73.5693 547.165 
-6.27744e+66 -6.27744e+66 73.5693 73.5693 73.5693 73.5693 452.446 
-6.27744e+66 -6.27744e+66 -6.27744e+66 73.5693 73.5693 73.5693 357.727 
-6.27744e+66 -6.27744e+66 -6.27744e+66 -6.27744e+66 73.5693 73.5693 263.008 
-6.27744e+66 -6.27744e+66 -6.27744e+66 -6.27744e+66 -6.27744e+66 73.5693 168.288 
-6.27744e+66 -6.27744e+66 -6.27744e+66 -6.27744e+66 -6.27744e+66 -6.27744e+66 73.5693 
-6.27744e+66 -6.27744e+66 -6.27744e+66 -6.27744e+66 -6.27744e+66 -6.27744e+66 -6.27744e+66 
-6.27744e+66 79.3412 164.588 164.588 164.588 426.781 426.781 
-6.27744e+66 -6.27744e+66 79.3412 79.3412 79.3412 275.986 275.986 
-6.27744e+66 -6.27744e+66 -6.27744e+66 79.3412 79.3412 210.438 210.438 
-6.27744e+66 -6.27744e+66 -6.27744e+66 -6.27744e+66 79.3412 144.89 144.89 
-6.27744e+66 -6.27744e+66 -6.27744e+66 -6.27744e+66 -6.27744e+66 79.3412 79.3412 
-6.27744e+66 -6.27744e+66 -6.27744e+66 -6.27744e+66 -6.27744e+66 -6.27744e+66 79.3412 
-6.27744e+66 -6.27744e+66 -6.27744e+66 -6.27744e+66 -6.27744e+66 -6.27744e+66 -6.27744e+66 
