6 40 
138.211 138.211 138.211 138.211 138.211 138.211 
item 0
70.4482 109.934 66.7629 0 0 0 
57.2782 57.2782 57.2782 57.2782 57.2782 57.2782 
1 1 1 1 1 1 
item 1
46.4301 107.16 48.4056 119.724 0 121.048 
84.6717 84.6717 84.6717 84.6717 84.6717 84.6717 
1 1 1 1 1 1 
item 2
50.7882 0 0 0 39.8431 86.9849 
72.3732 72.3732 72.3732 72.3732 72.3732 72.3732 
1 1 1 1 1 1 
item 3
33.3212 0 70.1557 87.6689 43.9132 0 
77.8806 77.8806 77.8806 77.8806 77.8806 77.8806 
1 1 1 1 1 1 
item 4
11.3467 81.0952 52.3648 0 87.6768 0 
31.432 31.432 31.432 31.432 31.432 31.432 
1 1 1 1 1 1 
item 5
27.1899 0 0 103.14 0 117.214 
65.9871 65.9871 65.9871 65.9871 65.9871 65.9871 
1 1 1 1 1 1 
item 6
36.3301 84.2201 0 143.939 19.6084 104.187 
72.9758 72.9758 72.9758 72.9758 72.9758 72.9758 
1 1 1 1 1 1 
item 7
27.0463 0 82.6778 98.8196 0 0 
92.4058 92.4058 92.4058 92.4058 92.4058 92.4058 
1 1 1 1 1 1 
item 8
31.1662 0 0 100.037 51.2773 0 
57.1645 57.1645 57.1645 57.1645 57.1645 57.1645 
1 1 1 1 1 1 
item 9
54.0503 70.7307 55.5415 0 0 180.568 
33.3844 33.3844 33.3844 33.3844 33.3844 33.3844 
1 1 1 1 1 1 
item 10
25.3105 119.292 0 111.836 0 55.8069 
95.1139 95.1139 95.1139 95.1139 95.1139 95.1139 
1 1 1 1 1 1 
item 11
72.7087 0 0 107.849 8.45437 90.4305 
53.8252 53.8252 53.8252 53.8252 53.8252 53.8252 
1 1 1 1 1 1 
item 12
65.52 105.262 0 0 58.4799 0 
60.3285 60.3285 60.3285 60.3285 60.3285 60.3285 
1 1 1 1 1 1 
item 13
68.6597 0 0 0 0 0 
70.9941 70.9941 70.9941 70.9941 70.9941 70.9941 
1 1 1 1 1 1 
item 14
1 0 55.301 105.228 0 0 
94.6871 94.6871 94.6871 94.6871 94.6871 94.6871 
1 1 1 1 1 1 
item 15
32.6557 0 64.2705 0 0 0 
89.2539 89.2539 89.2539 89.2539 89.2539 89.2539 
1 1 1 1 1 1 
item 16
53.2302 82.4063 25.0168 93.3382 0 113.771 
44.0385 44.0385 44.0385 44.0385 44.0385 44.0385 
1 1 1 1 1 1 
item 17
49.6966 94.6552 0 0 0 98.1351 
69.4349 69.4349 69.4349 69.4349 69.4349 69.4349 
1 1 1 1 1 1 
item 18
32.0114 128.615 0 0 0 108.663 
57.6057 57.6057 57.6057 57.6057 57.6057 57.6057 
1 1 1 1 1 1 
item 19
53.3377 109.863 39.9766 0 0 92.6103 
56.9328 56.9328 56.9328 56.9328 56.9328 56.9328 
1 1 1 1 1 1 
item 20
24.9172 111.971 79.1994 0 50.1688 115.034 
58.0721 58.0721 58.0721 58.0721 58.0721 58.0721 
1 1 1 1 1 1 
item 21
58.857 132.899 17.4137 0 49.2185 0 
75.5428 75.5428 75.5428 75.5428 75.5428 75.5428 
1 1 1 1 1 1 
item 22
85.3024 0 74.0172 127.139 51.3184 0 
45.1041 45.1041 45.1041 45.1041 45.1041 45.1041 
1 1 1 1 1 1 
item 23
71.0743 0 0 0 68.7777 0 
31.3598 31.3598 31.3598 31.3598 31.3598 31.3598 
1 1 1 1 1 1 
item 24
42.8612 0 0 104.92 0 0 
55.1711 55.1711 55.1711 55.1711 55.1711 55.1711 
1 1 1 1 1 1 
item 25
52.0286 0 0 0 0 0 
30.5576 30.5576 30.5576 30.5576 30.5576 30.5576 
1 1 1 1 1 1 
item 26
32.5538 0 45.682 0 0 125.184 
55.2592 55.2592 55.2592 55.2592 55.2592 55.2592 
1 1 1 1 1 1 
item 27
46.0817 117.114 52.9888 0 0 85.3297 
22.586 22.586 22.586 22.586 22.586 22.586 
1 1 1 1 1 1 
item 28
59.9961 62.6687 0 0 57.3223 0 
46.7348 46.7348 46.7348 46.7348 46.7348 46.7348 
1 1 1 1 1 1 
item 29
75.0862 0 95.918 0 0 0 
41.6669 41.6669 41.6669 41.6669 41.6669 41.6669 
1 1 1 1 1 1 
item 30
37.0927 0 40.1074 123.799 52.2547 87.8671 
38.828 38.828 38.828 38.828 38.828 38.828 
1 1 1 1 1 1 
item 31
35.1557 0 0 142.35 21.5472 104.614 
88.802 88.802 88.802 88.802 88.802 88.802 
1 1 1 1 1 1 
item 32
54.0531 103.166 0 86.9571 0 87.9682 
59.1622 59.1622 59.1622 59.1622 59.1622 59.1622 
1 1 1 1 1 1 
item 33
31.6562 91.7667 0 109.495 25.0418 109.484 
59.2833 59.2833 59.2833 59.2833 59.2833 59.2833 
1 1 1 1 1 1 
item 34
56.5839 85.822 68.6285 121.246 96.1463 84.4217 
49.4817 49.4817 49.4817 49.4817 49.4817 49.4817 
1 1 1 1 1 1 
item 35
52.5422 0 0 0 0 106.527 
39.7173 39.7173 39.7173 39.7173 39.7173 39.7173 
1 1 1 1 1 1 
item 36
39.9428 114.33 30.2403 0 33.8525 105.868 
77.4724 77.4724 77.4724 77.4724 77.4724 77.4724 
1 1 1 1 1 1 
item 37
52.6725 0 0 0 0 0 
50.9967 50.9967 50.9967 50.9967 50.9967 50.9967 
1 1 1 1 1 1 
item 38
75.5269 0 0 81.1693 0 93.1092 
81.433 81.433 81.433 81.433 81.433 81.433 
1 1 1 1 1 1 
item 39
22.8902 0 35.265 0 49.0308 0 
53.8992 53.8992 53.8992 53.8992 53.8992 53.8992 
1 1 1 1 1 1 
