12 20 
79.15 79.15 79.15 79.15 79.15 79.15 79.15 79.15 79.15 79.15 79.15 79.15 
item 0
41.8351 0 67.0699 150.407 87.805 82.2939 0 0 0 0 27.2247 108.399 
73.7176 73.7176 73.7176 73.7176 73.7176 73.7176 73.7176 73.7176 73.7176 73.7176 73.7176 73.7176 
1 1 1 1 1 1 1 1 1 1 1 1 
item 1
74.5745 0 0 0 63.986 148.67 0 120.422 0 118.058 41.6846 129.768 
36.1131 36.1131 36.1131 36.1131 36.1131 36.1131 36.1131 36.1131 36.1131 36.1131 36.1131 36.1131 
1 1 1 1 1 1 1 1 1 1 1 1 
item 2
36.3693 0 39.3618 99.349 40.432 0 0 0 0 142.055 51.7808 78.5246 
40.0257 40.0257 40.0257 40.0257 40.0257 40.0257 40.0257 40.0257 40.0257 40.0257 40.0257 40.0257 
1 1 1 1 1 1 1 1 1 1 1 1 
item 3
68.3931 119.341 0 81.6722 0 0 55.6407 137.965 29.4154 111.937 0 109.527 
76.562 76.562 76.562 76.562 76.562 76.562 76.562 76.562 76.562 76.562 76.562 76.562 
1 1 1 1 1 1 1 1 1 1 1 1 
item 4
41.7422 97.4492 0 88.1407 0 113.761 8.69315 97.0019 42.0396 86.723 0 97.2837 
49.4941 49.4941 49.4941 49.4941 49.4941 49.4941 49.4941 49.4941 49.4941 49.4941 49.4941 49.4941 
1 1 1 1 1 1 1 1 1 1 1 1 
item 5
72.0522 0 0 0 53.7382 113.234 0 115 0 72.8717 14.065 65.3279 
55.335 55.335 55.335 55.335 55.335 55.335 55.335 55.335 55.335 55.335 55.335 55.335 
1 1 1 1 1 1 1 1 1 1 1 1 
item 6
47.0958 80.4971 0 0 0 0 0 104.98 59.4683 0 0 0 
60.9622 60.9622 60.9622 60.9622 60.9622 60.9622 60.9622 60.9622 60.9622 60.9622 60.9622 60.9622 
1 1 1 1 1 1 1 1 1 1 1 1 
item 7
59.7578 0 0 0 27.389 106.897 71.3016 95.5929 103.941 0 0 0 
63.7826 63.7826 63.7826 63.7826 63.7826 63.7826 63.7826 63.7826 63.7826 63.7826 63.7826 63.7826 
1 1 1 1 1 1 1 1 1 1 1 1 
item 8
41.6443 92.0534 69.9301 0 0 99.1682 56.2268 83.3663 61.6054 0 52.9374 0 
69.0535 69.0535 69.0535 69.0535 69.0535 69.0535 69.0535 69.0535 69.0535 69.0535 69.0535 69.0535 
1 1 1 1 1 1 1 1 1 1 1 1 
item 9
46.193 0 44.318 113.568 0 0 0 0 0 0 0 125.521 
8.76295 8.76295 8.76295 8.76295 8.76295 8.76295 8.76295 8.76295 8.76295 8.76295 8.76295 8.76295 
1 1 1 1 1 1 1 1 1 1 1 1 
item 10
36.429 101.005 0 84.8837 0 0 50.4949 0 70.6296 91.458 0 111.66 
54.1875 54.1875 54.1875 54.1875 54.1875 54.1875 54.1875 54.1875 54.1875 54.1875 54.1875 54.1875 
1 1 1 1 1 1 1 1 1 1 1 1 
item 11
46.4294 0 0 117.271 64.9962 0 60.1424 92.0464 42.7081 0 56.7634 109.777 
10.213 10.213 10.213 10.213 10.213 10.213 10.213 10.213 10.213 10.213 10.213 10.213 
1 1 1 1 1 1 1 1 1 1 1 1 
item 12
83.4504 0 0 75.4599 30.4758 0 36.4468 135.215 86.7843 0 59.7036 0 
63.3201 63.3201 63.3201 63.3201 63.3201 63.3201 63.3201 63.3201 63.3201 63.3201 63.3201 63.3201 
1 1 1 1 1 1 1 1 1 1 1 1 
item 13
44.0486 112.64 0 0 0 96.7862 0 83.872 89.3916 0 0 103.563 
74.8034 74.8034 74.8034 74.8034 74.8034 74.8034 74.8034 74.8034 74.8034 74.8034 74.8034 74.8034 
1 1 1 1 1 1 1 1 1 1 1 1 
item 14
6.9943 98.8157 61.305 111.664 56.4039 88.327 0 112.897 51.6939 0 0 88.0671 
44.5277 44.5277 44.5277 44.5277 44.5277 44.5277 44.5277 44.5277 44.5277 44.5277 44.5277 44.5277 
1 1 1 1 1 1 1 1 1 1 1 1 
item 15
13.6494 0 27.8673 0 0 84.1519 0 0 0 0 62.7455 119.128 
86.287 86.287 86.287 86.287 86.287 86.287 86.287 86.287 86.287 86.287 86.287 86.287 
1 1 1 1 1 1 1 1 1 1 1 1 
item 16
22.8603 0 65.9216 101.143 0 0 20.1133 82.0082 0 139.786 0 120.399 
64.3314 64.3314 64.3314 64.3314 64.3314 64.3314 64.3314 64.3314 64.3314 64.3314 64.3314 64.3314 
1 1 1 1 1 1 1 1 1 1 1 1 
item 17
65.5636 91.3157 0 0 13.2228 0 48.3073 56.4048 0 85.1894 29.9468 83.1943 
82.7774 82.7774 82.7774 82.7774 82.7774 82.7774 82.7774 82.7774 82.7774 82.7774 82.7774 82.7774 
1 1 1 1 1 1 1 1 1 1 1 1 
item 18
23.2367 87.9599 0 0 0 0 0 0 38.3986 0 69.0673 0 
55.9074 55.9074 55.9074 55.9074 55.9074 55.9074 55.9074 55.9074 55.9074 55.9074 55.9074 55.9074 
1 1 1 1 1 1 1 1 1 1 1 1 
item 19
71.0112 110.464 0 0 0 88.3671 0 0 0 128.035 0 73.1167 
60.651 60.651 60.651 60.651 60.651 60.651 60.651 60.651 60.651 60.651 60.651 60.651 
1 1 1 1 1 1 1 1 1 1 1 1 
