6 5 
54.7303 54.7303 54.7303 54.7303 54.7303 54.7303 
item 0
49.841 84.3629 0 86.1455 47.4497 106.32 
80.0743 80.0743 80.0743 80.0743 80.0743 80.0743 
1 1 1 1 1 1 
item 1
14.4984 0 57.0348 0 0 135.016 
57.5412 57.5412 57.5412 57.5412 57.5412 57.5412 
1 1 1 1 1 1 
item 2
68.7711 92.4943 0 101.391 54.5392 109.022 
51.5337 51.5337 51.5337 51.5337 51.5337 51.5337 
1 1 1 1 1 1 
item 3
69.648 100.633 75.2115 78.3168 0 74.057 
77.1162 77.1162 77.1162 77.1162 77.1162 77.1162 
1 1 1 1 1 1 
item 4
68.9436 0 0 77.638 42.3397 0 
62.6355 62.6355 62.6355 62.6355 62.6355 62.6355 
1 1 1 1 1 1 
