6 10 
991.763 991.763 991.763 991.763 991.763 991.763 
item 0
49.6804 94.2313 10.0385 76.3021 48.4569 95.4079 
80.9367 80.9367 80.9367 80.9367 80.9367 80.9367 
1 1 1 1 1 1 
item 1
68.7065 76.4464 20.3457 112.559 52.0484 98.7105 
74.3502 74.3502 74.3502 74.3502 74.3502 74.3502 
1 1 1 1 1 1 
item 2
58.7182 115.792 47.055 87.5534 70.4614 102.755 
25.9041 25.9041 25.9041 25.9041 25.9041 25.9041 
1 1 1 1 1 1 
item 3
25.9329 95.7428 57.8245 103.914 42.1719 67.5083 
40.7048 40.7048 40.7048 40.7048 40.7048 40.7048 
1 1 1 1 1 1 
item 4
27.0416 58.3003 43.8889 123.896 72.0893 50.0307 
54.6201 54.6201 54.6201 54.6201 54.6201 54.6201 
1 1 1 1 1 1 
item 5
110.854 79.6911 50.3765 74.8235 77.359 130.522 
66.8571 66.8571 66.8571 66.8571 66.8571 66.8571 
1 1 1 1 1 1 
item 6
55.4471 74.2065 47.6045 104.384 26.6255 70.1678 
77.8745 77.8745 77.8745 77.8745 77.8745 77.8745 
1 1 1 1 1 1 
item 7
41.592 105.559 27.4294 110.4 44.301 123.241 
48.0355 48.0355 48.0355 48.0355 48.0355 48.0355 
1 1 1 1 1 1 
item 8
35.6474 97.8228 82.2488 118.568 68.8829 67.9154 
75.9302 75.9302 75.9302 75.9302 75.9302 75.9302 
1 1 1 1 1 1 
item 9
36.1309 79.3858 60.0583 93.6688 59.1088 87.1442 
49.5587 49.5587 49.5587 49.5587 49.5587 49.5587 
1 1 1 1 1 1 
