24 5 
146.373 146.373 146.373 146.373 146.373 146.373 146.373 146.373 146.373 146.373 146.373 146.373 146.373 146.373 146.373 146.373 146.373 146.373 146.373 146.373 146.373 146.373 146.373 146.373 
item 0
56.0056 107.902 17.6986 0 41.6423 121.709 0 111.322 42.1889 109.011 0 0 0 123.986 82.5988 0 7.75872 109.747 47.9775 0 0 0 96.0509 101.023 
46.4638 46.4638 46.4638 46.4638 46.4638 46.4638 46.4638 46.4638 46.4638 46.4638 46.4638 46.4638 46.4638 46.4638 46.4638 46.4638 46.4638 46.4638 46.4638 46.4638 46.4638 46.4638 46.4638 46.4638 
1 1 1 1 1 1 1 1 1 1 1 1 1 1 1 1 1 1 1 1 1 1 1 1 
item 1
54.8834 99.246 0 119.468 0 0 0 87.8686 41.9044 0 39.0449 93.4148 52.2046 99.6314 0 0 75.24 0 26.3889 0 16.3793 0 61.7335 0 
76.2009 76.2009 76.2009 76.2009 76.2009 76.2009 76.2009 76.2009 76.2009 76.2009 76.2009 76.2009 76.2009 76.2009 76.2009 76.2009 76.2009 76.2009 76.2009 76.2009 76.2009 76.2009 76.2009 76.2009 
1 1 1 1 1 1 1 1 1 1 1 1 1 1 1 1 1 1 1 1 1 1 1 1 
item 2
34.6488 113.418 23.0497 96.4498 45.9322 0 0 103.018 5.88516 0 0 105.671 69.8124 0 34.4555 100.873 47.86 0 9.7149 102.582 56.3087 0 0 0 
75.5342 75.5342 75.5342 75.5342 75.5342 75.5342 75.5342 75.5342 75.5342 75.5342 75.5342 75.5342 75.5342 75.5342 75.5342 75.5342 75.5342 75.5342 75.5342 75.5342 75.5342 75.5342 75.5342 75.5342 
1 1 1 1 1 1 1 1 1 1 1 1 1 1 1 1 1 1 1 1 1 1 1 1 
item 3
34.2236 75.1376 59.6218 105.927 31.9508 0 0 0 61.0501 101.924 0 102.84 0 0 9.25891 137.558 0 123.58 47.9344 126.332 0 0 0 107.537 
75.4703 75.4703 75.4703 75.4703 75.4703 75.4703 75.4703 75.4703 75.4703 75.4703 75.4703 75.4703 75.4703 75.4703 75.4703 75.4703 75.4703 75.4703 75.4703 75.4703 75.4703 75.4703 75.4703 75.4703 
1 1 1 1 1 1 1 1 1 1 1 1 1 1 1 1 1 1 1 1 1 1 1 1 
item 4
76.4504 51.7367 0 79.4134 0 0 0 0 0 112.684 79.2234 101.124 0 86.7728 0 0 59.663 103.01 44.2445 107.739 45.02 94.599 0 124.13 
71.577 71.577 71.577 71.577 71.577 71.577 71.577 71.577 71.577 71.577 71.577 71.577 71.577 71.577 71.577 71.577 71.577 71.577 71.577 71.577 71.577 71.577 71.577 71.577 
1 1 1 1 1 1 1 1 1 1 1 1 1 1 1 1 1 1 1 1 1 1 1 1 
