6 10 
-6.27744e+66 71.7631 165.858 280.544 611.536 777.206 777.206 
-6.27744e+66 -6.27744e+66 71.7631 129.106 349.768 474.02 474.02 
-6.27744e+66 -6.27744e+66 -6.27744e+66 71.7631 182.094 264.929 264.929 
-6.27744e+66 -6.27744e+66 -6.27744e+66 -6.27744e+66 71.7631 113.181 113.181 
-6.27744e+66 -6.27744e+66 -6.27744e+66 -6.27744e+66 -6.27744e+66 71.7631 71.7631 
-6.27744e+66 -6.27744e+66 -6.27744e+66 -6.27744e+66 -6.27744e+66 -6.27744e+66 71.7631 
-6.27744e+66 -6.27744e+66 -6.27744e+66 -6.27744e+66 -6.27744e+66 -6.27744e+66 -6.27744e+66 
-6.27744e+66 52.6615 52.6615 52.6615 351.028 595.841 595.841 
-6.27744e+66 -6.27744e+66 52.6615 52.6615 251.573 435.182 435.182 
-6.27744e+66 -6.27744e+66 -6.27744e+66 52.6615 152.117 274.524 274.524 
-6.27744e+66 -6.27744e+66 -6.27744e+66 -6.27744e+66 52.6615 113.865 113.865 
-6.27744e+66 -6.27744e+66 -6.27744e+66 -6.27744e+66 -6.27744e+66 52.6615 52.6615 
-6.27744e+66 -6.27744e+66 -6.27744e+66 -6.27744e+66 -6.27744e+66 -6.27744e+66 52.6615 
-6.27744e+66 -6.27744e+66 -6.27744e+66 -6.27744e+66 -6.27744e+66 -6.27744e+66 -6.27744e+66 
-6.27744e+66 45.435 132.201 241.81 589.956 975.854 1595.13 
-6.27744e+66 -6.27744e+66 45.435 100.24 332.337 621.76 1117.19 
-6.27744e+66 -6.27744e+66 -6.27744e+66 45.435 161.483 354.432 726.001 
-6.27744e+66 -6.27744e+66 -6.27744e+66 -6.27744e+66 45.435 141.909 389.622 
-6.27744e+66 -6.27744e+66 -6.27744e+66 -6.27744e+66 -6.27744e+66 45.435 169.291 
-6.27744e+66 -6.27744e+66 -6.27744e+66 -6.27744e+66 -6.27744e+66 -6.27744e+66 45.435 
-6.27744e+66 -6.27744e+66 -6.27744e+66 -6.27744e+66 -6.27744e+66 -6.27744e+66 -6.27744e+66 
-6.27744e+66 86.7296 86.7296 157.14 157.14 157.14 157.14 
-6.27744e+66 -6.27744e+66 86.7296 121.935 121.935 121.935 121.935 
-6.27744e+66 -6.27744e+66 -6.27744e+66 86.7296 86.7296 86.7296 86.7296 
-6.27744e+66 -6.27744e+66 -6.27744e+66 -6.27744e+66 86.7296 86.7296 86.7296 
-6.27744e+66 -6.27744e+66 -6.27744e+66 -6.27744e+66 -6.27744e+66 86.7296 86.7296 
-6.27744e+66 -6.27744e+66 -6.27744e+66 -6.27744e+66 -6.27744e+66 -6.27744e+66 86.7296 
-6.27744e+66 -6.27744e+66 -6.27744e+66 -6.27744e+66 -6.27744e+66 -6.27744e+66 -6.27744e+66 
-6.27744e+66 41.1842 148.542 288.197 288.197 288.197 288.197 
-6.27744e+66 -6.27744e+66 41.1842 111.012 111.012 111.012 111.012 
-6.27744e+66 -6.27744e+66 -6.27744e+66 41.1842 41.1842 41.1842 41.1842 
-6.27744e+66 -6.27744e+66 -6.27744e+66 -6.27744e+66 41.1842 41.1842 41.1842 
-6.27744e+66 -6.27744e+66 -6.27744e+66 -6.27744e+66 -6.27744e+66 41.1842 41.1842 
-6.27744e+66 -6.27744e+66 -6.27744e+66 -6.27744e+66 -6.27744e+66 -6.27744e+66 41.1842 
-6.27744e+66 -6.27744e+66 -6.27744e+66 -6.27744e+66 -6.27744e+66 -6.27744e+66 -6.27744e+66 
-6.27744e+66 71.7829 71.7829 71.7829 71.7829 377.364 377.364 
-6.27744e+66 -6.27744e+66 71.7829 71.7829 71.7829 300.968 300.968 
-6.27744e+66 -6.27744e+66 -6.27744e+66 71.7829 71.7829 224.573 224.573 
-6.27744e+66 -6.27744e+66 -6.27744e+66 -6.27744e+66 71.7829 148.178 148.178 
-6.27744e+66 -6.27744e+66 -6.27744e+66 -6.27744e+66 -6.27744e+66 71.7829 71.7829 
-6.27744e+66 -6.27744e+66 -6.27744e+66 -6.27744e+66 -6.27744e+66 -6.27744e+66 71.7829 
-6.27744e+66 -6.27744e+66 -6.27744e+66 -6.27744e+66 -6.27744e+66 -6.27744e+66 -6.27744e+66 
-6.27744e+66 82.2107 161.946 161.946 161.946 552.157 1287.55 
-6.27744e+66 -6.27744e+66 82.2107 82.2107 82.2107 374.869 963.185 
-6.27744e+66 -6.27744e+66 -6.27744e+66 82.2107 82.2107 277.316 718.553 
-6.27744e+66 -6.27744e+66 -6.27744e+66 -6.27744e+66 82.2107 179.764 473.921 
-6.27744e+66 -6.27744e+66 -6.27744e+66 -6.27744e+66 -6.27744e+66 82.2107 229.29 
-6.27744e+66 -6.27744e+66 -6.27744e+66 -6.27744e+66 -6.27744e+66 -6.27744e+66 82.2107 
-6.27744e+66 -6.27744e+66 -6.27744e+66 -6.27744e+66 -6.27744e+66 -6.27744e+66 -6.27744e+66 
-6.27744e+66 81.2999 81.2999 81.2999 284.53 404.498 404.498 
-6.27744e+66 -6.27744e+66 81.2999 81.2999 216.787 306.762 306.762 
-6.27744e+66 -6.27744e+66 -6.27744e+66 81.2999 149.043 209.027 209.027 
-6.27744e+66 -6.27744e+66 -6.27744e+66 -6.27744e+66 81.2999 111.292 111.292 
-6.27744e+66 -6.27744e+66 -6.27744e+66 -6.27744e+66 -6.27744e+66 81.2999 81.2999 
-6.27744e+66 -6.27744e+66 -6.27744e+66 -6.27744e+66 -6.27744e+66 -6.27744e+66 81.2999 
-6.27744e+66 -6.27744e+66 -6.27744e+66 -6.27744e+66 -6.27744e+66 -6.27744e+66 -6.27744e+66 
-6.27744e+66 85.2696 170.118 255.831 630.383 630.383 1147.67 
-6.27744e+66 -6.27744e+66 85.2696 128.126 377.828 377.828 791.656 
-6.27744e+66 -6.27744e+66 -6.27744e+66 85.2696 210.121 210.121 520.491 
-6.27744e+66 -6.27744e+66 -6.27744e+66 -6.27744e+66 85.2696 85.2696 292.184 
-6.27744e+66 -6.27744e+66 -6.27744e+66 -6.27744e+66 -6.27744e+66 85.2696 188.727 
-6.27744e+66 -6.27744e+66 -6.27744e+66 -6.27744e+66 -6.27744e+66 -6.27744e+66 85.2696 
-6.27744e+66 -6.27744e+66 -6.27744e+66 -6.27744e+66 -6.27744e+66 -6.27744e+66 -6.27744e+66 
-6.27744e+66 56.6581 143.222 143.222 463.785 701.63 1245.85 
-6.27744e+66 -6.27744e+66 56.6581 56.6581 270.366 448.75 884.13 
-6.27744e+66 -6.27744e+66 -6.27744e+66 56.6581 163.512 282.435 608.97 
-6.27744e+66 -6.27744e+66 -6.27744e+66 -6.27744e+66 56.6581 116.119 333.809 
-6.27744e+66 -6.27744e+66 -6.27744e+66 -6.27744e+66 -6.27744e+66 56.6581 165.503 
-6.27744e+66 -6.27744e+66 -6.27744e+66 -6.27744e+66 -6.27744e+66 -6.27744e+66 56.6581 
-6.27744e+66 -6.27744e+66 -6.27744e+66 -6.27744e+66 -6.27744e+66 -6.27744e+66 -6.27744e+66 
