18 5 
16.6223 16.6223 16.6223 16.6223 16.6223 16.6223 16.6223 16.6223 16.6223 16.6223 16.6223 16.6223 16.6223 16.6223 16.6223 16.6223 16.6223 16.6223 
item 0
44.2155 120.381 69.2484 108.767 73.666 80.0344 46.3745 117.322 62.3661 83.9391 46.0229 123.81 35.4779 99.2741 42.7641 94.3116 54.5529 64.2794 
55.0399 55.0399 55.0399 55.0399 55.0399 55.0399 55.0399 55.0399 55.0399 55.0399 55.0399 55.0399 55.0399 55.0399 55.0399 55.0399 55.0399 55.0399 
1 1 1 1 1 1 1 1 1 1 1 1 1 1 1 1 1 1 
item 1
93.2942 102.732 25.6716 105.972 64.003 95.521 71.6854 99.4542 46.7277 104.595 51.4189 153.597 35.4361 104.623 30.8833 111.731 86.4772 136.678 
18.4135 18.4135 18.4135 18.4135 18.4135 18.4135 18.4135 18.4135 18.4135 18.4135 18.4135 18.4135 18.4135 18.4135 18.4135 18.4135 18.4135 18.4135 
1 1 1 1 1 1 1 1 1 1 1 1 1 1 1 1 1 1 
item 2
46.2524 134.22 61.8873 82.8319 25.097 85.5379 44.9435 80.9343 13.2955 103.213 87.2193 95.6771 71.2467 130.06 60.8073 88.4645 27.2565 90.5103 
54.639 54.639 54.639 54.639 54.639 54.639 54.639 54.639 54.639 54.639 54.639 54.639 54.639 54.639 54.639 54.639 54.639 54.639 
1 1 1 1 1 1 1 1 1 1 1 1 1 1 1 1 1 1 
item 3
29.2858 86.0514 33.7165 112.241 56.7278 123.868 45.3398 89.6176 15.5603 128.362 60.9357 112.667 59.2729 107.086 65.5174 93.6557 20.0975 109.689 
29.6295 29.6295 29.6295 29.6295 29.6295 29.6295 29.6295 29.6295 29.6295 29.6295 29.6295 29.6295 29.6295 29.6295 29.6295 29.6295 29.6295 29.6295 
1 1 1 1 1 1 1 1 1 1 1 1 1 1 1 1 1 1 
item 4
38.2252 102.949 50.5084 88.7265 64.7272 107.956 0 80.2186 73.9351 116.91 77.2207 109.373 45.7079 74.1406 57.1819 118.543 38.2841 102.256 
30.0667 30.0667 30.0667 30.0667 30.0667 30.0667 30.0667 30.0667 30.0667 30.0667 30.0667 30.0667 30.0667 30.0667 30.0667 30.0667 30.0667 30.0667 
1 1 1 1 1 1 1 1 1 1 1 1 1 1 1 1 1 1 
