12 40 
501.059 501.059 501.059 501.059 501.059 501.059 501.059 501.059 501.059 501.059 501.059 501.059 
item 0
17.0174 86.2119 40.6053 85.662 47.7143 85.0015 51.722 99.3842 45.9748 94.8667 113.604 62.0881 
52.5567 52.5567 52.5567 52.5567 52.5567 52.5567 52.5567 52.5567 52.5567 52.5567 52.5567 52.5567 
1 1 1 1 1 1 1 1 1 1 1 1 
item 1
59.9096 140.602 28.3359 94.1646 27.9393 116.131 23.0494 139.778 60.5661 91.2216 58.0897 117.011 
45.8629 45.8629 45.8629 45.8629 45.8629 45.8629 45.8629 45.8629 45.8629 45.8629 45.8629 45.8629 
1 1 1 1 1 1 1 1 1 1 1 1 
item 2
67.9564 89.7623 35.7378 63.7156 79.7839 95.4471 59.0667 100.012 56.4618 111.081 54.2642 82.5 
33.9453 33.9453 33.9453 33.9453 33.9453 33.9453 33.9453 33.9453 33.9453 33.9453 33.9453 33.9453 
1 1 1 1 1 1 1 1 1 1 1 1 
item 3
63.0787 92.6813 72.8912 84.364 40.5561 117.917 78.3515 97.9252 70.1963 124.175 58.6828 105.7 
78.6436 78.6436 78.6436 78.6436 78.6436 78.6436 78.6436 78.6436 78.6436 78.6436 78.6436 78.6436 
1 1 1 1 1 1 1 1 1 1 1 1 
item 4
67.8414 100.587 41.1865 102.85 48.7491 84.1873 36.741 124.981 76.8289 98.5286 51.92 61.5625 
82.2109 82.2109 82.2109 82.2109 82.2109 82.2109 82.2109 82.2109 82.2109 82.2109 82.2109 82.2109 
1 1 1 1 1 1 1 1 1 1 1 1 
item 5
65.3456 134.354 59.0307 82.4134 45.219 37.8949 31.2804 85.208 86.151 106.142 57.996 127.395 
66.5336 66.5336 66.5336 66.5336 66.5336 66.5336 66.5336 66.5336 66.5336 66.5336 66.5336 66.5336 
1 1 1 1 1 1 1 1 1 1 1 1 
item 6
27.2063 92.5182 104.935 68.5201 70.2904 111.253 38.5645 59.2358 70.6307 72.2907 55.5222 83.5579 
37.842 37.842 37.842 37.842 37.842 37.842 37.842 37.842 37.842 37.842 37.842 37.842 
1 1 1 1 1 1 1 1 1 1 1 1 
item 7
48.3954 89.8788 82.8102 107.865 86.9591 99.441 55.8475 88.4587 70.6881 112.12 67.3863 88.4258 
56.5622 56.5622 56.5622 56.5622 56.5622 56.5622 56.5622 56.5622 56.5622 56.5622 56.5622 56.5622 
1 1 1 1 1 1 1 1 1 1 1 1 
item 8
70.1081 112.599 78.8401 62.3587 51.6142 100.931 37.7941 95.3891 45.3282 95.742 40.8981 104.628 
51.2189 51.2189 51.2189 51.2189 51.2189 51.2189 51.2189 51.2189 51.2189 51.2189 51.2189 51.2189 
1 1 1 1 1 1 1 1 1 1 1 1 
item 9
74.1739 139.511 33.6548 90.3891 84.668 96.0164 37.9077 109.535 32.5768 60.5006 51.4442 84.7417 
64.5879 64.5879 64.5879 64.5879 64.5879 64.5879 64.5879 64.5879 64.5879 64.5879 64.5879 64.5879 
1 1 1 1 1 1 1 1 1 1 1 1 
item 10
49.2829 117.753 38.6622 77.4481 27.6382 116.287 51.2888 97.694 44.0961 89.0031 38.5128 104.218 
28.1679 28.1679 28.1679 28.1679 28.1679 28.1679 28.1679 28.1679 28.1679 28.1679 28.1679 28.1679 
1 1 1 1 1 1 1 1 1 1 1 1 
item 11
72.4265 105.126 60.7699 102.834 73.901 104.425 63.637 98.0299 0 106.369 0 129.728 
28.8782 28.8782 28.8782 28.8782 28.8782 28.8782 28.8782 28.8782 28.8782 28.8782 28.8782 28.8782 
1 1 1 1 1 1 1 1 1 1 1 1 
item 12
96.9193 127.457 38.8451 75.6611 38.4909 69.9899 34.0488 129.656 54.451 76.4261 49.5961 104.726 
50.6062 50.6062 50.6062 50.6062 50.6062 50.6062 50.6062 50.6062 50.6062 50.6062 50.6062 50.6062 
1 1 1 1 1 1 1 1 1 1 1 1 
item 13
33.6018 93.3198 51.0386 74.8274 73.4707 108.432 74.9595 87.0844 59.0425 130.828 37.2429 77.2705 
74.2978 74.2978 74.2978 74.2978 74.2978 74.2978 74.2978 74.2978 74.2978 74.2978 74.2978 74.2978 
1 1 1 1 1 1 1 1 1 1 1 1 
item 14
24.5804 82.5918 76.1536 99.439 34.9098 131.798 41.3086 108.125 77.3757 108.606 49.6955 95.318 
83.6981 83.6981 83.6981 83.6981 83.6981 83.6981 83.6981 83.6981 83.6981 83.6981 83.6981 83.6981 
1 1 1 1 1 1 1 1 1 1 1 1 
item 15
20.4779 91.0674 44.5813 132.709 79.1992 84.9035 47.2243 138.367 27.5829 106.512 64.5529 83.7139 
86.4184 86.4184 86.4184 86.4184 86.4184 86.4184 86.4184 86.4184 86.4184 86.4184 86.4184 86.4184 
1 1 1 1 1 1 1 1 1 1 1 1 
item 16
56.9415 113.664 42.1059 97.1863 17.5594 103.923 46.658 87.6684 59.3743 97.1469 32.0433 88.6567 
73.0523 73.0523 73.0523 73.0523 73.0523 73.0523 73.0523 73.0523 73.0523 73.0523 73.0523 73.0523 
1 1 1 1 1 1 1 1 1 1 1 1 
item 17
42.1573 126.707 30.7876 109.012 49.0815 81.3889 42.5542 54.1719 78.5547 129.758 35.0757 98.0365 
75.3952 75.3952 75.3952 75.3952 75.3952 75.3952 75.3952 75.3952 75.3952 75.3952 75.3952 75.3952 
1 1 1 1 1 1 1 1 1 1 1 1 
item 18
22.24 96.8246 36.0995 45.6969 21.0667 118.476 59.9567 92.6586 58.6899 85.7569 31.2296 94.3735 
67.789 67.789 67.789 67.789 67.789 67.789 67.789 67.789 67.789 67.789 67.789 67.789 
1 1 1 1 1 1 1 1 1 1 1 1 
item 19
26.178 99.4027 55.6879 106.74 46.4233 113.315 64.3525 96.1051 49.2781 76.2525 41.4432 101.233 
60.3399 60.3399 60.3399 60.3399 60.3399 60.3399 60.3399 60.3399 60.3399 60.3399 60.3399 60.3399 
1 1 1 1 1 1 1 1 1 1 1 1 
item 20
32.4582 148.633 81.9866 80.1991 96.9044 47.2603 43.3278 82.1976 45.9074 118.035 58.1103 110.733 
52.465 52.465 52.465 52.465 52.465 52.465 52.465 52.465 52.465 52.465 52.465 52.465 
1 1 1 1 1 1 1 1 1 1 1 1 
item 21
23.8208 98.9308 50.2886 128.986 25.0329 110.218 49.4664 91.6807 64.6709 90.258 36.4767 90.9094 
43.4641 43.4641 43.4641 43.4641 43.4641 43.4641 43.4641 43.4641 43.4641 43.4641 43.4641 43.4641 
1 1 1 1 1 1 1 1 1 1 1 1 
item 22
61.8459 59.0922 60.8043 65.6794 39.5997 125.764 59.4946 90.7864 87.592 57.7427 64.9415 92.8233 
99.7314 99.7314 99.7314 99.7314 99.7314 99.7314 99.7314 99.7314 99.7314 99.7314 99.7314 99.7314 
1 1 1 1 1 1 1 1 1 1 1 1 
item 23
72.3976 88.8076 69.8029 116.005 54.7291 129.557 39.7363 128.07 55.8398 107.974 28.4312 97.0032 
51.685 51.685 51.685 51.685 51.685 51.685 51.685 51.685 51.685 51.685 51.685 51.685 
1 1 1 1 1 1 1 1 1 1 1 1 
item 24
32.7151 100.938 54.4707 76.5297 68.1058 95.0429 51.2438 104.753 60.4376 133.158 66.2621 102.015 
67.7853 67.7853 67.7853 67.7853 67.7853 67.7853 67.7853 67.7853 67.7853 67.7853 67.7853 67.7853 
1 1 1 1 1 1 1 1 1 1 1 1 
item 25
79.2666 103.475 26.3365 71.6911 16.4124 85.9742 63.3223 104.831 59.7835 121.289 55.8676 108.33 
61.2142 61.2142 61.2142 61.2142 61.2142 61.2142 61.2142 61.2142 61.2142 61.2142 61.2142 61.2142 
1 1 1 1 1 1 1 1 1 1 1 1 
item 26
80.68 118.328 61.4566 107.88 51.4997 61.5482 4.44737 119.415 97.2953 138.825 53.6127 88.9387 
66.7379 66.7379 66.7379 66.7379 66.7379 66.7379 66.7379 66.7379 66.7379 66.7379 66.7379 66.7379 
1 1 1 1 1 1 1 1 1 1 1 1 
item 27
53.4286 102.469 73.7628 101.166 53.6675 116.126 55.9897 52.2947 59.5286 111.345 53.182 95.7493 
63.7001 63.7001 63.7001 63.7001 63.7001 63.7001 63.7001 63.7001 63.7001 63.7001 63.7001 63.7001 
1 1 1 1 1 1 1 1 1 1 1 1 
item 28
59.0157 99.6755 61.835 53.5773 65.8264 95.1607 32.3939 69.2916 31.443 103.771 17.9974 95.2965 
47.4892 47.4892 47.4892 47.4892 47.4892 47.4892 47.4892 47.4892 47.4892 47.4892 47.4892 47.4892 
1 1 1 1 1 1 1 1 1 1 1 1 
item 29
77.0985 90.1507 51.2696 133.178 47.9974 57.5748 48.3506 106.252 31.032 108.706 79.6548 129.39 
49.4756 49.4756 49.4756 49.4756 49.4756 49.4756 49.4756 49.4756 49.4756 49.4756 49.4756 49.4756 
1 1 1 1 1 1 1 1 1 1 1 1 
item 30
67.4267 121.689 12.5994 86.9708 62.3944 112.723 46.0351 52.2565 41.1141 94.8364 35.7521 79.4401 
80.4281 80.4281 80.4281 80.4281 80.4281 80.4281 80.4281 80.4281 80.4281 80.4281 80.4281 80.4281 
1 1 1 1 1 1 1 1 1 1 1 1 
item 31
56.3972 124.39 46.8294 120.806 33.0979 118.435 69.1222 80.3364 50.8141 63.8739 21.4623 70.3973 
60.4619 60.4619 60.4619 60.4619 60.4619 60.4619 60.4619 60.4619 60.4619 60.4619 60.4619 60.4619 
1 1 1 1 1 1 1 1 1 1 1 1 
item 32
25.0511 92.005 58.9764 83.462 57.6759 93.2042 52.7203 124.695 28.1979 131.706 79.0496 121.346 
63.0608 63.0608 63.0608 63.0608 63.0608 63.0608 63.0608 63.0608 63.0608 63.0608 63.0608 63.0608 
1 1 1 1 1 1 1 1 1 1 1 1 
item 33
73.3389 65.5385 49.7535 94.6914 70.0271 78.5864 0 101.116 92.2401 91.3411 18.9582 111.285 
80.015 80.015 80.015 80.015 80.015 80.015 80.015 80.015 80.015 80.015 80.015 80.015 
1 1 1 1 1 1 1 1 1 1 1 1 
item 34
47.1984 107.329 45.6411 109.581 59.6679 105.106 80.2005 75.4289 81.8231 91.7416 56.1947 91.7275 
66.2341 66.2341 66.2341 66.2341 66.2341 66.2341 66.2341 66.2341 66.2341 66.2341 66.2341 66.2341 
1 1 1 1 1 1 1 1 1 1 1 1 
item 35
36.473 89.1707 59.7864 123.664 69.0978 125.223 46.1364 124.136 50.6808 108.989 51.4142 124.298 
86.061 86.061 86.061 86.061 86.061 86.061 86.061 86.061 86.061 86.061 86.061 86.061 
1 1 1 1 1 1 1 1 1 1 1 1 
item 36
62.6058 106.825 36.2198 123.048 73.5051 101.963 38.972 101.941 24.1228 78.9093 53.6884 136.461 
96.3513 96.3513 96.3513 96.3513 96.3513 96.3513 96.3513 96.3513 96.3513 96.3513 96.3513 96.3513 
1 1 1 1 1 1 1 1 1 1 1 1 
item 37
53.3482 127.938 40.7747 97.0351 88.1261 80.0842 43.1987 109.092 17.6339 101.944 75.5373 103.414 
50.2073 50.2073 50.2073 50.2073 50.2073 50.2073 50.2073 50.2073 50.2073 50.2073 50.2073 50.2073 
1 1 1 1 1 1 1 1 1 1 1 1 
item 38
55.2928 93.0326 71.4867 94.3442 72.0585 132.299 30.8465 77.9413 34.7317 86.5935 24.7648 98.106 
52.5857 52.5857 52.5857 52.5857 52.5857 52.5857 52.5857 52.5857 52.5857 52.5857 52.5857 52.5857 
1 1 1 1 1 1 1 1 1 1 1 1 
item 39
56.5492 106.333 49.5831 105.418 48.6049 80.7357 81.6333 89.7104 64.6431 60.9582 73.8544 106.036 
40.8996 40.8996 40.8996 40.8996 40.8996 40.8996 40.8996 40.8996 40.8996 40.8996 40.8996 40.8996 
1 1 1 1 1 1 1 1 1 1 1 1 
