12 10 
82.9469 82.9469 82.9469 82.9469 82.9469 82.9469 82.9469 82.9469 82.9469 82.9469 82.9469 82.9469 
item 0
56.6759 107.694 0 120.515 0 0 37.4196 101.875 47.561 104.784 72.9742 110.712 
74.1427 74.1427 74.1427 74.1427 74.1427 74.1427 74.1427 74.1427 74.1427 74.1427 74.1427 74.1427 
1 1 1 1 1 1 1 1 1 1 1 1 
item 1
43.3075 65.1388 0 0 0 90.1856 18.5406 0 85.3115 102.16 0 0 
94.1465 94.1465 94.1465 94.1465 94.1465 94.1465 94.1465 94.1465 94.1465 94.1465 94.1465 94.1465 
1 1 1 1 1 1 1 1 1 1 1 1 
item 2
78.3574 109.886 0 0 29.3245 119.92 60.4993 98.401 0 112.3 39.2594 108.635 
46.6768 46.6768 46.6768 46.6768 46.6768 46.6768 46.6768 46.6768 46.6768 46.6768 46.6768 46.6768 
1 1 1 1 1 1 1 1 1 1 1 1 
item 3
33.8786 106.016 0 0 0 136.072 0 0 0 0 15.7583 92.3402 
67.8461 67.8461 67.8461 67.8461 67.8461 67.8461 67.8461 67.8461 67.8461 67.8461 67.8461 67.8461 
1 1 1 1 1 1 1 1 1 1 1 1 
item 4
60.032 0 31.6146 114.167 0 0 0 0 39.5528 0 0 111.761 
64.6156 64.6156 64.6156 64.6156 64.6156 64.6156 64.6156 64.6156 64.6156 64.6156 64.6156 64.6156 
1 1 1 1 1 1 1 1 1 1 1 1 
item 5
46.2478 0 58.4735 0 24.8619 0 0 0 0 115.55 0 0 
58.9342 58.9342 58.9342 58.9342 58.9342 58.9342 58.9342 58.9342 58.9342 58.9342 58.9342 58.9342 
1 1 1 1 1 1 1 1 1 1 1 1 
item 6
48.7872 88.3768 0 103.147 64.5913 107.148 36.931 124.441 5.23424 0 58.7353 100.469 
50.2682 50.2682 50.2682 50.2682 50.2682 50.2682 50.2682 50.2682 50.2682 50.2682 50.2682 50.2682 
1 1 1 1 1 1 1 1 1 1 1 1 
item 7
51.1316 77.7481 0 0 0 0 0 0 0 0 0 0 
45.5762 45.5762 45.5762 45.5762 45.5762 45.5762 45.5762 45.5762 45.5762 45.5762 45.5762 45.5762 
1 1 1 1 1 1 1 1 1 1 1 1 
item 8
36.8734 0 0 0 39.8234 93.6006 0 0 0 0 39.1691 0 
52.8354 52.8354 52.8354 52.8354 52.8354 52.8354 52.8354 52.8354 52.8354 52.8354 52.8354 52.8354 
1 1 1 1 1 1 1 1 1 1 1 1 
item 9
45.0982 0 48.9293 0 0 58.3751 0 82.2879 79.1079 0 48.2959 0 
54.179 54.179 54.179 54.179 54.179 54.179 54.179 54.179 54.179 54.179 54.179 54.179 
1 1 1 1 1 1 1 1 1 1 1 1 
