12 10 
43.4773 43.4773 43.4773 43.4773 43.4773 43.4773 43.4773 43.4773 43.4773 43.4773 43.4773 43.4773 
item 0
71.6332 84.9305 41.7385 117.613 59.5173 106.214 53.6385 101.842 35.36 87.4027 24.4829 82.2571 
64.2695 64.2695 64.2695 64.2695 64.2695 64.2695 64.2695 64.2695 64.2695 64.2695 64.2695 64.2695 
1 1 1 1 1 1 1 1 1 1 1 1 
item 1
27.7337 60.2504 85.3946 137.004 55.188 113.893 61.3114 95.86 14.6032 110.09 69.6119 55.6632 
37.9488 37.9488 37.9488 37.9488 37.9488 37.9488 37.9488 37.9488 37.9488 37.9488 37.9488 37.9488 
1 1 1 1 1 1 1 1 1 1 1 1 
item 2
45.8304 87.4916 73.2039 102.579 33.8162 85.5335 45.5484 86.3721 94.1613 112.322 90.8355 129.375 
62.9209 62.9209 62.9209 62.9209 62.9209 62.9209 62.9209 62.9209 62.9209 62.9209 62.9209 62.9209 
1 1 1 1 1 1 1 1 1 1 1 1 
item 3
32.4074 96.251 61.948 47.7103 26.2477 127.877 54.0455 85.1936 44.6393 98.1316 67.6316 89.1177 
52.8829 52.8829 52.8829 52.8829 52.8829 52.8829 52.8829 52.8829 52.8829 52.8829 52.8829 52.8829 
1 1 1 1 1 1 1 1 1 1 1 1 
item 4
14.2078 113.055 38.2373 90.952 45.6441 110.982 52.0923 79.6073 84.2204 109.12 23.8504 114.515 
82.8255 82.8255 82.8255 82.8255 82.8255 82.8255 82.8255 82.8255 82.8255 82.8255 82.8255 82.8255 
1 1 1 1 1 1 1 1 1 1 1 1 
item 5
40.8577 113.928 52.7097 109.999 40.9024 96.6568 50.3812 105.141 41.955 56.1453 57.4928 102.198 
27.6294 27.6294 27.6294 27.6294 27.6294 27.6294 27.6294 27.6294 27.6294 27.6294 27.6294 27.6294 
1 1 1 1 1 1 1 1 1 1 1 1 
item 6
40.2681 99.173 70.7938 73.5762 56.0862 112.659 35.993 66.6108 40.7774 94.0563 73.2569 86.1319 
72.8945 72.8945 72.8945 72.8945 72.8945 72.8945 72.8945 72.8945 72.8945 72.8945 72.8945 72.8945 
1 1 1 1 1 1 1 1 1 1 1 1 
item 7
43.9726 104.684 13.5318 69.502 47.4141 122.812 35.5226 119.586 82.2134 76.0602 46.0421 132.365 
83.6552 83.6552 83.6552 83.6552 83.6552 83.6552 83.6552 83.6552 83.6552 83.6552 83.6552 83.6552 
1 1 1 1 1 1 1 1 1 1 1 1 
item 8
43.4865 102.776 66.4184 75.3939 28.2692 105.35 70.3782 99.9433 43.8264 80.2967 36.205 96.2098 
35.8419 35.8419 35.8419 35.8419 35.8419 35.8419 35.8419 35.8419 35.8419 35.8419 35.8419 35.8419 
1 1 1 1 1 1 1 1 1 1 1 1 
item 9
68.7995 69.6836 54.2053 103.815 43.2159 106.059 9.44722 90.4924 45.018 101.895 34.872 112.6 
78.0114 78.0114 78.0114 78.0114 78.0114 78.0114 78.0114 78.0114 78.0114 78.0114 78.0114 78.0114 
1 1 1 1 1 1 1 1 1 1 1 1 
