12 40 
501.059 501.059 501.059 501.059 501.059 501.059 501.059 501.059 501.059 501.059 501.059 501.059 
item 0
68.4864 84.5897 0 0 0 72.0094 35.2578 108.412 0 0 53.2545 0 
83.6903 83.6903 83.6903 83.6903 83.6903 83.6903 83.6903 83.6903 83.6903 83.6903 83.6903 83.6903 
1 1 1 1 1 1 1 1 1 1 1 1 
item 1
61.6055 0 46.2854 0 0 0 0 113.434 0 125.106 0 0 
59.3422 59.3422 59.3422 59.3422 59.3422 59.3422 59.3422 59.3422 59.3422 59.3422 59.3422 59.3422 
1 1 1 1 1 1 1 1 1 1 1 1 
item 2
67.1957 114.147 0 0 50.7134 0 63.6422 119.308 0 0 0 0 
73.1396 73.1396 73.1396 73.1396 73.1396 73.1396 73.1396 73.1396 73.1396 73.1396 73.1396 73.1396 
1 1 1 1 1 1 1 1 1 1 1 1 
item 3
63.9979 103.781 0 0 0 99.4015 39.3041 0 18.9932 98.2824 36.6359 76.4621 
76.1978 76.1978 76.1978 76.1978 76.1978 76.1978 76.1978 76.1978 76.1978 76.1978 76.1978 76.1978 
1 1 1 1 1 1 1 1 1 1 1 1 
item 4
41.4975 0 60.5682 0 26.9372 91.7683 36.7883 0 0 76.3296 28.3946 0 
63.9619 63.9619 63.9619 63.9619 63.9619 63.9619 63.9619 63.9619 63.9619 63.9619 63.9619 63.9619 
1 1 1 1 1 1 1 1 1 1 1 1 
item 5
53.6672 70.4915 63.1079 86.7161 28.3263 0 0 0 0 70.4392 51.8993 113.791 
69.7903 69.7903 69.7903 69.7903 69.7903 69.7903 69.7903 69.7903 69.7903 69.7903 69.7903 69.7903 
1 1 1 1 1 1 1 1 1 1 1 1 
item 6
39.0323 117.198 43.6384 113.551 34.4228 0 0 0 46.3106 74.0638 69.829 0 
-3.3465 -3.3465 -3.3465 -3.3465 -3.3465 -3.3465 -3.3465 -3.3465 -3.3465 -3.3465 -3.3465 -3.3465 
1 1 1 1 1 1 1 1 1 1 1 1 
item 7
56.1884 58.1728 53.703 0 0 119.398 0 105.905 79.5554 0 0 0 
47.9978 47.9978 47.9978 47.9978 47.9978 47.9978 47.9978 47.9978 47.9978 47.9978 47.9978 47.9978 
1 1 1 1 1 1 1 1 1 1 1 1 
item 8
44.447 86.7158 0 0 0 0 0 96.039 30.0633 103.023 0 104.629 
84.91 84.91 84.91 84.91 84.91 84.91 84.91 84.91 84.91 84.91 84.91 84.91 
1 1 1 1 1 1 1 1 1 1 1 1 
item 9
59.2892 0 0 0 63.8479 98.4112 75.1214 67.3114 34.243 112.233 0 98.1473 
85.2999 85.2999 85.2999 85.2999 85.2999 85.2999 85.2999 85.2999 85.2999 85.2999 85.2999 85.2999 
1 1 1 1 1 1 1 1 1 1 1 1 
item 10
39.3106 82.343 83.4296 108.154 0 0 0 0 0 0 0 0 
79.2826 79.2826 79.2826 79.2826 79.2826 79.2826 79.2826 79.2826 79.2826 79.2826 79.2826 79.2826 
1 1 1 1 1 1 1 1 1 1 1 1 
item 11
40.5775 0 0 113.72 56.4796 0 0 0 35.5129 89.9302 46.0134 92.8619 
89.6788 89.6788 89.6788 89.6788 89.6788 89.6788 89.6788 89.6788 89.6788 89.6788 89.6788 89.6788 
1 1 1 1 1 1 1 1 1 1 1 1 
item 12
74.4045 98.3083 93.8491 0 0 75.038 0 0 0 104.576 0 0 
73.2492 73.2492 73.2492 73.2492 73.2492 73.2492 73.2492 73.2492 73.2492 73.2492 73.2492 73.2492 
1 1 1 1 1 1 1 1 1 1 1 1 
item 13
90.3051 0 45.6372 0 44.9792 0 0 99.8331 43.9591 0 79.3278 160.164 
58.9468 58.9468 58.9468 58.9468 58.9468 58.9468 58.9468 58.9468 58.9468 58.9468 58.9468 58.9468 
1 1 1 1 1 1 1 1 1 1 1 1 
item 14
27.0214 101.047 51.4963 108.714 0 0 0 0 0 101.104 24.1137 114.744 
61.555 61.555 61.555 61.555 61.555 61.555 61.555 61.555 61.555 61.555 61.555 61.555 
1 1 1 1 1 1 1 1 1 1 1 1 
item 15
38.7978 0 0 0 0 0 0 80.9283 34.0925 0 0 0 
53.8788 53.8788 53.8788 53.8788 53.8788 53.8788 53.8788 53.8788 53.8788 53.8788 53.8788 53.8788 
1 1 1 1 1 1 1 1 1 1 1 1 
item 16
60.5623 0 0 0 53.8281 0 0 119.488 30.6129 0 0 0 
59.506 59.506 59.506 59.506 59.506 59.506 59.506 59.506 59.506 59.506 59.506 59.506 
1 1 1 1 1 1 1 1 1 1 1 1 
item 17
76.2789 90.6181 19.8123 104.394 52.7813 140.44 93.4754 0 0 0 0 121.244 
86.3948 86.3948 86.3948 86.3948 86.3948 86.3948 86.3948 86.3948 86.3948 86.3948 86.3948 86.3948 
1 1 1 1 1 1 1 1 1 1 1 1 
item 18
43.0046 0 0 96.0618 0 0 0 116.718 64.2101 0 0 86.537 
64.6937 64.6937 64.6937 64.6937 64.6937 64.6937 64.6937 64.6937 64.6937 64.6937 64.6937 64.6937 
1 1 1 1 1 1 1 1 1 1 1 1 
item 19
36.9458 99.6993 65.4762 0 52.2442 0 67.5081 102.027 0 0 54.0187 0 
60.0669 60.0669 60.0669 60.0669 60.0669 60.0669 60.0669 60.0669 60.0669 60.0669 60.0669 60.0669 
1 1 1 1 1 1 1 1 1 1 1 1 
item 20
25.5706 0 0 80.2382 46.4313 0 0 0 60.9556 0 0 56.8818 
38.992 38.992 38.992 38.992 38.992 38.992 38.992 38.992 38.992 38.992 38.992 38.992 
1 1 1 1 1 1 1 1 1 1 1 1 
item 21
40.1272 124.552 0 121.784 0 103.184 0 0 35.3753 88.5785 0 46.2956 
24.7233 24.7233 24.7233 24.7233 24.7233 24.7233 24.7233 24.7233 24.7233 24.7233 24.7233 24.7233 
1 1 1 1 1 1 1 1 1 1 1 1 
item 22
70.6458 111.031 47.0087 0 68.8405 0 0 117.632 0 91.9163 0 0 
57.37 57.37 57.37 57.37 57.37 57.37 57.37 57.37 57.37 57.37 57.37 57.37 
1 1 1 1 1 1 1 1 1 1 1 1 
item 23
40.2766 0 84.1227 108.116 0 63.7641 0 114.612 31.947 0 89.7689 73.7182 
41.3079 41.3079 41.3079 41.3079 41.3079 41.3079 41.3079 41.3079 41.3079 41.3079 41.3079 41.3079 
1 1 1 1 1 1 1 1 1 1 1 1 
item 24
48.4568 0 45.6725 72.4073 0 0 0 109.348 0 0 49.6182 114.97 
37.7572 37.7572 37.7572 37.7572 37.7572 37.7572 37.7572 37.7572 37.7572 37.7572 37.7572 37.7572 
1 1 1 1 1 1 1 1 1 1 1 1 
item 25
84.4102 103.451 0 77.1405 0 128.845 0 103.747 66.8332 69.0354 0 88.7742 
98.3396 98.3396 98.3396 98.3396 98.3396 98.3396 98.3396 98.3396 98.3396 98.3396 98.3396 98.3396 
1 1 1 1 1 1 1 1 1 1 1 1 
item 26
55.645 129.243 0 91.26 50.6932 0 0 125.371 0 60.4056 58.6323 0 
100.233 100.233 100.233 100.233 100.233 100.233 100.233 100.233 100.233 100.233 100.233 100.233 
1 1 1 1 1 1 1 1 1 1 1 1 
item 27
47.015 0 0 93.9921 0 62.61 29.5247 113.233 0 98.376 0 0 
47.3294 47.3294 47.3294 47.3294 47.3294 47.3294 47.3294 47.3294 47.3294 47.3294 47.3294 47.3294 
1 1 1 1 1 1 1 1 1 1 1 1 
item 28
30.2224 65.3157 35.2227 92.3451 0 0 51.9026 0 0 0 0 0 
73.186 73.186 73.186 73.186 73.186 73.186 73.186 73.186 73.186 73.186 73.186 73.186 
1 1 1 1 1 1 1 1 1 1 1 1 
item 29
49.3542 0 0 0 0 103.827 0 93.383 0 88.7691 0 0 
47.8562 47.8562 47.8562 47.8562 47.8562 47.8562 47.8562 47.8562 47.8562 47.8562 47.8562 47.8562 
1 1 1 1 1 1 1 1 1 1 1 1 
item 30
44.6745 96.4797 0 104.699 26.1982 0 0 98.526 0 0 52.7917 112.524 
95.6214 95.6214 95.6214 95.6214 95.6214 95.6214 95.6214 95.6214 95.6214 95.6214 95.6214 95.6214 
1 1 1 1 1 1 1 1 1 1 1 1 
item 31
86.9216 106.904 46.0218 73.6609 35.8297 0 0 75.2958 0 103.058 0 0 
50.7053 50.7053 50.7053 50.7053 50.7053 50.7053 50.7053 50.7053 50.7053 50.7053 50.7053 50.7053 
1 1 1 1 1 1 1 1 1 1 1 1 
item 32
20.6014 0 0 0 69.3417 0 31.8757 129.975 0 0 48.9734 127.271 
88.9235 88.9235 88.9235 88.9235 88.9235 88.9235 88.9235 88.9235 88.9235 88.9235 88.9235 88.9235 
1 1 1 1 1 1 1 1 1 1 1 1 
item 33
78.69 0 21.513 80.168 0 115.97 0 72.4126 0 93.2759 0 0 
65.1781 65.1781 65.1781 65.1781 65.1781 65.1781 65.1781 65.1781 65.1781 65.1781 65.1781 65.1781 
1 1 1 1 1 1 1 1 1 1 1 1 
item 34
66.4517 0 0 72.8944 0 0 48.1116 0 0 0 58.1377 0 
57.1777 57.1777 57.1777 57.1777 57.1777 57.1777 57.1777 57.1777 57.1777 57.1777 57.1777 57.1777 
1 1 1 1 1 1 1 1 1 1 1 1 
item 35
34.7903 0 69.0606 121.036 0 119.789 36.2739 0 64.4438 99.9556 70.9887 0 
55.3001 55.3001 55.3001 55.3001 55.3001 55.3001 55.3001 55.3001 55.3001 55.3001 55.3001 55.3001 
1 1 1 1 1 1 1 1 1 1 1 1 
item 36
48.3293 83.5014 51.8799 0 74.6329 0 0 108.409 36.247 0 0 0 
88.1892 88.1892 88.1892 88.1892 88.1892 88.1892 88.1892 88.1892 88.1892 88.1892 88.1892 88.1892 
1 1 1 1 1 1 1 1 1 1 1 1 
item 37
46.3021 0 0 118.659 61.9792 110.542 0 89.6343 0 0 0 0 
51.2209 51.2209 51.2209 51.2209 51.2209 51.2209 51.2209 51.2209 51.2209 51.2209 51.2209 51.2209 
1 1 1 1 1 1 1 1 1 1 1 1 
item 38
26.8561 0 0 68.9949 99.2837 129.181 47.9492 0 54.2013 112.331 0 0 
91.9578 91.9578 91.9578 91.9578 91.9578 91.9578 91.9578 91.9578 91.9578 91.9578 91.9578 91.9578 
1 1 1 1 1 1 1 1 1 1 1 1 
item 39
53.5464 0 0 0 48.7631 0 78.8408 107.916 55.9012 0 0 101.886 
61.378 61.378 61.378 61.378 61.378 61.378 61.378 61.378 61.378 61.378 61.378 61.378 
1 1 1 1 1 1 1 1 1 1 1 1 
