24 40 
97.7283 97.7283 97.7283 97.7283 97.7283 97.7283 97.7283 97.7283 97.7283 97.7283 97.7283 97.7283 97.7283 97.7283 97.7283 97.7283 97.7283 97.7283 97.7283 97.7283 97.7283 97.7283 97.7283 97.7283 
item 0
49.4722 130.746 79.5297 98.6256 69.1392 128.213 12.8329 104.63 85.999 122.283 76.4779 99.5989 81.7069 112.595 69.2048 79.394 56.2631 89.594 75.8428 115.703 47.815 76.3957 31.0639 123.852 
55.6359 55.6359 55.6359 55.6359 55.6359 55.6359 55.6359 55.6359 55.6359 55.6359 55.6359 55.6359 55.6359 55.6359 55.6359 55.6359 55.6359 55.6359 55.6359 55.6359 55.6359 55.6359 55.6359 55.6359 
1 1 1 1 1 1 1 1 1 1 1 1 1 1 1 1 1 1 1 1 1 1 1 1 
item 1
95.4039 75.0035 18.8841 87.1879 62.603 100.318 52.4307 109.026 40.3939 127.696 55.848 102.146 50.5136 119.578 51.1725 79.8662 77.9344 93.0885 30.4995 138.571 35.3995 124.156 73.0687 110.679 
41.4481 41.4481 41.4481 41.4481 41.4481 41.4481 41.4481 41.4481 41.4481 41.4481 41.4481 41.4481 41.4481 41.4481 41.4481 41.4481 41.4481 41.4481 41.4481 41.4481 41.4481 41.4481 41.4481 41.4481 
1 1 1 1 1 1 1 1 1 1 1 1 1 1 1 1 1 1 1 1 1 1 1 1 
item 2
47.695 80.143 45.5664 148.889 59.0243 79.9869 43.9547 126.069 51.7392 85.0857 61.3153 60.0236 27.4623 121.509 63.6152 120.174 74.7071 75.7072 67.7096 119.614 56.3504 131.334 104.477 77.7247 
28.8613 28.8613 28.8613 28.8613 28.8613 28.8613 28.8613 28.8613 28.8613 28.8613 28.8613 28.8613 28.8613 28.8613 28.8613 28.8613 28.8613 28.8613 28.8613 28.8613 28.8613 28.8613 28.8613 28.8613 
1 1 1 1 1 1 1 1 1 1 1 1 1 1 1 1 1 1 1 1 1 1 1 1 
item 3
59.2038 114.485 44.3583 110.545 97.5369 64.2207 58.2337 127.213 43.3054 98.1179 66.3024 105.247 75.5012 98.0079 49.5105 91.7953 51.6396 117.907 77.1858 87.8382 70.2042 92.1806 36.8176 107.167 
62.9528 62.9528 62.9528 62.9528 62.9528 62.9528 62.9528 62.9528 62.9528 62.9528 62.9528 62.9528 62.9528 62.9528 62.9528 62.9528 62.9528 62.9528 62.9528 62.9528 62.9528 62.9528 62.9528 62.9528 
1 1 1 1 1 1 1 1 1 1 1 1 1 1 1 1 1 1 1 1 1 1 1 1 
item 4
21.6441 95.3043 54.6668 99.7176 58.4564 88.6986 66.7077 98.4088 13.2158 87.8436 39.1458 71.3629 55.5557 116.815 33.7774 128.434 50.6703 115.256 89.7315 67.388 63.5411 122.139 49.6914 97.6834 
36.7823 36.7823 36.7823 36.7823 36.7823 36.7823 36.7823 36.7823 36.7823 36.7823 36.7823 36.7823 36.7823 36.7823 36.7823 36.7823 36.7823 36.7823 36.7823 36.7823 36.7823 36.7823 36.7823 36.7823 
1 1 1 1 1 1 1 1 1 1 1 1 1 1 1 1 1 1 1 1 1 1 1 1 
item 5
73.464 93.2322 31.1016 90.7834 84.9004 73.3436 39.3662 77.8598 43.9643 114.442 51.1431 157.322 25.7424 117.308 0 85.5115 48.3221 123.046 17.2757 148.074 86.552 60.9955 57.3994 157.821 
70.1875 70.1875 70.1875 70.1875 70.1875 70.1875 70.1875 70.1875 70.1875 70.1875 70.1875 70.1875 70.1875 70.1875 70.1875 70.1875 70.1875 70.1875 70.1875 70.1875 70.1875 70.1875 70.1875 70.1875 
1 1 1 1 1 1 1 1 1 1 1 1 1 1 1 1 1 1 1 1 1 1 1 1 
item 6
36.3164 103.167 13.8323 93.5012 1.13728 126.756 27.5112 89.4899 58.1662 100.792 27.2519 116.08 62.8538 109.788 28.7724 116.262 37.5437 95.8339 51.9483 105.246 69.027 104.961 31.1913 78.7751 
60.9995 60.9995 60.9995 60.9995 60.9995 60.9995 60.9995 60.9995 60.9995 60.9995 60.9995 60.9995 60.9995 60.9995 60.9995 60.9995 60.9995 60.9995 60.9995 60.9995 60.9995 60.9995 60.9995 60.9995 
1 1 1 1 1 1 1 1 1 1 1 1 1 1 1 1 1 1 1 1 1 1 1 1 
item 7
48.5762 79.5428 43.1444 92.9307 34.146 80.1646 51.637 103.666 29.2501 56.5517 58.9739 121.988 58.9411 132.955 30.8561 120.57 20.3239 112.665 72.0371 82.6384 45.456 89.6185 57.6452 101.439 
79.2629 79.2629 79.2629 79.2629 79.2629 79.2629 79.2629 79.2629 79.2629 79.2629 79.2629 79.2629 79.2629 79.2629 79.2629 79.2629 79.2629 79.2629 79.2629 79.2629 79.2629 79.2629 79.2629 79.2629 
1 1 1 1 1 1 1 1 1 1 1 1 1 1 1 1 1 1 1 1 1 1 1 1 
item 8
68.3149 78.2463 50.6977 95.3962 65.4525 113.255 27.1954 91.0172 39.2854 89.733 42.6496 86.152 16.0192 84.1666 20.5972 106.753 57.1842 134.707 46.1827 105.143 17.6196 59.3565 92.5861 126.217 
88.15 88.15 88.15 88.15 88.15 88.15 88.15 88.15 88.15 88.15 88.15 88.15 88.15 88.15 88.15 88.15 88.15 88.15 88.15 88.15 88.15 88.15 88.15 88.15 
1 1 1 1 1 1 1 1 1 1 1 1 1 1 1 1 1 1 1 1 1 1 1 1 
item 9
51.1633 68.6794 68.6068 106.005 70.2616 69.0771 10.0899 79.1633 50.7756 116.62 91.4258 91.1076 47.297 93.3258 30.7874 84.5844 44.0097 91.1433 41.3123 125.473 73.5771 93.1188 21.98 123.029 
67.8482 67.8482 67.8482 67.8482 67.8482 67.8482 67.8482 67.8482 67.8482 67.8482 67.8482 67.8482 67.8482 67.8482 67.8482 67.8482 67.8482 67.8482 67.8482 67.8482 67.8482 67.8482 67.8482 67.8482 
1 1 1 1 1 1 1 1 1 1 1 1 1 1 1 1 1 1 1 1 1 1 1 1 
item 10
91.6972 70.9161 10.864 97.2247 19.4032 127.408 73.9317 92.7697 40.431 98.9319 27.4127 88.2007 55.1205 62.5891 38.1316 95.5353 57.297 73.7724 51.2176 114.438 50.3835 114.56 35.3222 96.5727 
63.7456 63.7456 63.7456 63.7456 63.7456 63.7456 63.7456 63.7456 63.7456 63.7456 63.7456 63.7456 63.7456 63.7456 63.7456 63.7456 63.7456 63.7456 63.7456 63.7456 63.7456 63.7456 63.7456 63.7456 
1 1 1 1 1 1 1 1 1 1 1 1 1 1 1 1 1 1 1 1 1 1 1 1 
item 11
92.6597 82.0294 5.77417 72.5659 95.8748 93.3146 91.4517 115.253 53.8869 88.9981 56.3606 79.1048 44.646 106.042 17.3567 72.5386 45.2556 107.84 33.8998 106.858 58.4461 116.36 72.7182 93.701 
68.762 68.762 68.762 68.762 68.762 68.762 68.762 68.762 68.762 68.762 68.762 68.762 68.762 68.762 68.762 68.762 68.762 68.762 68.762 68.762 68.762 68.762 68.762 68.762 
1 1 1 1 1 1 1 1 1 1 1 1 1 1 1 1 1 1 1 1 1 1 1 1 
item 12
21.9574 110.379 45.6768 110.667 45.2726 110.355 85.7191 119.001 55.6755 107.003 57.9526 92.3696 63.175 127.614 41.5579 108.654 2.83506 134.933 81.4415 73.0299 41.184 101.189 57.8227 89.0037 
29.4716 29.4716 29.4716 29.4716 29.4716 29.4716 29.4716 29.4716 29.4716 29.4716 29.4716 29.4716 29.4716 29.4716 29.4716 29.4716 29.4716 29.4716 29.4716 29.4716 29.4716 29.4716 29.4716 29.4716 
1 1 1 1 1 1 1 1 1 1 1 1 1 1 1 1 1 1 1 1 1 1 1 1 
item 13
50.4627 82.2616 23.6967 81.4291 42.8679 99.4881 59.0087 134.166 105.303 77.3221 36.3177 90.2917 57.8128 107.414 39.0494 115.925 45.2709 105.797 77.3179 119.909 55.9719 113.96 80.4655 61.2288 
65.3558 65.3558 65.3558 65.3558 65.3558 65.3558 65.3558 65.3558 65.3558 65.3558 65.3558 65.3558 65.3558 65.3558 65.3558 65.3558 65.3558 65.3558 65.3558 65.3558 65.3558 65.3558 65.3558 65.3558 
1 1 1 1 1 1 1 1 1 1 1 1 1 1 1 1 1 1 1 1 1 1 1 1 
item 14
76.926 82.1618 20.2187 107.001 59.1251 99.8037 82.1244 89.1405 34.2031 77.9774 81.3936 116.755 57.983 88.7879 54.2546 102.645 20.238 109.492 53.8011 107.112 71.4984 100.786 39.7952 145.069 
82.2609 82.2609 82.2609 82.2609 82.2609 82.2609 82.2609 82.2609 82.2609 82.2609 82.2609 82.2609 82.2609 82.2609 82.2609 82.2609 82.2609 82.2609 82.2609 82.2609 82.2609 82.2609 82.2609 82.2609 
1 1 1 1 1 1 1 1 1 1 1 1 1 1 1 1 1 1 1 1 1 1 1 1 
item 15
68.9223 82.1406 32.4791 86.589 34.0245 102.557 40.4868 122.054 28.3383 119.859 11.4928 94.5764 23.4505 65.8407 47.2917 91.4299 25.837 102.717 81.3734 111.867 56.9915 118.801 60.5484 88.9842 
40.4012 40.4012 40.4012 40.4012 40.4012 40.4012 40.4012 40.4012 40.4012 40.4012 40.4012 40.4012 40.4012 40.4012 40.4012 40.4012 40.4012 40.4012 40.4012 40.4012 40.4012 40.4012 40.4012 40.4012 
1 1 1 1 1 1 1 1 1 1 1 1 1 1 1 1 1 1 1 1 1 1 1 1 
item 16
93.5542 105.905 42.4772 108.223 42.1643 86.872 26.0748 109.865 31.0623 128.823 42.2178 75.6363 32.8746 102.658 42.6645 62.9475 41.6351 120.321 58.4145 109.861 41.8492 88.5728 30.7653 69.4045 
51.1941 51.1941 51.1941 51.1941 51.1941 51.1941 51.1941 51.1941 51.1941 51.1941 51.1941 51.1941 51.1941 51.1941 51.1941 51.1941 51.1941 51.1941 51.1941 51.1941 51.1941 51.1941 51.1941 51.1941 
1 1 1 1 1 1 1 1 1 1 1 1 1 1 1 1 1 1 1 1 1 1 1 1 
item 17
62.7725 129.851 29.129 109.662 56.511 95.3041 45.6717 114.456 41.0319 95.5985 73.4218 132.787 84.1508 102.984 25.2044 97.1379 57.3472 135.933 30.1008 88.5344 35.8249 100.558 25.875 77.9833 
39.9605 39.9605 39.9605 39.9605 39.9605 39.9605 39.9605 39.9605 39.9605 39.9605 39.9605 39.9605 39.9605 39.9605 39.9605 39.9605 39.9605 39.9605 39.9605 39.9605 39.9605 39.9605 39.9605 39.9605 
1 1 1 1 1 1 1 1 1 1 1 1 1 1 1 1 1 1 1 1 1 1 1 1 
item 18
29.4567 113.789 60.1502 116.606 59.3772 113.478 53.1243 114.949 37.2138 118.579 80.02 111.602 52.5443 118.564 71.1928 104.868 39.5733 107.592 79.5788 147.534 23.3865 76.937 65.5274 78.3925 
63.8046 63.8046 63.8046 63.8046 63.8046 63.8046 63.8046 63.8046 63.8046 63.8046 63.8046 63.8046 63.8046 63.8046 63.8046 63.8046 63.8046 63.8046 63.8046 63.8046 63.8046 63.8046 63.8046 63.8046 
1 1 1 1 1 1 1 1 1 1 1 1 1 1 1 1 1 1 1 1 1 1 1 1 
item 19
43.5165 120.311 43.3236 123 44.6934 126.708 32.6293 101.565 78.9584 75.2848 56.2448 58.9604 53.6459 97.2499 29.3008 94.9803 76.248 126.626 58.4626 117.606 48.6443 113.104 26.7825 98.6705 
64.3091 64.3091 64.3091 64.3091 64.3091 64.3091 64.3091 64.3091 64.3091 64.3091 64.3091 64.3091 64.3091 64.3091 64.3091 64.3091 64.3091 64.3091 64.3091 64.3091 64.3091 64.3091 64.3091 64.3091 
1 1 1 1 1 1 1 1 1 1 1 1 1 1 1 1 1 1 1 1 1 1 1 1 
item 20
37.8996 101.321 21.9492 118.964 57.3067 86.0378 63.7371 96.8116 49.0777 102.43 39.668 99.7776 99.0194 75.6839 14.7374 110.792 76.7895 140.017 77.9765 136.99 62.0286 109.059 63.7473 77.8431 
47.6501 47.6501 47.6501 47.6501 47.6501 47.6501 47.6501 47.6501 47.6501 47.6501 47.6501 47.6501 47.6501 47.6501 47.6501 47.6501 47.6501 47.6501 47.6501 47.6501 47.6501 47.6501 47.6501 47.6501 
1 1 1 1 1 1 1 1 1 1 1 1 1 1 1 1 1 1 1 1 1 1 1 1 
item 21
40.6732 93.4828 43.3237 92.531 48.2429 119.92 56.6639 141.273 33.7743 126.284 57.2472 88.2873 45.9106 104.414 30.8967 81.1426 46.2603 89.8954 43.2546 103.217 50.9647 98.555 76.7496 118.231 
58.0651 58.0651 58.0651 58.0651 58.0651 58.0651 58.0651 58.0651 58.0651 58.0651 58.0651 58.0651 58.0651 58.0651 58.0651 58.0651 58.0651 58.0651 58.0651 58.0651 58.0651 58.0651 58.0651 58.0651 
1 1 1 1 1 1 1 1 1 1 1 1 1 1 1 1 1 1 1 1 1 1 1 1 
item 22
30.5023 102.517 9.49527 112.274 55.8413 111.134 65.4721 111.42 19.52 93.5573 82.3645 101.525 35.1296 95.0817 22.0517 121.76 62.9232 111.359 69.2073 68.9926 55.5462 128.941 65.3112 109.743 
63.7741 63.7741 63.7741 63.7741 63.7741 63.7741 63.7741 63.7741 63.7741 63.7741 63.7741 63.7741 63.7741 63.7741 63.7741 63.7741 63.7741 63.7741 63.7741 63.7741 63.7741 63.7741 63.7741 63.7741 
1 1 1 1 1 1 1 1 1 1 1 1 1 1 1 1 1 1 1 1 1 1 1 1 
item 23
84.4845 97.4949 56.1214 96.4123 34.3795 88.2154 33.104 74.3338 62.3888 123.656 37.3319 90.7946 47.5613 100.884 46.7024 93.5271 29.9402 130.834 2.47471 135.756 44.3779 116.735 54.7017 121.205 
46.145 46.145 46.145 46.145 46.145 46.145 46.145 46.145 46.145 46.145 46.145 46.145 46.145 46.145 46.145 46.145 46.145 46.145 46.145 46.145 46.145 46.145 46.145 46.145 
1 1 1 1 1 1 1 1 1 1 1 1 1 1 1 1 1 1 1 1 1 1 1 1 
item 24
48.138 110.335 31.1538 73.5041 36.5038 94.803 56.1875 84.406 43.445 130.175 17.1231 112.182 17.5933 81.6694 38.0118 75.0706 40.6898 107.637 68.9701 100.071 42.3979 87.2441 75.3151 87.4861 
56.7088 56.7088 56.7088 56.7088 56.7088 56.7088 56.7088 56.7088 56.7088 56.7088 56.7088 56.7088 56.7088 56.7088 56.7088 56.7088 56.7088 56.7088 56.7088 56.7088 56.7088 56.7088 56.7088 56.7088 
1 1 1 1 1 1 1 1 1 1 1 1 1 1 1 1 1 1 1 1 1 1 1 1 
item 25
64.0885 61.4312 58.3609 127.933 45.7167 92.3536 70.376 103.137 90.9927 106.969 72.0594 87.2076 70.4054 99.6738 0 108.048 7.40572 95.3673 40.1722 119.758 38.6683 53.185 35.5551 86.1798 
86.8893 86.8893 86.8893 86.8893 86.8893 86.8893 86.8893 86.8893 86.8893 86.8893 86.8893 86.8893 86.8893 86.8893 86.8893 86.8893 86.8893 86.8893 86.8893 86.8893 86.8893 86.8893 86.8893 86.8893 
1 1 1 1 1 1 1 1 1 1 1 1 1 1 1 1 1 1 1 1 1 1 1 1 
item 26
67.2847 110.506 53.3009 109.751 29.4541 102.541 80.8734 98.3427 48.1496 68.8987 62.6104 114.23 47.4556 79.5423 36.0752 105.516 21.708 125.306 40.8423 102.116 85.5266 119.299 75.0571 113.386 
52.4609 52.4609 52.4609 52.4609 52.4609 52.4609 52.4609 52.4609 52.4609 52.4609 52.4609 52.4609 52.4609 52.4609 52.4609 52.4609 52.4609 52.4609 52.4609 52.4609 52.4609 52.4609 52.4609 52.4609 
1 1 1 1 1 1 1 1 1 1 1 1 1 1 1 1 1 1 1 1 1 1 1 1 
item 27
47.5202 132.951 25.5476 96.2717 43.5479 92.6289 42.8025 133.731 29.5515 121.226 40.3512 108.35 27.3649 103.695 36.5681 55.4001 45.6779 96.8523 45.8211 92.5271 31.7163 112.053 21.6923 62.5507 
48.7307 48.7307 48.7307 48.7307 48.7307 48.7307 48.7307 48.7307 48.7307 48.7307 48.7307 48.7307 48.7307 48.7307 48.7307 48.7307 48.7307 48.7307 48.7307 48.7307 48.7307 48.7307 48.7307 48.7307 
1 1 1 1 1 1 1 1 1 1 1 1 1 1 1 1 1 1 1 1 1 1 1 1 
item 28
46.9848 120.043 79.8823 63.5371 50.5424 74.199 37.7045 84.3512 52.9426 101.11 22.1782 92.9189 74.8178 125.805 44.346 80.9402 50.7561 82.327 24.1777 138.729 31.4894 114.16 34.5561 122.921 
89.7714 89.7714 89.7714 89.7714 89.7714 89.7714 89.7714 89.7714 89.7714 89.7714 89.7714 89.7714 89.7714 89.7714 89.7714 89.7714 89.7714 89.7714 89.7714 89.7714 89.7714 89.7714 89.7714 89.7714 
1 1 1 1 1 1 1 1 1 1 1 1 1 1 1 1 1 1 1 1 1 1 1 1 
item 29
52.1799 90.711 22.1741 88.7786 23.1395 98.7586 60.1046 129.706 64.8453 98.6758 41.4037 104.174 58.6728 137.221 49.2085 90.1323 65.4489 69.6498 58.257 86.9968 48.64 49.926 36.2821 101.148 
77.5571 77.5571 77.5571 77.5571 77.5571 77.5571 77.5571 77.5571 77.5571 77.5571 77.5571 77.5571 77.5571 77.5571 77.5571 77.5571 77.5571 77.5571 77.5571 77.5571 77.5571 77.5571 77.5571 77.5571 
1 1 1 1 1 1 1 1 1 1 1 1 1 1 1 1 1 1 1 1 1 1 1 1 
item 30
86.6584 105.133 93.6196 123.447 77.7698 68.651 56.9679 111.123 26.5486 88.7772 67.283 104.642 32.823 128.622 28.8299 101.262 22.8159 137.032 54.5966 125.674 50.3988 97.9149 66.1469 90.2904 
65.5549 65.5549 65.5549 65.5549 65.5549 65.5549 65.5549 65.5549 65.5549 65.5549 65.5549 65.5549 65.5549 65.5549 65.5549 65.5549 65.5549 65.5549 65.5549 65.5549 65.5549 65.5549 65.5549 65.5549 
1 1 1 1 1 1 1 1 1 1 1 1 1 1 1 1 1 1 1 1 1 1 1 1 
item 31
48.011 75.1425 53.2283 104.191 92.8729 77.7069 40.8381 101.553 76.4384 130.589 53.3133 99.9998 26.5196 106.461 22.2145 101.252 78.1398 96.8352 68.8968 68.1673 59.8071 120.2 21.3854 115.079 
43.4638 43.4638 43.4638 43.4638 43.4638 43.4638 43.4638 43.4638 43.4638 43.4638 43.4638 43.4638 43.4638 43.4638 43.4638 43.4638 43.4638 43.4638 43.4638 43.4638 43.4638 43.4638 43.4638 43.4638 
1 1 1 1 1 1 1 1 1 1 1 1 1 1 1 1 1 1 1 1 1 1 1 1 
item 32
50.2612 100.046 53.9851 124.842 70.3303 104.792 2.62826 115.688 56.4501 88.5323 50.5331 80.2595 22.9885 107.04 55.2492 87.804 0 112.997 82.9257 112.254 37.8521 107.517 33.9082 109.838 
54.0379 54.0379 54.0379 54.0379 54.0379 54.0379 54.0379 54.0379 54.0379 54.0379 54.0379 54.0379 54.0379 54.0379 54.0379 54.0379 54.0379 54.0379 54.0379 54.0379 54.0379 54.0379 54.0379 54.0379 
1 1 1 1 1 1 1 1 1 1 1 1 1 1 1 1 1 1 1 1 1 1 1 1 
item 33
58.1153 119.123 38.2977 114.964 20.045 82.3393 35.6856 89.9938 56.2841 117.429 80.0165 94.6027 18.8473 98.7847 12.1771 151.509 36.3078 86.5668 62.4631 113.862 38.0553 99.4169 58.3083 90.1562 
42.3736 42.3736 42.3736 42.3736 42.3736 42.3736 42.3736 42.3736 42.3736 42.3736 42.3736 42.3736 42.3736 42.3736 42.3736 42.3736 42.3736 42.3736 42.3736 42.3736 42.3736 42.3736 42.3736 42.3736 
1 1 1 1 1 1 1 1 1 1 1 1 1 1 1 1 1 1 1 1 1 1 1 1 
item 34
69.2261 120.475 49.8349 154.212 93.3228 126.329 22.7034 116.105 73.503 107.845 65.5707 87.1389 46.1044 68.9819 54.3362 72.8246 25.3147 98.8698 52.4987 92.819 25.5313 100.029 49.7241 78.9278 
66.9846 66.9846 66.9846 66.9846 66.9846 66.9846 66.9846 66.9846 66.9846 66.9846 66.9846 66.9846 66.9846 66.9846 66.9846 66.9846 66.9846 66.9846 66.9846 66.9846 66.9846 66.9846 66.9846 66.9846 
1 1 1 1 1 1 1 1 1 1 1 1 1 1 1 1 1 1 1 1 1 1 1 1 
item 35
101.366 112.756 63.6989 112.168 30.6067 110.117 95.1214 108.49 53.2679 113.293 36.0431 62.6443 21.8485 70.9726 44.9488 118.42 66.3689 109.928 44.8866 70.7949 49.734 128.53 73.52 104.285 
55.9198 55.9198 55.9198 55.9198 55.9198 55.9198 55.9198 55.9198 55.9198 55.9198 55.9198 55.9198 55.9198 55.9198 55.9198 55.9198 55.9198 55.9198 55.9198 55.9198 55.9198 55.9198 55.9198 55.9198 
1 1 1 1 1 1 1 1 1 1 1 1 1 1 1 1 1 1 1 1 1 1 1 1 
item 36
73.447 79.6577 44.4681 95.0679 40.0899 93.0625 45.0448 122.363 31.4836 50.7698 55.7669 90.054 69.4091 120.395 39.0007 134.803 60.2609 80.0929 8.78112 100.803 58.0782 76.7613 47.2715 102.368 
68.0165 68.0165 68.0165 68.0165 68.0165 68.0165 68.0165 68.0165 68.0165 68.0165 68.0165 68.0165 68.0165 68.0165 68.0165 68.0165 68.0165 68.0165 68.0165 68.0165 68.0165 68.0165 68.0165 68.0165 
1 1 1 1 1 1 1 1 1 1 1 1 1 1 1 1 1 1 1 1 1 1 1 1 
item 37
74.9046 95.6634 18.7571 113.129 55.371 68.8285 44.1965 91.5897 49.8471 75.0584 60.9661 96.1766 69.8825 86.0574 42.1206 123.411 41.606 82.1282 79.5279 65.8833 55.5596 107.032 51.9524 70.9598 
66.5015 66.5015 66.5015 66.5015 66.5015 66.5015 66.5015 66.5015 66.5015 66.5015 66.5015 66.5015 66.5015 66.5015 66.5015 66.5015 66.5015 66.5015 66.5015 66.5015 66.5015 66.5015 66.5015 66.5015 
1 1 1 1 1 1 1 1 1 1 1 1 1 1 1 1 1 1 1 1 1 1 1 1 
item 38
53.3622 115.801 55.0656 107.785 42.655 88.6567 78.4073 77.3169 53.6079 73.3208 26.9286 103.594 24.1444 80.5334 60.2112 124.23 25.0479 96.2537 58.9525 108.013 59.6657 105.747 73.0418 96.8433 
107.854 107.854 107.854 107.854 107.854 107.854 107.854 107.854 107.854 107.854 107.854 107.854 107.854 107.854 107.854 107.854 107.854 107.854 107.854 107.854 107.854 107.854 107.854 107.854 
1 1 1 1 1 1 1 1 1 1 1 1 1 1 1 1 1 1 1 1 1 1 1 1 
item 39
51.3176 72.6862 39.999 74.5009 30.9128 118.18 27.0019 134.979 32.5056 101.995 47.964 105.057 81.2616 68.8195 48.132 74.6654 77.8431 125.346 50.839 113.204 65.1313 110.122 56.805 110.212 
100.044 100.044 100.044 100.044 100.044 100.044 100.044 100.044 100.044 100.044 100.044 100.044 100.044 100.044 100.044 100.044 100.044 100.044 100.044 100.044 100.044 100.044 100.044 100.044 
1 1 1 1 1 1 1 1 1 1 1 1 1 1 1 1 1 1 1 1 1 1 1 1 
