12 10 
-6.27744e+66 92.0783 186.388 299.056 577.733 848.218 1445.5 1522.03 1979.37 2360.5 3219.57 3651.83 4734.19 
-6.27744e+66 -6.27744e+66 92.0783 148.412 334.197 537.061 1014.88 1078.66 1470.66 1804.16 2567.77 2956.81 3940.77 
-6.27744e+66 -6.27744e+66 -6.27744e+66 92.0783 184.971 320.213 678.581 729.605 1056.27 1342.12 2010.29 2356.1 3241.66 
-6.27744e+66 -6.27744e+66 -6.27744e+66 -6.27744e+66 92.0783 159.7 398.612 436.879 698.212 936.421 1509.13 1811.72 2598.89 
-6.27744e+66 -6.27744e+66 -6.27744e+66 -6.27744e+66 -6.27744e+66 92.0783 211.534 237.046 433.046 623.613 1100.87 1360.23 2049 
-6.27744e+66 -6.27744e+66 -6.27744e+66 -6.27744e+66 -6.27744e+66 -6.27744e+66 92.0783 104.834 235.501 378.426 760.235 976.366 1566.74 
-6.27744e+66 -6.27744e+66 -6.27744e+66 -6.27744e+66 -6.27744e+66 -6.27744e+66 -6.27744e+66 92.0783 157.411 252.695 539.052 711.957 1203.94 
-6.27744e+66 -6.27744e+66 -6.27744e+66 -6.27744e+66 -6.27744e+66 -6.27744e+66 -6.27744e+66 -6.27744e+66 92.0783 139.72 330.624 460.303 853.888 
-6.27744e+66 -6.27744e+66 -6.27744e+66 -6.27744e+66 -6.27744e+66 -6.27744e+66 -6.27744e+66 -6.27744e+66 -6.27744e+66 92.0783 187.53 273.983 569.172 
-6.27744e+66 -6.27744e+66 -6.27744e+66 -6.27744e+66 -6.27744e+66 -6.27744e+66 -6.27744e+66 -6.27744e+66 -6.27744e+66 -6.27744e+66 92.0783 135.305 332.097 
-6.27744e+66 -6.27744e+66 -6.27744e+66 -6.27744e+66 -6.27744e+66 -6.27744e+66 -6.27744e+66 -6.27744e+66 -6.27744e+66 -6.27744e+66 -6.27744e+66 92.0783 190.474 
-6.27744e+66 -6.27744e+66 -6.27744e+66 -6.27744e+66 -6.27744e+66 -6.27744e+66 -6.27744e+66 -6.27744e+66 -6.27744e+66 -6.27744e+66 -6.27744e+66 -6.27744e+66 92.0783 
-6.27744e+66 -6.27744e+66 -6.27744e+66 -6.27744e+66 -6.27744e+66 -6.27744e+66 -6.27744e+66 -6.27744e+66 -6.27744e+66 -6.27744e+66 -6.27744e+66 -6.27744e+66 -6.27744e+66 
-6.27744e+66 41.6423 129.734 219.584 484.485 713.586 1245.79 1518.74 2361.56 2634.63 3642.11 4201.79 5638.2 
-6.27744e+66 -6.27744e+66 41.6423 86.5671 263.168 434.994 860.754 1088.22 1810.63 2049.57 2945.11 3448.82 4754.65 
-6.27744e+66 -6.27744e+66 -6.27744e+66 41.6423 129.943 244.493 563.814 745.784 1347.8 1552.6 2336.2 2783.94 3959.18 
-6.27744e+66 -6.27744e+66 -6.27744e+66 -6.27744e+66 41.6423 98.9175 311.798 448.276 929.886 1100.55 1772.21 2163.98 3208.65 
-6.27744e+66 -6.27744e+66 -6.27744e+66 -6.27744e+66 -6.27744e+66 41.6423 148.082 239.068 600.275 736.81 1296.52 1632.33 2546.41 
-6.27744e+66 -6.27744e+66 -6.27744e+66 -6.27744e+66 -6.27744e+66 -6.27744e+66 41.6423 87.135 327.94 430.341 878.112 1157.95 1941.45 
-6.27744e+66 -6.27744e+66 -6.27744e+66 -6.27744e+66 -6.27744e+66 -6.27744e+66 -6.27744e+66 41.6423 162.045 230.312 566.14 790.011 1442.93 
-6.27744e+66 -6.27744e+66 -6.27744e+66 -6.27744e+66 -6.27744e+66 -6.27744e+66 -6.27744e+66 -6.27744e+66 41.6423 75.7759 299.661 467.564 989.896 
-6.27744e+66 -6.27744e+66 -6.27744e+66 -6.27744e+66 -6.27744e+66 -6.27744e+66 -6.27744e+66 -6.27744e+66 -6.27744e+66 41.6423 153.585 265.52 657.269 
-6.27744e+66 -6.27744e+66 -6.27744e+66 -6.27744e+66 -6.27744e+66 -6.27744e+66 -6.27744e+66 -6.27744e+66 -6.27744e+66 -6.27744e+66 41.6423 97.6099 358.776 
-6.27744e+66 -6.27744e+66 -6.27744e+66 -6.27744e+66 -6.27744e+66 -6.27744e+66 -6.27744e+66 -6.27744e+66 -6.27744e+66 -6.27744e+66 -6.27744e+66 41.6423 172.225 
-6.27744e+66 -6.27744e+66 -6.27744e+66 -6.27744e+66 -6.27744e+66 -6.27744e+66 -6.27744e+66 -6.27744e+66 -6.27744e+66 -6.27744e+66 -6.27744e+66 -6.27744e+66 41.6423 
-6.27744e+66 -6.27744e+66 -6.27744e+66 -6.27744e+66 -6.27744e+66 -6.27744e+66 -6.27744e+66 -6.27744e+66 -6.27744e+66 -6.27744e+66 -6.27744e+66 -6.27744e+66 -6.27744e+66 
-6.27744e+66 92.4514 209.331 323.154 588.456 836.035 1393.2 1571.71 2175.56 2273.61 3310.38 4030.62 5015.51 
-6.27744e+66 -6.27744e+66 92.4514 149.363 326.231 511.915 957.651 1106.41 1623.99 1709.79 2631.36 3279.57 4174.93 
-6.27744e+66 -6.27744e+66 -6.27744e+66 92.4514 180.885 304.674 638.976 757.981 1189.3 1262.84 2069.22 2645.4 3451.22 
-6.27744e+66 -6.27744e+66 -6.27744e+66 -6.27744e+66 92.4514 154.346 377.214 466.467 811.522 872.806 1563.99 2068.15 2784.43 
-6.27744e+66 -6.27744e+66 -6.27744e+66 -6.27744e+66 -6.27744e+66 92.4514 203.885 263.388 522.178 571.206 1147.19 1579.33 2206.08 
-6.27744e+66 -6.27744e+66 -6.27744e+66 -6.27744e+66 -6.27744e+66 -6.27744e+66 92.4514 122.202 294.73 331.5 792.287 1152.4 1689.62 
-6.27744e+66 -6.27744e+66 -6.27744e+66 -6.27744e+66 -6.27744e+66 -6.27744e+66 -6.27744e+66 92.4514 178.715 203.228 548.819 836.913 1284.59 
-6.27744e+66 -6.27744e+66 -6.27744e+66 -6.27744e+66 -6.27744e+66 -6.27744e+66 -6.27744e+66 -6.27744e+66 92.4514 104.708 335.102 551.172 909.314 
-6.27744e+66 -6.27744e+66 -6.27744e+66 -6.27744e+66 -6.27744e+66 -6.27744e+66 -6.27744e+66 -6.27744e+66 -6.27744e+66 92.4514 207.648 351.695 620.302 
-6.27744e+66 -6.27744e+66 -6.27744e+66 -6.27744e+66 -6.27744e+66 -6.27744e+66 -6.27744e+66 -6.27744e+66 -6.27744e+66 -6.27744e+66 92.4514 164.475 343.546 
-6.27744e+66 -6.27744e+66 -6.27744e+66 -6.27744e+66 -6.27744e+66 -6.27744e+66 -6.27744e+66 -6.27744e+66 -6.27744e+66 -6.27744e+66 -6.27744e+66 92.4514 181.987 
-6.27744e+66 -6.27744e+66 -6.27744e+66 -6.27744e+66 -6.27744e+66 -6.27744e+66 -6.27744e+66 -6.27744e+66 -6.27744e+66 -6.27744e+66 -6.27744e+66 -6.27744e+66 92.4514 
-6.27744e+66 -6.27744e+66 -6.27744e+66 -6.27744e+66 -6.27744e+66 -6.27744e+66 -6.27744e+66 -6.27744e+66 -6.27744e+66 -6.27744e+66 -6.27744e+66 -6.27744e+66 -6.27744e+66 
-6.27744e+66 40.2861 135.873 262.115 523.055 657.314 1314.22 1524.19 2080.41 2635.04 3577.89 4329.03 5201.67 
-6.27744e+66 -6.27744e+66 40.2861 103.407 277.367 378.061 903.588 1078.56 1555.32 2040.62 2878.71 3554.74 4348.05 
-6.27744e+66 -6.27744e+66 -6.27744e+66 40.2861 127.266 194.396 588.54 728.519 1125.82 1541.79 2275.12 2876.03 3590.01 
-6.27744e+66 -6.27744e+66 -6.27744e+66 -6.27744e+66 40.2861 73.8508 336.614 441.598 759.44 1106.08 1734.65 2260.45 2895.1 
-6.27744e+66 -6.27744e+66 -6.27744e+66 -6.27744e+66 -6.27744e+66 40.2861 171.668 241.657 480.038 757.352 1281.16 1731.84 2287.16 
-6.27744e+66 -6.27744e+66 -6.27744e+66 -6.27744e+66 -6.27744e+66 -6.27744e+66 40.2861 75.2807 234.202 442.187 861.23 1236.8 1712.79 
-6.27744e+66 -6.27744e+66 -6.27744e+66 -6.27744e+66 -6.27744e+66 -6.27744e+66 -6.27744e+66 40.2861 119.747 258.403 572.685 873.144 1269.8 
-6.27744e+66 -6.27744e+66 -6.27744e+66 -6.27744e+66 -6.27744e+66 -6.27744e+66 -6.27744e+66 -6.27744e+66 40.2861 109.614 319.136 544.48 861.803 
-6.27744e+66 -6.27744e+66 -6.27744e+66 -6.27744e+66 -6.27744e+66 -6.27744e+66 -6.27744e+66 -6.27744e+66 -6.27744e+66 40.2861 145.047 295.276 533.269 
-6.27744e+66 -6.27744e+66 -6.27744e+66 -6.27744e+66 -6.27744e+66 -6.27744e+66 -6.27744e+66 -6.27744e+66 -6.27744e+66 -6.27744e+66 40.2861 115.401 274.062 
-6.27744e+66 -6.27744e+66 -6.27744e+66 -6.27744e+66 -6.27744e+66 -6.27744e+66 -6.27744e+66 -6.27744e+66 -6.27744e+66 -6.27744e+66 -6.27744e+66 40.2861 119.617 
-6.27744e+66 -6.27744e+66 -6.27744e+66 -6.27744e+66 -6.27744e+66 -6.27744e+66 -6.27744e+66 -6.27744e+66 -6.27744e+66 -6.27744e+66 -6.27744e+66 -6.27744e+66 40.2861 
-6.27744e+66 -6.27744e+66 -6.27744e+66 -6.27744e+66 -6.27744e+66 -6.27744e+66 -6.27744e+66 -6.27744e+66 -6.27744e+66 -6.27744e+66 -6.27744e+66 -6.27744e+66 -6.27744e+66 
-6.27744e+66 72.9144 166.668 229.152 500.823 711.006 1326.97 1831.95 2953.03 3221.51 3843.91 4251.9 5459.01 
-6.27744e+66 -6.27744e+66 72.9144 104.156 285.271 442.908 935.681 1356.5 2317.42 2552.34 3105.59 3472.77 4570.15 
-6.27744e+66 -6.27744e+66 -6.27744e+66 72.9144 163.472 268.563 638.143 974.796 1775.57 1976.93 2461.02 2787.4 3775.04 
-6.27744e+66 -6.27744e+66 -6.27744e+66 -6.27744e+66 72.9144 125.46 371.847 624.337 1264.95 1432.75 1847.69 2133.28 3011.18 
-6.27744e+66 -6.27744e+66 -6.27744e+66 -6.27744e+66 -6.27744e+66 72.9144 196.108 364.434 844.897 979.137 1324.92 1569.71 2337.87 
-6.27744e+66 -6.27744e+66 -6.27744e+66 -6.27744e+66 -6.27744e+66 -6.27744e+66 72.9144 157.078 477.386 578.066 854.689 1058.68 1717.11 
-6.27744e+66 -6.27744e+66 -6.27744e+66 -6.27744e+66 -6.27744e+66 -6.27744e+66 -6.27744e+66 72.9144 233.069 300.189 507.656 670.849 1219.54 
-6.27744e+66 -6.27744e+66 -6.27744e+66 -6.27744e+66 -6.27744e+66 -6.27744e+66 -6.27744e+66 -6.27744e+66 72.9144 106.474 244.786 367.181 806.131 
-6.27744e+66 -6.27744e+66 -6.27744e+66 -6.27744e+66 -6.27744e+66 -6.27744e+66 -6.27744e+66 -6.27744e+66 -6.27744e+66 72.9144 142.07 223.667 552.88 
-6.27744e+66 -6.27744e+66 -6.27744e+66 -6.27744e+66 -6.27744e+66 -6.27744e+66 -6.27744e+66 -6.27744e+66 -6.27744e+66 -6.27744e+66 72.9144 113.713 333.188 
-6.27744e+66 -6.27744e+66 -6.27744e+66 -6.27744e+66 -6.27744e+66 -6.27744e+66 -6.27744e+66 -6.27744e+66 -6.27744e+66 -6.27744e+66 -6.27744e+66 72.9144 182.652 
-6.27744e+66 -6.27744e+66 -6.27744e+66 -6.27744e+66 -6.27744e+66 -6.27744e+66 -6.27744e+66 -6.27744e+66 -6.27744e+66 -6.27744e+66 -6.27744e+66 -6.27744e+66 72.9144 
-6.27744e+66 -6.27744e+66 -6.27744e+66 -6.27744e+66 -6.27744e+66 -6.27744e+66 -6.27744e+66 -6.27744e+66 -6.27744e+66 -6.27744e+66 -6.27744e+66 -6.27744e+66 -6.27744e+66 
-6.27744e+66 34.8751 153.838 249.409 642.005 926.838 1346.88 1754.59 2384.5 2960.99 3782.99 3979.78 5421.97 
-6.27744e+66 -6.27744e+66 34.8751 82.6606 344.391 558.016 894.053 1233.8 1773.73 2278.16 3008.83 3185.94 4497.02 
-6.27744e+66 -6.27744e+66 -6.27744e+66 34.8751 165.74 308.157 560.185 831.985 1281.93 1714.29 2353.63 2511.06 3691.03 
-6.27744e+66 -6.27744e+66 -6.27744e+66 -6.27744e+66 34.8751 106.083 274.102 477.952 837.906 1198.21 1746.21 1883.96 2932.83 
-6.27744e+66 -6.27744e+66 -6.27744e+66 -6.27744e+66 -6.27744e+66 34.8751 118.884 254.785 524.75 812.991 1269.66 1387.73 2305.49 
-6.27744e+66 -6.27744e+66 -6.27744e+66 -6.27744e+66 -6.27744e+66 -6.27744e+66 34.8751 102.825 282.802 498.983 864.319 962.712 1749.36 
-6.27744e+66 -6.27744e+66 -6.27744e+66 -6.27744e+66 -6.27744e+66 -6.27744e+66 -6.27744e+66 34.8751 124.864 268.984 542.986 621.701 1277.24 
-6.27744e+66 -6.27744e+66 -6.27744e+66 -6.27744e+66 -6.27744e+66 -6.27744e+66 -6.27744e+66 -6.27744e+66 34.8751 106.935 289.603 348.639 873.071 
-6.27744e+66 -6.27744e+66 -6.27744e+66 -6.27744e+66 -6.27744e+66 -6.27744e+66 -6.27744e+66 -6.27744e+66 -6.27744e+66 34.8751 126.209 165.566 558.89 
-6.27744e+66 -6.27744e+66 -6.27744e+66 -6.27744e+66 -6.27744e+66 -6.27744e+66 -6.27744e+66 -6.27744e+66 -6.27744e+66 -6.27744e+66 34.8751 54.5538 316.77 
-6.27744e+66 -6.27744e+66 -6.27744e+66 -6.27744e+66 -6.27744e+66 -6.27744e+66 -6.27744e+66 -6.27744e+66 -6.27744e+66 -6.27744e+66 -6.27744e+66 34.8751 165.983 
-6.27744e+66 -6.27744e+66 -6.27744e+66 -6.27744e+66 -6.27744e+66 -6.27744e+66 -6.27744e+66 -6.27744e+66 -6.27744e+66 -6.27744e+66 -6.27744e+66 -6.27744e+66 34.8751 
-6.27744e+66 -6.27744e+66 -6.27744e+66 -6.27744e+66 -6.27744e+66 -6.27744e+66 -6.27744e+66 -6.27744e+66 -6.27744e+66 -6.27744e+66 -6.27744e+66 -6.27744e+66 -6.27744e+66 
-6.27744e+66 69.3467 176.918 215.465 557.799 573.325 1200.05 1534.22 2192.87 2759.27 3698.17 4222.53 5056.28 
-6.27744e+66 -6.27744e+66 69.3467 88.6201 316.842 328.487 829.867 1108.34 1672.9 2168.5 3003.08 3475 4232.96 
-6.27744e+66 -6.27744e+66 -6.27744e+66 69.3467 183.458 191.221 567.256 790.037 1260.5 1685.3 2415.56 2835.05 3517.21 
-6.27744e+66 -6.27744e+66 -6.27744e+66 -6.27744e+66 69.3467 73.2283 323.918 491.004 867.374 1221.37 1847.31 2214.36 2820.73 
-6.27744e+66 -6.27744e+66 -6.27744e+66 -6.27744e+66 -6.27744e+66 69.3467 194.692 306.082 588.36 871.56 1393.17 1707.79 2238.36 
-6.27744e+66 -6.27744e+66 -6.27744e+66 -6.27744e+66 -6.27744e+66 -6.27744e+66 69.3467 125.042 313.227 525.627 942.918 1205.1 1659.87 
-6.27744e+66 -6.27744e+66 -6.27744e+66 -6.27744e+66 -6.27744e+66 -6.27744e+66 -6.27744e+66 69.3467 163.439 305.04 618.008 827.751 1206.73 
-6.27744e+66 -6.27744e+66 -6.27744e+66 -6.27744e+66 -6.27744e+66 -6.27744e+66 -6.27744e+66 -6.27744e+66 69.3467 140.147 348.792 506.1 809.282 
-6.27744e+66 -6.27744e+66 -6.27744e+66 -6.27744e+66 -6.27744e+66 -6.27744e+66 -6.27744e+66 -6.27744e+66 -6.27744e+66 69.3467 173.669 278.541 505.928 
-6.27744e+66 -6.27744e+66 -6.27744e+66 -6.27744e+66 -6.27744e+66 -6.27744e+66 -6.27744e+66 -6.27744e+66 -6.27744e+66 -6.27744e+66 69.3467 121.783 273.374 
-6.27744e+66 -6.27744e+66 -6.27744e+66 -6.27744e+66 -6.27744e+66 -6.27744e+66 -6.27744e+66 -6.27744e+66 -6.27744e+66 -6.27744e+66 -6.27744e+66 69.3467 145.142 
-6.27744e+66 -6.27744e+66 -6.27744e+66 -6.27744e+66 -6.27744e+66 -6.27744e+66 -6.27744e+66 -6.27744e+66 -6.27744e+66 -6.27744e+66 -6.27744e+66 -6.27744e+66 69.3467 
-6.27744e+66 -6.27744e+66 -6.27744e+66 -6.27744e+66 -6.27744e+66 -6.27744e+66 -6.27744e+66 -6.27744e+66 -6.27744e+66 -6.27744e+66 -6.27744e+66 -6.27744e+66 -6.27744e+66 
-6.27744e+66 66.4286 170.022 288.314 618.906 763.749 1308.64 1589.9 2326.31 2768.36 3536.54 4168.54 5348.87 
-6.27744e+66 -6.27744e+66 66.4286 125.574 345.969 454.601 890.511 1124.9 1756.11 2142.9 2825.73 3394.53 4467.56 
-6.27744e+66 -6.27744e+66 -6.27744e+66 66.4286 176.626 249.048 575.98 763.491 1289.5 1621.04 2218.51 2724.11 3689.83 
-6.27744e+66 -6.27744e+66 -6.27744e+66 -6.27744e+66 66.4286 102.639 320.594 461.227 882.032 1158.32 1670.43 2112.83 2971.26 
-6.27744e+66 -6.27744e+66 -6.27744e+66 -6.27744e+66 -6.27744e+66 66.4286 175.406 269.161 584.765 805.791 1232.56 1611.76 2362.88 
-6.27744e+66 -6.27744e+66 -6.27744e+66 -6.27744e+66 -6.27744e+66 -6.27744e+66 66.4286 113.306 323.709 489.478 830.89 1146.89 1790.71 
-6.27744e+66 -6.27744e+66 -6.27744e+66 -6.27744e+66 -6.27744e+66 -6.27744e+66 -6.27744e+66 66.4286 171.63 282.143 538.201 791.002 1327.52 
-6.27744e+66 -6.27744e+66 -6.27744e+66 -6.27744e+66 -6.27744e+66 -6.27744e+66 -6.27744e+66 -6.27744e+66 66.4286 121.685 292.391 481.991 911.203 
-6.27744e+66 -6.27744e+66 -6.27744e+66 -6.27744e+66 -6.27744e+66 -6.27744e+66 -6.27744e+66 -6.27744e+66 -6.27744e+66 66.4286 151.781 278.182 600.091 
-6.27744e+66 -6.27744e+66 -6.27744e+66 -6.27744e+66 -6.27744e+66 -6.27744e+66 -6.27744e+66 -6.27744e+66 -6.27744e+66 -6.27744e+66 66.4286 129.629 344.235 
-6.27744e+66 -6.27744e+66 -6.27744e+66 -6.27744e+66 -6.27744e+66 -6.27744e+66 -6.27744e+66 -6.27744e+66 -6.27744e+66 -6.27744e+66 -6.27744e+66 66.4286 173.732 
-6.27744e+66 -6.27744e+66 -6.27744e+66 -6.27744e+66 -6.27744e+66 -6.27744e+66 -6.27744e+66 -6.27744e+66 -6.27744e+66 -6.27744e+66 -6.27744e+66 -6.27744e+66 66.4286 
-6.27744e+66 -6.27744e+66 -6.27744e+66 -6.27744e+66 -6.27744e+66 -6.27744e+66 -6.27744e+66 -6.27744e+66 -6.27744e+66 -6.27744e+66 -6.27744e+66 -6.27744e+66 -6.27744e+66 
-6.27744e+66 74.2731 174.646 325.136 653.615 901.046 1461.22 1711.93 2625.2 3264.17 4179.92 4891.71 6011.7 
-6.27744e+66 -6.27744e+66 74.2731 149.518 368.504 554.077 1002.22 1211.14 1993.95 2553.04 3367.05 4007.65 5025.83 
-6.27744e+66 -6.27744e+66 -6.27744e+66 74.2731 183.766 307.481 643.585 810.728 1463.06 1942.29 2654.54 3223.97 4140.33 
-6.27744e+66 -6.27744e+66 -6.27744e+66 -6.27744e+66 74.2731 136.131 360.2 485.557 1007.43 1406.78 2017.28 2515.53 3330.07 
-6.27744e+66 -6.27744e+66 -6.27744e+66 -6.27744e+66 -6.27744e+66 74.2731 186.308 269.879 661.281 980.764 1489.52 1916.59 2629.31 
-6.27744e+66 -6.27744e+66 -6.27744e+66 -6.27744e+66 -6.27744e+66 -6.27744e+66 74.2731 116.059 376.993 616.606 1023.61 1379.5 1990.4 
-6.27744e+66 -6.27744e+66 -6.27744e+66 -6.27744e+66 -6.27744e+66 -6.27744e+66 -6.27744e+66 74.2731 204.74 364.482 669.733 954.447 1463.53 
-6.27744e+66 -6.27744e+66 -6.27744e+66 -6.27744e+66 -6.27744e+66 -6.27744e+66 -6.27744e+66 -6.27744e+66 74.2731 154.144 357.644 571.18 978.45 
-6.27744e+66 -6.27744e+66 -6.27744e+66 -6.27744e+66 -6.27744e+66 -6.27744e+66 -6.27744e+66 -6.27744e+66 -6.27744e+66 74.2731 176.023 318.38 623.833 
-6.27744e+66 -6.27744e+66 -6.27744e+66 -6.27744e+66 -6.27744e+66 -6.27744e+66 -6.27744e+66 -6.27744e+66 -6.27744e+66 -6.27744e+66 74.2731 145.452 349.087 
-6.27744e+66 -6.27744e+66 -6.27744e+66 -6.27744e+66 -6.27744e+66 -6.27744e+66 -6.27744e+66 -6.27744e+66 -6.27744e+66 -6.27744e+66 -6.27744e+66 74.2731 176.091 
-6.27744e+66 -6.27744e+66 -6.27744e+66 -6.27744e+66 -6.27744e+66 -6.27744e+66 -6.27744e+66 -6.27744e+66 -6.27744e+66 -6.27744e+66 -6.27744e+66 -6.27744e+66 74.2731 
-6.27744e+66 -6.27744e+66 -6.27744e+66 -6.27744e+66 -6.27744e+66 -6.27744e+66 -6.27744e+66 -6.27744e+66 -6.27744e+66 -6.27744e+66 -6.27744e+66 -6.27744e+66 -6.27744e+66 
-6.27744e+66 83.7494 192.82 293.866 569.708 569.708 1218.77 1547.85 2345.03 2894.05 3454.2 4037.11 5426.53 
-6.27744e+66 -6.27744e+66 83.7494 134.272 318.167 318.167 837.413 1111.65 1794.94 2275.34 2773.25 3297.87 4560.98 
-6.27744e+66 -6.27744e+66 -6.27744e+66 83.7494 175.697 175.697 565.131 784.52 1353.93 1765.7 2201.37 2667.7 3804.5 
-6.27744e+66 -6.27744e+66 -6.27744e+66 -6.27744e+66 83.7494 83.7494 343.372 507.914 963.443 1306.58 1680.01 2088.05 3098.54 
-6.27744e+66 -6.27744e+66 -6.27744e+66 -6.27744e+66 -6.27744e+66 83.7494 213.561 323.255 664.902 939.413 1250.61 1600.35 2484.53 
-6.27744e+66 -6.27744e+66 -6.27744e+66 -6.27744e+66 -6.27744e+66 -6.27744e+66 83.7494 138.596 366.361 572.244 821.2 1112.66 1870.52 
-6.27744e+66 -6.27744e+66 -6.27744e+66 -6.27744e+66 -6.27744e+66 -6.27744e+66 -6.27744e+66 83.7494 197.632 334.887 521.604 754.768 1386.32 
-6.27744e+66 -6.27744e+66 -6.27744e+66 -6.27744e+66 -6.27744e+66 -6.27744e+66 -6.27744e+66 -6.27744e+66 83.7494 152.377 276.855 451.728 956.973 
-6.27744e+66 -6.27744e+66 -6.27744e+66 -6.27744e+66 -6.27744e+66 -6.27744e+66 -6.27744e+66 -6.27744e+66 -6.27744e+66 83.7494 145.988 262.57 641.504 
-6.27744e+66 -6.27744e+66 -6.27744e+66 -6.27744e+66 -6.27744e+66 -6.27744e+66 -6.27744e+66 -6.27744e+66 -6.27744e+66 -6.27744e+66 83.7494 142.04 394.663 
-6.27744e+66 -6.27744e+66 -6.27744e+66 -6.27744e+66 -6.27744e+66 -6.27744e+66 -6.27744e+66 -6.27744e+66 -6.27744e+66 -6.27744e+66 -6.27744e+66 83.7494 210.061 
-6.27744e+66 -6.27744e+66 -6.27744e+66 -6.27744e+66 -6.27744e+66 -6.27744e+66 -6.27744e+66 -6.27744e+66 -6.27744e+66 -6.27744e+66 -6.27744e+66 -6.27744e+66 83.7494 
-6.27744e+66 -6.27744e+66 -6.27744e+66 -6.27744e+66 -6.27744e+66 -6.27744e+66 -6.27744e+66 -6.27744e+66 -6.27744e+66 -6.27744e+66 -6.27744e+66 -6.27744e+66 -6.27744e+66 
