6 20 
-6.27744e+66 78.4854 78.4854 150.566 463.8 586.11 586.11 
-6.27744e+66 -6.27744e+66 78.4854 114.526 323.348 415.081 415.081 
-6.27744e+66 -6.27744e+66 -6.27744e+66 78.4854 182.897 244.052 244.052 
-6.27744e+66 -6.27744e+66 -6.27744e+66 -6.27744e+66 78.4854 109.063 109.063 
-6.27744e+66 -6.27744e+66 -6.27744e+66 -6.27744e+66 -6.27744e+66 78.4854 78.4854 
-6.27744e+66 -6.27744e+66 -6.27744e+66 -6.27744e+66 -6.27744e+66 -6.27744e+66 78.4854 
-6.27744e+66 -6.27744e+66 -6.27744e+66 -6.27744e+66 -6.27744e+66 -6.27744e+66 -6.27744e+66 
-6.27744e+66 79.083 159.6 235.998 235.998 608.429 1014.56 
-6.27744e+66 -6.27744e+66 79.083 117.282 117.282 396.606 721.507 
-6.27744e+66 -6.27744e+66 -6.27744e+66 79.083 79.083 265.299 508.975 
-6.27744e+66 -6.27744e+66 -6.27744e+66 -6.27744e+66 79.083 172.191 334.641 
-6.27744e+66 -6.27744e+66 -6.27744e+66 -6.27744e+66 -6.27744e+66 79.083 160.308 
-6.27744e+66 -6.27744e+66 -6.27744e+66 -6.27744e+66 -6.27744e+66 -6.27744e+66 79.083 
-6.27744e+66 -6.27744e+66 -6.27744e+66 -6.27744e+66 -6.27744e+66 -6.27744e+66 -6.27744e+66 
-6.27744e+66 58.9264 165.498 165.498 469.537 469.537 469.537 
-6.27744e+66 -6.27744e+66 58.9264 58.9264 261.619 261.619 261.619 
-6.27744e+66 -6.27744e+66 -6.27744e+66 58.9264 160.273 160.273 160.273 
-6.27744e+66 -6.27744e+66 -6.27744e+66 -6.27744e+66 58.9264 58.9264 58.9264 
-6.27744e+66 -6.27744e+66 -6.27744e+66 -6.27744e+66 -6.27744e+66 58.9264 58.9264 
-6.27744e+66 -6.27744e+66 -6.27744e+66 -6.27744e+66 -6.27744e+66 -6.27744e+66 58.9264 
-6.27744e+66 -6.27744e+66 -6.27744e+66 -6.27744e+66 -6.27744e+66 -6.27744e+66 -6.27744e+66 
-6.27744e+66 48.6492 48.6492 48.6492 48.6492 48.6492 48.6492 
-6.27744e+66 -6.27744e+66 48.6492 48.6492 48.6492 48.6492 48.6492 
-6.27744e+66 -6.27744e+66 -6.27744e+66 48.6492 48.6492 48.6492 48.6492 
-6.27744e+66 -6.27744e+66 -6.27744e+66 -6.27744e+66 48.6492 48.6492 48.6492 
-6.27744e+66 -6.27744e+66 -6.27744e+66 -6.27744e+66 -6.27744e+66 48.6492 48.6492 
-6.27744e+66 -6.27744e+66 -6.27744e+66 -6.27744e+66 -6.27744e+66 -6.27744e+66 48.6492 
-6.27744e+66 -6.27744e+66 -6.27744e+66 -6.27744e+66 -6.27744e+66 -6.27744e+66 -6.27744e+66 
-6.27744e+66 83.6161 83.6161 176.572 176.572 351.562 351.562 
-6.27744e+66 -6.27744e+66 83.6161 130.094 130.094 261.337 261.337 
-6.27744e+66 -6.27744e+66 -6.27744e+66 83.6161 83.6161 171.111 171.111 
-6.27744e+66 -6.27744e+66 -6.27744e+66 -6.27744e+66 83.6161 127.364 127.364 
-6.27744e+66 -6.27744e+66 -6.27744e+66 -6.27744e+66 -6.27744e+66 83.6161 83.6161 
-6.27744e+66 -6.27744e+66 -6.27744e+66 -6.27744e+66 -6.27744e+66 -6.27744e+66 83.6161 
-6.27744e+66 -6.27744e+66 -6.27744e+66 -6.27744e+66 -6.27744e+66 -6.27744e+66 -6.27744e+66 
-6.27744e+66 35.6739 102.697 102.697 343.292 572.011 572.011 
-6.27744e+66 -6.27744e+66 35.6739 35.6739 196.071 367.609 367.609 
-6.27744e+66 -6.27744e+66 -6.27744e+66 35.6739 115.872 230.231 230.231 
-6.27744e+66 -6.27744e+66 -6.27744e+66 -6.27744e+66 35.6739 92.8535 92.8535 
-6.27744e+66 -6.27744e+66 -6.27744e+66 -6.27744e+66 -6.27744e+66 35.6739 35.6739 
-6.27744e+66 -6.27744e+66 -6.27744e+66 -6.27744e+66 -6.27744e+66 -6.27744e+66 35.6739 
-6.27744e+66 -6.27744e+66 -6.27744e+66 -6.27744e+66 -6.27744e+66 -6.27744e+66 -6.27744e+66 
-6.27744e+66 61.6689 61.6689 61.6689 61.6689 61.6689 61.6689 
-6.27744e+66 -6.27744e+66 61.6689 61.6689 61.6689 61.6689 61.6689 
-6.27744e+66 -6.27744e+66 -6.27744e+66 61.6689 61.6689 61.6689 61.6689 
-6.27744e+66 -6.27744e+66 -6.27744e+66 -6.27744e+66 61.6689 61.6689 61.6689 
-6.27744e+66 -6.27744e+66 -6.27744e+66 -6.27744e+66 -6.27744e+66 61.6689 61.6689 
-6.27744e+66 -6.27744e+66 -6.27744e+66 -6.27744e+66 -6.27744e+66 -6.27744e+66 61.6689 
-6.27744e+66 -6.27744e+66 -6.27744e+66 -6.27744e+66 -6.27744e+66 -6.27744e+66 -6.27744e+66 
-6.27744e+66 58.6192 58.6192 138.298 498.822 498.822 1067.57 
-6.27744e+66 -6.27744e+66 58.6192 98.4587 338.808 338.808 793.808 
-6.27744e+66 -6.27744e+66 -6.27744e+66 58.6192 178.794 178.794 520.044 
-6.27744e+66 -6.27744e+66 -6.27744e+66 -6.27744e+66 58.6192 58.6192 286.119 
-6.27744e+66 -6.27744e+66 -6.27744e+66 -6.27744e+66 -6.27744e+66 58.6192 172.369 
-6.27744e+66 -6.27744e+66 -6.27744e+66 -6.27744e+66 -6.27744e+66 -6.27744e+66 58.6192 
-6.27744e+66 -6.27744e+66 -6.27744e+66 -6.27744e+66 -6.27744e+66 -6.27744e+66 -6.27744e+66 
-6.27744e+66 70.3614 70.3614 70.3614 371.841 528.139 1156.1 
-6.27744e+66 -6.27744e+66 70.3614 70.3614 271.348 388.572 890.942 
-6.27744e+66 -6.27744e+66 -6.27744e+66 70.3614 170.854 249.004 625.782 
-6.27744e+66 -6.27744e+66 -6.27744e+66 -6.27744e+66 70.3614 109.436 360.621 
-6.27744e+66 -6.27744e+66 -6.27744e+66 -6.27744e+66 -6.27744e+66 70.3614 195.954 
-6.27744e+66 -6.27744e+66 -6.27744e+66 -6.27744e+66 -6.27744e+66 -6.27744e+66 70.3614 
-6.27744e+66 -6.27744e+66 -6.27744e+66 -6.27744e+66 -6.27744e+66 -6.27744e+66 -6.27744e+66 
-6.27744e+66 65.2722 171.032 205.338 502.479 502.479 955.248 
-6.27744e+66 -6.27744e+66 65.2722 82.4251 280.519 280.519 642.735 
-6.27744e+66 -6.27744e+66 -6.27744e+66 65.2722 164.319 164.319 435.981 
-6.27744e+66 -6.27744e+66 -6.27744e+66 -6.27744e+66 65.2722 65.2722 246.38 
-6.27744e+66 -6.27744e+66 -6.27744e+66 -6.27744e+66 -6.27744e+66 65.2722 155.826 
-6.27744e+66 -6.27744e+66 -6.27744e+66 -6.27744e+66 -6.27744e+66 -6.27744e+66 65.2722 
-6.27744e+66 -6.27744e+66 -6.27744e+66 -6.27744e+66 -6.27744e+66 -6.27744e+66 -6.27744e+66 
-6.27744e+66 26.4355 26.4355 26.4355 26.4355 231.204 231.204 
-6.27744e+66 -6.27744e+66 26.4355 26.4355 26.4355 180.012 180.012 
-6.27744e+66 -6.27744e+66 -6.27744e+66 26.4355 26.4355 128.82 128.82 
-6.27744e+66 -6.27744e+66 -6.27744e+66 -6.27744e+66 26.4355 77.6275 77.6275 
-6.27744e+66 -6.27744e+66 -6.27744e+66 -6.27744e+66 -6.27744e+66 26.4355 26.4355 
-6.27744e+66 -6.27744e+66 -6.27744e+66 -6.27744e+66 -6.27744e+66 -6.27744e+66 26.4355 
-6.27744e+66 -6.27744e+66 -6.27744e+66 -6.27744e+66 -6.27744e+66 -6.27744e+66 -6.27744e+66 
-6.27744e+66 70.9466 145.46 145.46 408.626 548.755 1010.99 
-6.27744e+66 -6.27744e+66 70.9466 70.9466 246.39 351.487 721.274 
-6.27744e+66 -6.27744e+66 -6.27744e+66 70.9466 158.669 228.733 506.073 
-6.27744e+66 -6.27744e+66 -6.27744e+66 -6.27744e+66 70.9466 105.979 290.872 
-6.27744e+66 -6.27744e+66 -6.27744e+66 -6.27744e+66 -6.27744e+66 70.9466 163.393 
-6.27744e+66 -6.27744e+66 -6.27744e+66 -6.27744e+66 -6.27744e+66 -6.27744e+66 70.9466 
-6.27744e+66 -6.27744e+66 -6.27744e+66 -6.27744e+66 -6.27744e+66 -6.27744e+66 -6.27744e+66 
-6.27744e+66 76.6718 76.6718 76.6718 281.896 361.762 905.092 
-6.27744e+66 -6.27744e+66 76.6718 76.6718 213.488 273.388 708.052 
-6.27744e+66 -6.27744e+66 -6.27744e+66 76.6718 145.08 185.013 511.011 
-6.27744e+66 -6.27744e+66 -6.27744e+66 -6.27744e+66 76.6718 96.6384 313.97 
-6.27744e+66 -6.27744e+66 -6.27744e+66 -6.27744e+66 -6.27744e+66 76.6718 185.338 
-6.27744e+66 -6.27744e+66 -6.27744e+66 -6.27744e+66 -6.27744e+66 -6.27744e+66 76.6718 
-6.27744e+66 -6.27744e+66 -6.27744e+66 -6.27744e+66 -6.27744e+66 -6.27744e+66 -6.27744e+66 
-6.27744e+66 59.1773 141.429 245.027 607.5 778.458 778.458 
-6.27744e+66 -6.27744e+66 59.1773 110.976 352.625 480.843 480.843 
-6.27744e+66 -6.27744e+66 -6.27744e+66 59.1773 180.002 265.481 265.481 
-6.27744e+66 -6.27744e+66 -6.27744e+66 -6.27744e+66 59.1773 101.917 101.917 
-6.27744e+66 -6.27744e+66 -6.27744e+66 -6.27744e+66 -6.27744e+66 59.1773 59.1773 
-6.27744e+66 -6.27744e+66 -6.27744e+66 -6.27744e+66 -6.27744e+66 -6.27744e+66 59.1773 
-6.27744e+66 -6.27744e+66 -6.27744e+66 -6.27744e+66 -6.27744e+66 -6.27744e+66 -6.27744e+66 
-6.27744e+66 47.318 144.892 144.892 144.892 144.892 144.892 
-6.27744e+66 -6.27744e+66 47.318 47.318 47.318 47.318 47.318 
-6.27744e+66 -6.27744e+66 -6.27744e+66 47.318 47.318 47.318 47.318 
-6.27744e+66 -6.27744e+66 -6.27744e+66 -6.27744e+66 47.318 47.318 47.318 
-6.27744e+66 -6.27744e+66 -6.27744e+66 -6.27744e+66 -6.27744e+66 47.318 47.318 
-6.27744e+66 -6.27744e+66 -6.27744e+66 -6.27744e+66 -6.27744e+66 -6.27744e+66 47.318 
-6.27744e+66 -6.27744e+66 -6.27744e+66 -6.27744e+66 -6.27744e+66 -6.27744e+66 -6.27744e+66 
-6.27744e+66 65.5298 159.303 327.441 327.441 370.205 730.519 
-6.27744e+66 -6.27744e+66 65.5298 149.599 149.599 181.672 469.923 
-6.27744e+66 -6.27744e+66 -6.27744e+66 65.5298 65.5298 86.912 303.1 
-6.27744e+66 -6.27744e+66 -6.27744e+66 -6.27744e+66 65.5298 76.2209 220.346 
-6.27744e+66 -6.27744e+66 -6.27744e+66 -6.27744e+66 -6.27744e+66 65.5298 137.592 
-6.27744e+66 -6.27744e+66 -6.27744e+66 -6.27744e+66 -6.27744e+66 -6.27744e+66 65.5298 
-6.27744e+66 -6.27744e+66 -6.27744e+66 -6.27744e+66 -6.27744e+66 -6.27744e+66 -6.27744e+66 
-6.27744e+66 75.8471 189.253 189.253 189.253 189.253 729.567 
-6.27744e+66 -6.27744e+66 75.8471 75.8471 75.8471 75.8471 508.098 
-6.27744e+66 -6.27744e+66 -6.27744e+66 75.8471 75.8471 75.8471 400.035 
-6.27744e+66 -6.27744e+66 -6.27744e+66 -6.27744e+66 75.8471 75.8471 291.973 
-6.27744e+66 -6.27744e+66 -6.27744e+66 -6.27744e+66 -6.27744e+66 75.8471 183.91 
-6.27744e+66 -6.27744e+66 -6.27744e+66 -6.27744e+66 -6.27744e+66 -6.27744e+66 75.8471 
-6.27744e+66 -6.27744e+66 -6.27744e+66 -6.27744e+66 -6.27744e+66 -6.27744e+66 -6.27744e+66 
-6.27744e+66 29.8316 29.8316 29.8316 29.8316 188.572 550.846 
-6.27744e+66 -6.27744e+66 29.8316 29.8316 29.8316 148.887 438.706 
-6.27744e+66 -6.27744e+66 -6.27744e+66 29.8316 29.8316 109.202 326.566 
-6.27744e+66 -6.27744e+66 -6.27744e+66 -6.27744e+66 29.8316 69.5166 214.426 
-6.27744e+66 -6.27744e+66 -6.27744e+66 -6.27744e+66 -6.27744e+66 29.8316 102.287 
-6.27744e+66 -6.27744e+66 -6.27744e+66 -6.27744e+66 -6.27744e+66 -6.27744e+66 29.8316 
-6.27744e+66 -6.27744e+66 -6.27744e+66 -6.27744e+66 -6.27744e+66 -6.27744e+66 -6.27744e+66 
-6.27744e+66 48.0757 153.073 153.073 153.073 466.658 1022.45 
-6.27744e+66 -6.27744e+66 48.0757 48.0757 48.0757 283.265 727.897 
-6.27744e+66 -6.27744e+66 -6.27744e+66 48.0757 48.0757 204.869 538.343 
-6.27744e+66 -6.27744e+66 -6.27744e+66 -6.27744e+66 48.0757 126.472 348.788 
-6.27744e+66 -6.27744e+66 -6.27744e+66 -6.27744e+66 -6.27744e+66 48.0757 159.234 
-6.27744e+66 -6.27744e+66 -6.27744e+66 -6.27744e+66 -6.27744e+66 -6.27744e+66 48.0757 
-6.27744e+66 -6.27744e+66 -6.27744e+66 -6.27744e+66 -6.27744e+66 -6.27744e+66 -6.27744e+66 
-6.27744e+66 60.1476 160.177 160.177 508.148 508.148 508.148 
-6.27744e+66 -6.27744e+66 60.1476 60.1476 292.128 292.128 292.128 
-6.27744e+66 -6.27744e+66 -6.27744e+66 60.1476 176.138 176.138 176.138 
-6.27744e+66 -6.27744e+66 -6.27744e+66 -6.27744e+66 60.1476 60.1476 60.1476 
-6.27744e+66 -6.27744e+66 -6.27744e+66 -6.27744e+66 -6.27744e+66 60.1476 60.1476 
-6.27744e+66 -6.27744e+66 -6.27744e+66 -6.27744e+66 -6.27744e+66 -6.27744e+66 60.1476 
-6.27744e+66 -6.27744e+66 -6.27744e+66 -6.27744e+66 -6.27744e+66 -6.27744e+66 -6.27744e+66 
