6 40 
-6.27744e+66 40.6078 128.378 268.043 682.908 928.638 1341.58 
-6.27744e+66 -6.27744e+66 40.6078 110.44 387.017 571.314 901.669 
-6.27744e+66 -6.27744e+66 -6.27744e+66 40.6078 178.896 301.761 549.527 
-6.27744e+66 -6.27744e+66 -6.27744e+66 -6.27744e+66 40.6078 102.04 267.218 
-6.27744e+66 -6.27744e+66 -6.27744e+66 -6.27744e+66 -6.27744e+66 40.6078 123.197 
-6.27744e+66 -6.27744e+66 -6.27744e+66 -6.27744e+66 -6.27744e+66 -6.27744e+66 40.6078 
-6.27744e+66 -6.27744e+66 -6.27744e+66 -6.27744e+66 -6.27744e+66 -6.27744e+66 -6.27744e+66 
-6.27744e+66 82.3388 194.336 355.217 619.354 958.992 1450.16 
-6.27744e+66 -6.27744e+66 82.3388 162.779 338.87 593.599 986.536 
-6.27744e+66 -6.27744e+66 -6.27744e+66 82.3388 170.384 340.203 634.906 
-6.27744e+66 -6.27744e+66 -6.27744e+66 -6.27744e+66 82.3388 167.248 363.717 
-6.27744e+66 -6.27744e+66 -6.27744e+66 -6.27744e+66 -6.27744e+66 82.3388 180.573 
-6.27744e+66 -6.27744e+66 -6.27744e+66 -6.27744e+66 -6.27744e+66 -6.27744e+66 82.3388 
-6.27744e+66 -6.27744e+66 -6.27744e+66 -6.27744e+66 -6.27744e+66 -6.27744e+66 -6.27744e+66 
-6.27744e+66 51.7913 141.444 181.892 407.386 609.916 1049.28 
-6.27744e+66 -6.27744e+66 51.7913 72.0152 222.345 374.242 725.734 
-6.27744e+66 -6.27744e+66 -6.27744e+66 51.7913 126.956 228.221 491.84 
-6.27744e+66 -6.27744e+66 -6.27744e+66 -6.27744e+66 51.7913 102.424 278.17 
-6.27744e+66 -6.27744e+66 -6.27744e+66 -6.27744e+66 -6.27744e+66 51.7913 139.665 
-6.27744e+66 -6.27744e+66 -6.27744e+66 -6.27744e+66 -6.27744e+66 -6.27744e+66 51.7913 
-6.27744e+66 -6.27744e+66 -6.27744e+66 -6.27744e+66 -6.27744e+66 -6.27744e+66 -6.27744e+66 
-6.27744e+66 84.354 215.325 359.74 698.803 897.192 1382.04 
-6.27744e+66 -6.27744e+66 84.354 156.562 382.604 531.395 919.276 
-6.27744e+66 -6.27744e+66 -6.27744e+66 84.354 197.375 296.569 587.48 
-6.27744e+66 -6.27744e+66 -6.27744e+66 -6.27744e+66 84.354 133.951 327.891 
-6.27744e+66 -6.27744e+66 -6.27744e+66 -6.27744e+66 -6.27744e+66 84.354 181.324 
-6.27744e+66 -6.27744e+66 -6.27744e+66 -6.27744e+66 -6.27744e+66 -6.27744e+66 84.354 
-6.27744e+66 -6.27744e+66 -6.27744e+66 -6.27744e+66 -6.27744e+66 -6.27744e+66 -6.27744e+66 
-6.27744e+66 35.3261 113.753 247.045 568.924 927.524 1564.37 
-6.27744e+66 -6.27744e+66 35.3261 101.972 316.558 585.508 1094.98 
-6.27744e+66 -6.27744e+66 -6.27744e+66 35.3261 142.619 321.919 704.027 
-6.27744e+66 -6.27744e+66 -6.27744e+66 -6.27744e+66 35.3261 124.976 379.715 
-6.27744e+66 -6.27744e+66 -6.27744e+66 -6.27744e+66 -6.27744e+66 35.3261 162.695 
-6.27744e+66 -6.27744e+66 -6.27744e+66 -6.27744e+66 -6.27744e+66 -6.27744e+66 35.3261 
-6.27744e+66 -6.27744e+66 -6.27744e+66 -6.27744e+66 -6.27744e+66 -6.27744e+66 -6.27744e+66 
-6.27744e+66 64.7925 142.801 271.38 547.077 671.313 813.181 
-6.27744e+66 -6.27744e+66 64.7925 129.082 312.88 406.057 519.551 
-6.27744e+66 -6.27744e+66 -6.27744e+66 64.7925 156.691 218.809 303.93 
-6.27744e+66 -6.27744e+66 -6.27744e+66 -6.27744e+66 64.7925 95.8514 152.599 
-6.27744e+66 -6.27744e+66 -6.27744e+66 -6.27744e+66 -6.27744e+66 64.7925 93.1662 
-6.27744e+66 -6.27744e+66 -6.27744e+66 -6.27744e+66 -6.27744e+66 -6.27744e+66 64.7925 
-6.27744e+66 -6.27744e+66 -6.27744e+66 -6.27744e+66 -6.27744e+66 -6.27744e+66 -6.27744e+66 
-6.27744e+66 67.8806 152.964 317.994 713.304 814.177 1371.05 
-6.27744e+66 -6.27744e+66 67.8806 150.395 413.936 489.591 935.09 
-6.27744e+66 -6.27744e+66 -6.27744e+66 67.8806 199.651 250.087 584.212 
-6.27744e+66 -6.27744e+66 -6.27744e+66 -6.27744e+66 67.8806 93.099 315.849 
-6.27744e+66 -6.27744e+66 -6.27744e+66 -6.27744e+66 -6.27744e+66 67.8806 179.255 
-6.27744e+66 -6.27744e+66 -6.27744e+66 -6.27744e+66 -6.27744e+66 -6.27744e+66 67.8806 
-6.27744e+66 -6.27744e+66 -6.27744e+66 -6.27744e+66 -6.27744e+66 -6.27744e+66 -6.27744e+66 
-6.27744e+66 43.4217 130.565 293.63 622.916 939.759 1418.58 
-6.27744e+66 -6.27744e+66 43.4217 124.954 344.478 582.111 965.168 
-6.27744e+66 -6.27744e+66 -6.27744e+66 43.4217 153.184 311.605 598.898 
-6.27744e+66 -6.27744e+66 -6.27744e+66 -6.27744e+66 43.4217 122.632 314.161 
-6.27744e+66 -6.27744e+66 -6.27744e+66 -6.27744e+66 -6.27744e+66 43.4217 139.186 
-6.27744e+66 -6.27744e+66 -6.27744e+66 -6.27744e+66 -6.27744e+66 -6.27744e+66 43.4217 
-6.27744e+66 -6.27744e+66 -6.27744e+66 -6.27744e+66 -6.27744e+66 -6.27744e+66 -6.27744e+66 
-6.27744e+66 75.9715 162.601 263.918 436.5 574.827 1199.67 
-6.27744e+66 -6.27744e+66 75.9715 126.63 241.685 345.43 845.308 
-6.27744e+66 -6.27744e+66 -6.27744e+66 75.9715 133.499 202.662 577.571 
-6.27744e+66 -6.27744e+66 -6.27744e+66 -6.27744e+66 75.9715 110.553 360.492 
-6.27744e+66 -6.27744e+66 -6.27744e+66 -6.27744e+66 -6.27744e+66 75.9715 200.941 
-6.27744e+66 -6.27744e+66 -6.27744e+66 -6.27744e+66 -6.27744e+66 -6.27744e+66 75.9715 
-6.27744e+66 -6.27744e+66 -6.27744e+66 -6.27744e+66 -6.27744e+66 -6.27744e+66 -6.27744e+66 
-6.27744e+66 89.4409 165.382 206.942 499.936 621.803 1144.91 
-6.27744e+66 -6.27744e+66 89.4409 110.221 305.55 396.951 815.437 
-6.27744e+66 -6.27744e+66 -6.27744e+66 89.4409 187.106 248.039 561.904 
-6.27744e+66 -6.27744e+66 -6.27744e+66 -6.27744e+66 89.4409 119.908 329.151 
-6.27744e+66 -6.27744e+66 -6.27744e+66 -6.27744e+66 -6.27744e+66 89.4409 194.063 
-6.27744e+66 -6.27744e+66 -6.27744e+66 -6.27744e+66 -6.27744e+66 -6.27744e+66 89.4409 
-6.27744e+66 -6.27744e+66 -6.27744e+66 -6.27744e+66 -6.27744e+66 -6.27744e+66 -6.27744e+66 
-6.27744e+66 38.7405 134.829 209.865 522.532 867.724 1288.72 
-6.27744e+66 -6.27744e+66 38.7405 76.2581 284.703 543.597 880.397 
-6.27744e+66 -6.27744e+66 -6.27744e+66 38.7405 142.963 315.559 568.159 
-6.27744e+66 -6.27744e+66 -6.27744e+66 -6.27744e+66 38.7405 125.038 293.438 
-6.27744e+66 -6.27744e+66 -6.27744e+66 -6.27744e+66 -6.27744e+66 38.7405 122.94 
-6.27744e+66 -6.27744e+66 -6.27744e+66 -6.27744e+66 -6.27744e+66 -6.27744e+66 38.7405 
-6.27744e+66 -6.27744e+66 -6.27744e+66 -6.27744e+66 -6.27744e+66 -6.27744e+66 -6.27744e+66 
-6.27744e+66 33.2196 134.087 189.551 447.574 659.449 1309.74 
-6.27744e+66 -6.27744e+66 33.2196 60.9516 232.967 391.874 912.105 
-6.27744e+66 -6.27744e+66 -6.27744e+66 33.2196 119.228 225.165 615.339 
-6.27744e+66 -6.27744e+66 -6.27744e+66 -6.27744e+66 33.2196 86.1884 346.304 
-6.27744e+66 -6.27744e+66 -6.27744e+66 -6.27744e+66 -6.27744e+66 33.2196 163.277 
-6.27744e+66 -6.27744e+66 -6.27744e+66 -6.27744e+66 -6.27744e+66 -6.27744e+66 33.2196 
-6.27744e+66 -6.27744e+66 -6.27744e+66 -6.27744e+66 -6.27744e+66 -6.27744e+66 -6.27744e+66 
-6.27744e+66 33.3605 134.188 237.715 572.575 679.241 1003.39 
-6.27744e+66 -6.27744e+66 33.3605 85.124 308.364 388.364 647.686 
-6.27744e+66 -6.27744e+66 -6.27744e+66 33.3605 144.981 198.314 392.806 
-6.27744e+66 -6.27744e+66 -6.27744e+66 -6.27744e+66 33.3605 60.0271 189.688 
-6.27744e+66 -6.27744e+66 -6.27744e+66 -6.27744e+66 -6.27744e+66 33.3605 98.1912 
-6.27744e+66 -6.27744e+66 -6.27744e+66 -6.27744e+66 -6.27744e+66 -6.27744e+66 33.3605 
-6.27744e+66 -6.27744e+66 -6.27744e+66 -6.27744e+66 -6.27744e+66 -6.27744e+66 -6.27744e+66 
-6.27744e+66 33.9792 133.54 214.519 411.9 618.211 1007.78 
-6.27744e+66 -6.27744e+66 33.9792 74.4689 206.056 360.789 672.444 
-6.27744e+66 -6.27744e+66 -6.27744e+66 33.9792 99.7729 202.928 436.669 
-6.27744e+66 -6.27744e+66 -6.27744e+66 -6.27744e+66 33.9792 85.5568 241.384 
-6.27744e+66 -6.27744e+66 -6.27744e+66 -6.27744e+66 -6.27744e+66 33.9792 111.893 
-6.27744e+66 -6.27744e+66 -6.27744e+66 -6.27744e+66 -6.27744e+66 -6.27744e+66 33.9792 
-6.27744e+66 -6.27744e+66 -6.27744e+66 -6.27744e+66 -6.27744e+66 -6.27744e+66 -6.27744e+66 
-6.27744e+66 44.6589 139.094 196.99 432.144 673.845 1227.74 
-6.27744e+66 -6.27744e+66 44.6589 73.6072 230.376 411.652 854.768 
-6.27744e+66 -6.27744e+66 -6.27744e+66 44.6589 123.043 243.894 576.231 
-6.27744e+66 -6.27744e+66 -6.27744e+66 -6.27744e+66 44.6589 105.084 326.642 
-6.27744e+66 -6.27744e+66 -6.27744e+66 -6.27744e+66 -6.27744e+66 44.6589 155.438 
-6.27744e+66 -6.27744e+66 -6.27744e+66 -6.27744e+66 -6.27744e+66 -6.27744e+66 44.6589 
-6.27744e+66 -6.27744e+66 -6.27744e+66 -6.27744e+66 -6.27744e+66 -6.27744e+66 -6.27744e+66 
-6.27744e+66 54.8808 167.009 318.478 678.962 765.417 1183.19 
-6.27744e+66 -6.27744e+66 54.8808 130.615 370.938 435.779 770 
-6.27744e+66 -6.27744e+66 -6.27744e+66 54.8808 175.042 218.27 468.935 
-6.27744e+66 -6.27744e+66 -6.27744e+66 -6.27744e+66 54.8808 76.4945 243.605 
-6.27744e+66 -6.27744e+66 -6.27744e+66 -6.27744e+66 -6.27744e+66 54.8808 138.436 
-6.27744e+66 -6.27744e+66 -6.27744e+66 -6.27744e+66 -6.27744e+66 -6.27744e+66 54.8808 
-6.27744e+66 -6.27744e+66 -6.27744e+66 -6.27744e+66 -6.27744e+66 -6.27744e+66 -6.27744e+66 
-6.27744e+66 90.442 207.136 322.349 603.944 920.779 1508.19 
-6.27744e+66 -6.27744e+66 90.442 148.049 335.778 573.405 1043.34 
-6.27744e+66 -6.27744e+66 -6.27744e+66 90.442 184.307 342.725 695.174 
-6.27744e+66 -6.27744e+66 -6.27744e+66 -6.27744e+66 90.442 169.651 404.617 
-6.27744e+66 -6.27744e+66 -6.27744e+66 -6.27744e+66 -6.27744e+66 90.442 207.925 
-6.27744e+66 -6.27744e+66 -6.27744e+66 -6.27744e+66 -6.27744e+66 -6.27744e+66 90.442 
-6.27744e+66 -6.27744e+66 -6.27744e+66 -6.27744e+66 -6.27744e+66 -6.27744e+66 -6.27744e+66 
-6.27744e+66 66.8546 204.984 360.981 605.455 840.404 1382.38 
-6.27744e+66 -6.27744e+66 66.8546 144.853 307.836 484.047 917.625 
-6.27744e+66 -6.27744e+66 -6.27744e+66 66.8546 148.346 265.82 591.004 
-6.27744e+66 -6.27744e+66 -6.27744e+66 -6.27744e+66 66.8546 125.592 342.381 
-6.27744e+66 -6.27744e+66 -6.27744e+66 -6.27744e+66 -6.27744e+66 66.8546 175.249 
-6.27744e+66 -6.27744e+66 -6.27744e+66 -6.27744e+66 -6.27744e+66 -6.27744e+66 66.8546 
-6.27744e+66 -6.27744e+66 -6.27744e+66 -6.27744e+66 -6.27744e+66 -6.27744e+66 -6.27744e+66 
-6.27744e+66 73.5571 158.035 278.353 615.833 743.355 1291.23 
-6.27744e+66 -6.27744e+66 73.5571 133.716 358.703 454.345 892.647 
-6.27744e+66 -6.27744e+66 -6.27744e+66 73.5571 186.051 249.812 578.538 
-6.27744e+66 -6.27744e+66 -6.27744e+66 -6.27744e+66 73.5571 105.438 324.589 
-6.27744e+66 -6.27744e+66 -6.27744e+66 -6.27744e+66 -6.27744e+66 73.5571 183.133 
-6.27744e+66 -6.27744e+66 -6.27744e+66 -6.27744e+66 -6.27744e+66 -6.27744e+66 73.5571 
-6.27744e+66 -6.27744e+66 -6.27744e+66 -6.27744e+66 -6.27744e+66 -6.27744e+66 -6.27744e+66 
-6.27744e+66 58.2917 141.179 238.744 588.339 641.376 1130.51 
-6.27744e+66 -6.27744e+66 58.2917 107.074 340.138 379.915 771.22 
-6.27744e+66 -6.27744e+66 -6.27744e+66 58.2917 174.823 201.342 494.821 
-6.27744e+66 -6.27744e+66 -6.27744e+66 -6.27744e+66 58.2917 71.5508 267.203 
-6.27744e+66 -6.27744e+66 -6.27744e+66 -6.27744e+66 -6.27744e+66 58.2917 156.118 
-6.27744e+66 -6.27744e+66 -6.27744e+66 -6.27744e+66 -6.27744e+66 -6.27744e+66 58.2917 
-6.27744e+66 -6.27744e+66 -6.27744e+66 -6.27744e+66 -6.27744e+66 -6.27744e+66 -6.27744e+66 
-6.27744e+66 41.7963 129.846 209.298 613.001 825.014 1427.96 
-6.27744e+66 -6.27744e+66 41.7963 81.5221 350.658 509.667 992.028 
-6.27744e+66 -6.27744e+66 -6.27744e+66 41.7963 176.364 282.37 644.141 
-6.27744e+66 -6.27744e+66 -6.27744e+66 -6.27744e+66 41.7963 94.7995 335.98 
-6.27744e+66 -6.27744e+66 -6.27744e+66 -6.27744e+66 -6.27744e+66 41.7963 162.386 
-6.27744e+66 -6.27744e+66 -6.27744e+66 -6.27744e+66 -6.27744e+66 -6.27744e+66 41.7963 
-6.27744e+66 -6.27744e+66 -6.27744e+66 -6.27744e+66 -6.27744e+66 -6.27744e+66 -6.27744e+66 
-6.27744e+66 47.3027 135.835 212.791 464.294 562.233 1168.39 
-6.27744e+66 -6.27744e+66 47.3027 85.781 253.449 326.904 811.831 
-6.27744e+66 -6.27744e+66 -6.27744e+66 47.3027 131.137 180.107 543.802 
-6.27744e+66 -6.27744e+66 -6.27744e+66 -6.27744e+66 47.3027 71.7875 314.251 
-6.27744e+66 -6.27744e+66 -6.27744e+66 -6.27744e+66 -6.27744e+66 47.3027 168.534 
-6.27744e+66 -6.27744e+66 -6.27744e+66 -6.27744e+66 -6.27744e+66 -6.27744e+66 47.3027 
-6.27744e+66 -6.27744e+66 -6.27744e+66 -6.27744e+66 -6.27744e+66 -6.27744e+66 -6.27744e+66 
-6.27744e+66 61.0942 174.381 246.081 462.25 667.474 1182.35 
-6.27744e+66 -6.27744e+66 61.0942 96.944 241.056 394.974 806.876 
-6.27744e+66 -6.27744e+66 -6.27744e+66 61.0942 133.15 235.762 544.689 
-6.27744e+66 -6.27744e+66 -6.27744e+66 -6.27744e+66 61.0942 112.4 318.351 
-6.27744e+66 -6.27744e+66 -6.27744e+66 -6.27744e+66 -6.27744e+66 61.0942 164.07 
-6.27744e+66 -6.27744e+66 -6.27744e+66 -6.27744e+66 -6.27744e+66 -6.27744e+66 61.0942 
-6.27744e+66 -6.27744e+66 -6.27744e+66 -6.27744e+66 -6.27744e+66 -6.27744e+66 -6.27744e+66 
-6.27744e+66 82.4719 193.781 306.303 559.138 733.488 1188.79 
-6.27744e+66 -6.27744e+66 82.4719 138.733 307.289 438.052 802.296 
-6.27744e+66 -6.27744e+66 -6.27744e+66 82.4719 166.75 253.926 527.108 
-6.27744e+66 -6.27744e+66 -6.27744e+66 -6.27744e+66 82.4719 126.06 308.181 
-6.27744e+66 -6.27744e+66 -6.27744e+66 -6.27744e+66 -6.27744e+66 82.4719 173.533 
-6.27744e+66 -6.27744e+66 -6.27744e+66 -6.27744e+66 -6.27744e+66 -6.27744e+66 82.4719 
-6.27744e+66 -6.27744e+66 -6.27744e+66 -6.27744e+66 -6.27744e+66 -6.27744e+66 -6.27744e+66 
-6.27744e+66 82.5442 182.763 289.432 571.257 837.284 1259.57 
-6.27744e+66 -6.27744e+66 82.5442 135.879 323.762 523.283 861.113 
-6.27744e+66 -6.27744e+66 -6.27744e+66 82.5442 176.486 309.5 562.872 
-6.27744e+66 -6.27744e+66 -6.27744e+66 -6.27744e+66 82.5442 149.051 317.966 
-6.27744e+66 -6.27744e+66 -6.27744e+66 -6.27744e+66 -6.27744e+66 82.5442 167.002 
-6.27744e+66 -6.27744e+66 -6.27744e+66 -6.27744e+66 -6.27744e+66 -6.27744e+66 82.5442 
-6.27744e+66 -6.27744e+66 -6.27744e+66 -6.27744e+66 -6.27744e+66 -6.27744e+66 -6.27744e+66 
-6.27744e+66 63.1653 184.606 249.929 426.547 526.62 1061.79 
-6.27744e+66 -6.27744e+66 63.1653 95.8266 213.572 288.627 716.766 
-6.27744e+66 -6.27744e+66 -6.27744e+66 63.1653 122.038 172.074 493.179 
-6.27744e+66 -6.27744e+66 -6.27744e+66 -6.27744e+66 63.1653 88.1835 302.253 
-6.27744e+66 -6.27744e+66 -6.27744e+66 -6.27744e+66 -6.27744e+66 63.1653 170.2 
-6.27744e+66 -6.27744e+66 -6.27744e+66 -6.27744e+66 -6.27744e+66 -6.27744e+66 63.1653 
-6.27744e+66 -6.27744e+66 -6.27744e+66 -6.27744e+66 -6.27744e+66 -6.27744e+66 -6.27744e+66 
-6.27744e+66 114.046 195.692 304.653 631.507 813.547 1300.78 
-6.27744e+66 -6.27744e+66 114.046 168.526 386.429 522.959 912.742 
-6.27744e+66 -6.27744e+66 -6.27744e+66 114.046 222.997 314.017 606.355 
-6.27744e+66 -6.27744e+66 -6.27744e+66 -6.27744e+66 114.046 159.556 354.447 
-6.27744e+66 -6.27744e+66 -6.27744e+66 -6.27744e+66 -6.27744e+66 114.046 211.492 
-6.27744e+66 -6.27744e+66 -6.27744e+66 -6.27744e+66 -6.27744e+66 -6.27744e+66 114.046 
-6.27744e+66 -6.27744e+66 -6.27744e+66 -6.27744e+66 -6.27744e+66 -6.27744e+66 -6.27744e+66 
-6.27744e+66 39.6381 162.833 232.592 481.754 808.509 1346.18 
-6.27744e+66 -6.27744e+66 39.6381 74.5178 240.626 485.692 915.826 
-6.27744e+66 -6.27744e+66 -6.27744e+66 39.6381 122.692 286.069 608.67 
-6.27744e+66 -6.27744e+66 -6.27744e+66 -6.27744e+66 39.6381 121.327 336.394 
-6.27744e+66 -6.27744e+66 -6.27744e+66 -6.27744e+66 -6.27744e+66 39.6381 147.172 
-6.27744e+66 -6.27744e+66 -6.27744e+66 -6.27744e+66 -6.27744e+66 -6.27744e+66 39.6381 
-6.27744e+66 -6.27744e+66 -6.27744e+66 -6.27744e+66 -6.27744e+66 -6.27744e+66 -6.27744e+66 
-6.27744e+66 30.1791 130.661 307.256 668.433 933.892 1476.48 
-6.27744e+66 -6.27744e+66 30.1791 118.477 359.261 558.356 992.426 
-6.27744e+66 -6.27744e+66 -6.27744e+66 30.1791 150.571 283.301 608.854 
-6.27744e+66 -6.27744e+66 -6.27744e+66 -6.27744e+66 30.1791 96.5439 313.579 
-6.27744e+66 -6.27744e+66 -6.27744e+66 -6.27744e+66 -6.27744e+66 30.1791 138.697 
-6.27744e+66 -6.27744e+66 -6.27744e+66 -6.27744e+66 -6.27744e+66 -6.27744e+66 30.1791 
-6.27744e+66 -6.27744e+66 -6.27744e+66 -6.27744e+66 -6.27744e+66 -6.27744e+66 -6.27744e+66 
-6.27744e+66 33.8093 148.088 219.892 568.855 700.086 1326.94 
-6.27744e+66 -6.27744e+66 33.8093 69.7115 302.354 400.776 902.259 
-6.27744e+66 -6.27744e+66 -6.27744e+66 33.8093 150.13 215.746 591.857 
-6.27744e+66 -6.27744e+66 -6.27744e+66 -6.27744e+66 33.8093 66.6169 317.358 
-6.27744e+66 -6.27744e+66 -6.27744e+66 -6.27744e+66 -6.27744e+66 33.8093 159.18 
-6.27744e+66 -6.27744e+66 -6.27744e+66 -6.27744e+66 -6.27744e+66 -6.27744e+66 33.8093 
-6.27744e+66 -6.27744e+66 -6.27744e+66 -6.27744e+66 -6.27744e+66 -6.27744e+66 -6.27744e+66 
-6.27744e+66 91.8663 222.25 330.968 560.278 748.579 1244.74 
-6.27744e+66 -6.27744e+66 91.8663 146.226 299.099 440.325 837.251 
-6.27744e+66 -6.27744e+66 -6.27744e+66 91.8663 168.303 262.453 560.149 
-6.27744e+66 -6.27744e+66 -6.27744e+66 -6.27744e+66 91.8663 138.942 337.405 
-6.27744e+66 -6.27744e+66 -6.27744e+66 -6.27744e+66 -6.27744e+66 91.8663 191.098 
-6.27744e+66 -6.27744e+66 -6.27744e+66 -6.27744e+66 -6.27744e+66 -6.27744e+66 91.8663 
-6.27744e+66 -6.27744e+66 -6.27744e+66 -6.27744e+66 -6.27744e+66 -6.27744e+66 -6.27744e+66 
-6.27744e+66 38.672 139.315 274.431 546.58 732.247 1413.07 
-6.27744e+66 -6.27744e+66 38.672 106.23 287.663 426.912 971.574 
-6.27744e+66 -6.27744e+66 -6.27744e+66 38.672 129.388 222.222 630.717 
-6.27744e+66 -6.27744e+66 -6.27744e+66 -6.27744e+66 38.672 85.0886 357.419 
-6.27744e+66 -6.27744e+66 -6.27744e+66 -6.27744e+66 -6.27744e+66 38.672 174.837 
-6.27744e+66 -6.27744e+66 -6.27744e+66 -6.27744e+66 -6.27744e+66 -6.27744e+66 38.672 
-6.27744e+66 -6.27744e+66 -6.27744e+66 -6.27744e+66 -6.27744e+66 -6.27744e+66 -6.27744e+66 
-6.27744e+66 74.4226 162.114 196.635 520.727 779.951 1263.4 
-6.27744e+66 -6.27744e+66 74.4226 91.6829 307.744 502.162 888.921 
-6.27744e+66 -6.27744e+66 -6.27744e+66 74.4226 182.453 312.065 602.134 
-6.27744e+66 -6.27744e+66 -6.27744e+66 -6.27744e+66 74.4226 139.229 332.608 
-6.27744e+66 -6.27744e+66 -6.27744e+66 -6.27744e+66 -6.27744e+66 74.4226 171.112 
-6.27744e+66 -6.27744e+66 -6.27744e+66 -6.27744e+66 -6.27744e+66 -6.27744e+66 74.4226 
-6.27744e+66 -6.27744e+66 -6.27744e+66 -6.27744e+66 -6.27744e+66 -6.27744e+66 -6.27744e+66 
-6.27744e+66 95.5184 185.358 300.504 548.487 740.953 1131.62 
-6.27744e+66 -6.27744e+66 95.5184 153.091 318.413 462.763 775.293 
-6.27744e+66 -6.27744e+66 -6.27744e+66 95.5184 178.179 274.412 508.81 
-6.27744e+66 -6.27744e+66 -6.27744e+66 -6.27744e+66 95.5184 143.635 299.9 
-6.27744e+66 -6.27744e+66 -6.27744e+66 -6.27744e+66 -6.27744e+66 95.5184 173.651 
-6.27744e+66 -6.27744e+66 -6.27744e+66 -6.27744e+66 -6.27744e+66 -6.27744e+66 95.5184 
-6.27744e+66 -6.27744e+66 -6.27744e+66 -6.27744e+66 -6.27744e+66 -6.27744e+66 -6.27744e+66 
-6.27744e+66 79.0306 151.239 211.61 522.032 816.28 1325.96 
-6.27744e+66 -6.27744e+66 79.0306 109.216 316.164 536.85 944.59 
-6.27744e+66 -6.27744e+66 -6.27744e+66 79.0306 182.505 329.628 635.434 
-6.27744e+66 -6.27744e+66 -6.27744e+66 -6.27744e+66 79.0306 152.593 356.463 
-6.27744e+66 -6.27744e+66 -6.27744e+66 -6.27744e+66 -6.27744e+66 79.0306 180.966 
-6.27744e+66 -6.27744e+66 -6.27744e+66 -6.27744e+66 -6.27744e+66 -6.27744e+66 79.0306 
-6.27744e+66 -6.27744e+66 -6.27744e+66 -6.27744e+66 -6.27744e+66 -6.27744e+66 -6.27744e+66 
-6.27744e+66 57.9429 184.864 289.647 615.156 786.585 1330.17 
-6.27744e+66 -6.27744e+66 57.9429 110.335 327.341 455.913 890.776 
-6.27744e+66 -6.27744e+66 -6.27744e+66 57.9429 166.446 252.16 578.308 
-6.27744e+66 -6.27744e+66 -6.27744e+66 -6.27744e+66 57.9429 100.8 318.232 
-6.27744e+66 -6.27744e+66 -6.27744e+66 -6.27744e+66 -6.27744e+66 57.9429 166.659 
-6.27744e+66 -6.27744e+66 -6.27744e+66 -6.27744e+66 -6.27744e+66 -6.27744e+66 57.9429 
-6.27744e+66 -6.27744e+66 -6.27744e+66 -6.27744e+66 -6.27744e+66 -6.27744e+66 -6.27744e+66 
-6.27744e+66 61.1395 134.74 232.497 440.606 663.497 1265.44 
-6.27744e+66 -6.27744e+66 61.1395 110.018 248.757 415.925 897.482 
-6.27744e+66 -6.27744e+66 -6.27744e+66 61.1395 130.509 241.954 603.122 
-6.27744e+66 -6.27744e+66 -6.27744e+66 -6.27744e+66 61.1395 116.862 357.641 
-6.27744e+66 -6.27744e+66 -6.27744e+66 -6.27744e+66 -6.27744e+66 61.1395 181.529 
-6.27744e+66 -6.27744e+66 -6.27744e+66 -6.27744e+66 -6.27744e+66 -6.27744e+66 61.1395 
-6.27744e+66 -6.27744e+66 -6.27744e+66 -6.27744e+66 -6.27744e+66 -6.27744e+66 -6.27744e+66 
-6.27744e+66 53.5227 156.302 239.761 458.094 601.251 1068.1 
-6.27744e+66 -6.27744e+66 53.5227 95.2524 240.808 348.175 721.654 
-6.27744e+66 -6.27744e+66 -6.27744e+66 53.5227 126.3 197.879 477.987 
-6.27744e+66 -6.27744e+66 -6.27744e+66 -6.27744e+66 53.5227 89.3119 276.051 
-6.27744e+66 -6.27744e+66 -6.27744e+66 -6.27744e+66 -6.27744e+66 53.5227 146.892 
-6.27744e+66 -6.27744e+66 -6.27744e+66 -6.27744e+66 -6.27744e+66 -6.27744e+66 53.5227 
-6.27744e+66 -6.27744e+66 -6.27744e+66 -6.27744e+66 -6.27744e+66 -6.27744e+66 -6.27744e+66 
-6.27744e+66 22.4758 108.831 132.583 358.842 400.846 872.799 
-6.27744e+66 -6.27744e+66 22.4758 34.3518 185.191 216.694 594.257 
-6.27744e+66 -6.27744e+66 -6.27744e+66 22.4758 97.8956 118.898 402.069 
-6.27744e+66 -6.27744e+66 -6.27744e+66 -6.27744e+66 22.4758 32.9767 221.758 
-6.27744e+66 -6.27744e+66 -6.27744e+66 -6.27744e+66 -6.27744e+66 22.4758 116.866 
-6.27744e+66 -6.27744e+66 -6.27744e+66 -6.27744e+66 -6.27744e+66 -6.27744e+66 22.4758 
-6.27744e+66 -6.27744e+66 -6.27744e+66 -6.27744e+66 -6.27744e+66 -6.27744e+66 -6.27744e+66 
-6.27744e+66 48.0377 122.303 237.081 571.794 756.514 1160.04 
-6.27744e+66 -6.27744e+66 48.0377 105.427 328.569 467.109 789.926 
-6.27744e+66 -6.27744e+66 -6.27744e+66 48.0377 159.609 251.969 494.082 
-6.27744e+66 -6.27744e+66 -6.27744e+66 -6.27744e+66 48.0377 94.2177 255.626 
-6.27744e+66 -6.27744e+66 -6.27744e+66 -6.27744e+66 -6.27744e+66 48.0377 128.742 
-6.27744e+66 -6.27744e+66 -6.27744e+66 -6.27744e+66 -6.27744e+66 -6.27744e+66 48.0377 
-6.27744e+66 -6.27744e+66 -6.27744e+66 -6.27744e+66 -6.27744e+66 -6.27744e+66 -6.27744e+66 
