12 40 
501.059 501.059 501.059 501.059 501.059 501.059 501.059 501.059 501.059 501.059 501.059 501.059 
item 0
67.8776 0 35.7296 138.601 0 0 74.7288 0 0 0 44.2587 0 
28.6033 28.6033 28.6033 28.6033 28.6033 28.6033 28.6033 28.6033 28.6033 28.6033 28.6033 28.6033 
1 1 1 1 1 1 1 1 1 1 1 1 
item 1
55.7406 0 0 117.289 0 0 0 0 0 0 0 110.165 
95.5711 95.5711 95.5711 95.5711 95.5711 95.5711 95.5711 95.5711 95.5711 95.5711 95.5711 95.5711 
1 1 1 1 1 1 1 1 1 1 1 1 
item 2
27.9073 114.746 47.7135 0 55.8008 80.223 16.95 106.537 0 114.75 0 112.1 
49.3982 49.3982 49.3982 49.3982 49.3982 49.3982 49.3982 49.3982 49.3982 49.3982 49.3982 49.3982 
1 1 1 1 1 1 1 1 1 1 1 1 
item 3
33.8578 0 0 89.0916 0 77.9747 0 0 0 0 0 0 
73.3795 73.3795 73.3795 73.3795 73.3795 73.3795 73.3795 73.3795 73.3795 73.3795 73.3795 73.3795 
1 1 1 1 1 1 1 1 1 1 1 1 
item 4
60.9927 79.0331 69.0493 81.1632 0 100.694 0 0 41.3721 111.954 0 111.844 
52.6823 52.6823 52.6823 52.6823 52.6823 52.6823 52.6823 52.6823 52.6823 52.6823 52.6823 52.6823 
1 1 1 1 1 1 1 1 1 1 1 1 
item 5
44.5615 0 54.2135 102.797 57.4924 0 48.6691 0 0 82.8179 0 0 
28.5253 28.5253 28.5253 28.5253 28.5253 28.5253 28.5253 28.5253 28.5253 28.5253 28.5253 28.5253 
1 1 1 1 1 1 1 1 1 1 1 1 
item 6
31.8764 111.151 66.5244 0 24.6296 0 38.8103 112.588 41.7893 53.7306 0 0 
59.5036 59.5036 59.5036 59.5036 59.5036 59.5036 59.5036 59.5036 59.5036 59.5036 59.5036 59.5036 
1 1 1 1 1 1 1 1 1 1 1 1 
item 7
68.3636 0 0 103.373 46.9636 115.099 33.071 109.986 0 0 0 0 
68.5725 68.5725 68.5725 68.5725 68.5725 68.5725 68.5725 68.5725 68.5725 68.5725 68.5725 68.5725 
1 1 1 1 1 1 1 1 1 1 1 1 
item 8
35.4982 105.025 0 87.9737 62.7701 124.228 95.7129 124.536 0 81.2547 0 0 
48.9855 48.9855 48.9855 48.9855 48.9855 48.9855 48.9855 48.9855 48.9855 48.9855 48.9855 48.9855 
1 1 1 1 1 1 1 1 1 1 1 1 
item 9
41.5092 68.9719 0 0 21.7395 85.3198 46.2075 88.7455 0 0 61.9276 0 
30.4683 30.4683 30.4683 30.4683 30.4683 30.4683 30.4683 30.4683 30.4683 30.4683 30.4683 30.4683 
1 1 1 1 1 1 1 1 1 1 1 1 
item 10
58.1973 135.356 0 116.905 0 0 48.0862 107.608 75.657 0 28.113 0 
38.4359 38.4359 38.4359 38.4359 38.4359 38.4359 38.4359 38.4359 38.4359 38.4359 38.4359 38.4359 
1 1 1 1 1 1 1 1 1 1 1 1 
item 11
50.7998 85.0966 104.999 0 0 0 0 0 82.6683 0 0 108.646 
56.0182 56.0182 56.0182 56.0182 56.0182 56.0182 56.0182 56.0182 56.0182 56.0182 56.0182 56.0182 
1 1 1 1 1 1 1 1 1 1 1 1 
item 12
75.0648 107.084 30.9905 0 45.9558 0 55.3907 104.337 0 96.0903 0 115.337 
47.486 47.486 47.486 47.486 47.486 47.486 47.486 47.486 47.486 47.486 47.486 47.486 
1 1 1 1 1 1 1 1 1 1 1 1 
item 13
75.0159 86.2147 33.9667 99.768 71.8539 0 0 0 0 109.897 59.3112 0 
61.54 61.54 61.54 61.54 61.54 61.54 61.54 61.54 61.54 61.54 61.54 61.54 
1 1 1 1 1 1 1 1 1 1 1 1 
item 14
94.8578 0 0 97.9317 0 116.493 63.5984 115.838 57.5678 0 0 134.608 
46.5939 46.5939 46.5939 46.5939 46.5939 46.5939 46.5939 46.5939 46.5939 46.5939 46.5939 46.5939 
1 1 1 1 1 1 1 1 1 1 1 1 
item 15
42.1645 108.18 0 0 0 111.725 18.926 0 21.1579 0 49.951 0 
87.524 87.524 87.524 87.524 87.524 87.524 87.524 87.524 87.524 87.524 87.524 87.524 
1 1 1 1 1 1 1 1 1 1 1 1 
item 16
52.1357 0 38.0117 0 20.1834 122.27 0 106.503 54.5072 0 45.9496 98.0176 
52.2357 52.2357 52.2357 52.2357 52.2357 52.2357 52.2357 52.2357 52.2357 52.2357 52.2357 52.2357 
1 1 1 1 1 1 1 1 1 1 1 1 
item 17
53.7009 0 69.7138 123.33 0 52.173 0 0 0 0 65.3689 92.9976 
62.9174 62.9174 62.9174 62.9174 62.9174 62.9174 62.9174 62.9174 62.9174 62.9174 62.9174 62.9174 
1 1 1 1 1 1 1 1 1 1 1 1 
item 18
53.0092 0 0 100.316 60.8543 87.9194 0 105.159 0 0 0 0 
74.6296 74.6296 74.6296 74.6296 74.6296 74.6296 74.6296 74.6296 74.6296 74.6296 74.6296 74.6296 
1 1 1 1 1 1 1 1 1 1 1 1 
item 19
11.6451 146.139 0 81.1893 53.1952 0 0 99.2261 0 0 46.3434 114.912 
69.026 69.026 69.026 69.026 69.026 69.026 69.026 69.026 69.026 69.026 69.026 69.026 
1 1 1 1 1 1 1 1 1 1 1 1 
item 20
26.8183 120.366 0 88.2457 85.6533 117.074 54.1025 113.201 0 0 0 0 
79.6194 79.6194 79.6194 79.6194 79.6194 79.6194 79.6194 79.6194 79.6194 79.6194 79.6194 79.6194 
1 1 1 1 1 1 1 1 1 1 1 1 
item 21
68.9816 75.1259 20.5315 77.5666 12.6563 47.4621 0 58.4377 0 0 52.0235 126.088 
63.2252 63.2252 63.2252 63.2252 63.2252 63.2252 63.2252 63.2252 63.2252 63.2252 63.2252 63.2252 
1 1 1 1 1 1 1 1 1 1 1 1 
item 22
63.4217 0 55.1694 0 73.0257 79.7889 36.2406 0 0 127.029 0 136.426 
87.8569 87.8569 87.8569 87.8569 87.8569 87.8569 87.8569 87.8569 87.8569 87.8569 87.8569 87.8569 
1 1 1 1 1 1 1 1 1 1 1 1 
item 23
23.8011 138.482 78.9967 0 78.0406 0 67.608 112.004 71.7858 87.6595 0 102.424 
62.0047 62.0047 62.0047 62.0047 62.0047 62.0047 62.0047 62.0047 62.0047 62.0047 62.0047 62.0047 
1 1 1 1 1 1 1 1 1 1 1 1 
item 24
95.4679 0 45.5891 142.465 0 107.668 0 0 0 0 0 109.829 
45.1981 45.1981 45.1981 45.1981 45.1981 45.1981 45.1981 45.1981 45.1981 45.1981 45.1981 45.1981 
1 1 1 1 1 1 1 1 1 1 1 1 
item 25
54.0239 78.1859 0 0 28.5983 0 27.951 95.9672 41.966 0 25.0776 121.268 
22.3715 22.3715 22.3715 22.3715 22.3715 22.3715 22.3715 22.3715 22.3715 22.3715 22.3715 22.3715 
1 1 1 1 1 1 1 1 1 1 1 1 
item 26
42.7722 115.209 56.1209 0 61.2697 141.341 0 109.39 26.4481 0 0 124.295 
73.0046 73.0046 73.0046 73.0046 73.0046 73.0046 73.0046 73.0046 73.0046 73.0046 73.0046 73.0046 
1 1 1 1 1 1 1 1 1 1 1 1 
item 27
26.993 0 67.2773 0 24.608 0 0 0 53.4087 0 56.5287 0 
79.3317 79.3317 79.3317 79.3317 79.3317 79.3317 79.3317 79.3317 79.3317 79.3317 79.3317 79.3317 
1 1 1 1 1 1 1 1 1 1 1 1 
item 28
37.6586 100.646 0 0 0 115.146 0 0 113.879 0 64.9804 120.423 
54.2162 54.2162 54.2162 54.2162 54.2162 54.2162 54.2162 54.2162 54.2162 54.2162 54.2162 54.2162 
1 1 1 1 1 1 1 1 1 1 1 1 
item 29
18.6202 99.8933 56.8789 0 0 0 0 0 21.9743 109.689 0 0 
42.6285 42.6285 42.6285 42.6285 42.6285 42.6285 42.6285 42.6285 42.6285 42.6285 42.6285 42.6285 
1 1 1 1 1 1 1 1 1 1 1 1 
item 30
47.6797 0 34.2786 91.4197 43.022 0 67.6512 0 0 0 0 0 
79.2147 79.2147 79.2147 79.2147 79.2147 79.2147 79.2147 79.2147 79.2147 79.2147 79.2147 79.2147 
1 1 1 1 1 1 1 1 1 1 1 1 
item 31
63.576 107.857 0 0 30.9715 0 0 103.114 0 94.3515 0 0 
62.2217 62.2217 62.2217 62.2217 62.2217 62.2217 62.2217 62.2217 62.2217 62.2217 62.2217 62.2217 
1 1 1 1 1 1 1 1 1 1 1 1 
item 32
73.7849 0 30.5188 0 55.9187 135.697 72.8027 73.1106 65.7519 0 0 0 
80.7002 80.7002 80.7002 80.7002 80.7002 80.7002 80.7002 80.7002 80.7002 80.7002 80.7002 80.7002 
1 1 1 1 1 1 1 1 1 1 1 1 
item 33
87.3967 111.097 0 97.4686 65.7731 98.9908 42.1427 99.8571 49.3442 0 42.7915 0 
61.8301 61.8301 61.8301 61.8301 61.8301 61.8301 61.8301 61.8301 61.8301 61.8301 61.8301 61.8301 
1 1 1 1 1 1 1 1 1 1 1 1 
item 34
31.063 0 0 139.652 27.5323 86.5543 64.652 0 37.8976 0 30.1128 0 
63.5355 63.5355 63.5355 63.5355 63.5355 63.5355 63.5355 63.5355 63.5355 63.5355 63.5355 63.5355 
1 1 1 1 1 1 1 1 1 1 1 1 
item 35
69.6139 0 90.6112 0 57.718 0 0 84.906 36.5692 96.0055 0 0 
99.7633 99.7633 99.7633 99.7633 99.7633 99.7633 99.7633 99.7633 99.7633 99.7633 99.7633 99.7633 
1 1 1 1 1 1 1 1 1 1 1 1 
item 36
81.1599 116.782 55.8038 111.656 45.4686 0 41.0547 108.045 0 0 0 109.177 
68.0566 68.0566 68.0566 68.0566 68.0566 68.0566 68.0566 68.0566 68.0566 68.0566 68.0566 68.0566 
1 1 1 1 1 1 1 1 1 1 1 1 
item 37
90.4805 0 73.8051 92.0033 0 0 55.2211 114.929 0 78.6337 0 0 
35.7646 35.7646 35.7646 35.7646 35.7646 35.7646 35.7646 35.7646 35.7646 35.7646 35.7646 35.7646 
1 1 1 1 1 1 1 1 1 1 1 1 
item 38
76.4873 107.206 0 0 80.3681 110.995 0 0 11.2512 0 0 0 
20.1746 20.1746 20.1746 20.1746 20.1746 20.1746 20.1746 20.1746 20.1746 20.1746 20.1746 20.1746 
1 1 1 1 1 1 1 1 1 1 1 1 
item 39
66.8574 0 0 0 0 0 0 91.8854 0 0 74.2695 0 
74.0145 74.0145 74.0145 74.0145 74.0145 74.0145 74.0145 74.0145 74.0145 74.0145 74.0145 74.0145 
1 1 1 1 1 1 1 1 1 1 1 1 
