6 20 
-6.27744e+66 48.0449 166.233 279.616 279.616 279.616 838.83 
-6.27744e+66 -6.27744e+66 48.0449 104.736 104.736 104.736 552.108 
-6.27744e+66 -6.27744e+66 -6.27744e+66 48.0449 48.0449 48.0449 383.574 
-6.27744e+66 -6.27744e+66 -6.27744e+66 -6.27744e+66 48.0449 48.0449 271.731 
-6.27744e+66 -6.27744e+66 -6.27744e+66 -6.27744e+66 -6.27744e+66 48.0449 159.888 
-6.27744e+66 -6.27744e+66 -6.27744e+66 -6.27744e+66 -6.27744e+66 -6.27744e+66 48.0449 
-6.27744e+66 -6.27744e+66 -6.27744e+66 -6.27744e+66 -6.27744e+66 -6.27744e+66 -6.27744e+66 
-6.27744e+66 47.8147 47.8147 117.906 475.671 704.707 1106.05 
-6.27744e+66 -6.27744e+66 47.8147 82.8605 321.37 493.148 814.218 
-6.27744e+66 -6.27744e+66 -6.27744e+66 47.8147 167.07 281.588 522.391 
-6.27744e+66 -6.27744e+66 -6.27744e+66 -6.27744e+66 47.8147 105.074 265.609 
-6.27744e+66 -6.27744e+66 -6.27744e+66 -6.27744e+66 -6.27744e+66 47.8147 128.082 
-6.27744e+66 -6.27744e+66 -6.27744e+66 -6.27744e+66 -6.27744e+66 -6.27744e+66 47.8147 
-6.27744e+66 -6.27744e+66 -6.27744e+66 -6.27744e+66 -6.27744e+66 -6.27744e+66 -6.27744e+66 
-6.27744e+66 88.4931 88.4931 181.105 181.105 278.978 685.973 
-6.27744e+66 -6.27744e+66 88.4931 134.799 134.799 208.204 533.8 
-6.27744e+66 -6.27744e+66 -6.27744e+66 88.4931 88.4931 137.43 381.627 
-6.27744e+66 -6.27744e+66 -6.27744e+66 -6.27744e+66 88.4931 112.961 275.76 
-6.27744e+66 -6.27744e+66 -6.27744e+66 -6.27744e+66 -6.27744e+66 88.4931 169.892 
-6.27744e+66 -6.27744e+66 -6.27744e+66 -6.27744e+66 -6.27744e+66 -6.27744e+66 88.4931 
-6.27744e+66 -6.27744e+66 -6.27744e+66 -6.27744e+66 -6.27744e+66 -6.27744e+66 -6.27744e+66 
-6.27744e+66 77.5606 77.5606 77.5606 77.5606 77.5606 348.933 
-6.27744e+66 -6.27744e+66 77.5606 77.5606 77.5606 77.5606 294.659 
-6.27744e+66 -6.27744e+66 -6.27744e+66 77.5606 77.5606 77.5606 240.384 
-6.27744e+66 -6.27744e+66 -6.27744e+66 -6.27744e+66 77.5606 77.5606 186.11 
-6.27744e+66 -6.27744e+66 -6.27744e+66 -6.27744e+66 -6.27744e+66 77.5606 131.835 
-6.27744e+66 -6.27744e+66 -6.27744e+66 -6.27744e+66 -6.27744e+66 -6.27744e+66 77.5606 
-6.27744e+66 -6.27744e+66 -6.27744e+66 -6.27744e+66 -6.27744e+66 -6.27744e+66 -6.27744e+66 
-6.27744e+66 56.4011 56.4011 56.4011 56.4011 56.4011 56.4011 
-6.27744e+66 -6.27744e+66 56.4011 56.4011 56.4011 56.4011 56.4011 
-6.27744e+66 -6.27744e+66 -6.27744e+66 56.4011 56.4011 56.4011 56.4011 
-6.27744e+66 -6.27744e+66 -6.27744e+66 -6.27744e+66 56.4011 56.4011 56.4011 
-6.27744e+66 -6.27744e+66 -6.27744e+66 -6.27744e+66 -6.27744e+66 56.4011 56.4011 
-6.27744e+66 -6.27744e+66 -6.27744e+66 -6.27744e+66 -6.27744e+66 -6.27744e+66 56.4011 
-6.27744e+66 -6.27744e+66 -6.27744e+66 -6.27744e+66 -6.27744e+66 -6.27744e+66 -6.27744e+66 
-6.27744e+66 74.8499 74.8499 74.8499 367.806 503.018 1183.29 
-6.27744e+66 -6.27744e+66 74.8499 74.8499 270.154 371.563 915.783 
-6.27744e+66 -6.27744e+66 -6.27744e+66 74.8499 172.502 240.108 648.273 
-6.27744e+66 -6.27744e+66 -6.27744e+66 -6.27744e+66 74.8499 108.653 380.763 
-6.27744e+66 -6.27744e+66 -6.27744e+66 -6.27744e+66 -6.27744e+66 74.8499 210.905 
-6.27744e+66 -6.27744e+66 -6.27744e+66 -6.27744e+66 -6.27744e+66 -6.27744e+66 74.8499 
-6.27744e+66 -6.27744e+66 -6.27744e+66 -6.27744e+66 -6.27744e+66 -6.27744e+66 -6.27744e+66 
-6.27744e+66 66.5218 140.674 217.527 217.527 345.643 345.643 
-6.27744e+66 -6.27744e+66 66.5218 104.948 104.948 201.035 201.035 
-6.27744e+66 -6.27744e+66 -6.27744e+66 66.5218 66.5218 130.58 130.58 
-6.27744e+66 -6.27744e+66 -6.27744e+66 -6.27744e+66 66.5218 98.5509 98.5509 
-6.27744e+66 -6.27744e+66 -6.27744e+66 -6.27744e+66 -6.27744e+66 66.5218 66.5218 
-6.27744e+66 -6.27744e+66 -6.27744e+66 -6.27744e+66 -6.27744e+66 -6.27744e+66 66.5218 
-6.27744e+66 -6.27744e+66 -6.27744e+66 -6.27744e+66 -6.27744e+66 -6.27744e+66 -6.27744e+66 
-6.27744e+66 65.5999 134.436 134.436 134.436 300.294 300.294 
-6.27744e+66 -6.27744e+66 65.5999 65.5999 65.5999 189.994 189.994 
-6.27744e+66 -6.27744e+66 -6.27744e+66 65.5999 65.5999 148.529 148.529 
-6.27744e+66 -6.27744e+66 -6.27744e+66 -6.27744e+66 65.5999 107.065 107.065 
-6.27744e+66 -6.27744e+66 -6.27744e+66 -6.27744e+66 -6.27744e+66 65.5999 65.5999 
-6.27744e+66 -6.27744e+66 -6.27744e+66 -6.27744e+66 -6.27744e+66 -6.27744e+66 65.5999 
-6.27744e+66 -6.27744e+66 -6.27744e+66 -6.27744e+66 -6.27744e+66 -6.27744e+66 -6.27744e+66 
-6.27744e+66 100.313 203.026 291.342 291.342 553.511 1075.95 
-6.27744e+66 -6.27744e+66 100.313 144.47 144.47 341.097 759.045 
-6.27744e+66 -6.27744e+66 -6.27744e+66 100.313 100.313 231.397 544.858 
-6.27744e+66 -6.27744e+66 -6.27744e+66 -6.27744e+66 100.313 165.855 374.829 
-6.27744e+66 -6.27744e+66 -6.27744e+66 -6.27744e+66 -6.27744e+66 100.313 204.8 
-6.27744e+66 -6.27744e+66 -6.27744e+66 -6.27744e+66 -6.27744e+66 -6.27744e+66 100.313 
-6.27744e+66 -6.27744e+66 -6.27744e+66 -6.27744e+66 -6.27744e+66 -6.27744e+66 -6.27744e+66 
-6.27744e+66 76.6015 157.285 281.592 630.752 630.752 969.177 
-6.27744e+66 -6.27744e+66 76.6015 138.755 371.528 371.528 642.268 
-6.27744e+66 -6.27744e+66 -6.27744e+66 76.6015 192.988 192.988 396.043 
-6.27744e+66 -6.27744e+66 -6.27744e+66 -6.27744e+66 76.6015 76.6015 211.972 
-6.27744e+66 -6.27744e+66 -6.27744e+66 -6.27744e+66 -6.27744e+66 76.6015 144.287 
-6.27744e+66 -6.27744e+66 -6.27744e+66 -6.27744e+66 -6.27744e+66 -6.27744e+66 76.6015 
-6.27744e+66 -6.27744e+66 -6.27744e+66 -6.27744e+66 -6.27744e+66 -6.27744e+66 -6.27744e+66 
-6.27744e+66 59.9055 59.9055 59.9055 59.9055 59.9055 544.497 
-6.27744e+66 -6.27744e+66 59.9055 59.9055 59.9055 59.9055 447.579 
-6.27744e+66 -6.27744e+66 -6.27744e+66 59.9055 59.9055 59.9055 350.66 
-6.27744e+66 -6.27744e+66 -6.27744e+66 -6.27744e+66 59.9055 59.9055 253.742 
-6.27744e+66 -6.27744e+66 -6.27744e+66 -6.27744e+66 -6.27744e+66 59.9055 156.824 
-6.27744e+66 -6.27744e+66 -6.27744e+66 -6.27744e+66 -6.27744e+66 -6.27744e+66 59.9055 
-6.27744e+66 -6.27744e+66 -6.27744e+66 -6.27744e+66 -6.27744e+66 -6.27744e+66 -6.27744e+66 
-6.27744e+66 51.602 131.79 131.79 131.79 277.284 277.284 
-6.27744e+66 -6.27744e+66 51.602 51.602 51.602 160.722 160.722 
-6.27744e+66 -6.27744e+66 -6.27744e+66 51.602 51.602 124.349 124.349 
-6.27744e+66 -6.27744e+66 -6.27744e+66 -6.27744e+66 51.602 87.9754 87.9754 
-6.27744e+66 -6.27744e+66 -6.27744e+66 -6.27744e+66 -6.27744e+66 51.602 51.602 
-6.27744e+66 -6.27744e+66 -6.27744e+66 -6.27744e+66 -6.27744e+66 -6.27744e+66 51.602 
-6.27744e+66 -6.27744e+66 -6.27744e+66 -6.27744e+66 -6.27744e+66 -6.27744e+66 -6.27744e+66 
-6.27744e+66 23.9402 23.9402 23.9402 23.9402 23.9402 647.321 
-6.27744e+66 -6.27744e+66 23.9402 23.9402 23.9402 23.9402 522.645 
-6.27744e+66 -6.27744e+66 -6.27744e+66 23.9402 23.9402 23.9402 397.969 
-6.27744e+66 -6.27744e+66 -6.27744e+66 -6.27744e+66 23.9402 23.9402 273.293 
-6.27744e+66 -6.27744e+66 -6.27744e+66 -6.27744e+66 -6.27744e+66 23.9402 148.616 
-6.27744e+66 -6.27744e+66 -6.27744e+66 -6.27744e+66 -6.27744e+66 -6.27744e+66 23.9402 
-6.27744e+66 -6.27744e+66 -6.27744e+66 -6.27744e+66 -6.27744e+66 -6.27744e+66 -6.27744e+66 
-6.27744e+66 56.774 178.155 178.155 488.716 488.716 488.716 
-6.27744e+66 -6.27744e+66 56.774 56.774 263.815 263.815 263.815 
-6.27744e+66 -6.27744e+66 -6.27744e+66 56.774 160.294 160.294 160.294 
-6.27744e+66 -6.27744e+66 -6.27744e+66 -6.27744e+66 56.774 56.774 56.774 
-6.27744e+66 -6.27744e+66 -6.27744e+66 -6.27744e+66 -6.27744e+66 56.774 56.774 
-6.27744e+66 -6.27744e+66 -6.27744e+66 -6.27744e+66 -6.27744e+66 -6.27744e+66 56.774 
-6.27744e+66 -6.27744e+66 -6.27744e+66 -6.27744e+66 -6.27744e+66 -6.27744e+66 -6.27744e+66 
-6.27744e+66 73.8443 165.491 228.223 228.223 439.701 439.701 
-6.27744e+66 -6.27744e+66 73.8443 105.21 105.21 263.819 263.819 
-6.27744e+66 -6.27744e+66 -6.27744e+66 73.8443 73.8443 179.583 179.583 
-6.27744e+66 -6.27744e+66 -6.27744e+66 -6.27744e+66 73.8443 126.714 126.714 
-6.27744e+66 -6.27744e+66 -6.27744e+66 -6.27744e+66 -6.27744e+66 73.8443 73.8443 
-6.27744e+66 -6.27744e+66 -6.27744e+66 -6.27744e+66 -6.27744e+66 -6.27744e+66 73.8443 
-6.27744e+66 -6.27744e+66 -6.27744e+66 -6.27744e+66 -6.27744e+66 -6.27744e+66 -6.27744e+66 
-6.27744e+66 34.9038 34.9038 173.193 173.193 218.168 218.168 
-6.27744e+66 -6.27744e+66 34.9038 104.048 104.048 137.78 137.78 
-6.27744e+66 -6.27744e+66 -6.27744e+66 34.9038 34.9038 57.3914 57.3914 
-6.27744e+66 -6.27744e+66 -6.27744e+66 -6.27744e+66 34.9038 46.1476 46.1476 
-6.27744e+66 -6.27744e+66 -6.27744e+66 -6.27744e+66 -6.27744e+66 34.9038 34.9038 
-6.27744e+66 -6.27744e+66 -6.27744e+66 -6.27744e+66 -6.27744e+66 -6.27744e+66 34.9038 
-6.27744e+66 -6.27744e+66 -6.27744e+66 -6.27744e+66 -6.27744e+66 -6.27744e+66 -6.27744e+66 
-6.27744e+66 45.0869 166.221 166.221 389.947 389.947 694.986 
-6.27744e+66 -6.27744e+66 45.0869 45.0869 194.238 194.238 438.269 
-6.27744e+66 -6.27744e+66 -6.27744e+66 45.0869 119.662 119.662 302.685 
-6.27744e+66 -6.27744e+66 -6.27744e+66 -6.27744e+66 45.0869 45.0869 167.102 
-6.27744e+66 -6.27744e+66 -6.27744e+66 -6.27744e+66 -6.27744e+66 45.0869 106.095 
-6.27744e+66 -6.27744e+66 -6.27744e+66 -6.27744e+66 -6.27744e+66 -6.27744e+66 45.0869 
-6.27744e+66 -6.27744e+66 -6.27744e+66 -6.27744e+66 -6.27744e+66 -6.27744e+66 -6.27744e+66 
-6.27744e+66 62.8321 167.395 244.257 244.257 417.699 846.071 
-6.27744e+66 -6.27744e+66 62.8321 101.263 101.263 231.345 574.042 
-6.27744e+66 -6.27744e+66 -6.27744e+66 62.8321 62.8321 149.553 406.576 
-6.27744e+66 -6.27744e+66 -6.27744e+66 -6.27744e+66 62.8321 106.193 277.541 
-6.27744e+66 -6.27744e+66 -6.27744e+66 -6.27744e+66 -6.27744e+66 62.8321 148.506 
-6.27744e+66 -6.27744e+66 -6.27744e+66 -6.27744e+66 -6.27744e+66 -6.27744e+66 62.8321 
-6.27744e+66 -6.27744e+66 -6.27744e+66 -6.27744e+66 -6.27744e+66 -6.27744e+66 -6.27744e+66 
-6.27744e+66 59.4283 59.4283 59.4283 59.4283 318.538 318.538 
-6.27744e+66 -6.27744e+66 59.4283 59.4283 59.4283 253.76 253.76 
-6.27744e+66 -6.27744e+66 -6.27744e+66 59.4283 59.4283 188.983 188.983 
-6.27744e+66 -6.27744e+66 -6.27744e+66 -6.27744e+66 59.4283 124.206 124.206 
-6.27744e+66 -6.27744e+66 -6.27744e+66 -6.27744e+66 -6.27744e+66 59.4283 59.4283 
-6.27744e+66 -6.27744e+66 -6.27744e+66 -6.27744e+66 -6.27744e+66 -6.27744e+66 59.4283 
-6.27744e+66 -6.27744e+66 -6.27744e+66 -6.27744e+66 -6.27744e+66 -6.27744e+66 -6.27744e+66 
-6.27744e+66 55.9543 55.9543 55.9543 391.181 454.363 934.224 
-6.27744e+66 -6.27744e+66 55.9543 55.9543 279.439 326.825 710.714 
-6.27744e+66 -6.27744e+66 -6.27744e+66 55.9543 167.697 199.288 487.204 
-6.27744e+66 -6.27744e+66 -6.27744e+66 -6.27744e+66 55.9543 71.7498 263.694 
-6.27744e+66 -6.27744e+66 -6.27744e+66 -6.27744e+66 -6.27744e+66 55.9543 151.926 
-6.27744e+66 -6.27744e+66 -6.27744e+66 -6.27744e+66 -6.27744e+66 -6.27744e+66 55.9543 
-6.27744e+66 -6.27744e+66 -6.27744e+66 -6.27744e+66 -6.27744e+66 -6.27744e+66 -6.27744e+66 
