6 40 
903.046 903.046 903.046 903.046 903.046 903.046 
item 0
54.0017 93.0105 0 73.2252 25.8246 112.271 
66.0525 66.0525 66.0525 66.0525 66.0525 66.0525 
1 1 1 1 1 1 
item 1
38.6394 92.3544 0 0 63.8142 102.373 
60.582 60.582 60.582 60.582 60.582 60.582 
1 1 1 1 1 1 
item 2
48.107 120.071 32.6735 103.173 68.1564 0 
71.9821 71.9821 71.9821 71.9821 71.9821 71.9821 
1 1 1 1 1 1 
item 3
62.0533 0 0 0 70.4738 98.1095 
62.4959 62.4959 62.4959 62.4959 62.4959 62.4959 
1 1 1 1 1 1 
item 4
55.0716 141.298 69.975 107.254 72.4319 100.479 
49.2006 49.2006 49.2006 49.2006 49.2006 49.2006 
1 1 1 1 1 1 
item 5
31.6623 0 58.0528 110.587 0 0 
63.0319 63.0319 63.0319 63.0319 63.0319 63.0319 
1 1 1 1 1 1 
item 6
83.0914 119.247 52.7699 104.395 70.004 113.411 
29.4498 29.4498 29.4498 29.4498 29.4498 29.4498 
1 1 1 1 1 1 
item 7
43.4164 0 45.1701 0 0 108.518 
79.163 79.163 79.163 79.163 79.163 79.163 
1 1 1 1 1 1 
item 8
52.0797 0 0 114.292 0 106.907 
63.6353 63.6353 63.6353 63.6353 63.6353 63.6353 
1 1 1 1 1 1 
item 9
69.6655 81.3971 0 0 0 73.0059 
92.8222 92.8222 92.8222 92.8222 92.8222 92.8222 
1 1 1 1 1 1 
item 10
85.2957 0 56.3427 0 51.3714 0 
60.4567 60.4567 60.4567 60.4567 60.4567 60.4567 
1 1 1 1 1 1 
item 11
57.3328 115.866 57.1119 0 0 105.889 
58.9825 58.9825 58.9825 58.9825 58.9825 58.9825 
1 1 1 1 1 1 
item 12
48.0045 0 79.2279 0 0 84.0171 
90.6261 90.6261 90.6261 90.6261 90.6261 90.6261 
1 1 1 1 1 1 
item 13
51.6203 108.767 0 98.3096 0 0 
50.9162 50.9162 50.9162 50.9162 50.9162 50.9162 
1 1 1 1 1 1 
item 14
30.6234 80.2382 0 0 0 0 
46.1532 46.1532 46.1532 46.1532 46.1532 46.1532 
1 1 1 1 1 1 
item 15
57.7534 0 55.8059 70.8126 16.9272 125.019 
45.523 45.523 45.523 45.523 45.523 45.523 
1 1 1 1 1 1 
item 16
54.5525 94.2692 38.5535 89.9927 0 129.539 
47.7865 47.7865 47.7865 47.7865 47.7865 47.7865 
1 1 1 1 1 1 
item 17
43.1717 119.911 0 0 0 0 
94.9562 94.9562 94.9562 94.9562 94.9562 94.9562 
1 1 1 1 1 1 
item 18
49.2783 0 28.602 0 45.2746 111.864 
69.5748 69.5748 69.5748 69.5748 69.5748 69.5748 
1 1 1 1 1 1 
item 19
77.96 127.645 99.4016 104.822 0 121.907 
23.9837 23.9837 23.9837 23.9837 23.9837 23.9837 
1 1 1 1 1 1 
item 20
41.6633 0 81.464 111.42 74.3734 0 
71.0281 71.0281 71.0281 71.0281 71.0281 71.0281 
1 1 1 1 1 1 
item 21
57.7821 97.9737 46.2539 0 44.6447 0 
66.1372 66.1372 66.1372 66.1372 66.1372 66.1372 
1 1 1 1 1 1 
item 22
57.0529 136.385 0 122.816 0 127.626 
41.944 41.944 41.944 41.944 41.944 41.944 
1 1 1 1 1 1 
item 23
27.2406 118.676 23.7634 89.5607 0 0 
65.4043 65.4043 65.4043 65.4043 65.4043 65.4043 
1 1 1 1 1 1 
item 24
54.2623 75.8806 0 0 0 0 
52.6929 52.6929 52.6929 52.6929 52.6929 52.6929 
1 1 1 1 1 1 
item 25
56.3777 74.1055 0 114.814 32.3161 89.5443 
78.7949 78.7949 78.7949 78.7949 78.7949 78.7949 
1 1 1 1 1 1 
item 26
50.9375 94.6666 90.0287 0 66.2403 131.34 
51.7414 51.7414 51.7414 51.7414 51.7414 51.7414 
1 1 1 1 1 1 
item 27
52.4986 0 0 99.5018 37.3902 0 
58.8887 58.8887 58.8887 58.8887 58.8887 58.8887 
1 1 1 1 1 1 
item 28
59.4018 97.7361 72.0333 114.258 43.3844 76.8547 
33.6821 33.6821 33.6821 33.6821 33.6821 33.6821 
1 1 1 1 1 1 
item 29
90.6471 0 36.8657 0 22.0068 99.6073 
40.5702 40.5702 40.5702 40.5702 40.5702 40.5702 
1 1 1 1 1 1 
item 30
79.3834 123.65 75.3102 0 0 80.1048 
49.5496 49.5496 49.5496 49.5496 49.5496 49.5496 
1 1 1 1 1 1 
item 31
47.1327 0 33.697 0 0 0 
29.2396 29.2396 29.2396 29.2396 29.2396 29.2396 
1 1 1 1 1 1 
item 32
45.9519 137.198 45.8751 0 0 0 
62.5787 62.5787 62.5787 62.5787 62.5787 62.5787 
1 1 1 1 1 1 
item 33
106.786 0 0 114.564 0 0 
33.5601 33.5601 33.5601 33.5601 33.5601 33.5601 
1 1 1 1 1 1 
item 34
22.3682 116.3 0 87.4956 0 0 
75.824 75.824 75.824 75.824 75.824 75.824 
1 1 1 1 1 1 
item 35
26.7978 103.222 59.1377 0 0 79.8097 
77.2287 77.2287 77.2287 77.2287 77.2287 77.2287 
1 1 1 1 1 1 
item 36
35.3204 0 66.5232 0 53.7847 0 
65.9019 65.9019 65.9019 65.9019 65.9019 65.9019 
1 1 1 1 1 1 
item 37
50.8904 0 45.2647 103.352 0 107.397 
68.556 68.556 68.556 68.556 68.556 68.556 
1 1 1 1 1 1 
item 38
45.5895 0 0 83.1202 0 76.2338 
26.7372 26.7372 26.7372 26.7372 26.7372 26.7372 
1 1 1 1 1 1 
item 39
68.5975 0 0 0 0 0 
46.8709 46.8709 46.8709 46.8709 46.8709 46.8709 
1 1 1 1 1 1 
