6 10 
-6.27744e+66 60.1243 198.249 261.551 261.551 483.75 483.75 
-6.27744e+66 -6.27744e+66 60.1243 91.7754 91.7754 258.425 258.425 
-6.27744e+66 -6.27744e+66 -6.27744e+66 60.1243 60.1243 171.224 171.224 
-6.27744e+66 -6.27744e+66 -6.27744e+66 -6.27744e+66 60.1243 115.674 115.674 
-6.27744e+66 -6.27744e+66 -6.27744e+66 -6.27744e+66 -6.27744e+66 60.1243 60.1243 
-6.27744e+66 -6.27744e+66 -6.27744e+66 -6.27744e+66 -6.27744e+66 -6.27744e+66 60.1243 
-6.27744e+66 -6.27744e+66 -6.27744e+66 -6.27744e+66 -6.27744e+66 -6.27744e+66 -6.27744e+66 
-6.27744e+66 77.6469 175.951 175.951 426.991 548.692 1201.34 
-6.27744e+66 -6.27744e+66 77.6469 77.6469 245.007 336.282 858.401 
-6.27744e+66 -6.27744e+66 -6.27744e+66 77.6469 161.327 222.177 613.766 
-6.27744e+66 -6.27744e+66 -6.27744e+66 -6.27744e+66 77.6469 108.072 369.131 
-6.27744e+66 -6.27744e+66 -6.27744e+66 -6.27744e+66 -6.27744e+66 77.6469 208.177 
-6.27744e+66 -6.27744e+66 -6.27744e+66 -6.27744e+66 -6.27744e+66 -6.27744e+66 77.6469 
-6.27744e+66 -6.27744e+66 -6.27744e+66 -6.27744e+66 -6.27744e+66 -6.27744e+66 -6.27744e+66 
-6.27744e+66 76.614 76.614 76.614 76.614 76.614 76.614 
-6.27744e+66 -6.27744e+66 76.614 76.614 76.614 76.614 76.614 
-6.27744e+66 -6.27744e+66 -6.27744e+66 76.614 76.614 76.614 76.614 
-6.27744e+66 -6.27744e+66 -6.27744e+66 -6.27744e+66 76.614 76.614 76.614 
-6.27744e+66 -6.27744e+66 -6.27744e+66 -6.27744e+66 -6.27744e+66 76.614 76.614 
-6.27744e+66 -6.27744e+66 -6.27744e+66 -6.27744e+66 -6.27744e+66 -6.27744e+66 76.614 
-6.27744e+66 -6.27744e+66 -6.27744e+66 -6.27744e+66 -6.27744e+66 -6.27744e+66 -6.27744e+66 
-6.27744e+66 55.6493 55.6493 171.198 171.198 425.826 997.82 
-6.27744e+66 -6.27744e+66 55.6493 113.424 113.424 304.394 761.99 
-6.27744e+66 -6.27744e+66 -6.27744e+66 55.6493 55.6493 182.963 526.16 
-6.27744e+66 -6.27744e+66 -6.27744e+66 -6.27744e+66 55.6493 119.306 348.104 
-6.27744e+66 -6.27744e+66 -6.27744e+66 -6.27744e+66 -6.27744e+66 55.6493 170.048 
-6.27744e+66 -6.27744e+66 -6.27744e+66 -6.27744e+66 -6.27744e+66 -6.27744e+66 55.6493 
-6.27744e+66 -6.27744e+66 -6.27744e+66 -6.27744e+66 -6.27744e+66 -6.27744e+66 -6.27744e+66 
-6.27744e+66 56.5104 155.763 155.763 155.763 155.763 605.37 
-6.27744e+66 -6.27744e+66 56.5104 56.5104 56.5104 56.5104 416.196 
-6.27744e+66 -6.27744e+66 -6.27744e+66 56.5104 56.5104 56.5104 326.274 
-6.27744e+66 -6.27744e+66 -6.27744e+66 -6.27744e+66 56.5104 56.5104 236.353 
-6.27744e+66 -6.27744e+66 -6.27744e+66 -6.27744e+66 -6.27744e+66 56.5104 146.432 
-6.27744e+66 -6.27744e+66 -6.27744e+66 -6.27744e+66 -6.27744e+66 -6.27744e+66 56.5104 
-6.27744e+66 -6.27744e+66 -6.27744e+66 -6.27744e+66 -6.27744e+66 -6.27744e+66 -6.27744e+66 
-6.27744e+66 56.0647 138.659 138.659 138.659 444.181 1071.02 
-6.27744e+66 -6.27744e+66 56.0647 56.0647 56.0647 285.207 786.677 
-6.27744e+66 -6.27744e+66 -6.27744e+66 56.0647 56.0647 208.826 584.929 
-6.27744e+66 -6.27744e+66 -6.27744e+66 -6.27744e+66 56.0647 132.445 383.181 
-6.27744e+66 -6.27744e+66 -6.27744e+66 -6.27744e+66 -6.27744e+66 56.0647 181.432 
-6.27744e+66 -6.27744e+66 -6.27744e+66 -6.27744e+66 -6.27744e+66 -6.27744e+66 56.0647 
-6.27744e+66 -6.27744e+66 -6.27744e+66 -6.27744e+66 -6.27744e+66 -6.27744e+66 -6.27744e+66 
-6.27744e+66 56.4501 56.4501 177.527 464.213 561.085 561.085 
-6.27744e+66 -6.27744e+66 56.4501 116.989 308.113 380.767 380.767 
-6.27744e+66 -6.27744e+66 -6.27744e+66 56.4501 152.012 200.448 200.448 
-6.27744e+66 -6.27744e+66 -6.27744e+66 -6.27744e+66 56.4501 80.6681 80.6681 
-6.27744e+66 -6.27744e+66 -6.27744e+66 -6.27744e+66 -6.27744e+66 56.4501 56.4501 
-6.27744e+66 -6.27744e+66 -6.27744e+66 -6.27744e+66 -6.27744e+66 -6.27744e+66 56.4501 
-6.27744e+66 -6.27744e+66 -6.27744e+66 -6.27744e+66 -6.27744e+66 -6.27744e+66 -6.27744e+66 
-6.27744e+66 47.5752 164.002 164.002 164.002 164.002 613.578 
-6.27744e+66 -6.27744e+66 47.5752 47.5752 47.5752 47.5752 407.237 
-6.27744e+66 -6.27744e+66 -6.27744e+66 47.5752 47.5752 47.5752 317.321 
-6.27744e+66 -6.27744e+66 -6.27744e+66 -6.27744e+66 47.5752 47.5752 227.406 
-6.27744e+66 -6.27744e+66 -6.27744e+66 -6.27744e+66 -6.27744e+66 47.5752 137.491 
-6.27744e+66 -6.27744e+66 -6.27744e+66 -6.27744e+66 -6.27744e+66 -6.27744e+66 47.5752 
-6.27744e+66 -6.27744e+66 -6.27744e+66 -6.27744e+66 -6.27744e+66 -6.27744e+66 -6.27744e+66 
-6.27744e+66 76.498 76.498 186.648 186.648 375.187 375.187 
-6.27744e+66 -6.27744e+66 76.498 131.573 131.573 272.977 272.977 
-6.27744e+66 -6.27744e+66 -6.27744e+66 76.498 76.498 170.767 170.767 
-6.27744e+66 -6.27744e+66 -6.27744e+66 -6.27744e+66 76.498 123.633 123.633 
-6.27744e+66 -6.27744e+66 -6.27744e+66 -6.27744e+66 -6.27744e+66 76.498 76.498 
-6.27744e+66 -6.27744e+66 -6.27744e+66 -6.27744e+66 -6.27744e+66 -6.27744e+66 76.498 
-6.27744e+66 -6.27744e+66 -6.27744e+66 -6.27744e+66 -6.27744e+66 -6.27744e+66 -6.27744e+66 
-6.27744e+66 71.384 178.368 178.368 484.582 683.776 683.776 
-6.27744e+66 -6.27744e+66 71.384 71.384 275.527 424.923 424.923 
-6.27744e+66 -6.27744e+66 -6.27744e+66 71.384 173.455 273.053 273.053 
-6.27744e+66 -6.27744e+66 -6.27744e+66 -6.27744e+66 71.384 121.183 121.183 
-6.27744e+66 -6.27744e+66 -6.27744e+66 -6.27744e+66 -6.27744e+66 71.384 71.384 
-6.27744e+66 -6.27744e+66 -6.27744e+66 -6.27744e+66 -6.27744e+66 -6.27744e+66 71.384 
-6.27744e+66 -6.27744e+66 -6.27744e+66 -6.27744e+66 -6.27744e+66 -6.27744e+66 -6.27744e+66 
