6 20 
947.819 947.819 947.819 947.819 947.819 947.819 
item 0
43.544 108.245 102.093 74.7468 84.1388 105.646 
45.399 45.399 45.399 45.399 45.399 45.399 
1 1 1 1 1 1 
item 1
69.0984 109.75 65.7314 94.7411 44.9348 83.2908 
59.0887 59.0887 59.0887 59.0887 59.0887 59.0887 
1 1 1 1 1 1 
item 2
42.9403 126.392 61.5449 107.261 31.8572 156.752 
46.0186 46.0186 46.0186 46.0186 46.0186 46.0186 
1 1 1 1 1 1 
item 3
67.4841 106.367 21.6845 96.0801 88.3971 120.897 
83.0599 83.0599 83.0599 83.0599 83.0599 83.0599 
1 1 1 1 1 1 
item 4
68.8041 101.774 59.3373 99.39 55.7562 123.415 
63.5119 63.5119 63.5119 63.5119 63.5119 63.5119 
1 1 1 1 1 1 
item 5
25.0639 107.393 51.626 76.9372 8.55578 80.2591 
29.3465 29.3465 29.3465 29.3465 29.3465 29.3465 
1 1 1 1 1 1 
item 6
54.4784 74.8141 51.7286 113.543 28.0601 159.452 
54.412 54.412 54.412 54.412 54.412 54.412 
1 1 1 1 1 1 
item 7
67.84 77.0949 39.6164 74.8609 70.38 114.68 
30.1485 30.1485 30.1485 30.1485 30.1485 30.1485 
1 1 1 1 1 1 
item 8
54.846 108.167 69.8814 106.591 38.5979 102.244 
89.6974 89.6974 89.6974 89.6974 89.6974 89.6974 
1 1 1 1 1 1 
item 9
42.5561 124.528 40.2582 89.0985 48.9691 119.713 
90.7579 90.7579 90.7579 90.7579 90.7579 90.7579 
1 1 1 1 1 1 
item 10
60.8676 123.071 2.0705 127.903 16.3892 71.7379 
46.6153 46.6153 46.6153 46.6153 46.6153 46.6153 
1 1 1 1 1 1 
item 11
14.4338 102.884 62.9265 109.493 16.3963 106.132 
30.8748 30.8748 30.8748 30.8748 30.8748 30.8748 
1 1 1 1 1 1 
item 12
103.893 100.567 36.9994 126.086 67.4453 101.959 
84.1608 84.1608 84.1608 84.1608 84.1608 84.1608 
1 1 1 1 1 1 
item 13
43.5017 103.99 43.1569 76.6877 16.8299 107.964 
16.3676 16.3676 16.3676 16.3676 16.3676 16.3676 
1 1 1 1 1 1 
item 14
77.0804 107.629 54.5952 75.3178 66.1142 133.812 
31.8659 31.8659 31.8659 31.8659 31.8659 31.8659 
1 1 1 1 1 1 
item 15
52.0742 119.998 35.2145 95.7858 85.7921 98.3213 
44.8953 44.8953 44.8953 44.8953 44.8953 44.8953 
1 1 1 1 1 1 
item 16
40.7419 106.384 27.3766 105.847 37.6121 61.0739 
59.8326 59.8326 59.8326 59.8326 59.8326 59.8326 
1 1 1 1 1 1 
item 17
45.1803 105.733 62.5549 69.2297 55.7384 126.103 
39.1925 39.1925 39.1925 39.1925 39.1925 39.1925 
1 1 1 1 1 1 
item 18
72.2332 128.575 43.5208 113.259 46.4258 90.668 
82.5451 82.5451 82.5451 82.5451 82.5451 82.5451 
1 1 1 1 1 1 
item 19
49.3158 107.69 50.7112 106.46 73.8027 100.831 
91.7108 91.7108 91.7108 91.7108 91.7108 91.7108 
1 1 1 1 1 1 
