6 10 
-6.27744e+66 37.2039 158.031 246.089 614.479 782.972 1397.25 
-6.27744e+66 -6.27744e+66 37.2039 81.2325 326.826 453.196 944.616 
-6.27744e+66 -6.27744e+66 -6.27744e+66 37.2039 160.001 244.247 612.813 
-6.27744e+66 -6.27744e+66 -6.27744e+66 -6.27744e+66 37.2039 79.3271 325.037 
-6.27744e+66 -6.27744e+66 -6.27744e+66 -6.27744e+66 -6.27744e+66 37.2039 160.059 
-6.27744e+66 -6.27744e+66 -6.27744e+66 -6.27744e+66 -6.27744e+66 -6.27744e+66 37.2039 
-6.27744e+66 -6.27744e+66 -6.27744e+66 -6.27744e+66 -6.27744e+66 -6.27744e+66 -6.27744e+66 
-6.27744e+66 28.9847 123.263 311.401 602.089 921.677 1223.01 
-6.27744e+66 -6.27744e+66 28.9847 123.054 316.846 556.537 797.603 
-6.27744e+66 -6.27744e+66 -6.27744e+66 28.9847 125.881 285.675 466.475 
-6.27744e+66 -6.27744e+66 -6.27744e+66 -6.27744e+66 28.9847 108.882 229.415 
-6.27744e+66 -6.27744e+66 -6.27744e+66 -6.27744e+66 -6.27744e+66 28.9847 89.2513 
-6.27744e+66 -6.27744e+66 -6.27744e+66 -6.27744e+66 -6.27744e+66 -6.27744e+66 28.9847 
-6.27744e+66 -6.27744e+66 -6.27744e+66 -6.27744e+66 -6.27744e+66 -6.27744e+66 -6.27744e+66 
-6.27744e+66 60.9263 161.592 226.236 532.02 721.146 1163.39 
-6.27744e+66 -6.27744e+66 60.9263 93.2486 297.105 438.949 792.746 
-6.27744e+66 -6.27744e+66 -6.27744e+66 60.9263 162.854 257.417 522.765 
-6.27744e+66 -6.27744e+66 -6.27744e+66 -6.27744e+66 60.9263 108.208 285.106 
-6.27744e+66 -6.27744e+66 -6.27744e+66 -6.27744e+66 -6.27744e+66 60.9263 149.376 
-6.27744e+66 -6.27744e+66 -6.27744e+66 -6.27744e+66 -6.27744e+66 -6.27744e+66 60.9263 
-6.27744e+66 -6.27744e+66 -6.27744e+66 -6.27744e+66 -6.27744e+66 -6.27744e+66 -6.27744e+66 
-6.27744e+66 63.197 169.899 283.106 627.631 901.797 1367.26 
-6.27744e+66 -6.27744e+66 63.197 119.801 349.484 555.108 927.482 
-6.27744e+66 -6.27744e+66 -6.27744e+66 63.197 178.039 315.121 594.402 
-6.27744e+66 -6.27744e+66 -6.27744e+66 -6.27744e+66 63.197 131.738 317.925 
-6.27744e+66 -6.27744e+66 -6.27744e+66 -6.27744e+66 -6.27744e+66 63.197 156.29 
-6.27744e+66 -6.27744e+66 -6.27744e+66 -6.27744e+66 -6.27744e+66 -6.27744e+66 63.197 
-6.27744e+66 -6.27744e+66 -6.27744e+66 -6.27744e+66 -6.27744e+66 -6.27744e+66 -6.27744e+66 
-6.27744e+66 21.0177 114.393 213.926 512.958 712.865 1150.39 
-6.27744e+66 -6.27744e+66 21.0177 70.7846 270.139 420.069 770.086 
-6.27744e+66 -6.27744e+66 -6.27744e+66 21.0177 120.695 220.648 483.161 
-6.27744e+66 -6.27744e+66 -6.27744e+66 -6.27744e+66 21.0177 70.9944 246.003 
-6.27744e+66 -6.27744e+66 -6.27744e+66 -6.27744e+66 -6.27744e+66 21.0177 108.522 
-6.27744e+66 -6.27744e+66 -6.27744e+66 -6.27744e+66 -6.27744e+66 -6.27744e+66 21.0177 
-6.27744e+66 -6.27744e+66 -6.27744e+66 -6.27744e+66 -6.27744e+66 -6.27744e+66 -6.27744e+66 
-6.27744e+66 44.4642 133.839 276.373 533.181 752.81 1142.54 
-6.27744e+66 -6.27744e+66 44.4642 115.731 286.937 451.658 763.438 
-6.27744e+66 -6.27744e+66 -6.27744e+66 44.4642 130.067 239.881 473.716 
-6.27744e+66 -6.27744e+66 -6.27744e+66 -6.27744e+66 44.4642 99.3714 255.261 
-6.27744e+66 -6.27744e+66 -6.27744e+66 -6.27744e+66 -6.27744e+66 44.4642 122.409 
-6.27744e+66 -6.27744e+66 -6.27744e+66 -6.27744e+66 -6.27744e+66 -6.27744e+66 44.4642 
-6.27744e+66 -6.27744e+66 -6.27744e+66 -6.27744e+66 -6.27744e+66 -6.27744e+66 -6.27744e+66 
-6.27744e+66 61.1459 165.803 242.321 626.444 890.871 1484.92 
-6.27744e+66 -6.27744e+66 61.1459 99.4051 355.487 553.807 1029.05 
-6.27744e+66 -6.27744e+66 -6.27744e+66 61.1459 189.187 321.4 677.83 
-6.27744e+66 -6.27744e+66 -6.27744e+66 -6.27744e+66 61.1459 127.252 364.873 
-6.27744e+66 -6.27744e+66 -6.27744e+66 -6.27744e+66 -6.27744e+66 61.1459 179.956 
-6.27744e+66 -6.27744e+66 -6.27744e+66 -6.27744e+66 -6.27744e+66 -6.27744e+66 61.1459 
-6.27744e+66 -6.27744e+66 -6.27744e+66 -6.27744e+66 -6.27744e+66 -6.27744e+66 -6.27744e+66 
-6.27744e+66 52.5477 160.821 276.144 479.09 676.291 1231.46 
-6.27744e+66 -6.27744e+66 52.5477 110.209 245.507 393.407 837.542 
-6.27744e+66 -6.27744e+66 -6.27744e+66 52.5477 120.196 218.797 551.898 
-6.27744e+66 -6.27744e+66 -6.27744e+66 -6.27744e+66 52.5477 101.848 323.915 
-6.27744e+66 -6.27744e+66 -6.27744e+66 -6.27744e+66 -6.27744e+66 52.5477 163.581 
-6.27744e+66 -6.27744e+66 -6.27744e+66 -6.27744e+66 -6.27744e+66 -6.27744e+66 52.5477 
-6.27744e+66 -6.27744e+66 -6.27744e+66 -6.27744e+66 -6.27744e+66 -6.27744e+66 -6.27744e+66 
-6.27744e+66 60.9544 182.302 281.529 604.029 757.82 1414.94 
-6.27744e+66 -6.27744e+66 60.9544 110.568 325.568 440.911 966.61 
-6.27744e+66 -6.27744e+66 -6.27744e+66 60.9544 168.454 245.35 639.624 
-6.27744e+66 -6.27744e+66 -6.27744e+66 -6.27744e+66 60.9544 99.4024 362.252 
-6.27744e+66 -6.27744e+66 -6.27744e+66 -6.27744e+66 -6.27744e+66 60.9544 192.379 
-6.27744e+66 -6.27744e+66 -6.27744e+66 -6.27744e+66 -6.27744e+66 -6.27744e+66 60.9544 
-6.27744e+66 -6.27744e+66 -6.27744e+66 -6.27744e+66 -6.27744e+66 -6.27744e+66 -6.27744e+66 
-6.27744e+66 47.0453 125.079 298.122 516.56 767.985 1160.89 
-6.27744e+66 -6.27744e+66 47.0453 133.567 279.192 467.761 782.084 
-6.27744e+66 -6.27744e+66 -6.27744e+66 47.0453 119.858 245.57 481.313 
-6.27744e+66 -6.27744e+66 -6.27744e+66 -6.27744e+66 47.0453 109.901 267.063 
-6.27744e+66 -6.27744e+66 -6.27744e+66 -6.27744e+66 -6.27744e+66 47.0453 125.626 
-6.27744e+66 -6.27744e+66 -6.27744e+66 -6.27744e+66 -6.27744e+66 -6.27744e+66 47.0453 
-6.27744e+66 -6.27744e+66 -6.27744e+66 -6.27744e+66 -6.27744e+66 -6.27744e+66 -6.27744e+66 
