24 10 
73.2304 73.2304 73.2304 73.2304 73.2304 73.2304 73.2304 73.2304 73.2304 73.2304 73.2304 73.2304 73.2304 73.2304 73.2304 73.2304 73.2304 73.2304 73.2304 73.2304 73.2304 73.2304 73.2304 73.2304 
item 0
69.7021 92.7814 0 94.3389 90.0897 120.685 0 0 0 0 60.7854 0 15.1309 115.959 38.9846 0 38.0614 101.764 41.4344 0 49.5298 109.805 0 124.306 
104.969 104.969 104.969 104.969 104.969 104.969 104.969 104.969 104.969 104.969 104.969 104.969 104.969 104.969 104.969 104.969 104.969 104.969 104.969 104.969 104.969 104.969 104.969 104.969 
1 1 1 1 1 1 1 1 1 1 1 1 1 1 1 1 1 1 1 1 1 1 1 1 
item 1
22.0323 117.169 0 94.9183 0 0 58.8696 104.099 70.701 0 0 0 0 0 19.1886 112.384 53.2799 0 38.3511 86.0702 0 0 55.8581 55.0991 
81.5556 81.5556 81.5556 81.5556 81.5556 81.5556 81.5556 81.5556 81.5556 81.5556 81.5556 81.5556 81.5556 81.5556 81.5556 81.5556 81.5556 81.5556 81.5556 81.5556 81.5556 81.5556 81.5556 81.5556 
1 1 1 1 1 1 1 1 1 1 1 1 1 1 1 1 1 1 1 1 1 1 1 1 
item 2
34.5387 0 0 77.4089 0 125.77 60.0319 81.2764 0 113.384 0 85.3037 0 71.0101 0 90.623 29.3371 76.6354 0 0 0 78.9184 0 109.957 
63.699 63.699 63.699 63.699 63.699 63.699 63.699 63.699 63.699 63.699 63.699 63.699 63.699 63.699 63.699 63.699 63.699 63.699 63.699 63.699 63.699 63.699 63.699 63.699 
1 1 1 1 1 1 1 1 1 1 1 1 1 1 1 1 1 1 1 1 1 1 1 1 
item 3
45.2735 101.147 58.6627 0 0 0 0 88.9615 76.891 0 35.0586 0 43.2274 0 0 0 0 0 74.1177 65.8911 0 0 0 116.881 
80.451 80.451 80.451 80.451 80.451 80.451 80.451 80.451 80.451 80.451 80.451 80.451 80.451 80.451 80.451 80.451 80.451 80.451 80.451 80.451 80.451 80.451 80.451 80.451 
1 1 1 1 1 1 1 1 1 1 1 1 1 1 1 1 1 1 1 1 1 1 1 1 
item 4
42.4082 138.569 67.4245 83.3317 0 121.931 67.4366 100.093 0 85.1298 0 0 46.4343 0 26.4787 0 0 102.348 0 0 0 82.5876 60.9993 84.8909 
64.8725 64.8725 64.8725 64.8725 64.8725 64.8725 64.8725 64.8725 64.8725 64.8725 64.8725 64.8725 64.8725 64.8725 64.8725 64.8725 64.8725 64.8725 64.8725 64.8725 64.8725 64.8725 64.8725 64.8725 
1 1 1 1 1 1 1 1 1 1 1 1 1 1 1 1 1 1 1 1 1 1 1 1 
item 5
40.5228 0 52.4628 0 0 0 0 0 54.2356 87.7946 66.4536 0 0 52.7485 0 92.1343 25.7488 79.984 0 0 0 76.4689 0 101.952 
33.29 33.29 33.29 33.29 33.29 33.29 33.29 33.29 33.29 33.29 33.29 33.29 33.29 33.29 33.29 33.29 33.29 33.29 33.29 33.29 33.29 33.29 33.29 33.29 
1 1 1 1 1 1 1 1 1 1 1 1 1 1 1 1 1 1 1 1 1 1 1 1 
item 6
43.9139 0 72.1673 115.586 0 0 41.7547 88.1575 0 0 0 0 60.0003 0 0 118.166 47.6226 91.9384 0 0 79.6456 0 0 73.1376 
40.8542 40.8542 40.8542 40.8542 40.8542 40.8542 40.8542 40.8542 40.8542 40.8542 40.8542 40.8542 40.8542 40.8542 40.8542 40.8542 40.8542 40.8542 40.8542 40.8542 40.8542 40.8542 40.8542 40.8542 
1 1 1 1 1 1 1 1 1 1 1 1 1 1 1 1 1 1 1 1 1 1 1 1 
item 7
28.6958 74.4151 13.9357 0 0 76.3261 45.7302 84.3268 0 83.2774 56.5728 0 70.2851 0 0 0 52.1124 112.297 42.3173 91.1548 77.5994 0 0 0 
66.0412 66.0412 66.0412 66.0412 66.0412 66.0412 66.0412 66.0412 66.0412 66.0412 66.0412 66.0412 66.0412 66.0412 66.0412 66.0412 66.0412 66.0412 66.0412 66.0412 66.0412 66.0412 66.0412 66.0412 
1 1 1 1 1 1 1 1 1 1 1 1 1 1 1 1 1 1 1 1 1 1 1 1 
item 8
60.3568 0 0 0 0 82.3346 59.2282 0 0 0 0 0 43.5167 100.281 0 91.9418 71.276 0 81.1283 83.1037 49.9743 86.0634 0 0 
71.2042 71.2042 71.2042 71.2042 71.2042 71.2042 71.2042 71.2042 71.2042 71.2042 71.2042 71.2042 71.2042 71.2042 71.2042 71.2042 71.2042 71.2042 71.2042 71.2042 71.2042 71.2042 71.2042 71.2042 
1 1 1 1 1 1 1 1 1 1 1 1 1 1 1 1 1 1 1 1 1 1 1 1 
item 9
52.1548 0 49.895 120.091 39.9271 74.2383 77.1889 0 35.5947 65.7745 0 0 40.4274 106.726 0 110.251 0 0 52.0105 98.4693 50.9658 0 41.3189 144.129 
64.3821 64.3821 64.3821 64.3821 64.3821 64.3821 64.3821 64.3821 64.3821 64.3821 64.3821 64.3821 64.3821 64.3821 64.3821 64.3821 64.3821 64.3821 64.3821 64.3821 64.3821 64.3821 64.3821 64.3821 
1 1 1 1 1 1 1 1 1 1 1 1 1 1 1 1 1 1 1 1 1 1 1 1 
