6 20 
-6.27744e+66 71.839 71.839 162.503 343.832 343.832 977.622 
-6.27744e+66 -6.27744e+66 71.839 117.171 238.057 238.057 745.089 
-6.27744e+66 -6.27744e+66 -6.27744e+66 71.839 132.282 132.282 512.556 
-6.27744e+66 -6.27744e+66 -6.27744e+66 -6.27744e+66 71.839 71.839 325.355 
-6.27744e+66 -6.27744e+66 -6.27744e+66 -6.27744e+66 -6.27744e+66 71.839 198.597 
-6.27744e+66 -6.27744e+66 -6.27744e+66 -6.27744e+66 -6.27744e+66 -6.27744e+66 71.839 
-6.27744e+66 -6.27744e+66 -6.27744e+66 -6.27744e+66 -6.27744e+66 -6.27744e+66 -6.27744e+66 
-6.27744e+66 73.6559 154.426 154.426 154.426 154.426 154.426 
-6.27744e+66 -6.27744e+66 73.6559 73.6559 73.6559 73.6559 73.6559 
-6.27744e+66 -6.27744e+66 -6.27744e+66 73.6559 73.6559 73.6559 73.6559 
-6.27744e+66 -6.27744e+66 -6.27744e+66 -6.27744e+66 73.6559 73.6559 73.6559 
-6.27744e+66 -6.27744e+66 -6.27744e+66 -6.27744e+66 -6.27744e+66 73.6559 73.6559 
-6.27744e+66 -6.27744e+66 -6.27744e+66 -6.27744e+66 -6.27744e+66 -6.27744e+66 73.6559 
-6.27744e+66 -6.27744e+66 -6.27744e+66 -6.27744e+66 -6.27744e+66 -6.27744e+66 -6.27744e+66 
-6.27744e+66 51.0941 51.0941 159.107 159.107 416.559 850.354 
-6.27744e+66 -6.27744e+66 51.0941 105.101 105.101 298.19 645.226 
-6.27744e+66 -6.27744e+66 -6.27744e+66 51.0941 51.0941 179.82 440.097 
-6.27744e+66 -6.27744e+66 -6.27744e+66 -6.27744e+66 51.0941 115.457 288.975 
-6.27744e+66 -6.27744e+66 -6.27744e+66 -6.27744e+66 -6.27744e+66 51.0941 137.853 
-6.27744e+66 -6.27744e+66 -6.27744e+66 -6.27744e+66 -6.27744e+66 -6.27744e+66 51.0941 
-6.27744e+66 -6.27744e+66 -6.27744e+66 -6.27744e+66 -6.27744e+66 -6.27744e+66 -6.27744e+66 
-6.27744e+66 36.0048 146.197 146.197 474.041 573.25 573.25 
-6.27744e+66 -6.27744e+66 36.0048 36.0048 254.568 328.975 328.975 
-6.27744e+66 -6.27744e+66 -6.27744e+66 36.0048 145.286 194.891 194.891 
-6.27744e+66 -6.27744e+66 -6.27744e+66 -6.27744e+66 36.0048 60.807 60.807 
-6.27744e+66 -6.27744e+66 -6.27744e+66 -6.27744e+66 -6.27744e+66 36.0048 36.0048 
-6.27744e+66 -6.27744e+66 -6.27744e+66 -6.27744e+66 -6.27744e+66 -6.27744e+66 36.0048 
-6.27744e+66 -6.27744e+66 -6.27744e+66 -6.27744e+66 -6.27744e+66 -6.27744e+66 -6.27744e+66 
-6.27744e+66 35.8501 35.8501 130.11 364.521 364.521 809.04 
-6.27744e+66 -6.27744e+66 35.8501 82.9799 239.254 239.254 594.869 
-6.27744e+66 -6.27744e+66 -6.27744e+66 35.8501 113.987 113.987 380.699 
-6.27744e+66 -6.27744e+66 -6.27744e+66 -6.27744e+66 35.8501 35.8501 213.658 
-6.27744e+66 -6.27744e+66 -6.27744e+66 -6.27744e+66 -6.27744e+66 35.8501 124.754 
-6.27744e+66 -6.27744e+66 -6.27744e+66 -6.27744e+66 -6.27744e+66 -6.27744e+66 35.8501 
-6.27744e+66 -6.27744e+66 -6.27744e+66 -6.27744e+66 -6.27744e+66 -6.27744e+66 -6.27744e+66 
-6.27744e+66 59.8338 167.444 167.444 167.444 419.648 1156.18 
-6.27744e+66 -6.27744e+66 59.8338 59.8338 59.8338 248.987 838.21 
-6.27744e+66 -6.27744e+66 -6.27744e+66 59.8338 59.8338 185.936 627.853 
-6.27744e+66 -6.27744e+66 -6.27744e+66 -6.27744e+66 59.8338 122.885 417.496 
-6.27744e+66 -6.27744e+66 -6.27744e+66 -6.27744e+66 -6.27744e+66 59.8338 207.14 
-6.27744e+66 -6.27744e+66 -6.27744e+66 -6.27744e+66 -6.27744e+66 -6.27744e+66 59.8338 
-6.27744e+66 -6.27744e+66 -6.27744e+66 -6.27744e+66 -6.27744e+66 -6.27744e+66 -6.27744e+66 
-6.27744e+66 48.314 159.013 159.013 159.013 159.013 590.066 
-6.27744e+66 -6.27744e+66 48.314 48.314 48.314 48.314 393.157 
-6.27744e+66 -6.27744e+66 -6.27744e+66 48.314 48.314 48.314 306.946 
-6.27744e+66 -6.27744e+66 -6.27744e+66 -6.27744e+66 48.314 48.314 220.735 
-6.27744e+66 -6.27744e+66 -6.27744e+66 -6.27744e+66 -6.27744e+66 48.314 134.525 
-6.27744e+66 -6.27744e+66 -6.27744e+66 -6.27744e+66 -6.27744e+66 -6.27744e+66 48.314 
-6.27744e+66 -6.27744e+66 -6.27744e+66 -6.27744e+66 -6.27744e+66 -6.27744e+66 -6.27744e+66 
-6.27744e+66 65.6205 65.6205 65.6205 349.686 520.176 1081.39 
-6.27744e+66 -6.27744e+66 65.6205 65.6205 254.997 382.865 831.836 
-6.27744e+66 -6.27744e+66 -6.27744e+66 65.6205 160.309 245.554 582.283 
-6.27744e+66 -6.27744e+66 -6.27744e+66 -6.27744e+66 65.6205 108.243 332.729 
-6.27744e+66 -6.27744e+66 -6.27744e+66 -6.27744e+66 -6.27744e+66 65.6205 177.863 
-6.27744e+66 -6.27744e+66 -6.27744e+66 -6.27744e+66 -6.27744e+66 -6.27744e+66 65.6205 
-6.27744e+66 -6.27744e+66 -6.27744e+66 -6.27744e+66 -6.27744e+66 -6.27744e+66 -6.27744e+66 
-6.27744e+66 85.8168 190.417 190.417 542.593 542.593 1165.98 
-6.27744e+66 -6.27744e+66 85.8168 85.8168 320.601 320.601 819.308 
-6.27744e+66 -6.27744e+66 -6.27744e+66 85.8168 203.209 203.209 577.239 
-6.27744e+66 -6.27744e+66 -6.27744e+66 -6.27744e+66 85.8168 85.8168 335.17 
-6.27744e+66 -6.27744e+66 -6.27744e+66 -6.27744e+66 -6.27744e+66 85.8168 210.494 
-6.27744e+66 -6.27744e+66 -6.27744e+66 -6.27744e+66 -6.27744e+66 -6.27744e+66 85.8168 
-6.27744e+66 -6.27744e+66 -6.27744e+66 -6.27744e+66 -6.27744e+66 -6.27744e+66 -6.27744e+66 
-6.27744e+66 89.0669 89.0669 123.238 123.238 123.238 123.238 
-6.27744e+66 -6.27744e+66 89.0669 106.153 106.153 106.153 106.153 
-6.27744e+66 -6.27744e+66 -6.27744e+66 89.0669 89.0669 89.0669 89.0669 
-6.27744e+66 -6.27744e+66 -6.27744e+66 -6.27744e+66 89.0669 89.0669 89.0669 
-6.27744e+66 -6.27744e+66 -6.27744e+66 -6.27744e+66 -6.27744e+66 89.0669 89.0669 
-6.27744e+66 -6.27744e+66 -6.27744e+66 -6.27744e+66 -6.27744e+66 -6.27744e+66 89.0669 
-6.27744e+66 -6.27744e+66 -6.27744e+66 -6.27744e+66 -6.27744e+66 -6.27744e+66 -6.27744e+66 
-6.27744e+66 56.9325 56.9325 212.602 212.602 212.602 212.602 
-6.27744e+66 -6.27744e+66 56.9325 134.767 134.767 134.767 134.767 
-6.27744e+66 -6.27744e+66 -6.27744e+66 56.9325 56.9325 56.9325 56.9325 
-6.27744e+66 -6.27744e+66 -6.27744e+66 -6.27744e+66 56.9325 56.9325 56.9325 
-6.27744e+66 -6.27744e+66 -6.27744e+66 -6.27744e+66 -6.27744e+66 56.9325 56.9325 
-6.27744e+66 -6.27744e+66 -6.27744e+66 -6.27744e+66 -6.27744e+66 -6.27744e+66 56.9325 
-6.27744e+66 -6.27744e+66 -6.27744e+66 -6.27744e+66 -6.27744e+66 -6.27744e+66 -6.27744e+66 
-6.27744e+66 87.204 198.434 278.464 558.644 558.644 1218.5 
-6.27744e+66 -6.27744e+66 87.204 127.219 314.006 314.006 841.887 
-6.27744e+66 -6.27744e+66 -6.27744e+66 87.204 180.597 180.597 576.509 
-6.27744e+66 -6.27744e+66 -6.27744e+66 -6.27744e+66 87.204 87.204 351.145 
-6.27744e+66 -6.27744e+66 -6.27744e+66 -6.27744e+66 -6.27744e+66 87.204 219.174 
-6.27744e+66 -6.27744e+66 -6.27744e+66 -6.27744e+66 -6.27744e+66 -6.27744e+66 87.204 
-6.27744e+66 -6.27744e+66 -6.27744e+66 -6.27744e+66 -6.27744e+66 -6.27744e+66 -6.27744e+66 
-6.27744e+66 67.4753 147.748 291.405 720.232 831.884 1295.81 
-6.27744e+66 -6.27744e+66 67.4753 139.304 425.189 508.927 880.069 
-6.27744e+66 -6.27744e+66 -6.27744e+66 67.4753 210.418 266.243 544.6 
-6.27744e+66 -6.27744e+66 -6.27744e+66 -6.27744e+66 67.4753 95.3882 280.959 
-6.27744e+66 -6.27744e+66 -6.27744e+66 -6.27744e+66 -6.27744e+66 67.4753 160.261 
-6.27744e+66 -6.27744e+66 -6.27744e+66 -6.27744e+66 -6.27744e+66 -6.27744e+66 67.4753 
-6.27744e+66 -6.27744e+66 -6.27744e+66 -6.27744e+66 -6.27744e+66 -6.27744e+66 -6.27744e+66 
-6.27744e+66 75.6419 171.953 171.953 427.296 427.296 427.296 
-6.27744e+66 -6.27744e+66 75.6419 75.6419 245.871 245.871 245.871 
-6.27744e+66 -6.27744e+66 -6.27744e+66 75.6419 160.756 160.756 160.756 
-6.27744e+66 -6.27744e+66 -6.27744e+66 -6.27744e+66 75.6419 75.6419 75.6419 
-6.27744e+66 -6.27744e+66 -6.27744e+66 -6.27744e+66 -6.27744e+66 75.6419 75.6419 
-6.27744e+66 -6.27744e+66 -6.27744e+66 -6.27744e+66 -6.27744e+66 -6.27744e+66 75.6419 
-6.27744e+66 -6.27744e+66 -6.27744e+66 -6.27744e+66 -6.27744e+66 -6.27744e+66 -6.27744e+66 
-6.27744e+66 41.4237 41.4237 41.4237 324.698 408.832 408.832 
-6.27744e+66 -6.27744e+66 41.4237 41.4237 230.273 293.374 293.374 
-6.27744e+66 -6.27744e+66 -6.27744e+66 41.4237 135.848 177.916 177.916 
-6.27744e+66 -6.27744e+66 -6.27744e+66 -6.27744e+66 41.4237 62.4574 62.4574 
-6.27744e+66 -6.27744e+66 -6.27744e+66 -6.27744e+66 -6.27744e+66 41.4237 41.4237 
-6.27744e+66 -6.27744e+66 -6.27744e+66 -6.27744e+66 -6.27744e+66 -6.27744e+66 41.4237 
-6.27744e+66 -6.27744e+66 -6.27744e+66 -6.27744e+66 -6.27744e+66 -6.27744e+66 -6.27744e+66 
-6.27744e+66 60.9128 60.9128 60.9128 373.928 373.928 910.861 
-6.27744e+66 -6.27744e+66 60.9128 60.9128 269.589 269.589 699.136 
-6.27744e+66 -6.27744e+66 -6.27744e+66 60.9128 165.251 165.251 487.411 
-6.27744e+66 -6.27744e+66 -6.27744e+66 -6.27744e+66 60.9128 60.9128 275.686 
-6.27744e+66 -6.27744e+66 -6.27744e+66 -6.27744e+66 -6.27744e+66 60.9128 168.299 
-6.27744e+66 -6.27744e+66 -6.27744e+66 -6.27744e+66 -6.27744e+66 -6.27744e+66 60.9128 
-6.27744e+66 -6.27744e+66 -6.27744e+66 -6.27744e+66 -6.27744e+66 -6.27744e+66 -6.27744e+66 
-6.27744e+66 60.3041 223.38 329.733 686.004 686.004 1133.02 
-6.27744e+66 -6.27744e+66 60.3041 113.481 350.994 350.994 708.605 
-6.27744e+66 -6.27744e+66 -6.27744e+66 60.3041 179.061 179.061 447.269 
-6.27744e+66 -6.27744e+66 -6.27744e+66 -6.27744e+66 60.3041 60.3041 239.109 
-6.27744e+66 -6.27744e+66 -6.27744e+66 -6.27744e+66 -6.27744e+66 60.3041 149.707 
-6.27744e+66 -6.27744e+66 -6.27744e+66 -6.27744e+66 -6.27744e+66 -6.27744e+66 60.3041 
-6.27744e+66 -6.27744e+66 -6.27744e+66 -6.27744e+66 -6.27744e+66 -6.27744e+66 -6.27744e+66 
-6.27744e+66 74.2093 74.2093 74.2093 74.2093 74.2093 339.512 
-6.27744e+66 -6.27744e+66 74.2093 74.2093 74.2093 74.2093 286.451 
-6.27744e+66 -6.27744e+66 -6.27744e+66 74.2093 74.2093 74.2093 233.391 
-6.27744e+66 -6.27744e+66 -6.27744e+66 -6.27744e+66 74.2093 74.2093 180.33 
-6.27744e+66 -6.27744e+66 -6.27744e+66 -6.27744e+66 -6.27744e+66 74.2093 127.27 
-6.27744e+66 -6.27744e+66 -6.27744e+66 -6.27744e+66 -6.27744e+66 -6.27744e+66 74.2093 
-6.27744e+66 -6.27744e+66 -6.27744e+66 -6.27744e+66 -6.27744e+66 -6.27744e+66 -6.27744e+66 
-6.27744e+66 55.6102 55.6102 196.742 196.742 428.178 428.178 
-6.27744e+66 -6.27744e+66 55.6102 126.176 126.176 299.753 299.753 
-6.27744e+66 -6.27744e+66 -6.27744e+66 55.6102 55.6102 171.328 171.328 
-6.27744e+66 -6.27744e+66 -6.27744e+66 -6.27744e+66 55.6102 113.469 113.469 
-6.27744e+66 -6.27744e+66 -6.27744e+66 -6.27744e+66 -6.27744e+66 55.6102 55.6102 
-6.27744e+66 -6.27744e+66 -6.27744e+66 -6.27744e+66 -6.27744e+66 -6.27744e+66 55.6102 
-6.27744e+66 -6.27744e+66 -6.27744e+66 -6.27744e+66 -6.27744e+66 -6.27744e+66 -6.27744e+66 
-6.27744e+66 51.7168 156.273 156.273 156.273 355.175 355.175 
-6.27744e+66 -6.27744e+66 51.7168 51.7168 51.7168 200.894 200.894 
-6.27744e+66 -6.27744e+66 -6.27744e+66 51.7168 51.7168 151.168 151.168 
-6.27744e+66 -6.27744e+66 -6.27744e+66 -6.27744e+66 51.7168 101.442 101.442 
-6.27744e+66 -6.27744e+66 -6.27744e+66 -6.27744e+66 -6.27744e+66 51.7168 51.7168 
-6.27744e+66 -6.27744e+66 -6.27744e+66 -6.27744e+66 -6.27744e+66 -6.27744e+66 51.7168 
-6.27744e+66 -6.27744e+66 -6.27744e+66 -6.27744e+66 -6.27744e+66 -6.27744e+66 -6.27744e+66 
