24 40 
97.7283 97.7283 97.7283 97.7283 97.7283 97.7283 97.7283 97.7283 97.7283 97.7283 97.7283 97.7283 97.7283 97.7283 97.7283 97.7283 97.7283 97.7283 97.7283 97.7283 97.7283 97.7283 97.7283 97.7283 
item 0
56.5828 96.7396 67.3672 80.3978 58.3668 108.979 59.9697 110.345 31.0979 108.436 48.9651 99.2809 10.4841 96.0341 36.8485 127.562 51.7923 136.779 61.1311 146.416 71.4413 107.861 41.8008 102.366 
46.4817 46.4817 46.4817 46.4817 46.4817 46.4817 46.4817 46.4817 46.4817 46.4817 46.4817 46.4817 46.4817 46.4817 46.4817 46.4817 46.4817 46.4817 46.4817 46.4817 46.4817 46.4817 46.4817 46.4817 
1 1 1 1 1 1 1 1 1 1 1 1 1 1 1 1 1 1 1 1 1 1 1 1 
item 1
57.9901 91.0672 52.7123 105.42 14.7847 111.528 55.6724 131.328 20.3338 75.2588 37.0287 93.7213 55.4997 95.36 61.6876 114.084 64.5622 49.7217 91.9608 125.57 52.1139 86.1266 65.4563 120.225 
63.8635 63.8635 63.8635 63.8635 63.8635 63.8635 63.8635 63.8635 63.8635 63.8635 63.8635 63.8635 63.8635 63.8635 63.8635 63.8635 63.8635 63.8635 63.8635 63.8635 63.8635 63.8635 63.8635 63.8635 
1 1 1 1 1 1 1 1 1 1 1 1 1 1 1 1 1 1 1 1 1 1 1 1 
item 2
74.5048 61.2495 36.413 83.4253 34.0869 98.5664 35.5548 98.4081 47.231 72.6852 76.4869 62.5228 21.7823 123.205 81.1344 81.4159 26.422 119.507 34.2913 90.2332 47.5684 100.862 17.5669 108.362 
54.8219 54.8219 54.8219 54.8219 54.8219 54.8219 54.8219 54.8219 54.8219 54.8219 54.8219 54.8219 54.8219 54.8219 54.8219 54.8219 54.8219 54.8219 54.8219 54.8219 54.8219 54.8219 54.8219 54.8219 
1 1 1 1 1 1 1 1 1 1 1 1 1 1 1 1 1 1 1 1 1 1 1 1 
item 3
24.3591 116.129 41.5687 97.5802 15.4702 79.7395 58.7526 97.7975 56.6901 125.478 60.1539 119.152 54.0325 99.4434 65.796 115.564 53.7617 76.4507 84.6508 101.25 81.8442 100.894 72.2022 108.487 
47.5976 47.5976 47.5976 47.5976 47.5976 47.5976 47.5976 47.5976 47.5976 47.5976 47.5976 47.5976 47.5976 47.5976 47.5976 47.5976 47.5976 47.5976 47.5976 47.5976 47.5976 47.5976 47.5976 47.5976 
1 1 1 1 1 1 1 1 1 1 1 1 1 1 1 1 1 1 1 1 1 1 1 1 
item 4
38.225 97.0287 58.5397 92.2217 50.0132 136.383 87.5519 74.766 24.7555 73.2083 34.551 104.118 36.3186 94.866 60.1825 79.3061 37.9003 119.101 54.5322 90.9624 65.0822 130.379 22.456 121.325 
23.6508 23.6508 23.6508 23.6508 23.6508 23.6508 23.6508 23.6508 23.6508 23.6508 23.6508 23.6508 23.6508 23.6508 23.6508 23.6508 23.6508 23.6508 23.6508 23.6508 23.6508 23.6508 23.6508 23.6508 
1 1 1 1 1 1 1 1 1 1 1 1 1 1 1 1 1 1 1 1 1 1 1 1 
item 5
65.1002 91.4092 52.9034 155.297 48.4934 80.7817 50.6915 102.338 37.9775 143.263 24.5953 73.2546 60.5402 126.029 47.3164 90.9994 60.8992 88.3967 66.9932 87.5584 44.2022 130.923 76.0026 85.0882 
36.0421 36.0421 36.0421 36.0421 36.0421 36.0421 36.0421 36.0421 36.0421 36.0421 36.0421 36.0421 36.0421 36.0421 36.0421 36.0421 36.0421 36.0421 36.0421 36.0421 36.0421 36.0421 36.0421 36.0421 
1 1 1 1 1 1 1 1 1 1 1 1 1 1 1 1 1 1 1 1 1 1 1 1 
item 6
63.5758 103.504 51.9301 63.0688 57.7429 82.0199 51.4431 90.1592 63.9816 103.368 46.1042 93.7697 85.9607 125.212 32.8613 78.9249 60.4351 111.475 54.2809 109.355 58.9747 101.482 85.5828 116.298 
69.1328 69.1328 69.1328 69.1328 69.1328 69.1328 69.1328 69.1328 69.1328 69.1328 69.1328 69.1328 69.1328 69.1328 69.1328 69.1328 69.1328 69.1328 69.1328 69.1328 69.1328 69.1328 69.1328 69.1328 
1 1 1 1 1 1 1 1 1 1 1 1 1 1 1 1 1 1 1 1 1 1 1 1 
item 7
43.9944 61.7311 60.6094 96.7749 44.4848 89.452 29.442 76.5378 47.956 84.4488 85.5491 126.951 23.5276 80.432 56.016 125.251 55.095 72.2509 43.4778 83.7652 82.468 103.321 37.3955 71.4558 
66.1331 66.1331 66.1331 66.1331 66.1331 66.1331 66.1331 66.1331 66.1331 66.1331 66.1331 66.1331 66.1331 66.1331 66.1331 66.1331 66.1331 66.1331 66.1331 66.1331 66.1331 66.1331 66.1331 66.1331 
1 1 1 1 1 1 1 1 1 1 1 1 1 1 1 1 1 1 1 1 1 1 1 1 
item 8
62.81 104.348 51.3159 121.893 46.238 113.321 54.3624 109.32 22.9617 97.8737 59.3927 119.69 61.8129 96.7093 75.3081 92.5708 39.2301 73.3492 71.706 102.459 23.5184 132.152 38.2437 95.0163 
48.6289 48.6289 48.6289 48.6289 48.6289 48.6289 48.6289 48.6289 48.6289 48.6289 48.6289 48.6289 48.6289 48.6289 48.6289 48.6289 48.6289 48.6289 48.6289 48.6289 48.6289 48.6289 48.6289 48.6289 
1 1 1 1 1 1 1 1 1 1 1 1 1 1 1 1 1 1 1 1 1 1 1 1 
item 9
74.3751 96.6522 34.8024 81.0542 58.0828 88.7576 26.3361 94.7779 58.0714 114.14 45.2768 91.831 26.8861 91.1953 50.1618 136.178 91.5855 135.566 62.858 79.8856 51.8858 128.353 79.5048 112.136 
56.2341 56.2341 56.2341 56.2341 56.2341 56.2341 56.2341 56.2341 56.2341 56.2341 56.2341 56.2341 56.2341 56.2341 56.2341 56.2341 56.2341 56.2341 56.2341 56.2341 56.2341 56.2341 56.2341 56.2341 
1 1 1 1 1 1 1 1 1 1 1 1 1 1 1 1 1 1 1 1 1 1 1 1 
item 10
30.9135 95.8251 52.1074 90.1191 47.8529 80.4528 24.5559 87.7124 86.9356 102.372 49.2974 72.7661 42.7937 86.4922 28.6918 102.632 81.319 84.5152 40.8743 116.902 59.924 154.503 30.8318 102.907 
42.1121 42.1121 42.1121 42.1121 42.1121 42.1121 42.1121 42.1121 42.1121 42.1121 42.1121 42.1121 42.1121 42.1121 42.1121 42.1121 42.1121 42.1121 42.1121 42.1121 42.1121 42.1121 42.1121 42.1121 
1 1 1 1 1 1 1 1 1 1 1 1 1 1 1 1 1 1 1 1 1 1 1 1 
item 11
57.2407 55.1806 55.3432 112.022 45.6243 94.6703 44.6394 102.002 58.4565 94.4345 33.0512 81.0018 77.749 116.004 37.7339 118.645 58.5425 76.249 69.4386 143.347 29.3746 108.709 76.7277 95.7952 
50.713 50.713 50.713 50.713 50.713 50.713 50.713 50.713 50.713 50.713 50.713 50.713 50.713 50.713 50.713 50.713 50.713 50.713 50.713 50.713 50.713 50.713 50.713 50.713 
1 1 1 1 1 1 1 1 1 1 1 1 1 1 1 1 1 1 1 1 1 1 1 1 
item 12
43.5375 151.696 60.7659 68.1813 75.9534 115.741 58.16 58.5635 41.7533 112.317 51.8354 97.3711 47.5794 114.171 38.428 112.542 57.0392 80.3358 54.7012 85.5183 35.7569 143.005 64.4476 101.195 
75.0333 75.0333 75.0333 75.0333 75.0333 75.0333 75.0333 75.0333 75.0333 75.0333 75.0333 75.0333 75.0333 75.0333 75.0333 75.0333 75.0333 75.0333 75.0333 75.0333 75.0333 75.0333 75.0333 75.0333 
1 1 1 1 1 1 1 1 1 1 1 1 1 1 1 1 1 1 1 1 1 1 1 1 
item 13
52.0825 112.377 50.2942 104.933 75.5557 122.48 54.1493 92.808 32.7972 124.658 37.3503 76.8206 48.5089 61.8951 53.1439 114.053 38.665 82.109 41.8621 111.247 34.8485 110.565 43.7538 116.451 
52.8232 52.8232 52.8232 52.8232 52.8232 52.8232 52.8232 52.8232 52.8232 52.8232 52.8232 52.8232 52.8232 52.8232 52.8232 52.8232 52.8232 52.8232 52.8232 52.8232 52.8232 52.8232 52.8232 52.8232 
1 1 1 1 1 1 1 1 1 1 1 1 1 1 1 1 1 1 1 1 1 1 1 1 
item 14
26.6932 118.49 42.5376 88.0825 17.2418 104.718 62.8166 86.3852 44.8759 90.3148 85.9197 88.4607 36.6876 145.123 52.2192 112.649 53.2701 106.336 49.6393 88.2212 93.2771 129.523 70.2245 109.709 
50.5032 50.5032 50.5032 50.5032 50.5032 50.5032 50.5032 50.5032 50.5032 50.5032 50.5032 50.5032 50.5032 50.5032 50.5032 50.5032 50.5032 50.5032 50.5032 50.5032 50.5032 50.5032 50.5032 50.5032 
1 1 1 1 1 1 1 1 1 1 1 1 1 1 1 1 1 1 1 1 1 1 1 1 
item 15
22.1341 78.3421 37.7854 115.627 104.182 114.993 83.6453 96.7981 62.452 126.247 38.313 57.8959 83.1088 77.435 74.9737 105.409 42.0174 93.2638 61.1265 87.5865 39.2104 42.422 56.2908 125.457 
71.8786 71.8786 71.8786 71.8786 71.8786 71.8786 71.8786 71.8786 71.8786 71.8786 71.8786 71.8786 71.8786 71.8786 71.8786 71.8786 71.8786 71.8786 71.8786 71.8786 71.8786 71.8786 71.8786 71.8786 
1 1 1 1 1 1 1 1 1 1 1 1 1 1 1 1 1 1 1 1 1 1 1 1 
item 16
63.8187 75.5572 41.3512 109.329 35.2018 78.5865 37.2364 86.8107 45.8089 110.752 68.9051 105.93 66.6902 97.673 93.6237 115.584 79.7661 105.163 6.96241 68.5506 56.1809 129.826 36.332 133.341 
85.6323 85.6323 85.6323 85.6323 85.6323 85.6323 85.6323 85.6323 85.6323 85.6323 85.6323 85.6323 85.6323 85.6323 85.6323 85.6323 85.6323 85.6323 85.6323 85.6323 85.6323 85.6323 85.6323 85.6323 
1 1 1 1 1 1 1 1 1 1 1 1 1 1 1 1 1 1 1 1 1 1 1 1 
item 17
27.2799 124.043 40.6704 124.119 63.3739 111.358 68.3759 155.87 39.9717 105.772 68.103 71.99 66.9559 76.8718 39.9126 100.024 65.998 115.692 65.9425 91.7781 74.2436 127.317 52.2948 116.427 
71.6279 71.6279 71.6279 71.6279 71.6279 71.6279 71.6279 71.6279 71.6279 71.6279 71.6279 71.6279 71.6279 71.6279 71.6279 71.6279 71.6279 71.6279 71.6279 71.6279 71.6279 71.6279 71.6279 71.6279 
1 1 1 1 1 1 1 1 1 1 1 1 1 1 1 1 1 1 1 1 1 1 1 1 
item 18
39.4238 81.9274 66.5228 81.6768 41.6145 79.0682 42.2131 117.589 18.2177 114.205 36.0564 83.4101 63.3634 85.145 68.502 105.873 35.3939 94.9648 15.8534 96.2406 52.3604 112.262 28.0113 92.303 
50.1977 50.1977 50.1977 50.1977 50.1977 50.1977 50.1977 50.1977 50.1977 50.1977 50.1977 50.1977 50.1977 50.1977 50.1977 50.1977 50.1977 50.1977 50.1977 50.1977 50.1977 50.1977 50.1977 50.1977 
1 1 1 1 1 1 1 1 1 1 1 1 1 1 1 1 1 1 1 1 1 1 1 1 
item 19
64.1211 108.398 89.2697 137.958 19.4797 113.636 53.8868 106.375 56.6043 118.801 84.4559 112.03 25.189 121.081 13.3389 104.424 44.1928 87.1444 62.3984 99.2919 51.1496 86.9365 64.5532 113.469 
73.4624 73.4624 73.4624 73.4624 73.4624 73.4624 73.4624 73.4624 73.4624 73.4624 73.4624 73.4624 73.4624 73.4624 73.4624 73.4624 73.4624 73.4624 73.4624 73.4624 73.4624 73.4624 73.4624 73.4624 
1 1 1 1 1 1 1 1 1 1 1 1 1 1 1 1 1 1 1 1 1 1 1 1 
item 20
77.8656 83.7128 14.4868 75.502 10.2147 88.8349 56.706 83.5096 65.8286 108.329 76.0044 85.6191 43.9014 115.455 79.9849 96.5004 41.6993 87.4796 45.3534 115.882 29.911 117.243 62.337 90.8347 
56.708 56.708 56.708 56.708 56.708 56.708 56.708 56.708 56.708 56.708 56.708 56.708 56.708 56.708 56.708 56.708 56.708 56.708 56.708 56.708 56.708 56.708 56.708 56.708 
1 1 1 1 1 1 1 1 1 1 1 1 1 1 1 1 1 1 1 1 1 1 1 1 
item 21
46.4797 127.36 60.3533 90.973 66.0004 158.15 72.6056 84.8913 74.3452 114.469 56.1577 77.416 61.9076 70.1961 64.5133 59.086 48.4719 76.2761 54.0203 98.3446 71.7518 119.809 41.0013 108.125 
43.9325 43.9325 43.9325 43.9325 43.9325 43.9325 43.9325 43.9325 43.9325 43.9325 43.9325 43.9325 43.9325 43.9325 43.9325 43.9325 43.9325 43.9325 43.9325 43.9325 43.9325 43.9325 43.9325 43.9325 
1 1 1 1 1 1 1 1 1 1 1 1 1 1 1 1 1 1 1 1 1 1 1 1 
item 22
8.3458 89.9849 28.7312 105.679 79.935 106.473 64.2664 81.9146 16.0649 120.741 85.4561 85.2013 90.1947 122.236 58.3611 80.5281 29.4015 74.1061 50.5194 123.353 70.803 70.0518 38.0613 140.479 
61.408 61.408 61.408 61.408 61.408 61.408 61.408 61.408 61.408 61.408 61.408 61.408 61.408 61.408 61.408 61.408 61.408 61.408 61.408 61.408 61.408 61.408 61.408 61.408 
1 1 1 1 1 1 1 1 1 1 1 1 1 1 1 1 1 1 1 1 1 1 1 1 
item 23
52.188 95.8663 48.8728 76.7134 60.784 66.8027 71.4291 111.679 52.6649 162.071 96.0649 136.666 21.2935 114.576 27.4405 115.029 64.7036 138.594 55.9676 132.209 45.9128 92.886 36.3242 110.502 
48.4491 48.4491 48.4491 48.4491 48.4491 48.4491 48.4491 48.4491 48.4491 48.4491 48.4491 48.4491 48.4491 48.4491 48.4491 48.4491 48.4491 48.4491 48.4491 48.4491 48.4491 48.4491 48.4491 48.4491 
1 1 1 1 1 1 1 1 1 1 1 1 1 1 1 1 1 1 1 1 1 1 1 1 
item 24
46.0653 93.4473 36.5388 99.209 41.4421 46.9561 66.9358 95.4815 49.5521 131.107 57.8918 88.0407 92.112 120.221 49.5537 124.009 59.9953 135.823 27.7241 104.789 70.1408 81.4757 90.0717 75.5597 
15.2115 15.2115 15.2115 15.2115 15.2115 15.2115 15.2115 15.2115 15.2115 15.2115 15.2115 15.2115 15.2115 15.2115 15.2115 15.2115 15.2115 15.2115 15.2115 15.2115 15.2115 15.2115 15.2115 15.2115 
1 1 1 1 1 1 1 1 1 1 1 1 1 1 1 1 1 1 1 1 1 1 1 1 
item 25
91.0268 140.503 52.5966 130.684 28.5669 117.211 18.0426 130.946 39.4517 99.5548 66.2678 110.815 42.9422 137.124 43.4023 134.217 84.6891 78.4211 54.6004 108.973 49.6735 87.7503 75.145 113.636 
46.6961 46.6961 46.6961 46.6961 46.6961 46.6961 46.6961 46.6961 46.6961 46.6961 46.6961 46.6961 46.6961 46.6961 46.6961 46.6961 46.6961 46.6961 46.6961 46.6961 46.6961 46.6961 46.6961 46.6961 
1 1 1 1 1 1 1 1 1 1 1 1 1 1 1 1 1 1 1 1 1 1 1 1 
item 26
50.0714 120.548 52.1576 111.381 15.559 84.5553 85.872 99.8523 43.4137 84.249 68.4762 115.747 38.3314 83.5281 76.2822 110.087 57.7208 86.3539 85.2502 123.493 27.2233 92.0488 54.0324 77.2749 
70.2371 70.2371 70.2371 70.2371 70.2371 70.2371 70.2371 70.2371 70.2371 70.2371 70.2371 70.2371 70.2371 70.2371 70.2371 70.2371 70.2371 70.2371 70.2371 70.2371 70.2371 70.2371 70.2371 70.2371 
1 1 1 1 1 1 1 1 1 1 1 1 1 1 1 1 1 1 1 1 1 1 1 1 
item 27
55.7857 107.384 22.8546 144.535 44.4293 71.3133 53.91 105.575 48.0063 123.06 49.6471 93.1458 44.9704 131.197 28.1241 68.7824 83.5609 100.381 59.1443 104.931 36.7234 91.611 46.5827 94.3102 
80.719 80.719 80.719 80.719 80.719 80.719 80.719 80.719 80.719 80.719 80.719 80.719 80.719 80.719 80.719 80.719 80.719 80.719 80.719 80.719 80.719 80.719 80.719 80.719 
1 1 1 1 1 1 1 1 1 1 1 1 1 1 1 1 1 1 1 1 1 1 1 1 
item 28
61.6854 94.4518 49.5267 89.6472 50.3438 81.2 54.9532 79.2806 63.9264 101.231 49.2434 98.4615 62.3424 108.364 29.2563 133.954 27.1106 98.6666 55.3704 95.5143 50.4352 98.6048 32.1293 103.641 
62.2851 62.2851 62.2851 62.2851 62.2851 62.2851 62.2851 62.2851 62.2851 62.2851 62.2851 62.2851 62.2851 62.2851 62.2851 62.2851 62.2851 62.2851 62.2851 62.2851 62.2851 62.2851 62.2851 62.2851 
1 1 1 1 1 1 1 1 1 1 1 1 1 1 1 1 1 1 1 1 1 1 1 1 
item 29
47.6061 130.029 46.7231 77.4565 57.9319 53.9252 35.6123 106.675 90.8394 132.744 37.9032 75.604 92.7726 65.8525 33.3767 99.726 48.4063 67.0515 33.9396 98.2521 58.6283 134.936 33.5889 106.616 
76.5235 76.5235 76.5235 76.5235 76.5235 76.5235 76.5235 76.5235 76.5235 76.5235 76.5235 76.5235 76.5235 76.5235 76.5235 76.5235 76.5235 76.5235 76.5235 76.5235 76.5235 76.5235 76.5235 76.5235 
1 1 1 1 1 1 1 1 1 1 1 1 1 1 1 1 1 1 1 1 1 1 1 1 
item 30
22.5989 125.753 26.8244 88.1254 67.6809 117.292 40.7068 102.494 56.1383 101.907 45.7517 111.667 77.7962 88.4674 56.6659 90.2848 35.3467 93.4464 54.0134 119.594 62.0003 100.016 34.2801 123.147 
33.7411 33.7411 33.7411 33.7411 33.7411 33.7411 33.7411 33.7411 33.7411 33.7411 33.7411 33.7411 33.7411 33.7411 33.7411 33.7411 33.7411 33.7411 33.7411 33.7411 33.7411 33.7411 33.7411 33.7411 
1 1 1 1 1 1 1 1 1 1 1 1 1 1 1 1 1 1 1 1 1 1 1 1 
item 31
52.2081 115.621 27.8393 116.856 55.4535 96.9777 26.3933 105.595 80.9768 71.9666 30.4871 108.263 48.8308 104.17 53.5017 91.4673 10.1971 156.005 51.1455 158.006 44.0853 96.7738 44.6169 111.125 
29.367 29.367 29.367 29.367 29.367 29.367 29.367 29.367 29.367 29.367 29.367 29.367 29.367 29.367 29.367 29.367 29.367 29.367 29.367 29.367 29.367 29.367 29.367 29.367 
1 1 1 1 1 1 1 1 1 1 1 1 1 1 1 1 1 1 1 1 1 1 1 1 
item 32
6.21619 88.3131 85.6476 113.375 46.7017 94.7787 56.5128 89.3137 71.8275 64.7565 52.6981 100.813 50.8258 83.6519 41.9279 91.4924 73.97 149.961 43.0992 115.424 56.239 109.807 46.6358 92.5291 
40.889 40.889 40.889 40.889 40.889 40.889 40.889 40.889 40.889 40.889 40.889 40.889 40.889 40.889 40.889 40.889 40.889 40.889 40.889 40.889 40.889 40.889 40.889 40.889 
1 1 1 1 1 1 1 1 1 1 1 1 1 1 1 1 1 1 1 1 1 1 1 1 
item 33
55.9951 99.3902 82.3539 105.09 0 60.5519 23.7859 84.1452 102.266 92.4433 15.9152 78.4385 72.0933 111.505 57.017 123.624 33.3587 125.138 62.924 84.2542 46.6357 99.6326 37.4158 122.354 
28.6805 28.6805 28.6805 28.6805 28.6805 28.6805 28.6805 28.6805 28.6805 28.6805 28.6805 28.6805 28.6805 28.6805 28.6805 28.6805 28.6805 28.6805 28.6805 28.6805 28.6805 28.6805 28.6805 28.6805 
1 1 1 1 1 1 1 1 1 1 1 1 1 1 1 1 1 1 1 1 1 1 1 1 
item 34
40.8979 88.8427 79.0155 90.7052 48.3431 122.222 44.0826 113.845 26.999 115.256 69.326 120.458 74.985 122.492 51.8303 71.4843 50.2842 111.505 48.6492 101.599 54.3849 105.255 32.0201 129.072 
34.8341 34.8341 34.8341 34.8341 34.8341 34.8341 34.8341 34.8341 34.8341 34.8341 34.8341 34.8341 34.8341 34.8341 34.8341 34.8341 34.8341 34.8341 34.8341 34.8341 34.8341 34.8341 34.8341 34.8341 
1 1 1 1 1 1 1 1 1 1 1 1 1 1 1 1 1 1 1 1 1 1 1 1 
item 35
71.2194 103.755 68.5833 92.893 57.5011 67.7617 56.043 115.574 55.6208 116.619 58.6366 106.498 50.6958 121.946 41.3191 105.373 30.9169 79.6942 64.9347 105.508 28.8082 138.168 35.5363 106.892 
45.9907 45.9907 45.9907 45.9907 45.9907 45.9907 45.9907 45.9907 45.9907 45.9907 45.9907 45.9907 45.9907 45.9907 45.9907 45.9907 45.9907 45.9907 45.9907 45.9907 45.9907 45.9907 45.9907 45.9907 
1 1 1 1 1 1 1 1 1 1 1 1 1 1 1 1 1 1 1 1 1 1 1 1 
item 36
92.4813 97.5353 46.2095 72.7806 56.5567 74.7028 53.5951 69.7307 23.2233 130.867 75.9196 122.509 49.7997 108.399 54.4394 95.4639 63.6361 66.2173 55.556 112.158 34.1443 101.642 65.0713 61.0295 
26.043 26.043 26.043 26.043 26.043 26.043 26.043 26.043 26.043 26.043 26.043 26.043 26.043 26.043 26.043 26.043 26.043 26.043 26.043 26.043 26.043 26.043 26.043 26.043 
1 1 1 1 1 1 1 1 1 1 1 1 1 1 1 1 1 1 1 1 1 1 1 1 
item 37
57.1133 62.8202 26.4825 108.848 54.6557 122.749 42.2894 92.2401 51.3395 103.315 37.2711 104.078 25.4281 105.752 44.4494 105.391 64.3983 82.7729 72.0691 126.97 29.3274 100.877 52.9335 86.7614 
92.295 92.295 92.295 92.295 92.295 92.295 92.295 92.295 92.295 92.295 92.295 92.295 92.295 92.295 92.295 92.295 92.295 92.295 92.295 92.295 92.295 92.295 92.295 92.295 
1 1 1 1 1 1 1 1 1 1 1 1 1 1 1 1 1 1 1 1 1 1 1 1 
item 38
33.6568 73.0958 7.43806 89.1625 68.9317 106.618 105.574 107.128 65.4072 85.7599 46.0982 85.7525 54.6366 97.3012 42.4862 135.113 64.2067 106.103 97.9279 109.353 50.4116 99.4439 44.6145 88.9977 
52.7619 52.7619 52.7619 52.7619 52.7619 52.7619 52.7619 52.7619 52.7619 52.7619 52.7619 52.7619 52.7619 52.7619 52.7619 52.7619 52.7619 52.7619 52.7619 52.7619 52.7619 52.7619 52.7619 52.7619 
1 1 1 1 1 1 1 1 1 1 1 1 1 1 1 1 1 1 1 1 1 1 1 1 
item 39
53.3014 95.0279 77.2996 125.688 66.5214 82.3202 35.5298 122.985 38.8389 101.985 66.4391 95.5313 40.1851 116.36 53.61 118.472 61.9858 103.73 56.0166 73.7009 57.5543 100.083 16.5976 94.2264 
51.7729 51.7729 51.7729 51.7729 51.7729 51.7729 51.7729 51.7729 51.7729 51.7729 51.7729 51.7729 51.7729 51.7729 51.7729 51.7729 51.7729 51.7729 51.7729 51.7729 51.7729 51.7729 51.7729 51.7729 
1 1 1 1 1 1 1 1 1 1 1 1 1 1 1 1 1 1 1 1 1 1 1 1 
