18 40 
514.24 514.24 514.24 514.24 514.24 514.24 514.24 514.24 514.24 514.24 514.24 514.24 514.24 514.24 514.24 514.24 514.24 514.24 
item 0
78.638 0 0 0 0 0 81.5956 0 0 0 0 143.012 30.8745 0 0 0 41.2802 0 
50.7788 50.7788 50.7788 50.7788 50.7788 50.7788 50.7788 50.7788 50.7788 50.7788 50.7788 50.7788 50.7788 50.7788 50.7788 50.7788 50.7788 50.7788 
1 1 1 1 1 1 1 1 1 1 1 1 1 1 1 1 1 1 
item 1
75.2156 0 86.1724 0 0 87.274 37.127 0 0 0 40.3958 97.5457 0 0 0 0 58.4208 0 
50.266 50.266 50.266 50.266 50.266 50.266 50.266 50.266 50.266 50.266 50.266 50.266 50.266 50.266 50.266 50.266 50.266 50.266 
1 1 1 1 1 1 1 1 1 1 1 1 1 1 1 1 1 1 
item 2
67.755 93.1349 45.037 118.173 75.8698 65.8218 0 128.871 0 0 42.5769 0 66.14 0 0 96.1999 0 0 
38.9811 38.9811 38.9811 38.9811 38.9811 38.9811 38.9811 38.9811 38.9811 38.9811 38.9811 38.9811 38.9811 38.9811 38.9811 38.9811 38.9811 38.9811 
1 1 1 1 1 1 1 1 1 1 1 1 1 1 1 1 1 1 
item 3
44.0331 0 20.2795 79.5761 0 0 0 119.55 0 95.6362 0 0 53.9387 0 0 89.6754 37.972 0 
52.4686 52.4686 52.4686 52.4686 52.4686 52.4686 52.4686 52.4686 52.4686 52.4686 52.4686 52.4686 52.4686 52.4686 52.4686 52.4686 52.4686 52.4686 
1 1 1 1 1 1 1 1 1 1 1 1 1 1 1 1 1 1 
item 4
76.9907 100.743 35.3047 0 0 0 0 118.151 0 73.0073 46.5296 96.6233 56.9045 98.339 0 0 0 0 
46.3261 46.3261 46.3261 46.3261 46.3261 46.3261 46.3261 46.3261 46.3261 46.3261 46.3261 46.3261 46.3261 46.3261 46.3261 46.3261 46.3261 46.3261 
1 1 1 1 1 1 1 1 1 1 1 1 1 1 1 1 1 1 
item 5
51.079 0 40.8502 110.019 0 0 0 112.582 57.4252 100.733 0 95.7709 100.318 88.8675 66.9586 0 62.208 0 
79.1292 79.1292 79.1292 79.1292 79.1292 79.1292 79.1292 79.1292 79.1292 79.1292 79.1292 79.1292 79.1292 79.1292 79.1292 79.1292 79.1292 79.1292 
1 1 1 1 1 1 1 1 1 1 1 1 1 1 1 1 1 1 
item 6
70.2131 115.088 79.8421 110.151 0 105.44 61.3291 0 7.96884 0 17.7703 115.102 0 0 0 144.596 48.5346 138.365 
43.0472 43.0472 43.0472 43.0472 43.0472 43.0472 43.0472 43.0472 43.0472 43.0472 43.0472 43.0472 43.0472 43.0472 43.0472 43.0472 43.0472 43.0472 
1 1 1 1 1 1 1 1 1 1 1 1 1 1 1 1 1 1 
item 7
67.8967 0 0 0 45.3902 0 0 0 64.5613 88.3522 60.7453 78.6419 0 89.4356 72.4773 0 45.3199 95.2885 
71.4447 71.4447 71.4447 71.4447 71.4447 71.4447 71.4447 71.4447 71.4447 71.4447 71.4447 71.4447 71.4447 71.4447 71.4447 71.4447 71.4447 71.4447 
1 1 1 1 1 1 1 1 1 1 1 1 1 1 1 1 1 1 
item 8
81.227 93.7321 0 0 83.2783 60.7765 2.63745 0 0 76.0727 0 75.3106 0 97.8319 66.8367 0 85.2319 0 
75.1759 75.1759 75.1759 75.1759 75.1759 75.1759 75.1759 75.1759 75.1759 75.1759 75.1759 75.1759 75.1759 75.1759 75.1759 75.1759 75.1759 75.1759 
1 1 1 1 1 1 1 1 1 1 1 1 1 1 1 1 1 1 
item 9
56.7496 95.4133 0 88.5422 76.9507 0 0 102.936 49.0442 73.2404 40.284 0 27.539 98.7618 0 117.406 0 0 
56.3272 56.3272 56.3272 56.3272 56.3272 56.3272 56.3272 56.3272 56.3272 56.3272 56.3272 56.3272 56.3272 56.3272 56.3272 56.3272 56.3272 56.3272 
1 1 1 1 1 1 1 1 1 1 1 1 1 1 1 1 1 1 
item 10
30.5439 65.2308 53.2791 114.048 0 0 0 0 0 0 72.9743 0 35.5257 88.0935 0 99.4 27.2243 0 
68.6925 68.6925 68.6925 68.6925 68.6925 68.6925 68.6925 68.6925 68.6925 68.6925 68.6925 68.6925 68.6925 68.6925 68.6925 68.6925 68.6925 68.6925 
1 1 1 1 1 1 1 1 1 1 1 1 1 1 1 1 1 1 
item 11
56.8376 0 66.2794 82.6584 57.7887 111.194 0 0 102.627 0 40.0565 0 0 0 0 83.9741 0 0 
51.0541 51.0541 51.0541 51.0541 51.0541 51.0541 51.0541 51.0541 51.0541 51.0541 51.0541 51.0541 51.0541 51.0541 51.0541 51.0541 51.0541 51.0541 
1 1 1 1 1 1 1 1 1 1 1 1 1 1 1 1 1 1 
item 12
61.4308 85.7606 21.2959 0 34.584 0 41.572 0 25.8662 0 0 74.589 44.047 0 76.2402 0 70.5367 0 
83.3204 83.3204 83.3204 83.3204 83.3204 83.3204 83.3204 83.3204 83.3204 83.3204 83.3204 83.3204 83.3204 83.3204 83.3204 83.3204 83.3204 83.3204 
1 1 1 1 1 1 1 1 1 1 1 1 1 1 1 1 1 1 
item 13
47.5219 131.939 56.4224 0 39.1239 0 32.8393 0 31.4481 93.5403 54.0079 0 64.084 0 61.3195 85.7832 37.5052 107.303 
73.9085 73.9085 73.9085 73.9085 73.9085 73.9085 73.9085 73.9085 73.9085 73.9085 73.9085 73.9085 73.9085 73.9085 73.9085 73.9085 73.9085 73.9085 
1 1 1 1 1 1 1 1 1 1 1 1 1 1 1 1 1 1 
item 14
41.599 0 44.3538 0 0 135.478 0 102.156 0 81.9162 0 0 0 0 83.0017 0 66.364 0 
57.9105 57.9105 57.9105 57.9105 57.9105 57.9105 57.9105 57.9105 57.9105 57.9105 57.9105 57.9105 57.9105 57.9105 57.9105 57.9105 57.9105 57.9105 
1 1 1 1 1 1 1 1 1 1 1 1 1 1 1 1 1 1 
item 15
76.8897 151.03 0 94.3867 30.1414 0 41.245 117.671 88.1811 92.4446 42.2234 0 92.2899 86.0313 0 124.925 69.96 0 
78.3894 78.3894 78.3894 78.3894 78.3894 78.3894 78.3894 78.3894 78.3894 78.3894 78.3894 78.3894 78.3894 78.3894 78.3894 78.3894 78.3894 78.3894 
1 1 1 1 1 1 1 1 1 1 1 1 1 1 1 1 1 1 
item 16
61.7324 97.2835 38.1103 96.1294 50.9684 86.1233 0 114.645 0 59.5326 0 0 0 0 38.4587 125.358 0 90.975 
60.8044 60.8044 60.8044 60.8044 60.8044 60.8044 60.8044 60.8044 60.8044 60.8044 60.8044 60.8044 60.8044 60.8044 60.8044 60.8044 60.8044 60.8044 
1 1 1 1 1 1 1 1 1 1 1 1 1 1 1 1 1 1 
item 17
46.8658 98.4188 48.7469 80.1898 73.8613 112.817 37.4507 0 62.158 0 39.2693 94.929 54.8888 0 0 0 73.2067 110.108 
30.1289 30.1289 30.1289 30.1289 30.1289 30.1289 30.1289 30.1289 30.1289 30.1289 30.1289 30.1289 30.1289 30.1289 30.1289 30.1289 30.1289 30.1289 
1 1 1 1 1 1 1 1 1 1 1 1 1 1 1 1 1 1 
item 18
50.517 0 18.0755 0 0 0 0 0 18.8491 0 96.503 95.1186 0 95.8557 36.0962 90.7793 46.7337 126.536 
52.6371 52.6371 52.6371 52.6371 52.6371 52.6371 52.6371 52.6371 52.6371 52.6371 52.6371 52.6371 52.6371 52.6371 52.6371 52.6371 52.6371 52.6371 
1 1 1 1 1 1 1 1 1 1 1 1 1 1 1 1 1 1 
item 19
63.0296 0 0 110.48 53.2159 117.035 0 92.444 0 0 43.9409 0 0 69.7275 45.8425 0 0 91.3577 
39.4091 39.4091 39.4091 39.4091 39.4091 39.4091 39.4091 39.4091 39.4091 39.4091 39.4091 39.4091 39.4091 39.4091 39.4091 39.4091 39.4091 39.4091 
1 1 1 1 1 1 1 1 1 1 1 1 1 1 1 1 1 1 
item 20
64.5776 87.8234 48.69 77.8948 0 0 0 0 73.4511 0 72.0767 0 0 83.3513 15.8496 0 0 84.5186 
66.9467 66.9467 66.9467 66.9467 66.9467 66.9467 66.9467 66.9467 66.9467 66.9467 66.9467 66.9467 66.9467 66.9467 66.9467 66.9467 66.9467 66.9467 
1 1 1 1 1 1 1 1 1 1 1 1 1 1 1 1 1 1 
item 21
22.1246 110.864 0 0 0 0 0 0 4.73433 0 0 91.0471 0 130.609 0 0 0 104.671 
55.4647 55.4647 55.4647 55.4647 55.4647 55.4647 55.4647 55.4647 55.4647 55.4647 55.4647 55.4647 55.4647 55.4647 55.4647 55.4647 55.4647 55.4647 
1 1 1 1 1 1 1 1 1 1 1 1 1 1 1 1 1 1 
item 22
76.7026 0 0 0 48.7153 0 0 80.2375 38.3395 59.8003 0 0 0 0 0 0 0 0 
46.2666 46.2666 46.2666 46.2666 46.2666 46.2666 46.2666 46.2666 46.2666 46.2666 46.2666 46.2666 46.2666 46.2666 46.2666 46.2666 46.2666 46.2666 
1 1 1 1 1 1 1 1 1 1 1 1 1 1 1 1 1 1 
item 23
55.3469 114.762 0 99.3171 0 136.329 0 81.2869 0 0 64.3773 80.5412 0 126.45 9.42366 0 0 0 
31.8121 31.8121 31.8121 31.8121 31.8121 31.8121 31.8121 31.8121 31.8121 31.8121 31.8121 31.8121 31.8121 31.8121 31.8121 31.8121 31.8121 31.8121 
1 1 1 1 1 1 1 1 1 1 1 1 1 1 1 1 1 1 
item 24
67.6455 0 25.9432 0 0 0 74.9545 0 51.1294 88.8312 0 96.8469 0 93.324 0 0 0 71.958 
26.512 26.512 26.512 26.512 26.512 26.512 26.512 26.512 26.512 26.512 26.512 26.512 26.512 26.512 26.512 26.512 26.512 26.512 
1 1 1 1 1 1 1 1 1 1 1 1 1 1 1 1 1 1 
item 25
35.0641 84.453 66.5612 103.66 62.0335 106.681 0 0 0 0 0 100.969 0 85.8269 65.8347 0 0 96.552 
49.2869 49.2869 49.2869 49.2869 49.2869 49.2869 49.2869 49.2869 49.2869 49.2869 49.2869 49.2869 49.2869 49.2869 49.2869 49.2869 49.2869 49.2869 
1 1 1 1 1 1 1 1 1 1 1 1 1 1 1 1 1 1 
item 26
30.3515 0 0 87.139 49.1996 0 0 0 66.8569 0 0 0 0 94.4628 0 112.77 32.9509 90.8544 
33.207 33.207 33.207 33.207 33.207 33.207 33.207 33.207 33.207 33.207 33.207 33.207 33.207 33.207 33.207 33.207 33.207 33.207 
1 1 1 1 1 1 1 1 1 1 1 1 1 1 1 1 1 1 
item 27
65.5637 0 34.8159 0 52.067 0 0 0 32.305 0 0 94.9025 0 128.363 0 0 0 86.1321 
76.0224 76.0224 76.0224 76.0224 76.0224 76.0224 76.0224 76.0224 76.0224 76.0224 76.0224 76.0224 76.0224 76.0224 76.0224 76.0224 76.0224 76.0224 
1 1 1 1 1 1 1 1 1 1 1 1 1 1 1 1 1 1 
item 28
43.5566 0 0 100.663 0 0 0 0 0 96.6562 0 0 55.1655 0 0 0 14.6863 0 
51.0949 51.0949 51.0949 51.0949 51.0949 51.0949 51.0949 51.0949 51.0949 51.0949 51.0949 51.0949 51.0949 51.0949 51.0949 51.0949 51.0949 51.0949 
1 1 1 1 1 1 1 1 1 1 1 1 1 1 1 1 1 1 
item 29
20.3638 0 47.149 0 39.3932 133.402 24.4796 0 68.6591 0 0 88.5179 69.946 0 0 84.5372 0 0 
68.5077 68.5077 68.5077 68.5077 68.5077 68.5077 68.5077 68.5077 68.5077 68.5077 68.5077 68.5077 68.5077 68.5077 68.5077 68.5077 68.5077 68.5077 
1 1 1 1 1 1 1 1 1 1 1 1 1 1 1 1 1 1 
item 30
50.8019 130.407 0 89.6088 0 129.972 39.0681 0 0 0 0 0 0 0 27.3296 0 54.061 86.1435 
26.8141 26.8141 26.8141 26.8141 26.8141 26.8141 26.8141 26.8141 26.8141 26.8141 26.8141 26.8141 26.8141 26.8141 26.8141 26.8141 26.8141 26.8141 
1 1 1 1 1 1 1 1 1 1 1 1 1 1 1 1 1 1 
item 31
40.7702 124.459 45.9629 0 100.118 52.2495 72.8037 83.629 64.2459 0 0 90.7009 61.2756 0 0 0 0 70.6458 
89.5579 89.5579 89.5579 89.5579 89.5579 89.5579 89.5579 89.5579 89.5579 89.5579 89.5579 89.5579 89.5579 89.5579 89.5579 89.5579 89.5579 89.5579 
1 1 1 1 1 1 1 1 1 1 1 1 1 1 1 1 1 1 
item 32
47.1949 0 0 101.977 0 73.2392 0 101.864 80.5821 0 0 0 0 145.846 0 102.128 0 0 
34.4077 34.4077 34.4077 34.4077 34.4077 34.4077 34.4077 34.4077 34.4077 34.4077 34.4077 34.4077 34.4077 34.4077 34.4077 34.4077 34.4077 34.4077 
1 1 1 1 1 1 1 1 1 1 1 1 1 1 1 1 1 1 
item 33
30.4218 104.475 0 0 57.3362 90.7469 29.6518 0 34.0803 109.015 0 0 51.6743 53.3235 84.3565 108.637 0 0 
53.1332 53.1332 53.1332 53.1332 53.1332 53.1332 53.1332 53.1332 53.1332 53.1332 53.1332 53.1332 53.1332 53.1332 53.1332 53.1332 53.1332 53.1332 
1 1 1 1 1 1 1 1 1 1 1 1 1 1 1 1 1 1 
item 34
49.4856 91.6479 64.0127 117.05 0 0 58.5957 77.03 51.0459 0 0 0 0 119.528 0 151.048 45.1152 0 
39.7067 39.7067 39.7067 39.7067 39.7067 39.7067 39.7067 39.7067 39.7067 39.7067 39.7067 39.7067 39.7067 39.7067 39.7067 39.7067 39.7067 39.7067 
1 1 1 1 1 1 1 1 1 1 1 1 1 1 1 1 1 1 
item 35
22.5496 109.514 35.6303 0 0 0 0 0 0 108.506 0 0 8.51294 109.828 57.3872 124.906 0 95.444 
66.8251 66.8251 66.8251 66.8251 66.8251 66.8251 66.8251 66.8251 66.8251 66.8251 66.8251 66.8251 66.8251 66.8251 66.8251 66.8251 66.8251 66.8251 
1 1 1 1 1 1 1 1 1 1 1 1 1 1 1 1 1 1 
item 36
57.6704 0 0 75.1118 50.509 94.1399 47.8136 0 0 119.825 30.9485 0 0 0 0 90.7827 50.0194 88.4165 
54.5131 54.5131 54.5131 54.5131 54.5131 54.5131 54.5131 54.5131 54.5131 54.5131 54.5131 54.5131 54.5131 54.5131 54.5131 54.5131 54.5131 54.5131 
1 1 1 1 1 1 1 1 1 1 1 1 1 1 1 1 1 1 
item 37
57.2467 0 0 0 61.2221 0 0 0 0 0 63.881 69.0339 0 117.788 0 0 76.8476 97.9265 
85.6791 85.6791 85.6791 85.6791 85.6791 85.6791 85.6791 85.6791 85.6791 85.6791 85.6791 85.6791 85.6791 85.6791 85.6791 85.6791 85.6791 85.6791 
1 1 1 1 1 1 1 1 1 1 1 1 1 1 1 1 1 1 
item 38
61.4072 0 0 59.5465 51.8348 70.9964 22.755 0 42.8874 0 17.1226 92.4799 0 115.163 0 0 0 0 
74.1325 74.1325 74.1325 74.1325 74.1325 74.1325 74.1325 74.1325 74.1325 74.1325 74.1325 74.1325 74.1325 74.1325 74.1325 74.1325 74.1325 74.1325 
1 1 1 1 1 1 1 1 1 1 1 1 1 1 1 1 1 1 
item 39
51.2627 0 0 106.448 0 89.1636 0 0 0 82.5714 40.9021 96.9411 0 0 51.8285 0 61.2039 0 
65.259 65.259 65.259 65.259 65.259 65.259 65.259 65.259 65.259 65.259 65.259 65.259 65.259 65.259 65.259 65.259 65.259 65.259 
1 1 1 1 1 1 1 1 1 1 1 1 1 1 1 1 1 1 
