6 20 
-6.27744e+66 93.8964 214.479 264.292 588.755 721.114 1343.92 
-6.27744e+66 -6.27744e+66 93.8964 118.803 335.112 434.381 932.624 
-6.27744e+66 -6.27744e+66 -6.27744e+66 93.8964 202.051 268.23 641.913 
-6.27744e+66 -6.27744e+66 -6.27744e+66 -6.27744e+66 93.8964 126.986 376.108 
-6.27744e+66 -6.27744e+66 -6.27744e+66 -6.27744e+66 -6.27744e+66 93.8964 218.457 
-6.27744e+66 -6.27744e+66 -6.27744e+66 -6.27744e+66 -6.27744e+66 -6.27744e+66 93.8964 
-6.27744e+66 -6.27744e+66 -6.27744e+66 -6.27744e+66 -6.27744e+66 -6.27744e+66 -6.27744e+66 
-6.27744e+66 52.0806 150.109 222.598 505.23 628.229 990.262 
-6.27744e+66 -6.27744e+66 52.0806 88.325 276.747 368.995 658.622 
-6.27744e+66 -6.27744e+66 -6.27744e+66 52.0806 146.291 207.791 425.011 
-6.27744e+66 -6.27744e+66 -6.27744e+66 -6.27744e+66 52.0806 82.8302 227.644 
-6.27744e+66 -6.27744e+66 -6.27744e+66 -6.27744e+66 -6.27744e+66 52.0806 124.487 
-6.27744e+66 -6.27744e+66 -6.27744e+66 -6.27744e+66 -6.27744e+66 -6.27744e+66 52.0806 
-6.27744e+66 -6.27744e+66 -6.27744e+66 -6.27744e+66 -6.27744e+66 -6.27744e+66 -6.27744e+66 
-6.27744e+66 75.9424 179.893 324.294 656.081 809.988 1345.02 
-6.27744e+66 -6.27744e+66 75.9424 148.143 369.334 484.764 912.793 
-6.27744e+66 -6.27744e+66 -6.27744e+66 75.9424 186.538 263.491 584.513 
-6.27744e+66 -6.27744e+66 -6.27744e+66 -6.27744e+66 75.9424 114.419 328.433 
-6.27744e+66 -6.27744e+66 -6.27744e+66 -6.27744e+66 -6.27744e+66 75.9424 182.95 
-6.27744e+66 -6.27744e+66 -6.27744e+66 -6.27744e+66 -6.27744e+66 -6.27744e+66 75.9424 
-6.27744e+66 -6.27744e+66 -6.27744e+66 -6.27744e+66 -6.27744e+66 -6.27744e+66 -6.27744e+66 
-6.27744e+66 30.4864 104.482 245.429 467.649 830.337 1330.07 
-6.27744e+66 -6.27744e+66 30.4864 100.96 249.107 521.123 920.906 
-6.27744e+66 -6.27744e+66 -6.27744e+66 30.4864 104.56 285.904 585.741 
-6.27744e+66 -6.27744e+66 -6.27744e+66 -6.27744e+66 30.4864 121.159 321.05 
-6.27744e+66 -6.27744e+66 -6.27744e+66 -6.27744e+66 -6.27744e+66 30.4864 130.432 
-6.27744e+66 -6.27744e+66 -6.27744e+66 -6.27744e+66 -6.27744e+66 -6.27744e+66 30.4864 
-6.27744e+66 -6.27744e+66 -6.27744e+66 -6.27744e+66 -6.27744e+66 -6.27744e+66 -6.27744e+66 
-6.27744e+66 59.5067 147.212 226.488 522.778 803.567 1304.84 
-6.27744e+66 -6.27744e+66 59.5067 99.1447 296.671 507.263 908.283 
-6.27744e+66 -6.27744e+66 -6.27744e+66 59.5067 158.27 298.665 599.43 
-6.27744e+66 -6.27744e+66 -6.27744e+66 -6.27744e+66 59.5067 129.704 330.214 
-6.27744e+66 -6.27744e+66 -6.27744e+66 -6.27744e+66 -6.27744e+66 59.5067 159.762 
-6.27744e+66 -6.27744e+66 -6.27744e+66 -6.27744e+66 -6.27744e+66 -6.27744e+66 59.5067 
-6.27744e+66 -6.27744e+66 -6.27744e+66 -6.27744e+66 -6.27744e+66 -6.27744e+66 -6.27744e+66 
-6.27744e+66 54.1231 135.748 214.49 509.997 536.789 1099.97 
-6.27744e+66 -6.27744e+66 54.1231 93.4939 290.498 310.593 761.14 
-6.27744e+66 -6.27744e+66 -6.27744e+66 54.1231 152.625 166.022 503.932 
-6.27744e+66 -6.27744e+66 -6.27744e+66 -6.27744e+66 54.1231 60.8212 286.095 
-6.27744e+66 -6.27744e+66 -6.27744e+66 -6.27744e+66 -6.27744e+66 54.1231 166.76 
-6.27744e+66 -6.27744e+66 -6.27744e+66 -6.27744e+66 -6.27744e+66 -6.27744e+66 54.1231 
-6.27744e+66 -6.27744e+66 -6.27744e+66 -6.27744e+66 -6.27744e+66 -6.27744e+66 -6.27744e+66 
-6.27744e+66 32.0494 143.325 285.939 596.49 816.451 1349.27 
-6.27744e+66 -6.27744e+66 32.0494 103.356 310.39 475.361 901.615 
-6.27744e+66 -6.27744e+66 -6.27744e+66 32.0494 135.566 245.547 565.238 
-6.27744e+66 -6.27744e+66 -6.27744e+66 -6.27744e+66 32.0494 87.0397 300.167 
-6.27744e+66 -6.27744e+66 -6.27744e+66 -6.27744e+66 -6.27744e+66 32.0494 138.613 
-6.27744e+66 -6.27744e+66 -6.27744e+66 -6.27744e+66 -6.27744e+66 -6.27744e+66 32.0494 
-6.27744e+66 -6.27744e+66 -6.27744e+66 -6.27744e+66 -6.27744e+66 -6.27744e+66 -6.27744e+66 
-6.27744e+66 30.6115 143.817 253.314 473.948 737.05 1197.38 
-6.27744e+66 -6.27744e+66 30.6115 85.3601 232.45 429.776 798.036 
-6.27744e+66 -6.27744e+66 -6.27744e+66 30.6115 104.156 235.707 511.902 
-6.27744e+66 -6.27744e+66 -6.27744e+66 -6.27744e+66 30.6115 96.3869 280.517 
-6.27744e+66 -6.27744e+66 -6.27744e+66 -6.27744e+66 -6.27744e+66 30.6115 122.677 
-6.27744e+66 -6.27744e+66 -6.27744e+66 -6.27744e+66 -6.27744e+66 -6.27744e+66 30.6115 
-6.27744e+66 -6.27744e+66 -6.27744e+66 -6.27744e+66 -6.27744e+66 -6.27744e+66 -6.27744e+66 
-6.27744e+66 74.2136 192.68 280.175 564.162 802.653 1235.34 
-6.27744e+66 -6.27744e+66 74.2136 117.961 307.285 486.154 832.306 
-6.27744e+66 -6.27744e+66 -6.27744e+66 74.2136 168.876 288.122 547.735 
-6.27744e+66 -6.27744e+66 -6.27744e+66 -6.27744e+66 74.2136 133.836 306.912 
-6.27744e+66 -6.27744e+66 -6.27744e+66 -6.27744e+66 -6.27744e+66 74.2136 160.751 
-6.27744e+66 -6.27744e+66 -6.27744e+66 -6.27744e+66 -6.27744e+66 -6.27744e+66 74.2136 
-6.27744e+66 -6.27744e+66 -6.27744e+66 -6.27744e+66 -6.27744e+66 -6.27744e+66 -6.27744e+66 
-6.27744e+66 49.0022 139.851 247.579 452.054 583.017 1045.25 
-6.27744e+66 -6.27744e+66 49.0022 102.866 239.183 337.405 707.189 
-6.27744e+66 -6.27744e+66 -6.27744e+66 49.0022 117.16 182.642 459.98 
-6.27744e+66 -6.27744e+66 -6.27744e+66 -6.27744e+66 49.0022 81.743 266.635 
-6.27744e+66 -6.27744e+66 -6.27744e+66 -6.27744e+66 -6.27744e+66 49.0022 141.448 
-6.27744e+66 -6.27744e+66 -6.27744e+66 -6.27744e+66 -6.27744e+66 -6.27744e+66 49.0022 
-6.27744e+66 -6.27744e+66 -6.27744e+66 -6.27744e+66 -6.27744e+66 -6.27744e+66 -6.27744e+66 
-6.27744e+66 58.4343 178.374 326.436 567.268 763.905 1237.42 
-6.27744e+66 -6.27744e+66 58.4343 132.465 293.021 440.498 819.307 
-6.27744e+66 -6.27744e+66 -6.27744e+66 58.4343 138.712 237.03 521.137 
-6.27744e+66 -6.27744e+66 -6.27744e+66 -6.27744e+66 58.4343 107.593 296.998 
-6.27744e+66 -6.27744e+66 -6.27744e+66 -6.27744e+66 -6.27744e+66 58.4343 153.137 
-6.27744e+66 -6.27744e+66 -6.27744e+66 -6.27744e+66 -6.27744e+66 -6.27744e+66 58.4343 
-6.27744e+66 -6.27744e+66 -6.27744e+66 -6.27744e+66 -6.27744e+66 -6.27744e+66 -6.27744e+66 
-6.27744e+66 70.0864 153.673 307.323 683.158 1013.17 1405.72 
-6.27744e+66 -6.27744e+66 70.0864 146.912 397.468 644.978 959.015 
-6.27744e+66 -6.27744e+66 -6.27744e+66 70.0864 195.365 360.371 595.899 
-6.27744e+66 -6.27744e+66 -6.27744e+66 -6.27744e+66 70.0864 152.59 309.608 
-6.27744e+66 -6.27744e+66 -6.27744e+66 -6.27744e+66 -6.27744e+66 70.0864 148.595 
-6.27744e+66 -6.27744e+66 -6.27744e+66 -6.27744e+66 -6.27744e+66 -6.27744e+66 70.0864 
-6.27744e+66 -6.27744e+66 -6.27744e+66 -6.27744e+66 -6.27744e+66 -6.27744e+66 -6.27744e+66 
-6.27744e+66 67.2309 167.088 280.688 454.288 560.382 1101.28 
-6.27744e+66 -6.27744e+66 67.2309 124.031 239.764 319.335 752.055 
-6.27744e+66 -6.27744e+66 -6.27744e+66 67.2309 125.097 178.145 502.685 
-6.27744e+66 -6.27744e+66 -6.27744e+66 -6.27744e+66 67.2309 93.7545 310.115 
-6.27744e+66 -6.27744e+66 -6.27744e+66 -6.27744e+66 -6.27744e+66 67.2309 175.411 
-6.27744e+66 -6.27744e+66 -6.27744e+66 -6.27744e+66 -6.27744e+66 -6.27744e+66 67.2309 
-6.27744e+66 -6.27744e+66 -6.27744e+66 -6.27744e+66 -6.27744e+66 -6.27744e+66 -6.27744e+66 
-6.27744e+66 92.1778 163.498 260.514 688.811 940.81 1504.1 
-6.27744e+66 -6.27744e+66 92.1778 140.685 426.217 615.216 1065.85 
-6.27744e+66 -6.27744e+66 -6.27744e+66 92.1778 234.943 360.943 698.916 
-6.27744e+66 -6.27744e+66 -6.27744e+66 -6.27744e+66 92.1778 155.178 380.493 
-6.27744e+66 -6.27744e+66 -6.27744e+66 -6.27744e+66 -6.27744e+66 92.1778 204.835 
-6.27744e+66 -6.27744e+66 -6.27744e+66 -6.27744e+66 -6.27744e+66 -6.27744e+66 92.1778 
-6.27744e+66 -6.27744e+66 -6.27744e+66 -6.27744e+66 -6.27744e+66 -6.27744e+66 -6.27744e+66 
-6.27744e+66 67.8029 199.145 278.34 546.351 809.349 1245.52 
-6.27744e+66 -6.27744e+66 67.8029 107.4 286.074 483.323 832.261 
-6.27744e+66 -6.27744e+66 -6.27744e+66 67.8029 157.14 288.639 550.342 
-6.27744e+66 -6.27744e+66 -6.27744e+66 -6.27744e+66 67.8029 133.552 308.021 
-6.27744e+66 -6.27744e+66 -6.27744e+66 -6.27744e+66 -6.27744e+66 67.8029 155.037 
-6.27744e+66 -6.27744e+66 -6.27744e+66 -6.27744e+66 -6.27744e+66 -6.27744e+66 67.8029 
-6.27744e+66 -6.27744e+66 -6.27744e+66 -6.27744e+66 -6.27744e+66 -6.27744e+66 -6.27744e+66 
-6.27744e+66 47.4197 148.124 254.311 474.369 615.181 1228.03 
-6.27744e+66 -6.27744e+66 47.4197 100.513 247.218 352.828 843.11 
-6.27744e+66 -6.27744e+66 -6.27744e+66 47.4197 120.772 191.179 558.891 
-6.27744e+66 -6.27744e+66 -6.27744e+66 -6.27744e+66 47.4197 82.6229 327.764 
-6.27744e+66 -6.27744e+66 -6.27744e+66 -6.27744e+66 -6.27744e+66 47.4197 169.99 
-6.27744e+66 -6.27744e+66 -6.27744e+66 -6.27744e+66 -6.27744e+66 -6.27744e+66 47.4197 
-6.27744e+66 -6.27744e+66 -6.27744e+66 -6.27744e+66 -6.27744e+66 -6.27744e+66 -6.27744e+66 
-6.27744e+66 102.511 172.87 290.702 702.661 1006.46 1482.23 
-6.27744e+66 -6.27744e+66 102.511 161.427 436.066 663.916 1044.53 
-6.27744e+66 -6.27744e+66 -6.27744e+66 102.511 239.831 391.731 677.194 
-6.27744e+66 -6.27744e+66 -6.27744e+66 -6.27744e+66 102.511 178.461 368.769 
-6.27744e+66 -6.27744e+66 -6.27744e+66 -6.27744e+66 -6.27744e+66 102.511 197.665 
-6.27744e+66 -6.27744e+66 -6.27744e+66 -6.27744e+66 -6.27744e+66 -6.27744e+66 102.511 
-6.27744e+66 -6.27744e+66 -6.27744e+66 -6.27744e+66 -6.27744e+66 -6.27744e+66 -6.27744e+66 
-6.27744e+66 72.0427 188.822 281.907 462.821 603.225 1098.07 
-6.27744e+66 -6.27744e+66 72.0427 118.585 239.194 344.498 740.374 
-6.27744e+66 -6.27744e+66 -6.27744e+66 72.0427 132.347 202.55 499.457 
-6.27744e+66 -6.27744e+66 -6.27744e+66 -6.27744e+66 72.0427 107.144 305.082 
-6.27744e+66 -6.27744e+66 -6.27744e+66 -6.27744e+66 -6.27744e+66 72.0427 171.012 
-6.27744e+66 -6.27744e+66 -6.27744e+66 -6.27744e+66 -6.27744e+66 -6.27744e+66 72.0427 
-6.27744e+66 -6.27744e+66 -6.27744e+66 -6.27744e+66 -6.27744e+66 -6.27744e+66 -6.27744e+66 
-6.27744e+66 72.2288 180.25 336.871 660.85 821.448 1391.83 
-6.27744e+66 -6.27744e+66 72.2288 150.539 366.525 486.974 943.279 
-6.27744e+66 -6.27744e+66 -6.27744e+66 72.2288 180.222 260.521 602.749 
-6.27744e+66 -6.27744e+66 -6.27744e+66 -6.27744e+66 72.2288 112.378 340.531 
-6.27744e+66 -6.27744e+66 -6.27744e+66 -6.27744e+66 -6.27744e+66 72.2288 186.305 
-6.27744e+66 -6.27744e+66 -6.27744e+66 -6.27744e+66 -6.27744e+66 -6.27744e+66 72.2288 
-6.27744e+66 -6.27744e+66 -6.27744e+66 -6.27744e+66 -6.27744e+66 -6.27744e+66 -6.27744e+66 
-6.27744e+66 75.0829 138.374 256.217 635.115 811.143 1308.9 
-6.27744e+66 -6.27744e+66 75.0829 134.005 386.603 518.624 916.833 
-6.27744e+66 -6.27744e+66 -6.27744e+66 75.0829 201.382 289.396 588.053 
-6.27744e+66 -6.27744e+66 -6.27744e+66 -6.27744e+66 75.0829 119.09 318.194 
-6.27744e+66 -6.27744e+66 -6.27744e+66 -6.27744e+66 -6.27744e+66 75.0829 174.635 
-6.27744e+66 -6.27744e+66 -6.27744e+66 -6.27744e+66 -6.27744e+66 -6.27744e+66 75.0829 
-6.27744e+66 -6.27744e+66 -6.27744e+66 -6.27744e+66 -6.27744e+66 -6.27744e+66 -6.27744e+66 
