24 10 
997.548 997.548 997.548 997.548 997.548 997.548 997.548 997.548 997.548 997.548 997.548 997.548 997.548 997.548 997.548 997.548 997.548 997.548 997.548 997.548 997.548 997.548 997.548 997.548 
item 0
67.6913 0 0 0 40.0305 92.8654 0 86.2915 0 0 0 98.6015 51.9757 0 0 0 0 144.643 0 117.357 0 0 10.108 85.4104 
64.6012 64.6012 64.6012 64.6012 64.6012 64.6012 64.6012 64.6012 64.6012 64.6012 64.6012 64.6012 64.6012 64.6012 64.6012 64.6012 64.6012 64.6012 64.6012 64.6012 64.6012 64.6012 64.6012 64.6012 
1 1 1 1 1 1 1 1 1 1 1 1 1 1 1 1 1 1 1 1 1 1 1 1 
item 1
71.1213 0 53.2525 97.2756 0 0 34.8732 83.6992 109.965 119.909 44.2652 0 68.4565 71.3426 69.1656 97.6932 84.1618 0 27.8916 105.914 0 0 71.0859 0 
34.7121 34.7121 34.7121 34.7121 34.7121 34.7121 34.7121 34.7121 34.7121 34.7121 34.7121 34.7121 34.7121 34.7121 34.7121 34.7121 34.7121 34.7121 34.7121 34.7121 34.7121 34.7121 34.7121 34.7121 
1 1 1 1 1 1 1 1 1 1 1 1 1 1 1 1 1 1 1 1 1 1 1 1 
item 2
55.5262 0 0 69.6636 26.8142 0 62.7942 95.8814 0 0 0 0 0 117.757 26.3587 0 82.7421 91.1345 32.1262 80.9428 0 89.7683 0 0 
99.3388 99.3388 99.3388 99.3388 99.3388 99.3388 99.3388 99.3388 99.3388 99.3388 99.3388 99.3388 99.3388 99.3388 99.3388 99.3388 99.3388 99.3388 99.3388 99.3388 99.3388 99.3388 99.3388 99.3388 
1 1 1 1 1 1 1 1 1 1 1 1 1 1 1 1 1 1 1 1 1 1 1 1 
item 3
37.5171 0 0 0 0 82.0512 0 110.692 74.74 101.809 76.4224 0 0 91.7081 24.0415 0 0 0 0 67.4125 0 0 58.2031 0 
61.799 61.799 61.799 61.799 61.799 61.799 61.799 61.799 61.799 61.799 61.799 61.799 61.799 61.799 61.799 61.799 61.799 61.799 61.799 61.799 61.799 61.799 61.799 61.799 
1 1 1 1 1 1 1 1 1 1 1 1 1 1 1 1 1 1 1 1 1 1 1 1 
item 4
59.3627 94.0881 0 0 0 0 56.8892 121.526 60.4116 86.834 0 120.287 0 93.6105 0 106.053 0 0 0 0 0 0 32.7179 81.1723 
60.5879 60.5879 60.5879 60.5879 60.5879 60.5879 60.5879 60.5879 60.5879 60.5879 60.5879 60.5879 60.5879 60.5879 60.5879 60.5879 60.5879 60.5879 60.5879 60.5879 60.5879 60.5879 60.5879 60.5879 
1 1 1 1 1 1 1 1 1 1 1 1 1 1 1 1 1 1 1 1 1 1 1 1 
item 5
69.3074 0 0 112.188 0 0 35.5133 92.203 60.8751 115.827 70.245 102.124 30.3214 0 37.1666 0 44.4107 0 0 110.569 24.5755 0 33.4309 98.902 
35.941 35.941 35.941 35.941 35.941 35.941 35.941 35.941 35.941 35.941 35.941 35.941 35.941 35.941 35.941 35.941 35.941 35.941 35.941 35.941 35.941 35.941 35.941 35.941 
1 1 1 1 1 1 1 1 1 1 1 1 1 1 1 1 1 1 1 1 1 1 1 1 
item 6
37.1121 0 0 122.355 0 103.583 36.7979 0 53.6735 0 47.0216 87.5876 55.8213 0 0 0 21.9425 106.209 0 0 25.2183 0 0 0 
45.7492 45.7492 45.7492 45.7492 45.7492 45.7492 45.7492 45.7492 45.7492 45.7492 45.7492 45.7492 45.7492 45.7492 45.7492 45.7492 45.7492 45.7492 45.7492 45.7492 45.7492 45.7492 45.7492 45.7492 
1 1 1 1 1 1 1 1 1 1 1 1 1 1 1 1 1 1 1 1 1 1 1 1 
item 7
64.7758 132.063 69.4829 0 0 94.4107 61.5481 116.989 0 0 66.6118 0 53.0166 0 0 0 44.8801 0 56.2828 98.8964 0 125.002 0 85.1499 
37.7669 37.7669 37.7669 37.7669 37.7669 37.7669 37.7669 37.7669 37.7669 37.7669 37.7669 37.7669 37.7669 37.7669 37.7669 37.7669 37.7669 37.7669 37.7669 37.7669 37.7669 37.7669 37.7669 37.7669 
1 1 1 1 1 1 1 1 1 1 1 1 1 1 1 1 1 1 1 1 1 1 1 1 
item 8
13.8039 0 0 116.375 0 0 79.5737 0 0 93.8839 0 0 43.6518 121.004 64.1483 0 72.4675 140.026 0 68.5469 0 96.1862 75.3903 95.669 
56.9959 56.9959 56.9959 56.9959 56.9959 56.9959 56.9959 56.9959 56.9959 56.9959 56.9959 56.9959 56.9959 56.9959 56.9959 56.9959 56.9959 56.9959 56.9959 56.9959 56.9959 56.9959 56.9959 56.9959 
1 1 1 1 1 1 1 1 1 1 1 1 1 1 1 1 1 1 1 1 1 1 1 1 
item 9
74.9049 0 56.0413 95.7153 0 0 0 112.69 61.3743 90.0281 0 0 55.3423 121.183 60.2787 84.7495 36.5926 0 63.5023 0 55.1259 0 0 92.1874 
34.6627 34.6627 34.6627 34.6627 34.6627 34.6627 34.6627 34.6627 34.6627 34.6627 34.6627 34.6627 34.6627 34.6627 34.6627 34.6627 34.6627 34.6627 34.6627 34.6627 34.6627 34.6627 34.6627 34.6627 
1 1 1 1 1 1 1 1 1 1 1 1 1 1 1 1 1 1 1 1 1 1 1 1 
