18 5 
-6.27744e+66 36.8326 163.948 245.19 527.896 775.874 1287.14 1723.43 2302.71 2461.49 3332.56 3797.38 4955.66 5374.47 6714.5 7079.21 8662.38 9068.24 11113.3 
-6.27744e+66 -6.27744e+66 36.8326 77.4537 265.924 451.908 860.924 1224.49 1721.02 1859.95 2634.24 3052.58 4105.56 4489.46 5726.42 6065.07 7542.7 7923.2 9847.96 
-6.27744e+66 -6.27744e+66 -6.27744e+66 36.8326 131.068 255.057 561.819 852.673 1266.45 1385.53 2063.03 2434.89 3382.57 3731.58 4865.45 5178.06 6550.14 6905.27 8709.73 
-6.27744e+66 -6.27744e+66 -6.27744e+66 -6.27744e+66 36.8326 98.8272 303.335 521.476 852.495 951.731 1532.45 1857.82 2700.21 3014.31 4045.11 4331.66 5598.2 5927.96 7612.13 
-6.27744e+66 -6.27744e+66 -6.27744e+66 -6.27744e+66 -6.27744e+66 36.8326 139.087 284.514 532.778 612.167 1096.1 1374.99 2112.08 2391.28 3319 3579.5 4740.49 5044.89 6608.76 
-6.27744e+66 -6.27744e+66 -6.27744e+66 -6.27744e+66 -6.27744e+66 -6.27744e+66 36.8326 109.546 275.056 334.597 721.742 954.15 1585.94 1830.24 2654.88 2889.33 3944.78 4223.81 5667.38 
-6.27744e+66 -6.27744e+66 -6.27744e+66 -6.27744e+66 -6.27744e+66 -6.27744e+66 -6.27744e+66 36.8326 119.587 159.282 449.64 635.567 1162.06 1371.46 2093.02 2301.42 3251.32 3504.99 4828.26 
-6.27744e+66 -6.27744e+66 -6.27744e+66 -6.27744e+66 -6.27744e+66 -6.27744e+66 -6.27744e+66 -6.27744e+66 36.8326 56.6798 250.252 389.697 810.891 985.393 1603.87 1786.22 2630.58 2858.88 4061.86 
-6.27744e+66 -6.27744e+66 -6.27744e+66 -6.27744e+66 -6.27744e+66 -6.27744e+66 -6.27744e+66 -6.27744e+66 -6.27744e+66 36.8326 133.619 226.582 542.477 682.079 1197.48 1353.78 2092.59 2295.53 3378.2 
-6.27744e+66 -6.27744e+66 -6.27744e+66 -6.27744e+66 -6.27744e+66 -6.27744e+66 -6.27744e+66 -6.27744e+66 -6.27744e+66 -6.27744e+66 36.8326 83.3142 293.911 398.613 810.932 941.182 1574.45 1752.02 2714.4 
-6.27744e+66 -6.27744e+66 -6.27744e+66 -6.27744e+66 -6.27744e+66 -6.27744e+66 -6.27744e+66 -6.27744e+66 -6.27744e+66 -6.27744e+66 -6.27744e+66 36.8326 142.131 211.932 521.171 625.372 1153.1 1305.3 2147.38 
-6.27744e+66 -6.27744e+66 -6.27744e+66 -6.27744e+66 -6.27744e+66 -6.27744e+66 -6.27744e+66 -6.27744e+66 -6.27744e+66 -6.27744e+66 -6.27744e+66 -6.27744e+66 36.8326 71.733 277.893 356.043 778.222 905.055 1626.84 
-6.27744e+66 -6.27744e+66 -6.27744e+66 -6.27744e+66 -6.27744e+66 -6.27744e+66 -6.27744e+66 -6.27744e+66 -6.27744e+66 -6.27744e+66 -6.27744e+66 -6.27744e+66 -6.27744e+66 36.8326 139.912 192.013 508.647 610.114 1211.6 
-6.27744e+66 -6.27744e+66 -6.27744e+66 -6.27744e+66 -6.27744e+66 -6.27744e+66 -6.27744e+66 -6.27744e+66 -6.27744e+66 -6.27744e+66 -6.27744e+66 -6.27744e+66 -6.27744e+66 -6.27744e+66 36.8326 62.8827 273.972 350.072 831.262 
-6.27744e+66 -6.27744e+66 -6.27744e+66 -6.27744e+66 -6.27744e+66 -6.27744e+66 -6.27744e+66 -6.27744e+66 -6.27744e+66 -6.27744e+66 -6.27744e+66 -6.27744e+66 -6.27744e+66 -6.27744e+66 -6.27744e+66 36.8326 142.377 193.111 554.003 
-6.27744e+66 -6.27744e+66 -6.27744e+66 -6.27744e+66 -6.27744e+66 -6.27744e+66 -6.27744e+66 -6.27744e+66 -6.27744e+66 -6.27744e+66 -6.27744e+66 -6.27744e+66 -6.27744e+66 -6.27744e+66 -6.27744e+66 -6.27744e+66 36.8326 62.1993 302.794 
-6.27744e+66 -6.27744e+66 -6.27744e+66 -6.27744e+66 -6.27744e+66 -6.27744e+66 -6.27744e+66 -6.27744e+66 -6.27744e+66 -6.27744e+66 -6.27744e+66 -6.27744e+66 -6.27744e+66 -6.27744e+66 -6.27744e+66 -6.27744e+66 -6.27744e+66 36.8326 157.13 
-6.27744e+66 -6.27744e+66 -6.27744e+66 -6.27744e+66 -6.27744e+66 -6.27744e+66 -6.27744e+66 -6.27744e+66 -6.27744e+66 -6.27744e+66 -6.27744e+66 -6.27744e+66 -6.27744e+66 -6.27744e+66 -6.27744e+66 -6.27744e+66 -6.27744e+66 -6.27744e+66 36.8326 
-6.27744e+66 -6.27744e+66 -6.27744e+66 -6.27744e+66 -6.27744e+66 -6.27744e+66 -6.27744e+66 -6.27744e+66 -6.27744e+66 -6.27744e+66 -6.27744e+66 -6.27744e+66 -6.27744e+66 -6.27744e+66 -6.27744e+66 -6.27744e+66 -6.27744e+66 -6.27744e+66 -6.27744e+66 
-6.27744e+66 35.2581 97.8658 146.545 367.314 548.142 951.784 1440.26 2321.05 2767.45 3481.66 4033.3 4621.59 5040.77 6357.78 7251.8 8772.85 9447.32 11040.8 
-6.27744e+66 -6.27744e+66 35.2581 59.5979 206.777 342.398 665.312 1072.38 1827.33 2217.94 2852.79 3349.27 3884.07 4268.33 5484.03 6314.19 7733.84 8366.15 9865.88 
-6.27744e+66 -6.27744e+66 -6.27744e+66 35.2581 108.848 199.262 441.447 767.099 1396.23 1731.04 2286.53 2727.84 3209.17 3558.49 4672.88 5439.18 6757.43 7347.58 8753.59 
-6.27744e+66 -6.27744e+66 -6.27744e+66 -6.27744e+66 35.2581 80.4651 241.922 486.161 989.466 1268.47 1744.61 2130.75 2558.6 2872.99 3886.07 4588.52 5805.36 6353.36 7665.63 
-6.27744e+66 -6.27744e+66 -6.27744e+66 -6.27744e+66 -6.27744e+66 35.2581 115.987 278.813 656.292 879.495 1276.28 1607.26 1981.62 2261.08 3172.86 3811.44 4926.88 5432.73 6651.27 
-6.27744e+66 -6.27744e+66 -6.27744e+66 -6.27744e+66 -6.27744e+66 -6.27744e+66 35.2581 116.671 368.324 535.727 853.153 1128.97 1449.86 1694.38 2504.85 3079.57 4093.61 4557.3 5682.11 
-6.27744e+66 -6.27744e+66 -6.27744e+66 -6.27744e+66 -6.27744e+66 -6.27744e+66 -6.27744e+66 35.2581 161.084 272.686 510.756 731.41 998.814 1208.41 1917.56 2428.43 3341.06 3762.6 4793.67 
-6.27744e+66 -6.27744e+66 -6.27744e+66 -6.27744e+66 -6.27744e+66 -6.27744e+66 -6.27744e+66 -6.27744e+66 35.2581 91.0591 249.772 415.262 629.186 803.847 1411.7 1858.71 2669.93 3049.32 3986.66 
-6.27744e+66 -6.27744e+66 -6.27744e+66 -6.27744e+66 -6.27744e+66 -6.27744e+66 -6.27744e+66 -6.27744e+66 -6.27744e+66 35.2581 114.615 224.942 385.384 525.113 1031.65 1414.81 2124.63 2461.86 3305.46 
-6.27744e+66 -6.27744e+66 -6.27744e+66 -6.27744e+66 -6.27744e+66 -6.27744e+66 -6.27744e+66 -6.27744e+66 -6.27744e+66 -6.27744e+66 35.2581 90.4215 197.383 302.18 707.413 1026.71 1635.13 1930.2 2680.07 
-6.27744e+66 -6.27744e+66 -6.27744e+66 -6.27744e+66 -6.27744e+66 -6.27744e+66 -6.27744e+66 -6.27744e+66 -6.27744e+66 -6.27744e+66 -6.27744e+66 35.2581 88.7389 158.603 462.528 717.963 1224.98 1477.9 2134.04 
-6.27744e+66 -6.27744e+66 -6.27744e+66 -6.27744e+66 -6.27744e+66 -6.27744e+66 -6.27744e+66 -6.27744e+66 -6.27744e+66 -6.27744e+66 -6.27744e+66 -6.27744e+66 35.2581 70.1903 272.807 464.383 869.996 1080.77 1643.17 
-6.27744e+66 -6.27744e+66 -6.27744e+66 -6.27744e+66 -6.27744e+66 -6.27744e+66 -6.27744e+66 -6.27744e+66 -6.27744e+66 -6.27744e+66 -6.27744e+66 -6.27744e+66 -6.27744e+66 35.2581 136.566 264.284 568.494 737.11 1205.78 
-6.27744e+66 -6.27744e+66 -6.27744e+66 -6.27744e+66 -6.27744e+66 -6.27744e+66 -6.27744e+66 -6.27744e+66 -6.27744e+66 -6.27744e+66 -6.27744e+66 -6.27744e+66 -6.27744e+66 -6.27744e+66 35.2581 99.1168 301.923 428.385 803.32 
-6.27744e+66 -6.27744e+66 -6.27744e+66 -6.27744e+66 -6.27744e+66 -6.27744e+66 -6.27744e+66 -6.27744e+66 -6.27744e+66 -6.27744e+66 -6.27744e+66 -6.27744e+66 -6.27744e+66 -6.27744e+66 -6.27744e+66 35.2581 136.661 220.969 502.17 
-6.27744e+66 -6.27744e+66 -6.27744e+66 -6.27744e+66 -6.27744e+66 -6.27744e+66 -6.27744e+66 -6.27744e+66 -6.27744e+66 -6.27744e+66 -6.27744e+66 -6.27744e+66 -6.27744e+66 -6.27744e+66 -6.27744e+66 -6.27744e+66 35.2581 77.4121 264.879 
-6.27744e+66 -6.27744e+66 -6.27744e+66 -6.27744e+66 -6.27744e+66 -6.27744e+66 -6.27744e+66 -6.27744e+66 -6.27744e+66 -6.27744e+66 -6.27744e+66 -6.27744e+66 -6.27744e+66 -6.27744e+66 -6.27744e+66 -6.27744e+66 -6.27744e+66 35.2581 128.992 
-6.27744e+66 -6.27744e+66 -6.27744e+66 -6.27744e+66 -6.27744e+66 -6.27744e+66 -6.27744e+66 -6.27744e+66 -6.27744e+66 -6.27744e+66 -6.27744e+66 -6.27744e+66 -6.27744e+66 -6.27744e+66 -6.27744e+66 -6.27744e+66 -6.27744e+66 -6.27744e+66 35.2581 
-6.27744e+66 -6.27744e+66 -6.27744e+66 -6.27744e+66 -6.27744e+66 -6.27744e+66 -6.27744e+66 -6.27744e+66 -6.27744e+66 -6.27744e+66 -6.27744e+66 -6.27744e+66 -6.27744e+66 -6.27744e+66 -6.27744e+66 -6.27744e+66 -6.27744e+66 -6.27744e+66 -6.27744e+66 
-6.27744e+66 42.0822 139.309 206.761 516.819 728.786 1357.34 1676.25 2506.02 2653.38 3658.69 4470.91 5883.47 6655.9 8248.4 8774.67 10803 11286.8 13102.4 
-6.27744e+66 -6.27744e+66 42.0822 75.808 282.513 441.489 944.329 1210.09 1921.32 2050.27 2943.87 3674.87 4959.01 5667.07 7137.08 7625.75 9518.87 9972.4 11681.2 
-6.27744e+66 -6.27744e+66 -6.27744e+66 42.0822 145.435 251.419 628.549 841.155 1433.85 1544.37 2326.28 2976.05 4131.79 4775.47 6122.98 6574.06 8331.96 8755.25 10357.3 
-6.27744e+66 -6.27744e+66 -6.27744e+66 -6.27744e+66 42.0822 95.074 346.494 505.949 980.107 1072.21 1742.41 2310.97 3338.28 3917.6 5142.61 5556.1 7178.77 7571.83 9067.07 
-6.27744e+66 -6.27744e+66 -6.27744e+66 -6.27744e+66 -6.27744e+66 42.0822 167.792 274.095 629.714 703.395 1261.9 1749.23 2648.13 3163.08 4265.59 4641.49 6128.94 6491.76 7880.2 
-6.27744e+66 -6.27744e+66 -6.27744e+66 -6.27744e+66 -6.27744e+66 -6.27744e+66 42.0822 95.2338 332.313 387.574 834.377 1240.49 2010.97 2461.56 3441.56 3779.87 5132.1 5464.69 6746.32 
-6.27744e+66 -6.27744e+66 -6.27744e+66 -6.27744e+66 -6.27744e+66 -6.27744e+66 -6.27744e+66 42.0822 160.622 197.462 532.565 857.452 1499.53 1885.74 2743.24 3043.96 4260.97 4563.32 5738.15 
-6.27744e+66 -6.27744e+66 -6.27744e+66 -6.27744e+66 -6.27744e+66 -6.27744e+66 -6.27744e+66 -6.27744e+66 42.0822 60.5026 283.904 527.569 1041.23 1363.07 2098.07 2361.21 3442.99 3715.11 4783.13 
-6.27744e+66 -6.27744e+66 -6.27744e+66 -6.27744e+66 -6.27744e+66 -6.27744e+66 -6.27744e+66 -6.27744e+66 -6.27744e+66 42.0822 153.783 316.226 701.47 958.946 1571.45 1796.99 2743.55 2985.43 3946.65 
-6.27744e+66 -6.27744e+66 -6.27744e+66 -6.27744e+66 -6.27744e+66 -6.27744e+66 -6.27744e+66 -6.27744e+66 -6.27744e+66 -6.27744e+66 42.0822 123.304 380.133 573.24 1063.24 1251.19 2062.53 2274.18 3128.6 
-6.27744e+66 -6.27744e+66 -6.27744e+66 -6.27744e+66 -6.27744e+66 -6.27744e+66 -6.27744e+66 -6.27744e+66 -6.27744e+66 -6.27744e+66 -6.27744e+66 42.0822 170.497 299.235 666.736 817.098 1493.21 1674.62 2422.24 
-6.27744e+66 -6.27744e+66 -6.27744e+66 -6.27744e+66 -6.27744e+66 -6.27744e+66 -6.27744e+66 -6.27744e+66 -6.27744e+66 -6.27744e+66 -6.27744e+66 -6.27744e+66 42.0822 106.451 351.452 464.223 1005.11 1156.29 1797.11 
-6.27744e+66 -6.27744e+66 -6.27744e+66 -6.27744e+66 -6.27744e+66 -6.27744e+66 -6.27744e+66 -6.27744e+66 -6.27744e+66 -6.27744e+66 -6.27744e+66 -6.27744e+66 -6.27744e+66 42.0822 164.583 239.764 645.432 766.373 1300.39 
-6.27744e+66 -6.27744e+66 -6.27744e+66 -6.27744e+66 -6.27744e+66 -6.27744e+66 -6.27744e+66 -6.27744e+66 -6.27744e+66 -6.27744e+66 -6.27744e+66 -6.27744e+66 -6.27744e+66 -6.27744e+66 42.0822 79.6726 350.118 440.824 868.034 
-6.27744e+66 -6.27744e+66 -6.27744e+66 -6.27744e+66 -6.27744e+66 -6.27744e+66 -6.27744e+66 -6.27744e+66 -6.27744e+66 -6.27744e+66 -6.27744e+66 -6.27744e+66 -6.27744e+66 -6.27744e+66 -6.27744e+66 42.0822 177.305 237.775 558.183 
-6.27744e+66 -6.27744e+66 -6.27744e+66 -6.27744e+66 -6.27744e+66 -6.27744e+66 -6.27744e+66 -6.27744e+66 -6.27744e+66 -6.27744e+66 -6.27744e+66 -6.27744e+66 -6.27744e+66 -6.27744e+66 -6.27744e+66 -6.27744e+66 42.0822 72.3174 285.922 
-6.27744e+66 -6.27744e+66 -6.27744e+66 -6.27744e+66 -6.27744e+66 -6.27744e+66 -6.27744e+66 -6.27744e+66 -6.27744e+66 -6.27744e+66 -6.27744e+66 -6.27744e+66 -6.27744e+66 -6.27744e+66 -6.27744e+66 -6.27744e+66 -6.27744e+66 42.0822 148.885 
-6.27744e+66 -6.27744e+66 -6.27744e+66 -6.27744e+66 -6.27744e+66 -6.27744e+66 -6.27744e+66 -6.27744e+66 -6.27744e+66 -6.27744e+66 -6.27744e+66 -6.27744e+66 -6.27744e+66 -6.27744e+66 -6.27744e+66 -6.27744e+66 -6.27744e+66 -6.27744e+66 42.0822 
-6.27744e+66 -6.27744e+66 -6.27744e+66 -6.27744e+66 -6.27744e+66 -6.27744e+66 -6.27744e+66 -6.27744e+66 -6.27744e+66 -6.27744e+66 -6.27744e+66 -6.27744e+66 -6.27744e+66 -6.27744e+66 -6.27744e+66 -6.27744e+66 -6.27744e+66 -6.27744e+66 -6.27744e+66 
-6.27744e+66 71.3429 177.469 316.712 621.746 855.681 1235 1699.37 2549.79 2971.71 3822.52 4613.43 5880.52 6734.17 8163.56 8617.85 10268.9 11434 12944.5 
-6.27744e+66 -6.27744e+66 71.3429 140.964 344.32 519.772 823.228 1210.2 1939.13 2308.31 3064.59 3776.41 4928.31 5710.82 7030.26 7452.1 8993.12 10085.4 11507 
-6.27744e+66 -6.27744e+66 -6.27744e+66 71.3429 173.021 289.988 517.581 827.16 1434.6 1751.04 2412.78 3045.51 4082.22 4793.6 6003.08 6392.47 7823.42 8842.87 10175.6 
-6.27744e+66 -6.27744e+66 -6.27744e+66 -6.27744e+66 71.3429 129.827 281.555 513.74 999.694 1263.39 1830.6 2384.24 3305.76 3946 5045.53 5402.47 6723.34 7669.98 8913.9 
-6.27744e+66 -6.27744e+66 -6.27744e+66 -6.27744e+66 -6.27744e+66 71.3429 147.207 301.997 666.463 877.422 1350.09 1824.64 2630.97 3200.07 4189.65 4514.14 5724.94 6598.76 7753.83 
-6.27744e+66 -6.27744e+66 -6.27744e+66 -6.27744e+66 -6.27744e+66 -6.27744e+66 71.3429 148.738 391.715 549.934 928.072 1323.53 2014.67 2512.63 3392.26 3684.3 4785.03 5586.03 6652.24 
-6.27744e+66 -6.27744e+66 -6.27744e+66 -6.27744e+66 -6.27744e+66 -6.27744e+66 -6.27744e+66 71.3429 192.831 298.311 581.915 898.277 1474.23 1901.05 2670.73 2930.32 3920.98 4649.16 5626.52 
-6.27744e+66 -6.27744e+66 -6.27744e+66 -6.27744e+66 -6.27744e+66 -6.27744e+66 -6.27744e+66 -6.27744e+66 71.3429 124.083 313.152 550.424 1011.18 1366.87 2026.59 2253.74 3134.32 3789.68 4678.2 
-6.27744e+66 -6.27744e+66 -6.27744e+66 -6.27744e+66 -6.27744e+66 -6.27744e+66 -6.27744e+66 -6.27744e+66 -6.27744e+66 71.3429 165.877 324.059 669.629 954.18 1503.95 1698.64 2469.15 3051.7 3851.36 
-6.27744e+66 -6.27744e+66 -6.27744e+66 -6.27744e+66 -6.27744e+66 -6.27744e+66 -6.27744e+66 -6.27744e+66 -6.27744e+66 -6.27744e+66 71.3429 150.434 380.814 594.227 1034.04 1196.29 1856.72 2366.45 3077.26 
-6.27744e+66 -6.27744e+66 -6.27744e+66 -6.27744e+66 -6.27744e+66 -6.27744e+66 -6.27744e+66 -6.27744e+66 -6.27744e+66 -6.27744e+66 -6.27744e+66 71.3429 186.533 328.808 658.668 788.465 1338.83 1775.74 2397.7 
-6.27744e+66 -6.27744e+66 -6.27744e+66 -6.27744e+66 -6.27744e+66 -6.27744e+66 -6.27744e+66 -6.27744e+66 -6.27744e+66 -6.27744e+66 -6.27744e+66 -6.27744e+66 71.3429 142.481 362.387 459.735 900.026 1264.12 1797.23 
-6.27744e+66 -6.27744e+66 -6.27744e+66 -6.27744e+66 -6.27744e+66 -6.27744e+66 -6.27744e+66 -6.27744e+66 -6.27744e+66 -6.27744e+66 -6.27744e+66 -6.27744e+66 -6.27744e+66 71.3429 181.296 246.195 576.413 867.685 1311.94 
-6.27744e+66 -6.27744e+66 -6.27744e+66 -6.27744e+66 -6.27744e+66 -6.27744e+66 -6.27744e+66 -6.27744e+66 -6.27744e+66 -6.27744e+66 -6.27744e+66 -6.27744e+66 -6.27744e+66 -6.27744e+66 71.3429 103.792 323.938 542.392 897.798 
-6.27744e+66 -6.27744e+66 -6.27744e+66 -6.27744e+66 -6.27744e+66 -6.27744e+66 -6.27744e+66 -6.27744e+66 -6.27744e+66 -6.27744e+66 -6.27744e+66 -6.27744e+66 -6.27744e+66 -6.27744e+66 -6.27744e+66 71.3429 181.416 327.052 593.606 
-6.27744e+66 -6.27744e+66 -6.27744e+66 -6.27744e+66 -6.27744e+66 -6.27744e+66 -6.27744e+66 -6.27744e+66 -6.27744e+66 -6.27744e+66 -6.27744e+66 -6.27744e+66 -6.27744e+66 -6.27744e+66 -6.27744e+66 -6.27744e+66 71.3429 144.161 321.864 
-6.27744e+66 -6.27744e+66 -6.27744e+66 -6.27744e+66 -6.27744e+66 -6.27744e+66 -6.27744e+66 -6.27744e+66 -6.27744e+66 -6.27744e+66 -6.27744e+66 -6.27744e+66 -6.27744e+66 -6.27744e+66 -6.27744e+66 -6.27744e+66 -6.27744e+66 71.3429 160.194 
-6.27744e+66 -6.27744e+66 -6.27744e+66 -6.27744e+66 -6.27744e+66 -6.27744e+66 -6.27744e+66 -6.27744e+66 -6.27744e+66 -6.27744e+66 -6.27744e+66 -6.27744e+66 -6.27744e+66 -6.27744e+66 -6.27744e+66 -6.27744e+66 -6.27744e+66 -6.27744e+66 71.3429 
-6.27744e+66 -6.27744e+66 -6.27744e+66 -6.27744e+66 -6.27744e+66 -6.27744e+66 -6.27744e+66 -6.27744e+66 -6.27744e+66 -6.27744e+66 -6.27744e+66 -6.27744e+66 -6.27744e+66 -6.27744e+66 -6.27744e+66 -6.27744e+66 -6.27744e+66 -6.27744e+66 -6.27744e+66 
-6.27744e+66 38.1942 151.522 263.995 577.558 755.209 1202.36 1530.07 2217.21 2650.33 3659.32 4372.18 5620.1 5896.36 7157.64 8073.8 10012.5 11174.3 12569 
-6.27744e+66 -6.27744e+66 38.1942 94.4305 303.473 436.711 794.428 1067.52 1656.5 2035.48 2932.36 3573.94 4708.41 4961.65 6125.9 6976.63 8786.05 9875.29 11188 
-6.27744e+66 -6.27744e+66 -6.27744e+66 38.1942 142.715 231.541 499.828 718.305 1209.12 1533.96 2318.73 2889.02 3910.04 4140.26 5207.49 5992.78 7672.96 8689.59 9920.21 
-6.27744e+66 -6.27744e+66 -6.27744e+66 -6.27744e+66 38.1942 82.6069 261.465 425.323 817.974 1088.67 1761.33 2260.34 3167.91 3375.11 4345.32 5065.17 6616.1 7560.11 8708.7 
-6.27744e+66 -6.27744e+66 -6.27744e+66 -6.27744e+66 -6.27744e+66 38.1942 127.623 236.862 531.35 747.908 1308.46 1736.18 2530.31 2714.48 3587.67 4242.08 5663.76 6535.16 7601.7 
-6.27744e+66 -6.27744e+66 -6.27744e+66 -6.27744e+66 -6.27744e+66 -6.27744e+66 38.1942 92.8133 289.139 451.558 899.999 1256.43 1937.11 2098.26 2874.43 3463.4 4755.84 5554.62 6539.12 
-6.27744e+66 -6.27744e+66 -6.27744e+66 -6.27744e+66 -6.27744e+66 -6.27744e+66 -6.27744e+66 38.1942 136.357 244.636 580.967 866.112 1433.35 1571.48 2250.63 2774.15 3937.35 4663.51 5565.97 
-6.27744e+66 -6.27744e+66 -6.27744e+66 -6.27744e+66 -6.27744e+66 -6.27744e+66 -6.27744e+66 -6.27744e+66 38.1942 92.3338 316.554 530.413 984.201 1099.31 1681.44 2139.52 3173.48 3827.02 4647.44 
-6.27744e+66 -6.27744e+66 -6.27744e+66 -6.27744e+66 -6.27744e+66 -6.27744e+66 -6.27744e+66 -6.27744e+66 -6.27744e+66 38.1942 150.304 292.877 633.218 725.305 1210.41 1603.06 2507.76 3088.7 3827.07 
-6.27744e+66 -6.27744e+66 -6.27744e+66 -6.27744e+66 -6.27744e+66 -6.27744e+66 -6.27744e+66 -6.27744e+66 -6.27744e+66 -6.27744e+66 38.1942 109.48 336.374 405.44 793.525 1120.73 1896.19 2404.51 3060.84 
-6.27744e+66 -6.27744e+66 -6.27744e+66 -6.27744e+66 -6.27744e+66 -6.27744e+66 -6.27744e+66 -6.27744e+66 -6.27744e+66 -6.27744e+66 -6.27744e+66 38.1942 151.641 197.685 488.749 750.511 1396.73 1832.43 2406.72 
-6.27744e+66 -6.27744e+66 -6.27744e+66 -6.27744e+66 -6.27744e+66 -6.27744e+66 -6.27744e+66 -6.27744e+66 -6.27744e+66 -6.27744e+66 -6.27744e+66 -6.27744e+66 38.1942 61.216 255.259 451.58 968.557 1331.64 1823.89 
-6.27744e+66 -6.27744e+66 -6.27744e+66 -6.27744e+66 -6.27744e+66 -6.27744e+66 -6.27744e+66 -6.27744e+66 -6.27744e+66 -6.27744e+66 -6.27744e+66 -6.27744e+66 -6.27744e+66 38.1942 135.215 266.097 653.829 944.295 1354.5 
-6.27744e+66 -6.27744e+66 -6.27744e+66 -6.27744e+66 -6.27744e+66 -6.27744e+66 -6.27744e+66 -6.27744e+66 -6.27744e+66 -6.27744e+66 -6.27744e+66 -6.27744e+66 -6.27744e+66 -6.27744e+66 38.1942 103.635 362.123 579.973 908.139 
-6.27744e+66 -6.27744e+66 -6.27744e+66 -6.27744e+66 -6.27744e+66 -6.27744e+66 -6.27744e+66 -6.27744e+66 -6.27744e+66 -6.27744e+66 -6.27744e+66 -6.27744e+66 -6.27744e+66 -6.27744e+66 -6.27744e+66 38.1942 167.438 312.671 558.796 
-6.27744e+66 -6.27744e+66 -6.27744e+66 -6.27744e+66 -6.27744e+66 -6.27744e+66 -6.27744e+66 -6.27744e+66 -6.27744e+66 -6.27744e+66 -6.27744e+66 -6.27744e+66 -6.27744e+66 -6.27744e+66 -6.27744e+66 -6.27744e+66 38.1942 110.811 274.894 
-6.27744e+66 -6.27744e+66 -6.27744e+66 -6.27744e+66 -6.27744e+66 -6.27744e+66 -6.27744e+66 -6.27744e+66 -6.27744e+66 -6.27744e+66 -6.27744e+66 -6.27744e+66 -6.27744e+66 -6.27744e+66 -6.27744e+66 -6.27744e+66 -6.27744e+66 38.1942 120.236 
-6.27744e+66 -6.27744e+66 -6.27744e+66 -6.27744e+66 -6.27744e+66 -6.27744e+66 -6.27744e+66 -6.27744e+66 -6.27744e+66 -6.27744e+66 -6.27744e+66 -6.27744e+66 -6.27744e+66 -6.27744e+66 -6.27744e+66 -6.27744e+66 -6.27744e+66 -6.27744e+66 38.1942 
-6.27744e+66 -6.27744e+66 -6.27744e+66 -6.27744e+66 -6.27744e+66 -6.27744e+66 -6.27744e+66 -6.27744e+66 -6.27744e+66 -6.27744e+66 -6.27744e+66 -6.27744e+66 -6.27744e+66 -6.27744e+66 -6.27744e+66 -6.27744e+66 -6.27744e+66 -6.27744e+66 -6.27744e+66 
