48 10 
32.2706 32.2706 32.2706 32.2706 32.2706 32.2706 32.2706 32.2706 32.2706 32.2706 32.2706 32.2706 32.2706 32.2706 32.2706 32.2706 32.2706 32.2706 32.2706 32.2706 32.2706 32.2706 32.2706 32.2706 32.2706 32.2706 32.2706 32.2706 32.2706 32.2706 32.2706 32.2706 32.2706 32.2706 32.2706 32.2706 32.2706 32.2706 32.2706 32.2706 32.2706 32.2706 32.2706 32.2706 32.2706 32.2706 32.2706 32.2706 
item 0
57.3406 91.2478 0 0 0 0 33.7922 0 73.0215 79.0273 0 0 34.2819 99.0027 0 99.5342 0 0 37.8691 84.0969 40.5245 0 15.7304 0 0 0 0 0 0 0 0 0 13.9086 103.772 0 102.475 37.1322 0 0 0 23.8391 0 0 108.916 0 94.2175 39.6169 94.3996 
93.994 93.994 93.994 93.994 93.994 93.994 93.994 93.994 93.994 93.994 93.994 93.994 93.994 93.994 93.994 93.994 93.994 93.994 93.994 93.994 93.994 93.994 93.994 93.994 93.994 93.994 93.994 93.994 93.994 93.994 93.994 93.994 93.994 93.994 93.994 93.994 93.994 93.994 93.994 93.994 93.994 93.994 93.994 93.994 93.994 93.994 93.994 93.994 
1 1 1 1 1 1 1 1 1 1 1 1 1 1 1 1 1 1 1 1 1 1 1 1 1 1 1 1 1 1 1 1 1 1 1 1 1 1 1 1 1 1 1 1 1 1 1 1 
item 1
91.2052 0 0 124.586 42.6848 98.8 0 114.955 0 0 46.3363 146.494 64.8973 0 11.8276 124.934 19.2024 110.999 49.5085 0 0 107.076 0 0 46.7615 0 0 74.2953 0 0 0 95.4111 34.2416 0 0 115.945 37.3674 84.5861 0 0 0 101.553 0 107.244 58.6714 0 0 0 
68.3664 68.3664 68.3664 68.3664 68.3664 68.3664 68.3664 68.3664 68.3664 68.3664 68.3664 68.3664 68.3664 68.3664 68.3664 68.3664 68.3664 68.3664 68.3664 68.3664 68.3664 68.3664 68.3664 68.3664 68.3664 68.3664 68.3664 68.3664 68.3664 68.3664 68.3664 68.3664 68.3664 68.3664 68.3664 68.3664 68.3664 68.3664 68.3664 68.3664 68.3664 68.3664 68.3664 68.3664 68.3664 68.3664 68.3664 68.3664 
1 1 1 1 1 1 1 1 1 1 1 1 1 1 1 1 1 1 1 1 1 1 1 1 1 1 1 1 1 1 1 1 1 1 1 1 1 1 1 1 1 1 1 1 1 1 1 1 
item 2
61.9934 0 0 0 51.0595 0 54.9918 0 9.21966 60.8865 0 0 74.248 79.4291 39.5007 0 0 0 76.2526 97.3304 0 0 89.8865 0 14.5783 0 0 85.8622 0 0 54.6795 77.8067 50.7447 78.4482 0 0 44.9153 119.857 73.5808 109.153 27.1145 127.258 38.361 100.377 0 0 0 86.4065 
94.1016 94.1016 94.1016 94.1016 94.1016 94.1016 94.1016 94.1016 94.1016 94.1016 94.1016 94.1016 94.1016 94.1016 94.1016 94.1016 94.1016 94.1016 94.1016 94.1016 94.1016 94.1016 94.1016 94.1016 94.1016 94.1016 94.1016 94.1016 94.1016 94.1016 94.1016 94.1016 94.1016 94.1016 94.1016 94.1016 94.1016 94.1016 94.1016 94.1016 94.1016 94.1016 94.1016 94.1016 94.1016 94.1016 94.1016 94.1016 
1 1 1 1 1 1 1 1 1 1 1 1 1 1 1 1 1 1 1 1 1 1 1 1 1 1 1 1 1 1 1 1 1 1 1 1 1 1 1 1 1 1 1 1 1 1 1 1 
item 3
20.9425 109.579 69.5068 104.202 0 0 28.363 0 0 101.435 0 79.6292 0 0 28.2488 101.183 40.3703 0 0 0 0 93.7866 0 0 70.4882 0 0 73.6696 0 124.063 0 93.4892 30.5769 0 34.3958 78.894 0 0 0 0 43.2193 116.301 7.20568 0 63.2517 89.7789 36.8702 96.0298 
78.5383 78.5383 78.5383 78.5383 78.5383 78.5383 78.5383 78.5383 78.5383 78.5383 78.5383 78.5383 78.5383 78.5383 78.5383 78.5383 78.5383 78.5383 78.5383 78.5383 78.5383 78.5383 78.5383 78.5383 78.5383 78.5383 78.5383 78.5383 78.5383 78.5383 78.5383 78.5383 78.5383 78.5383 78.5383 78.5383 78.5383 78.5383 78.5383 78.5383 78.5383 78.5383 78.5383 78.5383 78.5383 78.5383 78.5383 78.5383 
1 1 1 1 1 1 1 1 1 1 1 1 1 1 1 1 1 1 1 1 1 1 1 1 1 1 1 1 1 1 1 1 1 1 1 1 1 1 1 1 1 1 1 1 1 1 1 1 
item 4
2.43357 0 0 0 54.9484 0 27.4709 116.655 0 0 50.7921 0 48.588 0 75.1617 94.6443 0 0 41.8765 0 68.7022 0 0 120.922 27.175 124.082 56.83 102.458 23.9459 0 0 107.422 68.0248 90.1037 0 94.4026 0 0 58.2702 0 0 53.3815 54.8914 0 43.0071 106.242 0 0 
64.9776 64.9776 64.9776 64.9776 64.9776 64.9776 64.9776 64.9776 64.9776 64.9776 64.9776 64.9776 64.9776 64.9776 64.9776 64.9776 64.9776 64.9776 64.9776 64.9776 64.9776 64.9776 64.9776 64.9776 64.9776 64.9776 64.9776 64.9776 64.9776 64.9776 64.9776 64.9776 64.9776 64.9776 64.9776 64.9776 64.9776 64.9776 64.9776 64.9776 64.9776 64.9776 64.9776 64.9776 64.9776 64.9776 64.9776 64.9776 
1 1 1 1 1 1 1 1 1 1 1 1 1 1 1 1 1 1 1 1 1 1 1 1 1 1 1 1 1 1 1 1 1 1 1 1 1 1 1 1 1 1 1 1 1 1 1 1 
item 5
83.639 95.2572 68.5056 0 38.1657 0 25.0985 112.527 22.213 0 0 82.3697 0 0 55.8586 0 0 0 35.309 87.3952 0 147.653 11.2534 61.1724 0 0 0 109.36 64.9302 0 53.5123 144.598 0 127.048 0 0 0 112.07 0 0 0 76.2173 68.2612 109.531 0 0 72.8808 0 
79.2648 79.2648 79.2648 79.2648 79.2648 79.2648 79.2648 79.2648 79.2648 79.2648 79.2648 79.2648 79.2648 79.2648 79.2648 79.2648 79.2648 79.2648 79.2648 79.2648 79.2648 79.2648 79.2648 79.2648 79.2648 79.2648 79.2648 79.2648 79.2648 79.2648 79.2648 79.2648 79.2648 79.2648 79.2648 79.2648 79.2648 79.2648 79.2648 79.2648 79.2648 79.2648 79.2648 79.2648 79.2648 79.2648 79.2648 79.2648 
1 1 1 1 1 1 1 1 1 1 1 1 1 1 1 1 1 1 1 1 1 1 1 1 1 1 1 1 1 1 1 1 1 1 1 1 1 1 1 1 1 1 1 1 1 1 1 1 
item 6
55.2619 0 0 112.893 0 0 0 0 0 70.7138 39.6339 114.741 36.1041 114.095 0 109.693 0 97.99 15.7967 112.424 0 114.538 0 0 35.346 0 0 80.9815 35.8379 0 0 0 0 0 0 0 58.8232 0 69.2979 95.9696 30.9173 0 54.3571 0 0 89.3093 72.4591 74.2462 
49.6194 49.6194 49.6194 49.6194 49.6194 49.6194 49.6194 49.6194 49.6194 49.6194 49.6194 49.6194 49.6194 49.6194 49.6194 49.6194 49.6194 49.6194 49.6194 49.6194 49.6194 49.6194 49.6194 49.6194 49.6194 49.6194 49.6194 49.6194 49.6194 49.6194 49.6194 49.6194 49.6194 49.6194 49.6194 49.6194 49.6194 49.6194 49.6194 49.6194 49.6194 49.6194 49.6194 49.6194 49.6194 49.6194 49.6194 49.6194 
1 1 1 1 1 1 1 1 1 1 1 1 1 1 1 1 1 1 1 1 1 1 1 1 1 1 1 1 1 1 1 1 1 1 1 1 1 1 1 1 1 1 1 1 1 1 1 1 
item 7
21.5367 0 0 0 5.57913 0 0 0 46.4677 0 0 0 0 0 0 0 70.1867 0 71.0914 0 0 0 68.3016 0 37.0149 0 103.43 0 69.7848 0 0 0 0 89.6675 69.6379 79.1255 0 0 0 123.431 51.7298 127.103 0 0 53.7467 0 0 0 
69.7429 69.7429 69.7429 69.7429 69.7429 69.7429 69.7429 69.7429 69.7429 69.7429 69.7429 69.7429 69.7429 69.7429 69.7429 69.7429 69.7429 69.7429 69.7429 69.7429 69.7429 69.7429 69.7429 69.7429 69.7429 69.7429 69.7429 69.7429 69.7429 69.7429 69.7429 69.7429 69.7429 69.7429 69.7429 69.7429 69.7429 69.7429 69.7429 69.7429 69.7429 69.7429 69.7429 69.7429 69.7429 69.7429 69.7429 69.7429 
1 1 1 1 1 1 1 1 1 1 1 1 1 1 1 1 1 1 1 1 1 1 1 1 1 1 1 1 1 1 1 1 1 1 1 1 1 1 1 1 1 1 1 1 1 1 1 1 
item 8
48.497 109.961 68.4827 0 31.0951 108.437 64.4175 98.9056 31.5579 114.712 37.3064 0 74.4504 77.4817 32.7884 0 65.0271 0 0 106.804 64.3511 61.1822 0 0 0 0 0 0 0 81.9915 72.7246 0 38.423 82.8186 51.1813 0 0 113.58 59.3876 113.88 64.9194 106.056 0 75.9309 45.0591 0 0 0 
94.8936 94.8936 94.8936 94.8936 94.8936 94.8936 94.8936 94.8936 94.8936 94.8936 94.8936 94.8936 94.8936 94.8936 94.8936 94.8936 94.8936 94.8936 94.8936 94.8936 94.8936 94.8936 94.8936 94.8936 94.8936 94.8936 94.8936 94.8936 94.8936 94.8936 94.8936 94.8936 94.8936 94.8936 94.8936 94.8936 94.8936 94.8936 94.8936 94.8936 94.8936 94.8936 94.8936 94.8936 94.8936 94.8936 94.8936 94.8936 
1 1 1 1 1 1 1 1 1 1 1 1 1 1 1 1 1 1 1 1 1 1 1 1 1 1 1 1 1 1 1 1 1 1 1 1 1 1 1 1 1 1 1 1 1 1 1 1 
item 9
36.8664 0 0 0 66.6191 0 65.4883 0 50.2892 101.007 43.9948 82.2791 0 127.764 0 0 0 0 78.1104 122.493 21.1369 0 0 85.65 0 0 58.5718 0 0 87.6096 0 100.53 81.6846 0 22.2545 0 41.5827 132.424 0 0 0 0 36.8433 0 56.7067 0 73.1859 118.676 
69.2441 69.2441 69.2441 69.2441 69.2441 69.2441 69.2441 69.2441 69.2441 69.2441 69.2441 69.2441 69.2441 69.2441 69.2441 69.2441 69.2441 69.2441 69.2441 69.2441 69.2441 69.2441 69.2441 69.2441 69.2441 69.2441 69.2441 69.2441 69.2441 69.2441 69.2441 69.2441 69.2441 69.2441 69.2441 69.2441 69.2441 69.2441 69.2441 69.2441 69.2441 69.2441 69.2441 69.2441 69.2441 69.2441 69.2441 69.2441 
1 1 1 1 1 1 1 1 1 1 1 1 1 1 1 1 1 1 1 1 1 1 1 1 1 1 1 1 1 1 1 1 1 1 1 1 1 1 1 1 1 1 1 1 1 1 1 1 
