18 40 
982.992 982.992 982.992 982.992 982.992 982.992 982.992 982.992 982.992 982.992 982.992 982.992 982.992 982.992 982.992 982.992 982.992 982.992 
item 0
1 113.124 47.7707 102.515 71.2289 120.196 15.4489 113.365 40.1144 56.1932 38.2327 106.11 33.4309 89.3303 17.2012 118.038 42.3836 109.586 
47.0357 47.0357 47.0357 47.0357 47.0357 47.0357 47.0357 47.0357 47.0357 47.0357 47.0357 47.0357 47.0357 47.0357 47.0357 47.0357 47.0357 47.0357 
1 1 1 1 1 1 1 1 1 1 1 1 1 1 1 1 1 1 
item 1
80.0898 102.913 82.3435 119.218 59.7342 123.242 88.5058 121.948 71.138 90.0221 22.9519 77.5235 35.393 75.3467 41.2551 71.8497 82.3332 96.4089 
84.0676 84.0676 84.0676 84.0676 84.0676 84.0676 84.0676 84.0676 84.0676 84.0676 84.0676 84.0676 84.0676 84.0676 84.0676 84.0676 84.0676 84.0676 
1 1 1 1 1 1 1 1 1 1 1 1 1 1 1 1 1 1 
item 2
53.8654 102.187 46.0463 97.6128 55.1215 72.4517 68.965 87.4576 34.6315 107.785 54.3781 57.5316 79.8736 117.559 8.03378 98.0725 38.9476 101.906 
49.5648 49.5648 49.5648 49.5648 49.5648 49.5648 49.5648 49.5648 49.5648 49.5648 49.5648 49.5648 49.5648 49.5648 49.5648 49.5648 49.5648 49.5648 
1 1 1 1 1 1 1 1 1 1 1 1 1 1 1 1 1 1 
item 3
70.9833 87.1223 19.7105 120.483 22.0685 111.96 52.5394 93.4673 64.8682 92.0945 52.4017 118.491 33.2933 114.364 75.9931 120.135 96.933 95.9407 
52.1972 52.1972 52.1972 52.1972 52.1972 52.1972 52.1972 52.1972 52.1972 52.1972 52.1972 52.1972 52.1972 52.1972 52.1972 52.1972 52.1972 52.1972 
1 1 1 1 1 1 1 1 1 1 1 1 1 1 1 1 1 1 
item 4
41.3757 115.217 33.1069 54.2531 24.8926 136.398 50.6201 101.981 26.8414 114.458 45.5769 131.609 46.0906 123.156 80.1275 121.358 48.2504 91.0119 
51.1629 51.1629 51.1629 51.1629 51.1629 51.1629 51.1629 51.1629 51.1629 51.1629 51.1629 51.1629 51.1629 51.1629 51.1629 51.1629 51.1629 51.1629 
1 1 1 1 1 1 1 1 1 1 1 1 1 1 1 1 1 1 
item 5
60.9623 113.131 59.3078 115.843 61.2226 101.421 54.7451 125.97 81.2552 85.9474 70.276 86.3742 59.7875 124.983 20.5201 87.7245 33.2324 95.3152 
60.5244 60.5244 60.5244 60.5244 60.5244 60.5244 60.5244 60.5244 60.5244 60.5244 60.5244 60.5244 60.5244 60.5244 60.5244 60.5244 60.5244 60.5244 
1 1 1 1 1 1 1 1 1 1 1 1 1 1 1 1 1 1 
item 6
47.8256 81.0208 60.1715 101.874 18.7891 107.964 46.9759 54.4352 59.0045 58.2557 40.33 107.538 17.3804 97.6392 65.2583 109.039 73.2475 129.917 
66.4703 66.4703 66.4703 66.4703 66.4703 66.4703 66.4703 66.4703 66.4703 66.4703 66.4703 66.4703 66.4703 66.4703 66.4703 66.4703 66.4703 66.4703 
1 1 1 1 1 1 1 1 1 1 1 1 1 1 1 1 1 1 
item 7
88.4723 104.951 20.2554 62.3595 70.8143 71.6119 29.5081 109.902 54.5402 108.419 56.1722 95.8559 76.9644 107.792 37.798 105.343 39.4171 64.37 
52.1731 52.1731 52.1731 52.1731 52.1731 52.1731 52.1731 52.1731 52.1731 52.1731 52.1731 52.1731 52.1731 52.1731 52.1731 52.1731 52.1731 52.1731 
1 1 1 1 1 1 1 1 1 1 1 1 1 1 1 1 1 1 
item 8
75.307 81.2946 77.9775 91.2188 35.9475 41.2301 35.673 89.0387 28.601 70.72 34.5917 106.676 46.6 123.019 54.8132 88.4458 24.3649 116.884 
66.8148 66.8148 66.8148 66.8148 66.8148 66.8148 66.8148 66.8148 66.8148 66.8148 66.8148 66.8148 66.8148 66.8148 66.8148 66.8148 66.8148 66.8148 
1 1 1 1 1 1 1 1 1 1 1 1 1 1 1 1 1 1 
item 9
29.9619 79.2079 40.3173 91.8297 31.4355 128.057 18.5334 89.4764 19.1628 87.4646 60.3219 107.258 50.8661 105.309 48.6574 107.906 29.626 147.484 
108.052 108.052 108.052 108.052 108.052 108.052 108.052 108.052 108.052 108.052 108.052 108.052 108.052 108.052 108.052 108.052 108.052 108.052 
1 1 1 1 1 1 1 1 1 1 1 1 1 1 1 1 1 1 
item 10
34.4861 116.878 76.0212 123.002 41.2724 87.7288 20.1996 106.252 77.2537 83.5956 44.4271 112.517 21.1141 111.987 28.5374 91.7839 27.7511 98.7795 
61.2412 61.2412 61.2412 61.2412 61.2412 61.2412 61.2412 61.2412 61.2412 61.2412 61.2412 61.2412 61.2412 61.2412 61.2412 61.2412 61.2412 61.2412 
1 1 1 1 1 1 1 1 1 1 1 1 1 1 1 1 1 1 
item 11
91.0657 56.2646 18.2801 152.298 30.1804 112.306 40.6041 101.666 64.1873 56.1978 8.01271 81.5643 18.855 98.1867 43.325 98.4152 68.5614 64.081 
19.3668 19.3668 19.3668 19.3668 19.3668 19.3668 19.3668 19.3668 19.3668 19.3668 19.3668 19.3668 19.3668 19.3668 19.3668 19.3668 19.3668 19.3668 
1 1 1 1 1 1 1 1 1 1 1 1 1 1 1 1 1 1 
item 12
49.4507 107.663 30.3815 81.1589 86.3883 91.6441 33.3722 92.9284 109.015 85.5752 65.5079 98.7062 25.4792 141.726 38.5718 72.1896 70.7691 55.8837 
70.3538 70.3538 70.3538 70.3538 70.3538 70.3538 70.3538 70.3538 70.3538 70.3538 70.3538 70.3538 70.3538 70.3538 70.3538 70.3538 70.3538 70.3538 
1 1 1 1 1 1 1 1 1 1 1 1 1 1 1 1 1 1 
item 13
60.777 113.292 74.3086 69.1886 27.5912 73.7728 39.6193 129.109 49.2206 123.586 77.8311 111.187 38.6683 83.6357 86.0239 129.176 13.9375 146.159 
48.403 48.403 48.403 48.403 48.403 48.403 48.403 48.403 48.403 48.403 48.403 48.403 48.403 48.403 48.403 48.403 48.403 48.403 
1 1 1 1 1 1 1 1 1 1 1 1 1 1 1 1 1 1 
item 14
76.7508 101.808 49.029 69.8511 53.6384 97.9598 77.3606 115.647 42.0086 114.296 0 87.8882 45.4506 113.69 18.6799 73.5606 46.7417 123.107 
37.1963 37.1963 37.1963 37.1963 37.1963 37.1963 37.1963 37.1963 37.1963 37.1963 37.1963 37.1963 37.1963 37.1963 37.1963 37.1963 37.1963 37.1963 
1 1 1 1 1 1 1 1 1 1 1 1 1 1 1 1 1 1 
item 15
20.6352 85.3639 40.425 96.1853 47.0785 88.1465 57.7129 125.81 25.8615 104.944 17.5745 96.491 30.2163 102.841 32.9525 92.1007 22.5102 113.283 
92.4939 92.4939 92.4939 92.4939 92.4939 92.4939 92.4939 92.4939 92.4939 92.4939 92.4939 92.4939 92.4939 92.4939 92.4939 92.4939 92.4939 92.4939 
1 1 1 1 1 1 1 1 1 1 1 1 1 1 1 1 1 1 
item 16
54.0567 132.577 47.6553 128.658 57.0738 128.492 25.2265 95.2492 51.0044 80.0643 76.1496 154.763 35.7161 105.861 56.0746 87.5413 59.7596 89.4517 
63.7968 63.7968 63.7968 63.7968 63.7968 63.7968 63.7968 63.7968 63.7968 63.7968 63.7968 63.7968 63.7968 63.7968 63.7968 63.7968 63.7968 63.7968 
1 1 1 1 1 1 1 1 1 1 1 1 1 1 1 1 1 1 
item 17
29.9218 115.014 70.4215 128.434 27.823 84.7818 5.024 107.667 35.2394 115.702 49.3055 78.9627 79.4881 81.4094 48.4124 108.147 48.7685 96.3995 
58.4194 58.4194 58.4194 58.4194 58.4194 58.4194 58.4194 58.4194 58.4194 58.4194 58.4194 58.4194 58.4194 58.4194 58.4194 58.4194 58.4194 58.4194 
1 1 1 1 1 1 1 1 1 1 1 1 1 1 1 1 1 1 
item 18
36.8113 135.12 26.2272 117.209 46.9729 116.648 71.5985 121.047 53.4792 91.947 44.5127 100.006 35.1853 98.0922 43.2858 106.042 37.8385 113.59 
70.0668 70.0668 70.0668 70.0668 70.0668 70.0668 70.0668 70.0668 70.0668 70.0668 70.0668 70.0668 70.0668 70.0668 70.0668 70.0668 70.0668 70.0668 
1 1 1 1 1 1 1 1 1 1 1 1 1 1 1 1 1 1 
item 19
36.1226 86.4248 84.2267 92.7755 69.9806 120.332 21.7365 85.4312 72.8704 81.5888 21.4312 64.7897 20.8519 95.5119 57.5642 105.833 38.6154 107.881 
56.61 56.61 56.61 56.61 56.61 56.61 56.61 56.61 56.61 56.61 56.61 56.61 56.61 56.61 56.61 56.61 56.61 56.61 
1 1 1 1 1 1 1 1 1 1 1 1 1 1 1 1 1 1 
item 20
46.2967 128.205 47.9272 82.7256 20.3094 105.7 59.3483 98.5668 78.0816 115.423 91.0752 86.251 40.6731 92.2868 55.7917 127.306 20.7865 92.1295 
30.4936 30.4936 30.4936 30.4936 30.4936 30.4936 30.4936 30.4936 30.4936 30.4936 30.4936 30.4936 30.4936 30.4936 30.4936 30.4936 30.4936 30.4936 
1 1 1 1 1 1 1 1 1 1 1 1 1 1 1 1 1 1 
item 21
52.8603 107.362 48.9563 127.862 0 107.643 65.0309 71.8809 72.3755 98.9511 45.5348 87.7807 60.1914 73.1155 28.0515 99.8375 77.7493 85.5005 
64.011 64.011 64.011 64.011 64.011 64.011 64.011 64.011 64.011 64.011 64.011 64.011 64.011 64.011 64.011 64.011 64.011 64.011 
1 1 1 1 1 1 1 1 1 1 1 1 1 1 1 1 1 1 
item 22
29.842 110.164 31.3936 108.613 78.0066 96.3497 20.4371 100.178 72.9171 95.2163 65.2112 96.7726 15.19 56.4313 70.4959 80.1285 45.848 143.785 
58.7447 58.7447 58.7447 58.7447 58.7447 58.7447 58.7447 58.7447 58.7447 58.7447 58.7447 58.7447 58.7447 58.7447 58.7447 58.7447 58.7447 58.7447 
1 1 1 1 1 1 1 1 1 1 1 1 1 1 1 1 1 1 
item 23
46.2885 96.7857 49.9385 71.7777 51.2672 79.8852 49.3452 105.537 49.9782 78.5325 19.5361 115.857 51.8305 121.68 28.4347 66.9716 70.9086 87.3369 
51.8339 51.8339 51.8339 51.8339 51.8339 51.8339 51.8339 51.8339 51.8339 51.8339 51.8339 51.8339 51.8339 51.8339 51.8339 51.8339 51.8339 51.8339 
1 1 1 1 1 1 1 1 1 1 1 1 1 1 1 1 1 1 
item 24
54.8268 120.926 12.9618 30.3725 47.7079 93.7364 32.2729 83.7291 73.2577 53.8792 56.7035 112.992 47.9706 81.3844 92.5248 104.155 50.6494 112.053 
69.798 69.798 69.798 69.798 69.798 69.798 69.798 69.798 69.798 69.798 69.798 69.798 69.798 69.798 69.798 69.798 69.798 69.798 
1 1 1 1 1 1 1 1 1 1 1 1 1 1 1 1 1 1 
item 25
33.4739 148.147 54.8264 99.9821 61.1904 115.501 56.8504 95.4405 48.1528 89.0365 42.7413 111.488 50.9856 102.874 24.7797 100.51 53.379 94.1939 
72.7217 72.7217 72.7217 72.7217 72.7217 72.7217 72.7217 72.7217 72.7217 72.7217 72.7217 72.7217 72.7217 72.7217 72.7217 72.7217 72.7217 72.7217 
1 1 1 1 1 1 1 1 1 1 1 1 1 1 1 1 1 1 
item 26
41.8354 100.328 71.4291 94.8451 65.3574 82.6341 16.9497 78.6023 25.0017 88.8054 40.4657 82.0139 40.5201 93.6733 58.8927 86.8555 7.88642 106.761 
62.6661 62.6661 62.6661 62.6661 62.6661 62.6661 62.6661 62.6661 62.6661 62.6661 62.6661 62.6661 62.6661 62.6661 62.6661 62.6661 62.6661 62.6661 
1 1 1 1 1 1 1 1 1 1 1 1 1 1 1 1 1 1 
item 27
55.3703 82.2897 19.3442 85.7619 73.7599 96.4202 63.0242 128.835 92.6289 126.633 29.7925 97.2809 95.0637 79.3717 36.944 98.0973 71.0501 91.0006 
42.5825 42.5825 42.5825 42.5825 42.5825 42.5825 42.5825 42.5825 42.5825 42.5825 42.5825 42.5825 42.5825 42.5825 42.5825 42.5825 42.5825 42.5825 
1 1 1 1 1 1 1 1 1 1 1 1 1 1 1 1 1 1 
item 28
64.2888 61.4305 82.9384 99.4833 56.8374 100.159 75.0066 106.086 65.0844 92.141 45.6325 79.4788 58.5984 78.9396 77.5615 99.2433 37.1083 110.353 
54.8393 54.8393 54.8393 54.8393 54.8393 54.8393 54.8393 54.8393 54.8393 54.8393 54.8393 54.8393 54.8393 54.8393 54.8393 54.8393 54.8393 54.8393 
1 1 1 1 1 1 1 1 1 1 1 1 1 1 1 1 1 1 
item 29
24.2235 79.556 4.78039 93.9331 55.4703 102.882 56.2923 79.6758 29.3613 90.3649 75.3203 93.8177 45.514 102.668 47.851 112.295 37.2247 116.428 
59.8592 59.8592 59.8592 59.8592 59.8592 59.8592 59.8592 59.8592 59.8592 59.8592 59.8592 59.8592 59.8592 59.8592 59.8592 59.8592 59.8592 59.8592 
1 1 1 1 1 1 1 1 1 1 1 1 1 1 1 1 1 1 
item 30
60.7382 155.702 70.9433 83.0883 47.5382 89.59 79.9245 115.162 38.9025 59.6836 32.624 89.8535 42.7404 92.226 17.5585 73.8901 91.535 77.8238 
72.5759 72.5759 72.5759 72.5759 72.5759 72.5759 72.5759 72.5759 72.5759 72.5759 72.5759 72.5759 72.5759 72.5759 72.5759 72.5759 72.5759 72.5759 
1 1 1 1 1 1 1 1 1 1 1 1 1 1 1 1 1 1 
item 31
90.8818 103.32 63.0848 90.8052 46.5813 94.5914 17.2042 114.928 57.4024 137.758 57.5505 101.787 46.3695 115.548 37.0908 87.1032 30.5977 104.529 
65.1744 65.1744 65.1744 65.1744 65.1744 65.1744 65.1744 65.1744 65.1744 65.1744 65.1744 65.1744 65.1744 65.1744 65.1744 65.1744 65.1744 65.1744 
1 1 1 1 1 1 1 1 1 1 1 1 1 1 1 1 1 1 
item 32
82.0933 80.1248 18.0735 124.24 32.8234 104.559 28.4741 103.866 55.4359 89.0001 33.8174 35.4033 53.2477 67.0373 44.4221 81.6999 56.1727 137.941 
56.6667 56.6667 56.6667 56.6667 56.6667 56.6667 56.6667 56.6667 56.6667 56.6667 56.6667 56.6667 56.6667 56.6667 56.6667 56.6667 56.6667 56.6667 
1 1 1 1 1 1 1 1 1 1 1 1 1 1 1 1 1 1 
item 33
46.8996 142.483 45.485 113.423 49.1807 69.438 83.0233 98.0315 65.1647 86.6711 72.4628 89.4359 32.4119 110.594 41.6493 95.0771 11.9595 107.262 
60.3975 60.3975 60.3975 60.3975 60.3975 60.3975 60.3975 60.3975 60.3975 60.3975 60.3975 60.3975 60.3975 60.3975 60.3975 60.3975 60.3975 60.3975 
1 1 1 1 1 1 1 1 1 1 1 1 1 1 1 1 1 1 
item 34
85.5532 100.68 17.8244 118.363 25.3536 128.483 60.241 89.5697 25.3639 125.049 81.648 81.2392 73.1774 101.37 54.6949 117.836 84.05 110.02 
73.6991 73.6991 73.6991 73.6991 73.6991 73.6991 73.6991 73.6991 73.6991 73.6991 73.6991 73.6991 73.6991 73.6991 73.6991 73.6991 73.6991 73.6991 
1 1 1 1 1 1 1 1 1 1 1 1 1 1 1 1 1 1 
item 35
45.8419 97.7064 41.3794 95.896 67.7302 98.8683 41.6138 99.7425 16.5546 65.5525 37.4267 122.807 37.3678 91.443 64.9634 131.28 31.4684 103.621 
57.3358 57.3358 57.3358 57.3358 57.3358 57.3358 57.3358 57.3358 57.3358 57.3358 57.3358 57.3358 57.3358 57.3358 57.3358 57.3358 57.3358 57.3358 
1 1 1 1 1 1 1 1 1 1 1 1 1 1 1 1 1 1 
item 36
60.3536 106.319 66.5982 95.0409 36.0889 110.088 32.808 113.845 77.4555 127.714 65.2996 124.026 64.5814 130.944 83.4264 95.3159 64.714 80.8411 
57.5652 57.5652 57.5652 57.5652 57.5652 57.5652 57.5652 57.5652 57.5652 57.5652 57.5652 57.5652 57.5652 57.5652 57.5652 57.5652 57.5652 57.5652 
1 1 1 1 1 1 1 1 1 1 1 1 1 1 1 1 1 1 
item 37
37.9465 118.952 84.6608 109.85 46.6604 85.0146 48.72 57.5738 22.9615 108.253 55.6036 87.0036 55.0007 120.691 42.8252 108.029 38.063 94.5232 
60.5259 60.5259 60.5259 60.5259 60.5259 60.5259 60.5259 60.5259 60.5259 60.5259 60.5259 60.5259 60.5259 60.5259 60.5259 60.5259 60.5259 60.5259 
1 1 1 1 1 1 1 1 1 1 1 1 1 1 1 1 1 1 
item 38
50.5409 80.0844 37.0633 107.364 83.329 92.7141 38.2266 120.712 31.7733 91.0804 36.6763 126.81 34.3907 79.9533 0 97.4351 48.2712 120.574 
62.9811 62.9811 62.9811 62.9811 62.9811 62.9811 62.9811 62.9811 62.9811 62.9811 62.9811 62.9811 62.9811 62.9811 62.9811 62.9811 62.9811 62.9811 
1 1 1 1 1 1 1 1 1 1 1 1 1 1 1 1 1 1 
item 39
5.80594 83.6661 54.1763 108.607 39.9435 107.472 52.1467 109.252 49.9275 89.51 68.9068 105.283 51.1984 68.9239 60.6657 60.0533 56.1422 77.0401 
68.2852 68.2852 68.2852 68.2852 68.2852 68.2852 68.2852 68.2852 68.2852 68.2852 68.2852 68.2852 68.2852 68.2852 68.2852 68.2852 68.2852 68.2852 
1 1 1 1 1 1 1 1 1 1 1 1 1 1 1 1 1 1 
