6 10 
-6.27744e+66 58.7873 171.62 171.62 171.62 334.942 1014.53 
-6.27744e+66 -6.27744e+66 58.7873 58.7873 58.7873 181.279 724.947 
-6.27744e+66 -6.27744e+66 -6.27744e+66 58.7873 58.7873 140.448 548.2 
-6.27744e+66 -6.27744e+66 -6.27744e+66 -6.27744e+66 58.7873 99.6177 371.452 
-6.27744e+66 -6.27744e+66 -6.27744e+66 -6.27744e+66 -6.27744e+66 58.7873 194.704 
-6.27744e+66 -6.27744e+66 -6.27744e+66 -6.27744e+66 -6.27744e+66 -6.27744e+66 58.7873 
-6.27744e+66 -6.27744e+66 -6.27744e+66 -6.27744e+66 -6.27744e+66 -6.27744e+66 -6.27744e+66 
-6.27744e+66 59.7857 59.7857 191.201 191.201 380.969 826.382 
-6.27744e+66 -6.27744e+66 59.7857 125.494 125.494 267.819 624.15 
-6.27744e+66 -6.27744e+66 -6.27744e+66 59.7857 59.7857 154.669 421.917 
-6.27744e+66 -6.27744e+66 -6.27744e+66 -6.27744e+66 59.7857 107.227 285.393 
-6.27744e+66 -6.27744e+66 -6.27744e+66 -6.27744e+66 -6.27744e+66 59.7857 148.868 
-6.27744e+66 -6.27744e+66 -6.27744e+66 -6.27744e+66 -6.27744e+66 -6.27744e+66 59.7857 
-6.27744e+66 -6.27744e+66 -6.27744e+66 -6.27744e+66 -6.27744e+66 -6.27744e+66 -6.27744e+66 
-6.27744e+66 45.31 159.154 297.583 297.583 512.486 512.486 
-6.27744e+66 -6.27744e+66 45.31 114.525 114.525 275.702 275.702 
-6.27744e+66 -6.27744e+66 -6.27744e+66 45.31 45.31 152.761 152.761 
-6.27744e+66 -6.27744e+66 -6.27744e+66 -6.27744e+66 45.31 99.0357 99.0357 
-6.27744e+66 -6.27744e+66 -6.27744e+66 -6.27744e+66 -6.27744e+66 45.31 45.31 
-6.27744e+66 -6.27744e+66 -6.27744e+66 -6.27744e+66 -6.27744e+66 -6.27744e+66 45.31 
-6.27744e+66 -6.27744e+66 -6.27744e+66 -6.27744e+66 -6.27744e+66 -6.27744e+66 -6.27744e+66 
-6.27744e+66 75.2319 164.648 164.648 164.648 341.358 341.358 
-6.27744e+66 -6.27744e+66 75.2319 75.2319 75.2319 207.764 207.764 
-6.27744e+66 -6.27744e+66 -6.27744e+66 75.2319 75.2319 163.587 163.587 
-6.27744e+66 -6.27744e+66 -6.27744e+66 -6.27744e+66 75.2319 119.409 119.409 
-6.27744e+66 -6.27744e+66 -6.27744e+66 -6.27744e+66 -6.27744e+66 75.2319 75.2319 
-6.27744e+66 -6.27744e+66 -6.27744e+66 -6.27744e+66 -6.27744e+66 -6.27744e+66 75.2319 
-6.27744e+66 -6.27744e+66 -6.27744e+66 -6.27744e+66 -6.27744e+66 -6.27744e+66 -6.27744e+66 
-6.27744e+66 65.5174 140.827 140.827 140.827 140.827 660.695 
-6.27744e+66 -6.27744e+66 65.5174 65.5174 65.5174 65.5174 481.412 
-6.27744e+66 -6.27744e+66 -6.27744e+66 65.5174 65.5174 65.5174 377.438 
-6.27744e+66 -6.27744e+66 -6.27744e+66 -6.27744e+66 65.5174 65.5174 273.465 
-6.27744e+66 -6.27744e+66 -6.27744e+66 -6.27744e+66 -6.27744e+66 65.5174 169.491 
-6.27744e+66 -6.27744e+66 -6.27744e+66 -6.27744e+66 -6.27744e+66 -6.27744e+66 65.5174 
-6.27744e+66 -6.27744e+66 -6.27744e+66 -6.27744e+66 -6.27744e+66 -6.27744e+66 -6.27744e+66 
-6.27744e+66 78.1331 78.1331 78.1331 78.1331 78.1331 356.472 
-6.27744e+66 -6.27744e+66 78.1331 78.1331 78.1331 78.1331 300.805 
-6.27744e+66 -6.27744e+66 -6.27744e+66 78.1331 78.1331 78.1331 245.137 
-6.27744e+66 -6.27744e+66 -6.27744e+66 -6.27744e+66 78.1331 78.1331 189.469 
-6.27744e+66 -6.27744e+66 -6.27744e+66 -6.27744e+66 -6.27744e+66 78.1331 133.801 
-6.27744e+66 -6.27744e+66 -6.27744e+66 -6.27744e+66 -6.27744e+66 -6.27744e+66 78.1331 
-6.27744e+66 -6.27744e+66 -6.27744e+66 -6.27744e+66 -6.27744e+66 -6.27744e+66 -6.27744e+66 
-6.27744e+66 59.2322 59.2322 125.767 391.686 391.686 785.72 
-6.27744e+66 -6.27744e+66 59.2322 92.4995 269.779 269.779 585.006 
-6.27744e+66 -6.27744e+66 -6.27744e+66 59.2322 147.872 147.872 384.292 
-6.27744e+66 -6.27744e+66 -6.27744e+66 -6.27744e+66 59.2322 59.2322 216.846 
-6.27744e+66 -6.27744e+66 -6.27744e+66 -6.27744e+66 -6.27744e+66 59.2322 138.039 
-6.27744e+66 -6.27744e+66 -6.27744e+66 -6.27744e+66 -6.27744e+66 -6.27744e+66 59.2322 
-6.27744e+66 -6.27744e+66 -6.27744e+66 -6.27744e+66 -6.27744e+66 -6.27744e+66 -6.27744e+66 
-6.27744e+66 62.7174 62.7174 166.743 451.585 451.585 451.585 
-6.27744e+66 -6.27744e+66 62.7174 114.73 304.625 304.625 304.625 
-6.27744e+66 -6.27744e+66 -6.27744e+66 62.7174 157.665 157.665 157.665 
-6.27744e+66 -6.27744e+66 -6.27744e+66 -6.27744e+66 62.7174 62.7174 62.7174 
-6.27744e+66 -6.27744e+66 -6.27744e+66 -6.27744e+66 -6.27744e+66 62.7174 62.7174 
-6.27744e+66 -6.27744e+66 -6.27744e+66 -6.27744e+66 -6.27744e+66 -6.27744e+66 62.7174 
-6.27744e+66 -6.27744e+66 -6.27744e+66 -6.27744e+66 -6.27744e+66 -6.27744e+66 -6.27744e+66 
-6.27744e+66 70.4726 165.278 279.392 481.029 629.216 629.216 
-6.27744e+66 -6.27744e+66 70.4726 127.53 261.954 373.095 373.095 
-6.27744e+66 -6.27744e+66 -6.27744e+66 70.4726 137.685 211.778 211.778 
-6.27744e+66 -6.27744e+66 -6.27744e+66 -6.27744e+66 70.4726 107.519 107.519 
-6.27744e+66 -6.27744e+66 -6.27744e+66 -6.27744e+66 -6.27744e+66 70.4726 70.4726 
-6.27744e+66 -6.27744e+66 -6.27744e+66 -6.27744e+66 -6.27744e+66 -6.27744e+66 70.4726 
-6.27744e+66 -6.27744e+66 -6.27744e+66 -6.27744e+66 -6.27744e+66 -6.27744e+66 -6.27744e+66 
-6.27744e+66 46.9494 46.9494 92.4934 92.4934 153.056 153.056 
-6.27744e+66 -6.27744e+66 46.9494 69.7214 69.7214 115.143 115.143 
-6.27744e+66 -6.27744e+66 -6.27744e+66 46.9494 46.9494 77.2308 77.2308 
-6.27744e+66 -6.27744e+66 -6.27744e+66 -6.27744e+66 46.9494 62.0901 62.0901 
-6.27744e+66 -6.27744e+66 -6.27744e+66 -6.27744e+66 -6.27744e+66 46.9494 46.9494 
-6.27744e+66 -6.27744e+66 -6.27744e+66 -6.27744e+66 -6.27744e+66 -6.27744e+66 46.9494 
-6.27744e+66 -6.27744e+66 -6.27744e+66 -6.27744e+66 -6.27744e+66 -6.27744e+66 -6.27744e+66 
