24 20 
499.034 499.034 499.034 499.034 499.034 499.034 499.034 499.034 499.034 499.034 499.034 499.034 499.034 499.034 499.034 499.034 499.034 499.034 499.034 499.034 499.034 499.034 499.034 499.034 
item 0
54.6555 116.054 55.2237 133.31 38.7784 91.806 65.6107 105.435 61.3755 127.802 70.4482 67.4061 119.341 109.571 32.6653 101.766 44.6574 109.902 30.4437 83.5842 52.3111 76.3541 17.8323 77.5116 
38.1745 38.1745 38.1745 38.1745 38.1745 38.1745 38.1745 38.1745 38.1745 38.1745 38.1745 38.1745 38.1745 38.1745 38.1745 38.1745 38.1745 38.1745 38.1745 38.1745 38.1745 38.1745 38.1745 38.1745 
1 1 1 1 1 1 1 1 1 1 1 1 1 1 1 1 1 1 1 1 1 1 1 1 
item 1
52.8655 92.6263 64.7984 101.474 42.2302 92.1698 44.9948 115.904 49.2228 100.062 38.3665 97.1205 52.6005 100.231 63.0365 101.659 55.3156 67.7615 62.8681 108.114 75.8321 102.235 82.0407 70.1794 
75.6265 75.6265 75.6265 75.6265 75.6265 75.6265 75.6265 75.6265 75.6265 75.6265 75.6265 75.6265 75.6265 75.6265 75.6265 75.6265 75.6265 75.6265 75.6265 75.6265 75.6265 75.6265 75.6265 75.6265 
1 1 1 1 1 1 1 1 1 1 1 1 1 1 1 1 1 1 1 1 1 1 1 1 
item 2
68.4383 88.5037 42.636 104.352 34.7338 77.2097 14.406 82.2879 90.9857 102.484 65.608 110.207 64.9452 109.256 39.4324 107.592 53.0621 108.544 54.8207 113.532 62.9323 107.445 62.6267 117.06 
77.6198 77.6198 77.6198 77.6198 77.6198 77.6198 77.6198 77.6198 77.6198 77.6198 77.6198 77.6198 77.6198 77.6198 77.6198 77.6198 77.6198 77.6198 77.6198 77.6198 77.6198 77.6198 77.6198 77.6198 
1 1 1 1 1 1 1 1 1 1 1 1 1 1 1 1 1 1 1 1 1 1 1 1 
item 3
84.3332 105.538 44.9557 111.86 53.5904 93.3595 37.0235 121.232 76.5745 90.9226 41.9183 99.8731 49.9454 77.6491 79.9064 84.4346 45.9055 100.449 40.6157 104.693 68.5279 87.4098 66.5245 78.0987 
53.7228 53.7228 53.7228 53.7228 53.7228 53.7228 53.7228 53.7228 53.7228 53.7228 53.7228 53.7228 53.7228 53.7228 53.7228 53.7228 53.7228 53.7228 53.7228 53.7228 53.7228 53.7228 53.7228 53.7228 
1 1 1 1 1 1 1 1 1 1 1 1 1 1 1 1 1 1 1 1 1 1 1 1 
item 4
68.613 83.311 55.4095 135.754 42.5419 123.126 61.0284 103.548 40.5392 112.161 69.4288 92.8638 81.4611 117.954 51.9111 96.1052 59.8297 91.6621 50.6551 133.744 90.9078 91.4002 29.6272 126.302 
97.0106 97.0106 97.0106 97.0106 97.0106 97.0106 97.0106 97.0106 97.0106 97.0106 97.0106 97.0106 97.0106 97.0106 97.0106 97.0106 97.0106 97.0106 97.0106 97.0106 97.0106 97.0106 97.0106 97.0106 
1 1 1 1 1 1 1 1 1 1 1 1 1 1 1 1 1 1 1 1 1 1 1 1 
item 5
39.5334 111.761 57.9348 71.6435 80.9085 102.993 3.93045 108.256 47.375 95.1382 44.3799 107.3 63.0691 79.089 72.5636 91.9461 78.7568 97.2234 39.5015 89.3757 57.4869 99.4472 33.1004 92.6349 
61.9886 61.9886 61.9886 61.9886 61.9886 61.9886 61.9886 61.9886 61.9886 61.9886 61.9886 61.9886 61.9886 61.9886 61.9886 61.9886 61.9886 61.9886 61.9886 61.9886 61.9886 61.9886 61.9886 61.9886 
1 1 1 1 1 1 1 1 1 1 1 1 1 1 1 1 1 1 1 1 1 1 1 1 
item 6
46.6103 75.3533 68.7209 90.0403 55.6095 115.931 85.5278 90.6106 62.5601 132.125 32.9695 115.255 27.3712 93.3823 36.4841 88.6353 66.6583 125.707 22.1139 95.7407 48.7302 108.885 65.4865 87.963 
70.4265 70.4265 70.4265 70.4265 70.4265 70.4265 70.4265 70.4265 70.4265 70.4265 70.4265 70.4265 70.4265 70.4265 70.4265 70.4265 70.4265 70.4265 70.4265 70.4265 70.4265 70.4265 70.4265 70.4265 
1 1 1 1 1 1 1 1 1 1 1 1 1 1 1 1 1 1 1 1 1 1 1 1 
item 7
52.711 64.6304 7.46526 113.731 88.6568 109.96 47.8924 124.217 31.7801 104.185 27.7127 94.8789 34.8951 110.023 57.5769 72.4735 44.8526 92.9599 45.7188 122.06 36.8106 116.188 47.328 122.362 
65.1401 65.1401 65.1401 65.1401 65.1401 65.1401 65.1401 65.1401 65.1401 65.1401 65.1401 65.1401 65.1401 65.1401 65.1401 65.1401 65.1401 65.1401 65.1401 65.1401 65.1401 65.1401 65.1401 65.1401 
1 1 1 1 1 1 1 1 1 1 1 1 1 1 1 1 1 1 1 1 1 1 1 1 
item 8
53.5717 115.671 56.2186 85.6936 49.687 101.651 71.2504 149.945 67.7122 98.8487 42.1866 118.255 47.9175 92.1923 4.99128 88.6663 77.0185 104.642 38.0801 75.1239 85.294 41.2759 56.6492 45.2882 
70.9564 70.9564 70.9564 70.9564 70.9564 70.9564 70.9564 70.9564 70.9564 70.9564 70.9564 70.9564 70.9564 70.9564 70.9564 70.9564 70.9564 70.9564 70.9564 70.9564 70.9564 70.9564 70.9564 70.9564 
1 1 1 1 1 1 1 1 1 1 1 1 1 1 1 1 1 1 1 1 1 1 1 1 
item 9
45.548 136.001 43.4845 113.34 70.548 120.612 29.9238 124.099 24.3597 82.1469 83.8713 81.9987 49.1476 109.694 33.8145 140.461 58.0516 112.252 71.8793 100.882 49.8504 100.829 66.1382 53.6138 
14.0109 14.0109 14.0109 14.0109 14.0109 14.0109 14.0109 14.0109 14.0109 14.0109 14.0109 14.0109 14.0109 14.0109 14.0109 14.0109 14.0109 14.0109 14.0109 14.0109 14.0109 14.0109 14.0109 14.0109 
1 1 1 1 1 1 1 1 1 1 1 1 1 1 1 1 1 1 1 1 1 1 1 1 
item 10
90.5999 150.615 78.7536 87.5022 16.0672 70.7523 69.756 102.188 33.0958 115.212 44.3944 99.9117 65.2022 109.665 21.0056 120.678 48.3425 121.63 11.6804 123.866 56.0347 114.806 69.897 129.898 
8.36632 8.36632 8.36632 8.36632 8.36632 8.36632 8.36632 8.36632 8.36632 8.36632 8.36632 8.36632 8.36632 8.36632 8.36632 8.36632 8.36632 8.36632 8.36632 8.36632 8.36632 8.36632 8.36632 8.36632 
1 1 1 1 1 1 1 1 1 1 1 1 1 1 1 1 1 1 1 1 1 1 1 1 
item 11
37.7329 101.483 75.2354 113.984 25.1719 89.934 49.1991 116.03 28.3422 62.8164 30.035 122.413 64.925 87.9286 58.6538 63.4126 75.2267 117.008 85.2045 113.168 51.0796 109.456 33.7239 92.5022 
48.9314 48.9314 48.9314 48.9314 48.9314 48.9314 48.9314 48.9314 48.9314 48.9314 48.9314 48.9314 48.9314 48.9314 48.9314 48.9314 48.9314 48.9314 48.9314 48.9314 48.9314 48.9314 48.9314 48.9314 
1 1 1 1 1 1 1 1 1 1 1 1 1 1 1 1 1 1 1 1 1 1 1 1 
item 12
46.6644 108.56 85.3877 104.78 27.3139 103.513 30.5771 89.1578 59.8421 118.924 67.9221 102.31 50.6868 59.2902 49.3529 78.7417 37.4002 121.45 79.7456 75.6342 65.1662 75.4783 69.1579 102.13 
72.1288 72.1288 72.1288 72.1288 72.1288 72.1288 72.1288 72.1288 72.1288 72.1288 72.1288 72.1288 72.1288 72.1288 72.1288 72.1288 72.1288 72.1288 72.1288 72.1288 72.1288 72.1288 72.1288 72.1288 
1 1 1 1 1 1 1 1 1 1 1 1 1 1 1 1 1 1 1 1 1 1 1 1 
item 13
70.45 86.8458 54.9794 98.6697 60.1002 107.588 37.9391 117.287 54.1611 95.4749 31.0181 100.762 47.3839 93.6618 46.5422 86.4707 63.887 86.0861 63.1388 103.899 35.6643 91.6483 56.644 110.913 
57.3548 57.3548 57.3548 57.3548 57.3548 57.3548 57.3548 57.3548 57.3548 57.3548 57.3548 57.3548 57.3548 57.3548 57.3548 57.3548 57.3548 57.3548 57.3548 57.3548 57.3548 57.3548 57.3548 57.3548 
1 1 1 1 1 1 1 1 1 1 1 1 1 1 1 1 1 1 1 1 1 1 1 1 
item 14
83.1528 122.048 84.4555 101.54 32.757 103.406 29.7062 97.593 45.9892 132.961 50.0566 119.385 56.0308 84.5858 17.8588 139.997 77.2564 95.3011 54.9431 119.642 33.445 111.458 32.5159 68.1925 
27.0662 27.0662 27.0662 27.0662 27.0662 27.0662 27.0662 27.0662 27.0662 27.0662 27.0662 27.0662 27.0662 27.0662 27.0662 27.0662 27.0662 27.0662 27.0662 27.0662 27.0662 27.0662 27.0662 27.0662 
1 1 1 1 1 1 1 1 1 1 1 1 1 1 1 1 1 1 1 1 1 1 1 1 
item 15
62.9894 115.605 57.8053 98.1892 39.8157 108.421 52.2832 66.5322 20.5655 106.737 48.8268 112.923 64.2727 113.024 45.895 118.019 15.4693 75.4899 74.1315 127.39 46.0809 57.6626 44.6511 89.1279 
44.1522 44.1522 44.1522 44.1522 44.1522 44.1522 44.1522 44.1522 44.1522 44.1522 44.1522 44.1522 44.1522 44.1522 44.1522 44.1522 44.1522 44.1522 44.1522 44.1522 44.1522 44.1522 44.1522 44.1522 
1 1 1 1 1 1 1 1 1 1 1 1 1 1 1 1 1 1 1 1 1 1 1 1 
item 16
37.7388 112.51 65.8491 111.935 76.3886 101.961 78.3998 149.722 45.002 113.572 39.9538 71.5809 57.985 92.2644 37.6299 120.175 35.7343 68.7497 45.6078 119.45 39.9706 83.203 51.6065 89.5907 
55.1151 55.1151 55.1151 55.1151 55.1151 55.1151 55.1151 55.1151 55.1151 55.1151 55.1151 55.1151 55.1151 55.1151 55.1151 55.1151 55.1151 55.1151 55.1151 55.1151 55.1151 55.1151 55.1151 55.1151 
1 1 1 1 1 1 1 1 1 1 1 1 1 1 1 1 1 1 1 1 1 1 1 1 
item 17
43.0643 89.8685 53.8311 86.1778 52.9142 110.63 39.2062 99.1977 25.7077 48.0387 42.2151 86.7032 40.9054 98.5932 31.9654 131.739 54.1562 84.412 61.0403 94.2992 50.7027 93.672 29.3405 107.098 
81.3485 81.3485 81.3485 81.3485 81.3485 81.3485 81.3485 81.3485 81.3485 81.3485 81.3485 81.3485 81.3485 81.3485 81.3485 81.3485 81.3485 81.3485 81.3485 81.3485 81.3485 81.3485 81.3485 81.3485 
1 1 1 1 1 1 1 1 1 1 1 1 1 1 1 1 1 1 1 1 1 1 1 1 
item 18
58.7443 101.212 39.7335 110.807 34.676 110.468 40.0017 94.788 43.6565 76.9605 48.2044 72.436 64.8138 98.2969 76.4476 84.7448 22.1895 114.783 19.5691 96.3225 47.4998 95.0539 33.917 106.716 
54.6189 54.6189 54.6189 54.6189 54.6189 54.6189 54.6189 54.6189 54.6189 54.6189 54.6189 54.6189 54.6189 54.6189 54.6189 54.6189 54.6189 54.6189 54.6189 54.6189 54.6189 54.6189 54.6189 54.6189 
1 1 1 1 1 1 1 1 1 1 1 1 1 1 1 1 1 1 1 1 1 1 1 1 
item 19
70.0921 68.2971 80.3076 64.934 50.4288 102.596 54.0606 110.654 35.8996 101.924 59.8029 82.0149 86.7057 104.347 44.5822 142.511 31.5384 130.639 51.9646 93.086 21.8644 69.5747 38.1698 109.418 
76.8277 76.8277 76.8277 76.8277 76.8277 76.8277 76.8277 76.8277 76.8277 76.8277 76.8277 76.8277 76.8277 76.8277 76.8277 76.8277 76.8277 76.8277 76.8277 76.8277 76.8277 76.8277 76.8277 76.8277 
1 1 1 1 1 1 1 1 1 1 1 1 1 1 1 1 1 1 1 1 1 1 1 1 
