18 5 
935.568 935.568 935.568 935.568 935.568 935.568 935.568 935.568 935.568 935.568 935.568 935.568 935.568 935.568 935.568 935.568 935.568 935.568 
item 0
21.8562 136.211 60.1185 85.0622 70.4541 100.293 54.8201 95.4598 34.6758 101.532 63.2387 56.5159 57.0941 91.8511 15.2503 118.822 5.447 84.6036 
61.4949 61.4949 61.4949 61.4949 61.4949 61.4949 61.4949 61.4949 61.4949 61.4949 61.4949 61.4949 61.4949 61.4949 61.4949 61.4949 61.4949 61.4949 
1 1 1 1 1 1 1 1 1 1 1 1 1 1 1 1 1 1 
item 1
37.9179 67.7349 78.805 108.14 46.3638 81.705 36.3088 100.619 48.8248 108.837 56.6273 119.555 62.2858 78.2232 34.5467 120.999 56.3073 109.123 
29.4391 29.4391 29.4391 29.4391 29.4391 29.4391 29.4391 29.4391 29.4391 29.4391 29.4391 29.4391 29.4391 29.4391 29.4391 29.4391 29.4391 29.4391 
1 1 1 1 1 1 1 1 1 1 1 1 1 1 1 1 1 1 
item 2
24.7312 92.4923 19.8179 90.0377 48.0122 75.9853 54.8302 79.7085 62.2843 54.9315 28.5262 132.108 54.7866 147.431 31.19 103.857 22.2947 85.5616 
61.8565 61.8565 61.8565 61.8565 61.8565 61.8565 61.8565 61.8565 61.8565 61.8565 61.8565 61.8565 61.8565 61.8565 61.8565 61.8565 61.8565 61.8565 
1 1 1 1 1 1 1 1 1 1 1 1 1 1 1 1 1 1 
item 3
88.1625 109.235 44.0164 125.431 50.8199 102.407 31.8974 88.1286 66.7549 100.223 66.9699 129.557 18.7711 114.727 95.8171 106.877 42.5537 99.0433 
46.0228 46.0228 46.0228 46.0228 46.0228 46.0228 46.0228 46.0228 46.0228 46.0228 46.0228 46.0228 46.0228 46.0228 46.0228 46.0228 46.0228 46.0228 
1 1 1 1 1 1 1 1 1 1 1 1 1 1 1 1 1 1 
item 4
35.9047 93.6343 42.0565 77.8851 62.283 91.0444 57.0284 92.8726 81.5536 95.7967 35.6058 90.4925 56.2338 89.6283 35.697 89.2039 49.9953 90.9164 
29.5531 29.5531 29.5531 29.5531 29.5531 29.5531 29.5531 29.5531 29.5531 29.5531 29.5531 29.5531 29.5531 29.5531 29.5531 29.5531 29.5531 29.5531 
1 1 1 1 1 1 1 1 1 1 1 1 1 1 1 1 1 1 
