18 5 
-6.27744e+66 56.1109 142.094 186.18 451.755 681.392 1196.43 1586.72 2277.79 2507.7 3278.69 3780.17 4746.58 5374.34 6985.4 7226.98 8442.39 9599.76 11456.3 
-6.27744e+66 -6.27744e+66 56.1109 78.154 255.204 427.432 839.463 1164.7 1757.05 1958.22 2643.55 3094.88 3973.43 4548.88 6036.01 6260.33 7394.71 8479.75 10227.1 
-6.27744e+66 -6.27744e+66 -6.27744e+66 56.1109 144.636 259.454 568.478 828.67 1322.29 1494.72 2094.39 2495.57 3286.27 3809.4 5172.6 5379.67 6433.02 7445.72 9083.89 
-6.27744e+66 -6.27744e+66 -6.27744e+66 -6.27744e+66 56.1109 113.52 319.536 514.68 909.579 1053.27 1567.27 1918.3 2621.15 3091.96 4331.24 4521.05 5493.38 6433.74 7962.7 
-6.27744e+66 -6.27744e+66 -6.27744e+66 -6.27744e+66 -6.27744e+66 56.1109 159.119 289.215 585.389 700.341 1128.67 1429.56 2044.55 2463.05 3578.4 3750.96 4642.26 5510.29 6930.03 
-6.27744e+66 -6.27744e+66 -6.27744e+66 -6.27744e+66 -6.27744e+66 -6.27744e+66 56.1109 121.159 318.608 404.823 747.488 998.226 1525.36 1891.55 2882.97 3038.27 3848.55 4644.24 5954.77 
-6.27744e+66 -6.27744e+66 -6.27744e+66 -6.27744e+66 -6.27744e+66 -6.27744e+66 -6.27744e+66 56.1109 154.836 212.312 469.311 669.901 1109.18 1423.06 2290.55 2428.6 3157.84 3881.2 5082.52 
-6.27744e+66 -6.27744e+66 -6.27744e+66 -6.27744e+66 -6.27744e+66 -6.27744e+66 -6.27744e+66 -6.27744e+66 56.1109 84.849 256.182 406.625 758.047 1019.61 1763.18 1883.97 2532.19 3183.21 4275.32 
-6.27744e+66 -6.27744e+66 -6.27744e+66 -6.27744e+66 -6.27744e+66 -6.27744e+66 -6.27744e+66 -6.27744e+66 -6.27744e+66 56.1109 141.777 242.073 505.639 714.892 1334.53 1438.06 2005.25 2583.94 3566.84 
-6.27744e+66 -6.27744e+66 -6.27744e+66 -6.27744e+66 -6.27744e+66 -6.27744e+66 -6.27744e+66 -6.27744e+66 -6.27744e+66 -6.27744e+66 56.1109 106.259 281.97 438.909 934.619 1020.9 1507.06 2013.41 2887.1 
-6.27744e+66 -6.27744e+66 -6.27744e+66 -6.27744e+66 -6.27744e+66 -6.27744e+66 -6.27744e+66 -6.27744e+66 -6.27744e+66 -6.27744e+66 -6.27744e+66 56.1109 143.967 248.593 620.376 689.398 1094.53 1528.55 2293.03 
-6.27744e+66 -6.27744e+66 -6.27744e+66 -6.27744e+66 -6.27744e+66 -6.27744e+66 -6.27744e+66 -6.27744e+66 -6.27744e+66 -6.27744e+66 -6.27744e+66 -6.27744e+66 56.1109 108.424 356.279 408.046 732.156 1093.83 1749.1 
-6.27744e+66 -6.27744e+66 -6.27744e+66 -6.27744e+66 -6.27744e+66 -6.27744e+66 -6.27744e+66 -6.27744e+66 -6.27744e+66 -6.27744e+66 -6.27744e+66 -6.27744e+66 -6.27744e+66 56.1109 180.039 214.55 457.632 746.974 1293.03 
-6.27744e+66 -6.27744e+66 -6.27744e+66 -6.27744e+66 -6.27744e+66 -6.27744e+66 -6.27744e+66 -6.27744e+66 -6.27744e+66 -6.27744e+66 -6.27744e+66 -6.27744e+66 -6.27744e+66 -6.27744e+66 56.1109 73.3665 235.421 452.428 889.273 
-6.27744e+66 -6.27744e+66 -6.27744e+66 -6.27744e+66 -6.27744e+66 -6.27744e+66 -6.27744e+66 -6.27744e+66 -6.27744e+66 -6.27744e+66 -6.27744e+66 -6.27744e+66 -6.27744e+66 -6.27744e+66 -6.27744e+66 56.1109 137.138 281.81 609.443 
-6.27744e+66 -6.27744e+66 -6.27744e+66 -6.27744e+66 -6.27744e+66 -6.27744e+66 -6.27744e+66 -6.27744e+66 -6.27744e+66 -6.27744e+66 -6.27744e+66 -6.27744e+66 -6.27744e+66 -6.27744e+66 -6.27744e+66 -6.27744e+66 56.1109 128.447 346.869 
-6.27744e+66 -6.27744e+66 -6.27744e+66 -6.27744e+66 -6.27744e+66 -6.27744e+66 -6.27744e+66 -6.27744e+66 -6.27744e+66 -6.27744e+66 -6.27744e+66 -6.27744e+66 -6.27744e+66 -6.27744e+66 -6.27744e+66 -6.27744e+66 -6.27744e+66 56.1109 165.322 
-6.27744e+66 -6.27744e+66 -6.27744e+66 -6.27744e+66 -6.27744e+66 -6.27744e+66 -6.27744e+66 -6.27744e+66 -6.27744e+66 -6.27744e+66 -6.27744e+66 -6.27744e+66 -6.27744e+66 -6.27744e+66 -6.27744e+66 -6.27744e+66 -6.27744e+66 -6.27744e+66 56.1109 
-6.27744e+66 -6.27744e+66 -6.27744e+66 -6.27744e+66 -6.27744e+66 -6.27744e+66 -6.27744e+66 -6.27744e+66 -6.27744e+66 -6.27744e+66 -6.27744e+66 -6.27744e+66 -6.27744e+66 -6.27744e+66 -6.27744e+66 -6.27744e+66 -6.27744e+66 -6.27744e+66 -6.27744e+66 
-6.27744e+66 33.3908 138.89 273.045 567.792 744.239 1114.83 1294.83 2091.86 2218.09 2899.09 3234.42 4350.76 4905.34 6033.49 6671.3 8165.01 9274.45 11413 
-6.27744e+66 -6.27744e+66 33.3908 100.468 296.966 429.302 725.777 875.776 1558.94 1669.39 2274.73 2576.53 3591.38 4099.75 5141.12 5733.37 7127.5 8167.59 10180.4 
-6.27744e+66 -6.27744e+66 -6.27744e+66 33.3908 131.64 219.864 442.22 562.219 1131.52 1226.2 1755.87 2024.13 2937.5 3399.65 4354.24 4900.93 6195.48 7166.23 9053.22 
-6.27744e+66 -6.27744e+66 -6.27744e+66 -6.27744e+66 33.3908 77.5027 225.74 315.74 771.183 850.076 1304.08 1538.81 2350.69 2766.63 3634.44 4135.57 5330.54 6231.96 7993.14 
-6.27744e+66 -6.27744e+66 -6.27744e+66 -6.27744e+66 -6.27744e+66 33.3908 107.51 167.509 509.092 572.206 950.543 1151.74 1862.14 2231.86 3012.89 3468.47 4563.85 5395.93 7031.31 
-6.27744e+66 -6.27744e+66 -6.27744e+66 -6.27744e+66 -6.27744e+66 -6.27744e+66 33.3908 63.3906 291.112 338.448 641.118 808.783 1417.69 1741.2 2435.45 2845.47 3841.27 4604.01 6113.59 
-6.27744e+66 -6.27744e+66 -6.27744e+66 -6.27744e+66 -6.27744e+66 -6.27744e+66 -6.27744e+66 33.3908 147.252 178.809 405.811 539.943 1047.37 1324.66 1932.13 2296.59 3192.81 3886.21 5270 
-6.27744e+66 -6.27744e+66 -6.27744e+66 -6.27744e+66 -6.27744e+66 -6.27744e+66 -6.27744e+66 -6.27744e+66 33.3908 49.1695 200.504 301.104 707.044 938.119 1458.8 1777.71 2574.36 3198.41 4456.4 
-6.27744e+66 -6.27744e+66 -6.27744e+66 -6.27744e+66 -6.27744e+66 -6.27744e+66 -6.27744e+66 -6.27744e+66 -6.27744e+66 33.3908 109.058 176.124 480.58 665.44 1099.34 1372.69 2069.76 2624.47 3756.66 
-6.27744e+66 -6.27744e+66 -6.27744e+66 -6.27744e+66 -6.27744e+66 -6.27744e+66 -6.27744e+66 -6.27744e+66 -6.27744e+66 -6.27744e+66 33.3908 66.924 269.894 408.539 755.663 983.453 1580.94 2066.31 3072.7 
-6.27744e+66 -6.27744e+66 -6.27744e+66 -6.27744e+66 -6.27744e+66 -6.27744e+66 -6.27744e+66 -6.27744e+66 -6.27744e+66 -6.27744e+66 -6.27744e+66 33.3908 134.876 227.306 487.649 669.88 1167.78 1583.82 2464.41 
-6.27744e+66 -6.27744e+66 -6.27744e+66 -6.27744e+66 -6.27744e+66 -6.27744e+66 -6.27744e+66 -6.27744e+66 -6.27744e+66 -6.27744e+66 -6.27744e+66 -6.27744e+66 33.3908 79.6059 253.168 389.841 788.164 1134.86 1889.65 
-6.27744e+66 -6.27744e+66 -6.27744e+66 -6.27744e+66 -6.27744e+66 -6.27744e+66 -6.27744e+66 -6.27744e+66 -6.27744e+66 -6.27744e+66 -6.27744e+66 -6.27744e+66 -6.27744e+66 33.3908 120.172 211.288 510.029 787.388 1416.38 
-6.27744e+66 -6.27744e+66 -6.27744e+66 -6.27744e+66 -6.27744e+66 -6.27744e+66 -6.27744e+66 -6.27744e+66 -6.27744e+66 -6.27744e+66 -6.27744e+66 -6.27744e+66 -6.27744e+66 -6.27744e+66 33.3908 78.9488 278.11 486.129 989.324 
-6.27744e+66 -6.27744e+66 -6.27744e+66 -6.27744e+66 -6.27744e+66 -6.27744e+66 -6.27744e+66 -6.27744e+66 -6.27744e+66 -6.27744e+66 -6.27744e+66 -6.27744e+66 -6.27744e+66 -6.27744e+66 -6.27744e+66 33.3908 132.971 271.65 649.047 
-6.27744e+66 -6.27744e+66 -6.27744e+66 -6.27744e+66 -6.27744e+66 -6.27744e+66 -6.27744e+66 -6.27744e+66 -6.27744e+66 -6.27744e+66 -6.27744e+66 -6.27744e+66 -6.27744e+66 -6.27744e+66 -6.27744e+66 -6.27744e+66 33.3908 102.73 354.328 
-6.27744e+66 -6.27744e+66 -6.27744e+66 -6.27744e+66 -6.27744e+66 -6.27744e+66 -6.27744e+66 -6.27744e+66 -6.27744e+66 -6.27744e+66 -6.27744e+66 -6.27744e+66 -6.27744e+66 -6.27744e+66 -6.27744e+66 -6.27744e+66 -6.27744e+66 33.3908 159.19 
-6.27744e+66 -6.27744e+66 -6.27744e+66 -6.27744e+66 -6.27744e+66 -6.27744e+66 -6.27744e+66 -6.27744e+66 -6.27744e+66 -6.27744e+66 -6.27744e+66 -6.27744e+66 -6.27744e+66 -6.27744e+66 -6.27744e+66 -6.27744e+66 -6.27744e+66 -6.27744e+66 33.3908 
-6.27744e+66 -6.27744e+66 -6.27744e+66 -6.27744e+66 -6.27744e+66 -6.27744e+66 -6.27744e+66 -6.27744e+66 -6.27744e+66 -6.27744e+66 -6.27744e+66 -6.27744e+66 -6.27744e+66 -6.27744e+66 -6.27744e+66 -6.27744e+66 -6.27744e+66 -6.27744e+66 -6.27744e+66 
-6.27744e+66 64.2735 181.127 262.88 447.57 653.267 1083 1333.71 1857.06 1920.46 2923.92 3516.38 4534.59 5181.99 6574.9 7183.74 8656.51 9221.77 11027.6 
-6.27744e+66 -6.27744e+66 64.2735 105.15 228.277 382.549 726.334 935.262 1383.84 1439.32 2331.28 2864.5 3790.14 4383.59 5669.35 6234.71 7609.3 8139.23 9838.84 
-6.27744e+66 -6.27744e+66 -6.27744e+66 64.2735 125.837 228.685 486.524 653.666 1027.48 1075.04 1855.5 2329.48 3162.55 3702.05 4880.67 5402.54 6678.94 7173.54 8766.93 
-6.27744e+66 -6.27744e+66 -6.27744e+66 -6.27744e+66 64.2735 115.698 287.59 412.947 712.001 751.627 1420.6 1835.33 2575.84 3061.39 4132.86 4611.24 5789.45 6248.72 7735.89 
-6.27744e+66 -6.27744e+66 -6.27744e+66 -6.27744e+66 -6.27744e+66 64.2735 150.22 233.791 458.081 489.783 1047.26 1402.74 2050.69 2482.29 3446.61 3881.5 4961.53 5385.47 6766.41 
-6.27744e+66 -6.27744e+66 -6.27744e+66 -6.27744e+66 -6.27744e+66 -6.27744e+66 64.2735 106.059 255.586 279.362 725.343 1021.58 1576.96 1954.61 2811.78 3203.19 4185.03 4573.65 5848.36 
-6.27744e+66 -6.27744e+66 -6.27744e+66 -6.27744e+66 -6.27744e+66 -6.27744e+66 -6.27744e+66 64.2735 139.037 154.888 489.373 726.36 1189.18 1512.88 2262.91 2610.82 3494.48 3847.77 5016.25 
-6.27744e+66 -6.27744e+66 -6.27744e+66 -6.27744e+66 -6.27744e+66 -6.27744e+66 -6.27744e+66 -6.27744e+66 64.2735 72.1988 295.189 472.93 843.186 1112.94 1755.82 2060.24 2845.72 3163.68 4225.93 
-6.27744e+66 -6.27744e+66 -6.27744e+66 -6.27744e+66 -6.27744e+66 -6.27744e+66 -6.27744e+66 -6.27744e+66 -6.27744e+66 64.2735 175.769 294.262 571.955 787.754 1323.49 1584.42 2271.72 2554.34 3510.38 
-6.27744e+66 -6.27744e+66 -6.27744e+66 -6.27744e+66 -6.27744e+66 -6.27744e+66 -6.27744e+66 -6.27744e+66 -6.27744e+66 -6.27744e+66 64.2735 123.52 308.649 470.498 899.085 1116.53 1705.64 1952.94 2802.75 
-6.27744e+66 -6.27744e+66 -6.27744e+66 -6.27744e+66 -6.27744e+66 -6.27744e+66 -6.27744e+66 -6.27744e+66 -6.27744e+66 -6.27744e+66 -6.27744e+66 64.2735 156.838 264.737 586.178 760.134 1251.06 1463.03 2206.61 
-6.27744e+66 -6.27744e+66 -6.27744e+66 -6.27744e+66 -6.27744e+66 -6.27744e+66 -6.27744e+66 -6.27744e+66 -6.27744e+66 -6.27744e+66 -6.27744e+66 -6.27744e+66 64.2735 118.223 332.517 462.984 855.723 1032.37 1669.72 
-6.27744e+66 -6.27744e+66 -6.27744e+66 -6.27744e+66 -6.27744e+66 -6.27744e+66 -6.27744e+66 -6.27744e+66 -6.27744e+66 -6.27744e+66 -6.27744e+66 -6.27744e+66 -6.27744e+66 64.2735 171.42 258.398 552.953 694.267 1225.4 
-6.27744e+66 -6.27744e+66 -6.27744e+66 -6.27744e+66 -6.27744e+66 -6.27744e+66 -6.27744e+66 -6.27744e+66 -6.27744e+66 -6.27744e+66 -6.27744e+66 -6.27744e+66 -6.27744e+66 -6.27744e+66 64.2735 107.763 304.132 410.118 835.021 
-6.27744e+66 -6.27744e+66 -6.27744e+66 -6.27744e+66 -6.27744e+66 -6.27744e+66 -6.27744e+66 -6.27744e+66 -6.27744e+66 -6.27744e+66 -6.27744e+66 -6.27744e+66 -6.27744e+66 -6.27744e+66 -6.27744e+66 64.2735 162.458 233.115 551.793 
-6.27744e+66 -6.27744e+66 -6.27744e+66 -6.27744e+66 -6.27744e+66 -6.27744e+66 -6.27744e+66 -6.27744e+66 -6.27744e+66 -6.27744e+66 -6.27744e+66 -6.27744e+66 -6.27744e+66 -6.27744e+66 -6.27744e+66 -6.27744e+66 64.2735 99.6021 312.054 
-6.27744e+66 -6.27744e+66 -6.27744e+66 -6.27744e+66 -6.27744e+66 -6.27744e+66 -6.27744e+66 -6.27744e+66 -6.27744e+66 -6.27744e+66 -6.27744e+66 -6.27744e+66 -6.27744e+66 -6.27744e+66 -6.27744e+66 -6.27744e+66 -6.27744e+66 64.2735 170.499 
-6.27744e+66 -6.27744e+66 -6.27744e+66 -6.27744e+66 -6.27744e+66 -6.27744e+66 -6.27744e+66 -6.27744e+66 -6.27744e+66 -6.27744e+66 -6.27744e+66 -6.27744e+66 -6.27744e+66 -6.27744e+66 -6.27744e+66 -6.27744e+66 -6.27744e+66 -6.27744e+66 64.2735 
-6.27744e+66 -6.27744e+66 -6.27744e+66 -6.27744e+66 -6.27744e+66 -6.27744e+66 -6.27744e+66 -6.27744e+66 -6.27744e+66 -6.27744e+66 -6.27744e+66 -6.27744e+66 -6.27744e+66 -6.27744e+66 -6.27744e+66 -6.27744e+66 -6.27744e+66 -6.27744e+66 -6.27744e+66 
-6.27744e+66 32.4032 147.387 247.593 507.967 749.909 1299.64 1566.48 2067.91 2715.32 3659.37 3981.97 5310.57 6220.35 7458.69 8374.02 9771.3 10252.1 12281.8 
-6.27744e+66 -6.27744e+66 32.4032 82.5063 256.089 437.546 877.334 1099.7 1529.49 2095.98 2935.14 3225.48 4433.29 5267.26 6410.34 7260.29 8564.41 9015.17 10925.4 
-6.27744e+66 -6.27744e+66 -6.27744e+66 32.4032 119.195 240.166 570.007 747.898 1106.06 1591.62 2325.88 2583.96 3670.99 4429.15 5476.98 6261.54 7472.51 7893.22 9684.09 
-6.27744e+66 -6.27744e+66 -6.27744e+66 -6.27744e+66 32.4032 92.8886 312.783 446.201 732.731 1137.36 1766.73 1992.55 2958.8 3641.14 4593.71 5312.9 6430.72 6821.37 8492.85 
-6.27744e+66 -6.27744e+66 -6.27744e+66 -6.27744e+66 -6.27744e+66 32.4032 142.35 231.296 446.193 769.9 1294.37 1487.93 2333.4 2939.92 3797.24 4451.04 5475.71 5836.32 7388.41 
-6.27744e+66 -6.27744e+66 -6.27744e+66 -6.27744e+66 -6.27744e+66 -6.27744e+66 32.4032 76.876 220.141 462.921 882.5 1043.8 1768.49 2299.19 3061.25 3649.67 4581.19 4911.75 6344.44 
-6.27744e+66 -6.27744e+66 -6.27744e+66 -6.27744e+66 -6.27744e+66 -6.27744e+66 -6.27744e+66 32.4032 104.036 265.889 580.573 709.612 1313.52 1768.41 2435.21 2958.25 3796.62 4097.12 5410.43 
-6.27744e+66 -6.27744e+66 -6.27744e+66 -6.27744e+66 -6.27744e+66 -6.27744e+66 -6.27744e+66 -6.27744e+66 32.4032 113.33 323.119 419.899 903.024 1282.1 1853.64 2311.31 3056.52 3326.97 4520.89 
-6.27744e+66 -6.27744e+66 -6.27744e+66 -6.27744e+66 -6.27744e+66 -6.27744e+66 -6.27744e+66 -6.27744e+66 -6.27744e+66 32.4032 137.298 201.817 564.162 867.422 1343.71 1735.99 2388.05 2628.46 3702.98 
-6.27744e+66 -6.27744e+66 -6.27744e+66 -6.27744e+66 -6.27744e+66 -6.27744e+66 -6.27744e+66 -6.27744e+66 -6.27744e+66 -6.27744e+66 32.4032 64.6629 306.226 533.671 914.7 1241.6 1800.51 2010.87 2966 
-6.27744e+66 -6.27744e+66 -6.27744e+66 -6.27744e+66 -6.27744e+66 -6.27744e+66 -6.27744e+66 -6.27744e+66 -6.27744e+66 -6.27744e+66 -6.27744e+66 32.4032 153.185 304.815 590.587 852.108 1317.87 1498.17 2333.91 
-6.27744e+66 -6.27744e+66 -6.27744e+66 -6.27744e+66 -6.27744e+66 -6.27744e+66 -6.27744e+66 -6.27744e+66 -6.27744e+66 -6.27744e+66 -6.27744e+66 -6.27744e+66 32.4032 108.218 298.733 494.874 867.481 1017.73 1734.08 
-6.27744e+66 -6.27744e+66 -6.27744e+66 -6.27744e+66 -6.27744e+66 -6.27744e+66 -6.27744e+66 -6.27744e+66 -6.27744e+66 -6.27744e+66 -6.27744e+66 -6.27744e+66 -6.27744e+66 32.4032 127.66 258.421 537.877 658.078 1255.04 
-6.27744e+66 -6.27744e+66 -6.27744e+66 -6.27744e+66 -6.27744e+66 -6.27744e+66 -6.27744e+66 -6.27744e+66 -6.27744e+66 -6.27744e+66 -6.27744e+66 -6.27744e+66 -6.27744e+66 -6.27744e+66 32.4032 97.7835 284.087 374.239 851.804 
-6.27744e+66 -6.27744e+66 -6.27744e+66 -6.27744e+66 -6.27744e+66 -6.27744e+66 -6.27744e+66 -6.27744e+66 -6.27744e+66 -6.27744e+66 -6.27744e+66 -6.27744e+66 -6.27744e+66 -6.27744e+66 -6.27744e+66 32.4032 125.555 185.656 543.83 
-6.27744e+66 -6.27744e+66 -6.27744e+66 -6.27744e+66 -6.27744e+66 -6.27744e+66 -6.27744e+66 -6.27744e+66 -6.27744e+66 -6.27744e+66 -6.27744e+66 -6.27744e+66 -6.27744e+66 -6.27744e+66 -6.27744e+66 -6.27744e+66 32.4032 62.4536 301.236 
-6.27744e+66 -6.27744e+66 -6.27744e+66 -6.27744e+66 -6.27744e+66 -6.27744e+66 -6.27744e+66 -6.27744e+66 -6.27744e+66 -6.27744e+66 -6.27744e+66 -6.27744e+66 -6.27744e+66 -6.27744e+66 -6.27744e+66 -6.27744e+66 -6.27744e+66 32.4032 151.795 
-6.27744e+66 -6.27744e+66 -6.27744e+66 -6.27744e+66 -6.27744e+66 -6.27744e+66 -6.27744e+66 -6.27744e+66 -6.27744e+66 -6.27744e+66 -6.27744e+66 -6.27744e+66 -6.27744e+66 -6.27744e+66 -6.27744e+66 -6.27744e+66 -6.27744e+66 -6.27744e+66 32.4032 
-6.27744e+66 -6.27744e+66 -6.27744e+66 -6.27744e+66 -6.27744e+66 -6.27744e+66 -6.27744e+66 -6.27744e+66 -6.27744e+66 -6.27744e+66 -6.27744e+66 -6.27744e+66 -6.27744e+66 -6.27744e+66 -6.27744e+66 -6.27744e+66 -6.27744e+66 -6.27744e+66 -6.27744e+66 
-6.27744e+66 53.9868 143.131 235.397 484.212 680.868 967.79 1100.73 1819.53 2078.79 2914.88 3182.54 4326.35 5172.37 6770.55 7328.66 8970.85 9627.27 11609.4 
-6.27744e+66 -6.27744e+66 53.9868 100.12 265.997 413.488 643.026 753.808 1369.93 1596.78 2339.97 2580.87 3620.69 4396.21 5871.45 6389.7 7922.41 8537.8 10403.3 
-6.27744e+66 -6.27744e+66 -6.27744e+66 53.9868 136.925 235.253 407.406 496.032 1009.46 1203.91 1854.2 2068.33 3004.17 3709.19 5061.5 5539.88 6963.11 7537.47 9286.37 
-6.27744e+66 -6.27744e+66 -6.27744e+66 -6.27744e+66 53.9868 103.151 217.92 284.389 695.135 857.172 1414.56 1601.93 2433.79 3068.3 4297.67 4736.19 6049.94 6583.28 8215.58 
-6.27744e+66 -6.27744e+66 -6.27744e+66 -6.27744e+66 -6.27744e+66 53.9868 111.371 155.684 463.743 593.373 1057.87 1218.46 1946.34 2510.36 3616.79 4015.44 5219.71 5712.02 7227.73 
-6.27744e+66 -6.27744e+66 -6.27744e+66 -6.27744e+66 -6.27744e+66 -6.27744e+66 53.9868 76.1431 281.516 378.739 750.333 884.165 1508.06 2001.57 2985.07 3343.85 4438.65 4889.93 6289.05 
-6.27744e+66 -6.27744e+66 -6.27744e+66 -6.27744e+66 -6.27744e+66 -6.27744e+66 -6.27744e+66 53.9868 156.673 221.488 500.184 607.25 1127.16 1550.17 2410.73 2729.65 3714.97 4125.22 5407.75 
-6.27744e+66 -6.27744e+66 -6.27744e+66 -6.27744e+66 -6.27744e+66 -6.27744e+66 -6.27744e+66 -6.27744e+66 53.9868 86.3943 272.192 352.491 768.419 1120.93 1858.55 2137.61 3013.44 3382.67 4548.61 
-6.27744e+66 -6.27744e+66 -6.27744e+66 -6.27744e+66 -6.27744e+66 -6.27744e+66 -6.27744e+66 -6.27744e+66 -6.27744e+66 53.9868 146.885 200.418 512.365 794.373 1409.06 1648.25 2414.6 2742.81 3792.15 
-6.27744e+66 -6.27744e+66 -6.27744e+66 -6.27744e+66 -6.27744e+66 -6.27744e+66 -6.27744e+66 -6.27744e+66 -6.27744e+66 -6.27744e+66 53.9868 80.7531 288.718 500.223 991.972 1191.3 1848.17 2135.35 3068.1 
-6.27744e+66 -6.27744e+66 -6.27744e+66 -6.27744e+66 -6.27744e+66 -6.27744e+66 -6.27744e+66 -6.27744e+66 -6.27744e+66 -6.27744e+66 -6.27744e+66 53.9868 157.969 298.973 667.784 827.243 1374.64 1620.8 2436.95 
-6.27744e+66 -6.27744e+66 -6.27744e+66 -6.27744e+66 -6.27744e+66 -6.27744e+66 -6.27744e+66 -6.27744e+66 -6.27744e+66 -6.27744e+66 -6.27744e+66 -6.27744e+66 53.9868 124.489 370.363 489.957 927.875 1133 1832.56 
-6.27744e+66 -6.27744e+66 -6.27744e+66 -6.27744e+66 -6.27744e+66 -6.27744e+66 -6.27744e+66 -6.27744e+66 -6.27744e+66 -6.27744e+66 -6.27744e+66 -6.27744e+66 -6.27744e+66 53.9868 176.924 256.654 585.092 749.195 1332.16 
-6.27744e+66 -6.27744e+66 -6.27744e+66 -6.27744e+66 -6.27744e+66 -6.27744e+66 -6.27744e+66 -6.27744e+66 -6.27744e+66 -6.27744e+66 -6.27744e+66 -6.27744e+66 -6.27744e+66 -6.27744e+66 53.9868 93.8516 312.81 435.888 902.261 
-6.27744e+66 -6.27744e+66 -6.27744e+66 -6.27744e+66 -6.27744e+66 -6.27744e+66 -6.27744e+66 -6.27744e+66 -6.27744e+66 -6.27744e+66 -6.27744e+66 -6.27744e+66 -6.27744e+66 -6.27744e+66 -6.27744e+66 53.9868 163.466 245.518 595.298 
-6.27744e+66 -6.27744e+66 -6.27744e+66 -6.27744e+66 -6.27744e+66 -6.27744e+66 -6.27744e+66 -6.27744e+66 -6.27744e+66 -6.27744e+66 -6.27744e+66 -6.27744e+66 -6.27744e+66 -6.27744e+66 -6.27744e+66 -6.27744e+66 53.9868 95.0127 328.199 
-6.27744e+66 -6.27744e+66 -6.27744e+66 -6.27744e+66 -6.27744e+66 -6.27744e+66 -6.27744e+66 -6.27744e+66 -6.27744e+66 -6.27744e+66 -6.27744e+66 -6.27744e+66 -6.27744e+66 -6.27744e+66 -6.27744e+66 -6.27744e+66 -6.27744e+66 53.9868 170.58 
-6.27744e+66 -6.27744e+66 -6.27744e+66 -6.27744e+66 -6.27744e+66 -6.27744e+66 -6.27744e+66 -6.27744e+66 -6.27744e+66 -6.27744e+66 -6.27744e+66 -6.27744e+66 -6.27744e+66 -6.27744e+66 -6.27744e+66 -6.27744e+66 -6.27744e+66 -6.27744e+66 53.9868 
-6.27744e+66 -6.27744e+66 -6.27744e+66 -6.27744e+66 -6.27744e+66 -6.27744e+66 -6.27744e+66 -6.27744e+66 -6.27744e+66 -6.27744e+66 -6.27744e+66 -6.27744e+66 -6.27744e+66 -6.27744e+66 -6.27744e+66 -6.27744e+66 -6.27744e+66 -6.27744e+66 -6.27744e+66 
