48 5 
85.9854 85.9854 85.9854 85.9854 85.9854 85.9854 85.9854 85.9854 85.9854 85.9854 85.9854 85.9854 85.9854 85.9854 85.9854 85.9854 85.9854 85.9854 85.9854 85.9854 85.9854 85.9854 85.9854 85.9854 85.9854 85.9854 85.9854 85.9854 85.9854 85.9854 85.9854 85.9854 85.9854 85.9854 85.9854 85.9854 85.9854 85.9854 85.9854 85.9854 85.9854 85.9854 85.9854 85.9854 85.9854 85.9854 85.9854 85.9854 
item 0
36.4426 86.3658 63.2874 98.6229 41.1742 102.722 59.4709 102.203 43.7549 107.395 49.563 102.891 44.1886 104.958 59.283 98.0156 43.0527 58.4006 54.6518 108.246 72.0424 109.856 49.124 100.34 32.3166 119.588 45.2065 103.224 49.1795 106.967 72.2745 114.414 53.5256 91.0275 52.5828 86.1496 51.2749 116.905 19.3877 118.812 53.1114 149.678 56.1198 113.936 19.6204 91.4206 58.7387 126.469 
63.7307 63.7307 63.7307 63.7307 63.7307 63.7307 63.7307 63.7307 63.7307 63.7307 63.7307 63.7307 63.7307 63.7307 63.7307 63.7307 63.7307 63.7307 63.7307 63.7307 63.7307 63.7307 63.7307 63.7307 63.7307 63.7307 63.7307 63.7307 63.7307 63.7307 63.7307 63.7307 63.7307 63.7307 63.7307 63.7307 63.7307 63.7307 63.7307 63.7307 63.7307 63.7307 63.7307 63.7307 63.7307 63.7307 63.7307 63.7307 
1 1 1 1 1 1 1 1 1 1 1 1 1 1 1 1 1 1 1 1 1 1 1 1 1 1 1 1 1 1 1 1 1 1 1 1 1 1 1 1 1 1 1 1 1 1 1 1 
item 1
45.2016 87.4519 36.3512 84.5889 46.1869 108.028 63.0562 64.2773 59.9088 118.09 101.542 75.2876 51.4966 108.381 49.5556 81.1626 52.5883 119.097 68.1559 88.7783 23.3988 99.6384 46.5651 123.137 52.5275 133.96 34.5435 84.1254 38.0119 77.2666 55.2156 116.043 57.4439 63.1723 23.8446 80.596 48.302 109.01 33.7925 70.3799 68.5029 87.4894 57.3023 111.573 73.4226 75.8367 103.648 104.495 
64.8178 64.8178 64.8178 64.8178 64.8178 64.8178 64.8178 64.8178 64.8178 64.8178 64.8178 64.8178 64.8178 64.8178 64.8178 64.8178 64.8178 64.8178 64.8178 64.8178 64.8178 64.8178 64.8178 64.8178 64.8178 64.8178 64.8178 64.8178 64.8178 64.8178 64.8178 64.8178 64.8178 64.8178 64.8178 64.8178 64.8178 64.8178 64.8178 64.8178 64.8178 64.8178 64.8178 64.8178 64.8178 64.8178 64.8178 64.8178 
1 1 1 1 1 1 1 1 1 1 1 1 1 1 1 1 1 1 1 1 1 1 1 1 1 1 1 1 1 1 1 1 1 1 1 1 1 1 1 1 1 1 1 1 1 1 1 1 
item 2
15.9241 104.891 54.2439 108.312 50.6094 77.149 52.5521 101.362 61.7155 96.9486 19.8464 92.329 60.8528 115.858 59.8529 99.3291 67.3205 115.271 39.4181 125.045 84.7088 128.029 28.5908 109.648 11.7207 102.362 45.6758 76.4587 34.9754 102.03 7.50817 103.861 90.773 74.3348 46.6691 87.9183 67.278 106.6 68.4653 81.2136 30.2382 85.6081 56.1381 126.633 55.3584 88.941 34.2209 86.5833 
72.0571 72.0571 72.0571 72.0571 72.0571 72.0571 72.0571 72.0571 72.0571 72.0571 72.0571 72.0571 72.0571 72.0571 72.0571 72.0571 72.0571 72.0571 72.0571 72.0571 72.0571 72.0571 72.0571 72.0571 72.0571 72.0571 72.0571 72.0571 72.0571 72.0571 72.0571 72.0571 72.0571 72.0571 72.0571 72.0571 72.0571 72.0571 72.0571 72.0571 72.0571 72.0571 72.0571 72.0571 72.0571 72.0571 72.0571 72.0571 
1 1 1 1 1 1 1 1 1 1 1 1 1 1 1 1 1 1 1 1 1 1 1 1 1 1 1 1 1 1 1 1 1 1 1 1 1 1 1 1 1 1 1 1 1 1 1 1 
item 3
48.0308 108.211 52.5078 94.872 45.9273 86.3111 54.5763 63.4431 53.2826 127.667 56.7967 120.949 64.0146 131.586 71.0936 76.8601 50.3662 95.8619 24.9599 118.503 33.3766 107.955 32.9298 88.9084 23.772 70.7538 46.6497 107.068 99.9976 112.186 29.501 82.2042 40.3886 106.674 35.9373 123.141 73.091 92.7894 35.6394 108.855 34.5705 106.764 52.8142 98.7709 24.2957 98.6991 63.4714 108.389 
44.2367 44.2367 44.2367 44.2367 44.2367 44.2367 44.2367 44.2367 44.2367 44.2367 44.2367 44.2367 44.2367 44.2367 44.2367 44.2367 44.2367 44.2367 44.2367 44.2367 44.2367 44.2367 44.2367 44.2367 44.2367 44.2367 44.2367 44.2367 44.2367 44.2367 44.2367 44.2367 44.2367 44.2367 44.2367 44.2367 44.2367 44.2367 44.2367 44.2367 44.2367 44.2367 44.2367 44.2367 44.2367 44.2367 44.2367 44.2367 
1 1 1 1 1 1 1 1 1 1 1 1 1 1 1 1 1 1 1 1 1 1 1 1 1 1 1 1 1 1 1 1 1 1 1 1 1 1 1 1 1 1 1 1 1 1 1 1 
item 4
22.2905 79.7237 77.8472 92.7739 66.3706 87.8975 75.6632 66.1965 42.9193 97.7514 85.7092 118.26 34.2633 92.7657 36.7468 95.2038 36.9188 93.4621 50.0558 84.8743 60.7297 94.7135 55.9488 80.8907 60.7462 121.115 39.3773 81.6727 78.8065 104.57 36.6756 80.2612 80.7179 104.933 79.5671 107.166 56.5181 85.5096 21.0731 103.919 58.4731 92.9535 66.9094 92.0209 59.078 79.9467 57.9238 94.4486 
26.0264 26.0264 26.0264 26.0264 26.0264 26.0264 26.0264 26.0264 26.0264 26.0264 26.0264 26.0264 26.0264 26.0264 26.0264 26.0264 26.0264 26.0264 26.0264 26.0264 26.0264 26.0264 26.0264 26.0264 26.0264 26.0264 26.0264 26.0264 26.0264 26.0264 26.0264 26.0264 26.0264 26.0264 26.0264 26.0264 26.0264 26.0264 26.0264 26.0264 26.0264 26.0264 26.0264 26.0264 26.0264 26.0264 26.0264 26.0264 
1 1 1 1 1 1 1 1 1 1 1 1 1 1 1 1 1 1 1 1 1 1 1 1 1 1 1 1 1 1 1 1 1 1 1 1 1 1 1 1 1 1 1 1 1 1 1 1 
