12 40 
36.8291 36.8291 36.8291 36.8291 36.8291 36.8291 36.8291 36.8291 36.8291 36.8291 36.8291 36.8291 
item 0
33.8113 81.5646 49.7859 111.552 44.6299 0 0 117.214 62.622 87.3036 0 0 
69.8856 69.8856 69.8856 69.8856 69.8856 69.8856 69.8856 69.8856 69.8856 69.8856 69.8856 69.8856 
1 1 1 1 1 1 1 1 1 1 1 1 
item 1
52.8567 91.0537 87.1996 79.87 47.4686 0 0 96.4326 0 0 92.2602 136.038 
59.4996 59.4996 59.4996 59.4996 59.4996 59.4996 59.4996 59.4996 59.4996 59.4996 59.4996 59.4996 
1 1 1 1 1 1 1 1 1 1 1 1 
item 2
26.491 96.7865 0 0 84.6962 0 0 0 0 66.7849 0 110.208 
66.6763 66.6763 66.6763 66.6763 66.6763 66.6763 66.6763 66.6763 66.6763 66.6763 66.6763 66.6763 
1 1 1 1 1 1 1 1 1 1 1 1 
item 3
61.3439 110.172 47.5922 0 0 0 49.1665 75.3481 71.3404 90.7153 0 0 
52.5409 52.5409 52.5409 52.5409 52.5409 52.5409 52.5409 52.5409 52.5409 52.5409 52.5409 52.5409 
1 1 1 1 1 1 1 1 1 1 1 1 
item 4
52.3639 101.002 0 72.5354 0 0 0 97 0 0 0 129.406 
64.411 64.411 64.411 64.411 64.411 64.411 64.411 64.411 64.411 64.411 64.411 64.411 
1 1 1 1 1 1 1 1 1 1 1 1 
item 5
26.9246 95.7321 0 66.7481 91.8691 0 30.5851 0 33.7367 0 26.1356 115.326 
102.973 102.973 102.973 102.973 102.973 102.973 102.973 102.973 102.973 102.973 102.973 102.973 
1 1 1 1 1 1 1 1 1 1 1 1 
item 6
69.0501 0 27.8506 69.9585 33.0003 0 0 0 37.8304 100.149 49.9909 0 
81.7311 81.7311 81.7311 81.7311 81.7311 81.7311 81.7311 81.7311 81.7311 81.7311 81.7311 81.7311 
1 1 1 1 1 1 1 1 1 1 1 1 
item 7
25.0798 0 79.0225 125.849 50.596 104.018 40.885 92.3706 44.8393 0 69.4554 0 
90.3288 90.3288 90.3288 90.3288 90.3288 90.3288 90.3288 90.3288 90.3288 90.3288 90.3288 90.3288 
1 1 1 1 1 1 1 1 1 1 1 1 
item 8
54.8325 81.1218 17.0628 103.508 42.879 83.4117 0 0 0 0 0 86.1691 
71.0549 71.0549 71.0549 71.0549 71.0549 71.0549 71.0549 71.0549 71.0549 71.0549 71.0549 71.0549 
1 1 1 1 1 1 1 1 1 1 1 1 
item 9
47.321 69.6088 0 93.437 37.8831 120.591 108.204 0 0 0 64.2941 99.3793 
55.7161 55.7161 55.7161 55.7161 55.7161 55.7161 55.7161 55.7161 55.7161 55.7161 55.7161 55.7161 
1 1 1 1 1 1 1 1 1 1 1 1 
item 10
18.0859 0 0 83.4243 38.9996 106.374 0 0 0 0 42.8678 0 
76.7517 76.7517 76.7517 76.7517 76.7517 76.7517 76.7517 76.7517 76.7517 76.7517 76.7517 76.7517 
1 1 1 1 1 1 1 1 1 1 1 1 
item 11
28.0154 95.325 0 0 28.8838 60.176 0 84.4713 77.8611 110.909 0 86.1055 
84.4592 84.4592 84.4592 84.4592 84.4592 84.4592 84.4592 84.4592 84.4592 84.4592 84.4592 84.4592 
1 1 1 1 1 1 1 1 1 1 1 1 
item 12
40.1854 94.7419 27.3823 0 36.4665 0 0 0 40.2706 0 37.9664 89.7614 
34.0488 34.0488 34.0488 34.0488 34.0488 34.0488 34.0488 34.0488 34.0488 34.0488 34.0488 34.0488 
1 1 1 1 1 1 1 1 1 1 1 1 
item 13
45.8481 99.1842 48.8999 108.266 57.8703 0 79.6034 116.947 48.574 0 55.6966 0 
120.036 120.036 120.036 120.036 120.036 120.036 120.036 120.036 120.036 120.036 120.036 120.036 
1 1 1 1 1 1 1 1 1 1 1 1 
item 14
43.2925 125.754 81.072 96.7492 0 124.054 0 119.264 0 117.631 0 119.398 
61.4131 61.4131 61.4131 61.4131 61.4131 61.4131 61.4131 61.4131 61.4131 61.4131 61.4131 61.4131 
1 1 1 1 1 1 1 1 1 1 1 1 
item 15
26.8861 0 0 146.678 45.1022 66.083 66.1526 0 0 62.1795 0 105.106 
72.3735 72.3735 72.3735 72.3735 72.3735 72.3735 72.3735 72.3735 72.3735 72.3735 72.3735 72.3735 
1 1 1 1 1 1 1 1 1 1 1 1 
item 16
56.8035 82.9028 0 95.9328 38.3436 0 0 0 49.5814 0 45.4382 101.435 
31.7007 31.7007 31.7007 31.7007 31.7007 31.7007 31.7007 31.7007 31.7007 31.7007 31.7007 31.7007 
1 1 1 1 1 1 1 1 1 1 1 1 
item 17
44.3759 0 0 0 0 0 93.7005 81.3971 0 104.461 42.4951 0 
83.3232 83.3232 83.3232 83.3232 83.3232 83.3232 83.3232 83.3232 83.3232 83.3232 83.3232 83.3232 
1 1 1 1 1 1 1 1 1 1 1 1 
item 18
27.847 0 0 0 42.1042 102.141 61.2118 0 50.0327 0 41.6196 0 
90.5512 90.5512 90.5512 90.5512 90.5512 90.5512 90.5512 90.5512 90.5512 90.5512 90.5512 90.5512 
1 1 1 1 1 1 1 1 1 1 1 1 
item 19
44.5117 70.0874 67.5905 0 0 0 58.6413 112.286 0 0 0 57.0411 
45.6613 45.6613 45.6613 45.6613 45.6613 45.6613 45.6613 45.6613 45.6613 45.6613 45.6613 45.6613 
1 1 1 1 1 1 1 1 1 1 1 1 
item 20
40.8923 91.4954 0 0 75.1789 131.504 0 98.5018 0 0 0 0 
78.7864 78.7864 78.7864 78.7864 78.7864 78.7864 78.7864 78.7864 78.7864 78.7864 78.7864 78.7864 
1 1 1 1 1 1 1 1 1 1 1 1 
item 21
95.4966 78.1299 0 0 0 0 0 106.757 62.2988 0 38.9647 0 
70.3117 70.3117 70.3117 70.3117 70.3117 70.3117 70.3117 70.3117 70.3117 70.3117 70.3117 70.3117 
1 1 1 1 1 1 1 1 1 1 1 1 
item 22
74.4499 103.984 0 0 64.2144 0 0 83.9612 59.1711 0 0 0 
67.1788 67.1788 67.1788 67.1788 67.1788 67.1788 67.1788 67.1788 67.1788 67.1788 67.1788 67.1788 
1 1 1 1 1 1 1 1 1 1 1 1 
item 23
53.5046 66.3336 0 0 59.4847 89.745 77.5281 90.1464 0 104.894 53.8239 0 
57.0078 57.0078 57.0078 57.0078 57.0078 57.0078 57.0078 57.0078 57.0078 57.0078 57.0078 57.0078 
1 1 1 1 1 1 1 1 1 1 1 1 
item 24
67.2048 0 0 0 0 124.281 0 0 86.1504 97.9729 46.767 0 
57.8025 57.8025 57.8025 57.8025 57.8025 57.8025 57.8025 57.8025 57.8025 57.8025 57.8025 57.8025 
1 1 1 1 1 1 1 1 1 1 1 1 
item 25
37.6222 111.021 68.6575 101.389 0 0 0 82.6627 0 0 52.2613 113.596 
52.631 52.631 52.631 52.631 52.631 52.631 52.631 52.631 52.631 52.631 52.631 52.631 
1 1 1 1 1 1 1 1 1 1 1 1 
item 26
40.5289 0 0 0 84.6756 0 0 0 0 122.78 0 0 
35.1834 35.1834 35.1834 35.1834 35.1834 35.1834 35.1834 35.1834 35.1834 35.1834 35.1834 35.1834 
1 1 1 1 1 1 1 1 1 1 1 1 
item 27
51.0732 92.1659 0 0 42.7421 0 0 0 78.2926 0 28.5224 133.939 
21.3568 21.3568 21.3568 21.3568 21.3568 21.3568 21.3568 21.3568 21.3568 21.3568 21.3568 21.3568 
1 1 1 1 1 1 1 1 1 1 1 1 
item 28
92.5801 0 0 77.9799 0 128.095 46.7577 0 0 110.04 0 80.8185 
75.9639 75.9639 75.9639 75.9639 75.9639 75.9639 75.9639 75.9639 75.9639 75.9639 75.9639 75.9639 
1 1 1 1 1 1 1 1 1 1 1 1 
item 29
55.493 123.881 0 102.322 0 107.415 0 0 0 0 57.3738 55.3042 
75.381 75.381 75.381 75.381 75.381 75.381 75.381 75.381 75.381 75.381 75.381 75.381 
1 1 1 1 1 1 1 1 1 1 1 1 
item 30
77.1569 0 58.7555 107.125 0 0 68.886 0 0 0 49.4283 107.249 
32.6097 32.6097 32.6097 32.6097 32.6097 32.6097 32.6097 32.6097 32.6097 32.6097 32.6097 32.6097 
1 1 1 1 1 1 1 1 1 1 1 1 
item 31
56.255 88.9207 0 0 61.9037 86.3773 0 95.4784 0 0 0 109.171 
45.4392 45.4392 45.4392 45.4392 45.4392 45.4392 45.4392 45.4392 45.4392 45.4392 45.4392 45.4392 
1 1 1 1 1 1 1 1 1 1 1 1 
item 32
65.3232 97.3864 0 0 48.9299 81.6631 54.7042 105.574 0 84.861 0 66.4259 
62.3909 62.3909 62.3909 62.3909 62.3909 62.3909 62.3909 62.3909 62.3909 62.3909 62.3909 62.3909 
1 1 1 1 1 1 1 1 1 1 1 1 
item 33
65.8338 0 41.1799 105.164 62.5383 0 69.6843 0 0 0 34.3141 109.831 
48.6101 48.6101 48.6101 48.6101 48.6101 48.6101 48.6101 48.6101 48.6101 48.6101 48.6101 48.6101 
1 1 1 1 1 1 1 1 1 1 1 1 
item 34
78.0262 0 36.2499 109.571 88.2874 0 26.6564 0 0 119.289 0 83.5136 
69.6289 69.6289 69.6289 69.6289 69.6289 69.6289 69.6289 69.6289 69.6289 69.6289 69.6289 69.6289 
1 1 1 1 1 1 1 1 1 1 1 1 
item 35
59.7086 93.5248 0 0 0 0 32.0648 82.4392 52.0692 114.123 0 0 
34.9747 34.9747 34.9747 34.9747 34.9747 34.9747 34.9747 34.9747 34.9747 34.9747 34.9747 34.9747 
1 1 1 1 1 1 1 1 1 1 1 1 
item 36
62.6048 81.7649 0 0 111.907 79.4881 46.4046 75.9949 0 142.884 32.3361 0 
49.6605 49.6605 49.6605 49.6605 49.6605 49.6605 49.6605 49.6605 49.6605 49.6605 49.6605 49.6605 
1 1 1 1 1 1 1 1 1 1 1 1 
item 37
46.7487 0 0 80.9888 0 0 0 0 0 0 24.5993 0 
79.4097 79.4097 79.4097 79.4097 79.4097 79.4097 79.4097 79.4097 79.4097 79.4097 79.4097 79.4097 
1 1 1 1 1 1 1 1 1 1 1 1 
item 38
62.7038 0 0 71.6214 0 129.913 0 0 44.3423 88.0823 62.9904 0 
68.418 68.418 68.418 68.418 68.418 68.418 68.418 68.418 68.418 68.418 68.418 68.418 
1 1 1 1 1 1 1 1 1 1 1 1 
item 39
69.76 0 44.6116 103.286 0 113.358 68.2566 65.6649 27.3308 120.237 47.7614 105.424 
61.6328 61.6328 61.6328 61.6328 61.6328 61.6328 61.6328 61.6328 61.6328 61.6328 61.6328 61.6328 
1 1 1 1 1 1 1 1 1 1 1 1 
