48 5 
501.866 501.866 501.866 501.866 501.866 501.866 501.866 501.866 501.866 501.866 501.866 501.866 501.866 501.866 501.866 501.866 501.866 501.866 501.866 501.866 501.866 501.866 501.866 501.866 501.866 501.866 501.866 501.866 501.866 501.866 501.866 501.866 501.866 501.866 501.866 501.866 501.866 501.866 501.866 501.866 501.866 501.866 501.866 501.866 501.866 501.866 501.866 501.866 
item 0
25.4262 105.903 49.8573 112.297 0 126.212 39.801 0 45.8052 58.8299 42.774 105.204 51.0816 84.5116 60.6657 89.5919 50.4592 0 46.4095 113.811 0 0 35.3185 73.0685 43.6749 90.1575 0 121.641 0 108.81 31.816 0 46.1744 115.429 0 0 0 0 39.2053 109.425 0 0 77.3569 0 0 0 43.251 84.4385 
16.9251 16.9251 16.9251 16.9251 16.9251 16.9251 16.9251 16.9251 16.9251 16.9251 16.9251 16.9251 16.9251 16.9251 16.9251 16.9251 16.9251 16.9251 16.9251 16.9251 16.9251 16.9251 16.9251 16.9251 16.9251 16.9251 16.9251 16.9251 16.9251 16.9251 16.9251 16.9251 16.9251 16.9251 16.9251 16.9251 16.9251 16.9251 16.9251 16.9251 16.9251 16.9251 16.9251 16.9251 16.9251 16.9251 16.9251 16.9251 
1 1 1 1 1 1 1 1 1 1 1 1 1 1 1 1 1 1 1 1 1 1 1 1 1 1 1 1 1 1 1 1 1 1 1 1 1 1 1 1 1 1 1 1 1 1 1 1 
item 1
54.5103 76.1342 0 0 49.7698 107.301 48.6779 93.1958 0 88.4803 0 60.7135 0 111.15 33.3119 100.497 0 0 0 92.0293 53.0132 0 0 0 23.4115 0 0 0 0 99.9811 0 104.143 65.8036 0 0 111.873 38.144 0 40.0039 84.2386 0 88.537 0 0 68.0004 0 87.5092 100.209 
52.3854 52.3854 52.3854 52.3854 52.3854 52.3854 52.3854 52.3854 52.3854 52.3854 52.3854 52.3854 52.3854 52.3854 52.3854 52.3854 52.3854 52.3854 52.3854 52.3854 52.3854 52.3854 52.3854 52.3854 52.3854 52.3854 52.3854 52.3854 52.3854 52.3854 52.3854 52.3854 52.3854 52.3854 52.3854 52.3854 52.3854 52.3854 52.3854 52.3854 52.3854 52.3854 52.3854 52.3854 52.3854 52.3854 52.3854 52.3854 
1 1 1 1 1 1 1 1 1 1 1 1 1 1 1 1 1 1 1 1 1 1 1 1 1 1 1 1 1 1 1 1 1 1 1 1 1 1 1 1 1 1 1 1 1 1 1 1 
item 2
42.6213 118.845 66.3717 115.206 0 0 86.3832 0 45.0676 0 42.2631 130.2 0 0 31.9499 122.082 81.2854 140.56 77.5464 0 0 103.058 44.7307 115.26 0 60.6465 31.1065 0 2.70129 0 0 0 0 0 0 76.8434 61.0027 0 67.751 75.4556 0 106.24 55.1764 96.9984 0 0 77.9209 116.782 
80.1949 80.1949 80.1949 80.1949 80.1949 80.1949 80.1949 80.1949 80.1949 80.1949 80.1949 80.1949 80.1949 80.1949 80.1949 80.1949 80.1949 80.1949 80.1949 80.1949 80.1949 80.1949 80.1949 80.1949 80.1949 80.1949 80.1949 80.1949 80.1949 80.1949 80.1949 80.1949 80.1949 80.1949 80.1949 80.1949 80.1949 80.1949 80.1949 80.1949 80.1949 80.1949 80.1949 80.1949 80.1949 80.1949 80.1949 80.1949 
1 1 1 1 1 1 1 1 1 1 1 1 1 1 1 1 1 1 1 1 1 1 1 1 1 1 1 1 1 1 1 1 1 1 1 1 1 1 1 1 1 1 1 1 1 1 1 1 
item 3
10.0918 96.307 23.8655 0 61.279 0 50.2698 0 0 84.9909 33.8896 0 0 0 19.3132 119.239 0 0 0 113.369 37.9548 81.9861 0 0 61.9841 93.0212 46.0812 105.302 0 94.0514 75.2402 0 0 0 0 0 0 0 40.6548 0 74.2741 101.581 0 0 48.6772 118.845 64.5322 127.58 
59.1283 59.1283 59.1283 59.1283 59.1283 59.1283 59.1283 59.1283 59.1283 59.1283 59.1283 59.1283 59.1283 59.1283 59.1283 59.1283 59.1283 59.1283 59.1283 59.1283 59.1283 59.1283 59.1283 59.1283 59.1283 59.1283 59.1283 59.1283 59.1283 59.1283 59.1283 59.1283 59.1283 59.1283 59.1283 59.1283 59.1283 59.1283 59.1283 59.1283 59.1283 59.1283 59.1283 59.1283 59.1283 59.1283 59.1283 59.1283 
1 1 1 1 1 1 1 1 1 1 1 1 1 1 1 1 1 1 1 1 1 1 1 1 1 1 1 1 1 1 1 1 1 1 1 1 1 1 1 1 1 1 1 1 1 1 1 1 
item 4
51.8702 0 0 0 0 97.4082 0 85.1038 29.7425 93.197 41.3315 112.633 0 0 49.0577 0 18.6749 0 0 0 23.6031 71.038 0 0 52.8732 97.4998 75.18 0 0 0 16.4163 118.06 0 0 70.5644 86.6935 0 0 0 0 27.0212 87.5194 23.4396 0 28.0132 0 0 0 
80.4907 80.4907 80.4907 80.4907 80.4907 80.4907 80.4907 80.4907 80.4907 80.4907 80.4907 80.4907 80.4907 80.4907 80.4907 80.4907 80.4907 80.4907 80.4907 80.4907 80.4907 80.4907 80.4907 80.4907 80.4907 80.4907 80.4907 80.4907 80.4907 80.4907 80.4907 80.4907 80.4907 80.4907 80.4907 80.4907 80.4907 80.4907 80.4907 80.4907 80.4907 80.4907 80.4907 80.4907 80.4907 80.4907 80.4907 80.4907 
1 1 1 1 1 1 1 1 1 1 1 1 1 1 1 1 1 1 1 1 1 1 1 1 1 1 1 1 1 1 1 1 1 1 1 1 1 1 1 1 1 1 1 1 1 1 1 1 
