12 20 
79.15 79.15 79.15 79.15 79.15 79.15 79.15 79.15 79.15 79.15 79.15 79.15 
item 0
33.5705 116.392 18.109 107.166 24.1572 109.856 44.3226 126.487 67.5904 95.7753 9.59509 100.232 
65.4796 65.4796 65.4796 65.4796 65.4796 65.4796 65.4796 65.4796 65.4796 65.4796 65.4796 65.4796 
1 1 1 1 1 1 1 1 1 1 1 1 
item 1
55.3552 152.112 56.8575 96.8265 79.7708 77.8889 73.1392 105.785 42.4237 94.4683 87.8257 115.799 
51.2374 51.2374 51.2374 51.2374 51.2374 51.2374 51.2374 51.2374 51.2374 51.2374 51.2374 51.2374 
1 1 1 1 1 1 1 1 1 1 1 1 
item 2
55.544 108.173 27.7105 99.3146 50.5902 118.986 28.205 147.348 1.18191 100.961 28.9373 123.785 
63.4501 63.4501 63.4501 63.4501 63.4501 63.4501 63.4501 63.4501 63.4501 63.4501 63.4501 63.4501 
1 1 1 1 1 1 1 1 1 1 1 1 
item 3
57.8425 105.411 41.5199 122.36 41.0686 92.4372 62.0456 92.5424 73.6642 93.6302 62.2334 124.917 
57.928 57.928 57.928 57.928 57.928 57.928 57.928 57.928 57.928 57.928 57.928 57.928 
1 1 1 1 1 1 1 1 1 1 1 1 
item 4
11.3119 109.45 47.1925 106.439 84.266 80.4232 69.273 91.564 69.348 119.631 80.4132 106.739 
71.6823 71.6823 71.6823 71.6823 71.6823 71.6823 71.6823 71.6823 71.6823 71.6823 71.6823 71.6823 
1 1 1 1 1 1 1 1 1 1 1 1 
item 5
38.4144 110.264 50.5221 86.3036 69.6939 75.0152 65.2983 82.7497 33.3706 97.5124 51.736 132.794 
71.1698 71.1698 71.1698 71.1698 71.1698 71.1698 71.1698 71.1698 71.1698 71.1698 71.1698 71.1698 
1 1 1 1 1 1 1 1 1 1 1 1 
item 6
29.4027 143.649 38.2036 100.356 50.2189 112.029 9.79674 88.0442 9.80318 99.8375 49.9322 101.139 
46.2 46.2 46.2 46.2 46.2 46.2 46.2 46.2 46.2 46.2 46.2 46.2 
1 1 1 1 1 1 1 1 1 1 1 1 
item 7
20.7672 121.736 42.1694 82.1444 35.9344 126.486 42.9 100.916 53.3052 76.3947 13.4758 134.653 
58.8471 58.8471 58.8471 58.8471 58.8471 58.8471 58.8471 58.8471 58.8471 58.8471 58.8471 58.8471 
1 1 1 1 1 1 1 1 1 1 1 1 
item 8
43.768 83.4745 30.2498 72.03 43.1035 117.428 88.8837 62.3354 34.629 84.6619 70.5512 103.893 
72.8101 72.8101 72.8101 72.8101 72.8101 72.8101 72.8101 72.8101 72.8101 72.8101 72.8101 72.8101 
1 1 1 1 1 1 1 1 1 1 1 1 
item 9
49.0252 102.19 64.3233 72.6994 30.9175 86.1941 84.1085 97.3316 50.7929 96.2873 54.0402 82.3464 
76.7601 76.7601 76.7601 76.7601 76.7601 76.7601 76.7601 76.7601 76.7601 76.7601 76.7601 76.7601 
1 1 1 1 1 1 1 1 1 1 1 1 
item 10
42.053 85.1227 29.9797 122.117 30.9237 92.899 14.8033 125.805 65.3735 97.9323 5.98143 142.064 
65.3566 65.3566 65.3566 65.3566 65.3566 65.3566 65.3566 65.3566 65.3566 65.3566 65.3566 65.3566 
1 1 1 1 1 1 1 1 1 1 1 1 
item 11
6.74232 143.358 38.1354 92.7677 67.6852 100.151 30.098 94.2426 52.4663 116.142 30.104 121.329 
79.3443 79.3443 79.3443 79.3443 79.3443 79.3443 79.3443 79.3443 79.3443 79.3443 79.3443 79.3443 
1 1 1 1 1 1 1 1 1 1 1 1 
item 12
49.4463 101.838 84.6197 94.4957 33.0093 123.114 81.9581 85.8685 42.4809 96.6148 81.3967 91.4116 
70.0007 70.0007 70.0007 70.0007 70.0007 70.0007 70.0007 70.0007 70.0007 70.0007 70.0007 70.0007 
1 1 1 1 1 1 1 1 1 1 1 1 
item 13
71.7973 122.178 37.9192 98.5041 51.3003 124.667 42.8301 86.4524 21.115 115.451 86.5868 53.9308 
45.662 45.662 45.662 45.662 45.662 45.662 45.662 45.662 45.662 45.662 45.662 45.662 
1 1 1 1 1 1 1 1 1 1 1 1 
item 14
23.7053 132.584 54.1064 85.7009 72.3147 74.0916 72.6562 87.2124 54.3927 116.777 35.4475 71.5251 
58.7348 58.7348 58.7348 58.7348 58.7348 58.7348 58.7348 58.7348 58.7348 58.7348 58.7348 58.7348 
1 1 1 1 1 1 1 1 1 1 1 1 
item 15
73.3138 82.3958 11.0254 79.1036 43.3946 55.3874 56.9202 124.478 48.24 118.371 42.6024 113.33 
57.1579 57.1579 57.1579 57.1579 57.1579 57.1579 57.1579 57.1579 57.1579 57.1579 57.1579 57.1579 
1 1 1 1 1 1 1 1 1 1 1 1 
item 16
33.1371 72.3249 24.8395 72.4486 50.5141 91.1174 73.7248 106.681 46.5347 111.002 27.7302 98.2478 
50.8982 50.8982 50.8982 50.8982 50.8982 50.8982 50.8982 50.8982 50.8982 50.8982 50.8982 50.8982 
1 1 1 1 1 1 1 1 1 1 1 1 
item 17
39.5525 121.689 66.5926 73.4005 68.3341 97.0816 77.7331 137.087 35.7753 106.02 39.651 119.934 
25.5239 25.5239 25.5239 25.5239 25.5239 25.5239 25.5239 25.5239 25.5239 25.5239 25.5239 25.5239 
1 1 1 1 1 1 1 1 1 1 1 1 
item 18
58.8435 101.265 16.3475 94.5233 47.8523 88.2519 89.7295 100.891 43.14 93.8215 45.0438 86.4507 
48.777 48.777 48.777 48.777 48.777 48.777 48.777 48.777 48.777 48.777 48.777 48.777 
1 1 1 1 1 1 1 1 1 1 1 1 
item 19
88.3937 106.612 71.8455 93.0134 72.1849 112.841 59.2067 104.417 61.29 124.874 65.2797 93.5422 
38.8246 38.8246 38.8246 38.8246 38.8246 38.8246 38.8246 38.8246 38.8246 38.8246 38.8246 38.8246 
1 1 1 1 1 1 1 1 1 1 1 1 
