12 20 
526.941 526.941 526.941 526.941 526.941 526.941 526.941 526.941 526.941 526.941 526.941 526.941 
item 0
54.189 121.32 40.9938 86.669 0 92.74 33.1672 87.1569 42.0417 69.0508 66.0527 124.169 
66.0988 66.0988 66.0988 66.0988 66.0988 66.0988 66.0988 66.0988 66.0988 66.0988 66.0988 66.0988 
1 1 1 1 1 1 1 1 1 1 1 1 
item 1
40.4359 101.536 53.7693 135.008 123.042 142.232 37.7214 63.0504 24.405 113.379 62.8451 98.924 
70.7605 70.7605 70.7605 70.7605 70.7605 70.7605 70.7605 70.7605 70.7605 70.7605 70.7605 70.7605 
1 1 1 1 1 1 1 1 1 1 1 1 
item 2
55.1792 102.828 70.774 108.51 41.5472 116.831 73.7483 116.442 60.4986 105.921 72.9816 112.195 
50.7748 50.7748 50.7748 50.7748 50.7748 50.7748 50.7748 50.7748 50.7748 50.7748 50.7748 50.7748 
1 1 1 1 1 1 1 1 1 1 1 1 
item 3
73.642 68.7249 45.3027 96.7164 44.217 76.4826 64.7927 118.651 50.0293 118.283 48.1193 63.4387 
71.9147 71.9147 71.9147 71.9147 71.9147 71.9147 71.9147 71.9147 71.9147 71.9147 71.9147 71.9147 
1 1 1 1 1 1 1 1 1 1 1 1 
item 4
54.9025 117.364 68.5062 105.767 68.4046 104.188 59.1319 112.693 25.298 103.146 22.2218 122.384 
71.6429 71.6429 71.6429 71.6429 71.6429 71.6429 71.6429 71.6429 71.6429 71.6429 71.6429 71.6429 
1 1 1 1 1 1 1 1 1 1 1 1 
item 5
81.671 106.795 66.1385 101.615 67.8266 113.424 62.0023 114.935 63.2128 100.787 55.1244 123.94 
65.2132 65.2132 65.2132 65.2132 65.2132 65.2132 65.2132 65.2132 65.2132 65.2132 65.2132 65.2132 
1 1 1 1 1 1 1 1 1 1 1 1 
item 6
65.9051 73.2226 62.0859 122.287 58.18 104.35 65.66 101.831 63.3316 102.56 44.671 27.0701 
46.5315 46.5315 46.5315 46.5315 46.5315 46.5315 46.5315 46.5315 46.5315 46.5315 46.5315 46.5315 
1 1 1 1 1 1 1 1 1 1 1 1 
item 7
42.0484 97.1507 43.2989 94.9281 75.4928 104.633 68.9119 107.37 64.7293 140.59 51.4969 78.2618 
31.9529 31.9529 31.9529 31.9529 31.9529 31.9529 31.9529 31.9529 31.9529 31.9529 31.9529 31.9529 
1 1 1 1 1 1 1 1 1 1 1 1 
item 8
79.558 83.2275 72.4159 93.589 66.3566 96.5867 43.5588 105.239 23.9798 107.146 55.3866 81.8128 
79.1172 79.1172 79.1172 79.1172 79.1172 79.1172 79.1172 79.1172 79.1172 79.1172 79.1172 79.1172 
1 1 1 1 1 1 1 1 1 1 1 1 
item 9
77.3982 75.2716 29.6526 77.1145 67.2857 119.904 31.7505 76.9653 48.1096 111.589 58.3692 91.105 
61.6279 61.6279 61.6279 61.6279 61.6279 61.6279 61.6279 61.6279 61.6279 61.6279 61.6279 61.6279 
1 1 1 1 1 1 1 1 1 1 1 1 
item 10
56.4001 118.797 48.7119 87.9882 8.36515 112.534 85.528 100.068 56.2959 98.4649 88.1358 101.525 
87.7485 87.7485 87.7485 87.7485 87.7485 87.7485 87.7485 87.7485 87.7485 87.7485 87.7485 87.7485 
1 1 1 1 1 1 1 1 1 1 1 1 
item 11
29.7409 111.685 83.8227 70.6248 83.3778 67.1233 15.6172 103.788 24.0987 131.75 46.9333 73.5087 
62.6946 62.6946 62.6946 62.6946 62.6946 62.6946 62.6946 62.6946 62.6946 62.6946 62.6946 62.6946 
1 1 1 1 1 1 1 1 1 1 1 1 
item 12
35.7868 99.4769 56.743 135.075 60.4377 85.9893 56.5479 91.956 24.0428 93.9978 63.6601 83.7867 
31.1194 31.1194 31.1194 31.1194 31.1194 31.1194 31.1194 31.1194 31.1194 31.1194 31.1194 31.1194 
1 1 1 1 1 1 1 1 1 1 1 1 
item 13
21.1664 97.5236 47.0286 98.1209 71.5807 103.671 38.1634 119.846 62.4567 90.2289 45.4991 64.8973 
61.808 61.808 61.808 61.808 61.808 61.808 61.808 61.808 61.808 61.808 61.808 61.808 
1 1 1 1 1 1 1 1 1 1 1 1 
item 14
63.5609 60.3003 29.0212 113.229 42.1673 114.667 38.1946 65.7618 80.1557 114.623 43.1718 84.6449 
87.1669 87.1669 87.1669 87.1669 87.1669 87.1669 87.1669 87.1669 87.1669 87.1669 87.1669 87.1669 
1 1 1 1 1 1 1 1 1 1 1 1 
item 15
18.6869 104.314 72.2796 127.961 32.9164 105.516 32.702 119.419 31.2671 108.061 49.2731 123.737 
69.4626 69.4626 69.4626 69.4626 69.4626 69.4626 69.4626 69.4626 69.4626 69.4626 69.4626 69.4626 
1 1 1 1 1 1 1 1 1 1 1 1 
item 16
62.852 118.56 106.673 111.499 19.2748 108.82 54.3474 93.414 55.1619 104.878 39.1876 148.942 
71.8984 71.8984 71.8984 71.8984 71.8984 71.8984 71.8984 71.8984 71.8984 71.8984 71.8984 71.8984 
1 1 1 1 1 1 1 1 1 1 1 1 
item 17
34.4762 118.669 59.9746 127.052 79.2062 84.0364 49.9752 148.563 59.704 57.3484 76.9745 113.258 
55.2653 55.2653 55.2653 55.2653 55.2653 55.2653 55.2653 55.2653 55.2653 55.2653 55.2653 55.2653 
1 1 1 1 1 1 1 1 1 1 1 1 
item 18
65.4929 102.605 59.8277 80.0621 11.3542 104.878 45.7467 113.012 58.4261 101.851 27.7714 88.217 
60.3493 60.3493 60.3493 60.3493 60.3493 60.3493 60.3493 60.3493 60.3493 60.3493 60.3493 60.3493 
1 1 1 1 1 1 1 1 1 1 1 1 
item 19
29.6605 107.652 37.7121 110.427 62.2353 112.221 31.6378 100.879 66.2605 98.292 52.6626 116.012 
82.869 82.869 82.869 82.869 82.869 82.869 82.869 82.869 82.869 82.869 82.869 82.869 
1 1 1 1 1 1 1 1 1 1 1 1 
