6 10 
-6.27744e+66 61.5444 157.299 279.716 548.719 673.577 1258.79 
-6.27744e+66 -6.27744e+66 61.5444 122.753 302.088 395.732 863.905 
-6.27744e+66 -6.27744e+66 -6.27744e+66 61.5444 151.212 213.641 564.771 
-6.27744e+66 -6.27744e+66 -6.27744e+66 -6.27744e+66 61.5444 92.7588 326.846 
-6.27744e+66 -6.27744e+66 -6.27744e+66 -6.27744e+66 -6.27744e+66 61.5444 178.588 
-6.27744e+66 -6.27744e+66 -6.27744e+66 -6.27744e+66 -6.27744e+66 -6.27744e+66 61.5444 
-6.27744e+66 -6.27744e+66 -6.27744e+66 -6.27744e+66 -6.27744e+66 -6.27744e+66 -6.27744e+66 
-6.27744e+66 34.6943 148.99 214.641 528.908 754.013 1154.44 
-6.27744e+66 -6.27744e+66 34.6943 67.52 277.031 445.86 766.2 
-6.27744e+66 -6.27744e+66 -6.27744e+66 34.6943 139.45 252.003 492.257 
-6.27744e+66 -6.27744e+66 -6.27744e+66 -6.27744e+66 34.6943 90.9706 251.14 
-6.27744e+66 -6.27744e+66 -6.27744e+66 -6.27744e+66 -6.27744e+66 34.6943 114.779 
-6.27744e+66 -6.27744e+66 -6.27744e+66 -6.27744e+66 -6.27744e+66 -6.27744e+66 34.6943 
-6.27744e+66 -6.27744e+66 -6.27744e+66 -6.27744e+66 -6.27744e+66 -6.27744e+66 -6.27744e+66 
-6.27744e+66 70.2534 167.341 284.928 552.803 741.873 1078.29 
-6.27744e+66 -6.27744e+66 70.2534 129.047 307.63 449.433 718.565 
-6.27744e+66 -6.27744e+66 -6.27744e+66 70.2534 159.545 254.08 455.929 
-6.27744e+66 -6.27744e+66 -6.27744e+66 -6.27744e+66 70.2534 117.521 252.087 
-6.27744e+66 -6.27744e+66 -6.27744e+66 -6.27744e+66 -6.27744e+66 70.2534 137.536 
-6.27744e+66 -6.27744e+66 -6.27744e+66 -6.27744e+66 -6.27744e+66 -6.27744e+66 70.2534 
-6.27744e+66 -6.27744e+66 -6.27744e+66 -6.27744e+66 -6.27744e+66 -6.27744e+66 -6.27744e+66 
-6.27744e+66 57.3935 167.996 244.793 517.093 678.079 1033.19 
-6.27744e+66 -6.27744e+66 57.3935 95.7921 277.325 398.065 682.15 
-6.27744e+66 -6.27744e+66 -6.27744e+66 57.3935 148.16 228.653 441.717 
-6.27744e+66 -6.27744e+66 -6.27744e+66 -6.27744e+66 57.3935 97.6401 239.683 
-6.27744e+66 -6.27744e+66 -6.27744e+66 -6.27744e+66 -6.27744e+66 57.3935 128.415 
-6.27744e+66 -6.27744e+66 -6.27744e+66 -6.27744e+66 -6.27744e+66 -6.27744e+66 57.3935 
-6.27744e+66 -6.27744e+66 -6.27744e+66 -6.27744e+66 -6.27744e+66 -6.27744e+66 -6.27744e+66 
-6.27744e+66 49.8033 178.397 243.63 480.171 704.924 1119.41 
-6.27744e+66 -6.27744e+66 49.8033 82.4201 240.114 408.679 740.267 
-6.27744e+66 -6.27744e+66 -6.27744e+66 49.8033 128.65 241.027 489.718 
-6.27744e+66 -6.27744e+66 -6.27744e+66 -6.27744e+66 49.8033 105.991 271.786 
-6.27744e+66 -6.27744e+66 -6.27744e+66 -6.27744e+66 -6.27744e+66 49.8033 132.7 
-6.27744e+66 -6.27744e+66 -6.27744e+66 -6.27744e+66 -6.27744e+66 -6.27744e+66 49.8033 
-6.27744e+66 -6.27744e+66 -6.27744e+66 -6.27744e+66 -6.27744e+66 -6.27744e+66 -6.27744e+66 
-6.27744e+66 82.1281 184.115 315.879 575.697 824.583 1420.01 
-6.27744e+66 -6.27744e+66 82.1281 148.01 321.222 507.886 984.228 
-6.27744e+66 -6.27744e+66 -6.27744e+66 82.1281 168.734 293.177 650.433 
-6.27744e+66 -6.27744e+66 -6.27744e+66 -6.27744e+66 82.1281 144.35 382.52 
-6.27744e+66 -6.27744e+66 -6.27744e+66 -6.27744e+66 -6.27744e+66 82.1281 201.213 
-6.27744e+66 -6.27744e+66 -6.27744e+66 -6.27744e+66 -6.27744e+66 -6.27744e+66 82.1281 
-6.27744e+66 -6.27744e+66 -6.27744e+66 -6.27744e+66 -6.27744e+66 -6.27744e+66 -6.27744e+66 
-6.27744e+66 66.2006 199.674 338.525 546.097 629.582 1225.6 
-6.27744e+66 -6.27744e+66 66.2006 135.626 274.007 336.621 813.439 
-6.27744e+66 -6.27744e+66 -6.27744e+66 66.2006 135.391 177.134 534.747 
-6.27744e+66 -6.27744e+66 -6.27744e+66 -6.27744e+66 66.2006 87.0719 325.481 
-6.27744e+66 -6.27744e+66 -6.27744e+66 -6.27744e+66 -6.27744e+66 66.2006 185.405 
-6.27744e+66 -6.27744e+66 -6.27744e+66 -6.27744e+66 -6.27744e+66 -6.27744e+66 66.2006 
-6.27744e+66 -6.27744e+66 -6.27744e+66 -6.27744e+66 -6.27744e+66 -6.27744e+66 -6.27744e+66 
-6.27744e+66 70.3348 143.568 170.456 422.319 685.557 1256.5 
-6.27744e+66 -6.27744e+66 70.3348 83.7787 251.687 449.116 905.872 
-6.27744e+66 -6.27744e+66 -6.27744e+66 70.3348 154.289 285.908 628.475 
-6.27744e+66 -6.27744e+66 -6.27744e+66 -6.27744e+66 70.3348 136.144 364.522 
-6.27744e+66 -6.27744e+66 -6.27744e+66 -6.27744e+66 -6.27744e+66 70.3348 184.524 
-6.27744e+66 -6.27744e+66 -6.27744e+66 -6.27744e+66 -6.27744e+66 -6.27744e+66 70.3348 
-6.27744e+66 -6.27744e+66 -6.27744e+66 -6.27744e+66 -6.27744e+66 -6.27744e+66 -6.27744e+66 
-6.27744e+66 75.3767 164.047 299.06 589.42 805.444 1317.22 
-6.27744e+66 -6.27744e+66 75.3767 142.883 336.457 498.474 907.892 
-6.27744e+66 -6.27744e+66 -6.27744e+66 75.3767 172.164 280.175 587.238 
-6.27744e+66 -6.27744e+66 -6.27744e+66 -6.27744e+66 75.3767 129.383 334.091 
-6.27744e+66 -6.27744e+66 -6.27744e+66 -6.27744e+66 -6.27744e+66 75.3767 177.731 
-6.27744e+66 -6.27744e+66 -6.27744e+66 -6.27744e+66 -6.27744e+66 -6.27744e+66 75.3767 
-6.27744e+66 -6.27744e+66 -6.27744e+66 -6.27744e+66 -6.27744e+66 -6.27744e+66 -6.27744e+66 
-6.27744e+66 52.5092 139.47 247.923 544.666 650.431 1154.46 
-6.27744e+66 -6.27744e+66 52.5092 106.736 304.564 383.888 787.112 
-6.27744e+66 -6.27744e+66 -6.27744e+66 52.5092 151.424 204.306 506.724 
-6.27744e+66 -6.27744e+66 -6.27744e+66 -6.27744e+66 52.5092 78.9504 280.563 
-6.27744e+66 -6.27744e+66 -6.27744e+66 -6.27744e+66 -6.27744e+66 52.5092 153.315 
-6.27744e+66 -6.27744e+66 -6.27744e+66 -6.27744e+66 -6.27744e+66 -6.27744e+66 52.5092 
-6.27744e+66 -6.27744e+66 -6.27744e+66 -6.27744e+66 -6.27744e+66 -6.27744e+66 -6.27744e+66 
