12 5 
940.43 940.43 940.43 940.43 940.43 940.43 940.43 940.43 940.43 940.43 940.43 940.43 
item 0
50.4729 0 30.5301 111.323 51.75 0 0 0 61.2738 0 49.3506 0 
88.5448 88.5448 88.5448 88.5448 88.5448 88.5448 88.5448 88.5448 88.5448 88.5448 88.5448 88.5448 
1 1 1 1 1 1 1 1 1 1 1 1 
item 1
48.9569 0 48.5082 0 81.4225 0 42.3161 0 0 0 0 0 
45.4941 45.4941 45.4941 45.4941 45.4941 45.4941 45.4941 45.4941 45.4941 45.4941 45.4941 45.4941 
1 1 1 1 1 1 1 1 1 1 1 1 
item 2
47.7303 0 0 0 86.1614 0 58.3656 101.993 75.3132 0 47.0577 75.09 
76.3362 76.3362 76.3362 76.3362 76.3362 76.3362 76.3362 76.3362 76.3362 76.3362 76.3362 76.3362 
1 1 1 1 1 1 1 1 1 1 1 1 
item 3
62.3561 0 0 0 70.9282 0 25.6424 132.756 23.7966 0 40.4906 116.443 
77.693 77.693 77.693 77.693 77.693 77.693 77.693 77.693 77.693 77.693 77.693 77.693 
1 1 1 1 1 1 1 1 1 1 1 1 
item 4
53.0562 0 81.7922 95.3054 0 132.652 27.292 110.393 0 0 0 127.187 
61.3401 61.3401 61.3401 61.3401 61.3401 61.3401 61.3401 61.3401 61.3401 61.3401 61.3401 61.3401 
1 1 1 1 1 1 1 1 1 1 1 1 
