6 20 
173.885 173.885 173.885 173.885 173.885 173.885 
item 0
61.1602 95.0299 73.2937 98.4431 65.0458 116.105 
49.6323 49.6323 49.6323 49.6323 49.6323 49.6323 
1 1 1 1 1 1 
item 1
20.1475 99.8701 54.4748 84.8851 68.0955 77.3691 
38.9518 38.9518 38.9518 38.9518 38.9518 38.9518 
1 1 1 1 1 1 
item 2
65.4523 118.203 65.2325 93.3657 0 108.491 
60.8698 60.8698 60.8698 60.8698 60.8698 60.8698 
1 1 1 1 1 1 
item 3
20.2414 95.8748 21.1845 97.9496 64.7475 113.054 
43.4301 43.4301 43.4301 43.4301 43.4301 43.4301 
1 1 1 1 1 1 
item 4
67.7633 93.6813 54.5331 113.299 66.0418 90.4911 
37.5841 37.5841 37.5841 37.5841 37.5841 37.5841 
1 1 1 1 1 1 
item 5
37.0528 97.4532 22.0241 88.9436 43.3911 102.643 
58.0033 58.0033 58.0033 58.0033 58.0033 58.0033 
1 1 1 1 1 1 
item 6
52.3786 87.2964 49.2933 96.5004 57.2707 67.8718 
52.3229 52.3229 52.3229 52.3229 52.3229 52.3229 
1 1 1 1 1 1 
item 7
48.9555 125.982 58.903 68.8525 29.1631 89.9214 
38.0937 38.0937 38.0937 38.0937 38.0937 38.0937 
1 1 1 1 1 1 
item 8
72.2717 121.297 87.1519 76.43 16.0485 101.63 
78.7193 78.7193 78.7193 78.7193 78.7193 78.7193 
1 1 1 1 1 1 
item 9
43.8631 125.407 44.7228 86.775 43.3543 105.855 
28.8971 28.8971 28.8971 28.8971 28.8971 28.8971 
1 1 1 1 1 1 
item 10
68.3514 138.708 49.6412 77.4728 63.2353 82.7851 
71.2765 71.2765 71.2765 71.2765 71.2765 71.2765 
1 1 1 1 1 1 
item 11
65.4995 154.077 70.7577 75.5872 87.2614 97.9875 
65.9671 65.9671 65.9671 65.9671 65.9671 65.9671 
1 1 1 1 1 1 
item 12
16.827 100.405 40.3179 94.0768 35.449 104.429 
61.4245 61.4245 61.4245 61.4245 61.4245 61.4245 
1 1 1 1 1 1 
item 13
60.128 93.6528 38.2887 105.385 50.1768 91.7645 
43.0451 43.0451 43.0451 43.0451 43.0451 43.0451 
1 1 1 1 1 1 
item 14
64.4043 114.676 36.6147 84.1845 60.5798 95.622 
96.3587 96.3587 96.3587 96.3587 96.3587 96.3587 
1 1 1 1 1 1 
item 15
69.4954 63.0486 58.3052 92.3013 57.3634 116.611 
85.0232 85.0232 85.0232 85.0232 85.0232 85.0232 
1 1 1 1 1 1 
item 16
71.5506 99.1368 11.8477 118.287 69.4294 118.065 
63.7687 63.7687 63.7687 63.7687 63.7687 63.7687 
1 1 1 1 1 1 
item 17
47.3862 101.4 45.2611 84.0245 52.3128 50.1328 
54.2456 54.2456 54.2456 54.2456 54.2456 54.2456 
1 1 1 1 1 1 
item 18
61.7133 63.2299 44.8887 111.631 58.0363 68.5405 
70.0925 70.0925 70.0925 70.0925 70.0925 70.0925 
1 1 1 1 1 1 
item 19
39.3398 76.2042 66.0734 94.6194 61.3195 123.637 
81.3759 81.3759 81.3759 81.3759 81.3759 81.3759 
1 1 1 1 1 1 
