12 5 
-6.27744e+66 60.9083 171.595 317.387 575.933 861.298 1473.12 1719.31 2541.52 2951.94 3731.32 4541.73 5713.37 
-6.27744e+66 -6.27744e+66 60.9083 133.805 306.168 520.193 1009.65 1214.8 1919.56 2278.67 2971.46 3700.83 4765.96 
-6.27744e+66 -6.27744e+66 -6.27744e+66 60.9083 147.09 289.773 656.864 820.99 1408.29 1716.1 2322.28 2970.61 3929.23 
-6.27744e+66 -6.27744e+66 -6.27744e+66 -6.27744e+66 60.9083 132.25 376.977 500.071 969.909 1226.42 1746.01 2313.3 3165.4 
-6.27744e+66 -6.27744e+66 -6.27744e+66 -6.27744e+66 -6.27744e+66 60.9083 183.272 265.335 617.713 822.921 1255.91 1742.16 2487.75 
-6.27744e+66 -6.27744e+66 -6.27744e+66 -6.27744e+66 -6.27744e+66 -6.27744e+66 60.9083 101.94 336.858 490.764 837.157 1242.36 1881.44 
-6.27744e+66 -6.27744e+66 -6.27744e+66 -6.27744e+66 -6.27744e+66 -6.27744e+66 -6.27744e+66 60.9083 178.368 280.972 540.766 864.931 1397.5 
-6.27744e+66 -6.27744e+66 -6.27744e+66 -6.27744e+66 -6.27744e+66 -6.27744e+66 -6.27744e+66 -6.27744e+66 60.9083 112.21 285.406 528.53 954.582 
-6.27744e+66 -6.27744e+66 -6.27744e+66 -6.27744e+66 -6.27744e+66 -6.27744e+66 -6.27744e+66 -6.27744e+66 -6.27744e+66 60.9083 147.506 309.589 629.128 
-6.27744e+66 -6.27744e+66 -6.27744e+66 -6.27744e+66 -6.27744e+66 -6.27744e+66 -6.27744e+66 -6.27744e+66 -6.27744e+66 -6.27744e+66 60.9083 141.95 354.975 
-6.27744e+66 -6.27744e+66 -6.27744e+66 -6.27744e+66 -6.27744e+66 -6.27744e+66 -6.27744e+66 -6.27744e+66 -6.27744e+66 -6.27744e+66 -6.27744e+66 60.9083 167.421 
-6.27744e+66 -6.27744e+66 -6.27744e+66 -6.27744e+66 -6.27744e+66 -6.27744e+66 -6.27744e+66 -6.27744e+66 -6.27744e+66 -6.27744e+66 -6.27744e+66 -6.27744e+66 60.9083 
-6.27744e+66 -6.27744e+66 -6.27744e+66 -6.27744e+66 -6.27744e+66 -6.27744e+66 -6.27744e+66 -6.27744e+66 -6.27744e+66 -6.27744e+66 -6.27744e+66 -6.27744e+66 -6.27744e+66 
-6.27744e+66 68.6357 158.191 258.833 426.732 540.658 1039.45 1529.19 2200.62 2416.07 3021.19 3707.73 4867.88 
-6.27744e+66 -6.27744e+66 68.6357 118.957 230.889 316.334 715.37 1123.48 1698.99 1887.51 2425.4 3043.28 4097.97 
-6.27744e+66 -6.27744e+66 -6.27744e+66 68.6357 124.602 181.565 480.842 807.331 1286.92 1448.51 1919.16 2468.39 3417.61 
-6.27744e+66 -6.27744e+66 -6.27744e+66 -6.27744e+66 68.6357 97.1174 296.635 541.502 925.177 1059.83 1463.25 1943.82 2787.57 
-6.27744e+66 -6.27744e+66 -6.27744e+66 -6.27744e+66 -6.27744e+66 68.6357 168.395 331.639 619.396 727.121 1063.3 1475.22 2213.5 
-6.27744e+66 -6.27744e+66 -6.27744e+66 -6.27744e+66 -6.27744e+66 -6.27744e+66 68.6357 150.258 342.096 422.89 691.834 1035.1 1667.91 
-6.27744e+66 -6.27744e+66 -6.27744e+66 -6.27744e+66 -6.27744e+66 -6.27744e+66 -6.27744e+66 68.6357 164.555 218.417 420.125 694.738 1222.08 
-6.27744e+66 -6.27744e+66 -6.27744e+66 -6.27744e+66 -6.27744e+66 -6.27744e+66 -6.27744e+66 -6.27744e+66 68.6357 95.5672 230.039 435.999 857.874 
-6.27744e+66 -6.27744e+66 -6.27744e+66 -6.27744e+66 -6.27744e+66 -6.27744e+66 -6.27744e+66 -6.27744e+66 -6.27744e+66 68.6357 135.872 273.178 589.585 
-6.27744e+66 -6.27744e+66 -6.27744e+66 -6.27744e+66 -6.27744e+66 -6.27744e+66 -6.27744e+66 -6.27744e+66 -6.27744e+66 -6.27744e+66 68.6357 137.289 348.227 
-6.27744e+66 -6.27744e+66 -6.27744e+66 -6.27744e+66 -6.27744e+66 -6.27744e+66 -6.27744e+66 -6.27744e+66 -6.27744e+66 -6.27744e+66 -6.27744e+66 68.6357 174.105 
-6.27744e+66 -6.27744e+66 -6.27744e+66 -6.27744e+66 -6.27744e+66 -6.27744e+66 -6.27744e+66 -6.27744e+66 -6.27744e+66 -6.27744e+66 -6.27744e+66 -6.27744e+66 68.6357 
-6.27744e+66 -6.27744e+66 -6.27744e+66 -6.27744e+66 -6.27744e+66 -6.27744e+66 -6.27744e+66 -6.27744e+66 -6.27744e+66 -6.27744e+66 -6.27744e+66 -6.27744e+66 -6.27744e+66 
-6.27744e+66 68.2535 113.626 176.135 459.236 742.844 1327.35 1674.01 2348.48 2909.95 3745.94 4042.19 5115.64 
-6.27744e+66 -6.27744e+66 68.2535 99.5078 288.241 500.948 968.555 1257.44 1835.55 2326.84 3069.94 3336.57 4312.43 
-6.27744e+66 -6.27744e+66 -6.27744e+66 68.2535 162.62 304.425 655.13 886.236 1368 1789.1 2439.31 2676.32 3554.59 
-6.27744e+66 -6.27744e+66 -6.27744e+66 -6.27744e+66 68.2535 139.156 372.959 546.289 931.699 1282.62 1839.94 2047.32 2828.01 
-6.27744e+66 -6.27744e+66 -6.27744e+66 -6.27744e+66 -6.27744e+66 68.2535 185.155 300.708 589.766 870.499 1334.94 1512.69 2195.79 
-6.27744e+66 -6.27744e+66 -6.27744e+66 -6.27744e+66 -6.27744e+66 -6.27744e+66 68.2535 126.03 318.735 529.285 900.837 1048.96 1634.48 
-6.27744e+66 -6.27744e+66 -6.27744e+66 -6.27744e+66 -6.27744e+66 -6.27744e+66 -6.27744e+66 68.2535 164.606 304.973 583.636 702.138 1190.07 
-6.27744e+66 -6.27744e+66 -6.27744e+66 -6.27744e+66 -6.27744e+66 -6.27744e+66 -6.27744e+66 -6.27744e+66 68.2535 138.437 324.213 413.089 803.432 
-6.27744e+66 -6.27744e+66 -6.27744e+66 -6.27744e+66 -6.27744e+66 -6.27744e+66 -6.27744e+66 -6.27744e+66 -6.27744e+66 68.2535 161.141 220.392 513.15 
-6.27744e+66 -6.27744e+66 -6.27744e+66 -6.27744e+66 -6.27744e+66 -6.27744e+66 -6.27744e+66 -6.27744e+66 -6.27744e+66 -6.27744e+66 68.2535 97.8789 293.051 
-6.27744e+66 -6.27744e+66 -6.27744e+66 -6.27744e+66 -6.27744e+66 -6.27744e+66 -6.27744e+66 -6.27744e+66 -6.27744e+66 -6.27744e+66 -6.27744e+66 68.2535 165.839 
-6.27744e+66 -6.27744e+66 -6.27744e+66 -6.27744e+66 -6.27744e+66 -6.27744e+66 -6.27744e+66 -6.27744e+66 -6.27744e+66 -6.27744e+66 -6.27744e+66 -6.27744e+66 68.2535 
-6.27744e+66 -6.27744e+66 -6.27744e+66 -6.27744e+66 -6.27744e+66 -6.27744e+66 -6.27744e+66 -6.27744e+66 -6.27744e+66 -6.27744e+66 -6.27744e+66 -6.27744e+66 -6.27744e+66 
-6.27744e+66 52.1035 159.017 238.486 456.726 731.312 1158.44 1310.19 1801.28 2343.07 3180.74 3694.57 5065.14 
-6.27744e+66 -6.27744e+66 52.1035 91.8378 237.331 443.271 784.971 911.429 1332.37 1806.43 2551.03 3013.47 4259.45 
-6.27744e+66 -6.27744e+66 -6.27744e+66 52.1035 124.85 262.143 518.418 619.585 970.367 1376.7 2028.23 2439.29 3560.67 
-6.27744e+66 -6.27744e+66 -6.27744e+66 -6.27744e+66 52.1035 120.75 291.6 367.475 648.101 986.715 1545.16 1904.85 2901.62 
-6.27744e+66 -6.27744e+66 -6.27744e+66 -6.27744e+66 -6.27744e+66 52.1035 137.528 188.112 398.581 669.473 1134.85 1443.15 2315.33 
-6.27744e+66 -6.27744e+66 -6.27744e+66 -6.27744e+66 -6.27744e+66 -6.27744e+66 52.1035 77.3951 217.708 420.877 793.176 1050.09 1797.67 
-6.27744e+66 -6.27744e+66 -6.27744e+66 -6.27744e+66 -6.27744e+66 -6.27744e+66 -6.27744e+66 52.1035 122.26 257.706 536.93 742.463 1365.45 
-6.27744e+66 -6.27744e+66 -6.27744e+66 -6.27744e+66 -6.27744e+66 -6.27744e+66 -6.27744e+66 -6.27744e+66 52.1035 119.826 305.976 460.125 958.514 
-6.27744e+66 -6.27744e+66 -6.27744e+66 -6.27744e+66 -6.27744e+66 -6.27744e+66 -6.27744e+66 -6.27744e+66 -6.27744e+66 52.1035 145.178 247.944 621.736 
-6.27744e+66 -6.27744e+66 -6.27744e+66 -6.27744e+66 -6.27744e+66 -6.27744e+66 -6.27744e+66 -6.27744e+66 -6.27744e+66 -6.27744e+66 52.1035 103.487 352.681 
-6.27744e+66 -6.27744e+66 -6.27744e+66 -6.27744e+66 -6.27744e+66 -6.27744e+66 -6.27744e+66 -6.27744e+66 -6.27744e+66 -6.27744e+66 -6.27744e+66 52.1035 176.701 
-6.27744e+66 -6.27744e+66 -6.27744e+66 -6.27744e+66 -6.27744e+66 -6.27744e+66 -6.27744e+66 -6.27744e+66 -6.27744e+66 -6.27744e+66 -6.27744e+66 -6.27744e+66 52.1035 
-6.27744e+66 -6.27744e+66 -6.27744e+66 -6.27744e+66 -6.27744e+66 -6.27744e+66 -6.27744e+66 -6.27744e+66 -6.27744e+66 -6.27744e+66 -6.27744e+66 -6.27744e+66 -6.27744e+66 
-6.27744e+66 67.4141 190.819 328.854 694.03 866.743 1332.27 1746.83 2321.19 2725.2 3645.27 4591.64 5467.97 
-6.27744e+66 -6.27744e+66 67.4141 136.432 379.882 509.417 881.837 1227.31 1719.61 2073.13 2890.96 3742.7 4539.36 
-6.27744e+66 -6.27744e+66 -6.27744e+66 67.4141 189.139 275.496 554.811 831.187 1241.44 1544.45 2260.06 3017.16 3734.15 
-6.27744e+66 -6.27744e+66 -6.27744e+66 -6.27744e+66 67.4141 110.592 296.802 504.084 832.287 1084.8 1698.18 2360.64 2997.96 
-6.27744e+66 -6.27744e+66 -6.27744e+66 -6.27744e+66 -6.27744e+66 67.4141 160.519 298.707 544.859 746.867 1258.02 1825.84 2383.5 
-6.27744e+66 -6.27744e+66 -6.27744e+66 -6.27744e+66 -6.27744e+66 -6.27744e+66 67.4141 136.508 300.609 452.116 861.034 1334.22 1812.22 
-6.27744e+66 -6.27744e+66 -6.27744e+66 -6.27744e+66 -6.27744e+66 -6.27744e+66 -6.27744e+66 67.4141 149.465 250.469 557.158 935.707 1334.04 
-6.27744e+66 -6.27744e+66 -6.27744e+66 -6.27744e+66 -6.27744e+66 -6.27744e+66 -6.27744e+66 -6.27744e+66 67.4141 117.916 322.375 606.287 924.951 
-6.27744e+66 -6.27744e+66 -6.27744e+66 -6.27744e+66 -6.27744e+66 -6.27744e+66 -6.27744e+66 -6.27744e+66 -6.27744e+66 67.4141 169.644 358.918 597.916 
-6.27744e+66 -6.27744e+66 -6.27744e+66 -6.27744e+66 -6.27744e+66 -6.27744e+66 -6.27744e+66 -6.27744e+66 -6.27744e+66 -6.27744e+66 67.4141 162.051 321.383 
-6.27744e+66 -6.27744e+66 -6.27744e+66 -6.27744e+66 -6.27744e+66 -6.27744e+66 -6.27744e+66 -6.27744e+66 -6.27744e+66 -6.27744e+66 -6.27744e+66 67.4141 147.08 
-6.27744e+66 -6.27744e+66 -6.27744e+66 -6.27744e+66 -6.27744e+66 -6.27744e+66 -6.27744e+66 -6.27744e+66 -6.27744e+66 -6.27744e+66 -6.27744e+66 -6.27744e+66 67.4141 
-6.27744e+66 -6.27744e+66 -6.27744e+66 -6.27744e+66 -6.27744e+66 -6.27744e+66 -6.27744e+66 -6.27744e+66 -6.27744e+66 -6.27744e+66 -6.27744e+66 -6.27744e+66 -6.27744e+66 
