24 20 
976.003 976.003 976.003 976.003 976.003 976.003 976.003 976.003 976.003 976.003 976.003 976.003 976.003 976.003 976.003 976.003 976.003 976.003 976.003 976.003 976.003 976.003 976.003 976.003 
item 0
54.0233 0 0 0 70.2517 0 0 0 0 0 0 109.495 29.5785 0 0 0 0 119.475 0 0 0 113.443 0 90.4729 
53.3968 53.3968 53.3968 53.3968 53.3968 53.3968 53.3968 53.3968 53.3968 53.3968 53.3968 53.3968 53.3968 53.3968 53.3968 53.3968 53.3968 53.3968 53.3968 53.3968 53.3968 53.3968 53.3968 53.3968 
1 1 1 1 1 1 1 1 1 1 1 1 1 1 1 1 1 1 1 1 1 1 1 1 
item 1
62.2103 0 0 124.104 0 110.703 0 0 0 0 48.1417 117.43 0 0 0 102.268 0 0 0 99.0804 67.8058 0 67.8476 0 
68.9509 68.9509 68.9509 68.9509 68.9509 68.9509 68.9509 68.9509 68.9509 68.9509 68.9509 68.9509 68.9509 68.9509 68.9509 68.9509 68.9509 68.9509 68.9509 68.9509 68.9509 68.9509 68.9509 68.9509 
1 1 1 1 1 1 1 1 1 1 1 1 1 1 1 1 1 1 1 1 1 1 1 1 
item 2
61.4915 91.9562 0 0 0 141.846 0 71.2366 70.7764 115.243 28.7492 92.851 18.5982 0 0 95.8266 0 87.355 0 0 0 88.9116 52.7036 0 
91.1887 91.1887 91.1887 91.1887 91.1887 91.1887 91.1887 91.1887 91.1887 91.1887 91.1887 91.1887 91.1887 91.1887 91.1887 91.1887 91.1887 91.1887 91.1887 91.1887 91.1887 91.1887 91.1887 91.1887 
1 1 1 1 1 1 1 1 1 1 1 1 1 1 1 1 1 1 1 1 1 1 1 1 
item 3
58.6311 0 0 0 26.1891 108.278 56.0515 0 75.4579 135.769 46.1354 107.889 55.8905 0 41.2539 0 0 0 49.4756 0 0 0 49.1261 0 
57.3957 57.3957 57.3957 57.3957 57.3957 57.3957 57.3957 57.3957 57.3957 57.3957 57.3957 57.3957 57.3957 57.3957 57.3957 57.3957 57.3957 57.3957 57.3957 57.3957 57.3957 57.3957 57.3957 57.3957 
1 1 1 1 1 1 1 1 1 1 1 1 1 1 1 1 1 1 1 1 1 1 1 1 
item 4
27.4998 0 81.0224 0 56.9642 116.704 0 120.693 56.5158 0 0 0 0 94.2426 0 92.006 0 0 0 93.2384 58.9524 96.5523 49.5691 86.5651 
68.8561 68.8561 68.8561 68.8561 68.8561 68.8561 68.8561 68.8561 68.8561 68.8561 68.8561 68.8561 68.8561 68.8561 68.8561 68.8561 68.8561 68.8561 68.8561 68.8561 68.8561 68.8561 68.8561 68.8561 
1 1 1 1 1 1 1 1 1 1 1 1 1 1 1 1 1 1 1 1 1 1 1 1 
item 5
70.1228 91.5785 0 98.9854 0 93.1481 69.1822 69.4931 52.7508 0 63.4679 123.033 0 0 43.0141 0 0 114.964 63.6466 124.868 0 74.0087 0 110.825 
48.1493 48.1493 48.1493 48.1493 48.1493 48.1493 48.1493 48.1493 48.1493 48.1493 48.1493 48.1493 48.1493 48.1493 48.1493 48.1493 48.1493 48.1493 48.1493 48.1493 48.1493 48.1493 48.1493 48.1493 
1 1 1 1 1 1 1 1 1 1 1 1 1 1 1 1 1 1 1 1 1 1 1 1 
item 6
47.1878 0 0 0 0 0 44.7104 90.1089 48.6674 92.8516 21.3086 0 35.2704 111.196 26.6152 103.041 0 0 0 0 59.5742 0 53.6009 86.0138 
42.9294 42.9294 42.9294 42.9294 42.9294 42.9294 42.9294 42.9294 42.9294 42.9294 42.9294 42.9294 42.9294 42.9294 42.9294 42.9294 42.9294 42.9294 42.9294 42.9294 42.9294 42.9294 42.9294 42.9294 
1 1 1 1 1 1 1 1 1 1 1 1 1 1 1 1 1 1 1 1 1 1 1 1 
item 7
22.1355 0 0 0 0 85.418 59.8835 0 0 0 44.2719 87.2849 83.701 126.787 25.9461 0 33.4144 98.4694 53.48 93.4333 0 0 0 97.3498 
85.888 85.888 85.888 85.888 85.888 85.888 85.888 85.888 85.888 85.888 85.888 85.888 85.888 85.888 85.888 85.888 85.888 85.888 85.888 85.888 85.888 85.888 85.888 85.888 
1 1 1 1 1 1 1 1 1 1 1 1 1 1 1 1 1 1 1 1 1 1 1 1 
item 8
9.81717 0 0 0 0 100.958 41.837 0 0 0 13.2518 0 53.5027 0 54.2917 116.466 23.0401 0 72.8151 0 0 0 36.3542 81.4731 
39.611 39.611 39.611 39.611 39.611 39.611 39.611 39.611 39.611 39.611 39.611 39.611 39.611 39.611 39.611 39.611 39.611 39.611 39.611 39.611 39.611 39.611 39.611 39.611 
1 1 1 1 1 1 1 1 1 1 1 1 1 1 1 1 1 1 1 1 1 1 1 1 
item 9
43.9339 0 68.1683 0 36.5598 131.049 64.0877 111.032 73.6171 107.436 47.3119 0 0 0 0 0 56.8032 143.264 47.7833 82.5319 44.3406 0 47.7529 63.5041 
69.5157 69.5157 69.5157 69.5157 69.5157 69.5157 69.5157 69.5157 69.5157 69.5157 69.5157 69.5157 69.5157 69.5157 69.5157 69.5157 69.5157 69.5157 69.5157 69.5157 69.5157 69.5157 69.5157 69.5157 
1 1 1 1 1 1 1 1 1 1 1 1 1 1 1 1 1 1 1 1 1 1 1 1 
item 10
54.3027 101.646 48.0188 0 0 91.2395 0 0 15.5336 123.034 0 0 0 63.0087 0 102.278 44.3677 0 0 146.989 0 115.892 58.8705 112.955 
70.7332 70.7332 70.7332 70.7332 70.7332 70.7332 70.7332 70.7332 70.7332 70.7332 70.7332 70.7332 70.7332 70.7332 70.7332 70.7332 70.7332 70.7332 70.7332 70.7332 70.7332 70.7332 70.7332 70.7332 
1 1 1 1 1 1 1 1 1 1 1 1 1 1 1 1 1 1 1 1 1 1 1 1 
item 11
39.2534 70.833 23.1196 0 31.0779 137.969 60.8221 0 73.608 106.792 72.4907 133.764 56.356 0 77.7258 0 45.5286 75.6393 0 0 0 130.755 0 0 
73.3642 73.3642 73.3642 73.3642 73.3642 73.3642 73.3642 73.3642 73.3642 73.3642 73.3642 73.3642 73.3642 73.3642 73.3642 73.3642 73.3642 73.3642 73.3642 73.3642 73.3642 73.3642 73.3642 73.3642 
1 1 1 1 1 1 1 1 1 1 1 1 1 1 1 1 1 1 1 1 1 1 1 1 
item 12
49.1837 105.567 0 118.064 36.604 97.6666 29.4649 0 80.2936 104.469 0 0 19.5847 0 79.1747 0 61.7899 0 37.7519 0 0 0 0 0 
85.2865 85.2865 85.2865 85.2865 85.2865 85.2865 85.2865 85.2865 85.2865 85.2865 85.2865 85.2865 85.2865 85.2865 85.2865 85.2865 85.2865 85.2865 85.2865 85.2865 85.2865 85.2865 85.2865 85.2865 
1 1 1 1 1 1 1 1 1 1 1 1 1 1 1 1 1 1 1 1 1 1 1 1 
item 13
35.5799 0 0 0 0 85.4418 0 0 0 0 71.4404 0 46.0993 64.1328 0 0 64.2851 128.707 58.9594 66.1383 67.5531 101.638 0 0 
73.8213 73.8213 73.8213 73.8213 73.8213 73.8213 73.8213 73.8213 73.8213 73.8213 73.8213 73.8213 73.8213 73.8213 73.8213 73.8213 73.8213 73.8213 73.8213 73.8213 73.8213 73.8213 73.8213 73.8213 
1 1 1 1 1 1 1 1 1 1 1 1 1 1 1 1 1 1 1 1 1 1 1 1 
item 14
60.2705 121.612 0 116.043 24.7866 148.716 0 0 0 103.27 0 0 0 87.088 0 109.085 0 0 40.6948 0 58.7186 102.187 40.5654 120.558 
66.5059 66.5059 66.5059 66.5059 66.5059 66.5059 66.5059 66.5059 66.5059 66.5059 66.5059 66.5059 66.5059 66.5059 66.5059 66.5059 66.5059 66.5059 66.5059 66.5059 66.5059 66.5059 66.5059 66.5059 
1 1 1 1 1 1 1 1 1 1 1 1 1 1 1 1 1 1 1 1 1 1 1 1 
item 15
60.6571 0 0 0 15.4004 85.9046 0 0 0 0 30.1312 0 48.8719 0 64.4549 90.3765 0 0 38.5129 0 0 117.777 0 0 
46.2571 46.2571 46.2571 46.2571 46.2571 46.2571 46.2571 46.2571 46.2571 46.2571 46.2571 46.2571 46.2571 46.2571 46.2571 46.2571 46.2571 46.2571 46.2571 46.2571 46.2571 46.2571 46.2571 46.2571 
1 1 1 1 1 1 1 1 1 1 1 1 1 1 1 1 1 1 1 1 1 1 1 1 
item 16
39.1594 0 28.1653 0 30.0654 98.3499 0 0 69.3994 96.2006 23.6274 0 0 0 31.1235 100.761 54.2005 91.0997 0 117.811 17.1987 87.2178 0 93.8107 
75.8413 75.8413 75.8413 75.8413 75.8413 75.8413 75.8413 75.8413 75.8413 75.8413 75.8413 75.8413 75.8413 75.8413 75.8413 75.8413 75.8413 75.8413 75.8413 75.8413 75.8413 75.8413 75.8413 75.8413 
1 1 1 1 1 1 1 1 1 1 1 1 1 1 1 1 1 1 1 1 1 1 1 1 
item 17
24.9716 0 0 90.9703 43.7031 51.5834 0 70.06 0 0 0 0 0 0 0 103.05 0 97.9168 0 0 0 0 0 0 
71.2428 71.2428 71.2428 71.2428 71.2428 71.2428 71.2428 71.2428 71.2428 71.2428 71.2428 71.2428 71.2428 71.2428 71.2428 71.2428 71.2428 71.2428 71.2428 71.2428 71.2428 71.2428 71.2428 71.2428 
1 1 1 1 1 1 1 1 1 1 1 1 1 1 1 1 1 1 1 1 1 1 1 1 
item 18
26.2046 0 0 0 58.2446 103.229 0 116.712 0 69.145 0 0 57.0399 0 48.5659 0 68.3289 0 48.4617 0 16.6122 98.4911 0 0 
79.2153 79.2153 79.2153 79.2153 79.2153 79.2153 79.2153 79.2153 79.2153 79.2153 79.2153 79.2153 79.2153 79.2153 79.2153 79.2153 79.2153 79.2153 79.2153 79.2153 79.2153 79.2153 79.2153 79.2153 
1 1 1 1 1 1 1 1 1 1 1 1 1 1 1 1 1 1 1 1 1 1 1 1 
item 19
57.8729 123.309 0 0 39.9497 0 0 0 0 68.6572 0 0 0 0 0 0 55.5708 0 33.7412 0 51.7421 134.04 47.8233 0 
61.4767 61.4767 61.4767 61.4767 61.4767 61.4767 61.4767 61.4767 61.4767 61.4767 61.4767 61.4767 61.4767 61.4767 61.4767 61.4767 61.4767 61.4767 61.4767 61.4767 61.4767 61.4767 61.4767 61.4767 
1 1 1 1 1 1 1 1 1 1 1 1 1 1 1 1 1 1 1 1 1 1 1 1 
