6 10 
37.3832 37.3832 37.3832 37.3832 37.3832 37.3832 
item 0
25.9691 0 65.5454 0 62.4219 102.585 
63.6103 63.6103 63.6103 63.6103 63.6103 63.6103 
1 1 1 1 1 1 
item 1
30.3708 71.3492 0 122.406 0 0 
69.9637 69.9637 69.9637 69.9637 69.9637 69.9637 
1 1 1 1 1 1 
item 2
61.3325 0 0 79.6682 0 86.1014 
79.9956 79.9956 79.9956 79.9956 79.9956 79.9956 
1 1 1 1 1 1 
item 3
81.0263 0 0 112.954 0 98.1552 
95.2639 95.2639 95.2639 95.2639 95.2639 95.2639 
1 1 1 1 1 1 
item 4
62.5614 122.551 0 0 0 0 
46.5191 46.5191 46.5191 46.5191 46.5191 46.5191 
1 1 1 1 1 1 
item 5
98.8654 0 60.7509 0 42.2756 0 
121.234 121.234 121.234 121.234 121.234 121.234 
1 1 1 1 1 1 
item 6
64.2753 0 0 95.0006 44.0397 0 
38.6181 38.6181 38.6181 38.6181 38.6181 38.6181 
1 1 1 1 1 1 
item 7
71.4302 103.395 82.1725 0 47.3697 0 
80.1172 80.1172 80.1172 80.1172 80.1172 80.1172 
1 1 1 1 1 1 
item 8
44.2614 0 17.956 0 53.6986 124.847 
50.0796 50.0796 50.0796 50.0796 50.0796 50.0796 
1 1 1 1 1 1 
item 9
61.9595 0 61.2266 0 49.3497 103.932 
44.1359 44.1359 44.1359 44.1359 44.1359 44.1359 
1 1 1 1 1 1 
