12 5 
940.43 940.43 940.43 940.43 940.43 940.43 940.43 940.43 940.43 940.43 940.43 940.43 
item 0
61.8234 0 36.1536 84.2535 0 64.8375 43.4539 87.2951 0 0 38.9456 0 
37.6485 37.6485 37.6485 37.6485 37.6485 37.6485 37.6485 37.6485 37.6485 37.6485 37.6485 37.6485 
1 1 1 1 1 1 1 1 1 1 1 1 
item 1
46.952 0 60.3366 103.548 0 106.386 0 94.3364 51.2609 124.494 21.9981 0 
61.4814 61.4814 61.4814 61.4814 61.4814 61.4814 61.4814 61.4814 61.4814 61.4814 61.4814 61.4814 
1 1 1 1 1 1 1 1 1 1 1 1 
item 2
46.9483 90.4267 0 126.981 48.5958 60.6257 0 83.9095 0 0 0 140.565 
57.9625 57.9625 57.9625 57.9625 57.9625 57.9625 57.9625 57.9625 57.9625 57.9625 57.9625 57.9625 
1 1 1 1 1 1 1 1 1 1 1 1 
item 3
65.26 0 65.6388 0 44.8397 0 0 0 0 0 0 0 
32.2334 32.2334 32.2334 32.2334 32.2334 32.2334 32.2334 32.2334 32.2334 32.2334 32.2334 32.2334 
1 1 1 1 1 1 1 1 1 1 1 1 
item 4
30.8836 0 0 0 0 96.586 0 0 0 156.821 0 84.3203 
61.2484 61.2484 61.2484 61.2484 61.2484 61.2484 61.2484 61.2484 61.2484 61.2484 61.2484 61.2484 
1 1 1 1 1 1 1 1 1 1 1 1 
