24 10 
997.548 997.548 997.548 997.548 997.548 997.548 997.548 997.548 997.548 997.548 997.548 997.548 997.548 997.548 997.548 997.548 997.548 997.548 997.548 997.548 997.548 997.548 997.548 997.548 
item 0
91.2222 121.304 56.0308 0 60.5823 0 50.008 111.707 0 66.2586 47.9207 0 0 97.7611 76.8871 113.702 0 0 22.2984 110.796 36.4848 79.4998 76.2368 0 
65.7406 65.7406 65.7406 65.7406 65.7406 65.7406 65.7406 65.7406 65.7406 65.7406 65.7406 65.7406 65.7406 65.7406 65.7406 65.7406 65.7406 65.7406 65.7406 65.7406 65.7406 65.7406 65.7406 65.7406 
1 1 1 1 1 1 1 1 1 1 1 1 1 1 1 1 1 1 1 1 1 1 1 1 
item 1
29.6265 125.141 30.1582 94.2361 49.8808 0 0 0 35.7005 0 0 86.2544 0 106.753 54.5394 0 0 0 0 134.959 50.724 0 0 113.251 
30.3408 30.3408 30.3408 30.3408 30.3408 30.3408 30.3408 30.3408 30.3408 30.3408 30.3408 30.3408 30.3408 30.3408 30.3408 30.3408 30.3408 30.3408 30.3408 30.3408 30.3408 30.3408 30.3408 30.3408 
1 1 1 1 1 1 1 1 1 1 1 1 1 1 1 1 1 1 1 1 1 1 1 1 
item 2
41.1178 111.063 36.0984 71.8811 0 143.372 0 0 73.5296 115.229 0 0 0 0 86.2651 104.187 54.7988 0 0 0 62.9419 0 73.3033 0 
36.7304 36.7304 36.7304 36.7304 36.7304 36.7304 36.7304 36.7304 36.7304 36.7304 36.7304 36.7304 36.7304 36.7304 36.7304 36.7304 36.7304 36.7304 36.7304 36.7304 36.7304 36.7304 36.7304 36.7304 
1 1 1 1 1 1 1 1 1 1 1 1 1 1 1 1 1 1 1 1 1 1 1 1 
item 3
34.838 113.3 33.3722 0 0 97.4185 32.9568 89.7869 87.4577 108.909 31.3666 51.7056 0 0 0 78.6882 24.3253 81.0884 64.5103 0 60.3529 95.8251 0 0 
61.7736 61.7736 61.7736 61.7736 61.7736 61.7736 61.7736 61.7736 61.7736 61.7736 61.7736 61.7736 61.7736 61.7736 61.7736 61.7736 61.7736 61.7736 61.7736 61.7736 61.7736 61.7736 61.7736 61.7736 
1 1 1 1 1 1 1 1 1 1 1 1 1 1 1 1 1 1 1 1 1 1 1 1 
item 4
54.3584 73.2416 0 0 0 0 21.73 105.221 45.8894 0 0 100.51 0 63.961 0 90.1171 39.4169 0 0 101.234 0 0 44.74 107.62 
75.7869 75.7869 75.7869 75.7869 75.7869 75.7869 75.7869 75.7869 75.7869 75.7869 75.7869 75.7869 75.7869 75.7869 75.7869 75.7869 75.7869 75.7869 75.7869 75.7869 75.7869 75.7869 75.7869 75.7869 
1 1 1 1 1 1 1 1 1 1 1 1 1 1 1 1 1 1 1 1 1 1 1 1 
item 5
31.5431 0 55.8412 118.284 0 0 0 109.945 46.1174 62.2895 41.821 87.1113 0 0 50.8466 0 58.7126 0 18.0695 0 0 0 13.4577 0 
33.155 33.155 33.155 33.155 33.155 33.155 33.155 33.155 33.155 33.155 33.155 33.155 33.155 33.155 33.155 33.155 33.155 33.155 33.155 33.155 33.155 33.155 33.155 33.155 
1 1 1 1 1 1 1 1 1 1 1 1 1 1 1 1 1 1 1 1 1 1 1 1 
item 6
63.9218 0 0 73.8393 48.0991 0 0 0 0 0 51.0312 0 0 88.7817 0 67.3906 0 0 0 95.6068 0 125.969 35.2095 0 
31.5202 31.5202 31.5202 31.5202 31.5202 31.5202 31.5202 31.5202 31.5202 31.5202 31.5202 31.5202 31.5202 31.5202 31.5202 31.5202 31.5202 31.5202 31.5202 31.5202 31.5202 31.5202 31.5202 31.5202 
1 1 1 1 1 1 1 1 1 1 1 1 1 1 1 1 1 1 1 1 1 1 1 1 
item 7
35.5693 0 61.4272 86.9053 75.0457 0 0 105.88 0 84.6025 22.5708 92.0909 0 0 70.4242 123.682 41.0566 0 0 104.945 0 93.4138 64.8949 0 
63.856 63.856 63.856 63.856 63.856 63.856 63.856 63.856 63.856 63.856 63.856 63.856 63.856 63.856 63.856 63.856 63.856 63.856 63.856 63.856 63.856 63.856 63.856 63.856 
1 1 1 1 1 1 1 1 1 1 1 1 1 1 1 1 1 1 1 1 1 1 1 1 
item 8
33.9996 93.8897 0 0 0 0 0 0 73.5516 118.17 0 108.1 0 103.762 22.7612 103.999 0 82.6273 31.9132 92.8661 72.0777 65.5992 40.9863 0 
9.81857 9.81857 9.81857 9.81857 9.81857 9.81857 9.81857 9.81857 9.81857 9.81857 9.81857 9.81857 9.81857 9.81857 9.81857 9.81857 9.81857 9.81857 9.81857 9.81857 9.81857 9.81857 9.81857 9.81857 
1 1 1 1 1 1 1 1 1 1 1 1 1 1 1 1 1 1 1 1 1 1 1 1 
item 9
71.3094 108.742 44.2661 0 0 0 30.4012 117.476 0 84.2128 60.3998 0 0 0 0 0 0 0 0 0 0 152.352 0 85.6571 
104.541 104.541 104.541 104.541 104.541 104.541 104.541 104.541 104.541 104.541 104.541 104.541 104.541 104.541 104.541 104.541 104.541 104.541 104.541 104.541 104.541 104.541 104.541 104.541 
1 1 1 1 1 1 1 1 1 1 1 1 1 1 1 1 1 1 1 1 1 1 1 1 
