18 5 
-6.27744e+66 42.6734 120.937 225.95 225.95 225.95 683.377 683.377 1382.85 1382.85 1382.85 1739.41 1739.41 2553.63 4201.41 4201.41 5631.38 5631.38 7628.98 
-6.27744e+66 -6.27744e+66 42.6734 95.18 95.18 95.18 461.122 461.122 1060.67 1060.67 1060.67 1381.57 1381.57 2127.94 3648.97 3648.97 4983.61 4983.61 6863.71 
-6.27744e+66 -6.27744e+66 -6.27744e+66 42.6734 42.6734 42.6734 317.13 317.13 816.751 816.751 816.751 1102 1102 1780.52 3174.79 3174.79 4414.1 4414.1 6176.69 
-6.27744e+66 -6.27744e+66 -6.27744e+66 -6.27744e+66 42.6734 42.6734 225.644 225.644 625.341 625.341 625.341 874.934 874.934 1485.6 2753.12 2753.12 3897.1 3897.1 5542.19 
-6.27744e+66 -6.27744e+66 -6.27744e+66 -6.27744e+66 -6.27744e+66 42.6734 134.159 134.159 433.932 433.932 433.932 647.868 647.868 1190.68 2331.45 2331.45 3380.1 3380.1 4907.68 
-6.27744e+66 -6.27744e+66 -6.27744e+66 -6.27744e+66 -6.27744e+66 -6.27744e+66 42.6734 42.6734 242.522 242.522 242.522 420.802 420.802 895.766 1909.78 1909.78 2863.1 2863.1 4273.17 
-6.27744e+66 -6.27744e+66 -6.27744e+66 -6.27744e+66 -6.27744e+66 -6.27744e+66 -6.27744e+66 42.6734 142.598 142.598 142.598 285.222 285.222 692.334 1579.6 1579.6 2437.58 2437.58 3730.15 
-6.27744e+66 -6.27744e+66 -6.27744e+66 -6.27744e+66 -6.27744e+66 -6.27744e+66 -6.27744e+66 -6.27744e+66 42.6734 42.6734 42.6734 149.642 149.642 488.901 1249.41 1249.41 2012.07 2012.07 3187.13 
-6.27744e+66 -6.27744e+66 -6.27744e+66 -6.27744e+66 -6.27744e+66 -6.27744e+66 -6.27744e+66 -6.27744e+66 -6.27744e+66 42.6734 42.6734 113.985 113.985 385.393 1019.15 1019.15 1686.47 1686.47 2744.03 
-6.27744e+66 -6.27744e+66 -6.27744e+66 -6.27744e+66 -6.27744e+66 -6.27744e+66 -6.27744e+66 -6.27744e+66 -6.27744e+66 -6.27744e+66 42.6734 78.3294 78.3294 281.885 788.893 788.893 1360.88 1360.88 2300.93 
-6.27744e+66 -6.27744e+66 -6.27744e+66 -6.27744e+66 -6.27744e+66 -6.27744e+66 -6.27744e+66 -6.27744e+66 -6.27744e+66 -6.27744e+66 -6.27744e+66 42.6734 42.6734 178.377 558.633 558.633 1035.29 1035.29 1857.83 
-6.27744e+66 -6.27744e+66 -6.27744e+66 -6.27744e+66 -6.27744e+66 -6.27744e+66 -6.27744e+66 -6.27744e+66 -6.27744e+66 -6.27744e+66 -6.27744e+66 -6.27744e+66 42.6734 110.525 364.029 364.029 745.356 745.356 1450.39 
-6.27744e+66 -6.27744e+66 -6.27744e+66 -6.27744e+66 -6.27744e+66 -6.27744e+66 -6.27744e+66 -6.27744e+66 -6.27744e+66 -6.27744e+66 -6.27744e+66 -6.27744e+66 -6.27744e+66 42.6734 169.425 169.425 455.42 455.42 1042.95 
-6.27744e+66 -6.27744e+66 -6.27744e+66 -6.27744e+66 -6.27744e+66 -6.27744e+66 -6.27744e+66 -6.27744e+66 -6.27744e+66 -6.27744e+66 -6.27744e+66 -6.27744e+66 -6.27744e+66 -6.27744e+66 42.6734 42.6734 233.336 233.336 703.361 
-6.27744e+66 -6.27744e+66 -6.27744e+66 -6.27744e+66 -6.27744e+66 -6.27744e+66 -6.27744e+66 -6.27744e+66 -6.27744e+66 -6.27744e+66 -6.27744e+66 -6.27744e+66 -6.27744e+66 -6.27744e+66 -6.27744e+66 42.6734 138.005 138.005 490.523 
-6.27744e+66 -6.27744e+66 -6.27744e+66 -6.27744e+66 -6.27744e+66 -6.27744e+66 -6.27744e+66 -6.27744e+66 -6.27744e+66 -6.27744e+66 -6.27744e+66 -6.27744e+66 -6.27744e+66 -6.27744e+66 -6.27744e+66 -6.27744e+66 42.6734 42.6734 277.685 
-6.27744e+66 -6.27744e+66 -6.27744e+66 -6.27744e+66 -6.27744e+66 -6.27744e+66 -6.27744e+66 -6.27744e+66 -6.27744e+66 -6.27744e+66 -6.27744e+66 -6.27744e+66 -6.27744e+66 -6.27744e+66 -6.27744e+66 -6.27744e+66 -6.27744e+66 42.6734 160.179 
-6.27744e+66 -6.27744e+66 -6.27744e+66 -6.27744e+66 -6.27744e+66 -6.27744e+66 -6.27744e+66 -6.27744e+66 -6.27744e+66 -6.27744e+66 -6.27744e+66 -6.27744e+66 -6.27744e+66 -6.27744e+66 -6.27744e+66 -6.27744e+66 -6.27744e+66 -6.27744e+66 42.6734 
-6.27744e+66 -6.27744e+66 -6.27744e+66 -6.27744e+66 -6.27744e+66 -6.27744e+66 -6.27744e+66 -6.27744e+66 -6.27744e+66 -6.27744e+66 -6.27744e+66 -6.27744e+66 -6.27744e+66 -6.27744e+66 -6.27744e+66 -6.27744e+66 -6.27744e+66 -6.27744e+66 -6.27744e+66 
-6.27744e+66 88.5067 88.5067 88.5067 417.975 593.333 593.333 996.946 1758.67 2342.36 3390.21 3390.21 3390.21 4183.77 4183.77 4890.77 4890.77 5877.56 5877.56 
-6.27744e+66 -6.27744e+66 88.5067 88.5067 308.152 439.671 439.671 776.015 1428.92 1939.65 2871.07 2871.07 2871.07 3598.51 3598.51 4255.01 4255.01 5180.12 5180.12 
-6.27744e+66 -6.27744e+66 -6.27744e+66 88.5067 198.329 286.009 286.009 555.084 1099.17 1536.94 2351.93 2351.93 2351.93 3013.24 3013.24 3619.24 3619.24 4482.68 4482.68 
-6.27744e+66 -6.27744e+66 -6.27744e+66 -6.27744e+66 88.5067 132.346 132.346 334.153 769.425 1134.23 1832.8 1832.8 1832.8 2427.97 2427.97 2983.47 2983.47 3785.23 3785.23 
-6.27744e+66 -6.27744e+66 -6.27744e+66 -6.27744e+66 -6.27744e+66 88.5067 88.5067 223.044 549.499 841.341 1423.48 1423.48 1423.48 1952.52 1952.52 2457.52 2457.52 3197.61 3197.61 
-6.27744e+66 -6.27744e+66 -6.27744e+66 -6.27744e+66 -6.27744e+66 -6.27744e+66 88.5067 155.775 373.412 592.293 1058.01 1058.01 1058.01 1520.92 1520.92 1975.42 1975.42 2653.83 2653.83 
-6.27744e+66 -6.27744e+66 -6.27744e+66 -6.27744e+66 -6.27744e+66 -6.27744e+66 -6.27744e+66 88.5067 197.325 343.246 692.53 692.53 692.53 1089.31 1089.31 1493.31 1493.31 2110.05 2110.05 
-6.27744e+66 -6.27744e+66 -6.27744e+66 -6.27744e+66 -6.27744e+66 -6.27744e+66 -6.27744e+66 -6.27744e+66 88.5067 161.467 394.323 394.323 394.323 724.975 724.975 1078.47 1078.47 1633.54 1633.54 
-6.27744e+66 -6.27744e+66 -6.27744e+66 -6.27744e+66 -6.27744e+66 -6.27744e+66 -6.27744e+66 -6.27744e+66 -6.27744e+66 88.5067 204.935 204.935 204.935 469.456 469.456 772.456 772.456 1265.85 1265.85 
-6.27744e+66 -6.27744e+66 -6.27744e+66 -6.27744e+66 -6.27744e+66 -6.27744e+66 -6.27744e+66 -6.27744e+66 -6.27744e+66 -6.27744e+66 88.5067 88.5067 88.5067 286.898 286.898 539.397 539.397 971.117 971.117 
-6.27744e+66 -6.27744e+66 -6.27744e+66 -6.27744e+66 -6.27744e+66 -6.27744e+66 -6.27744e+66 -6.27744e+66 -6.27744e+66 -6.27744e+66 -6.27744e+66 88.5067 88.5067 220.767 220.767 422.767 422.767 792.813 792.813 
-6.27744e+66 -6.27744e+66 -6.27744e+66 -6.27744e+66 -6.27744e+66 -6.27744e+66 -6.27744e+66 -6.27744e+66 -6.27744e+66 -6.27744e+66 -6.27744e+66 -6.27744e+66 88.5067 154.637 154.637 306.137 306.137 614.508 614.508 
-6.27744e+66 -6.27744e+66 -6.27744e+66 -6.27744e+66 -6.27744e+66 -6.27744e+66 -6.27744e+66 -6.27744e+66 -6.27744e+66 -6.27744e+66 -6.27744e+66 -6.27744e+66 -6.27744e+66 88.5067 88.5067 189.507 189.507 436.204 436.204 
-6.27744e+66 -6.27744e+66 -6.27744e+66 -6.27744e+66 -6.27744e+66 -6.27744e+66 -6.27744e+66 -6.27744e+66 -6.27744e+66 -6.27744e+66 -6.27744e+66 -6.27744e+66 -6.27744e+66 -6.27744e+66 88.5067 139.007 139.007 324.03 324.03 
-6.27744e+66 -6.27744e+66 -6.27744e+66 -6.27744e+66 -6.27744e+66 -6.27744e+66 -6.27744e+66 -6.27744e+66 -6.27744e+66 -6.27744e+66 -6.27744e+66 -6.27744e+66 -6.27744e+66 -6.27744e+66 -6.27744e+66 88.5067 88.5067 211.855 211.855 
-6.27744e+66 -6.27744e+66 -6.27744e+66 -6.27744e+66 -6.27744e+66 -6.27744e+66 -6.27744e+66 -6.27744e+66 -6.27744e+66 -6.27744e+66 -6.27744e+66 -6.27744e+66 -6.27744e+66 -6.27744e+66 -6.27744e+66 -6.27744e+66 88.5067 150.181 150.181 
-6.27744e+66 -6.27744e+66 -6.27744e+66 -6.27744e+66 -6.27744e+66 -6.27744e+66 -6.27744e+66 -6.27744e+66 -6.27744e+66 -6.27744e+66 -6.27744e+66 -6.27744e+66 -6.27744e+66 -6.27744e+66 -6.27744e+66 -6.27744e+66 -6.27744e+66 88.5067 88.5067 
-6.27744e+66 -6.27744e+66 -6.27744e+66 -6.27744e+66 -6.27744e+66 -6.27744e+66 -6.27744e+66 -6.27744e+66 -6.27744e+66 -6.27744e+66 -6.27744e+66 -6.27744e+66 -6.27744e+66 -6.27744e+66 -6.27744e+66 -6.27744e+66 -6.27744e+66 -6.27744e+66 88.5067 
-6.27744e+66 -6.27744e+66 -6.27744e+66 -6.27744e+66 -6.27744e+66 -6.27744e+66 -6.27744e+66 -6.27744e+66 -6.27744e+66 -6.27744e+66 -6.27744e+66 -6.27744e+66 -6.27744e+66 -6.27744e+66 -6.27744e+66 -6.27744e+66 -6.27744e+66 -6.27744e+66 -6.27744e+66 
-6.27744e+66 45.9264 142.82 201.554 536.108 854.912 854.912 854.912 1770.53 1770.53 1770.53 2091.52 2091.52 2091.52 2091.52 2091.52 4037.78 4037.78 5881.62 
-6.27744e+66 -6.27744e+66 45.9264 75.2935 298.329 537.433 537.433 537.433 1322.24 1322.24 1322.24 1611.14 1611.14 1611.14 1611.14 1611.14 3427.65 3427.65 5163.03 
-6.27744e+66 -6.27744e+66 -6.27744e+66 45.9264 157.444 316.847 316.847 316.847 970.857 970.857 970.857 1227.65 1227.65 1227.65 1227.65 1227.65 2914.41 2914.41 4541.33 
-6.27744e+66 -6.27744e+66 -6.27744e+66 -6.27744e+66 45.9264 125.628 125.628 125.628 648.835 648.835 648.835 873.531 873.531 873.531 873.531 873.531 2430.54 2430.54 3949 
-6.27744e+66 -6.27744e+66 -6.27744e+66 -6.27744e+66 -6.27744e+66 45.9264 45.9264 45.9264 438.332 438.332 438.332 630.928 630.928 630.928 630.928 630.928 2058.19 2058.19 3468.18 
-6.27744e+66 -6.27744e+66 -6.27744e+66 -6.27744e+66 -6.27744e+66 -6.27744e+66 45.9264 45.9264 307.53 307.53 307.53 468.027 468.027 468.027 468.027 468.027 1765.54 1765.54 3067.07 
-6.27744e+66 -6.27744e+66 -6.27744e+66 -6.27744e+66 -6.27744e+66 -6.27744e+66 -6.27744e+66 45.9264 176.728 176.728 176.728 305.126 305.126 305.126 305.126 305.126 1472.88 1472.88 2665.96 
-6.27744e+66 -6.27744e+66 -6.27744e+66 -6.27744e+66 -6.27744e+66 -6.27744e+66 -6.27744e+66 -6.27744e+66 45.9264 45.9264 45.9264 142.224 142.224 142.224 142.224 142.224 1180.23 1180.23 2264.84 
-6.27744e+66 -6.27744e+66 -6.27744e+66 -6.27744e+66 -6.27744e+66 -6.27744e+66 -6.27744e+66 -6.27744e+66 -6.27744e+66 45.9264 45.9264 110.125 110.125 110.125 110.125 110.125 1018.38 1018.38 1994.53 
-6.27744e+66 -6.27744e+66 -6.27744e+66 -6.27744e+66 -6.27744e+66 -6.27744e+66 -6.27744e+66 -6.27744e+66 -6.27744e+66 -6.27744e+66 45.9264 78.0258 78.0258 78.0258 78.0258 78.0258 856.531 856.531 1724.22 
-6.27744e+66 -6.27744e+66 -6.27744e+66 -6.27744e+66 -6.27744e+66 -6.27744e+66 -6.27744e+66 -6.27744e+66 -6.27744e+66 -6.27744e+66 -6.27744e+66 45.9264 45.9264 45.9264 45.9264 45.9264 694.681 694.681 1453.91 
-6.27744e+66 -6.27744e+66 -6.27744e+66 -6.27744e+66 -6.27744e+66 -6.27744e+66 -6.27744e+66 -6.27744e+66 -6.27744e+66 -6.27744e+66 -6.27744e+66 -6.27744e+66 45.9264 45.9264 45.9264 45.9264 564.93 564.93 1215.7 
-6.27744e+66 -6.27744e+66 -6.27744e+66 -6.27744e+66 -6.27744e+66 -6.27744e+66 -6.27744e+66 -6.27744e+66 -6.27744e+66 -6.27744e+66 -6.27744e+66 -6.27744e+66 -6.27744e+66 45.9264 45.9264 45.9264 435.179 435.179 977.485 
-6.27744e+66 -6.27744e+66 -6.27744e+66 -6.27744e+66 -6.27744e+66 -6.27744e+66 -6.27744e+66 -6.27744e+66 -6.27744e+66 -6.27744e+66 -6.27744e+66 -6.27744e+66 -6.27744e+66 -6.27744e+66 45.9264 45.9264 305.428 305.428 739.273 
-6.27744e+66 -6.27744e+66 -6.27744e+66 -6.27744e+66 -6.27744e+66 -6.27744e+66 -6.27744e+66 -6.27744e+66 -6.27744e+66 -6.27744e+66 -6.27744e+66 -6.27744e+66 -6.27744e+66 -6.27744e+66 -6.27744e+66 45.9264 175.677 175.677 501.061 
-6.27744e+66 -6.27744e+66 -6.27744e+66 -6.27744e+66 -6.27744e+66 -6.27744e+66 -6.27744e+66 -6.27744e+66 -6.27744e+66 -6.27744e+66 -6.27744e+66 -6.27744e+66 -6.27744e+66 -6.27744e+66 -6.27744e+66 -6.27744e+66 45.9264 45.9264 262.849 
-6.27744e+66 -6.27744e+66 -6.27744e+66 -6.27744e+66 -6.27744e+66 -6.27744e+66 -6.27744e+66 -6.27744e+66 -6.27744e+66 -6.27744e+66 -6.27744e+66 -6.27744e+66 -6.27744e+66 -6.27744e+66 -6.27744e+66 -6.27744e+66 -6.27744e+66 45.9264 154.387 
-6.27744e+66 -6.27744e+66 -6.27744e+66 -6.27744e+66 -6.27744e+66 -6.27744e+66 -6.27744e+66 -6.27744e+66 -6.27744e+66 -6.27744e+66 -6.27744e+66 -6.27744e+66 -6.27744e+66 -6.27744e+66 -6.27744e+66 -6.27744e+66 -6.27744e+66 -6.27744e+66 45.9264 
-6.27744e+66 -6.27744e+66 -6.27744e+66 -6.27744e+66 -6.27744e+66 -6.27744e+66 -6.27744e+66 -6.27744e+66 -6.27744e+66 -6.27744e+66 -6.27744e+66 -6.27744e+66 -6.27744e+66 -6.27744e+66 -6.27744e+66 -6.27744e+66 -6.27744e+66 -6.27744e+66 -6.27744e+66 
-6.27744e+66 91.299 91.299 166.548 166.548 285.107 285.107 285.107 917.94 917.94 917.94 1307.59 1307.59 1307.59 3054.53 3616.45 5055.1 5223.02 6617.67 
-6.27744e+66 -6.27744e+66 91.299 128.923 128.923 217.843 217.843 217.843 760.271 760.271 760.271 1110.95 1110.95 1110.95 2723.52 3245.3 4588.03 4745.47 6058.07 
-6.27744e+66 -6.27744e+66 -6.27744e+66 91.299 91.299 150.579 150.579 150.579 602.602 602.602 602.602 914.32 914.32 914.32 2392.51 2874.15 4120.97 4267.91 5498.48 
-6.27744e+66 -6.27744e+66 -6.27744e+66 -6.27744e+66 91.299 120.939 120.939 120.939 482.558 482.558 482.558 755.31 755.31 755.31 2099.12 2540.62 3691.54 3827.98 4976.51 
-6.27744e+66 -6.27744e+66 -6.27744e+66 -6.27744e+66 -6.27744e+66 91.299 91.299 91.299 362.513 362.513 362.513 596.301 596.301 596.301 1805.73 2207.09 3262.1 3388.05 4454.54 
-6.27744e+66 -6.27744e+66 -6.27744e+66 -6.27744e+66 -6.27744e+66 -6.27744e+66 91.299 91.299 272.108 272.108 272.108 466.932 466.932 466.932 1541.98 1903.21 2862.3 2977.76 3962.21 
-6.27744e+66 -6.27744e+66 -6.27744e+66 -6.27744e+66 -6.27744e+66 -6.27744e+66 -6.27744e+66 91.299 181.704 181.704 181.704 337.562 337.562 337.562 1278.23 1599.32 2462.51 2567.46 3469.88 
-6.27744e+66 -6.27744e+66 -6.27744e+66 -6.27744e+66 -6.27744e+66 -6.27744e+66 -6.27744e+66 -6.27744e+66 91.299 91.299 91.299 208.193 208.193 208.193 1014.48 1295.43 2062.71 2157.17 2977.55 
-6.27744e+66 -6.27744e+66 -6.27744e+66 -6.27744e+66 -6.27744e+66 -6.27744e+66 -6.27744e+66 -6.27744e+66 -6.27744e+66 91.299 91.299 169.228 169.228 169.228 841.131 1081.95 1753.32 1837.28 2575.63 
-6.27744e+66 -6.27744e+66 -6.27744e+66 -6.27744e+66 -6.27744e+66 -6.27744e+66 -6.27744e+66 -6.27744e+66 -6.27744e+66 -6.27744e+66 91.299 130.264 130.264 130.264 667.786 868.47 1443.93 1517.4 2173.7 
-6.27744e+66 -6.27744e+66 -6.27744e+66 -6.27744e+66 -6.27744e+66 -6.27744e+66 -6.27744e+66 -6.27744e+66 -6.27744e+66 -6.27744e+66 -6.27744e+66 91.299 91.299 91.299 494.441 654.988 1134.54 1197.51 1771.77 
-6.27744e+66 -6.27744e+66 -6.27744e+66 -6.27744e+66 -6.27744e+66 -6.27744e+66 -6.27744e+66 -6.27744e+66 -6.27744e+66 -6.27744e+66 -6.27744e+66 -6.27744e+66 91.299 91.299 360.06 480.471 864.11 916.587 1408.81 
-6.27744e+66 -6.27744e+66 -6.27744e+66 -6.27744e+66 -6.27744e+66 -6.27744e+66 -6.27744e+66 -6.27744e+66 -6.27744e+66 -6.27744e+66 -6.27744e+66 -6.27744e+66 -6.27744e+66 91.299 225.68 305.953 593.682 635.664 1045.85 
-6.27744e+66 -6.27744e+66 -6.27744e+66 -6.27744e+66 -6.27744e+66 -6.27744e+66 -6.27744e+66 -6.27744e+66 -6.27744e+66 -6.27744e+66 -6.27744e+66 -6.27744e+66 -6.27744e+66 -6.27744e+66 91.299 131.436 323.255 354.742 682.893 
-6.27744e+66 -6.27744e+66 -6.27744e+66 -6.27744e+66 -6.27744e+66 -6.27744e+66 -6.27744e+66 -6.27744e+66 -6.27744e+66 -6.27744e+66 -6.27744e+66 -6.27744e+66 -6.27744e+66 -6.27744e+66 -6.27744e+66 91.299 187.209 208.2 454.313 
-6.27744e+66 -6.27744e+66 -6.27744e+66 -6.27744e+66 -6.27744e+66 -6.27744e+66 -6.27744e+66 -6.27744e+66 -6.27744e+66 -6.27744e+66 -6.27744e+66 -6.27744e+66 -6.27744e+66 -6.27744e+66 -6.27744e+66 -6.27744e+66 91.299 101.795 265.87 
-6.27744e+66 -6.27744e+66 -6.27744e+66 -6.27744e+66 -6.27744e+66 -6.27744e+66 -6.27744e+66 -6.27744e+66 -6.27744e+66 -6.27744e+66 -6.27744e+66 -6.27744e+66 -6.27744e+66 -6.27744e+66 -6.27744e+66 -6.27744e+66 -6.27744e+66 91.299 173.337 
-6.27744e+66 -6.27744e+66 -6.27744e+66 -6.27744e+66 -6.27744e+66 -6.27744e+66 -6.27744e+66 -6.27744e+66 -6.27744e+66 -6.27744e+66 -6.27744e+66 -6.27744e+66 -6.27744e+66 -6.27744e+66 -6.27744e+66 -6.27744e+66 -6.27744e+66 -6.27744e+66 91.299 
-6.27744e+66 -6.27744e+66 -6.27744e+66 -6.27744e+66 -6.27744e+66 -6.27744e+66 -6.27744e+66 -6.27744e+66 -6.27744e+66 -6.27744e+66 -6.27744e+66 -6.27744e+66 -6.27744e+66 -6.27744e+66 -6.27744e+66 -6.27744e+66 -6.27744e+66 -6.27744e+66 -6.27744e+66 
-6.27744e+66 54.3663 171.225 317.736 573.584 573.584 573.584 900.955 900.955 1141.93 1933.79 1933.79 1933.79 1933.79 1933.79 2393.39 4001.43 4001.43 4788.29 
-6.27744e+66 -6.27744e+66 54.3663 127.622 298.187 298.187 298.187 570.996 570.996 781.851 1485.73 1485.73 1485.73 1485.73 1485.73 1912.5 3413.33 3413.33 4153.91 
-6.27744e+66 -6.27744e+66 -6.27744e+66 54.3663 139.649 139.649 139.649 357.896 357.896 538.629 1154.52 1154.52 1154.52 1154.52 1154.52 1548.46 2942.09 2942.09 3636.39 
-6.27744e+66 -6.27744e+66 -6.27744e+66 -6.27744e+66 54.3663 54.3663 54.3663 218.052 218.052 368.662 896.568 896.568 896.568 896.568 896.568 1257.68 2544.11 2544.11 3192.12 
-6.27744e+66 -6.27744e+66 -6.27744e+66 -6.27744e+66 -6.27744e+66 54.3663 54.3663 163.49 163.49 283.978 723.9 723.9 723.9 723.9 723.9 1052.19 2231.41 2231.41 2833.13 
-6.27744e+66 -6.27744e+66 -6.27744e+66 -6.27744e+66 -6.27744e+66 -6.27744e+66 54.3663 108.928 108.928 199.294 551.232 551.232 551.232 551.232 551.232 846.688 1918.71 1918.71 2474.15 
-6.27744e+66 -6.27744e+66 -6.27744e+66 -6.27744e+66 -6.27744e+66 -6.27744e+66 -6.27744e+66 54.3663 54.3663 114.611 378.564 378.564 378.564 378.564 378.564 641.192 1606.01 1606.01 2115.16 
-6.27744e+66 -6.27744e+66 -6.27744e+66 -6.27744e+66 -6.27744e+66 -6.27744e+66 -6.27744e+66 -6.27744e+66 54.3663 84.4884 260.457 260.457 260.457 260.457 260.457 490.257 1347.88 1347.88 1810.74 
-6.27744e+66 -6.27744e+66 -6.27744e+66 -6.27744e+66 -6.27744e+66 -6.27744e+66 -6.27744e+66 -6.27744e+66 -6.27744e+66 54.3663 142.351 142.351 142.351 142.351 142.351 339.322 1089.74 1089.74 1506.31 
-6.27744e+66 -6.27744e+66 -6.27744e+66 -6.27744e+66 -6.27744e+66 -6.27744e+66 -6.27744e+66 -6.27744e+66 -6.27744e+66 -6.27744e+66 54.3663 54.3663 54.3663 54.3663 54.3663 218.509 861.724 861.724 1232.01 
-6.27744e+66 -6.27744e+66 -6.27744e+66 -6.27744e+66 -6.27744e+66 -6.27744e+66 -6.27744e+66 -6.27744e+66 -6.27744e+66 -6.27744e+66 -6.27744e+66 54.3663 54.3663 54.3663 54.3663 185.68 721.693 721.693 1045.7 
-6.27744e+66 -6.27744e+66 -6.27744e+66 -6.27744e+66 -6.27744e+66 -6.27744e+66 -6.27744e+66 -6.27744e+66 -6.27744e+66 -6.27744e+66 -6.27744e+66 -6.27744e+66 54.3663 54.3663 54.3663 152.852 581.662 581.662 859.379 
-6.27744e+66 -6.27744e+66 -6.27744e+66 -6.27744e+66 -6.27744e+66 -6.27744e+66 -6.27744e+66 -6.27744e+66 -6.27744e+66 -6.27744e+66 -6.27744e+66 -6.27744e+66 -6.27744e+66 54.3663 54.3663 120.023 441.631 441.631 673.061 
-6.27744e+66 -6.27744e+66 -6.27744e+66 -6.27744e+66 -6.27744e+66 -6.27744e+66 -6.27744e+66 -6.27744e+66 -6.27744e+66 -6.27744e+66 -6.27744e+66 -6.27744e+66 -6.27744e+66 -6.27744e+66 54.3663 87.1948 301.6 301.6 486.744 
-6.27744e+66 -6.27744e+66 -6.27744e+66 -6.27744e+66 -6.27744e+66 -6.27744e+66 -6.27744e+66 -6.27744e+66 -6.27744e+66 -6.27744e+66 -6.27744e+66 -6.27744e+66 -6.27744e+66 -6.27744e+66 -6.27744e+66 54.3663 161.569 161.569 300.427 
-6.27744e+66 -6.27744e+66 -6.27744e+66 -6.27744e+66 -6.27744e+66 -6.27744e+66 -6.27744e+66 -6.27744e+66 -6.27744e+66 -6.27744e+66 -6.27744e+66 -6.27744e+66 -6.27744e+66 -6.27744e+66 -6.27744e+66 -6.27744e+66 54.3663 54.3663 146.938 
-6.27744e+66 -6.27744e+66 -6.27744e+66 -6.27744e+66 -6.27744e+66 -6.27744e+66 -6.27744e+66 -6.27744e+66 -6.27744e+66 -6.27744e+66 -6.27744e+66 -6.27744e+66 -6.27744e+66 -6.27744e+66 -6.27744e+66 -6.27744e+66 -6.27744e+66 54.3663 100.652 
-6.27744e+66 -6.27744e+66 -6.27744e+66 -6.27744e+66 -6.27744e+66 -6.27744e+66 -6.27744e+66 -6.27744e+66 -6.27744e+66 -6.27744e+66 -6.27744e+66 -6.27744e+66 -6.27744e+66 -6.27744e+66 -6.27744e+66 -6.27744e+66 -6.27744e+66 -6.27744e+66 54.3663 
-6.27744e+66 -6.27744e+66 -6.27744e+66 -6.27744e+66 -6.27744e+66 -6.27744e+66 -6.27744e+66 -6.27744e+66 -6.27744e+66 -6.27744e+66 -6.27744e+66 -6.27744e+66 -6.27744e+66 -6.27744e+66 -6.27744e+66 -6.27744e+66 -6.27744e+66 -6.27744e+66 -6.27744e+66 
