12 20 
85.6815 85.6815 85.6815 85.6815 85.6815 85.6815 85.6815 85.6815 85.6815 85.6815 85.6815 85.6815 
item 0
52.674 114.994 60.8 92.7611 39.2592 130.13 51.8808 127.809 58.0865 114.354 44.3547 147.989 
56.1419 56.1419 56.1419 56.1419 56.1419 56.1419 56.1419 56.1419 56.1419 56.1419 56.1419 56.1419 
1 1 1 1 1 1 1 1 1 1 1 1 
item 1
54.5328 93.3032 77.8403 93.2481 80.156 90.8447 45.3472 84.3343 74.7625 106.087 0 132.533 
55.5959 55.5959 55.5959 55.5959 55.5959 55.5959 55.5959 55.5959 55.5959 55.5959 55.5959 55.5959 
1 1 1 1 1 1 1 1 1 1 1 1 
item 2
29.9567 98.0705 37.4309 104.503 38.4909 106.832 47.6352 124.865 70.1584 88.1186 40.8113 121.032 
89.7185 89.7185 89.7185 89.7185 89.7185 89.7185 89.7185 89.7185 89.7185 89.7185 89.7185 89.7185 
1 1 1 1 1 1 1 1 1 1 1 1 
item 3
8.64604 132.394 62.2813 73.5535 59.1253 80.1919 57.2821 63.5171 100.055 115.173 40.8418 141.659 
60.3675 60.3675 60.3675 60.3675 60.3675 60.3675 60.3675 60.3675 60.3675 60.3675 60.3675 60.3675 
1 1 1 1 1 1 1 1 1 1 1 1 
item 4
50.3519 88.3935 68.2111 101.373 35.2429 116.729 60.1887 106.026 77.7816 82.3729 53.1264 103.409 
53.6329 53.6329 53.6329 53.6329 53.6329 53.6329 53.6329 53.6329 53.6329 53.6329 53.6329 53.6329 
1 1 1 1 1 1 1 1 1 1 1 1 
item 5
97.3743 146.261 28.7815 83.4707 50.977 89.4507 48.2315 115.934 46.6677 92.2468 21.8364 95.6883 
48.3853 48.3853 48.3853 48.3853 48.3853 48.3853 48.3853 48.3853 48.3853 48.3853 48.3853 48.3853 
1 1 1 1 1 1 1 1 1 1 1 1 
item 6
23.158 106.141 73.546 116.232 69.0943 123.01 56.5051 143.85 45.4087 107.875 56.2045 106.74 
48.442 48.442 48.442 48.442 48.442 48.442 48.442 48.442 48.442 48.442 48.442 48.442 
1 1 1 1 1 1 1 1 1 1 1 1 
item 7
57.5824 111.144 36.639 90.447 48.7632 68.4294 26.7209 93.2361 41.4943 47.5304 69.8666 96.7262 
57.7348 57.7348 57.7348 57.7348 57.7348 57.7348 57.7348 57.7348 57.7348 57.7348 57.7348 57.7348 
1 1 1 1 1 1 1 1 1 1 1 1 
item 8
55.0424 100.035 57.1901 121.253 72.1042 100.48 50.5247 107.767 51.7441 103.887 66.4742 76.6972 
66.8031 66.8031 66.8031 66.8031 66.8031 66.8031 66.8031 66.8031 66.8031 66.8031 66.8031 66.8031 
1 1 1 1 1 1 1 1 1 1 1 1 
item 9
63.5688 100.535 41.7432 86.0575 71.565 89.1519 38.6194 113.294 29.2704 125.004 47.4118 80.8437 
51.0038 51.0038 51.0038 51.0038 51.0038 51.0038 51.0038 51.0038 51.0038 51.0038 51.0038 51.0038 
1 1 1 1 1 1 1 1 1 1 1 1 
item 10
53.9508 82.1175 58.6799 78.0727 47.2957 99.7537 63.4242 111.404 53.9048 129.441 66.5515 110.639 
48.6161 48.6161 48.6161 48.6161 48.6161 48.6161 48.6161 48.6161 48.6161 48.6161 48.6161 48.6161 
1 1 1 1 1 1 1 1 1 1 1 1 
item 11
66.1045 92.2323 43.8898 96.5597 34.0794 123.906 47.5714 134.329 41.6905 106.527 65.8699 101.033 
37.582 37.582 37.582 37.582 37.582 37.582 37.582 37.582 37.582 37.582 37.582 37.582 
1 1 1 1 1 1 1 1 1 1 1 1 
item 12
37.3236 112.58 54.1703 51.2061 37.1347 115.501 35.1154 73.25 61.7299 73.1966 24.2342 102.865 
83.8056 83.8056 83.8056 83.8056 83.8056 83.8056 83.8056 83.8056 83.8056 83.8056 83.8056 83.8056 
1 1 1 1 1 1 1 1 1 1 1 1 
item 13
80.2865 101.879 37.5514 104.514 45.1694 126.274 45.7193 95.5123 32.4927 112.963 85.4945 102.161 
50.7068 50.7068 50.7068 50.7068 50.7068 50.7068 50.7068 50.7068 50.7068 50.7068 50.7068 50.7068 
1 1 1 1 1 1 1 1 1 1 1 1 
item 14
70.0815 102.653 25.2968 90.6069 40.8634 72.2778 34.8013 90.2457 82.1565 102.297 48.8382 86.1943 
49.334 49.334 49.334 49.334 49.334 49.334 49.334 49.334 49.334 49.334 49.334 49.334 
1 1 1 1 1 1 1 1 1 1 1 1 
item 15
82.3669 88.5072 35.3692 92.9067 22.0657 92.0862 39.7643 82.4424 27.7163 97.6602 49.976 142.946 
41.5476 41.5476 41.5476 41.5476 41.5476 41.5476 41.5476 41.5476 41.5476 41.5476 41.5476 41.5476 
1 1 1 1 1 1 1 1 1 1 1 1 
item 16
79.7074 101.013 52.0052 116.155 73.1654 98.759 25.3133 134.313 15.9797 114.109 54.0371 93.0711 
96.0546 96.0546 96.0546 96.0546 96.0546 96.0546 96.0546 96.0546 96.0546 96.0546 96.0546 96.0546 
1 1 1 1 1 1 1 1 1 1 1 1 
item 17
19.9116 114.891 60.9481 76.1633 37.2395 104.395 37.0084 94.0688 50.5247 84.6086 56.3698 106.741 
82.1747 82.1747 82.1747 82.1747 82.1747 82.1747 82.1747 82.1747 82.1747 82.1747 82.1747 82.1747 
1 1 1 1 1 1 1 1 1 1 1 1 
item 18
67.5986 113.829 45.1228 82.5458 54.7023 122.664 56.6978 83.9073 53.82 103.34 29.8982 121.746 
105.811 105.811 105.811 105.811 105.811 105.811 105.811 105.811 105.811 105.811 105.811 105.811 
1 1 1 1 1 1 1 1 1 1 1 1 
item 19
43.1671 120.241 79.7738 107.425 60.7403 106.278 2.82234 81.3404 21.2815 85.5899 47.1603 79.8363 
74.5534 74.5534 74.5534 74.5534 74.5534 74.5534 74.5534 74.5534 74.5534 74.5534 74.5534 74.5534 
1 1 1 1 1 1 1 1 1 1 1 1 
