12 20 
79.15 79.15 79.15 79.15 79.15 79.15 79.15 79.15 79.15 79.15 79.15 79.15 
item 0
24.0471 0 0 84.1042 0 82.9409 57.2933 71.079 0 0 0 0 
78.3476 78.3476 78.3476 78.3476 78.3476 78.3476 78.3476 78.3476 78.3476 78.3476 78.3476 78.3476 
1 1 1 1 1 1 1 1 1 1 1 1 
item 1
39.6082 110.499 83.8533 88.3542 0 0 60.4611 112.454 0 0 42.0239 99.5038 
34.5152 34.5152 34.5152 34.5152 34.5152 34.5152 34.5152 34.5152 34.5152 34.5152 34.5152 34.5152 
1 1 1 1 1 1 1 1 1 1 1 1 
item 2
21.4561 0 0 0 0 0 0 0 55.0996 90.8244 81.2367 102.854 
67.7064 67.7064 67.7064 67.7064 67.7064 67.7064 67.7064 67.7064 67.7064 67.7064 67.7064 67.7064 
1 1 1 1 1 1 1 1 1 1 1 1 
item 3
58.9479 70.0279 0 54.5853 0 0 78.3002 99.8036 0 0 64.2166 0 
77.5077 77.5077 77.5077 77.5077 77.5077 77.5077 77.5077 77.5077 77.5077 77.5077 77.5077 77.5077 
1 1 1 1 1 1 1 1 1 1 1 1 
item 4
50.6498 0 21.2229 76.5108 74.4423 107.101 0 66.9463 81.4371 0 48.1059 109.425 
39.6435 39.6435 39.6435 39.6435 39.6435 39.6435 39.6435 39.6435 39.6435 39.6435 39.6435 39.6435 
1 1 1 1 1 1 1 1 1 1 1 1 
item 5
38.5894 106.261 83.7575 0 67.2058 67.557 20.9385 119.312 0 0 0 126.266 
93.7814 93.7814 93.7814 93.7814 93.7814 93.7814 93.7814 93.7814 93.7814 93.7814 93.7814 93.7814 
1 1 1 1 1 1 1 1 1 1 1 1 
item 6
72.7363 0 33.8902 114.825 0 109.684 0 0 54.3064 62.8782 67.8799 0 
54.5996 54.5996 54.5996 54.5996 54.5996 54.5996 54.5996 54.5996 54.5996 54.5996 54.5996 54.5996 
1 1 1 1 1 1 1 1 1 1 1 1 
item 7
27.7004 75.8373 21.9699 0 38.2327 96.9898 0 103.826 0 105.243 0 0 
43.0279 43.0279 43.0279 43.0279 43.0279 43.0279 43.0279 43.0279 43.0279 43.0279 43.0279 43.0279 
1 1 1 1 1 1 1 1 1 1 1 1 
item 8
40.9839 0 56.6783 0 67.675 115.052 0 0 0 0 28.1392 56.9786 
33.2529 33.2529 33.2529 33.2529 33.2529 33.2529 33.2529 33.2529 33.2529 33.2529 33.2529 33.2529 
1 1 1 1 1 1 1 1 1 1 1 1 
item 9
69.7573 149.883 0 119.149 0 0 0 0 0 0 55.8243 0 
70.0729 70.0729 70.0729 70.0729 70.0729 70.0729 70.0729 70.0729 70.0729 70.0729 70.0729 70.0729 
1 1 1 1 1 1 1 1 1 1 1 1 
item 10
23.5332 101.852 0 77.2835 0 87.414 0 88.9117 0 0 0 0 
55.558 55.558 55.558 55.558 55.558 55.558 55.558 55.558 55.558 55.558 55.558 55.558 
1 1 1 1 1 1 1 1 1 1 1 1 
item 11
76.7386 78.7912 50.7869 98.3228 54.8006 56.8672 0 130.726 43.0685 128.17 42.3809 97.6012 
49.4864 49.4864 49.4864 49.4864 49.4864 49.4864 49.4864 49.4864 49.4864 49.4864 49.4864 49.4864 
1 1 1 1 1 1 1 1 1 1 1 1 
item 12
46.0744 0 45.3467 0 30.4533 109.608 0 0 0 115.521 0 114.445 
57.875 57.875 57.875 57.875 57.875 57.875 57.875 57.875 57.875 57.875 57.875 57.875 
1 1 1 1 1 1 1 1 1 1 1 1 
item 13
86.4025 81.2583 35.6738 132.582 92.879 0 61.4439 0 48.9742 80.4565 0 92.4755 
39.1679 39.1679 39.1679 39.1679 39.1679 39.1679 39.1679 39.1679 39.1679 39.1679 39.1679 39.1679 
1 1 1 1 1 1 1 1 1 1 1 1 
item 14
35.3878 0 0 0 65.6386 88.2335 45.5393 103.598 37.2278 78.7192 0 0 
77.2504 77.2504 77.2504 77.2504 77.2504 77.2504 77.2504 77.2504 77.2504 77.2504 77.2504 77.2504 
1 1 1 1 1 1 1 1 1 1 1 1 
item 15
17.6961 0 63.8639 59.8027 52.0863 0 10.4949 70.7866 86.7135 0 64.8094 0 
58.0572 58.0572 58.0572 58.0572 58.0572 58.0572 58.0572 58.0572 58.0572 58.0572 58.0572 58.0572 
1 1 1 1 1 1 1 1 1 1 1 1 
item 16
31.435 57.5594 66.8561 82.8808 10.2887 109.009 0 49.8588 0 122.567 49.741 0 
52.4168 52.4168 52.4168 52.4168 52.4168 52.4168 52.4168 52.4168 52.4168 52.4168 52.4168 52.4168 
1 1 1 1 1 1 1 1 1 1 1 1 
item 17
32.1626 0 0 0 49.3167 0 0 83.6293 34.2778 104.511 0 96.4579 
52.1804 52.1804 52.1804 52.1804 52.1804 52.1804 52.1804 52.1804 52.1804 52.1804 52.1804 52.1804 
1 1 1 1 1 1 1 1 1 1 1 1 
item 18
61.102 0 0 108.235 0 106.045 66.4556 0 32.7488 0 36.0149 0 
38.4322 38.4322 38.4322 38.4322 38.4322 38.4322 38.4322 38.4322 38.4322 38.4322 38.4322 38.4322 
1 1 1 1 1 1 1 1 1 1 1 1 
item 19
44.4172 83.6078 0 121.881 45.8579 124.284 34.4974 0 0 0 31.3599 77.5602 
80.6449 80.6449 80.6449 80.6449 80.6449 80.6449 80.6449 80.6449 80.6449 80.6449 80.6449 80.6449 
1 1 1 1 1 1 1 1 1 1 1 1 
