18 20 
966.228 966.228 966.228 966.228 966.228 966.228 966.228 966.228 966.228 966.228 966.228 966.228 966.228 966.228 966.228 966.228 966.228 966.228 
item 0
40.9459 71.8172 47.5687 46.8426 0 100.814 0 0 84.4496 0 0 0 0 102.684 0 0 37.1609 79.0408 
90.646 90.646 90.646 90.646 90.646 90.646 90.646 90.646 90.646 90.646 90.646 90.646 90.646 90.646 90.646 90.646 90.646 90.646 
1 1 1 1 1 1 1 1 1 1 1 1 1 1 1 1 1 1 
item 1
51.6673 109.748 0 0 0 0 35.095 0 0 103.004 65.3406 0 0 0 62.9874 0 55.4819 0 
59.1697 59.1697 59.1697 59.1697 59.1697 59.1697 59.1697 59.1697 59.1697 59.1697 59.1697 59.1697 59.1697 59.1697 59.1697 59.1697 59.1697 59.1697 
1 1 1 1 1 1 1 1 1 1 1 1 1 1 1 1 1 1 
item 2
32.617 87.4414 0 91.4647 90.789 0 31.2849 0 66.5982 0 0 0 0 0 60.9423 115.606 36.8094 0 
51.4765 51.4765 51.4765 51.4765 51.4765 51.4765 51.4765 51.4765 51.4765 51.4765 51.4765 51.4765 51.4765 51.4765 51.4765 51.4765 51.4765 51.4765 
1 1 1 1 1 1 1 1 1 1 1 1 1 1 1 1 1 1 
item 3
9.21567 118.22 0 89.1856 67.1665 0 48.7433 0 107.14 0 50.054 0 71.0899 72.4243 0 80.5768 0 104.325 
70.7526 70.7526 70.7526 70.7526 70.7526 70.7526 70.7526 70.7526 70.7526 70.7526 70.7526 70.7526 70.7526 70.7526 70.7526 70.7526 70.7526 70.7526 
1 1 1 1 1 1 1 1 1 1 1 1 1 1 1 1 1 1 
item 4
66.0152 0 0 90.803 38.8394 115.388 27.1585 85.2905 72.0455 99.3633 0 0 0 0 0 0 0 81.7155 
86.7154 86.7154 86.7154 86.7154 86.7154 86.7154 86.7154 86.7154 86.7154 86.7154 86.7154 86.7154 86.7154 86.7154 86.7154 86.7154 86.7154 86.7154 
1 1 1 1 1 1 1 1 1 1 1 1 1 1 1 1 1 1 
item 5
48.2489 78.284 21.8171 112.986 0 120.668 79.8089 66.6271 83.9074 91.4111 0 0 64.2858 85.2532 0 84.8634 48.1257 0 
98.4263 98.4263 98.4263 98.4263 98.4263 98.4263 98.4263 98.4263 98.4263 98.4263 98.4263 98.4263 98.4263 98.4263 98.4263 98.4263 98.4263 98.4263 
1 1 1 1 1 1 1 1 1 1 1 1 1 1 1 1 1 1 
item 6
50.0318 92.52 0 0 0 51.6786 46.2771 108.968 0 0 29.8321 0 22.7531 99.2729 0 130.655 56.619 0 
72.2681 72.2681 72.2681 72.2681 72.2681 72.2681 72.2681 72.2681 72.2681 72.2681 72.2681 72.2681 72.2681 72.2681 72.2681 72.2681 72.2681 72.2681 
1 1 1 1 1 1 1 1 1 1 1 1 1 1 1 1 1 1 
item 7
60.6856 82.1204 61.1536 0 0 0 34.0209 78.4221 0 91.9317 0 106.943 0 66.3289 59.9637 0 0 0 
57.7587 57.7587 57.7587 57.7587 57.7587 57.7587 57.7587 57.7587 57.7587 57.7587 57.7587 57.7587 57.7587 57.7587 57.7587 57.7587 57.7587 57.7587 
1 1 1 1 1 1 1 1 1 1 1 1 1 1 1 1 1 1 
item 8
19.4998 0 0 0 0 133.447 72.3446 94.1245 14.0359 0 39.2572 107.959 0 80.5889 22.9997 106.033 36.3675 128.442 
56.9016 56.9016 56.9016 56.9016 56.9016 56.9016 56.9016 56.9016 56.9016 56.9016 56.9016 56.9016 56.9016 56.9016 56.9016 56.9016 56.9016 56.9016 
1 1 1 1 1 1 1 1 1 1 1 1 1 1 1 1 1 1 
item 9
39.7291 0 0 97.7741 0 84.3292 34.8168 90.0899 43.9217 116.57 0 102.146 76.6955 0 82.4939 0 0 94.6732 
21.5645 21.5645 21.5645 21.5645 21.5645 21.5645 21.5645 21.5645 21.5645 21.5645 21.5645 21.5645 21.5645 21.5645 21.5645 21.5645 21.5645 21.5645 
1 1 1 1 1 1 1 1 1 1 1 1 1 1 1 1 1 1 
item 10
82.0802 0 35.7889 91.0561 32.7188 82.1257 0 112.393 43.9876 107.438 62.6971 0 70.4382 110.624 0 0 0 0 
83.3268 83.3268 83.3268 83.3268 83.3268 83.3268 83.3268 83.3268 83.3268 83.3268 83.3268 83.3268 83.3268 83.3268 83.3268 83.3268 83.3268 83.3268 
1 1 1 1 1 1 1 1 1 1 1 1 1 1 1 1 1 1 
item 11
48.9776 0 90.451 0 0 82.4137 14.8957 0 55.0291 83.373 92.0921 87.3846 69.2186 0 0 95.7996 90.081 0 
69.7453 69.7453 69.7453 69.7453 69.7453 69.7453 69.7453 69.7453 69.7453 69.7453 69.7453 69.7453 69.7453 69.7453 69.7453 69.7453 69.7453 69.7453 
1 1 1 1 1 1 1 1 1 1 1 1 1 1 1 1 1 1 
item 12
76.7974 0 55.2977 128.664 0 0 0 0 0 0 41.0102 0 44.1225 0 66.4742 0 56.7549 57.3626 
59.6346 59.6346 59.6346 59.6346 59.6346 59.6346 59.6346 59.6346 59.6346 59.6346 59.6346 59.6346 59.6346 59.6346 59.6346 59.6346 59.6346 59.6346 
1 1 1 1 1 1 1 1 1 1 1 1 1 1 1 1 1 1 
item 13
59.2234 103.928 0 112.099 40.1304 72.156 53.8158 95.1467 18.2288 118.16 12.4496 0 40.4027 108.639 0 0 62.1038 0 
70.5687 70.5687 70.5687 70.5687 70.5687 70.5687 70.5687 70.5687 70.5687 70.5687 70.5687 70.5687 70.5687 70.5687 70.5687 70.5687 70.5687 70.5687 
1 1 1 1 1 1 1 1 1 1 1 1 1 1 1 1 1 1 
item 14
71.5312 104.141 0 0 0 0 0 0 0 0 52.6119 122.507 0 97.4027 57.7863 83.0777 45.6267 0 
56.4811 56.4811 56.4811 56.4811 56.4811 56.4811 56.4811 56.4811 56.4811 56.4811 56.4811 56.4811 56.4811 56.4811 56.4811 56.4811 56.4811 56.4811 
1 1 1 1 1 1 1 1 1 1 1 1 1 1 1 1 1 1 
item 15
51.0903 0 0 106.9 0 87.7467 0 95.7038 0 139.167 42.8383 0 0 0 77.3754 77.9374 32.8693 0 
74.947 74.947 74.947 74.947 74.947 74.947 74.947 74.947 74.947 74.947 74.947 74.947 74.947 74.947 74.947 74.947 74.947 74.947 
1 1 1 1 1 1 1 1 1 1 1 1 1 1 1 1 1 1 
item 16
44.0732 0 29.2678 113.777 60.3409 0 44.8817 115.299 0 84.3471 60.7671 0 0 83.6566 40.1096 78.1893 0 76.8618 
54.1883 54.1883 54.1883 54.1883 54.1883 54.1883 54.1883 54.1883 54.1883 54.1883 54.1883 54.1883 54.1883 54.1883 54.1883 54.1883 54.1883 54.1883 
1 1 1 1 1 1 1 1 1 1 1 1 1 1 1 1 1 1 
item 17
58.3944 0 0 105.647 0 100.595 26.9142 111.407 0 136.385 0 72.6316 0 91.6758 0 0 0 119.093 
64.5779 64.5779 64.5779 64.5779 64.5779 64.5779 64.5779 64.5779 64.5779 64.5779 64.5779 64.5779 64.5779 64.5779 64.5779 64.5779 64.5779 64.5779 
1 1 1 1 1 1 1 1 1 1 1 1 1 1 1 1 1 1 
item 18
55.4687 97.2701 48.794 0 60.5841 0 34.6101 0 78.6966 90.347 43.5677 107.872 0 61.0999 33.4885 86.1843 0 0 
72.4411 72.4411 72.4411 72.4411 72.4411 72.4411 72.4411 72.4411 72.4411 72.4411 72.4411 72.4411 72.4411 72.4411 72.4411 72.4411 72.4411 72.4411 
1 1 1 1 1 1 1 1 1 1 1 1 1 1 1 1 1 1 
item 19
61.7278 99.331 0 0 0 89.7731 69.6174 0 0 0 61.1016 0 0 0 0 104.557 68.6393 108.16 
38.5497 38.5497 38.5497 38.5497 38.5497 38.5497 38.5497 38.5497 38.5497 38.5497 38.5497 38.5497 38.5497 38.5497 38.5497 38.5497 38.5497 38.5497 
1 1 1 1 1 1 1 1 1 1 1 1 1 1 1 1 1 1 
