12 5 
-6.27744e+66 74.6561 211.134 211.134 520.031 520.031 520.031 1092.2 1092.2 1316.02 2259.27 2259.27 2259.27 
-6.27744e+66 -6.27744e+66 74.6561 74.6561 280.588 280.588 280.588 757.395 757.395 953.234 1791.68 1791.68 1791.68 
-6.27744e+66 -6.27744e+66 -6.27744e+66 74.6561 177.622 177.622 177.622 559.068 559.068 726.93 1460.57 1460.57 1460.57 
-6.27744e+66 -6.27744e+66 -6.27744e+66 -6.27744e+66 74.6561 74.6561 74.6561 360.74 360.74 500.625 1129.46 1129.46 1129.46 
-6.27744e+66 -6.27744e+66 -6.27744e+66 -6.27744e+66 -6.27744e+66 74.6561 74.6561 265.379 265.379 377.287 901.317 901.317 901.317 
-6.27744e+66 -6.27744e+66 -6.27744e+66 -6.27744e+66 -6.27744e+66 -6.27744e+66 74.6561 170.017 170.017 253.948 673.172 673.172 673.172 
-6.27744e+66 -6.27744e+66 -6.27744e+66 -6.27744e+66 -6.27744e+66 -6.27744e+66 -6.27744e+66 74.6561 74.6561 130.61 445.028 445.028 445.028 
-6.27744e+66 -6.27744e+66 -6.27744e+66 -6.27744e+66 -6.27744e+66 -6.27744e+66 -6.27744e+66 -6.27744e+66 74.6561 102.633 312.245 312.245 312.245 
-6.27744e+66 -6.27744e+66 -6.27744e+66 -6.27744e+66 -6.27744e+66 -6.27744e+66 -6.27744e+66 -6.27744e+66 -6.27744e+66 74.6561 179.462 179.462 179.462 
-6.27744e+66 -6.27744e+66 -6.27744e+66 -6.27744e+66 -6.27744e+66 -6.27744e+66 -6.27744e+66 -6.27744e+66 -6.27744e+66 -6.27744e+66 74.6561 74.6561 74.6561 
-6.27744e+66 -6.27744e+66 -6.27744e+66 -6.27744e+66 -6.27744e+66 -6.27744e+66 -6.27744e+66 -6.27744e+66 -6.27744e+66 -6.27744e+66 -6.27744e+66 74.6561 74.6561 
-6.27744e+66 -6.27744e+66 -6.27744e+66 -6.27744e+66 -6.27744e+66 -6.27744e+66 -6.27744e+66 -6.27744e+66 -6.27744e+66 -6.27744e+66 -6.27744e+66 -6.27744e+66 74.6561 
-6.27744e+66 -6.27744e+66 -6.27744e+66 -6.27744e+66 -6.27744e+66 -6.27744e+66 -6.27744e+66 -6.27744e+66 -6.27744e+66 -6.27744e+66 -6.27744e+66 -6.27744e+66 -6.27744e+66 
-6.27744e+66 67.6277 67.6277 127.593 127.593 127.593 511.288 511.288 511.288 511.288 1362.58 1853.06 2695.54 
-6.27744e+66 -6.27744e+66 67.6277 97.6105 97.6105 97.6105 404.566 404.566 404.566 404.566 1161.27 1602.7 2368.59 
-6.27744e+66 -6.27744e+66 -6.27744e+66 67.6277 67.6277 67.6277 297.844 297.844 297.844 297.844 959.957 1352.34 2041.65 
-6.27744e+66 -6.27744e+66 -6.27744e+66 -6.27744e+66 67.6277 67.6277 221.105 221.105 221.105 221.105 788.631 1131.97 1744.68 
-6.27744e+66 -6.27744e+66 -6.27744e+66 -6.27744e+66 -6.27744e+66 67.6277 144.367 144.367 144.367 144.367 617.304 911.593 1447.72 
-6.27744e+66 -6.27744e+66 -6.27744e+66 -6.27744e+66 -6.27744e+66 -6.27744e+66 67.6277 67.6277 67.6277 67.6277 445.978 691.219 1150.76 
-6.27744e+66 -6.27744e+66 -6.27744e+66 -6.27744e+66 -6.27744e+66 -6.27744e+66 -6.27744e+66 67.6277 67.6277 67.6277 351.39 547.583 930.53 
-6.27744e+66 -6.27744e+66 -6.27744e+66 -6.27744e+66 -6.27744e+66 -6.27744e+66 -6.27744e+66 -6.27744e+66 67.6277 67.6277 256.803 403.947 710.305 
-6.27744e+66 -6.27744e+66 -6.27744e+66 -6.27744e+66 -6.27744e+66 -6.27744e+66 -6.27744e+66 -6.27744e+66 -6.27744e+66 67.6277 162.215 260.312 490.08 
-6.27744e+66 -6.27744e+66 -6.27744e+66 -6.27744e+66 -6.27744e+66 -6.27744e+66 -6.27744e+66 -6.27744e+66 -6.27744e+66 -6.27744e+66 67.6277 116.676 269.855 
-6.27744e+66 -6.27744e+66 -6.27744e+66 -6.27744e+66 -6.27744e+66 -6.27744e+66 -6.27744e+66 -6.27744e+66 -6.27744e+66 -6.27744e+66 -6.27744e+66 67.6277 144.217 
-6.27744e+66 -6.27744e+66 -6.27744e+66 -6.27744e+66 -6.27744e+66 -6.27744e+66 -6.27744e+66 -6.27744e+66 -6.27744e+66 -6.27744e+66 -6.27744e+66 -6.27744e+66 67.6277 
-6.27744e+66 -6.27744e+66 -6.27744e+66 -6.27744e+66 -6.27744e+66 -6.27744e+66 -6.27744e+66 -6.27744e+66 -6.27744e+66 -6.27744e+66 -6.27744e+66 -6.27744e+66 -6.27744e+66 
-6.27744e+66 58.367 58.367 58.367 58.367 134.558 551.813 551.813 551.813 703.92 703.92 1084.1 1084.1 
-6.27744e+66 -6.27744e+66 58.367 58.367 58.367 115.51 449.315 449.315 449.315 582.408 582.408 924.568 924.568 
-6.27744e+66 -6.27744e+66 -6.27744e+66 58.367 58.367 96.4624 346.816 346.816 346.816 460.896 460.896 765.038 765.038 
-6.27744e+66 -6.27744e+66 -6.27744e+66 -6.27744e+66 58.367 77.4147 244.317 244.317 244.317 339.384 339.384 605.508 605.508 
-6.27744e+66 -6.27744e+66 -6.27744e+66 -6.27744e+66 -6.27744e+66 58.367 141.818 141.818 141.818 217.872 217.872 445.978 445.978 
-6.27744e+66 -6.27744e+66 -6.27744e+66 -6.27744e+66 -6.27744e+66 -6.27744e+66 58.367 58.367 58.367 115.407 115.407 305.496 305.496 
-6.27744e+66 -6.27744e+66 -6.27744e+66 -6.27744e+66 -6.27744e+66 -6.27744e+66 -6.27744e+66 58.367 58.367 96.3937 96.3937 248.465 248.465 
-6.27744e+66 -6.27744e+66 -6.27744e+66 -6.27744e+66 -6.27744e+66 -6.27744e+66 -6.27744e+66 -6.27744e+66 58.367 77.3803 77.3803 191.434 191.434 
-6.27744e+66 -6.27744e+66 -6.27744e+66 -6.27744e+66 -6.27744e+66 -6.27744e+66 -6.27744e+66 -6.27744e+66 -6.27744e+66 58.367 58.367 134.402 134.402 
-6.27744e+66 -6.27744e+66 -6.27744e+66 -6.27744e+66 -6.27744e+66 -6.27744e+66 -6.27744e+66 -6.27744e+66 -6.27744e+66 -6.27744e+66 58.367 96.3847 96.3847 
-6.27744e+66 -6.27744e+66 -6.27744e+66 -6.27744e+66 -6.27744e+66 -6.27744e+66 -6.27744e+66 -6.27744e+66 -6.27744e+66 -6.27744e+66 -6.27744e+66 58.367 58.367 
-6.27744e+66 -6.27744e+66 -6.27744e+66 -6.27744e+66 -6.27744e+66 -6.27744e+66 -6.27744e+66 -6.27744e+66 -6.27744e+66 -6.27744e+66 -6.27744e+66 -6.27744e+66 58.367 
-6.27744e+66 -6.27744e+66 -6.27744e+66 -6.27744e+66 -6.27744e+66 -6.27744e+66 -6.27744e+66 -6.27744e+66 -6.27744e+66 -6.27744e+66 -6.27744e+66 -6.27744e+66 -6.27744e+66 
-6.27744e+66 62.8024 62.8024 134.229 134.229 422.255 740.931 903.86 1512.5 1512.5 1512.5 1948.95 1948.95 
-6.27744e+66 -6.27744e+66 62.8024 98.5157 98.5157 314.535 569.476 705.25 1226.94 1226.94 1226.94 1619.75 1619.75 
-6.27744e+66 -6.27744e+66 -6.27744e+66 62.8024 62.8024 206.815 398.021 506.64 941.381 941.381 941.381 1290.55 1290.55 
-6.27744e+66 -6.27744e+66 -6.27744e+66 -6.27744e+66 62.8024 134.809 262.279 343.744 691.536 691.536 691.536 997.056 997.056 
-6.27744e+66 -6.27744e+66 -6.27744e+66 -6.27744e+66 -6.27744e+66 62.8024 126.538 180.847 441.692 441.692 441.692 703.566 703.566 
-6.27744e+66 -6.27744e+66 -6.27744e+66 -6.27744e+66 -6.27744e+66 -6.27744e+66 62.8024 89.9572 263.854 263.854 263.854 482.082 482.082 
-6.27744e+66 -6.27744e+66 -6.27744e+66 -6.27744e+66 -6.27744e+66 -6.27744e+66 -6.27744e+66 62.8024 149.751 149.751 149.751 324.333 324.333 
-6.27744e+66 -6.27744e+66 -6.27744e+66 -6.27744e+66 -6.27744e+66 -6.27744e+66 -6.27744e+66 -6.27744e+66 62.8024 62.8024 62.8024 193.739 193.739 
-6.27744e+66 -6.27744e+66 -6.27744e+66 -6.27744e+66 -6.27744e+66 -6.27744e+66 -6.27744e+66 -6.27744e+66 -6.27744e+66 62.8024 62.8024 150.094 150.094 
-6.27744e+66 -6.27744e+66 -6.27744e+66 -6.27744e+66 -6.27744e+66 -6.27744e+66 -6.27744e+66 -6.27744e+66 -6.27744e+66 -6.27744e+66 62.8024 106.448 106.448 
-6.27744e+66 -6.27744e+66 -6.27744e+66 -6.27744e+66 -6.27744e+66 -6.27744e+66 -6.27744e+66 -6.27744e+66 -6.27744e+66 -6.27744e+66 -6.27744e+66 62.8024 62.8024 
-6.27744e+66 -6.27744e+66 -6.27744e+66 -6.27744e+66 -6.27744e+66 -6.27744e+66 -6.27744e+66 -6.27744e+66 -6.27744e+66 -6.27744e+66 -6.27744e+66 -6.27744e+66 62.8024 
-6.27744e+66 -6.27744e+66 -6.27744e+66 -6.27744e+66 -6.27744e+66 -6.27744e+66 -6.27744e+66 -6.27744e+66 -6.27744e+66 -6.27744e+66 -6.27744e+66 -6.27744e+66 -6.27744e+66 
-6.27744e+66 68.2456 185.979 225.539 519.789 790.258 790.258 790.258 1479.43 2057.31 2057.31 2057.31 2057.31 
-6.27744e+66 -6.27744e+66 68.2456 88.0259 284.192 487.044 487.044 487.044 1077.76 1583.41 1583.41 1583.41 1583.41 
-6.27744e+66 -6.27744e+66 -6.27744e+66 68.2456 166.329 301.563 301.563 301.563 793.83 1227.24 1227.24 1227.24 1227.24 
-6.27744e+66 -6.27744e+66 -6.27744e+66 -6.27744e+66 68.2456 135.863 135.863 135.863 529.676 890.852 890.852 890.852 890.852 
-6.27744e+66 -6.27744e+66 -6.27744e+66 -6.27744e+66 -6.27744e+66 68.2456 68.2456 68.2456 363.606 652.546 652.546 652.546 652.546 
-6.27744e+66 -6.27744e+66 -6.27744e+66 -6.27744e+66 -6.27744e+66 -6.27744e+66 68.2456 68.2456 265.152 481.858 481.858 481.858 481.858 
-6.27744e+66 -6.27744e+66 -6.27744e+66 -6.27744e+66 -6.27744e+66 -6.27744e+66 -6.27744e+66 68.2456 166.699 311.169 311.169 311.169 311.169 
-6.27744e+66 -6.27744e+66 -6.27744e+66 -6.27744e+66 -6.27744e+66 -6.27744e+66 -6.27744e+66 -6.27744e+66 68.2456 140.481 140.481 140.481 140.481 
-6.27744e+66 -6.27744e+66 -6.27744e+66 -6.27744e+66 -6.27744e+66 -6.27744e+66 -6.27744e+66 -6.27744e+66 -6.27744e+66 68.2456 68.2456 68.2456 68.2456 
-6.27744e+66 -6.27744e+66 -6.27744e+66 -6.27744e+66 -6.27744e+66 -6.27744e+66 -6.27744e+66 -6.27744e+66 -6.27744e+66 -6.27744e+66 68.2456 68.2456 68.2456 
-6.27744e+66 -6.27744e+66 -6.27744e+66 -6.27744e+66 -6.27744e+66 -6.27744e+66 -6.27744e+66 -6.27744e+66 -6.27744e+66 -6.27744e+66 -6.27744e+66 68.2456 68.2456 
-6.27744e+66 -6.27744e+66 -6.27744e+66 -6.27744e+66 -6.27744e+66 -6.27744e+66 -6.27744e+66 -6.27744e+66 -6.27744e+66 -6.27744e+66 -6.27744e+66 -6.27744e+66 68.2456 
-6.27744e+66 -6.27744e+66 -6.27744e+66 -6.27744e+66 -6.27744e+66 -6.27744e+66 -6.27744e+66 -6.27744e+66 -6.27744e+66 -6.27744e+66 -6.27744e+66 -6.27744e+66 -6.27744e+66 
