18 40 
514.24 514.24 514.24 514.24 514.24 514.24 514.24 514.24 514.24 514.24 514.24 514.24 514.24 514.24 514.24 514.24 514.24 514.24 
item 0
85.0931 88.2484 70.8726 90.9582 62.8751 122.811 35.3267 91.6536 81.8388 82.2308 38.6777 132.987 25.0553 100.291 38.1103 110.322 67.6116 62.3983 
60.64 60.64 60.64 60.64 60.64 60.64 60.64 60.64 60.64 60.64 60.64 60.64 60.64 60.64 60.64 60.64 60.64 60.64 
1 1 1 1 1 1 1 1 1 1 1 1 1 1 1 1 1 1 
item 1
37.3214 77.7727 72.5796 113.304 43.3711 86.2981 58.1319 106.156 35.5895 101.55 54.6455 82.1855 62.8017 73.0225 44.8135 86.711 64.8005 108.625 
54.104 54.104 54.104 54.104 54.104 54.104 54.104 54.104 54.104 54.104 54.104 54.104 54.104 54.104 54.104 54.104 54.104 54.104 
1 1 1 1 1 1 1 1 1 1 1 1 1 1 1 1 1 1 
item 2
50.8584 87.0672 73.4341 92.5172 76.4217 114.774 63.9522 81.6515 101.493 97.6701 79.4854 110.017 55.2597 118.551 33.6531 98.0607 53.4911 96.7243 
34.3227 34.3227 34.3227 34.3227 34.3227 34.3227 34.3227 34.3227 34.3227 34.3227 34.3227 34.3227 34.3227 34.3227 34.3227 34.3227 34.3227 34.3227 
1 1 1 1 1 1 1 1 1 1 1 1 1 1 1 1 1 1 
item 3
59.2156 121.846 22.3636 105.447 75.359 71.4486 51.4418 104.043 43.9722 115.573 64.8234 111.578 70.4735 103.831 70.7616 100.091 17.5111 94.6972 
79.2065 79.2065 79.2065 79.2065 79.2065 79.2065 79.2065 79.2065 79.2065 79.2065 79.2065 79.2065 79.2065 79.2065 79.2065 79.2065 79.2065 79.2065 
1 1 1 1 1 1 1 1 1 1 1 1 1 1 1 1 1 1 
item 4
41.9375 96.8181 80.9577 119.474 37.8272 105.122 75.0963 70.9969 83.5465 100.881 44.7516 100.513 76.5703 95.068 91.1916 110.362 40.8525 97.4877 
75.7761 75.7761 75.7761 75.7761 75.7761 75.7761 75.7761 75.7761 75.7761 75.7761 75.7761 75.7761 75.7761 75.7761 75.7761 75.7761 75.7761 75.7761 
1 1 1 1 1 1 1 1 1 1 1 1 1 1 1 1 1 1 
item 5
61.512 87.8806 44.8101 109.894 43.533 118.709 50.1239 113.131 42.0598 104.454 39.0823 89.2287 29.559 119.765 46.2314 59.2669 29.3575 85.5042 
75.5628 75.5628 75.5628 75.5628 75.5628 75.5628 75.5628 75.5628 75.5628 75.5628 75.5628 75.5628 75.5628 75.5628 75.5628 75.5628 75.5628 75.5628 
1 1 1 1 1 1 1 1 1 1 1 1 1 1 1 1 1 1 
item 6
59.657 90.105 69.9766 51.1396 48.8487 116.87 85.8176 122.788 63.4808 87.2775 56.5544 77.0253 33.9526 60.2358 60.6193 103.848 41.7754 115.259 
43.8255 43.8255 43.8255 43.8255 43.8255 43.8255 43.8255 43.8255 43.8255 43.8255 43.8255 43.8255 43.8255 43.8255 43.8255 43.8255 43.8255 43.8255 
1 1 1 1 1 1 1 1 1 1 1 1 1 1 1 1 1 1 
item 7
48.9649 107.482 30.3701 116.198 76.1343 96.6276 50.6392 104.864 29.5131 119.159 34.9701 94.4312 58.621 78.758 60.3864 68.4677 48.6064 95.4267 
93.4991 93.4991 93.4991 93.4991 93.4991 93.4991 93.4991 93.4991 93.4991 93.4991 93.4991 93.4991 93.4991 93.4991 93.4991 93.4991 93.4991 93.4991 
1 1 1 1 1 1 1 1 1 1 1 1 1 1 1 1 1 1 
item 8
44.778 115.185 0 92.0675 50.4344 73.9613 53.5228 87.5205 75.0163 78.7876 44.0945 131.545 65.866 74.0913 47.2987 98.1095 46.3008 88.1584 
90.0577 90.0577 90.0577 90.0577 90.0577 90.0577 90.0577 90.0577 90.0577 90.0577 90.0577 90.0577 90.0577 90.0577 90.0577 90.0577 90.0577 90.0577 
1 1 1 1 1 1 1 1 1 1 1 1 1 1 1 1 1 1 
item 9
40.659 96.1749 81.6269 78.8664 41.28 95.8511 53.1326 126.71 48.7751 157.464 59.3596 82.1867 30.3594 100.059 61.0593 126.366 33.0691 117.964 
61.1269 61.1269 61.1269 61.1269 61.1269 61.1269 61.1269 61.1269 61.1269 61.1269 61.1269 61.1269 61.1269 61.1269 61.1269 61.1269 61.1269 61.1269 
1 1 1 1 1 1 1 1 1 1 1 1 1 1 1 1 1 1 
item 10
59.7686 98.4456 30.3519 99.9919 77.8108 85.1079 52.2179 110.166 44.6662 127.416 50.6629 125.155 59.268 104.911 54.9342 50.5557 58.8328 127.569 
48.2282 48.2282 48.2282 48.2282 48.2282 48.2282 48.2282 48.2282 48.2282 48.2282 48.2282 48.2282 48.2282 48.2282 48.2282 48.2282 48.2282 48.2282 
1 1 1 1 1 1 1 1 1 1 1 1 1 1 1 1 1 1 
item 11
73.3959 105.178 52.9565 157.183 30.6483 45.8011 37.5647 120.981 62.026 78.165 47.3174 92.4339 20.3087 74.3605 77.5039 104.59 38.7127 112.027 
61.9108 61.9108 61.9108 61.9108 61.9108 61.9108 61.9108 61.9108 61.9108 61.9108 61.9108 61.9108 61.9108 61.9108 61.9108 61.9108 61.9108 61.9108 
1 1 1 1 1 1 1 1 1 1 1 1 1 1 1 1 1 1 
item 12
40.8221 88.5869 8.58999 80.4318 65.6531 64.8422 50.2901 99.3691 91.9798 71.0576 71.9513 101.846 61.8547 94.735 18.9937 112.014 31.1896 98.3001 
62.5637 62.5637 62.5637 62.5637 62.5637 62.5637 62.5637 62.5637 62.5637 62.5637 62.5637 62.5637 62.5637 62.5637 62.5637 62.5637 62.5637 62.5637 
1 1 1 1 1 1 1 1 1 1 1 1 1 1 1 1 1 1 
item 13
56.1295 62.061 20.0317 118.911 79.6939 138.222 77.1636 95.7037 41.3528 97.5532 45.9387 111.704 97.8323 144.061 49.0648 133.862 32.9599 113.548 
60.5611 60.5611 60.5611 60.5611 60.5611 60.5611 60.5611 60.5611 60.5611 60.5611 60.5611 60.5611 60.5611 60.5611 60.5611 60.5611 60.5611 60.5611 
1 1 1 1 1 1 1 1 1 1 1 1 1 1 1 1 1 1 
item 14
64.667 88.6313 43.9372 98.6687 33.8438 93.4803 56.2935 58.8044 62.119 106.381 58.4011 94.9465 43.6227 109.183 67.7684 100.14 34.2467 68.0289 
49.8599 49.8599 49.8599 49.8599 49.8599 49.8599 49.8599 49.8599 49.8599 49.8599 49.8599 49.8599 49.8599 49.8599 49.8599 49.8599 49.8599 49.8599 
1 1 1 1 1 1 1 1 1 1 1 1 1 1 1 1 1 1 
item 15
26.6224 116.974 28.8586 100.269 33.4839 137.207 59.8381 72.2916 34.7751 97.0298 26.732 95.3484 77.4088 70.5812 60.6759 129.415 42.4189 109.431 
78.1416 78.1416 78.1416 78.1416 78.1416 78.1416 78.1416 78.1416 78.1416 78.1416 78.1416 78.1416 78.1416 78.1416 78.1416 78.1416 78.1416 78.1416 
1 1 1 1 1 1 1 1 1 1 1 1 1 1 1 1 1 1 
item 16
54.8837 95.7047 51.2427 91.0137 36.3068 80.1042 61.1119 102.223 60.6373 71.8161 50.418 90.1186 80.9246 98.541 35.7306 111.02 39.4818 82.1068 
30.7015 30.7015 30.7015 30.7015 30.7015 30.7015 30.7015 30.7015 30.7015 30.7015 30.7015 30.7015 30.7015 30.7015 30.7015 30.7015 30.7015 30.7015 
1 1 1 1 1 1 1 1 1 1 1 1 1 1 1 1 1 1 
item 17
35.9772 110.387 16.275 106.576 28.6857 107.322 70.0948 101.183 32.3284 86.2302 35.3633 103.018 65.0913 95.3303 67.7866 105.261 26.6828 134.029 
72.2497 72.2497 72.2497 72.2497 72.2497 72.2497 72.2497 72.2497 72.2497 72.2497 72.2497 72.2497 72.2497 72.2497 72.2497 72.2497 72.2497 72.2497 
1 1 1 1 1 1 1 1 1 1 1 1 1 1 1 1 1 1 
item 18
38.3895 109.649 22.2287 113.936 71.9399 142.281 55.1952 97.3495 30.5178 123.513 18.1431 90.489 94.173 71.2771 49.8441 142.744 29.9731 98.3756 
80.1629 80.1629 80.1629 80.1629 80.1629 80.1629 80.1629 80.1629 80.1629 80.1629 80.1629 80.1629 80.1629 80.1629 80.1629 80.1629 80.1629 80.1629 
1 1 1 1 1 1 1 1 1 1 1 1 1 1 1 1 1 1 
item 19
48.9831 105.407 14.6394 125.558 62.4814 93.0308 60.1252 62.8398 40.7834 103.843 65.6508 99.8464 41.276 99.576 29.4377 136.719 63.932 117.372 
63.6071 63.6071 63.6071 63.6071 63.6071 63.6071 63.6071 63.6071 63.6071 63.6071 63.6071 63.6071 63.6071 63.6071 63.6071 63.6071 63.6071 63.6071 
1 1 1 1 1 1 1 1 1 1 1 1 1 1 1 1 1 1 
item 20
46.4473 101.475 65.0765 84.3385 87.4829 100.519 47.1208 109.077 37.7818 92.1429 74.9011 98.6551 47.7721 90.9449 20.5444 118.495 43.5074 103.196 
52.5614 52.5614 52.5614 52.5614 52.5614 52.5614 52.5614 52.5614 52.5614 52.5614 52.5614 52.5614 52.5614 52.5614 52.5614 52.5614 52.5614 52.5614 
1 1 1 1 1 1 1 1 1 1 1 1 1 1 1 1 1 1 
item 21
53.1619 111.429 8.76744 133.038 79.3144 69.4748 32.9621 108.995 51.5824 108.723 11.0869 103.118 47.8068 92.3991 59.0108 96.2639 79.8378 97.2986 
66.6861 66.6861 66.6861 66.6861 66.6861 66.6861 66.6861 66.6861 66.6861 66.6861 66.6861 66.6861 66.6861 66.6861 66.6861 66.6861 66.6861 66.6861 
1 1 1 1 1 1 1 1 1 1 1 1 1 1 1 1 1 1 
item 22
46.2772 143.84 49.6895 66.438 67.4756 73.2143 73.3078 103.49 27.9206 100.107 91.9364 106.83 68.6737 112.209 59.8654 103.677 83.9207 77.8274 
56.4315 56.4315 56.4315 56.4315 56.4315 56.4315 56.4315 56.4315 56.4315 56.4315 56.4315 56.4315 56.4315 56.4315 56.4315 56.4315 56.4315 56.4315 
1 1 1 1 1 1 1 1 1 1 1 1 1 1 1 1 1 1 
item 23
49.6433 90.6017 41.9707 98.1189 69.9039 82.9427 44.761 103.12 22.7234 76.9993 90.2527 126.801 37.4831 100.563 27.7345 133.851 77.6546 79.205 
66.6773 66.6773 66.6773 66.6773 66.6773 66.6773 66.6773 66.6773 66.6773 66.6773 66.6773 66.6773 66.6773 66.6773 66.6773 66.6773 66.6773 66.6773 
1 1 1 1 1 1 1 1 1 1 1 1 1 1 1 1 1 1 
item 24
49.9123 129.393 66.5265 108.983 43.676 117.807 61.2795 99.2732 71.6661 112.556 36.8533 57.0671 45.6297 100.853 32.8821 77.9684 35.5971 64.4634 
44.1818 44.1818 44.1818 44.1818 44.1818 44.1818 44.1818 44.1818 44.1818 44.1818 44.1818 44.1818 44.1818 44.1818 44.1818 44.1818 44.1818 44.1818 
1 1 1 1 1 1 1 1 1 1 1 1 1 1 1 1 1 1 
item 25
65.4876 81.0453 37.0861 118.913 39.7286 81.144 63.0535 100.342 54.9082 125.25 75.5331 102.451 54.2107 79.7599 48.7174 87.7287 62.2639 94.4916 
57.7871 57.7871 57.7871 57.7871 57.7871 57.7871 57.7871 57.7871 57.7871 57.7871 57.7871 57.7871 57.7871 57.7871 57.7871 57.7871 57.7871 57.7871 
1 1 1 1 1 1 1 1 1 1 1 1 1 1 1 1 1 1 
item 26
50.8376 35.0684 84.1001 86.1197 51.9711 83.7677 11.0206 73.4163 29.3899 122.761 52.2049 97.0466 101.823 94.9124 42.3942 111.953 65.3745 75.2541 
32.2877 32.2877 32.2877 32.2877 32.2877 32.2877 32.2877 32.2877 32.2877 32.2877 32.2877 32.2877 32.2877 32.2877 32.2877 32.2877 32.2877 32.2877 
1 1 1 1 1 1 1 1 1 1 1 1 1 1 1 1 1 1 
item 27
68.0567 73.6291 73.4582 113.527 60.734 103.921 59.5248 121.466 61.5145 77.2326 18.3924 84.5603 67.3943 68.6707 62.7376 91.2835 39.6186 87.113 
72.4875 72.4875 72.4875 72.4875 72.4875 72.4875 72.4875 72.4875 72.4875 72.4875 72.4875 72.4875 72.4875 72.4875 72.4875 72.4875 72.4875 72.4875 
1 1 1 1 1 1 1 1 1 1 1 1 1 1 1 1 1 1 
item 28
22.571 116.717 44.7239 99.2789 67.133 112.609 74.4242 112.471 79.417 126.559 43.0595 65.6945 24.7937 99.3079 50.1261 78.5716 28.5891 77.9584 
64.3316 64.3316 64.3316 64.3316 64.3316 64.3316 64.3316 64.3316 64.3316 64.3316 64.3316 64.3316 64.3316 64.3316 64.3316 64.3316 64.3316 64.3316 
1 1 1 1 1 1 1 1 1 1 1 1 1 1 1 1 1 1 
item 29
33.9874 94.4311 67.8095 113.73 72.5979 80.2126 46.8185 115.096 68.4338 108.166 56.1316 101.456 38.3001 109.366 47.8498 129.918 56.4956 102.836 
81.3712 81.3712 81.3712 81.3712 81.3712 81.3712 81.3712 81.3712 81.3712 81.3712 81.3712 81.3712 81.3712 81.3712 81.3712 81.3712 81.3712 81.3712 
1 1 1 1 1 1 1 1 1 1 1 1 1 1 1 1 1 1 
item 30
69.1533 75.6265 79.6093 97.7145 70.8328 115.722 56.4481 118.973 40.804 124.032 33.7775 99.1413 20.3959 119.549 57.496 102.014 84.7769 138.067 
66.8805 66.8805 66.8805 66.8805 66.8805 66.8805 66.8805 66.8805 66.8805 66.8805 66.8805 66.8805 66.8805 66.8805 66.8805 66.8805 66.8805 66.8805 
1 1 1 1 1 1 1 1 1 1 1 1 1 1 1 1 1 1 
item 31
41.9401 128.521 67.9427 83.0542 58.6473 103.156 63.9933 105.175 84.3288 97.791 29.6036 95.7175 34.1237 112.782 37.2742 132.141 24.5766 63.0614 
51.6833 51.6833 51.6833 51.6833 51.6833 51.6833 51.6833 51.6833 51.6833 51.6833 51.6833 51.6833 51.6833 51.6833 51.6833 51.6833 51.6833 51.6833 
1 1 1 1 1 1 1 1 1 1 1 1 1 1 1 1 1 1 
item 32
51.6117 113.909 77.343 111.897 55.0367 91.8214 37.9982 89.0189 76.1455 82.1036 39.3858 116.232 53.9153 121.401 78.449 122.628 56.2239 86.6888 
70.569 70.569 70.569 70.569 70.569 70.569 70.569 70.569 70.569 70.569 70.569 70.569 70.569 70.569 70.569 70.569 70.569 70.569 
1 1 1 1 1 1 1 1 1 1 1 1 1 1 1 1 1 1 
item 33
14.8415 79.3819 32.0249 108.63 33.194 113.144 26.6838 108.429 31.5735 86.6448 76.0688 86.9244 75.1532 92.8727 39.7547 83.9653 22.0366 119.409 
65.72 65.72 65.72 65.72 65.72 65.72 65.72 65.72 65.72 65.72 65.72 65.72 65.72 65.72 65.72 65.72 65.72 65.72 
1 1 1 1 1 1 1 1 1 1 1 1 1 1 1 1 1 1 
item 34
39.9524 89.8236 43.6526 106.105 39.7232 69.9582 38.2835 84.9828 63.3172 89.0647 63.7572 93.0304 50.3614 115.706 22.215 129.773 34.2953 108.747 
45.3181 45.3181 45.3181 45.3181 45.3181 45.3181 45.3181 45.3181 45.3181 45.3181 45.3181 45.3181 45.3181 45.3181 45.3181 45.3181 45.3181 45.3181 
1 1 1 1 1 1 1 1 1 1 1 1 1 1 1 1 1 1 
item 35
93.3944 93.3388 58.3853 107.441 8.59867 115.289 63.9805 88.6461 55.4711 125.834 46.4083 97.6772 41.3526 96.6868 56.913 135.363 18.9831 90.3993 
86.7038 86.7038 86.7038 86.7038 86.7038 86.7038 86.7038 86.7038 86.7038 86.7038 86.7038 86.7038 86.7038 86.7038 86.7038 86.7038 86.7038 86.7038 
1 1 1 1 1 1 1 1 1 1 1 1 1 1 1 1 1 1 
item 36
50.9373 117.187 77.191 107.983 39.3969 99.5912 2.22791 124.685 16.6514 114.375 32.1982 89.143 54.2281 106.582 59.9984 120.716 106.933 113.106 
74.3463 74.3463 74.3463 74.3463 74.3463 74.3463 74.3463 74.3463 74.3463 74.3463 74.3463 74.3463 74.3463 74.3463 74.3463 74.3463 74.3463 74.3463 
1 1 1 1 1 1 1 1 1 1 1 1 1 1 1 1 1 1 
item 37
15.1207 89.1561 57.1481 116.164 65.2154 83.884 21.6317 83.3986 42.3601 118.457 67.5041 111.259 74.7736 118.073 54.7208 120.44 59.8917 109.44 
40.0919 40.0919 40.0919 40.0919 40.0919 40.0919 40.0919 40.0919 40.0919 40.0919 40.0919 40.0919 40.0919 40.0919 40.0919 40.0919 40.0919 40.0919 
1 1 1 1 1 1 1 1 1 1 1 1 1 1 1 1 1 1 
item 38
42.9554 102.239 80.3833 74.9878 55.3209 127.241 62.2383 61.9228 82.4497 139.362 50.3133 117.889 68.9159 82.8286 30.3365 118.323 24.7791 96.8217 
78.6327 78.6327 78.6327 78.6327 78.6327 78.6327 78.6327 78.6327 78.6327 78.6327 78.6327 78.6327 78.6327 78.6327 78.6327 78.6327 78.6327 78.6327 
1 1 1 1 1 1 1 1 1 1 1 1 1 1 1 1 1 1 
item 39
44.6239 80.4987 103.261 141.859 47.9994 99.273 61.2456 108.711 38.0002 101.066 75.3909 134.424 55.0201 117.7 42.9455 103.688 74.846 106.017 
52.7043 52.7043 52.7043 52.7043 52.7043 52.7043 52.7043 52.7043 52.7043 52.7043 52.7043 52.7043 52.7043 52.7043 52.7043 52.7043 52.7043 52.7043 
1 1 1 1 1 1 1 1 1 1 1 1 1 1 1 1 1 1 
