6 40 
76.8457 76.8457 76.8457 76.8457 76.8457 76.8457 
item 0
38.9646 112.542 29.7548 107.782 55.4169 104.1 
68.7535 68.7535 68.7535 68.7535 68.7535 68.7535 
1 1 1 1 1 1 
item 1
61.1593 106.804 18.5671 69.5392 74.1475 81.6371 
64.9135 64.9135 64.9135 64.9135 64.9135 64.9135 
1 1 1 1 1 1 
item 2
51.3018 120.644 40.0238 110.939 54.4501 121.832 
50.9045 50.9045 50.9045 50.9045 50.9045 50.9045 
1 1 1 1 1 1 
item 3
63.3606 67.5611 66.3781 81.0407 53.6043 103.889 
96.5266 96.5266 96.5266 96.5266 96.5266 96.5266 
1 1 1 1 1 1 
item 4
63.2221 107.844 53.0479 100.729 68.5802 112.713 
69.9868 69.9868 69.9868 69.9868 69.9868 69.9868 
1 1 1 1 1 1 
item 5
88.0256 99.703 32.99 123.586 54.1068 96.7141 
66.7952 66.7952 66.7952 66.7952 66.7952 66.7952 
1 1 1 1 1 1 
item 6
23.7543 98.119 65.9614 89.7619 65.0599 83.6601 
40.8297 40.8297 40.8297 40.8297 40.8297 40.8297 
1 1 1 1 1 1 
item 7
45.2269 120.803 81.5085 83.8137 22.143 68.024 
67.1769 67.1769 67.1769 67.1769 67.1769 67.1769 
1 1 1 1 1 1 
item 8
45.5589 121.783 101.368 128.895 34.6843 90.181 
68.4405 68.4405 68.4405 68.4405 68.4405 68.4405 
1 1 1 1 1 1 
item 9
53.7482 79.4592 41.6465 91.5282 59.1663 92.0667 
44.3804 44.3804 44.3804 44.3804 44.3804 44.3804 
1 1 1 1 1 1 
item 10
26.4956 93.3217 85.6193 105.163 71.1836 73.6591 
59.485 59.485 59.485 59.485 59.485 59.485 
1 1 1 1 1 1 
item 11
56.3398 146.223 41.6532 78.1579 70.4898 117.916 
39.4428 39.4428 39.4428 39.4428 39.4428 39.4428 
1 1 1 1 1 1 
item 12
43.8833 81.3112 89.2052 120.878 40.3715 106.298 
51.9355 51.9355 51.9355 51.9355 51.9355 51.9355 
1 1 1 1 1 1 
item 13
76.1551 61.6505 69.733 97.3811 70.4589 90.2739 
77.9235 77.9235 77.9235 77.9235 77.9235 77.9235 
1 1 1 1 1 1 
item 14
55.407 96.8854 23.649 88.092 76.1324 118.419 
46.8968 46.8968 46.8968 46.8968 46.8968 46.8968 
1 1 1 1 1 1 
item 15
53.7912 105.099 29.1743 133.994 24.6644 84.327 
49.2006 49.2006 49.2006 49.2006 49.2006 49.2006 
1 1 1 1 1 1 
item 16
16.444 94.5731 23.686 130.017 37.4945 105.014 
83.3591 83.3591 83.3591 83.3591 83.3591 83.3591 
1 1 1 1 1 1 
item 17
67.4329 133.312 45.0275 90.893 54.121 106.202 
55.674 55.674 55.674 55.674 55.674 55.674 
1 1 1 1 1 1 
item 18
33.6861 98.4939 57.7648 82.9618 66.5734 81.3755 
41.5108 41.5108 41.5108 41.5108 41.5108 41.5108 
1 1 1 1 1 1 
item 19
29.2691 92.1806 60.6242 89.7271 39.963 81.4933 
38.9734 38.9734 38.9734 38.9734 38.9734 38.9734 
1 1 1 1 1 1 
item 20
50.4407 98.7405 50.5703 100.882 35.1081 84.0081 
81.065 81.065 81.065 81.065 81.065 81.065 
1 1 1 1 1 1 
item 21
37.3125 98.5611 44.6749 64.5213 55.1681 104.045 
40.0301 40.0301 40.0301 40.0301 40.0301 40.0301 
1 1 1 1 1 1 
item 22
104.115 90.8943 30.5093 123.401 72.7023 49.5957 
73.9808 73.9808 73.9808 73.9808 73.9808 73.9808 
1 1 1 1 1 1 
item 23
57.66 105.01 29.7271 98.2951 56.7205 96.012 
86.0425 86.0425 86.0425 86.0425 86.0425 86.0425 
1 1 1 1 1 1 
item 24
48.2309 104.455 3.97978 106.801 38.4695 89.3778 
55.811 55.811 55.811 55.811 55.811 55.811 
1 1 1 1 1 1 
item 25
33.5748 117.047 3.87115 119.412 31.225 118.986 
40.6969 40.6969 40.6969 40.6969 40.6969 40.6969 
1 1 1 1 1 1 
item 26
49.2993 103.656 21.8619 108.903 60.4397 137.86 
59.1907 59.1907 59.1907 59.1907 59.1907 59.1907 
1 1 1 1 1 1 
item 27
37.0861 105.094 71.8641 131.796 20.967 46.6291 
26.5931 26.5931 26.5931 26.5931 26.5931 26.5931 
1 1 1 1 1 1 
item 28
7.26148 84.3977 72.0649 74.1719 45.6855 147.205 
49.4235 49.4235 49.4235 49.4235 49.4235 49.4235 
1 1 1 1 1 1 
item 29
68.9595 153.527 47.4319 75.9591 48.1526 94.2637 
83.2398 83.2398 83.2398 83.2398 83.2398 83.2398 
1 1 1 1 1 1 
item 30
68.959 127.779 20.3352 114.325 73.8172 125.01 
52.6819 52.6819 52.6819 52.6819 52.6819 52.6819 
1 1 1 1 1 1 
item 31
43.0317 103.254 44.0621 135.604 41.3256 111.702 
67.3968 67.3968 67.3968 67.3968 67.3968 67.3968 
1 1 1 1 1 1 
item 32
62.0372 91.4748 48.1355 105.159 110.228 101.546 
56.5907 56.5907 56.5907 56.5907 56.5907 56.5907 
1 1 1 1 1 1 
item 33
18.0228 82.3764 34.4526 81.8443 7.93889 124.316 
71.2313 71.2313 71.2313 71.2313 71.2313 71.2313 
1 1 1 1 1 1 
item 34
13.9501 87.5624 62.7935 93.6758 33.02 113.806 
32.7204 32.7204 32.7204 32.7204 32.7204 32.7204 
1 1 1 1 1 1 
item 35
18.8462 97.7731 50.2829 132.665 28.9607 102.383 
67.506 67.506 67.506 67.506 67.506 67.506 
1 1 1 1 1 1 
item 36
83.5877 79.0252 61.4502 95.8693 63.3292 93.7309 
33.7557 33.7557 33.7557 33.7557 33.7557 33.7557 
1 1 1 1 1 1 
item 37
42.9997 129.87 63.031 152.628 57.0977 123.868 
39.1592 39.1592 39.1592 39.1592 39.1592 39.1592 
1 1 1 1 1 1 
item 38
53.2643 114.416 37.0434 78.51 44.7358 72.3283 
69.8212 69.8212 69.8212 69.8212 69.8212 69.8212 
1 1 1 1 1 1 
item 39
45.5279 99.3056 90.9257 80.5036 68.4677 82.129 
48.5475 48.5475 48.5475 48.5475 48.5475 48.5475 
1 1 1 1 1 1 
