12 5 
85.5798 85.5798 85.5798 85.5798 85.5798 85.5798 85.5798 85.5798 85.5798 85.5798 85.5798 85.5798 
item 0
47.9568 0 14.8576 85.459 68.6172 100.822 50.5242 0 0 99.6458 0 0 
67.3661 67.3661 67.3661 67.3661 67.3661 67.3661 67.3661 67.3661 67.3661 67.3661 67.3661 67.3661 
1 1 1 1 1 1 1 1 1 1 1 1 
item 1
28.7053 144.049 0 98.1933 10.6808 101.387 68.9102 0 49.7545 77.979 75.0235 0 
27.4253 27.4253 27.4253 27.4253 27.4253 27.4253 27.4253 27.4253 27.4253 27.4253 27.4253 27.4253 
1 1 1 1 1 1 1 1 1 1 1 1 
item 2
97.4317 108.802 0 0 0 114.668 33.3773 0 57.0042 71.7193 65.3191 0 
58.2472 58.2472 58.2472 58.2472 58.2472 58.2472 58.2472 58.2472 58.2472 58.2472 58.2472 58.2472 
1 1 1 1 1 1 1 1 1 1 1 1 
item 3
67.9611 0 0 0 0 123.632 0 0 27.2294 0 0 133.327 
46.7111 46.7111 46.7111 46.7111 46.7111 46.7111 46.7111 46.7111 46.7111 46.7111 46.7111 46.7111 
1 1 1 1 1 1 1 1 1 1 1 1 
item 4
23.7763 96.1986 80.4799 100.568 0 0 0 0 74.7588 115.162 88.0766 0 
101.418 101.418 101.418 101.418 101.418 101.418 101.418 101.418 101.418 101.418 101.418 101.418 
1 1 1 1 1 1 1 1 1 1 1 1 
