18 40 
514.24 514.24 514.24 514.24 514.24 514.24 514.24 514.24 514.24 514.24 514.24 514.24 514.24 514.24 514.24 514.24 514.24 514.24 
item 0
73.4517 102.042 59.5901 105.987 71.2782 102.744 37.8285 77.8569 73.8203 114.464 41.6987 96.6264 39.8666 83.7323 15.2828 80.7227 55.4757 75.786 
44.9844 44.9844 44.9844 44.9844 44.9844 44.9844 44.9844 44.9844 44.9844 44.9844 44.9844 44.9844 44.9844 44.9844 44.9844 44.9844 44.9844 44.9844 
1 1 1 1 1 1 1 1 1 1 1 1 1 1 1 1 1 1 
item 1
79.1331 93.194 59.8918 93.7326 72.6015 125.343 12.8906 123.759 44.7259 100.523 66.0569 100.742 36.2548 110.865 53.8622 92.4022 46.5017 85.4829 
67.2297 67.2297 67.2297 67.2297 67.2297 67.2297 67.2297 67.2297 67.2297 67.2297 67.2297 67.2297 67.2297 67.2297 67.2297 67.2297 67.2297 67.2297 
1 1 1 1 1 1 1 1 1 1 1 1 1 1 1 1 1 1 
item 2
37.2247 102.837 49.7002 75.3986 36.9483 113.287 48.0407 113.543 87.9349 79.5788 69.2644 125.627 49.7342 124.327 42.7002 85.6693 64.6701 83.9351 
98.4731 98.4731 98.4731 98.4731 98.4731 98.4731 98.4731 98.4731 98.4731 98.4731 98.4731 98.4731 98.4731 98.4731 98.4731 98.4731 98.4731 98.4731 
1 1 1 1 1 1 1 1 1 1 1 1 1 1 1 1 1 1 
item 3
62.8398 73.3337 49.827 102.739 71.6058 77.5556 47.0201 110.907 33.029 112.664 33.4903 87.9622 52.3877 114.007 53.419 103.896 108.966 125.063 
86.6908 86.6908 86.6908 86.6908 86.6908 86.6908 86.6908 86.6908 86.6908 86.6908 86.6908 86.6908 86.6908 86.6908 86.6908 86.6908 86.6908 86.6908 
1 1 1 1 1 1 1 1 1 1 1 1 1 1 1 1 1 1 
item 4
14.3198 85.7468 63.5461 112.06 20.229 77.8328 76.438 137.37 66.5797 114.947 8.4398 93.2305 44.9623 85.0825 26.5037 87.7569 51.3079 96.0018 
49.1976 49.1976 49.1976 49.1976 49.1976 49.1976 49.1976 49.1976 49.1976 49.1976 49.1976 49.1976 49.1976 49.1976 49.1976 49.1976 49.1976 49.1976 
1 1 1 1 1 1 1 1 1 1 1 1 1 1 1 1 1 1 
item 5
69.2767 95.4059 59.9668 136.34 31.8691 61.7307 22.971 56.1412 68.9175 102.63 49.5398 77.1794 25.7451 86.6222 61.6838 75.3271 93.9826 102.942 
44.2501 44.2501 44.2501 44.2501 44.2501 44.2501 44.2501 44.2501 44.2501 44.2501 44.2501 44.2501 44.2501 44.2501 44.2501 44.2501 44.2501 44.2501 
1 1 1 1 1 1 1 1 1 1 1 1 1 1 1 1 1 1 
item 6
46.959 94.4406 79.0429 116.582 49.1002 130.359 86.6763 126.681 73.0797 82.899 53.4696 74.0076 38.8995 126.82 8.65535 82.5591 63.179 93.0118 
80.753 80.753 80.753 80.753 80.753 80.753 80.753 80.753 80.753 80.753 80.753 80.753 80.753 80.753 80.753 80.753 80.753 80.753 
1 1 1 1 1 1 1 1 1 1 1 1 1 1 1 1 1 1 
item 7
43.2347 80.1061 36.6558 100.246 55.6908 100.115 60.3639 123.639 36.0537 105.592 43.9149 104.073 97.4993 86.544 41.0117 150.825 66.9409 111.351 
74.0149 74.0149 74.0149 74.0149 74.0149 74.0149 74.0149 74.0149 74.0149 74.0149 74.0149 74.0149 74.0149 74.0149 74.0149 74.0149 74.0149 74.0149 
1 1 1 1 1 1 1 1 1 1 1 1 1 1 1 1 1 1 
item 8
8.87905 104.351 35.4414 101.239 33.9492 111.139 38.2872 83.8781 60.3528 100.759 35.5661 111.735 26.2716 117.372 58.9709 102.655 47.0939 107.531 
66.1802 66.1802 66.1802 66.1802 66.1802 66.1802 66.1802 66.1802 66.1802 66.1802 66.1802 66.1802 66.1802 66.1802 66.1802 66.1802 66.1802 66.1802 
1 1 1 1 1 1 1 1 1 1 1 1 1 1 1 1 1 1 
item 9
55.5297 107.737 79.39 94.4946 47.0502 93.965 26.489 72.0312 30.2855 91.7894 29.5633 101.274 84.1519 71.4252 51.1521 94.8806 93.7929 77.9616 
80.2201 80.2201 80.2201 80.2201 80.2201 80.2201 80.2201 80.2201 80.2201 80.2201 80.2201 80.2201 80.2201 80.2201 80.2201 80.2201 80.2201 80.2201 
1 1 1 1 1 1 1 1 1 1 1 1 1 1 1 1 1 1 
item 10
32.2566 70.8451 60.3313 92.3345 44.5253 125.689 60.1288 129.462 21.7199 97.2016 57.9207 90.2889 37.7918 123.054 32.4018 107.129 26.8657 103.084 
53.7001 53.7001 53.7001 53.7001 53.7001 53.7001 53.7001 53.7001 53.7001 53.7001 53.7001 53.7001 53.7001 53.7001 53.7001 53.7001 53.7001 53.7001 
1 1 1 1 1 1 1 1 1 1 1 1 1 1 1 1 1 1 
item 11
38.1515 122.62 71.7711 106.912 28.553 69.6496 66.6685 69.4681 33.1446 103.81 58.8263 101.411 86.1043 115.286 62.7171 90.2599 67.432 122.866 
30.933 30.933 30.933 30.933 30.933 30.933 30.933 30.933 30.933 30.933 30.933 30.933 30.933 30.933 30.933 30.933 30.933 30.933 
1 1 1 1 1 1 1 1 1 1 1 1 1 1 1 1 1 1 
item 12
41.7892 117.307 47.0595 89.4831 78.1102 105.085 40.3704 107.8 72.5288 83.4904 74.3518 71.9609 30.5297 123.304 56.334 139.462 63.3419 73.5789 
80.735 80.735 80.735 80.735 80.735 80.735 80.735 80.735 80.735 80.735 80.735 80.735 80.735 80.735 80.735 80.735 80.735 80.735 
1 1 1 1 1 1 1 1 1 1 1 1 1 1 1 1 1 1 
item 13
35.6186 113.216 11.3007 91.2829 41.6867 129.369 56.5559 119.922 42.9877 114.593 75.5023 111.052 23.4947 99.5879 55.2883 98.405 18.9957 65.9332 
85.8201 85.8201 85.8201 85.8201 85.8201 85.8201 85.8201 85.8201 85.8201 85.8201 85.8201 85.8201 85.8201 85.8201 85.8201 85.8201 85.8201 85.8201 
1 1 1 1 1 1 1 1 1 1 1 1 1 1 1 1 1 1 
item 14
36.5845 100.795 81.1185 119.306 42.8279 95.2107 68.8181 135.864 55.8138 108.01 7.04624 117.099 58.0337 112.972 47.3974 94.8441 42.6044 111.259 
89.9856 89.9856 89.9856 89.9856 89.9856 89.9856 89.9856 89.9856 89.9856 89.9856 89.9856 89.9856 89.9856 89.9856 89.9856 89.9856 89.9856 89.9856 
1 1 1 1 1 1 1 1 1 1 1 1 1 1 1 1 1 1 
item 15
43.5309 118.414 58.8352 103.136 53.5945 66.1542 44.5648 100.379 28.0943 89.0303 40.216 102.278 55.6873 44.4108 75.3618 117.639 71.5522 121.139 
64.3065 64.3065 64.3065 64.3065 64.3065 64.3065 64.3065 64.3065 64.3065 64.3065 64.3065 64.3065 64.3065 64.3065 64.3065 64.3065 64.3065 64.3065 
1 1 1 1 1 1 1 1 1 1 1 1 1 1 1 1 1 1 
item 16
72.643 100.878 59.3085 117.512 70.7765 102.603 23.6711 99.0517 77.2937 134.104 23.8729 78.0564 45.3595 112.741 36.6354 119.873 45.3072 94.233 
36.9186 36.9186 36.9186 36.9186 36.9186 36.9186 36.9186 36.9186 36.9186 36.9186 36.9186 36.9186 36.9186 36.9186 36.9186 36.9186 36.9186 36.9186 
1 1 1 1 1 1 1 1 1 1 1 1 1 1 1 1 1 1 
item 17
32.2804 78.7093 77.0055 115.005 60.8584 109.176 65.1901 81.5404 47.1076 105.58 42.1817 116.651 57.2703 97.285 52.1944 120.729 20.9954 90.1173 
70.2124 70.2124 70.2124 70.2124 70.2124 70.2124 70.2124 70.2124 70.2124 70.2124 70.2124 70.2124 70.2124 70.2124 70.2124 70.2124 70.2124 70.2124 
1 1 1 1 1 1 1 1 1 1 1 1 1 1 1 1 1 1 
item 18
41.8472 105.405 49.287 38.9911 86.7085 41.6273 35.5554 103.324 33.5052 123.778 33.351 67.3439 40.9507 112.478 58.6327 100.187 27.2787 96.1203 
100.188 100.188 100.188 100.188 100.188 100.188 100.188 100.188 100.188 100.188 100.188 100.188 100.188 100.188 100.188 100.188 100.188 100.188 
1 1 1 1 1 1 1 1 1 1 1 1 1 1 1 1 1 1 
item 19
78.9301 110.223 25.124 57.5402 0 93.207 37.166 116.767 53.6838 152.002 52.3397 94.9939 46.3187 92.5342 47.051 78.7174 68.3331 90.8014 
64.7405 64.7405 64.7405 64.7405 64.7405 64.7405 64.7405 64.7405 64.7405 64.7405 64.7405 64.7405 64.7405 64.7405 64.7405 64.7405 64.7405 64.7405 
1 1 1 1 1 1 1 1 1 1 1 1 1 1 1 1 1 1 
item 20
38.0656 100.842 26.5866 91.2811 18.1733 107.329 81.0454 88.4548 39.095 95.6246 54.116 82.242 79.9745 148.412 46.0572 99.0543 83.3909 80.3851 
14.3753 14.3753 14.3753 14.3753 14.3753 14.3753 14.3753 14.3753 14.3753 14.3753 14.3753 14.3753 14.3753 14.3753 14.3753 14.3753 14.3753 14.3753 
1 1 1 1 1 1 1 1 1 1 1 1 1 1 1 1 1 1 
item 21
41.1404 124.188 53.5961 121.324 42.9426 87.4195 24.8866 125.74 36.4885 96.6898 56.1949 64.8414 46.2852 101.596 88.6201 115.426 43.1793 96.7207 
36.1113 36.1113 36.1113 36.1113 36.1113 36.1113 36.1113 36.1113 36.1113 36.1113 36.1113 36.1113 36.1113 36.1113 36.1113 36.1113 36.1113 36.1113 
1 1 1 1 1 1 1 1 1 1 1 1 1 1 1 1 1 1 
item 22
14.691 77.8859 62.2212 125.876 49.6572 112.948 71.154 110.785 69.6229 94.7593 18.8233 83.9338 50.9036 97.8743 63.4135 80.5433 50.8444 103.966 
69.9542 69.9542 69.9542 69.9542 69.9542 69.9542 69.9542 69.9542 69.9542 69.9542 69.9542 69.9542 69.9542 69.9542 69.9542 69.9542 69.9542 69.9542 
1 1 1 1 1 1 1 1 1 1 1 1 1 1 1 1 1 1 
item 23
60.7536 112.398 39.2983 111.497 67.7656 100.985 31.8339 132.607 42.8817 103.096 36.3782 117.249 84.8452 112.5 34.3487 111.384 43.9665 114.545 
44.1901 44.1901 44.1901 44.1901 44.1901 44.1901 44.1901 44.1901 44.1901 44.1901 44.1901 44.1901 44.1901 44.1901 44.1901 44.1901 44.1901 44.1901 
1 1 1 1 1 1 1 1 1 1 1 1 1 1 1 1 1 1 
item 24
43.5749 128.62 58.9053 106.179 35.1164 77.0868 59.777 85.4785 46.7174 86.7403 47.6668 114.903 43.6191 105.984 20.5796 96.8672 46.3787 144.524 
56.0663 56.0663 56.0663 56.0663 56.0663 56.0663 56.0663 56.0663 56.0663 56.0663 56.0663 56.0663 56.0663 56.0663 56.0663 56.0663 56.0663 56.0663 
1 1 1 1 1 1 1 1 1 1 1 1 1 1 1 1 1 1 
item 25
71.637 75.2987 62.8634 119.376 61.9815 82.3012 51.8194 91.8301 4.67463 92.2899 66.6529 90.3101 38.8888 110.341 63.1593 92.4431 44.1098 73.7812 
52.9632 52.9632 52.9632 52.9632 52.9632 52.9632 52.9632 52.9632 52.9632 52.9632 52.9632 52.9632 52.9632 52.9632 52.9632 52.9632 52.9632 52.9632 
1 1 1 1 1 1 1 1 1 1 1 1 1 1 1 1 1 1 
item 26
65.8805 86.331 51.2755 105.732 79.447 90.2608 53.8876 112.995 42.5954 117.256 82.1371 70.6578 107.359 81.7648 25.7562 97.4321 67.2093 88.0517 
43.7551 43.7551 43.7551 43.7551 43.7551 43.7551 43.7551 43.7551 43.7551 43.7551 43.7551 43.7551 43.7551 43.7551 43.7551 43.7551 43.7551 43.7551 
1 1 1 1 1 1 1 1 1 1 1 1 1 1 1 1 1 1 
item 27
87.3451 109.267 59.3878 97.0471 74.5138 129.909 53.9546 96.172 76.1841 94.6674 46.1705 90.1198 38.452 75.8077 43.6416 79.0895 81.4685 112.033 
63.2851 63.2851 63.2851 63.2851 63.2851 63.2851 63.2851 63.2851 63.2851 63.2851 63.2851 63.2851 63.2851 63.2851 63.2851 63.2851 63.2851 63.2851 
1 1 1 1 1 1 1 1 1 1 1 1 1 1 1 1 1 1 
item 28
77.2214 66.1584 52.1909 76.6593 34.4149 102.531 47.9332 84.2031 55.8443 134.953 42.7953 132.898 32.7315 123.845 55.0295 115.903 49.79 92.6388 
47.2975 47.2975 47.2975 47.2975 47.2975 47.2975 47.2975 47.2975 47.2975 47.2975 47.2975 47.2975 47.2975 47.2975 47.2975 47.2975 47.2975 47.2975 
1 1 1 1 1 1 1 1 1 1 1 1 1 1 1 1 1 1 
item 29
57.9193 104.526 49.0075 41.6481 73.2963 94.6887 58.4232 74.0243 37.6431 55.3997 57.8287 115.415 59.5626 91.0676 80.5172 68.7299 40.5557 104.628 
53.6255 53.6255 53.6255 53.6255 53.6255 53.6255 53.6255 53.6255 53.6255 53.6255 53.6255 53.6255 53.6255 53.6255 53.6255 53.6255 53.6255 53.6255 
1 1 1 1 1 1 1 1 1 1 1 1 1 1 1 1 1 1 
item 30
56.0442 92.9528 65.5484 83.4915 17.4821 104.641 55.4589 117.588 23.0266 118.391 87.0526 91.8004 56.2448 71.0809 79.4592 123.138 84.386 63.5838 
78.9178 78.9178 78.9178 78.9178 78.9178 78.9178 78.9178 78.9178 78.9178 78.9178 78.9178 78.9178 78.9178 78.9178 78.9178 78.9178 78.9178 78.9178 
1 1 1 1 1 1 1 1 1 1 1 1 1 1 1 1 1 1 
item 31
48.575 129.14 0 101.908 57.9151 93.6923 66.2353 103.651 29.3174 99.7769 55.8796 88.2305 70.1898 85.1232 46.1874 67.5155 59.7805 93.4765 
51.9665 51.9665 51.9665 51.9665 51.9665 51.9665 51.9665 51.9665 51.9665 51.9665 51.9665 51.9665 51.9665 51.9665 51.9665 51.9665 51.9665 51.9665 
1 1 1 1 1 1 1 1 1 1 1 1 1 1 1 1 1 1 
item 32
63.7912 75.3576 50.8095 76.5508 68.2654 127.071 38.7565 122.206 56.238 60.6411 37.3148 87.5045 90.8228 93.3059 69.7737 119.616 61.0486 93.362 
61.2812 61.2812 61.2812 61.2812 61.2812 61.2812 61.2812 61.2812 61.2812 61.2812 61.2812 61.2812 61.2812 61.2812 61.2812 61.2812 61.2812 61.2812 
1 1 1 1 1 1 1 1 1 1 1 1 1 1 1 1 1 1 
item 33
33.6298 109.389 57.1722 123.487 36.0516 114.466 22.2178 110.279 88.9912 151.925 61.8882 114.867 43.2225 93.1077 24.4331 115.061 56.5842 85.3001 
30.9238 30.9238 30.9238 30.9238 30.9238 30.9238 30.9238 30.9238 30.9238 30.9238 30.9238 30.9238 30.9238 30.9238 30.9238 30.9238 30.9238 30.9238 
1 1 1 1 1 1 1 1 1 1 1 1 1 1 1 1 1 1 
item 34
53.6702 97.7601 67.2825 96.8756 58.9649 122.287 44.3864 129.87 49.9595 122.662 42.7022 86.0799 55.0444 86.2204 39.5062 96.1568 21.9478 99.9014 
73.5006 73.5006 73.5006 73.5006 73.5006 73.5006 73.5006 73.5006 73.5006 73.5006 73.5006 73.5006 73.5006 73.5006 73.5006 73.5006 73.5006 73.5006 
1 1 1 1 1 1 1 1 1 1 1 1 1 1 1 1 1 1 
item 35
42.0631 101.533 41.9026 121.663 97.9138 110.202 58.0723 110.523 35.8809 75.4018 32.3861 85.8055 47.4453 85.7799 60.5295 129.041 46.0294 109.723 
59.6144 59.6144 59.6144 59.6144 59.6144 59.6144 59.6144 59.6144 59.6144 59.6144 59.6144 59.6144 59.6144 59.6144 59.6144 59.6144 59.6144 59.6144 
1 1 1 1 1 1 1 1 1 1 1 1 1 1 1 1 1 1 
item 36
17.136 89.9486 68.0654 96.7007 59.211 104.267 44.0904 89.9078 35.1569 109.086 3.00971 107.602 54.8045 99.106 30.3867 105.457 66.8534 102.203 
58.8611 58.8611 58.8611 58.8611 58.8611 58.8611 58.8611 58.8611 58.8611 58.8611 58.8611 58.8611 58.8611 58.8611 58.8611 58.8611 58.8611 58.8611 
1 1 1 1 1 1 1 1 1 1 1 1 1 1 1 1 1 1 
item 37
70.5033 102.087 27.9628 126.752 78.5881 85.0672 44.4272 82.0778 28.9729 83.7543 0 114.696 29.2723 106.471 38.2068 86.0015 39.4737 120.839 
16.38 16.38 16.38 16.38 16.38 16.38 16.38 16.38 16.38 16.38 16.38 16.38 16.38 16.38 16.38 16.38 16.38 16.38 
1 1 1 1 1 1 1 1 1 1 1 1 1 1 1 1 1 1 
item 38
85.2966 88.9974 80.5754 119.648 28.7706 85.8668 26.5382 74.9176 39.8689 82.222 39.3509 102.189 16.0673 142.029 64.9336 123.048 55.1646 115.199 
68.0681 68.0681 68.0681 68.0681 68.0681 68.0681 68.0681 68.0681 68.0681 68.0681 68.0681 68.0681 68.0681 68.0681 68.0681 68.0681 68.0681 68.0681 
1 1 1 1 1 1 1 1 1 1 1 1 1 1 1 1 1 1 
item 39
26.3377 124.873 57.1824 90.8565 38.6887 92.709 47.7285 119.956 26.9952 139.551 43.0121 120.067 59.3512 70.9555 37.2298 94.5242 53.8526 113.097 
31.9425 31.9425 31.9425 31.9425 31.9425 31.9425 31.9425 31.9425 31.9425 31.9425 31.9425 31.9425 31.9425 31.9425 31.9425 31.9425 31.9425 31.9425 
1 1 1 1 1 1 1 1 1 1 1 1 1 1 1 1 1 1 
