12 5 
940.43 940.43 940.43 940.43 940.43 940.43 940.43 940.43 940.43 940.43 940.43 940.43 
item 0
50.5966 93.6173 43.5897 104.155 70.367 130.306 27.7805 67.4911 37.2955 152.315 31.0253 91.4014 
54.6939 54.6939 54.6939 54.6939 54.6939 54.6939 54.6939 54.6939 54.6939 54.6939 54.6939 54.6939 
1 1 1 1 1 1 1 1 1 1 1 1 
item 1
66.1656 60.5266 89.5171 94.0188 28.4851 105.304 58.7767 83.617 61.7319 87.0507 39.1053 74.6877 
61.4056 61.4056 61.4056 61.4056 61.4056 61.4056 61.4056 61.4056 61.4056 61.4056 61.4056 61.4056 
1 1 1 1 1 1 1 1 1 1 1 1 
item 2
47.2922 79.9481 70.6116 114.644 42.4932 90.1211 67.3279 125.516 102.602 70.5664 52.3913 102.117 
52.5813 52.5813 52.5813 52.5813 52.5813 52.5813 52.5813 52.5813 52.5813 52.5813 52.5813 52.5813 
1 1 1 1 1 1 1 1 1 1 1 1 
item 3
36.594 69.5023 53.4156 130.188 68.1 125.347 50.1416 106.239 27.3468 122.783 55.1109 118.377 
62.3429 62.3429 62.3429 62.3429 62.3429 62.3429 62.3429 62.3429 62.3429 62.3429 62.3429 62.3429 
1 1 1 1 1 1 1 1 1 1 1 1 
item 4
52.0073 98.9531 51.6177 114.498 31.9033 101.108 50.7869 124.905 31.0054 139.18 45.7847 68.5154 
76.0485 76.0485 76.0485 76.0485 76.0485 76.0485 76.0485 76.0485 76.0485 76.0485 76.0485 76.0485 
1 1 1 1 1 1 1 1 1 1 1 1 
