12 5 
130.565 130.565 130.565 130.565 130.565 130.565 130.565 130.565 130.565 130.565 130.565 130.565 
item 0
32.6912 0 16.244 100.845 64.9104 0 41.4935 0 51.4928 0 40.5672 94.769 
60.6023 60.6023 60.6023 60.6023 60.6023 60.6023 60.6023 60.6023 60.6023 60.6023 60.6023 60.6023 
1 1 1 1 1 1 1 1 1 1 1 1 
item 1
57.7384 0 41.5455 67.4692 52.7576 0 0 90.6986 0 0 36.4569 0 
56.099 56.099 56.099 56.099 56.099 56.099 56.099 56.099 56.099 56.099 56.099 56.099 
1 1 1 1 1 1 1 1 1 1 1 1 
item 2
44.5971 0 0 77.1766 33.5291 0 0 117.828 102.992 104.348 0 79.981 
18.8179 18.8179 18.8179 18.8179 18.8179 18.8179 18.8179 18.8179 18.8179 18.8179 18.8179 18.8179 
1 1 1 1 1 1 1 1 1 1 1 1 
item 3
62.8614 136.492 0 134.723 48.158 0 0 0 0 0 0 0 
48.1246 48.1246 48.1246 48.1246 48.1246 48.1246 48.1246 48.1246 48.1246 48.1246 48.1246 48.1246 
1 1 1 1 1 1 1 1 1 1 1 1 
item 4
20.0103 142.447 67.9239 0 0 0 58.6973 63.9917 0 0 0 131.911 
69.0452 69.0452 69.0452 69.0452 69.0452 69.0452 69.0452 69.0452 69.0452 69.0452 69.0452 69.0452 
1 1 1 1 1 1 1 1 1 1 1 1 
