6 40 
138.211 138.211 138.211 138.211 138.211 138.211 
item 0
83.388 94.574 60.4036 123.314 51.568 97.3441 
40.7467 40.7467 40.7467 40.7467 40.7467 40.7467 
1 1 1 1 1 1 
item 1
70.1852 148.011 37.8741 113.783 80.7381 95.8902 
52.7102 52.7102 52.7102 52.7102 52.7102 52.7102 
1 1 1 1 1 1 
item 2
43.0044 106.907 51.7673 156.549 58.3635 124.435 
51.8077 51.8077 51.8077 51.8077 51.8077 51.8077 
1 1 1 1 1 1 
item 3
73.9115 89.5529 38.8502 125.651 48.0039 87.3199 
51.1541 51.1541 51.1541 51.1541 51.1541 51.1541 
1 1 1 1 1 1 
item 4
70.4335 83.6129 39.0931 73.3364 31.2965 71.0302 
69.1996 69.1996 69.1996 69.1996 69.1996 69.1996 
1 1 1 1 1 1 
item 5
64.3948 96.4169 74.9499 120.982 48.1112 86.2188 
64.9225 64.9225 64.9225 64.9225 64.9225 64.9225 
1 1 1 1 1 1 
item 6
19.1816 134.975 32.5817 59.4122 77.4072 114.784 
82.782 82.782 82.782 82.782 82.782 82.782 
1 1 1 1 1 1 
item 7
44.7084 118.401 85.1595 102.781 58.2064 116.563 
52.4395 52.4395 52.4395 52.4395 52.4395 52.4395 
1 1 1 1 1 1 
item 8
41.1475 111.097 57.338 103.081 40.3365 78.0152 
60.5394 60.5394 60.5394 60.5394 60.5394 60.5394 
1 1 1 1 1 1 
item 9
53.9128 116.156 38.4572 84.2843 35.6408 94.9868 
67.1357 67.1357 67.1357 67.1357 67.1357 67.1357 
1 1 1 1 1 1 
item 10
55.6477 114.66 59.7697 92.5306 63.8703 67.7106 
62.0653 62.0653 62.0653 62.0653 62.0653 62.0653 
1 1 1 1 1 1 
item 11
61.2753 96.3785 49.0617 73.3894 94.0655 93.39 
63.3927 63.3927 63.3927 63.3927 63.3927 63.3927 
1 1 1 1 1 1 
item 12
50.2605 89.2679 69.6274 93.3237 46.2581 103.184 
13.1931 13.1931 13.1931 13.1931 13.1931 13.1931 
1 1 1 1 1 1 
item 13
42.0612 78.7416 8.86316 119.2 38.8809 120.947 
77.1637 77.1637 77.1637 77.1637 77.1637 77.1637 
1 1 1 1 1 1 
item 14
50.7231 62.0862 38.1396 104.37 83.5719 98.8251 
46.1919 46.1919 46.1919 46.1919 46.1919 46.1919 
1 1 1 1 1 1 
item 15
58.415 151.536 34.0427 99.6296 32.0997 89.4559 
59.1147 59.1147 59.1147 59.1147 59.1147 59.1147 
1 1 1 1 1 1 
item 16
1.42274 99.9809 56.8814 140.88 28.995 109.495 
68.5779 68.5779 68.5779 68.5779 68.5779 68.5779 
1 1 1 1 1 1 
item 17
38.5417 93.1034 79.7994 76.3816 57.3031 70.6234 
106.415 106.415 106.415 106.415 106.415 106.415 
1 1 1 1 1 1 
item 18
51.8119 91.0181 36.8516 72.9765 34.3739 63.4632 
57.2385 57.2385 57.2385 57.2385 57.2385 57.2385 
1 1 1 1 1 1 
item 19
40.0582 106.819 48.0505 85.3275 60.1033 94.3084 
80.926 80.926 80.926 80.926 80.926 80.926 
1 1 1 1 1 1 
item 20
48.3874 93.128 12.18 123.82 71.6219 70.7289 
67.9978 67.9978 67.9978 67.9978 67.9978 67.9978 
1 1 1 1 1 1 
item 21
36.658 43.5416 57.7117 70.1695 43.5044 114.076 
63.6555 63.6555 63.6555 63.6555 63.6555 63.6555 
1 1 1 1 1 1 
item 22
4.13195 107.737 45.1993 98.0199 49.9798 87.1129 
60.1327 60.1327 60.1327 60.1327 60.1327 60.1327 
1 1 1 1 1 1 
item 23
65.6456 91.3276 41.2701 114.659 38.7106 115.968 
37.9285 37.9285 37.9285 37.9285 37.9285 37.9285 
1 1 1 1 1 1 
item 24
52.0438 67.6042 37.0432 103.177 41.1817 119.212 
51.3783 51.3783 51.3783 51.3783 51.3783 51.3783 
1 1 1 1 1 1 
item 25
28.309 98.6701 42.8369 93.4675 60.7907 76.6448 
62.6374 62.6374 62.6374 62.6374 62.6374 62.6374 
1 1 1 1 1 1 
item 26
65.1543 92.229 60.2296 130.757 32.6582 131.745 
58.4912 58.4912 58.4912 58.4912 58.4912 58.4912 
1 1 1 1 1 1 
item 27
75.9051 103.394 28.3776 136.329 87.8952 89.0485 
65.9449 65.9449 65.9449 65.9449 65.9449 65.9449 
1 1 1 1 1 1 
item 28
60.7336 145.464 12.7765 92.0007 41.187 120.708 
18.625 18.625 18.625 18.625 18.625 18.625 
1 1 1 1 1 1 
item 29
56.7484 84.1062 37.23 96.4095 44.7139 117.627 
83.8259 83.8259 83.8259 83.8259 83.8259 83.8259 
1 1 1 1 1 1 
item 30
38.7594 79.8441 42.0467 141.45 15.2957 83.7551 
41.4329 41.4329 41.4329 41.4329 41.4329 41.4329 
1 1 1 1 1 1 
item 31
18.1101 90.0738 72.204 131.862 79.8603 117.255 
49.4039 49.4039 49.4039 49.4039 49.4039 49.4039 
1 1 1 1 1 1 
item 32
68.1307 80.427 46.1038 87.1816 68.3306 106.056 
49.821 49.821 49.821 49.821 49.821 49.821 
1 1 1 1 1 1 
item 33
41.6738 111.966 24.6318 109.612 56.1917 94.24 
49.2322 49.2322 49.2322 49.2322 49.2322 49.2322 
1 1 1 1 1 1 
item 34
34.1125 80.7371 39.8602 139.064 49.1462 94.7239 
49.6701 49.6701 49.6701 49.6701 49.6701 49.6701 
1 1 1 1 1 1 
item 35
29.8263 74.3364 86.1563 127.305 32.1889 111.969 
31.6926 31.6926 31.6926 31.6926 31.6926 31.6926 
1 1 1 1 1 1 
item 36
12.3074 94.9093 61.9884 109.383 73.3746 92.2073 
57.3158 57.3158 57.3158 57.3158 57.3158 57.3158 
1 1 1 1 1 1 
item 37
59.879 106.568 91.2928 72.0961 52.5165 102.858 
63.7039 63.7039 63.7039 63.7039 63.7039 63.7039 
1 1 1 1 1 1 
item 38
69.5875 59.981 38.6302 116.23 77.0317 114.433 
49.1271 49.1271 49.1271 49.1271 49.1271 49.1271 
1 1 1 1 1 1 
item 39
31.5671 105.99 36.291 118.335 45.2129 122.409 
99.5158 99.5158 99.5158 99.5158 99.5158 99.5158 
1 1 1 1 1 1 
