6 20 
173.885 173.885 173.885 173.885 173.885 173.885 
item 0
76.0928 121.5 60.3523 0 0 114.765 
71.7877 71.7877 71.7877 71.7877 71.7877 71.7877 
1 1 1 1 1 1 
item 1
73.152 123.814 0 0 67.6351 96.9993 
68.2013 68.2013 68.2013 68.2013 68.2013 68.2013 
1 1 1 1 1 1 
item 2
50.1551 87.6594 31.9245 0 94.191 0 
53.7253 53.7253 53.7253 53.7253 53.7253 53.7253 
1 1 1 1 1 1 
item 3
64.9558 0 0 105.21 0 82.6989 
57.3314 57.3314 57.3314 57.3314 57.3314 57.3314 
1 1 1 1 1 1 
item 4
52.7582 0 0 101.269 91.0412 0 
39.0409 39.0409 39.0409 39.0409 39.0409 39.0409 
1 1 1 1 1 1 
item 5
96.6058 106.253 0 0 0 112.208 
68.8325 68.8325 68.8325 68.8325 68.8325 68.8325 
1 1 1 1 1 1 
item 6
70.1684 119.974 20.13 85.605 0 0 
66.6695 66.6695 66.6695 66.6695 66.6695 66.6695 
1 1 1 1 1 1 
item 7
89.2439 0 56.0289 0 0 0 
49.4206 49.4206 49.4206 49.4206 49.4206 49.4206 
1 1 1 1 1 1 
item 8
31.2475 124.874 76.5787 0 0 0 
42.0657 42.0657 42.0657 42.0657 42.0657 42.0657 
1 1 1 1 1 1 
item 9
37.5195 0 0 97.683 38.3065 81.2236 
28.0336 28.0336 28.0336 28.0336 28.0336 28.0336 
1 1 1 1 1 1 
item 10
38.348 0 62.3724 0 35.1292 0 
61.4745 61.4745 61.4745 61.4745 61.4745 61.4745 
1 1 1 1 1 1 
item 11
50.7183 107.991 0 0 0 109.838 
86.5348 86.5348 86.5348 86.5348 86.5348 86.5348 
1 1 1 1 1 1 
item 12
58.9996 57.8868 68.8688 0 0 108.363 
71.7863 71.7863 71.7863 71.7863 71.7863 71.7863 
1 1 1 1 1 1 
item 13
51.9906 61.434 0 83.8105 0 126.683 
54.0171 54.0171 54.0171 54.0171 54.0171 54.0171 
1 1 1 1 1 1 
item 14
48.4261 101.11 43.3064 116.587 0 46.0669 
78.383 78.383 78.383 78.383 78.383 78.383 
1 1 1 1 1 1 
item 15
55.0657 0 17.3959 0 0 108.215 
33.4757 33.4757 33.4757 33.4757 33.4757 33.4757 
1 1 1 1 1 1 
item 16
69.5238 0 0 65.2109 56.3544 104.526 
86.8224 86.8224 86.8224 86.8224 86.8224 86.8224 
1 1 1 1 1 1 
item 17
48.3238 0 28.5505 0 0 0 
58.6338 58.6338 58.6338 58.6338 58.6338 58.6338 
1 1 1 1 1 1 
item 18
72.7237 122.277 75.9818 100.46 26.0896 0 
51.2143 51.2143 51.2143 51.2143 51.2143 51.2143 
1 1 1 1 1 1 
item 19
25.3626 103.628 31.8649 0 52.344 0 
82.5577 82.5577 82.5577 82.5577 82.5577 82.5577 
1 1 1 1 1 1 
