18 40 
982.992 982.992 982.992 982.992 982.992 982.992 982.992 982.992 982.992 982.992 982.992 982.992 982.992 982.992 982.992 982.992 982.992 982.992 
item 0
43.0615 112.924 62.2433 81.7205 20.5934 103.639 53.7917 110.825 37.5097 116.237 44.606 72.876 70.15 133.332 99.6014 61.5497 18.0436 87.9896 
78.2936 78.2936 78.2936 78.2936 78.2936 78.2936 78.2936 78.2936 78.2936 78.2936 78.2936 78.2936 78.2936 78.2936 78.2936 78.2936 78.2936 78.2936 
1 1 1 1 1 1 1 1 1 1 1 1 1 1 1 1 1 1 
item 1
37.1954 84.2783 37.462 98.9044 32.1613 94.7725 46.3842 95.893 51.9752 130.919 64.9744 137.109 39.5453 138.083 57.0064 125.063 109.258 75.5662 
79.5069 79.5069 79.5069 79.5069 79.5069 79.5069 79.5069 79.5069 79.5069 79.5069 79.5069 79.5069 79.5069 79.5069 79.5069 79.5069 79.5069 79.5069 
1 1 1 1 1 1 1 1 1 1 1 1 1 1 1 1 1 1 
item 2
59.1499 76.6099 22.7574 92.0908 57.7076 121.398 61.1063 96.2312 26.0484 52.7968 89.2493 124.782 29.6993 85.6557 51.5463 89.6018 42.7228 93.9831 
56.342 56.342 56.342 56.342 56.342 56.342 56.342 56.342 56.342 56.342 56.342 56.342 56.342 56.342 56.342 56.342 56.342 56.342 
1 1 1 1 1 1 1 1 1 1 1 1 1 1 1 1 1 1 
item 3
43.3655 102.421 37.4336 109.891 48.2759 113.603 28.2556 83.0713 0 118.071 46.65 88.1996 31.8368 85.4381 76.7626 102.326 33.0231 122.126 
37.1534 37.1534 37.1534 37.1534 37.1534 37.1534 37.1534 37.1534 37.1534 37.1534 37.1534 37.1534 37.1534 37.1534 37.1534 37.1534 37.1534 37.1534 
1 1 1 1 1 1 1 1 1 1 1 1 1 1 1 1 1 1 
item 4
53.0854 90.2279 59.2651 83.5684 34.2833 141.224 37.8084 92.4492 0 127.883 28.7757 109.864 56.5149 139.121 30.5159 105.512 56.4991 89.2182 
85.4775 85.4775 85.4775 85.4775 85.4775 85.4775 85.4775 85.4775 85.4775 85.4775 85.4775 85.4775 85.4775 85.4775 85.4775 85.4775 85.4775 85.4775 
1 1 1 1 1 1 1 1 1 1 1 1 1 1 1 1 1 1 
item 5
84.1957 86.0354 37.6213 113.502 42.7719 115.779 72.7734 129.748 64.2781 104.725 52.2539 102.611 27.1359 79.7655 45.4234 99.9425 64.2037 128.52 
58.4309 58.4309 58.4309 58.4309 58.4309 58.4309 58.4309 58.4309 58.4309 58.4309 58.4309 58.4309 58.4309 58.4309 58.4309 58.4309 58.4309 58.4309 
1 1 1 1 1 1 1 1 1 1 1 1 1 1 1 1 1 1 
item 6
49.4375 106.852 38.5092 80.2576 60.424 102.664 63.8234 89.7614 36.3188 110.026 21.9774 96.9273 73.5901 121.187 59.6753 112.905 68.3964 120.899 
51.7524 51.7524 51.7524 51.7524 51.7524 51.7524 51.7524 51.7524 51.7524 51.7524 51.7524 51.7524 51.7524 51.7524 51.7524 51.7524 51.7524 51.7524 
1 1 1 1 1 1 1 1 1 1 1 1 1 1 1 1 1 1 
item 7
47.9164 116.79 36.3445 113.342 46.1854 97.9282 90.7255 88.8848 51.3827 102.956 39.1967 114.593 43.2585 100.954 51.1212 133.375 42.2593 68.4022 
41.4977 41.4977 41.4977 41.4977 41.4977 41.4977 41.4977 41.4977 41.4977 41.4977 41.4977 41.4977 41.4977 41.4977 41.4977 41.4977 41.4977 41.4977 
1 1 1 1 1 1 1 1 1 1 1 1 1 1 1 1 1 1 
item 8
78.605 68.8094 34.0231 100.761 49.9742 102.394 34.9225 109.255 63.0658 116.675 54.517 110.463 24.8175 97.053 45.5665 81.4702 50.214 112.023 
43.3547 43.3547 43.3547 43.3547 43.3547 43.3547 43.3547 43.3547 43.3547 43.3547 43.3547 43.3547 43.3547 43.3547 43.3547 43.3547 43.3547 43.3547 
1 1 1 1 1 1 1 1 1 1 1 1 1 1 1 1 1 1 
item 9
48.1337 106.026 75.7121 92.2001 59.4465 103.919 52.8295 107.305 65.5155 79.0303 54.1032 114.417 77.1552 88.9882 77.8808 123.062 49.2504 118.802 
61.6304 61.6304 61.6304 61.6304 61.6304 61.6304 61.6304 61.6304 61.6304 61.6304 61.6304 61.6304 61.6304 61.6304 61.6304 61.6304 61.6304 61.6304 
1 1 1 1 1 1 1 1 1 1 1 1 1 1 1 1 1 1 
item 10
45.1011 65.4738 34.8434 149.898 57.7634 96.1257 22.7643 84.4859 58.3744 91.1041 51.8767 135.57 40.2926 99.3896 53.0878 73.1173 70.008 102.189 
62.9138 62.9138 62.9138 62.9138 62.9138 62.9138 62.9138 62.9138 62.9138 62.9138 62.9138 62.9138 62.9138 62.9138 62.9138 62.9138 62.9138 62.9138 
1 1 1 1 1 1 1 1 1 1 1 1 1 1 1 1 1 1 
item 11
25.5113 95.1616 50.9245 129.442 35.2055 83.1345 45.3496 81.933 39.1361 92.3854 68.056 105.944 29.4868 97.372 64.5518 83.0487 64.8887 73.0116 
45.9802 45.9802 45.9802 45.9802 45.9802 45.9802 45.9802 45.9802 45.9802 45.9802 45.9802 45.9802 45.9802 45.9802 45.9802 45.9802 45.9802 45.9802 
1 1 1 1 1 1 1 1 1 1 1 1 1 1 1 1 1 1 
item 12
73.3034 67.002 56.9459 113.852 71.0026 103.55 42.9923 101.604 73.5144 101.436 71.4639 98.0072 77.3431 81.1856 60.869 84.7003 32.0873 62.9737 
58.8633 58.8633 58.8633 58.8633 58.8633 58.8633 58.8633 58.8633 58.8633 58.8633 58.8633 58.8633 58.8633 58.8633 58.8633 58.8633 58.8633 58.8633 
1 1 1 1 1 1 1 1 1 1 1 1 1 1 1 1 1 1 
item 13
69.7812 131.916 45.4747 109.863 44.0728 101.072 19.4345 121.515 54.9715 82.8009 71.107 122.383 32.0482 67.1162 79.7207 105.419 35.8997 79.7906 
69.1531 69.1531 69.1531 69.1531 69.1531 69.1531 69.1531 69.1531 69.1531 69.1531 69.1531 69.1531 69.1531 69.1531 69.1531 69.1531 69.1531 69.1531 
1 1 1 1 1 1 1 1 1 1 1 1 1 1 1 1 1 1 
item 14
72.6453 118.927 78.2877 102.744 57.6916 77.7395 67.7493 94.8879 12.9948 81.9313 70.3307 90.6245 63.2443 110.664 42.1311 110.133 70.4193 91.375 
56.6221 56.6221 56.6221 56.6221 56.6221 56.6221 56.6221 56.6221 56.6221 56.6221 56.6221 56.6221 56.6221 56.6221 56.6221 56.6221 56.6221 56.6221 
1 1 1 1 1 1 1 1 1 1 1 1 1 1 1 1 1 1 
item 15
50.1114 114.36 66.6045 84.607 99.455 95.3711 51.2805 97.2325 59.3669 102.816 76.6993 86.7296 53.1064 52.6117 38.6756 99.9156 78.8637 103.242 
71.9428 71.9428 71.9428 71.9428 71.9428 71.9428 71.9428 71.9428 71.9428 71.9428 71.9428 71.9428 71.9428 71.9428 71.9428 71.9428 71.9428 71.9428 
1 1 1 1 1 1 1 1 1 1 1 1 1 1 1 1 1 1 
item 16
24.097 113.68 54.5146 117.136 53.3001 108.965 62.0423 115.723 32.3843 57.8372 70.9499 96.0896 52.4331 70.6209 35.3541 97.1492 42.7889 100.968 
76.4375 76.4375 76.4375 76.4375 76.4375 76.4375 76.4375 76.4375 76.4375 76.4375 76.4375 76.4375 76.4375 76.4375 76.4375 76.4375 76.4375 76.4375 
1 1 1 1 1 1 1 1 1 1 1 1 1 1 1 1 1 1 
item 17
24.0149 119.558 70.7153 97.1913 14.7436 101.162 63.7096 126.043 38.5363 119.425 101.402 110.778 73.5765 83.5418 75.6713 104.102 76.2345 89.2923 
79.2797 79.2797 79.2797 79.2797 79.2797 79.2797 79.2797 79.2797 79.2797 79.2797 79.2797 79.2797 79.2797 79.2797 79.2797 79.2797 79.2797 79.2797 
1 1 1 1 1 1 1 1 1 1 1 1 1 1 1 1 1 1 
item 18
55.4142 111.733 43.4809 81.1304 28.992 61.9351 89.2552 105.158 0 124.313 20.0038 100.575 72.5556 108.873 46.3923 77.623 47.7061 65.1396 
48.4989 48.4989 48.4989 48.4989 48.4989 48.4989 48.4989 48.4989 48.4989 48.4989 48.4989 48.4989 48.4989 48.4989 48.4989 48.4989 48.4989 48.4989 
1 1 1 1 1 1 1 1 1 1 1 1 1 1 1 1 1 1 
item 19
50.1517 115.307 56.4853 87.0926 54.8965 73.4756 65.3926 142.229 55.1028 95.463 18.7383 120.754 37.989 89.1299 56.3544 141.558 30.9182 104.339 
78.9739 78.9739 78.9739 78.9739 78.9739 78.9739 78.9739 78.9739 78.9739 78.9739 78.9739 78.9739 78.9739 78.9739 78.9739 78.9739 78.9739 78.9739 
1 1 1 1 1 1 1 1 1 1 1 1 1 1 1 1 1 1 
item 20
34.7195 76.3413 47.8157 124.534 48.1271 112.411 51.4043 83.1172 63.8947 115.836 61.0526 99.2371 38.4356 96.2333 22.1726 91.9583 65.6 79.1002 
56.7721 56.7721 56.7721 56.7721 56.7721 56.7721 56.7721 56.7721 56.7721 56.7721 56.7721 56.7721 56.7721 56.7721 56.7721 56.7721 56.7721 56.7721 
1 1 1 1 1 1 1 1 1 1 1 1 1 1 1 1 1 1 
item 21
37.2018 79.7907 44.6771 91.507 27.1045 92.6065 21.1313 90.3147 53.4207 84.4552 54.6719 133.527 69.9244 118.485 22.3537 118.142 66.6661 101.414 
60.999 60.999 60.999 60.999 60.999 60.999 60.999 60.999 60.999 60.999 60.999 60.999 60.999 60.999 60.999 60.999 60.999 60.999 
1 1 1 1 1 1 1 1 1 1 1 1 1 1 1 1 1 1 
item 22
47.6997 104.203 29.6507 163.928 45.4097 77.2225 48.6868 92.0212 65.1193 94.8598 91.5081 79.2208 38.6509 100.078 29.1831 76.071 43.9492 93.8685 
71.6542 71.6542 71.6542 71.6542 71.6542 71.6542 71.6542 71.6542 71.6542 71.6542 71.6542 71.6542 71.6542 71.6542 71.6542 71.6542 71.6542 71.6542 
1 1 1 1 1 1 1 1 1 1 1 1 1 1 1 1 1 1 
item 23
69.3319 108.616 32.3539 79.3644 83.0233 89.3098 30.3849 116.67 53.4009 110.308 38.2685 73.3925 76.9194 97.4386 74.3449 115.761 33.2844 101.303 
54.1064 54.1064 54.1064 54.1064 54.1064 54.1064 54.1064 54.1064 54.1064 54.1064 54.1064 54.1064 54.1064 54.1064 54.1064 54.1064 54.1064 54.1064 
1 1 1 1 1 1 1 1 1 1 1 1 1 1 1 1 1 1 
item 24
50.8611 85.9585 46.6441 72.1624 32.0265 137.127 89.7696 117.208 66.0072 108.022 57.0604 56.0602 19.0184 107.783 21.4214 105.375 56.0889 87.2087 
86.1321 86.1321 86.1321 86.1321 86.1321 86.1321 86.1321 86.1321 86.1321 86.1321 86.1321 86.1321 86.1321 86.1321 86.1321 86.1321 86.1321 86.1321 
1 1 1 1 1 1 1 1 1 1 1 1 1 1 1 1 1 1 
item 25
39.4339 85.1955 69.5452 109.68 71.0263 99.0788 31.4303 129.673 41.3628 81.6261 30.3859 114.942 94.9291 93.4531 87.4586 89.2769 30.1465 114.566 
65.8579 65.8579 65.8579 65.8579 65.8579 65.8579 65.8579 65.8579 65.8579 65.8579 65.8579 65.8579 65.8579 65.8579 65.8579 65.8579 65.8579 65.8579 
1 1 1 1 1 1 1 1 1 1 1 1 1 1 1 1 1 1 
item 26
43.8998 112.06 62.2423 110.795 109.769 96.7962 44.0206 117.908 59.7153 92.9853 21.7307 108.661 31.3948 102.653 34.95 68.7477 75.9092 94.9419 
6.2748 6.2748 6.2748 6.2748 6.2748 6.2748 6.2748 6.2748 6.2748 6.2748 6.2748 6.2748 6.2748 6.2748 6.2748 6.2748 6.2748 6.2748 
1 1 1 1 1 1 1 1 1 1 1 1 1 1 1 1 1 1 
item 27
15.4634 76.5344 46.0069 123.628 15.7225 117.085 46.7245 86.504 31.4694 77.9886 24.7915 48.2267 34.8076 75.5612 27.9236 115.786 27.2366 135.089 
74.2546 74.2546 74.2546 74.2546 74.2546 74.2546 74.2546 74.2546 74.2546 74.2546 74.2546 74.2546 74.2546 74.2546 74.2546 74.2546 74.2546 74.2546 
1 1 1 1 1 1 1 1 1 1 1 1 1 1 1 1 1 1 
item 28
87.0459 122.075 28.5387 79.4765 32.2578 77.9373 26.084 76.802 69.6679 104.086 81.6584 100.027 54.3557 89.0514 59.8879 80.6061 81.9708 128.631 
41.0298 41.0298 41.0298 41.0298 41.0298 41.0298 41.0298 41.0298 41.0298 41.0298 41.0298 41.0298 41.0298 41.0298 41.0298 41.0298 41.0298 41.0298 
1 1 1 1 1 1 1 1 1 1 1 1 1 1 1 1 1 1 
item 29
40.8899 122.136 71.8185 85.5896 52.8152 94.4032 28.3647 156.89 67.0659 141.214 17.0965 88.2689 20.0298 103.767 26.0998 94.0344 39.9706 94.246 
65.5414 65.5414 65.5414 65.5414 65.5414 65.5414 65.5414 65.5414 65.5414 65.5414 65.5414 65.5414 65.5414 65.5414 65.5414 65.5414 65.5414 65.5414 
1 1 1 1 1 1 1 1 1 1 1 1 1 1 1 1 1 1 
item 30
71.1185 101.992 58.8118 109.73 40.5438 63.5282 50.0578 116.603 8.49221 112.745 60.4179 111.918 28.6071 55.7331 64.929 121.081 74.6514 125.986 
70.3911 70.3911 70.3911 70.3911 70.3911 70.3911 70.3911 70.3911 70.3911 70.3911 70.3911 70.3911 70.3911 70.3911 70.3911 70.3911 70.3911 70.3911 
1 1 1 1 1 1 1 1 1 1 1 1 1 1 1 1 1 1 
item 31
53.9416 102.284 30.8133 88.6597 23.4471 88.2599 87.5309 100.566 35.5971 151.29 20.4615 98.1905 28.644 93.2889 45.8397 130.119 61.5175 100.978 
52.8338 52.8338 52.8338 52.8338 52.8338 52.8338 52.8338 52.8338 52.8338 52.8338 52.8338 52.8338 52.8338 52.8338 52.8338 52.8338 52.8338 52.8338 
1 1 1 1 1 1 1 1 1 1 1 1 1 1 1 1 1 1 
item 32
42.2364 98.0064 47.3112 90.3323 10.2478 121.179 41.3783 110.057 46.6046 98.8246 42.8343 109.951 62.9564 97.4202 84.5585 83.2344 49.2264 92.1131 
53.1772 53.1772 53.1772 53.1772 53.1772 53.1772 53.1772 53.1772 53.1772 53.1772 53.1772 53.1772 53.1772 53.1772 53.1772 53.1772 53.1772 53.1772 
1 1 1 1 1 1 1 1 1 1 1 1 1 1 1 1 1 1 
item 33
39.7348 107.259 61.4953 102.783 32.2914 81.839 66.7034 92.8171 51.8013 98.3039 74.7798 102.585 72.7348 80.3697 70.6358 84.0191 71.1306 109.162 
87.5835 87.5835 87.5835 87.5835 87.5835 87.5835 87.5835 87.5835 87.5835 87.5835 87.5835 87.5835 87.5835 87.5835 87.5835 87.5835 87.5835 87.5835 
1 1 1 1 1 1 1 1 1 1 1 1 1 1 1 1 1 1 
item 34
11.1565 92.2148 45.9352 75.3235 31.9094 93.347 74.8279 65.0317 54.0687 86.2363 62.3342 113.46 31.9503 118.627 79.1348 131.305 57.0426 93.2561 
67.5273 67.5273 67.5273 67.5273 67.5273 67.5273 67.5273 67.5273 67.5273 67.5273 67.5273 67.5273 67.5273 67.5273 67.5273 67.5273 67.5273 67.5273 
1 1 1 1 1 1 1 1 1 1 1 1 1 1 1 1 1 1 
item 35
34.8034 103.867 118.779 129.018 43.7053 71.1055 15.4618 146.693 73.3104 117.555 18.31 87.3096 68.8437 85.6545 79.0459 74.7563 23.0849 134.512 
70.4005 70.4005 70.4005 70.4005 70.4005 70.4005 70.4005 70.4005 70.4005 70.4005 70.4005 70.4005 70.4005 70.4005 70.4005 70.4005 70.4005 70.4005 
1 1 1 1 1 1 1 1 1 1 1 1 1 1 1 1 1 1 
item 36
57.8614 92.1164 84.8724 62.9768 39.1476 73.9837 41.9296 98.5724 29.1962 105.546 37.937 57.0214 46.1006 104.21 39.5486 105.989 72.2435 113.44 
19.0754 19.0754 19.0754 19.0754 19.0754 19.0754 19.0754 19.0754 19.0754 19.0754 19.0754 19.0754 19.0754 19.0754 19.0754 19.0754 19.0754 19.0754 
1 1 1 1 1 1 1 1 1 1 1 1 1 1 1 1 1 1 
item 37
72.4593 100.646 52.4431 111.701 84.4852 115.781 49.6399 94.5701 37.8876 131.475 23.2499 131.496 28.109 129.265 32.133 89.596 77.5913 90.2023 
58.6162 58.6162 58.6162 58.6162 58.6162 58.6162 58.6162 58.6162 58.6162 58.6162 58.6162 58.6162 58.6162 58.6162 58.6162 58.6162 58.6162 58.6162 
1 1 1 1 1 1 1 1 1 1 1 1 1 1 1 1 1 1 
item 38
89.2115 96.511 55.964 95.9914 36.2296 73.0062 61.0366 111.432 47.3751 83.8938 59.3465 102.65 26.5146 52.0451 21.3212 107.812 22.5715 63.4308 
42.5904 42.5904 42.5904 42.5904 42.5904 42.5904 42.5904 42.5904 42.5904 42.5904 42.5904 42.5904 42.5904 42.5904 42.5904 42.5904 42.5904 42.5904 
1 1 1 1 1 1 1 1 1 1 1 1 1 1 1 1 1 1 
item 39
18.0783 75.3285 55.4162 104.829 67.1252 88.0262 40.9461 119.873 69.3697 118.078 56.8482 107.034 46.3684 109.797 79.1679 71.1548 62.9583 119.904 
36.9949 36.9949 36.9949 36.9949 36.9949 36.9949 36.9949 36.9949 36.9949 36.9949 36.9949 36.9949 36.9949 36.9949 36.9949 36.9949 36.9949 36.9949 
1 1 1 1 1 1 1 1 1 1 1 1 1 1 1 1 1 1 
