6 40 
-6.27744e+66 51.8736 167.909 255.749 497.117 497.117 497.117 
-6.27744e+66 -6.27744e+66 51.8736 95.7934 256.706 256.706 256.706 
-6.27744e+66 -6.27744e+66 -6.27744e+66 51.8736 132.33 132.33 132.33 
-6.27744e+66 -6.27744e+66 -6.27744e+66 -6.27744e+66 51.8736 51.8736 51.8736 
-6.27744e+66 -6.27744e+66 -6.27744e+66 -6.27744e+66 -6.27744e+66 51.8736 51.8736 
-6.27744e+66 -6.27744e+66 -6.27744e+66 -6.27744e+66 -6.27744e+66 -6.27744e+66 51.8736 
-6.27744e+66 -6.27744e+66 -6.27744e+66 -6.27744e+66 -6.27744e+66 -6.27744e+66 -6.27744e+66 
-6.27744e+66 76.759 184.175 184.175 499.373 499.373 909.991 
-6.27744e+66 -6.27744e+66 76.759 76.759 286.892 286.892 615.386 
-6.27744e+66 -6.27744e+66 -6.27744e+66 76.759 181.825 181.825 428.196 
-6.27744e+66 -6.27744e+66 -6.27744e+66 -6.27744e+66 76.759 76.759 241.006 
-6.27744e+66 -6.27744e+66 -6.27744e+66 -6.27744e+66 -6.27744e+66 76.759 158.883 
-6.27744e+66 -6.27744e+66 -6.27744e+66 -6.27744e+66 -6.27744e+66 -6.27744e+66 76.759 
-6.27744e+66 -6.27744e+66 -6.27744e+66 -6.27744e+66 -6.27744e+66 -6.27744e+66 -6.27744e+66 
-6.27744e+66 48.8573 155.777 155.777 155.777 155.777 595.803 
-6.27744e+66 -6.27744e+66 48.8573 48.8573 48.8573 48.8573 400.878 
-6.27744e+66 -6.27744e+66 -6.27744e+66 48.8573 48.8573 48.8573 312.873 
-6.27744e+66 -6.27744e+66 -6.27744e+66 -6.27744e+66 48.8573 48.8573 224.867 
-6.27744e+66 -6.27744e+66 -6.27744e+66 -6.27744e+66 -6.27744e+66 48.8573 136.862 
-6.27744e+66 -6.27744e+66 -6.27744e+66 -6.27744e+66 -6.27744e+66 -6.27744e+66 48.8573 
-6.27744e+66 -6.27744e+66 -6.27744e+66 -6.27744e+66 -6.27744e+66 -6.27744e+66 -6.27744e+66 
-6.27744e+66 50.5343 152.158 152.158 152.158 468.493 1068.54 
-6.27744e+66 -6.27744e+66 50.5343 50.5343 50.5343 287.785 767.826 
-6.27744e+66 -6.27744e+66 -6.27744e+66 50.5343 50.5343 208.702 568.732 
-6.27744e+66 -6.27744e+66 -6.27744e+66 -6.27744e+66 50.5343 129.618 369.638 
-6.27744e+66 -6.27744e+66 -6.27744e+66 -6.27744e+66 -6.27744e+66 50.5343 170.544 
-6.27744e+66 -6.27744e+66 -6.27744e+66 -6.27744e+66 -6.27744e+66 -6.27744e+66 50.5343 
-6.27744e+66 -6.27744e+66 -6.27744e+66 -6.27744e+66 -6.27744e+66 -6.27744e+66 -6.27744e+66 
-6.27744e+66 61.8561 61.8561 170.521 170.521 170.521 170.521 
-6.27744e+66 -6.27744e+66 61.8561 116.188 116.188 116.188 116.188 
-6.27744e+66 -6.27744e+66 -6.27744e+66 61.8561 61.8561 61.8561 61.8561 
-6.27744e+66 -6.27744e+66 -6.27744e+66 -6.27744e+66 61.8561 61.8561 61.8561 
-6.27744e+66 -6.27744e+66 -6.27744e+66 -6.27744e+66 -6.27744e+66 61.8561 61.8561 
-6.27744e+66 -6.27744e+66 -6.27744e+66 -6.27744e+66 -6.27744e+66 -6.27744e+66 61.8561 
-6.27744e+66 -6.27744e+66 -6.27744e+66 -6.27744e+66 -6.27744e+66 -6.27744e+66 -6.27744e+66 
-6.27744e+66 69.7453 203.896 203.896 466.871 697.016 697.016 
-6.27744e+66 -6.27744e+66 69.7453 69.7453 245.062 417.67 417.67 
-6.27744e+66 -6.27744e+66 -6.27744e+66 69.7453 157.404 272.476 272.476 
-6.27744e+66 -6.27744e+66 -6.27744e+66 -6.27744e+66 69.7453 127.282 127.282 
-6.27744e+66 -6.27744e+66 -6.27744e+66 -6.27744e+66 -6.27744e+66 69.7453 69.7453 
-6.27744e+66 -6.27744e+66 -6.27744e+66 -6.27744e+66 -6.27744e+66 -6.27744e+66 69.7453 
-6.27744e+66 -6.27744e+66 -6.27744e+66 -6.27744e+66 -6.27744e+66 -6.27744e+66 -6.27744e+66 
-6.27744e+66 10.5584 118.188 118.188 118.188 289.633 289.633 
-6.27744e+66 -6.27744e+66 10.5584 10.5584 10.5584 139.142 139.142 
-6.27744e+66 -6.27744e+66 -6.27744e+66 10.5584 10.5584 96.2809 96.2809 
-6.27744e+66 -6.27744e+66 -6.27744e+66 -6.27744e+66 10.5584 53.4197 53.4197 
-6.27744e+66 -6.27744e+66 -6.27744e+66 -6.27744e+66 -6.27744e+66 10.5584 10.5584 
-6.27744e+66 -6.27744e+66 -6.27744e+66 -6.27744e+66 -6.27744e+66 -6.27744e+66 10.5584 
-6.27744e+66 -6.27744e+66 -6.27744e+66 -6.27744e+66 -6.27744e+66 -6.27744e+66 -6.27744e+66 
-6.27744e+66 32.8045 32.8045 32.8045 32.8045 32.8045 32.8045 
-6.27744e+66 -6.27744e+66 32.8045 32.8045 32.8045 32.8045 32.8045 
-6.27744e+66 -6.27744e+66 -6.27744e+66 32.8045 32.8045 32.8045 32.8045 
-6.27744e+66 -6.27744e+66 -6.27744e+66 -6.27744e+66 32.8045 32.8045 32.8045 
-6.27744e+66 -6.27744e+66 -6.27744e+66 -6.27744e+66 -6.27744e+66 32.8045 32.8045 
-6.27744e+66 -6.27744e+66 -6.27744e+66 -6.27744e+66 -6.27744e+66 -6.27744e+66 32.8045 
-6.27744e+66 -6.27744e+66 -6.27744e+66 -6.27744e+66 -6.27744e+66 -6.27744e+66 -6.27744e+66 
-6.27744e+66 92.7185 92.7185 92.7185 316.528 316.528 316.528 
-6.27744e+66 -6.27744e+66 92.7185 92.7185 241.925 241.925 241.925 
-6.27744e+66 -6.27744e+66 -6.27744e+66 92.7185 167.322 167.322 167.322 
-6.27744e+66 -6.27744e+66 -6.27744e+66 -6.27744e+66 92.7185 92.7185 92.7185 
-6.27744e+66 -6.27744e+66 -6.27744e+66 -6.27744e+66 -6.27744e+66 92.7185 92.7185 
-6.27744e+66 -6.27744e+66 -6.27744e+66 -6.27744e+66 -6.27744e+66 -6.27744e+66 92.7185 
-6.27744e+66 -6.27744e+66 -6.27744e+66 -6.27744e+66 -6.27744e+66 -6.27744e+66 -6.27744e+66 
-6.27744e+66 53.0354 53.0354 164.046 473.672 829.809 1358.3 
-6.27744e+66 -6.27744e+66 53.0354 108.541 314.958 582.061 1004.86 
-6.27744e+66 -6.27744e+66 -6.27744e+66 53.0354 156.244 334.313 651.409 
-6.27744e+66 -6.27744e+66 -6.27744e+66 -6.27744e+66 53.0354 142.07 353.467 
-6.27744e+66 -6.27744e+66 -6.27744e+66 -6.27744e+66 -6.27744e+66 53.0354 158.734 
-6.27744e+66 -6.27744e+66 -6.27744e+66 -6.27744e+66 -6.27744e+66 -6.27744e+66 53.0354 
-6.27744e+66 -6.27744e+66 -6.27744e+66 -6.27744e+66 -6.27744e+66 -6.27744e+66 -6.27744e+66 
-6.27744e+66 40.9891 136.321 136.321 136.321 171.726 472.565 
-6.27744e+66 -6.27744e+66 40.9891 40.9891 40.9891 67.5427 308.214 
-6.27744e+66 -6.27744e+66 -6.27744e+66 40.9891 40.9891 58.6915 239.195 
-6.27744e+66 -6.27744e+66 -6.27744e+66 -6.27744e+66 40.9891 49.8403 170.176 
-6.27744e+66 -6.27744e+66 -6.27744e+66 -6.27744e+66 -6.27744e+66 40.9891 101.157 
-6.27744e+66 -6.27744e+66 -6.27744e+66 -6.27744e+66 -6.27744e+66 -6.27744e+66 40.9891 
-6.27744e+66 -6.27744e+66 -6.27744e+66 -6.27744e+66 -6.27744e+66 -6.27744e+66 -6.27744e+66 
-6.27744e+66 61.5111 61.5111 61.5111 348.023 488.723 488.723 
-6.27744e+66 -6.27744e+66 61.5111 61.5111 252.519 358.044 358.044 
-6.27744e+66 -6.27744e+66 -6.27744e+66 61.5111 157.015 227.365 227.365 
-6.27744e+66 -6.27744e+66 -6.27744e+66 -6.27744e+66 61.5111 96.6862 96.6862 
-6.27744e+66 -6.27744e+66 -6.27744e+66 -6.27744e+66 -6.27744e+66 61.5111 61.5111 
-6.27744e+66 -6.27744e+66 -6.27744e+66 -6.27744e+66 -6.27744e+66 -6.27744e+66 61.5111 
-6.27744e+66 -6.27744e+66 -6.27744e+66 -6.27744e+66 -6.27744e+66 -6.27744e+66 -6.27744e+66 
-6.27744e+66 69.6752 69.6752 69.6752 323.683 323.683 323.683 
-6.27744e+66 -6.27744e+66 69.6752 69.6752 239.014 239.014 239.014 
-6.27744e+66 -6.27744e+66 -6.27744e+66 69.6752 154.345 154.345 154.345 
-6.27744e+66 -6.27744e+66 -6.27744e+66 -6.27744e+66 69.6752 69.6752 69.6752 
-6.27744e+66 -6.27744e+66 -6.27744e+66 -6.27744e+66 -6.27744e+66 69.6752 69.6752 
-6.27744e+66 -6.27744e+66 -6.27744e+66 -6.27744e+66 -6.27744e+66 -6.27744e+66 69.6752 
-6.27744e+66 -6.27744e+66 -6.27744e+66 -6.27744e+66 -6.27744e+66 -6.27744e+66 -6.27744e+66 
-6.27744e+66 54.8272 121.017 121.017 121.017 384.218 384.218 
-6.27744e+66 -6.27744e+66 54.8272 54.8272 54.8272 252.228 252.228 
-6.27744e+66 -6.27744e+66 -6.27744e+66 54.8272 54.8272 186.427 186.427 
-6.27744e+66 -6.27744e+66 -6.27744e+66 -6.27744e+66 54.8272 120.627 120.627 
-6.27744e+66 -6.27744e+66 -6.27744e+66 -6.27744e+66 -6.27744e+66 54.8272 54.8272 
-6.27744e+66 -6.27744e+66 -6.27744e+66 -6.27744e+66 -6.27744e+66 -6.27744e+66 54.8272 
-6.27744e+66 -6.27744e+66 -6.27744e+66 -6.27744e+66 -6.27744e+66 -6.27744e+66 -6.27744e+66 
-6.27744e+66 50.6938 137.886 242.961 523.801 676.924 676.924 
-6.27744e+66 -6.27744e+66 50.6938 103.231 290.458 405.3 405.3 
-6.27744e+66 -6.27744e+66 -6.27744e+66 50.6938 144.307 220.869 220.869 
-6.27744e+66 -6.27744e+66 -6.27744e+66 -6.27744e+66 50.6938 88.9745 88.9745 
-6.27744e+66 -6.27744e+66 -6.27744e+66 -6.27744e+66 -6.27744e+66 50.6938 50.6938 
-6.27744e+66 -6.27744e+66 -6.27744e+66 -6.27744e+66 -6.27744e+66 -6.27744e+66 50.6938 
-6.27744e+66 -6.27744e+66 -6.27744e+66 -6.27744e+66 -6.27744e+66 -6.27744e+66 -6.27744e+66 
-6.27744e+66 62.424 167.604 281.616 607.04 943.355 943.355 
-6.27744e+66 -6.27744e+66 62.424 119.43 336.379 588.616 588.616 
-6.27744e+66 -6.27744e+66 -6.27744e+66 62.424 170.899 339.057 339.057 
-6.27744e+66 -6.27744e+66 -6.27744e+66 -6.27744e+66 62.424 146.503 146.503 
-6.27744e+66 -6.27744e+66 -6.27744e+66 -6.27744e+66 -6.27744e+66 62.424 62.424 
-6.27744e+66 -6.27744e+66 -6.27744e+66 -6.27744e+66 -6.27744e+66 -6.27744e+66 62.424 
-6.27744e+66 -6.27744e+66 -6.27744e+66 -6.27744e+66 -6.27744e+66 -6.27744e+66 -6.27744e+66 
-6.27744e+66 40.7814 40.7814 40.7814 306.091 608.65 608.65 
-6.27744e+66 -6.27744e+66 40.7814 40.7814 217.655 444.573 444.573 
-6.27744e+66 -6.27744e+66 -6.27744e+66 40.7814 129.218 280.497 280.497 
-6.27744e+66 -6.27744e+66 -6.27744e+66 -6.27744e+66 40.7814 116.421 116.421 
-6.27744e+66 -6.27744e+66 -6.27744e+66 -6.27744e+66 -6.27744e+66 40.7814 40.7814 
-6.27744e+66 -6.27744e+66 -6.27744e+66 -6.27744e+66 -6.27744e+66 -6.27744e+66 40.7814 
-6.27744e+66 -6.27744e+66 -6.27744e+66 -6.27744e+66 -6.27744e+66 -6.27744e+66 -6.27744e+66 
-6.27744e+66 66.7403 66.7403 82.4414 82.4414 373.599 838.008 
-6.27744e+66 -6.27744e+66 66.7403 74.5909 74.5909 292.959 664.486 
-6.27744e+66 -6.27744e+66 -6.27744e+66 66.7403 66.7403 212.319 490.964 
-6.27744e+66 -6.27744e+66 -6.27744e+66 -6.27744e+66 66.7403 139.53 325.293 
-6.27744e+66 -6.27744e+66 -6.27744e+66 -6.27744e+66 -6.27744e+66 66.7403 159.622 
-6.27744e+66 -6.27744e+66 -6.27744e+66 -6.27744e+66 -6.27744e+66 -6.27744e+66 66.7403 
-6.27744e+66 -6.27744e+66 -6.27744e+66 -6.27744e+66 -6.27744e+66 -6.27744e+66 -6.27744e+66 
-6.27744e+66 84.526 198.87 198.87 198.87 438.78 874.352 
-6.27744e+66 -6.27744e+66 84.526 84.526 84.526 264.459 612.916 
-6.27744e+66 -6.27744e+66 -6.27744e+66 84.526 84.526 204.481 465.824 
-6.27744e+66 -6.27744e+66 -6.27744e+66 -6.27744e+66 84.526 144.504 318.732 
-6.27744e+66 -6.27744e+66 -6.27744e+66 -6.27744e+66 -6.27744e+66 84.526 171.64 
-6.27744e+66 -6.27744e+66 -6.27744e+66 -6.27744e+66 -6.27744e+66 -6.27744e+66 84.526 
-6.27744e+66 -6.27744e+66 -6.27744e+66 -6.27744e+66 -6.27744e+66 -6.27744e+66 -6.27744e+66 
-6.27744e+66 57.3286 57.3286 80.8856 80.8856 80.8856 685.45 
-6.27744e+66 -6.27744e+66 57.3286 69.1071 69.1071 69.1071 552.759 
-6.27744e+66 -6.27744e+66 -6.27744e+66 57.3286 57.3286 57.3286 420.067 
-6.27744e+66 -6.27744e+66 -6.27744e+66 -6.27744e+66 57.3286 57.3286 299.154 
-6.27744e+66 -6.27744e+66 -6.27744e+66 -6.27744e+66 -6.27744e+66 57.3286 178.242 
-6.27744e+66 -6.27744e+66 -6.27744e+66 -6.27744e+66 -6.27744e+66 -6.27744e+66 57.3286 
-6.27744e+66 -6.27744e+66 -6.27744e+66 -6.27744e+66 -6.27744e+66 -6.27744e+66 -6.27744e+66 
-6.27744e+66 68.4415 68.4415 183.444 183.444 314.653 314.653 
-6.27744e+66 -6.27744e+66 68.4415 125.943 125.943 224.349 224.349 
-6.27744e+66 -6.27744e+66 -6.27744e+66 68.4415 68.4415 134.046 134.046 
-6.27744e+66 -6.27744e+66 -6.27744e+66 -6.27744e+66 68.4415 101.244 101.244 
-6.27744e+66 -6.27744e+66 -6.27744e+66 -6.27744e+66 -6.27744e+66 68.4415 68.4415 
-6.27744e+66 -6.27744e+66 -6.27744e+66 -6.27744e+66 -6.27744e+66 -6.27744e+66 68.4415 
-6.27744e+66 -6.27744e+66 -6.27744e+66 -6.27744e+66 -6.27744e+66 -6.27744e+66 -6.27744e+66 
-6.27744e+66 73.2684 164.141 164.141 455.085 455.085 455.085 
-6.27744e+66 -6.27744e+66 73.2684 73.2684 267.231 267.231 267.231 
-6.27744e+66 -6.27744e+66 -6.27744e+66 73.2684 170.25 170.25 170.25 
-6.27744e+66 -6.27744e+66 -6.27744e+66 -6.27744e+66 73.2684 73.2684 73.2684 
-6.27744e+66 -6.27744e+66 -6.27744e+66 -6.27744e+66 -6.27744e+66 73.2684 73.2684 
-6.27744e+66 -6.27744e+66 -6.27744e+66 -6.27744e+66 -6.27744e+66 -6.27744e+66 73.2684 
-6.27744e+66 -6.27744e+66 -6.27744e+66 -6.27744e+66 -6.27744e+66 -6.27744e+66 -6.27744e+66 
-6.27744e+66 65.6616 184.778 252.478 252.478 252.478 830.713 
-6.27744e+66 -6.27744e+66 65.6616 99.5117 99.5117 99.5117 562.099 
-6.27744e+66 -6.27744e+66 -6.27744e+66 65.6616 65.6616 65.6616 412.602 
-6.27744e+66 -6.27744e+66 -6.27744e+66 -6.27744e+66 65.6616 65.6616 296.955 
-6.27744e+66 -6.27744e+66 -6.27744e+66 -6.27744e+66 -6.27744e+66 65.6616 181.309 
-6.27744e+66 -6.27744e+66 -6.27744e+66 -6.27744e+66 -6.27744e+66 -6.27744e+66 65.6616 
-6.27744e+66 -6.27744e+66 -6.27744e+66 -6.27744e+66 -6.27744e+66 -6.27744e+66 -6.27744e+66 
-6.27744e+66 74.5176 74.5176 217.274 514.017 514.017 925.759 
-6.27744e+66 -6.27744e+66 74.5176 145.896 343.724 343.724 673.118 
-6.27744e+66 -6.27744e+66 -6.27744e+66 74.5176 173.432 173.432 420.477 
-6.27744e+66 -6.27744e+66 -6.27744e+66 -6.27744e+66 74.5176 74.5176 239.214 
-6.27744e+66 -6.27744e+66 -6.27744e+66 -6.27744e+66 -6.27744e+66 74.5176 156.866 
-6.27744e+66 -6.27744e+66 -6.27744e+66 -6.27744e+66 -6.27744e+66 -6.27744e+66 74.5176 
-6.27744e+66 -6.27744e+66 -6.27744e+66 -6.27744e+66 -6.27744e+66 -6.27744e+66 -6.27744e+66 
-6.27744e+66 65.4714 190.287 336.696 336.696 478.535 478.535 
-6.27744e+66 -6.27744e+66 65.4714 138.676 138.676 245.056 245.056 
-6.27744e+66 -6.27744e+66 -6.27744e+66 65.4714 65.4714 136.391 136.391 
-6.27744e+66 -6.27744e+66 -6.27744e+66 -6.27744e+66 65.4714 100.931 100.931 
-6.27744e+66 -6.27744e+66 -6.27744e+66 -6.27744e+66 -6.27744e+66 65.4714 65.4714 
-6.27744e+66 -6.27744e+66 -6.27744e+66 -6.27744e+66 -6.27744e+66 -6.27744e+66 65.4714 
-6.27744e+66 -6.27744e+66 -6.27744e+66 -6.27744e+66 -6.27744e+66 -6.27744e+66 -6.27744e+66 
-6.27744e+66 78.3581 78.3581 78.3581 78.3581 427.037 1047.33 
-6.27744e+66 -6.27744e+66 78.3581 78.3581 78.3581 339.868 836.1 
-6.27744e+66 -6.27744e+66 -6.27744e+66 78.3581 78.3581 252.698 624.872 
-6.27744e+66 -6.27744e+66 -6.27744e+66 -6.27744e+66 78.3581 165.528 413.644 
-6.27744e+66 -6.27744e+66 -6.27744e+66 -6.27744e+66 -6.27744e+66 78.3581 202.416 
-6.27744e+66 -6.27744e+66 -6.27744e+66 -6.27744e+66 -6.27744e+66 -6.27744e+66 78.3581 
-6.27744e+66 -6.27744e+66 -6.27744e+66 -6.27744e+66 -6.27744e+66 -6.27744e+66 -6.27744e+66 
-6.27744e+66 64.8759 151.464 151.464 151.464 232.698 232.698 
-6.27744e+66 -6.27744e+66 64.8759 64.8759 64.8759 125.801 125.801 
-6.27744e+66 -6.27744e+66 -6.27744e+66 64.8759 64.8759 105.493 105.493 
-6.27744e+66 -6.27744e+66 -6.27744e+66 -6.27744e+66 64.8759 85.1843 85.1843 
-6.27744e+66 -6.27744e+66 -6.27744e+66 -6.27744e+66 -6.27744e+66 64.8759 64.8759 
-6.27744e+66 -6.27744e+66 -6.27744e+66 -6.27744e+66 -6.27744e+66 -6.27744e+66 64.8759 
-6.27744e+66 -6.27744e+66 -6.27744e+66 -6.27744e+66 -6.27744e+66 -6.27744e+66 -6.27744e+66 
-6.27744e+66 55.0238 176.632 284.384 284.384 419.009 800.087 
-6.27744e+66 -6.27744e+66 55.0238 108.9 108.9 209.868 514.731 
-6.27744e+66 -6.27744e+66 -6.27744e+66 55.0238 55.0238 122.336 350.983 
-6.27744e+66 -6.27744e+66 -6.27744e+66 -6.27744e+66 55.0238 88.68 241.111 
-6.27744e+66 -6.27744e+66 -6.27744e+66 -6.27744e+66 -6.27744e+66 55.0238 131.239 
-6.27744e+66 -6.27744e+66 -6.27744e+66 -6.27744e+66 -6.27744e+66 -6.27744e+66 55.0238 
-6.27744e+66 -6.27744e+66 -6.27744e+66 -6.27744e+66 -6.27744e+66 -6.27744e+66 -6.27744e+66 
-6.27744e+66 61.2115 61.2115 61.2115 61.2115 334.015 838.846 
-6.27744e+66 -6.27744e+66 61.2115 61.2115 61.2115 265.814 669.679 
-6.27744e+66 -6.27744e+66 -6.27744e+66 61.2115 61.2115 197.613 500.512 
-6.27744e+66 -6.27744e+66 -6.27744e+66 -6.27744e+66 61.2115 129.412 331.345 
-6.27744e+66 -6.27744e+66 -6.27744e+66 -6.27744e+66 -6.27744e+66 61.2115 162.178 
-6.27744e+66 -6.27744e+66 -6.27744e+66 -6.27744e+66 -6.27744e+66 -6.27744e+66 61.2115 
-6.27744e+66 -6.27744e+66 -6.27744e+66 -6.27744e+66 -6.27744e+66 -6.27744e+66 -6.27744e+66 
-6.27744e+66 39.9855 144.686 144.686 357.345 357.345 357.345 
-6.27744e+66 -6.27744e+66 39.9855 39.9855 181.758 181.758 181.758 
-6.27744e+66 -6.27744e+66 -6.27744e+66 39.9855 110.872 110.872 110.872 
-6.27744e+66 -6.27744e+66 -6.27744e+66 -6.27744e+66 39.9855 39.9855 39.9855 
-6.27744e+66 -6.27744e+66 -6.27744e+66 -6.27744e+66 -6.27744e+66 39.9855 39.9855 
-6.27744e+66 -6.27744e+66 -6.27744e+66 -6.27744e+66 -6.27744e+66 -6.27744e+66 39.9855 
-6.27744e+66 -6.27744e+66 -6.27744e+66 -6.27744e+66 -6.27744e+66 -6.27744e+66 -6.27744e+66 
-6.27744e+66 33.0429 121.546 121.546 121.546 121.546 626.638 
-6.27744e+66 -6.27744e+66 33.0429 33.0429 33.0429 33.0429 437.117 
-6.27744e+66 -6.27744e+66 -6.27744e+66 33.0429 33.0429 33.0429 336.098 
-6.27744e+66 -6.27744e+66 -6.27744e+66 -6.27744e+66 33.0429 33.0429 235.08 
-6.27744e+66 -6.27744e+66 -6.27744e+66 -6.27744e+66 -6.27744e+66 33.0429 134.061 
-6.27744e+66 -6.27744e+66 -6.27744e+66 -6.27744e+66 -6.27744e+66 -6.27744e+66 33.0429 
-6.27744e+66 -6.27744e+66 -6.27744e+66 -6.27744e+66 -6.27744e+66 -6.27744e+66 -6.27744e+66 
-6.27744e+66 88.2796 185.688 185.688 274.109 424.807 1113.15 
-6.27744e+66 -6.27744e+66 88.2796 88.2796 147.227 260.25 810.923 
-6.27744e+66 -6.27744e+66 -6.27744e+66 88.2796 117.753 193.102 606.107 
-6.27744e+66 -6.27744e+66 -6.27744e+66 -6.27744e+66 88.2796 125.954 401.291 
-6.27744e+66 -6.27744e+66 -6.27744e+66 -6.27744e+66 -6.27744e+66 88.2796 225.948 
-6.27744e+66 -6.27744e+66 -6.27744e+66 -6.27744e+66 -6.27744e+66 -6.27744e+66 88.2796 
-6.27744e+66 -6.27744e+66 -6.27744e+66 -6.27744e+66 -6.27744e+66 -6.27744e+66 -6.27744e+66 
-6.27744e+66 36.381 36.381 36.381 313.697 313.697 778.275 
-6.27744e+66 -6.27744e+66 36.381 36.381 221.258 221.258 592.921 
-6.27744e+66 -6.27744e+66 -6.27744e+66 36.381 128.82 128.82 407.567 
-6.27744e+66 -6.27744e+66 -6.27744e+66 -6.27744e+66 36.381 36.381 222.213 
-6.27744e+66 -6.27744e+66 -6.27744e+66 -6.27744e+66 -6.27744e+66 36.381 129.297 
-6.27744e+66 -6.27744e+66 -6.27744e+66 -6.27744e+66 -6.27744e+66 -6.27744e+66 36.381 
-6.27744e+66 -6.27744e+66 -6.27744e+66 -6.27744e+66 -6.27744e+66 -6.27744e+66 -6.27744e+66 
-6.27744e+66 86.4395 218.384 218.384 516.923 826.379 1474.21 
-6.27744e+66 -6.27744e+66 86.4395 86.4395 285.465 517.557 1035.82 
-6.27744e+66 -6.27744e+66 -6.27744e+66 86.4395 185.952 340.68 729.379 
-6.27744e+66 -6.27744e+66 -6.27744e+66 -6.27744e+66 86.4395 163.803 422.936 
-6.27744e+66 -6.27744e+66 -6.27744e+66 -6.27744e+66 -6.27744e+66 86.4395 216.006 
-6.27744e+66 -6.27744e+66 -6.27744e+66 -6.27744e+66 -6.27744e+66 -6.27744e+66 86.4395 
-6.27744e+66 -6.27744e+66 -6.27744e+66 -6.27744e+66 -6.27744e+66 -6.27744e+66 -6.27744e+66 
-6.27744e+66 48.9727 48.9727 48.9727 427.9 638.88 638.88 
-6.27744e+66 -6.27744e+66 48.9727 48.9727 301.591 459.826 459.826 
-6.27744e+66 -6.27744e+66 -6.27744e+66 48.9727 175.282 280.772 280.772 
-6.27744e+66 -6.27744e+66 -6.27744e+66 -6.27744e+66 48.9727 101.718 101.718 
-6.27744e+66 -6.27744e+66 -6.27744e+66 -6.27744e+66 -6.27744e+66 48.9727 48.9727 
-6.27744e+66 -6.27744e+66 -6.27744e+66 -6.27744e+66 -6.27744e+66 -6.27744e+66 48.9727 
-6.27744e+66 -6.27744e+66 -6.27744e+66 -6.27744e+66 -6.27744e+66 -6.27744e+66 -6.27744e+66 
-6.27744e+66 84.0183 231.485 231.485 575.218 575.218 575.218 
-6.27744e+66 -6.27744e+66 84.0183 84.0183 313.173 313.173 313.173 
-6.27744e+66 -6.27744e+66 -6.27744e+66 84.0183 198.596 198.596 198.596 
-6.27744e+66 -6.27744e+66 -6.27744e+66 -6.27744e+66 84.0183 84.0183 84.0183 
-6.27744e+66 -6.27744e+66 -6.27744e+66 -6.27744e+66 -6.27744e+66 84.0183 84.0183 
-6.27744e+66 -6.27744e+66 -6.27744e+66 -6.27744e+66 -6.27744e+66 -6.27744e+66 84.0183 
-6.27744e+66 -6.27744e+66 -6.27744e+66 -6.27744e+66 -6.27744e+66 -6.27744e+66 -6.27744e+66 
-6.27744e+66 55.4376 165.241 165.241 554.366 554.366 554.366 
-6.27744e+66 -6.27744e+66 55.4376 55.4376 314.854 314.854 314.854 
-6.27744e+66 -6.27744e+66 -6.27744e+66 55.4376 185.146 185.146 185.146 
-6.27744e+66 -6.27744e+66 -6.27744e+66 -6.27744e+66 55.4376 55.4376 55.4376 
-6.27744e+66 -6.27744e+66 -6.27744e+66 -6.27744e+66 -6.27744e+66 55.4376 55.4376 
-6.27744e+66 -6.27744e+66 -6.27744e+66 -6.27744e+66 -6.27744e+66 -6.27744e+66 55.4376 
-6.27744e+66 -6.27744e+66 -6.27744e+66 -6.27744e+66 -6.27744e+66 -6.27744e+66 -6.27744e+66 
-6.27744e+66 54.2215 161.818 161.818 570.897 570.897 952.872 
-6.27744e+66 -6.27744e+66 54.2215 54.2215 326.941 326.941 632.521 
-6.27744e+66 -6.27744e+66 -6.27744e+66 54.2215 190.581 190.581 419.766 
-6.27744e+66 -6.27744e+66 -6.27744e+66 -6.27744e+66 54.2215 54.2215 207.011 
-6.27744e+66 -6.27744e+66 -6.27744e+66 -6.27744e+66 -6.27744e+66 54.2215 130.616 
-6.27744e+66 -6.27744e+66 -6.27744e+66 -6.27744e+66 -6.27744e+66 -6.27744e+66 54.2215 
-6.27744e+66 -6.27744e+66 -6.27744e+66 -6.27744e+66 -6.27744e+66 -6.27744e+66 -6.27744e+66 
-6.27744e+66 78.7149 78.7149 78.7149 296.212 296.212 778.817 
-6.27744e+66 -6.27744e+66 78.7149 78.7149 223.713 223.713 609.797 
-6.27744e+66 -6.27744e+66 -6.27744e+66 78.7149 151.214 151.214 440.777 
-6.27744e+66 -6.27744e+66 -6.27744e+66 -6.27744e+66 78.7149 78.7149 271.757 
-6.27744e+66 -6.27744e+66 -6.27744e+66 -6.27744e+66 -6.27744e+66 78.7149 175.236 
-6.27744e+66 -6.27744e+66 -6.27744e+66 -6.27744e+66 -6.27744e+66 -6.27744e+66 78.7149 
-6.27744e+66 -6.27744e+66 -6.27744e+66 -6.27744e+66 -6.27744e+66 -6.27744e+66 -6.27744e+66 
-6.27744e+66 96.2575 203.289 305.658 305.658 517.346 1213.84 
-6.27744e+66 -6.27744e+66 96.2575 147.442 147.442 306.208 863.403 
-6.27744e+66 -6.27744e+66 -6.27744e+66 96.2575 96.2575 202.101 619.998 
-6.27744e+66 -6.27744e+66 -6.27744e+66 -6.27744e+66 96.2575 149.179 427.777 
-6.27744e+66 -6.27744e+66 -6.27744e+66 -6.27744e+66 -6.27744e+66 96.2575 235.556 
-6.27744e+66 -6.27744e+66 -6.27744e+66 -6.27744e+66 -6.27744e+66 -6.27744e+66 96.2575 
-6.27744e+66 -6.27744e+66 -6.27744e+66 -6.27744e+66 -6.27744e+66 -6.27744e+66 -6.27744e+66 
