12 10 
43.4773 43.4773 43.4773 43.4773 43.4773 43.4773 43.4773 43.4773 43.4773 43.4773 43.4773 43.4773 
item 0
34.7119 92.7744 55.1856 132.589 64.734 87.8798 58.0995 125.339 34.1241 104.549 27.6169 89.558 
45.3229 45.3229 45.3229 45.3229 45.3229 45.3229 45.3229 45.3229 45.3229 45.3229 45.3229 45.3229 
1 1 1 1 1 1 1 1 1 1 1 1 
item 1
77.9929 116.543 68.9718 72.3547 61.0877 88.4643 64.087 90.7949 45.1499 72.4234 60.3645 101.051 
62.7617 62.7617 62.7617 62.7617 62.7617 62.7617 62.7617 62.7617 62.7617 62.7617 62.7617 62.7617 
1 1 1 1 1 1 1 1 1 1 1 1 
item 2
49.2516 94.9845 41.4937 109.477 89.8477 101.572 57.2419 74.7102 48.6383 64.3603 50.8628 110.701 
40.9101 40.9101 40.9101 40.9101 40.9101 40.9101 40.9101 40.9101 40.9101 40.9101 40.9101 40.9101 
1 1 1 1 1 1 1 1 1 1 1 1 
item 3
23.167 92.6784 19.8052 98.6199 51.4793 98.2181 18.9743 87.1957 51.7407 122.055 47.9331 109.749 
58.6489 58.6489 58.6489 58.6489 58.6489 58.6489 58.6489 58.6489 58.6489 58.6489 58.6489 58.6489 
1 1 1 1 1 1 1 1 1 1 1 1 
item 4
61.8063 74.4991 50.3065 107.837 70.0162 117.88 40.9905 86.9578 42.5521 80.7173 62.6252 95.1123 
58.772 58.772 58.772 58.772 58.772 58.772 58.772 58.772 58.772 58.772 58.772 58.772 
1 1 1 1 1 1 1 1 1 1 1 1 
item 5
30.3639 102.72 53.7375 82.8411 41.7807 81.7905 59.1265 117.294 54.1116 125.482 67.486 113.082 
49.3314 49.3314 49.3314 49.3314 49.3314 49.3314 49.3314 49.3314 49.3314 49.3314 49.3314 49.3314 
1 1 1 1 1 1 1 1 1 1 1 1 
item 6
48.6452 122.039 54.7014 93.3897 70.1622 99.2599 68.5893 99.5894 36.489 142.925 43.6872 110.617 
54.568 54.568 54.568 54.568 54.568 54.568 54.568 54.568 54.568 54.568 54.568 54.568 
1 1 1 1 1 1 1 1 1 1 1 1 
item 7
1 76.8223 42.2549 116.699 54.4838 111.086 48.7218 107.469 36.0954 91.086 37.2615 86.9447 
68.6945 68.6945 68.6945 68.6945 68.6945 68.6945 68.6945 68.6945 68.6945 68.6945 68.6945 68.6945 
1 1 1 1 1 1 1 1 1 1 1 1 
item 8
17.7682 116.592 38.6443 51.4528 38.4209 101.022 59.3902 119.021 67.9121 100.033 32.7281 125.684 
77.4723 77.4723 77.4723 77.4723 77.4723 77.4723 77.4723 77.4723 77.4723 77.4723 77.4723 77.4723 
1 1 1 1 1 1 1 1 1 1 1 1 
item 9
71.4259 106.641 62.5099 103.118 83.0512 132.985 57.9072 107.087 57.3146 104.777 31.4129 117.556 
53.0439 53.0439 53.0439 53.0439 53.0439 53.0439 53.0439 53.0439 53.0439 53.0439 53.0439 53.0439 
1 1 1 1 1 1 1 1 1 1 1 1 
