12 10 
417.188 417.188 417.188 417.188 417.188 417.188 417.188 417.188 417.188 417.188 417.188 417.188 
item 0
36.8801 99.4866 70.1384 99.7709 0 114.505 37.7497 132.929 46.854 0 0 0 
64.8509 64.8509 64.8509 64.8509 64.8509 64.8509 64.8509 64.8509 64.8509 64.8509 64.8509 64.8509 
1 1 1 1 1 1 1 1 1 1 1 1 
item 1
97.4857 0 0 0 0 0 0 102.96 0 136.182 44.9936 0 
55.0658 55.0658 55.0658 55.0658 55.0658 55.0658 55.0658 55.0658 55.0658 55.0658 55.0658 55.0658 
1 1 1 1 1 1 1 1 1 1 1 1 
item 2
76.8567 68.4899 67.9812 64.4301 0 0 0 0 27.569 137.892 0 0 
63.3608 63.3608 63.3608 63.3608 63.3608 63.3608 63.3608 63.3608 63.3608 63.3608 63.3608 63.3608 
1 1 1 1 1 1 1 1 1 1 1 1 
item 3
47.5067 0 110.191 0 9.45277 77.0325 44.5647 121.918 0 0 0 89.1582 
64.7509 64.7509 64.7509 64.7509 64.7509 64.7509 64.7509 64.7509 64.7509 64.7509 64.7509 64.7509 
1 1 1 1 1 1 1 1 1 1 1 1 
item 4
69.0582 0 0 125.189 39.0392 0 41.0094 99.0174 0 0 0 62.5136 
89.9907 89.9907 89.9907 89.9907 89.9907 89.9907 89.9907 89.9907 89.9907 89.9907 89.9907 89.9907 
1 1 1 1 1 1 1 1 1 1 1 1 
item 5
30.8506 0 0 0 0 0 91.3806 106.04 20.0133 0 50.3789 0 
67.5766 67.5766 67.5766 67.5766 67.5766 67.5766 67.5766 67.5766 67.5766 67.5766 67.5766 67.5766 
1 1 1 1 1 1 1 1 1 1 1 1 
item 6
46.0642 0 47.2513 0 0 0 11.4001 0 8.81347 0 0 83.4569 
54.3569 54.3569 54.3569 54.3569 54.3569 54.3569 54.3569 54.3569 54.3569 54.3569 54.3569 54.3569 
1 1 1 1 1 1 1 1 1 1 1 1 
item 7
45.5574 0 47.6964 0 50.7497 0 39.9663 92.1187 0 136.494 0 0 
76.5604 76.5604 76.5604 76.5604 76.5604 76.5604 76.5604 76.5604 76.5604 76.5604 76.5604 76.5604 
1 1 1 1 1 1 1 1 1 1 1 1 
item 8
28.5915 68.3803 34.5901 112.505 0 106.049 59.2628 120.157 0 0 71.2848 0 
58.8451 58.8451 58.8451 58.8451 58.8451 58.8451 58.8451 58.8451 58.8451 58.8451 58.8451 58.8451 
1 1 1 1 1 1 1 1 1 1 1 1 
item 9
0.986957 0 42.2913 0 0 0 0 0 0 63.6178 0 106.948 
86.6043 86.6043 86.6043 86.6043 86.6043 86.6043 86.6043 86.6043 86.6043 86.6043 86.6043 86.6043 
1 1 1 1 1 1 1 1 1 1 1 1 
