6 40 
-6.27744e+66 65.5095 156.401 245.922 517.446 638.264 1207.85 
-6.27744e+66 -6.27744e+66 65.5095 110.27 291.286 381.899 837.566 
-6.27744e+66 -6.27744e+66 -6.27744e+66 65.5095 156.017 216.426 558.177 
-6.27744e+66 -6.27744e+66 -6.27744e+66 -6.27744e+66 65.5095 95.7141 323.548 
-6.27744e+66 -6.27744e+66 -6.27744e+66 -6.27744e+66 -6.27744e+66 65.5095 179.426 
-6.27744e+66 -6.27744e+66 -6.27744e+66 -6.27744e+66 -6.27744e+66 -6.27744e+66 65.5095 
-6.27744e+66 -6.27744e+66 -6.27744e+66 -6.27744e+66 -6.27744e+66 -6.27744e+66 -6.27744e+66 
-6.27744e+66 68.9142 146.447 297.473 648.388 822.432 1441.44 
-6.27744e+66 -6.27744e+66 68.9142 144.427 378.371 508.903 1004.11 
-6.27744e+66 -6.27744e+66 -6.27744e+66 68.9142 185.886 272.908 644.311 
-6.27744e+66 -6.27744e+66 -6.27744e+66 -6.27744e+66 68.9142 112.425 360.027 
-6.27744e+66 -6.27744e+66 -6.27744e+66 -6.27744e+66 -6.27744e+66 68.9142 192.715 
-6.27744e+66 -6.27744e+66 -6.27744e+66 -6.27744e+66 -6.27744e+66 -6.27744e+66 68.9142 
-6.27744e+66 -6.27744e+66 -6.27744e+66 -6.27744e+66 -6.27744e+66 -6.27744e+66 -6.27744e+66 
-6.27744e+66 70.3618 176.893 241.721 529.848 666.685 1338.11 
-6.27744e+66 -6.27744e+66 70.3618 102.776 294.86 397.488 934.627 
-6.27744e+66 -6.27744e+66 -6.27744e+66 70.3618 166.404 234.823 637.676 
-6.27744e+66 -6.27744e+66 -6.27744e+66 -6.27744e+66 70.3618 104.571 373.14 
-6.27744e+66 -6.27744e+66 -6.27744e+66 -6.27744e+66 -6.27744e+66 70.3618 204.646 
-6.27744e+66 -6.27744e+66 -6.27744e+66 -6.27744e+66 -6.27744e+66 -6.27744e+66 70.3618 
-6.27744e+66 -6.27744e+66 -6.27744e+66 -6.27744e+66 -6.27744e+66 -6.27744e+66 -6.27744e+66 
-6.27744e+66 36.1946 168.904 229.388 585.251 763.717 1225.35 
-6.27744e+66 -6.27744e+66 36.1946 66.4366 303.679 437.528 806.837 
-6.27744e+66 -6.27744e+66 -6.27744e+66 36.1946 154.816 244.049 521.03 
-6.27744e+66 -6.27744e+66 -6.27744e+66 -6.27744e+66 36.1946 80.8111 265.465 
-6.27744e+66 -6.27744e+66 -6.27744e+66 -6.27744e+66 -6.27744e+66 36.1946 128.522 
-6.27744e+66 -6.27744e+66 -6.27744e+66 -6.27744e+66 -6.27744e+66 -6.27744e+66 36.1946 
-6.27744e+66 -6.27744e+66 -6.27744e+66 -6.27744e+66 -6.27744e+66 -6.27744e+66 -6.27744e+66 
-6.27744e+66 37.8735 140.447 241.19 585.915 746.928 1203.15 
-6.27744e+66 -6.27744e+66 37.8735 88.2451 318.062 438.821 803.8 
-6.27744e+66 -6.27744e+66 -6.27744e+66 37.8735 152.782 233.288 507.022 
-6.27744e+66 -6.27744e+66 -6.27744e+66 -6.27744e+66 37.8735 78.1267 260.616 
-6.27744e+66 -6.27744e+66 -6.27744e+66 -6.27744e+66 -6.27744e+66 37.8735 129.118 
-6.27744e+66 -6.27744e+66 -6.27744e+66 -6.27744e+66 -6.27744e+66 -6.27744e+66 37.8735 
-6.27744e+66 -6.27744e+66 -6.27744e+66 -6.27744e+66 -6.27744e+66 -6.27744e+66 -6.27744e+66 
-6.27744e+66 59.7031 168.679 267.6 511.569 742.07 1200.74 
-6.27744e+66 -6.27744e+66 59.7031 109.163 271.81 444.685 811.625 
-6.27744e+66 -6.27744e+66 -6.27744e+66 59.7031 141.026 256.277 531.481 
-6.27744e+66 -6.27744e+66 -6.27744e+66 -6.27744e+66 59.7031 117.328 300.798 
-6.27744e+66 -6.27744e+66 -6.27744e+66 -6.27744e+66 -6.27744e+66 59.7031 151.438 
-6.27744e+66 -6.27744e+66 -6.27744e+66 -6.27744e+66 -6.27744e+66 -6.27744e+66 59.7031 
-6.27744e+66 -6.27744e+66 -6.27744e+66 -6.27744e+66 -6.27744e+66 -6.27744e+66 -6.27744e+66 
-6.27744e+66 40.0532 103.058 215.532 485.808 693.941 1298.59 
-6.27744e+66 -6.27744e+66 40.0532 96.2904 276.474 432.574 916.296 
-6.27744e+66 -6.27744e+66 -6.27744e+66 40.0532 130.145 234.212 597.003 
-6.27744e+66 -6.27744e+66 -6.27744e+66 -6.27744e+66 40.0532 92.0865 333.947 
-6.27744e+66 -6.27744e+66 -6.27744e+66 -6.27744e+66 -6.27744e+66 40.0532 160.984 
-6.27744e+66 -6.27744e+66 -6.27744e+66 -6.27744e+66 -6.27744e+66 -6.27744e+66 40.0532 
-6.27744e+66 -6.27744e+66 -6.27744e+66 -6.27744e+66 -6.27744e+66 -6.27744e+66 -6.27744e+66 
-6.27744e+66 13.1814 119.841 205.403 425.21 589.255 1168.84 
-6.27744e+66 -6.27744e+66 13.1814 55.9621 202.5 325.534 789.201 
-6.27744e+66 -6.27744e+66 -6.27744e+66 13.1814 86.4504 168.473 516.224 
-6.27744e+66 -6.27744e+66 -6.27744e+66 -6.27744e+66 13.1814 54.1927 286.026 
-6.27744e+66 -6.27744e+66 -6.27744e+66 -6.27744e+66 -6.27744e+66 13.1814 129.098 
-6.27744e+66 -6.27744e+66 -6.27744e+66 -6.27744e+66 -6.27744e+66 -6.27744e+66 13.1814 
-6.27744e+66 -6.27744e+66 -6.27744e+66 -6.27744e+66 -6.27744e+66 -6.27744e+66 -6.27744e+66 
-6.27744e+66 39.5295 85.1635 170.432 417.473 687.542 1068.45 
-6.27744e+66 -6.27744e+66 39.5295 82.1637 246.858 449.41 754.137 
-6.27744e+66 -6.27744e+66 -6.27744e+66 39.5295 121.877 256.911 485.457 
-6.27744e+66 -6.27744e+66 -6.27744e+66 -6.27744e+66 39.5295 107.047 259.411 
-6.27744e+66 -6.27744e+66 -6.27744e+66 -6.27744e+66 -6.27744e+66 39.5295 115.711 
-6.27744e+66 -6.27744e+66 -6.27744e+66 -6.27744e+66 -6.27744e+66 -6.27744e+66 39.5295 
-6.27744e+66 -6.27744e+66 -6.27744e+66 -6.27744e+66 -6.27744e+66 -6.27744e+66 -6.27744e+66 
-6.27744e+66 69.9882 194.516 236.844 570.224 817.939 1388.76 
-6.27744e+66 -6.27744e+66 69.9882 91.1522 313.405 499.192 955.85 
-6.27744e+66 -6.27744e+66 -6.27744e+66 69.9882 181.115 304.972 647.466 
-6.27744e+66 -6.27744e+66 -6.27744e+66 -6.27744e+66 69.9882 131.917 360.246 
-6.27744e+66 -6.27744e+66 -6.27744e+66 -6.27744e+66 -6.27744e+66 69.9882 184.153 
-6.27744e+66 -6.27744e+66 -6.27744e+66 -6.27744e+66 -6.27744e+66 -6.27744e+66 69.9882 
-6.27744e+66 -6.27744e+66 -6.27744e+66 -6.27744e+66 -6.27744e+66 -6.27744e+66 -6.27744e+66 
-6.27744e+66 84.4308 170.144 377.156 586.332 915.335 1548.32 
-6.27744e+66 -6.27744e+66 84.4308 187.937 327.388 574.14 1080.53 
-6.27744e+66 -6.27744e+66 -6.27744e+66 84.4308 154.156 318.658 698.45 
-6.27744e+66 -6.27744e+66 -6.27744e+66 -6.27744e+66 84.4308 166.682 419.876 
-6.27744e+66 -6.27744e+66 -6.27744e+66 -6.27744e+66 -6.27744e+66 84.4308 211.028 
-6.27744e+66 -6.27744e+66 -6.27744e+66 -6.27744e+66 -6.27744e+66 -6.27744e+66 84.4308 
-6.27744e+66 -6.27744e+66 -6.27744e+66 -6.27744e+66 -6.27744e+66 -6.27744e+66 -6.27744e+66 
-6.27744e+66 77.2192 184.572 252.353 590.668 819.25 1155.34 
-6.27744e+66 -6.27744e+66 77.2192 111.11 336.653 508.09 776.963 
-6.27744e+66 -6.27744e+66 -6.27744e+66 77.2192 189.991 304.282 505.937 
-6.27744e+66 -6.27744e+66 -6.27744e+66 -6.27744e+66 77.2192 134.365 268.802 
-6.27744e+66 -6.27744e+66 -6.27744e+66 -6.27744e+66 -6.27744e+66 77.2192 144.438 
-6.27744e+66 -6.27744e+66 -6.27744e+66 -6.27744e+66 -6.27744e+66 -6.27744e+66 77.2192 
-6.27744e+66 -6.27744e+66 -6.27744e+66 -6.27744e+66 -6.27744e+66 -6.27744e+66 -6.27744e+66 
-6.27744e+66 65.741 147.368 287.559 583.635 835.025 1388.51 
-6.27744e+66 -6.27744e+66 65.741 135.836 333.22 521.763 964.553 
-6.27744e+66 -6.27744e+66 -6.27744e+66 65.741 164.433 290.128 622.22 
-6.27744e+66 -6.27744e+66 -6.27744e+66 -6.27744e+66 65.741 128.589 349.983 
-6.27744e+66 -6.27744e+66 -6.27744e+66 -6.27744e+66 -6.27744e+66 65.741 176.438 
-6.27744e+66 -6.27744e+66 -6.27744e+66 -6.27744e+66 -6.27744e+66 -6.27744e+66 65.741 
-6.27744e+66 -6.27744e+66 -6.27744e+66 -6.27744e+66 -6.27744e+66 -6.27744e+66 -6.27744e+66 
-6.27744e+66 15.1051 143.618 246.884 612.538 820.008 1299.83 
-6.27744e+66 -6.27744e+66 15.1051 66.7383 310.508 466.11 849.965 
-6.27744e+66 -6.27744e+66 -6.27744e+66 15.1051 136.99 240.724 528.616 
-6.27744e+66 -6.27744e+66 -6.27744e+66 -6.27744e+66 15.1051 66.9725 258.9 
-6.27744e+66 -6.27744e+66 -6.27744e+66 -6.27744e+66 -6.27744e+66 15.1051 111.069 
-6.27744e+66 -6.27744e+66 -6.27744e+66 -6.27744e+66 -6.27744e+66 -6.27744e+66 15.1051 
-6.27744e+66 -6.27744e+66 -6.27744e+66 -6.27744e+66 -6.27744e+66 -6.27744e+66 -6.27744e+66 
-6.27744e+66 12.0927 163.395 380.349 663.818 911.072 1469.74 
-6.27744e+66 -6.27744e+66 12.0927 120.57 309.549 494.99 941.923 
-6.27744e+66 -6.27744e+66 -6.27744e+66 12.0927 106.583 230.209 565.409 
-6.27744e+66 -6.27744e+66 -6.27744e+66 -6.27744e+66 12.0927 73.9062 297.373 
-6.27744e+66 -6.27744e+66 -6.27744e+66 -6.27744e+66 -6.27744e+66 12.0927 123.826 
-6.27744e+66 -6.27744e+66 -6.27744e+66 -6.27744e+66 -6.27744e+66 -6.27744e+66 12.0927 
-6.27744e+66 -6.27744e+66 -6.27744e+66 -6.27744e+66 -6.27744e+66 -6.27744e+66 -6.27744e+66 
-6.27744e+66 42.8424 161.877 300.468 601.373 789.607 1077.41 
-6.27744e+66 -6.27744e+66 42.8424 112.138 312.741 453.917 684.159 
-6.27744e+66 -6.27744e+66 -6.27744e+66 42.8424 143.144 237.261 409.943 
-6.27744e+66 -6.27744e+66 -6.27744e+66 -6.27744e+66 42.8424 89.9009 205.022 
-6.27744e+66 -6.27744e+66 -6.27744e+66 -6.27744e+66 -6.27744e+66 42.8424 100.403 
-6.27744e+66 -6.27744e+66 -6.27744e+66 -6.27744e+66 -6.27744e+66 -6.27744e+66 42.8424 
-6.27744e+66 -6.27744e+66 -6.27744e+66 -6.27744e+66 -6.27744e+66 -6.27744e+66 -6.27744e+66 
-6.27744e+66 56.2366 158.797 330.632 813.989 1047.46 1531.74 
-6.27744e+66 -6.27744e+66 56.2366 142.154 464.392 639.493 1026.92 
-6.27744e+66 -6.27744e+66 -6.27744e+66 56.2366 217.356 334.089 624.659 
-6.27744e+66 -6.27744e+66 -6.27744e+66 -6.27744e+66 56.2366 114.603 308.316 
-6.27744e+66 -6.27744e+66 -6.27744e+66 -6.27744e+66 -6.27744e+66 56.2366 153.093 
-6.27744e+66 -6.27744e+66 -6.27744e+66 -6.27744e+66 -6.27744e+66 -6.27744e+66 56.2366 
-6.27744e+66 -6.27744e+66 -6.27744e+66 -6.27744e+66 -6.27744e+66 -6.27744e+66 -6.27744e+66 
-6.27744e+66 38.114 127.375 196.488 555.121 699.478 1271.37 
-6.27744e+66 -6.27744e+66 38.114 72.6703 311.759 420.027 877.544 
-6.27744e+66 -6.27744e+66 -6.27744e+66 38.114 157.658 229.837 572.975 
-6.27744e+66 -6.27744e+66 -6.27744e+66 -6.27744e+66 38.114 74.2035 302.962 
-6.27744e+66 -6.27744e+66 -6.27744e+66 -6.27744e+66 -6.27744e+66 38.114 152.493 
-6.27744e+66 -6.27744e+66 -6.27744e+66 -6.27744e+66 -6.27744e+66 -6.27744e+66 38.114 
-6.27744e+66 -6.27744e+66 -6.27744e+66 -6.27744e+66 -6.27744e+66 -6.27744e+66 -6.27744e+66 
-6.27744e+66 51.4941 163.511 314.109 565.241 813.814 1492.65 
-6.27744e+66 -6.27744e+66 51.4941 126.793 294.214 480.645 1023.72 
-6.27744e+66 -6.27744e+66 -6.27744e+66 51.4941 135.205 259.492 666.796 
-6.27744e+66 -6.27744e+66 -6.27744e+66 -6.27744e+66 51.4941 113.637 385.174 
-6.27744e+66 -6.27744e+66 -6.27744e+66 -6.27744e+66 -6.27744e+66 51.4941 187.262 
-6.27744e+66 -6.27744e+66 -6.27744e+66 -6.27744e+66 -6.27744e+66 -6.27744e+66 51.4941 
-6.27744e+66 -6.27744e+66 -6.27744e+66 -6.27744e+66 -6.27744e+66 -6.27744e+66 -6.27744e+66 
-6.27744e+66 42.8356 173.325 242.227 565.462 700.371 1049.23 
-6.27744e+66 -6.27744e+66 42.8356 77.2863 292.776 393.959 673.045 
-6.27744e+66 -6.27744e+66 -6.27744e+66 42.8356 150.581 218.035 427.35 
-6.27744e+66 -6.27744e+66 -6.27744e+66 -6.27744e+66 42.8356 76.5629 216.106 
-6.27744e+66 -6.27744e+66 -6.27744e+66 -6.27744e+66 -6.27744e+66 42.8356 112.607 
-6.27744e+66 -6.27744e+66 -6.27744e+66 -6.27744e+66 -6.27744e+66 -6.27744e+66 42.8356 
-6.27744e+66 -6.27744e+66 -6.27744e+66 -6.27744e+66 -6.27744e+66 -6.27744e+66 -6.27744e+66 
-6.27744e+66 71.1607 143.908 190.354 425.783 604.077 901.167 
-6.27744e+66 -6.27744e+66 71.1607 94.3837 251.336 385.057 622.729 
-6.27744e+66 -6.27744e+66 -6.27744e+66 71.1607 149.637 238.784 417.038 
-6.27744e+66 -6.27744e+66 -6.27744e+66 -6.27744e+66 71.1607 115.734 234.57 
-6.27744e+66 -6.27744e+66 -6.27744e+66 -6.27744e+66 -6.27744e+66 71.1607 130.579 
-6.27744e+66 -6.27744e+66 -6.27744e+66 -6.27744e+66 -6.27744e+66 -6.27744e+66 71.1607 
-6.27744e+66 -6.27744e+66 -6.27744e+66 -6.27744e+66 -6.27744e+66 -6.27744e+66 -6.27744e+66 
-6.27744e+66 35.5101 143.947 281.35 536.953 813.029 1389.99 
-6.27744e+66 -6.27744e+66 35.5101 104.212 274.614 481.671 943.243 
-6.27744e+66 -6.27744e+66 -6.27744e+66 35.5101 120.711 258.749 604.928 
-6.27744e+66 -6.27744e+66 -6.27744e+66 -6.27744e+66 35.5101 104.529 335.315 
-6.27744e+66 -6.27744e+66 -6.27744e+66 -6.27744e+66 -6.27744e+66 35.5101 150.903 
-6.27744e+66 -6.27744e+66 -6.27744e+66 -6.27744e+66 -6.27744e+66 -6.27744e+66 35.5101 
-6.27744e+66 -6.27744e+66 -6.27744e+66 -6.27744e+66 -6.27744e+66 -6.27744e+66 -6.27744e+66 
-6.27744e+66 78.1428 154.644 225.673 488.236 703.5 1178.7 
-6.27744e+66 -6.27744e+66 78.1428 113.657 288.699 450.147 830.305 
-6.27744e+66 -6.27744e+66 -6.27744e+66 78.1428 165.664 273.295 558.414 
-6.27744e+66 -6.27744e+66 -6.27744e+66 -6.27744e+66 78.1428 131.959 322.038 
-6.27744e+66 -6.27744e+66 -6.27744e+66 -6.27744e+66 -6.27744e+66 78.1428 173.182 
-6.27744e+66 -6.27744e+66 -6.27744e+66 -6.27744e+66 -6.27744e+66 -6.27744e+66 78.1428 
-6.27744e+66 -6.27744e+66 -6.27744e+66 -6.27744e+66 -6.27744e+66 -6.27744e+66 -6.27744e+66 
-6.27744e+66 63.7983 130.677 256.434 590.535 815.545 1310.4 
-6.27744e+66 -6.27744e+66 63.7983 126.677 349.411 518.168 914.052 
-6.27744e+66 -6.27744e+66 -6.27744e+66 63.7983 175.166 287.67 584.583 
-6.27744e+66 -6.27744e+66 -6.27744e+66 -6.27744e+66 63.7983 120.051 317.993 
-6.27744e+66 -6.27744e+66 -6.27744e+66 -6.27744e+66 -6.27744e+66 63.7983 162.769 
-6.27744e+66 -6.27744e+66 -6.27744e+66 -6.27744e+66 -6.27744e+66 -6.27744e+66 63.7983 
-6.27744e+66 -6.27744e+66 -6.27744e+66 -6.27744e+66 -6.27744e+66 -6.27744e+66 -6.27744e+66 
-6.27744e+66 102.052 165.583 277.956 589.77 798.104 1254.92 
-6.27744e+66 -6.27744e+66 102.052 158.239 366.115 522.365 887.821 
-6.27744e+66 -6.27744e+66 -6.27744e+66 102.052 205.99 310.157 584.249 
-6.27744e+66 -6.27744e+66 -6.27744e+66 -6.27744e+66 102.052 154.136 336.864 
-6.27744e+66 -6.27744e+66 -6.27744e+66 -6.27744e+66 -6.27744e+66 102.052 193.416 
-6.27744e+66 -6.27744e+66 -6.27744e+66 -6.27744e+66 -6.27744e+66 -6.27744e+66 102.052 
-6.27744e+66 -6.27744e+66 -6.27744e+66 -6.27744e+66 -6.27744e+66 -6.27744e+66 -6.27744e+66 
-6.27744e+66 57.7901 163.682 253.753 503.873 599.998 1095.18 
-6.27744e+66 -6.27744e+66 57.7901 102.826 269.572 341.666 737.81 
-6.27744e+66 -6.27744e+66 -6.27744e+66 57.7901 141.163 189.226 486.334 
-6.27744e+66 -6.27744e+66 -6.27744e+66 -6.27744e+66 57.7901 81.8214 279.894 
-6.27744e+66 -6.27744e+66 -6.27744e+66 -6.27744e+66 -6.27744e+66 57.7901 156.826 
-6.27744e+66 -6.27744e+66 -6.27744e+66 -6.27744e+66 -6.27744e+66 -6.27744e+66 57.7901 
-6.27744e+66 -6.27744e+66 -6.27744e+66 -6.27744e+66 -6.27744e+66 -6.27744e+66 -6.27744e+66 
-6.27744e+66 45.3375 136.278 247.837 543.809 785.281 1312.32 
-6.27744e+66 -6.27744e+66 45.3375 101.117 298.432 479.536 901.165 
-6.27744e+66 -6.27744e+66 -6.27744e+66 45.3375 143.995 264.731 580.953 
-6.27744e+66 -6.27744e+66 -6.27744e+66 -6.27744e+66 45.3375 105.706 316.52 
-6.27744e+66 -6.27744e+66 -6.27744e+66 -6.27744e+66 -6.27744e+66 45.3375 150.745 
-6.27744e+66 -6.27744e+66 -6.27744e+66 -6.27744e+66 -6.27744e+66 -6.27744e+66 45.3375 
-6.27744e+66 -6.27744e+66 -6.27744e+66 -6.27744e+66 -6.27744e+66 -6.27744e+66 -6.27744e+66 
-6.27744e+66 92.1896 236.56 349.59 705.389 829.717 1416.58 
-6.27744e+66 -6.27744e+66 92.1896 148.705 385.904 479.15 948.642 
-6.27744e+66 -6.27744e+66 -6.27744e+66 92.1896 210.789 272.953 625.072 
-6.27744e+66 -6.27744e+66 -6.27744e+66 -6.27744e+66 92.1896 123.272 358.017 
-6.27744e+66 -6.27744e+66 -6.27744e+66 -6.27744e+66 -6.27744e+66 92.1896 209.562 
-6.27744e+66 -6.27744e+66 -6.27744e+66 -6.27744e+66 -6.27744e+66 -6.27744e+66 92.1896 
-6.27744e+66 -6.27744e+66 -6.27744e+66 -6.27744e+66 -6.27744e+66 -6.27744e+66 -6.27744e+66 
-6.27744e+66 52.5405 171.926 346.71 663.147 874.122 1495.01 
-6.27744e+66 -6.27744e+66 52.5405 139.933 350.89 509.121 1005.83 
-6.27744e+66 -6.27744e+66 -6.27744e+66 52.5405 158.019 263.507 636.038 
-6.27744e+66 -6.27744e+66 -6.27744e+66 -6.27744e+66 52.5405 105.284 353.638 
-6.27744e+66 -6.27744e+66 -6.27744e+66 -6.27744e+66 -6.27744e+66 52.5405 176.718 
-6.27744e+66 -6.27744e+66 -6.27744e+66 -6.27744e+66 -6.27744e+66 -6.27744e+66 52.5405 
-6.27744e+66 -6.27744e+66 -6.27744e+66 -6.27744e+66 -6.27744e+66 -6.27744e+66 -6.27744e+66 
-6.27744e+66 54.7094 128.372 233.485 585.908 946.567 1474.13 
-6.27744e+66 -6.27744e+66 54.7094 107.266 342.215 612.709 1034.76 
-6.27744e+66 -6.27744e+66 -6.27744e+66 54.7094 172.184 352.513 669.053 
-6.27744e+66 -6.27744e+66 -6.27744e+66 -6.27744e+66 54.7094 144.874 355.9 
-6.27744e+66 -6.27744e+66 -6.27744e+66 -6.27744e+66 -6.27744e+66 54.7094 160.223 
-6.27744e+66 -6.27744e+66 -6.27744e+66 -6.27744e+66 -6.27744e+66 -6.27744e+66 54.7094 
-6.27744e+66 -6.27744e+66 -6.27744e+66 -6.27744e+66 -6.27744e+66 -6.27744e+66 -6.27744e+66 
-6.27744e+66 51.37 149.698 241.643 472.49 640.438 1115.8 
-6.27744e+66 -6.27744e+66 51.37 97.3424 251.24 377.202 757.491 
-6.27744e+66 -6.27744e+66 -6.27744e+66 51.37 128.319 212.293 497.51 
-6.27744e+66 -6.27744e+66 -6.27744e+66 -6.27744e+66 51.37 93.3572 283.502 
-6.27744e+66 -6.27744e+66 -6.27744e+66 -6.27744e+66 -6.27744e+66 51.37 146.442 
-6.27744e+66 -6.27744e+66 -6.27744e+66 -6.27744e+66 -6.27744e+66 -6.27744e+66 51.37 
-6.27744e+66 -6.27744e+66 -6.27744e+66 -6.27744e+66 -6.27744e+66 -6.27744e+66 -6.27744e+66 
-6.27744e+66 62.0528 155.714 325.172 648.941 786.217 1412.77 
-6.27744e+66 -6.27744e+66 62.0528 146.782 362.627 465.585 966.828 
-6.27744e+66 -6.27744e+66 -6.27744e+66 62.0528 169.976 238.614 614.546 
-6.27744e+66 -6.27744e+66 -6.27744e+66 -6.27744e+66 62.0528 96.3718 346.993 
-6.27744e+66 -6.27744e+66 -6.27744e+66 -6.27744e+66 -6.27744e+66 62.0528 187.364 
-6.27744e+66 -6.27744e+66 -6.27744e+66 -6.27744e+66 -6.27744e+66 -6.27744e+66 62.0528 
-6.27744e+66 -6.27744e+66 -6.27744e+66 -6.27744e+66 -6.27744e+66 -6.27744e+66 -6.27744e+66 
-6.27744e+66 19.103 127.875 164.497 589.483 731.007 1192.59 
-6.27744e+66 -6.27744e+66 19.103 37.414 320.738 426.881 796.148 
-6.27744e+66 -6.27744e+66 -6.27744e+66 19.103 160.765 231.527 508.477 
-6.27744e+66 -6.27744e+66 -6.27744e+66 -6.27744e+66 19.103 54.4839 239.118 
-6.27744e+66 -6.27744e+66 -6.27744e+66 -6.27744e+66 -6.27744e+66 19.103 111.42 
-6.27744e+66 -6.27744e+66 -6.27744e+66 -6.27744e+66 -6.27744e+66 -6.27744e+66 19.103 
-6.27744e+66 -6.27744e+66 -6.27744e+66 -6.27744e+66 -6.27744e+66 -6.27744e+66 -6.27744e+66 
-6.27744e+66 44.1761 150.854 327.797 612.438 784.925 1193.33 
-6.27744e+66 -6.27744e+66 44.1761 132.648 322.408 451.774 778.5 
-6.27744e+66 -6.27744e+66 -6.27744e+66 44.1761 139.056 225.3 470.345 
-6.27744e+66 -6.27744e+66 -6.27744e+66 -6.27744e+66 44.1761 87.298 250.661 
-6.27744e+66 -6.27744e+66 -6.27744e+66 -6.27744e+66 -6.27744e+66 44.1761 125.858 
-6.27744e+66 -6.27744e+66 -6.27744e+66 -6.27744e+66 -6.27744e+66 -6.27744e+66 44.1761 
-6.27744e+66 -6.27744e+66 -6.27744e+66 -6.27744e+66 -6.27744e+66 -6.27744e+66 -6.27744e+66 
-6.27744e+66 15.7536 121.279 171.582 355.277 594.523 1128.96 
-6.27744e+66 -6.27744e+66 15.7536 40.9049 163.368 342.803 770.35 
-6.27744e+66 -6.27744e+66 -6.27744e+66 15.7536 76.9851 196.608 517.269 
-6.27744e+66 -6.27744e+66 -6.27744e+66 -6.27744e+66 15.7536 75.5653 289.339 
-6.27744e+66 -6.27744e+66 -6.27744e+66 -6.27744e+66 -6.27744e+66 15.7536 122.64 
-6.27744e+66 -6.27744e+66 -6.27744e+66 -6.27744e+66 -6.27744e+66 -6.27744e+66 15.7536 
-6.27744e+66 -6.27744e+66 -6.27744e+66 -6.27744e+66 -6.27744e+66 -6.27744e+66 -6.27744e+66 
-6.27744e+66 89.1351 184.769 350.128 651.116 977.289 1497.66 
-6.27744e+66 -6.27744e+66 89.1351 171.815 372.474 617.103 1033.4 
-6.27744e+66 -6.27744e+66 -6.27744e+66 89.1351 189.465 352.551 664.774 
-6.27744e+66 -6.27744e+66 -6.27744e+66 -6.27744e+66 89.1351 170.678 378.827 
-6.27744e+66 -6.27744e+66 -6.27744e+66 -6.27744e+66 -6.27744e+66 89.1351 193.21 
-6.27744e+66 -6.27744e+66 -6.27744e+66 -6.27744e+66 -6.27744e+66 -6.27744e+66 89.1351 
-6.27744e+66 -6.27744e+66 -6.27744e+66 -6.27744e+66 -6.27744e+66 -6.27744e+66 -6.27744e+66 
-6.27744e+66 47.22 143.938 195.35 429.626 581.969 1008.05 
-6.27744e+66 -6.27744e+66 47.22 72.926 229.11 343.367 684.234 
-6.27744e+66 -6.27744e+66 -6.27744e+66 47.22 125.312 201.483 457.134 
-6.27744e+66 -6.27744e+66 -6.27744e+66 -6.27744e+66 47.22 85.3057 255.739 
-6.27744e+66 -6.27744e+66 -6.27744e+66 -6.27744e+66 -6.27744e+66 47.22 132.437 
-6.27744e+66 -6.27744e+66 -6.27744e+66 -6.27744e+66 -6.27744e+66 -6.27744e+66 47.22 
-6.27744e+66 -6.27744e+66 -6.27744e+66 -6.27744e+66 -6.27744e+66 -6.27744e+66 -6.27744e+66 
-6.27744e+66 60.4499 145.027 274.949 572.945 753.705 1283.84 
-6.27744e+66 -6.27744e+66 60.4499 125.411 324.075 459.645 883.752 
-6.27744e+66 -6.27744e+66 -6.27744e+66 60.4499 159.782 250.162 568.242 
-6.27744e+66 -6.27744e+66 -6.27744e+66 -6.27744e+66 60.4499 105.64 317.693 
-6.27744e+66 -6.27744e+66 -6.27744e+66 -6.27744e+66 -6.27744e+66 60.4499 166.477 
-6.27744e+66 -6.27744e+66 -6.27744e+66 -6.27744e+66 -6.27744e+66 -6.27744e+66 60.4499 
-6.27744e+66 -6.27744e+66 -6.27744e+66 -6.27744e+66 -6.27744e+66 -6.27744e+66 -6.27744e+66 
-6.27744e+66 70.2965 180.758 296.484 710.902 1024.51 1659.49 
-6.27744e+66 -6.27744e+66 70.2965 128.159 404.438 639.64 1147.63 
-6.27744e+66 -6.27744e+66 -6.27744e+66 70.2965 208.436 365.237 746.226 
-6.27744e+66 -6.27744e+66 -6.27744e+66 -6.27744e+66 70.2965 148.697 402.69 
-6.27744e+66 -6.27744e+66 -6.27744e+66 -6.27744e+66 -6.27744e+66 70.2965 197.293 
-6.27744e+66 -6.27744e+66 -6.27744e+66 -6.27744e+66 -6.27744e+66 -6.27744e+66 70.2965 
-6.27744e+66 -6.27744e+66 -6.27744e+66 -6.27744e+66 -6.27744e+66 -6.27744e+66 -6.27744e+66 
-6.27744e+66 66.7792 178.115 256.826 648.711 743.531 1331.85 
-6.27744e+66 -6.27744e+66 66.7792 106.135 367.392 438.507 909.16 
-6.27744e+66 -6.27744e+66 -6.27744e+66 66.7792 197.408 244.818 597.807 
-6.27744e+66 -6.27744e+66 -6.27744e+66 -6.27744e+66 66.7792 90.4842 325.811 
-6.27744e+66 -6.27744e+66 -6.27744e+66 -6.27744e+66 -6.27744e+66 66.7792 184.443 
-6.27744e+66 -6.27744e+66 -6.27744e+66 -6.27744e+66 -6.27744e+66 -6.27744e+66 66.7792 
-6.27744e+66 -6.27744e+66 -6.27744e+66 -6.27744e+66 -6.27744e+66 -6.27744e+66 -6.27744e+66 
