6 40 
76.8457 76.8457 76.8457 76.8457 76.8457 76.8457 
item 0
16.9571 94.946 0 115.036 0 130.633 
72.1548 72.1548 72.1548 72.1548 72.1548 72.1548 
1 1 1 1 1 1 
item 1
67.6554 0 61.7169 0 64.3048 80.3308 
73.3382 73.3382 73.3382 73.3382 73.3382 73.3382 
1 1 1 1 1 1 
item 2
40.4504 0 0 102.64 17.5377 84.7197 
43.5529 43.5529 43.5529 43.5529 43.5529 43.5529 
1 1 1 1 1 1 
item 3
63.4969 0 46.7004 0 32.5259 104.495 
73.7631 73.7631 73.7631 73.7631 73.7631 73.7631 
1 1 1 1 1 1 
item 4
25.9183 152.635 0 124.225 0 0 
61.5891 61.5891 61.5891 61.5891 61.5891 61.5891 
1 1 1 1 1 1 
item 5
51.4832 0 42.3729 0 0 74.4532 
60.6628 60.6628 60.6628 60.6628 60.6628 60.6628 
1 1 1 1 1 1 
item 6
53.021 119.649 62.2696 105.014 25.0665 57.3771 
48.1319 48.1319 48.1319 48.1319 48.1319 48.1319 
1 1 1 1 1 1 
item 7
62.823 0 29.344 99.4546 0 0 
66.7649 66.7649 66.7649 66.7649 66.7649 66.7649 
1 1 1 1 1 1 
item 8
7.77789 0 61.961 85.723 38.9556 106.283 
84.2554 84.2554 84.2554 84.2554 84.2554 84.2554 
1 1 1 1 1 1 
item 9
38.6404 0 48.2967 0 0 0 
56.1321 56.1321 56.1321 56.1321 56.1321 56.1321 
1 1 1 1 1 1 
item 10
20.3951 85.873 81.5333 76.2376 85.3701 0 
36.6483 36.6483 36.6483 36.6483 36.6483 36.6483 
1 1 1 1 1 1 
item 11
76.1483 0 0 87.5728 29.0707 0 
96.6498 96.6498 96.6498 96.6498 96.6498 96.6498 
1 1 1 1 1 1 
item 12
58.8563 96.7604 0 0 50.7525 70.5904 
75.6754 75.6754 75.6754 75.6754 75.6754 75.6754 
1 1 1 1 1 1 
item 13
64.1966 0 41.5107 109.431 103.692 0 
84.5994 84.5994 84.5994 84.5994 84.5994 84.5994 
1 1 1 1 1 1 
item 14
53.5798 85.2405 62.0544 83.2591 80.2555 86.5511 
39.7208 39.7208 39.7208 39.7208 39.7208 39.7208 
1 1 1 1 1 1 
item 15
36.5537 0 74.4848 0 0 112.086 
64.5341 64.5341 64.5341 64.5341 64.5341 64.5341 
1 1 1 1 1 1 
item 16
23.3115 91.5505 48.7537 0 0 97.6932 
57.946 57.946 57.946 57.946 57.946 57.946 
1 1 1 1 1 1 
item 17
47.803 0 40.9036 0 50.0325 85.7052 
46.8817 46.8817 46.8817 46.8817 46.8817 46.8817 
1 1 1 1 1 1 
item 18
36.7 113.798 74.4354 0 25.8924 99.0458 
38.7945 38.7945 38.7945 38.7945 38.7945 38.7945 
1 1 1 1 1 1 
item 19
48.0955 84.8242 0 105.238 0 0 
64.524 64.524 64.524 64.524 64.524 64.524 
1 1 1 1 1 1 
item 20
39.1967 108.542 0 135.526 0 0 
72.7436 72.7436 72.7436 72.7436 72.7436 72.7436 
1 1 1 1 1 1 
item 21
60.5298 0 0 0 0 97.381 
78.2093 78.2093 78.2093 78.2093 78.2093 78.2093 
1 1 1 1 1 1 
item 22
51.0727 0 89.0171 97.5804 0 0 
75.3242 75.3242 75.3242 75.3242 75.3242 75.3242 
1 1 1 1 1 1 
item 23
88.9716 0 74.9549 73.4404 49.6671 0 
58.8559 58.8559 58.8559 58.8559 58.8559 58.8559 
1 1 1 1 1 1 
item 24
47.6597 0 50.5766 0 0 103.293 
61.016 61.016 61.016 61.016 61.016 61.016 
1 1 1 1 1 1 
item 25
63.6764 0 36.125 80.5698 30.1818 128.661 
63.1449 63.1449 63.1449 63.1449 63.1449 63.1449 
1 1 1 1 1 1 
item 26
49.1114 91.752 0 91.8414 50.9437 90.678 
84.8361 84.8361 84.8361 84.8361 84.8361 84.8361 
1 1 1 1 1 1 
item 27
52.0007 81.2276 0 122.234 0 0 
81.8706 81.8706 81.8706 81.8706 81.8706 81.8706 
1 1 1 1 1 1 
item 28
76.9022 129.458 49.0915 105.352 0 95.773 
51.9493 51.9493 51.9493 51.9493 51.9493 51.9493 
1 1 1 1 1 1 
item 29
60.0203 0 48.4403 124.242 0 0 
25.4238 25.4238 25.4238 25.4238 25.4238 25.4238 
1 1 1 1 1 1 
item 30
56.6963 0 0 0 63.4778 0 
47.4859 47.4859 47.4859 47.4859 47.4859 47.4859 
1 1 1 1 1 1 
item 31
46.2869 104.08 0 66.4333 29.6313 63.8667 
58.955 58.955 58.955 58.955 58.955 58.955 
1 1 1 1 1 1 
item 32
43.2449 0 47.3988 101.846 0 77.6467 
49.8888 49.8888 49.8888 49.8888 49.8888 49.8888 
1 1 1 1 1 1 
item 33
48.0312 0 35.8663 103.612 0 115.676 
56.7909 56.7909 56.7909 56.7909 56.7909 56.7909 
1 1 1 1 1 1 
item 34
62.3665 0 0 0 40.0967 88.5595 
34.5725 34.5725 34.5725 34.5725 34.5725 34.5725 
1 1 1 1 1 1 
item 35
41.9689 0 0 96.4796 53.8961 0 
76.1301 76.1301 76.1301 76.1301 76.1301 76.1301 
1 1 1 1 1 1 
item 36
34.9819 103.027 49.03 122.862 32.9652 84.872 
44.6502 44.6502 44.6502 44.6502 44.6502 44.6502 
1 1 1 1 1 1 
item 37
54.2412 0 0 99.1437 0 60.9675 
86.9893 86.9893 86.9893 86.9893 86.9893 86.9893 
1 1 1 1 1 1 
item 38
57.6269 105.573 78.2175 0 33.8554 0 
31.6399 31.6399 31.6399 31.6399 31.6399 31.6399 
1 1 1 1 1 1 
item 39
15.7898 102.323 34.3381 0 0 0 
43.1271 43.1271 43.1271 43.1271 43.1271 43.1271 
1 1 1 1 1 1 
