6 10 
-6.27744e+66 66.7417 162.287 248.355 518.959 806.113 1308.43 
-6.27744e+66 -6.27744e+66 66.7417 109.776 290.178 505.544 907.401 
-6.27744e+66 -6.27744e+66 -6.27744e+66 66.7417 156.943 300.52 601.913 
-6.27744e+66 -6.27744e+66 -6.27744e+66 -6.27744e+66 66.7417 138.53 339.459 
-6.27744e+66 -6.27744e+66 -6.27744e+66 -6.27744e+66 -6.27744e+66 66.7417 167.206 
-6.27744e+66 -6.27744e+66 -6.27744e+66 -6.27744e+66 -6.27744e+66 -6.27744e+66 66.7417 
-6.27744e+66 -6.27744e+66 -6.27744e+66 -6.27744e+66 -6.27744e+66 -6.27744e+66 -6.27744e+66 
-6.27744e+66 31.3135 171.184 294.501 640.649 818.417 1262.6 
-6.27744e+66 -6.27744e+66 31.3135 92.9717 323.737 457.063 812.406 
-6.27744e+66 -6.27744e+66 -6.27744e+66 31.3135 146.696 235.58 502.087 
-6.27744e+66 -6.27744e+66 -6.27744e+66 -6.27744e+66 31.3135 75.7556 253.427 
-6.27744e+66 -6.27744e+66 -6.27744e+66 -6.27744e+66 -6.27744e+66 31.3135 120.149 
-6.27744e+66 -6.27744e+66 -6.27744e+66 -6.27744e+66 -6.27744e+66 -6.27744e+66 31.3135 
-6.27744e+66 -6.27744e+66 -6.27744e+66 -6.27744e+66 -6.27744e+66 -6.27744e+66 -6.27744e+66 
-6.27744e+66 55.6575 132.959 183.48 462.395 686.512 1449.29 
-6.27744e+66 -6.27744e+66 55.6575 80.9179 266.861 434.949 1045.17 
-6.27744e+66 -6.27744e+66 -6.27744e+66 55.6575 148.629 260.687 718.351 
-6.27744e+66 -6.27744e+66 -6.27744e+66 -6.27744e+66 55.6575 111.687 416.796 
-6.27744e+66 -6.27744e+66 -6.27744e+66 -6.27744e+66 -6.27744e+66 55.6575 208.212 
-6.27744e+66 -6.27744e+66 -6.27744e+66 -6.27744e+66 -6.27744e+66 -6.27744e+66 55.6575 
-6.27744e+66 -6.27744e+66 -6.27744e+66 -6.27744e+66 -6.27744e+66 -6.27744e+66 -6.27744e+66 
-6.27744e+66 80.7325 184.067 194.876 509.613 776.821 1224.5 
-6.27744e+66 -6.27744e+66 80.7325 86.137 295.962 496.368 854.511 
-6.27744e+66 -6.27744e+66 -6.27744e+66 80.7325 185.645 319.249 587.857 
-6.27744e+66 -6.27744e+66 -6.27744e+66 -6.27744e+66 80.7325 147.535 326.606 
-6.27744e+66 -6.27744e+66 -6.27744e+66 -6.27744e+66 -6.27744e+66 80.7325 170.268 
-6.27744e+66 -6.27744e+66 -6.27744e+66 -6.27744e+66 -6.27744e+66 -6.27744e+66 80.7325 
-6.27744e+66 -6.27744e+66 -6.27744e+66 -6.27744e+66 -6.27744e+66 -6.27744e+66 -6.27744e+66 
-6.27744e+66 76.86 219.619 329.196 680.645 937.566 1322.94 
-6.27744e+66 -6.27744e+66 76.86 131.649 365.948 558.639 866.94 
-6.27744e+66 -6.27744e+66 -6.27744e+66 76.86 194.01 322.47 553.696 
-6.27744e+66 -6.27744e+66 -6.27744e+66 -6.27744e+66 76.86 141.09 295.241 
-6.27744e+66 -6.27744e+66 -6.27744e+66 -6.27744e+66 -6.27744e+66 76.86 153.935 
-6.27744e+66 -6.27744e+66 -6.27744e+66 -6.27744e+66 -6.27744e+66 -6.27744e+66 76.86 
-6.27744e+66 -6.27744e+66 -6.27744e+66 -6.27744e+66 -6.27744e+66 -6.27744e+66 -6.27744e+66 
-6.27744e+66 107.76 214.587 279.878 602.449 874.71 1329.11 
-6.27744e+66 -6.27744e+66 107.76 140.405 355.453 559.648 923.17 
-6.27744e+66 -6.27744e+66 -6.27744e+66 107.76 215.283 351.414 624.055 
-6.27744e+66 -6.27744e+66 -6.27744e+66 -6.27744e+66 107.76 175.825 357.586 
-6.27744e+66 -6.27744e+66 -6.27744e+66 -6.27744e+66 -6.27744e+66 107.76 198.64 
-6.27744e+66 -6.27744e+66 -6.27744e+66 -6.27744e+66 -6.27744e+66 -6.27744e+66 107.76 
-6.27744e+66 -6.27744e+66 -6.27744e+66 -6.27744e+66 -6.27744e+66 -6.27744e+66 -6.27744e+66 
-6.27744e+66 54.1708 175.216 291.871 578.209 845.823 1459.09 
-6.27744e+66 -6.27744e+66 54.1708 112.498 303.39 504.101 994.711 
-6.27744e+66 -6.27744e+66 -6.27744e+66 54.1708 149.617 283.424 651.382 
-6.27744e+66 -6.27744e+66 -6.27744e+66 -6.27744e+66 54.1708 121.075 366.379 
-6.27744e+66 -6.27744e+66 -6.27744e+66 -6.27744e+66 -6.27744e+66 54.1708 176.823 
-6.27744e+66 -6.27744e+66 -6.27744e+66 -6.27744e+66 -6.27744e+66 -6.27744e+66 54.1708 
-6.27744e+66 -6.27744e+66 -6.27744e+66 -6.27744e+66 -6.27744e+66 -6.27744e+66 -6.27744e+66 
-6.27744e+66 65.0776 204.046 262.751 502.837 551.85 1054.42 
-6.27744e+66 -6.27744e+66 65.0776 94.4298 254.488 291.247 693.307 
-6.27744e+66 -6.27744e+66 -6.27744e+66 65.0776 145.106 169.613 471.157 
-6.27744e+66 -6.27744e+66 -6.27744e+66 -6.27744e+66 65.0776 77.3307 278.36 
-6.27744e+66 -6.27744e+66 -6.27744e+66 -6.27744e+66 -6.27744e+66 65.0776 165.592 
-6.27744e+66 -6.27744e+66 -6.27744e+66 -6.27744e+66 -6.27744e+66 -6.27744e+66 65.0776 
-6.27744e+66 -6.27744e+66 -6.27744e+66 -6.27744e+66 -6.27744e+66 -6.27744e+66 -6.27744e+66 
-6.27744e+66 70.428 166.495 267.148 654.48 770.721 1309.74 
-6.27744e+66 -6.27744e+66 70.428 120.755 378.976 466.156 897.371 
-6.27744e+66 -6.27744e+66 -6.27744e+66 70.428 199.539 257.659 581.07 
-6.27744e+66 -6.27744e+66 -6.27744e+66 -6.27744e+66 70.428 99.4881 315.096 
-6.27744e+66 -6.27744e+66 -6.27744e+66 -6.27744e+66 -6.27744e+66 70.428 178.232 
-6.27744e+66 -6.27744e+66 -6.27744e+66 -6.27744e+66 -6.27744e+66 -6.27744e+66 70.428 
-6.27744e+66 -6.27744e+66 -6.27744e+66 -6.27744e+66 -6.27744e+66 -6.27744e+66 -6.27744e+66 
-6.27744e+66 102.492 220.364 248.91 504.445 649.386 1067.4 
-6.27744e+66 -6.27744e+66 102.492 116.765 287.122 395.827 730.238 
-6.27744e+66 -6.27744e+66 -6.27744e+66 102.492 187.67 260.14 510.948 
-6.27744e+66 -6.27744e+66 -6.27744e+66 -6.27744e+66 102.492 138.727 305.932 
-6.27744e+66 -6.27744e+66 -6.27744e+66 -6.27744e+66 -6.27744e+66 102.492 186.095 
-6.27744e+66 -6.27744e+66 -6.27744e+66 -6.27744e+66 -6.27744e+66 -6.27744e+66 102.492 
-6.27744e+66 -6.27744e+66 -6.27744e+66 -6.27744e+66 -6.27744e+66 -6.27744e+66 -6.27744e+66 
