18 10 
570.832 570.832 570.832 570.832 570.832 570.832 570.832 570.832 570.832 570.832 570.832 570.832 570.832 570.832 570.832 570.832 570.832 570.832 
item 0
48.1199 0 70.797 89.206 0 0 0 0 0 82.9372 42.0653 71.3286 33.9258 97.5521 56.6536 0 0 0 
36.1046 36.1046 36.1046 36.1046 36.1046 36.1046 36.1046 36.1046 36.1046 36.1046 36.1046 36.1046 36.1046 36.1046 36.1046 36.1046 36.1046 36.1046 
1 1 1 1 1 1 1 1 1 1 1 1 1 1 1 1 1 1 
item 1
46.7823 0 0 85.4884 0 0 0 75.5092 0 91.507 0 0 0 0 72.592 101.317 19.165 0 
48.8055 48.8055 48.8055 48.8055 48.8055 48.8055 48.8055 48.8055 48.8055 48.8055 48.8055 48.8055 48.8055 48.8055 48.8055 48.8055 48.8055 48.8055 
1 1 1 1 1 1 1 1 1 1 1 1 1 1 1 1 1 1 
item 2
75.2758 101.686 87.0734 0 0 112.988 71.2217 0 0 0 31.8162 0 0 0 53.5538 0 0 108.216 
88.1748 88.1748 88.1748 88.1748 88.1748 88.1748 88.1748 88.1748 88.1748 88.1748 88.1748 88.1748 88.1748 88.1748 88.1748 88.1748 88.1748 88.1748 
1 1 1 1 1 1 1 1 1 1 1 1 1 1 1 1 1 1 
item 3
56.0048 90.1605 69.2049 95.6436 31.0948 121.978 0 75.4907 63.023 101.564 88.5455 118.24 29.818 0 0 124.693 35.9222 0 
71.6911 71.6911 71.6911 71.6911 71.6911 71.6911 71.6911 71.6911 71.6911 71.6911 71.6911 71.6911 71.6911 71.6911 71.6911 71.6911 71.6911 71.6911 
1 1 1 1 1 1 1 1 1 1 1 1 1 1 1 1 1 1 
item 4
30.0422 0 0 0 62.0654 58.2405 44.4131 0 70.3667 0 0 0 0 103.884 27.5904 118.171 51.46 74.1892 
55.1557 55.1557 55.1557 55.1557 55.1557 55.1557 55.1557 55.1557 55.1557 55.1557 55.1557 55.1557 55.1557 55.1557 55.1557 55.1557 55.1557 55.1557 
1 1 1 1 1 1 1 1 1 1 1 1 1 1 1 1 1 1 
item 5
16.4252 0 58.9261 89.5693 31.3494 0 0 73.6445 0 0 50.162 0 14.8534 0 84.5205 0 0 0 
54.0592 54.0592 54.0592 54.0592 54.0592 54.0592 54.0592 54.0592 54.0592 54.0592 54.0592 54.0592 54.0592 54.0592 54.0592 54.0592 54.0592 54.0592 
1 1 1 1 1 1 1 1 1 1 1 1 1 1 1 1 1 1 
item 6
52.807 0 0 88.226 0 0 0 100.849 30.2102 121.187 0 92.159 65.6936 0 0 0 0 0 
79.0549 79.0549 79.0549 79.0549 79.0549 79.0549 79.0549 79.0549 79.0549 79.0549 79.0549 79.0549 79.0549 79.0549 79.0549 79.0549 79.0549 79.0549 
1 1 1 1 1 1 1 1 1 1 1 1 1 1 1 1 1 1 
item 7
60.4176 0 0 81.0544 0 0 33.9216 0 0 123.3 59.6754 0 57.0686 91.7447 42.5928 0 59.3216 112.347 
52.2164 52.2164 52.2164 52.2164 52.2164 52.2164 52.2164 52.2164 52.2164 52.2164 52.2164 52.2164 52.2164 52.2164 52.2164 52.2164 52.2164 52.2164 
1 1 1 1 1 1 1 1 1 1 1 1 1 1 1 1 1 1 
item 8
70.5039 0 79.454 0 0 105.54 58.2484 100.541 0 0 85.4973 102.641 0 0 68.8619 117.293 77.453 0 
59.4096 59.4096 59.4096 59.4096 59.4096 59.4096 59.4096 59.4096 59.4096 59.4096 59.4096 59.4096 59.4096 59.4096 59.4096 59.4096 59.4096 59.4096 
1 1 1 1 1 1 1 1 1 1 1 1 1 1 1 1 1 1 
item 9
50.5421 0 0 0 39.2341 0 0 103.901 33.4325 78.8376 0 0 0 0 57.8815 96.3951 0 117.321 
65.2298 65.2298 65.2298 65.2298 65.2298 65.2298 65.2298 65.2298 65.2298 65.2298 65.2298 65.2298 65.2298 65.2298 65.2298 65.2298 65.2298 65.2298 
1 1 1 1 1 1 1 1 1 1 1 1 1 1 1 1 1 1 
