48 20 
927.25 927.25 927.25 927.25 927.25 927.25 927.25 927.25 927.25 927.25 927.25 927.25 927.25 927.25 927.25 927.25 927.25 927.25 927.25 927.25 927.25 927.25 927.25 927.25 927.25 927.25 927.25 927.25 927.25 927.25 927.25 927.25 927.25 927.25 927.25 927.25 927.25 927.25 927.25 927.25 927.25 927.25 927.25 927.25 927.25 927.25 927.25 927.25 
item 0
35.8633 82.8282 85.6699 132.687 24.334 116.299 70.8988 109.647 26.3281 69.9957 34.6903 54.6207 47.9686 100.711 58.446 78.0953 49.4861 99.3914 46.8699 117.674 64.1444 101.446 51.681 91.0009 70.3894 77.6156 25.7061 101.72 54.3293 74.364 24.4632 87.4233 36.4217 118.182 44.1969 100.749 33.0783 112.65 48.4842 119.225 33.4 137.855 38.1498 148.552 57.1377 118.833 96.9448 82.8757 
28.8341 28.8341 28.8341 28.8341 28.8341 28.8341 28.8341 28.8341 28.8341 28.8341 28.8341 28.8341 28.8341 28.8341 28.8341 28.8341 28.8341 28.8341 28.8341 28.8341 28.8341 28.8341 28.8341 28.8341 28.8341 28.8341 28.8341 28.8341 28.8341 28.8341 28.8341 28.8341 28.8341 28.8341 28.8341 28.8341 28.8341 28.8341 28.8341 28.8341 28.8341 28.8341 28.8341 28.8341 28.8341 28.8341 28.8341 28.8341 
1 1 1 1 1 1 1 1 1 1 1 1 1 1 1 1 1 1 1 1 1 1 1 1 1 1 1 1 1 1 1 1 1 1 1 1 1 1 1 1 1 1 1 1 1 1 1 1 
item 1
31.9156 106.812 19.9985 110.689 62.0449 87.9804 54.9333 103.381 53.9417 105.04 52.8111 77.4351 31.9065 112.44 76.2845 97.9186 46.0799 109.122 75.6677 74.9363 15.7107 93.3603 30.4894 97.6955 32.0898 77.6757 49.4339 106.052 69.1583 87.8486 74.8529 90.8885 60.6564 65.8004 51.7854 130.426 47.9569 117.929 40.8461 130.112 70.316 93.3348 82.5794 103.395 54.4569 115.826 72.018 88.5698 
54.0731 54.0731 54.0731 54.0731 54.0731 54.0731 54.0731 54.0731 54.0731 54.0731 54.0731 54.0731 54.0731 54.0731 54.0731 54.0731 54.0731 54.0731 54.0731 54.0731 54.0731 54.0731 54.0731 54.0731 54.0731 54.0731 54.0731 54.0731 54.0731 54.0731 54.0731 54.0731 54.0731 54.0731 54.0731 54.0731 54.0731 54.0731 54.0731 54.0731 54.0731 54.0731 54.0731 54.0731 54.0731 54.0731 54.0731 54.0731 
1 1 1 1 1 1 1 1 1 1 1 1 1 1 1 1 1 1 1 1 1 1 1 1 1 1 1 1 1 1 1 1 1 1 1 1 1 1 1 1 1 1 1 1 1 1 1 1 
item 2
66.6848 103.813 96.6982 95.5999 68.2911 97.5924 36.5224 87.2856 27.9776 80.9116 48.5154 115.57 66.1075 80.1725 58.1553 93.0609 52.99 98.1735 43.1633 91.9361 42.7685 99.9224 31.2216 86.9374 39.1593 110.966 69.0373 93.6719 69.121 108.852 40.5876 111.235 39.8541 133.525 41.2713 99.5643 68.0088 95.9436 52.8912 92.6206 51.7875 106.41 55.2253 90.1635 60.5549 89.0831 37.0787 84.8103 
54.4765 54.4765 54.4765 54.4765 54.4765 54.4765 54.4765 54.4765 54.4765 54.4765 54.4765 54.4765 54.4765 54.4765 54.4765 54.4765 54.4765 54.4765 54.4765 54.4765 54.4765 54.4765 54.4765 54.4765 54.4765 54.4765 54.4765 54.4765 54.4765 54.4765 54.4765 54.4765 54.4765 54.4765 54.4765 54.4765 54.4765 54.4765 54.4765 54.4765 54.4765 54.4765 54.4765 54.4765 54.4765 54.4765 54.4765 54.4765 
1 1 1 1 1 1 1 1 1 1 1 1 1 1 1 1 1 1 1 1 1 1 1 1 1 1 1 1 1 1 1 1 1 1 1 1 1 1 1 1 1 1 1 1 1 1 1 1 
item 3
74.8972 77.0139 15.993 90.3314 28.187 104.351 60.9579 90.4389 12.3245 76.8699 52.6349 87.0376 62.2979 89.2521 52.9114 112.799 7.65629 138.63 70.3858 94.3387 33.9384 127.442 19.7335 106.116 36.6053 71.3117 37.6777 94.3501 35.8611 103.924 70.5447 128.35 56.0895 137.265 5.97452 96.0944 43.286 99.9981 49.3117 55.1826 69.9235 100.617 20.3306 121.358 45.1412 131.5 67.5816 115.305 
42.7655 42.7655 42.7655 42.7655 42.7655 42.7655 42.7655 42.7655 42.7655 42.7655 42.7655 42.7655 42.7655 42.7655 42.7655 42.7655 42.7655 42.7655 42.7655 42.7655 42.7655 42.7655 42.7655 42.7655 42.7655 42.7655 42.7655 42.7655 42.7655 42.7655 42.7655 42.7655 42.7655 42.7655 42.7655 42.7655 42.7655 42.7655 42.7655 42.7655 42.7655 42.7655 42.7655 42.7655 42.7655 42.7655 42.7655 42.7655 
1 1 1 1 1 1 1 1 1 1 1 1 1 1 1 1 1 1 1 1 1 1 1 1 1 1 1 1 1 1 1 1 1 1 1 1 1 1 1 1 1 1 1 1 1 1 1 1 
item 4
86.4358 85.3291 53.8244 119.157 28.8648 100.374 88.8716 104.142 37.7875 101.363 17.4516 109.83 53.5436 109.071 89.6113 83.5654 42.3431 111.484 65.9676 86.9225 32.116 117.477 47.7982 99.7717 60.2149 109.252 77.2434 114.467 65.0331 53.1046 58.033 81.1474 98.3948 114.851 50.7843 92.6973 12.0267 103.753 57.7637 127.716 44.4467 79.1635 68.4195 85.3189 49.0598 114.893 93.5861 128.084 
44.7946 44.7946 44.7946 44.7946 44.7946 44.7946 44.7946 44.7946 44.7946 44.7946 44.7946 44.7946 44.7946 44.7946 44.7946 44.7946 44.7946 44.7946 44.7946 44.7946 44.7946 44.7946 44.7946 44.7946 44.7946 44.7946 44.7946 44.7946 44.7946 44.7946 44.7946 44.7946 44.7946 44.7946 44.7946 44.7946 44.7946 44.7946 44.7946 44.7946 44.7946 44.7946 44.7946 44.7946 44.7946 44.7946 44.7946 44.7946 
1 1 1 1 1 1 1 1 1 1 1 1 1 1 1 1 1 1 1 1 1 1 1 1 1 1 1 1 1 1 1 1 1 1 1 1 1 1 1 1 1 1 1 1 1 1 1 1 
item 5
15.0349 97.8156 35.8953 127.8 64.0726 123.858 32.0774 120.048 56.029 109.3 31.3021 110.836 86.329 98.2982 68.0916 106.53 22.586 93.2252 71.0642 95.3966 50.5603 118.908 38.148 147.841 18.7336 108.027 39.5091 93.3082 45.6959 100.484 37.6808 109.938 21.0546 105.004 44.8737 62.0334 59.538 91.9435 59.0941 127.281 72.3156 104.452 52.838 93.0303 51.2214 76.9311 29.6208 96.4993 
79.545 79.545 79.545 79.545 79.545 79.545 79.545 79.545 79.545 79.545 79.545 79.545 79.545 79.545 79.545 79.545 79.545 79.545 79.545 79.545 79.545 79.545 79.545 79.545 79.545 79.545 79.545 79.545 79.545 79.545 79.545 79.545 79.545 79.545 79.545 79.545 79.545 79.545 79.545 79.545 79.545 79.545 79.545 79.545 79.545 79.545 79.545 79.545 
1 1 1 1 1 1 1 1 1 1 1 1 1 1 1 1 1 1 1 1 1 1 1 1 1 1 1 1 1 1 1 1 1 1 1 1 1 1 1 1 1 1 1 1 1 1 1 1 
item 6
34.1619 101.463 63.4714 93.0768 46.0703 77.3275 36.0002 101.311 75.0037 62.8049 55.0064 86.1334 57.749 92.5068 19.0451 112.109 50.7324 101.558 71.9106 126.274 62.6842 72.2942 57.219 129.439 44.0529 91.8325 67.7219 128.499 48.8129 125.658 52.7039 92.2634 49.3886 145.98 37.0583 77.756 90.418 106.242 59.6518 64.5645 40.4652 101.656 13.6738 98.3831 38.2978 112.075 77.8525 113.68 
43.905 43.905 43.905 43.905 43.905 43.905 43.905 43.905 43.905 43.905 43.905 43.905 43.905 43.905 43.905 43.905 43.905 43.905 43.905 43.905 43.905 43.905 43.905 43.905 43.905 43.905 43.905 43.905 43.905 43.905 43.905 43.905 43.905 43.905 43.905 43.905 43.905 43.905 43.905 43.905 43.905 43.905 43.905 43.905 43.905 43.905 43.905 43.905 
1 1 1 1 1 1 1 1 1 1 1 1 1 1 1 1 1 1 1 1 1 1 1 1 1 1 1 1 1 1 1 1 1 1 1 1 1 1 1 1 1 1 1 1 1 1 1 1 
item 7
89.7457 125.929 63.6517 88.0329 22.7652 107.566 57.1396 103.026 61.3011 82.9116 78.338 101.735 40.2185 126.966 47.08 107.121 3.6694 93.5204 41.1489 61.5902 52.0106 119.22 27.2057 123.701 52.7426 76.0522 79.0484 52.8743 63.9101 150.321 46.0092 103.428 21.6546 123.804 61.599 91.0444 77.0996 107.451 22.4563 127.356 68.0928 84.8928 50.9637 74.7679 66.5799 148.222 35.5862 116.057 
55.8802 55.8802 55.8802 55.8802 55.8802 55.8802 55.8802 55.8802 55.8802 55.8802 55.8802 55.8802 55.8802 55.8802 55.8802 55.8802 55.8802 55.8802 55.8802 55.8802 55.8802 55.8802 55.8802 55.8802 55.8802 55.8802 55.8802 55.8802 55.8802 55.8802 55.8802 55.8802 55.8802 55.8802 55.8802 55.8802 55.8802 55.8802 55.8802 55.8802 55.8802 55.8802 55.8802 55.8802 55.8802 55.8802 55.8802 55.8802 
1 1 1 1 1 1 1 1 1 1 1 1 1 1 1 1 1 1 1 1 1 1 1 1 1 1 1 1 1 1 1 1 1 1 1 1 1 1 1 1 1 1 1 1 1 1 1 1 
item 8
42.8395 79.9912 76.307 97.1888 82.9627 103.178 50.1732 103.714 82.0822 115.65 82.8906 93.8164 29.1599 127.804 67.9851 88.2442 92.0856 110.657 68.0858 68.6456 31.7472 90.0677 60.9874 100.908 23.1678 92.6877 0 95.8497 69.9153 97.9433 46.2459 131.409 62.0814 85.753 69.8374 115.662 13.9192 58.4961 35.0845 84.7677 46.3561 114.844 15.5285 85.1745 73.9619 112.892 13.4304 138.16 
65.3326 65.3326 65.3326 65.3326 65.3326 65.3326 65.3326 65.3326 65.3326 65.3326 65.3326 65.3326 65.3326 65.3326 65.3326 65.3326 65.3326 65.3326 65.3326 65.3326 65.3326 65.3326 65.3326 65.3326 65.3326 65.3326 65.3326 65.3326 65.3326 65.3326 65.3326 65.3326 65.3326 65.3326 65.3326 65.3326 65.3326 65.3326 65.3326 65.3326 65.3326 65.3326 65.3326 65.3326 65.3326 65.3326 65.3326 65.3326 
1 1 1 1 1 1 1 1 1 1 1 1 1 1 1 1 1 1 1 1 1 1 1 1 1 1 1 1 1 1 1 1 1 1 1 1 1 1 1 1 1 1 1 1 1 1 1 1 
item 9
57.2081 89.2672 52.6939 103.392 33.571 83.5912 52.2974 120.718 37.06 77.4879 43.6053 114.843 58.0277 108.846 40.4889 145.267 67.4989 136.821 37.6467 88.9543 45.0729 106.989 49.0517 99.6163 47.8769 147.336 51.3835 88.741 40.0221 131.555 41.1699 124.503 74.3292 97.0899 57.8571 117.264 93.7353 90.3829 53.4457 99.0512 39.0152 109.108 76.0425 103.345 75.2151 113.026 56.2723 77.2 
65.998 65.998 65.998 65.998 65.998 65.998 65.998 65.998 65.998 65.998 65.998 65.998 65.998 65.998 65.998 65.998 65.998 65.998 65.998 65.998 65.998 65.998 65.998 65.998 65.998 65.998 65.998 65.998 65.998 65.998 65.998 65.998 65.998 65.998 65.998 65.998 65.998 65.998 65.998 65.998 65.998 65.998 65.998 65.998 65.998 65.998 65.998 65.998 
1 1 1 1 1 1 1 1 1 1 1 1 1 1 1 1 1 1 1 1 1 1 1 1 1 1 1 1 1 1 1 1 1 1 1 1 1 1 1 1 1 1 1 1 1 1 1 1 
item 10
89.5796 118.517 60.3837 124.324 44.4421 95.7909 45.5495 72.6522 21.0677 113.505 69.665 81.9736 42.2321 113.261 57.5573 105.422 54.4528 97.0844 74.2056 88.4181 41.3341 58.5136 55.6417 93.6018 74.8293 101.606 47.1667 110.404 49.4221 140.206 62.6716 124.748 65.4412 142.806 56.0577 80.5021 30.2724 104.113 50.0784 82.0625 55.3818 101.463 54.3247 116.424 74.402 125.938 39.1626 100.128 
76.1461 76.1461 76.1461 76.1461 76.1461 76.1461 76.1461 76.1461 76.1461 76.1461 76.1461 76.1461 76.1461 76.1461 76.1461 76.1461 76.1461 76.1461 76.1461 76.1461 76.1461 76.1461 76.1461 76.1461 76.1461 76.1461 76.1461 76.1461 76.1461 76.1461 76.1461 76.1461 76.1461 76.1461 76.1461 76.1461 76.1461 76.1461 76.1461 76.1461 76.1461 76.1461 76.1461 76.1461 76.1461 76.1461 76.1461 76.1461 
1 1 1 1 1 1 1 1 1 1 1 1 1 1 1 1 1 1 1 1 1 1 1 1 1 1 1 1 1 1 1 1 1 1 1 1 1 1 1 1 1 1 1 1 1 1 1 1 
item 11
78.4461 109.867 74.9862 130.664 30.7882 91.7124 24.8013 90.031 36.0193 88.039 55.4225 77.6562 75.5441 99.8483 86.2458 90.7124 16.7371 103.062 59.179 121.42 35.2843 94.7343 49.0229 84.0431 42.6913 89.6034 83.5113 101.79 54.0224 105.385 59.3369 91.7133 37.2228 89.5988 52.1381 75.2295 60.0437 114.501 25.2471 82.3886 49.1303 80.0708 50.3479 120.757 27.424 116.213 48.4215 120.251 
66.3634 66.3634 66.3634 66.3634 66.3634 66.3634 66.3634 66.3634 66.3634 66.3634 66.3634 66.3634 66.3634 66.3634 66.3634 66.3634 66.3634 66.3634 66.3634 66.3634 66.3634 66.3634 66.3634 66.3634 66.3634 66.3634 66.3634 66.3634 66.3634 66.3634 66.3634 66.3634 66.3634 66.3634 66.3634 66.3634 66.3634 66.3634 66.3634 66.3634 66.3634 66.3634 66.3634 66.3634 66.3634 66.3634 66.3634 66.3634 
1 1 1 1 1 1 1 1 1 1 1 1 1 1 1 1 1 1 1 1 1 1 1 1 1 1 1 1 1 1 1 1 1 1 1 1 1 1 1 1 1 1 1 1 1 1 1 1 
item 12
62.4665 134.56 46.9455 100.631 47.8703 64.2797 55.7409 77.3274 73.2626 114.128 22.5457 96.3765 47.1584 93.5364 63.8664 99.0734 61.4769 74.6049 68.57 132.702 58.4909 61.3715 50.6083 102.233 75.0668 114.95 50.4741 84.7757 54.3036 114.638 62.4487 130.274 68.3357 102.732 56.4842 69.2012 46.1247 100.875 85.0037 117.521 36.4471 66.7975 10.0392 130.834 65.9659 78.5128 49.2875 107.476 
62.6995 62.6995 62.6995 62.6995 62.6995 62.6995 62.6995 62.6995 62.6995 62.6995 62.6995 62.6995 62.6995 62.6995 62.6995 62.6995 62.6995 62.6995 62.6995 62.6995 62.6995 62.6995 62.6995 62.6995 62.6995 62.6995 62.6995 62.6995 62.6995 62.6995 62.6995 62.6995 62.6995 62.6995 62.6995 62.6995 62.6995 62.6995 62.6995 62.6995 62.6995 62.6995 62.6995 62.6995 62.6995 62.6995 62.6995 62.6995 
1 1 1 1 1 1 1 1 1 1 1 1 1 1 1 1 1 1 1 1 1 1 1 1 1 1 1 1 1 1 1 1 1 1 1 1 1 1 1 1 1 1 1 1 1 1 1 1 
item 13
70.5204 113.839 57.2508 74.5482 27.3627 116.722 30.6823 124.087 43.8768 70.5252 27.2107 129.319 79.9066 83.5735 82.3738 84.5276 36.2778 99.3433 20.0027 74.4003 11.9792 138.63 39.2764 100.985 22.2484 114.279 72.0395 99.4717 22.1128 67.9313 37.2853 74.9553 70.4375 81.4349 41.8409 97.883 37.6135 115.708 45.2031 126.156 44.4507 114.647 55.2892 84.6487 37.2753 92.6042 73.4363 108.96 
44.6072 44.6072 44.6072 44.6072 44.6072 44.6072 44.6072 44.6072 44.6072 44.6072 44.6072 44.6072 44.6072 44.6072 44.6072 44.6072 44.6072 44.6072 44.6072 44.6072 44.6072 44.6072 44.6072 44.6072 44.6072 44.6072 44.6072 44.6072 44.6072 44.6072 44.6072 44.6072 44.6072 44.6072 44.6072 44.6072 44.6072 44.6072 44.6072 44.6072 44.6072 44.6072 44.6072 44.6072 44.6072 44.6072 44.6072 44.6072 
1 1 1 1 1 1 1 1 1 1 1 1 1 1 1 1 1 1 1 1 1 1 1 1 1 1 1 1 1 1 1 1 1 1 1 1 1 1 1 1 1 1 1 1 1 1 1 1 
item 14
45.0001 71.8394 73.8987 77.567 43.1756 106.995 32.343 71.4409 61.547 102.448 47.776 112.853 51.0618 125.495 57.1045 91.0603 28.2403 95.1326 42.906 90.7878 39.8211 111.448 106.267 113.178 68.7091 120.876 75.2163 97.0779 61.7253 98.9483 40.746 123.746 36.3474 114.824 34.5589 78.3899 71.3702 108.745 10.9644 98.9561 57.455 127.793 27.3506 111.493 53.417 90.8603 47.9688 86.6158 
55.6608 55.6608 55.6608 55.6608 55.6608 55.6608 55.6608 55.6608 55.6608 55.6608 55.6608 55.6608 55.6608 55.6608 55.6608 55.6608 55.6608 55.6608 55.6608 55.6608 55.6608 55.6608 55.6608 55.6608 55.6608 55.6608 55.6608 55.6608 55.6608 55.6608 55.6608 55.6608 55.6608 55.6608 55.6608 55.6608 55.6608 55.6608 55.6608 55.6608 55.6608 55.6608 55.6608 55.6608 55.6608 55.6608 55.6608 55.6608 
1 1 1 1 1 1 1 1 1 1 1 1 1 1 1 1 1 1 1 1 1 1 1 1 1 1 1 1 1 1 1 1 1 1 1 1 1 1 1 1 1 1 1 1 1 1 1 1 
item 15
46.4338 95.3398 69.0742 114.076 37.2374 94.8883 64.7781 68.7053 58.5026 96.1753 31.316 98.8028 22.9109 110.87 25.5419 91.6781 54.4872 97.1754 11.7813 140.461 40.9712 62.319 71.0921 104.082 47.6294 110.108 20.0027 85.2763 29.7307 125.197 24.1555 75.5589 61.8218 108.692 47.0821 117.721 26.5035 110.86 61.839 103.622 69.145 87.8303 36.8192 84.5278 32.6984 111.516 23.7173 105.31 
94.909 94.909 94.909 94.909 94.909 94.909 94.909 94.909 94.909 94.909 94.909 94.909 94.909 94.909 94.909 94.909 94.909 94.909 94.909 94.909 94.909 94.909 94.909 94.909 94.909 94.909 94.909 94.909 94.909 94.909 94.909 94.909 94.909 94.909 94.909 94.909 94.909 94.909 94.909 94.909 94.909 94.909 94.909 94.909 94.909 94.909 94.909 94.909 
1 1 1 1 1 1 1 1 1 1 1 1 1 1 1 1 1 1 1 1 1 1 1 1 1 1 1 1 1 1 1 1 1 1 1 1 1 1 1 1 1 1 1 1 1 1 1 1 
item 16
30.0127 124.693 42.9632 127.469 17.729 103.573 73.4176 80.994 49.9427 94.7057 52.2461 60.2025 49.3733 115.673 56.3433 107.3 75.9127 110.495 61.398 114.499 44.9191 74.547 62.5394 81.9792 29.0159 105.58 58.4231 105.647 36.9564 106.345 48.0752 101.98 38.5575 125.139 36.8253 82.8062 81.012 125.913 45.2422 40.3067 60.0956 70.0499 31.0927 116.066 33.5844 116.526 30.5214 119.894 
52.5815 52.5815 52.5815 52.5815 52.5815 52.5815 52.5815 52.5815 52.5815 52.5815 52.5815 52.5815 52.5815 52.5815 52.5815 52.5815 52.5815 52.5815 52.5815 52.5815 52.5815 52.5815 52.5815 52.5815 52.5815 52.5815 52.5815 52.5815 52.5815 52.5815 52.5815 52.5815 52.5815 52.5815 52.5815 52.5815 52.5815 52.5815 52.5815 52.5815 52.5815 52.5815 52.5815 52.5815 52.5815 52.5815 52.5815 52.5815 
1 1 1 1 1 1 1 1 1 1 1 1 1 1 1 1 1 1 1 1 1 1 1 1 1 1 1 1 1 1 1 1 1 1 1 1 1 1 1 1 1 1 1 1 1 1 1 1 
item 17
43.1125 116.4 48.3788 86.5965 52.2229 134.601 79.7468 110.145 41.453 138.241 22.5132 112.914 29.5158 128.969 49.526 91.0448 60.282 103.506 64.1619 129.808 39.1025 108.058 33.7014 112.519 57.0898 80.3911 31.8804 101.474 42.5171 110.283 72.6041 106.579 72.7373 108.429 61.8238 113.724 26.4174 75.4109 25.969 119.043 42.106 115.285 61.3318 111.591 56.7618 138.34 30.2993 103.99 
59.2536 59.2536 59.2536 59.2536 59.2536 59.2536 59.2536 59.2536 59.2536 59.2536 59.2536 59.2536 59.2536 59.2536 59.2536 59.2536 59.2536 59.2536 59.2536 59.2536 59.2536 59.2536 59.2536 59.2536 59.2536 59.2536 59.2536 59.2536 59.2536 59.2536 59.2536 59.2536 59.2536 59.2536 59.2536 59.2536 59.2536 59.2536 59.2536 59.2536 59.2536 59.2536 59.2536 59.2536 59.2536 59.2536 59.2536 59.2536 
1 1 1 1 1 1 1 1 1 1 1 1 1 1 1 1 1 1 1 1 1 1 1 1 1 1 1 1 1 1 1 1 1 1 1 1 1 1 1 1 1 1 1 1 1 1 1 1 
item 18
27.0305 70.5638 70.9086 31.1309 59.1962 75.1284 46.1004 69.5394 42.6061 105.297 48.9649 102.986 84.9809 106.771 76.2429 127.734 70.3555 90.1432 85.7909 107.234 98.6857 124.825 61.5237 129.431 67.1815 106.701 17.6292 98.7212 62.5951 92.8073 60.9771 77.8574 56.6122 76.4769 54.4606 67.7975 53.8806 105.723 20.8587 112.712 57.5062 71.2389 85.7632 107.663 57.5995 104.021 44.2282 130.136 
47.8828 47.8828 47.8828 47.8828 47.8828 47.8828 47.8828 47.8828 47.8828 47.8828 47.8828 47.8828 47.8828 47.8828 47.8828 47.8828 47.8828 47.8828 47.8828 47.8828 47.8828 47.8828 47.8828 47.8828 47.8828 47.8828 47.8828 47.8828 47.8828 47.8828 47.8828 47.8828 47.8828 47.8828 47.8828 47.8828 47.8828 47.8828 47.8828 47.8828 47.8828 47.8828 47.8828 47.8828 47.8828 47.8828 47.8828 47.8828 
1 1 1 1 1 1 1 1 1 1 1 1 1 1 1 1 1 1 1 1 1 1 1 1 1 1 1 1 1 1 1 1 1 1 1 1 1 1 1 1 1 1 1 1 1 1 1 1 
item 19
35.173 93.1636 70.7961 105.673 54.9472 65.3782 34.2087 131.578 37.4842 87.2891 17.7073 134.663 26.7072 93.7588 12.9998 129.384 37.0535 120.298 29.8025 89.5032 34.0178 85.9274 33.0308 76.7244 47.3787 71.9996 64.267 128.507 43.8201 131.44 82.6678 80.473 65.3925 91.4891 38.6173 84.4676 47.3122 97.4335 41.7926 93.7504 29.3633 115.538 33.4528 81.4046 37.0835 117.6 66.8513 63.6254 
56.5392 56.5392 56.5392 56.5392 56.5392 56.5392 56.5392 56.5392 56.5392 56.5392 56.5392 56.5392 56.5392 56.5392 56.5392 56.5392 56.5392 56.5392 56.5392 56.5392 56.5392 56.5392 56.5392 56.5392 56.5392 56.5392 56.5392 56.5392 56.5392 56.5392 56.5392 56.5392 56.5392 56.5392 56.5392 56.5392 56.5392 56.5392 56.5392 56.5392 56.5392 56.5392 56.5392 56.5392 56.5392 56.5392 56.5392 56.5392 
1 1 1 1 1 1 1 1 1 1 1 1 1 1 1 1 1 1 1 1 1 1 1 1 1 1 1 1 1 1 1 1 1 1 1 1 1 1 1 1 1 1 1 1 1 1 1 1 
