24 20 
499.034 499.034 499.034 499.034 499.034 499.034 499.034 499.034 499.034 499.034 499.034 499.034 499.034 499.034 499.034 499.034 499.034 499.034 499.034 499.034 499.034 499.034 499.034 499.034 
item 0
76.6255 0 0 98.586 54.2993 131.842 0 0 0 0 0 137.566 0 66.8213 44.2321 76.9621 0 82.6186 0 0 0 0 41.3623 131.901 
44.5551 44.5551 44.5551 44.5551 44.5551 44.5551 44.5551 44.5551 44.5551 44.5551 44.5551 44.5551 44.5551 44.5551 44.5551 44.5551 44.5551 44.5551 44.5551 44.5551 44.5551 44.5551 44.5551 44.5551 
1 1 1 1 1 1 1 1 1 1 1 1 1 1 1 1 1 1 1 1 1 1 1 1 
item 1
52.8132 111.641 35.8352 0 0 0 22.8477 0 0 110.091 0 103.433 91.1754 110.141 0 0 38.6737 106.606 0 0 33.1983 0 19.5586 0 
84.3542 84.3542 84.3542 84.3542 84.3542 84.3542 84.3542 84.3542 84.3542 84.3542 84.3542 84.3542 84.3542 84.3542 84.3542 84.3542 84.3542 84.3542 84.3542 84.3542 84.3542 84.3542 84.3542 84.3542 
1 1 1 1 1 1 1 1 1 1 1 1 1 1 1 1 1 1 1 1 1 1 1 1 
item 2
35.9434 0 0 0 45.0791 0 0 0 101.424 110.306 11.1264 0 0 0 59.7037 102.59 39.5619 96.0472 51.3426 88.5025 0 51.1299 0 96.3505 
52.1337 52.1337 52.1337 52.1337 52.1337 52.1337 52.1337 52.1337 52.1337 52.1337 52.1337 52.1337 52.1337 52.1337 52.1337 52.1337 52.1337 52.1337 52.1337 52.1337 52.1337 52.1337 52.1337 52.1337 
1 1 1 1 1 1 1 1 1 1 1 1 1 1 1 1 1 1 1 1 1 1 1 1 
item 3
42.2848 0 0 98.336 7.7622 124.892 0 84.6614 0 0 66.7207 100.728 0 100.029 0 123.985 13.9426 96.9601 40.1302 88.7641 66.8666 0 42.6328 0 
78.7112 78.7112 78.7112 78.7112 78.7112 78.7112 78.7112 78.7112 78.7112 78.7112 78.7112 78.7112 78.7112 78.7112 78.7112 78.7112 78.7112 78.7112 78.7112 78.7112 78.7112 78.7112 78.7112 78.7112 
1 1 1 1 1 1 1 1 1 1 1 1 1 1 1 1 1 1 1 1 1 1 1 1 
item 4
48.209 102.294 0 88.2571 58.0657 71.1965 72.8538 0 0 0 58.9073 68.9962 0 0 0 0 36.7909 101.826 0 98.455 0 0 39.3603 0 
84.9249 84.9249 84.9249 84.9249 84.9249 84.9249 84.9249 84.9249 84.9249 84.9249 84.9249 84.9249 84.9249 84.9249 84.9249 84.9249 84.9249 84.9249 84.9249 84.9249 84.9249 84.9249 84.9249 84.9249 
1 1 1 1 1 1 1 1 1 1 1 1 1 1 1 1 1 1 1 1 1 1 1 1 
item 5
82.553 94.348 0 0 51.3255 68.1399 65.5594 133.805 0 0 0 136.589 0 129.343 59.7753 107.746 50.2662 92.0722 0 0 0 0 75.2077 0 
61.9692 61.9692 61.9692 61.9692 61.9692 61.9692 61.9692 61.9692 61.9692 61.9692 61.9692 61.9692 61.9692 61.9692 61.9692 61.9692 61.9692 61.9692 61.9692 61.9692 61.9692 61.9692 61.9692 61.9692 
1 1 1 1 1 1 1 1 1 1 1 1 1 1 1 1 1 1 1 1 1 1 1 1 
item 6
45.9501 0 0 85.1471 0 109.452 0 0 58.1603 108.881 41.0054 88.1821 0 114.103 0 127.132 60.5078 81.0088 66.9331 117.833 35.0296 0 50.1214 0 
78.1151 78.1151 78.1151 78.1151 78.1151 78.1151 78.1151 78.1151 78.1151 78.1151 78.1151 78.1151 78.1151 78.1151 78.1151 78.1151 78.1151 78.1151 78.1151 78.1151 78.1151 78.1151 78.1151 78.1151 
1 1 1 1 1 1 1 1 1 1 1 1 1 1 1 1 1 1 1 1 1 1 1 1 
item 7
72.5705 0 0 0 69.0677 0 0 114.466 0 103.8 43.903 115.896 0 0 49.2317 116.592 78.618 0 0 94.2252 0 0 101.482 69.2889 
43.7056 43.7056 43.7056 43.7056 43.7056 43.7056 43.7056 43.7056 43.7056 43.7056 43.7056 43.7056 43.7056 43.7056 43.7056 43.7056 43.7056 43.7056 43.7056 43.7056 43.7056 43.7056 43.7056 43.7056 
1 1 1 1 1 1 1 1 1 1 1 1 1 1 1 1 1 1 1 1 1 1 1 1 
item 8
58.5182 0 0 0 0 0 0 0 59.7794 100.501 71.8529 0 0 84.2823 57.8834 90.9354 42.4854 127.76 61.6942 0 0 123.459 34.3557 94.1305 
72.3494 72.3494 72.3494 72.3494 72.3494 72.3494 72.3494 72.3494 72.3494 72.3494 72.3494 72.3494 72.3494 72.3494 72.3494 72.3494 72.3494 72.3494 72.3494 72.3494 72.3494 72.3494 72.3494 72.3494 
1 1 1 1 1 1 1 1 1 1 1 1 1 1 1 1 1 1 1 1 1 1 1 1 
item 9
54.2555 102.409 0 0 0 107.182 0 0 0 0 0 0 0 71.529 35.2894 108.579 0 0 0 104.254 84.4539 0 21.5589 0 
32.3066 32.3066 32.3066 32.3066 32.3066 32.3066 32.3066 32.3066 32.3066 32.3066 32.3066 32.3066 32.3066 32.3066 32.3066 32.3066 32.3066 32.3066 32.3066 32.3066 32.3066 32.3066 32.3066 32.3066 
1 1 1 1 1 1 1 1 1 1 1 1 1 1 1 1 1 1 1 1 1 1 1 1 
item 10
57.5144 0 0 84.9201 32.3022 0 66.2137 161.286 0 0 0 100.886 0 90.4992 60.2052 0 17.5983 0 0 95.236 56.3573 93.4802 0 0 
35.6768 35.6768 35.6768 35.6768 35.6768 35.6768 35.6768 35.6768 35.6768 35.6768 35.6768 35.6768 35.6768 35.6768 35.6768 35.6768 35.6768 35.6768 35.6768 35.6768 35.6768 35.6768 35.6768 35.6768 
1 1 1 1 1 1 1 1 1 1 1 1 1 1 1 1 1 1 1 1 1 1 1 1 
item 11
6.20913 0 12.1346 123.108 0 85.5402 0 112.287 37.1846 101.125 0 0 0 101.631 56.7346 88.0006 0 99.268 59.491 102.643 0 0 51.0734 85.2661 
101.109 101.109 101.109 101.109 101.109 101.109 101.109 101.109 101.109 101.109 101.109 101.109 101.109 101.109 101.109 101.109 101.109 101.109 101.109 101.109 101.109 101.109 101.109 101.109 
1 1 1 1 1 1 1 1 1 1 1 1 1 1 1 1 1 1 1 1 1 1 1 1 
item 12
64.7416 0 0 82.8525 0 0 57.8061 75.933 25.5768 120.958 30.8456 0 33.5882 0 34.0938 0 0 109.91 27.6349 88.9956 64.8763 0 0 0 
56.7106 56.7106 56.7106 56.7106 56.7106 56.7106 56.7106 56.7106 56.7106 56.7106 56.7106 56.7106 56.7106 56.7106 56.7106 56.7106 56.7106 56.7106 56.7106 56.7106 56.7106 56.7106 56.7106 56.7106 
1 1 1 1 1 1 1 1 1 1 1 1 1 1 1 1 1 1 1 1 1 1 1 1 
item 13
38.2788 114.985 84.7365 121.381 32.6873 89.7356 0 0 35.2047 125.576 75.2636 103.449 0 0 20.1863 0 41.3278 83.5884 63.4296 0 22.4737 0 0 0 
63.2976 63.2976 63.2976 63.2976 63.2976 63.2976 63.2976 63.2976 63.2976 63.2976 63.2976 63.2976 63.2976 63.2976 63.2976 63.2976 63.2976 63.2976 63.2976 63.2976 63.2976 63.2976 63.2976 63.2976 
1 1 1 1 1 1 1 1 1 1 1 1 1 1 1 1 1 1 1 1 1 1 1 1 
item 14
62.6881 109.186 47.5626 83.7993 94.4549 0 0 83.9908 72.6633 67.7143 0 0 50.3486 0 68.3073 0 15.3411 0 0 88.2477 0 0 0 0 
65.7239 65.7239 65.7239 65.7239 65.7239 65.7239 65.7239 65.7239 65.7239 65.7239 65.7239 65.7239 65.7239 65.7239 65.7239 65.7239 65.7239 65.7239 65.7239 65.7239 65.7239 65.7239 65.7239 65.7239 
1 1 1 1 1 1 1 1 1 1 1 1 1 1 1 1 1 1 1 1 1 1 1 1 
item 15
97.481 93.6371 0 118.152 0 99.49 0 0 0 0 0 0 0 0 0 99.6492 65.332 82.1652 47.1386 0 0 79.2782 0 0 
70.2448 70.2448 70.2448 70.2448 70.2448 70.2448 70.2448 70.2448 70.2448 70.2448 70.2448 70.2448 70.2448 70.2448 70.2448 70.2448 70.2448 70.2448 70.2448 70.2448 70.2448 70.2448 70.2448 70.2448 
1 1 1 1 1 1 1 1 1 1 1 1 1 1 1 1 1 1 1 1 1 1 1 1 
item 16
30.3249 115.351 0 95.1968 36.6975 76.513 0 88.5596 0 79.1106 51.9269 0 33.2152 0 55.1209 0 0 0 60.197 111.056 47.0012 0 0 108.243 
59.8431 59.8431 59.8431 59.8431 59.8431 59.8431 59.8431 59.8431 59.8431 59.8431 59.8431 59.8431 59.8431 59.8431 59.8431 59.8431 59.8431 59.8431 59.8431 59.8431 59.8431 59.8431 59.8431 59.8431 
1 1 1 1 1 1 1 1 1 1 1 1 1 1 1 1 1 1 1 1 1 1 1 1 
item 17
68.9208 0 48.5442 0 0 101.042 31.6417 115.966 0 0 58.2807 0 69.5064 58.4853 31.0461 0 84.3597 107.144 17.6009 0 57.0689 122.725 26.7382 76.4785 
73.6627 73.6627 73.6627 73.6627 73.6627 73.6627 73.6627 73.6627 73.6627 73.6627 73.6627 73.6627 73.6627 73.6627 73.6627 73.6627 73.6627 73.6627 73.6627 73.6627 73.6627 73.6627 73.6627 73.6627 
1 1 1 1 1 1 1 1 1 1 1 1 1 1 1 1 1 1 1 1 1 1 1 1 
item 18
39.2501 79.7574 72.5723 0 0 69.6163 0 85.8691 29.4887 118.978 35.8952 99.9872 67.0151 106.493 0 0 51.2269 0 0 97.0705 58.5885 0 30.949 96.5891 
69.3796 69.3796 69.3796 69.3796 69.3796 69.3796 69.3796 69.3796 69.3796 69.3796 69.3796 69.3796 69.3796 69.3796 69.3796 69.3796 69.3796 69.3796 69.3796 69.3796 69.3796 69.3796 69.3796 69.3796 
1 1 1 1 1 1 1 1 1 1 1 1 1 1 1 1 1 1 1 1 1 1 1 1 
item 19
24.9078 0 0 104.12 0 104.559 35.4218 0 86.0097 88.7255 0 93.6805 0 54.4498 40.2198 109.409 0 0 50.9312 0 26.8891 0 0 94.3842 
95.477 95.477 95.477 95.477 95.477 95.477 95.477 95.477 95.477 95.477 95.477 95.477 95.477 95.477 95.477 95.477 95.477 95.477 95.477 95.477 95.477 95.477 95.477 95.477 
1 1 1 1 1 1 1 1 1 1 1 1 1 1 1 1 1 1 1 1 1 1 1 1 
