12 5 
-6.27744e+66 49.5767 159.767 243.957 584.717 584.717 1006.5 1257.99 1894.67 1894.67 2591.74 2591.74 2591.74 
-6.27744e+66 -6.27744e+66 49.5767 91.6715 318.845 318.845 656.27 865.848 1411.57 1411.57 2031.19 2031.19 2031.19 
-6.27744e+66 -6.27744e+66 -6.27744e+66 49.5767 163.163 163.163 416.232 583.895 1038.66 1038.66 1580.83 1580.83 1580.83 
-6.27744e+66 -6.27744e+66 -6.27744e+66 -6.27744e+66 49.5767 49.5767 218.289 344.036 707.85 707.85 1172.57 1172.57 1172.57 
-6.27744e+66 -6.27744e+66 -6.27744e+66 -6.27744e+66 -6.27744e+66 49.5767 133.933 217.764 490.625 490.625 877.889 877.889 877.889 
-6.27744e+66 -6.27744e+66 -6.27744e+66 -6.27744e+66 -6.27744e+66 -6.27744e+66 49.5767 91.4922 273.399 273.399 583.211 583.211 583.211 
-6.27744e+66 -6.27744e+66 -6.27744e+66 -6.27744e+66 -6.27744e+66 -6.27744e+66 -6.27744e+66 49.5767 140.53 140.53 372.889 372.889 372.889 
-6.27744e+66 -6.27744e+66 -6.27744e+66 -6.27744e+66 -6.27744e+66 -6.27744e+66 -6.27744e+66 -6.27744e+66 49.5767 49.5767 204.482 204.482 204.482 
-6.27744e+66 -6.27744e+66 -6.27744e+66 -6.27744e+66 -6.27744e+66 -6.27744e+66 -6.27744e+66 -6.27744e+66 -6.27744e+66 49.5767 127.03 127.03 127.03 
-6.27744e+66 -6.27744e+66 -6.27744e+66 -6.27744e+66 -6.27744e+66 -6.27744e+66 -6.27744e+66 -6.27744e+66 -6.27744e+66 -6.27744e+66 49.5767 49.5767 49.5767 
-6.27744e+66 -6.27744e+66 -6.27744e+66 -6.27744e+66 -6.27744e+66 -6.27744e+66 -6.27744e+66 -6.27744e+66 -6.27744e+66 -6.27744e+66 -6.27744e+66 49.5767 49.5767 
-6.27744e+66 -6.27744e+66 -6.27744e+66 -6.27744e+66 -6.27744e+66 -6.27744e+66 -6.27744e+66 -6.27744e+66 -6.27744e+66 -6.27744e+66 -6.27744e+66 -6.27744e+66 49.5767 
-6.27744e+66 -6.27744e+66 -6.27744e+66 -6.27744e+66 -6.27744e+66 -6.27744e+66 -6.27744e+66 -6.27744e+66 -6.27744e+66 -6.27744e+66 -6.27744e+66 -6.27744e+66 -6.27744e+66 
-6.27744e+66 65.7573 65.7573 65.7573 260.048 428.692 428.692 428.692 428.692 428.692 428.692 776.822 2082.89 
-6.27744e+66 -6.27744e+66 65.7573 65.7573 195.284 321.767 321.767 321.767 321.767 321.767 321.767 635.084 1822.42 
-6.27744e+66 -6.27744e+66 -6.27744e+66 65.7573 130.521 214.843 214.843 214.843 214.843 214.843 214.843 493.347 1561.95 
-6.27744e+66 -6.27744e+66 -6.27744e+66 -6.27744e+66 65.7573 107.918 107.918 107.918 107.918 107.918 107.918 351.609 1301.47 
-6.27744e+66 -6.27744e+66 -6.27744e+66 -6.27744e+66 -6.27744e+66 65.7573 65.7573 65.7573 65.7573 65.7573 65.7573 274.635 1105.77 
-6.27744e+66 -6.27744e+66 -6.27744e+66 -6.27744e+66 -6.27744e+66 -6.27744e+66 65.7573 65.7573 65.7573 65.7573 65.7573 239.822 952.222 
-6.27744e+66 -6.27744e+66 -6.27744e+66 -6.27744e+66 -6.27744e+66 -6.27744e+66 -6.27744e+66 65.7573 65.7573 65.7573 65.7573 205.009 798.675 
-6.27744e+66 -6.27744e+66 -6.27744e+66 -6.27744e+66 -6.27744e+66 -6.27744e+66 -6.27744e+66 -6.27744e+66 65.7573 65.7573 65.7573 170.196 645.129 
-6.27744e+66 -6.27744e+66 -6.27744e+66 -6.27744e+66 -6.27744e+66 -6.27744e+66 -6.27744e+66 -6.27744e+66 -6.27744e+66 65.7573 65.7573 135.383 491.583 
-6.27744e+66 -6.27744e+66 -6.27744e+66 -6.27744e+66 -6.27744e+66 -6.27744e+66 -6.27744e+66 -6.27744e+66 -6.27744e+66 -6.27744e+66 65.7573 100.57 338.037 
-6.27744e+66 -6.27744e+66 -6.27744e+66 -6.27744e+66 -6.27744e+66 -6.27744e+66 -6.27744e+66 -6.27744e+66 -6.27744e+66 -6.27744e+66 -6.27744e+66 65.7573 184.49 
-6.27744e+66 -6.27744e+66 -6.27744e+66 -6.27744e+66 -6.27744e+66 -6.27744e+66 -6.27744e+66 -6.27744e+66 -6.27744e+66 -6.27744e+66 -6.27744e+66 -6.27744e+66 65.7573 
-6.27744e+66 -6.27744e+66 -6.27744e+66 -6.27744e+66 -6.27744e+66 -6.27744e+66 -6.27744e+66 -6.27744e+66 -6.27744e+66 -6.27744e+66 -6.27744e+66 -6.27744e+66 -6.27744e+66 
-6.27744e+66 59.4524 59.4524 152.845 152.845 152.845 562.931 562.931 1487.73 1487.73 2474.14 3280.86 3280.86 
-6.27744e+66 -6.27744e+66 59.4524 106.149 106.149 106.149 434.217 434.217 1226.9 1226.9 2103.71 2829.76 2829.76 
-6.27744e+66 -6.27744e+66 -6.27744e+66 59.4524 59.4524 59.4524 305.504 305.504 966.076 966.076 1733.28 2378.66 2378.66 
-6.27744e+66 -6.27744e+66 -6.27744e+66 -6.27744e+66 59.4524 59.4524 223.487 223.487 751.945 751.945 1409.55 1974.25 1974.25 
-6.27744e+66 -6.27744e+66 -6.27744e+66 -6.27744e+66 -6.27744e+66 59.4524 141.47 141.47 537.813 537.813 1085.82 1569.85 1569.85 
-6.27744e+66 -6.27744e+66 -6.27744e+66 -6.27744e+66 -6.27744e+66 -6.27744e+66 59.4524 59.4524 323.681 323.681 762.084 1165.45 1165.45 
-6.27744e+66 -6.27744e+66 -6.27744e+66 -6.27744e+66 -6.27744e+66 -6.27744e+66 -6.27744e+66 59.4524 191.567 191.567 520.369 843.058 843.058 
-6.27744e+66 -6.27744e+66 -6.27744e+66 -6.27744e+66 -6.27744e+66 -6.27744e+66 -6.27744e+66 -6.27744e+66 59.4524 59.4524 278.654 520.671 520.671 
-6.27744e+66 -6.27744e+66 -6.27744e+66 -6.27744e+66 -6.27744e+66 -6.27744e+66 -6.27744e+66 -6.27744e+66 -6.27744e+66 59.4524 169.053 330.398 330.398 
-6.27744e+66 -6.27744e+66 -6.27744e+66 -6.27744e+66 -6.27744e+66 -6.27744e+66 -6.27744e+66 -6.27744e+66 -6.27744e+66 -6.27744e+66 59.4524 140.125 140.125 
-6.27744e+66 -6.27744e+66 -6.27744e+66 -6.27744e+66 -6.27744e+66 -6.27744e+66 -6.27744e+66 -6.27744e+66 -6.27744e+66 -6.27744e+66 -6.27744e+66 59.4524 59.4524 
-6.27744e+66 -6.27744e+66 -6.27744e+66 -6.27744e+66 -6.27744e+66 -6.27744e+66 -6.27744e+66 -6.27744e+66 -6.27744e+66 -6.27744e+66 -6.27744e+66 -6.27744e+66 59.4524 
-6.27744e+66 -6.27744e+66 -6.27744e+66 -6.27744e+66 -6.27744e+66 -6.27744e+66 -6.27744e+66 -6.27744e+66 -6.27744e+66 -6.27744e+66 -6.27744e+66 -6.27744e+66 -6.27744e+66 
-6.27744e+66 61.6469 160.788 271.58 271.58 643.533 643.533 1110.87 1821.32 1989.28 3053.85 3053.85 3053.85 
-6.27744e+66 -6.27744e+66 61.6469 117.043 117.043 396.008 396.008 785.458 1394.41 1541.37 2487.66 2487.66 2487.66 
-6.27744e+66 -6.27744e+66 -6.27744e+66 61.6469 61.6469 247.623 247.623 559.184 1066.64 1192.61 2020.62 2020.62 2020.62 
-6.27744e+66 -6.27744e+66 -6.27744e+66 -6.27744e+66 61.6469 154.635 154.635 388.305 794.273 899.248 1608.97 1608.97 1608.97 
-6.27744e+66 -6.27744e+66 -6.27744e+66 -6.27744e+66 -6.27744e+66 61.6469 61.6469 217.427 521.903 605.882 1197.31 1197.31 1197.31 
-6.27744e+66 -6.27744e+66 -6.27744e+66 -6.27744e+66 -6.27744e+66 -6.27744e+66 61.6469 139.537 342.521 405.506 878.651 878.651 878.651 
-6.27744e+66 -6.27744e+66 -6.27744e+66 -6.27744e+66 -6.27744e+66 -6.27744e+66 -6.27744e+66 61.6469 163.139 205.129 559.988 559.988 559.988 
-6.27744e+66 -6.27744e+66 -6.27744e+66 -6.27744e+66 -6.27744e+66 -6.27744e+66 -6.27744e+66 -6.27744e+66 61.6469 82.6418 319.214 319.214 319.214 
-6.27744e+66 -6.27744e+66 -6.27744e+66 -6.27744e+66 -6.27744e+66 -6.27744e+66 -6.27744e+66 -6.27744e+66 -6.27744e+66 61.6469 179.933 179.933 179.933 
-6.27744e+66 -6.27744e+66 -6.27744e+66 -6.27744e+66 -6.27744e+66 -6.27744e+66 -6.27744e+66 -6.27744e+66 -6.27744e+66 -6.27744e+66 61.6469 61.6469 61.6469 
-6.27744e+66 -6.27744e+66 -6.27744e+66 -6.27744e+66 -6.27744e+66 -6.27744e+66 -6.27744e+66 -6.27744e+66 -6.27744e+66 -6.27744e+66 -6.27744e+66 61.6469 61.6469 
-6.27744e+66 -6.27744e+66 -6.27744e+66 -6.27744e+66 -6.27744e+66 -6.27744e+66 -6.27744e+66 -6.27744e+66 -6.27744e+66 -6.27744e+66 -6.27744e+66 -6.27744e+66 61.6469 
-6.27744e+66 -6.27744e+66 -6.27744e+66 -6.27744e+66 -6.27744e+66 -6.27744e+66 -6.27744e+66 -6.27744e+66 -6.27744e+66 -6.27744e+66 -6.27744e+66 -6.27744e+66 -6.27744e+66 
-6.27744e+66 64.2904 165.106 254.064 254.064 382.751 382.751 763.676 763.676 1305.02 1305.02 1305.02 2637.31 
-6.27744e+66 -6.27744e+66 64.2904 108.769 108.769 205.285 205.285 522.722 522.722 996.395 996.395 996.395 2207.57 
-6.27744e+66 -6.27744e+66 -6.27744e+66 64.2904 64.2904 128.634 128.634 382.584 382.584 788.59 788.59 788.59 1878.65 
-6.27744e+66 -6.27744e+66 -6.27744e+66 -6.27744e+66 64.2904 96.4622 96.4622 286.924 286.924 625.263 625.263 625.263 1594.2 
-6.27744e+66 -6.27744e+66 -6.27744e+66 -6.27744e+66 -6.27744e+66 64.2904 64.2904 191.265 191.265 461.936 461.936 461.936 1309.76 
-6.27744e+66 -6.27744e+66 -6.27744e+66 -6.27744e+66 -6.27744e+66 -6.27744e+66 64.2904 127.778 127.778 330.781 330.781 330.781 1057.49 
-6.27744e+66 -6.27744e+66 -6.27744e+66 -6.27744e+66 -6.27744e+66 -6.27744e+66 -6.27744e+66 64.2904 64.2904 199.626 199.626 199.626 805.214 
-6.27744e+66 -6.27744e+66 -6.27744e+66 -6.27744e+66 -6.27744e+66 -6.27744e+66 -6.27744e+66 -6.27744e+66 64.2904 131.958 131.958 131.958 616.429 
-6.27744e+66 -6.27744e+66 -6.27744e+66 -6.27744e+66 -6.27744e+66 -6.27744e+66 -6.27744e+66 -6.27744e+66 -6.27744e+66 64.2904 64.2904 64.2904 427.643 
-6.27744e+66 -6.27744e+66 -6.27744e+66 -6.27744e+66 -6.27744e+66 -6.27744e+66 -6.27744e+66 -6.27744e+66 -6.27744e+66 -6.27744e+66 64.2904 64.2904 306.526 
-6.27744e+66 -6.27744e+66 -6.27744e+66 -6.27744e+66 -6.27744e+66 -6.27744e+66 -6.27744e+66 -6.27744e+66 -6.27744e+66 -6.27744e+66 -6.27744e+66 64.2904 185.408 
-6.27744e+66 -6.27744e+66 -6.27744e+66 -6.27744e+66 -6.27744e+66 -6.27744e+66 -6.27744e+66 -6.27744e+66 -6.27744e+66 -6.27744e+66 -6.27744e+66 -6.27744e+66 64.2904 
-6.27744e+66 -6.27744e+66 -6.27744e+66 -6.27744e+66 -6.27744e+66 -6.27744e+66 -6.27744e+66 -6.27744e+66 -6.27744e+66 -6.27744e+66 -6.27744e+66 -6.27744e+66 -6.27744e+66 
