24 20 
194.261 194.261 194.261 194.261 194.261 194.261 194.261 194.261 194.261 194.261 194.261 194.261 194.261 194.261 194.261 194.261 194.261 194.261 194.261 194.261 194.261 194.261 194.261 194.261 
item 0
56.6554 107.064 34.628 70.5847 66.4621 62.6263 30.4117 106.356 44.1972 98.3906 37.9959 65.1521 65.8253 98.6138 53.9808 107.756 56.0195 84.8184 47.6019 78.2032 49.5932 74.3563 34.3433 110.67 
45.9167 45.9167 45.9167 45.9167 45.9167 45.9167 45.9167 45.9167 45.9167 45.9167 45.9167 45.9167 45.9167 45.9167 45.9167 45.9167 45.9167 45.9167 45.9167 45.9167 45.9167 45.9167 45.9167 45.9167 
1 1 1 1 1 1 1 1 1 1 1 1 1 1 1 1 1 1 1 1 1 1 1 1 
item 1
78.0499 94.0375 52.5736 97.7396 16.7323 87.4944 13.2655 96.7273 47.5519 84.2693 44.6158 124.022 37.9891 92.0945 60.54 99.3435 65.7057 96.4791 68.3587 122.255 64.1521 112.099 64.6456 106.833 
80.8713 80.8713 80.8713 80.8713 80.8713 80.8713 80.8713 80.8713 80.8713 80.8713 80.8713 80.8713 80.8713 80.8713 80.8713 80.8713 80.8713 80.8713 80.8713 80.8713 80.8713 80.8713 80.8713 80.8713 
1 1 1 1 1 1 1 1 1 1 1 1 1 1 1 1 1 1 1 1 1 1 1 1 
item 2
30.5099 99.9709 68.0452 90.2621 61.2067 104.859 31.225 129.893 42.9249 88.1378 58.292 118.088 59.8751 79.2274 102.661 81.7821 54.5501 84.8779 56.7651 87.1961 66.012 88.8209 48.9411 116.477 
67.827 67.827 67.827 67.827 67.827 67.827 67.827 67.827 67.827 67.827 67.827 67.827 67.827 67.827 67.827 67.827 67.827 67.827 67.827 67.827 67.827 67.827 67.827 67.827 
1 1 1 1 1 1 1 1 1 1 1 1 1 1 1 1 1 1 1 1 1 1 1 1 
item 3
66.0079 112.17 63.3711 131.432 64.2479 82.6392 49.9295 103.937 61.8518 92.9128 103.275 55.8556 35.4143 87.7543 57.436 112.953 69.9862 127.714 46.4118 79.2689 71.5843 88.1424 51.6112 84.4686 
77.7594 77.7594 77.7594 77.7594 77.7594 77.7594 77.7594 77.7594 77.7594 77.7594 77.7594 77.7594 77.7594 77.7594 77.7594 77.7594 77.7594 77.7594 77.7594 77.7594 77.7594 77.7594 77.7594 77.7594 
1 1 1 1 1 1 1 1 1 1 1 1 1 1 1 1 1 1 1 1 1 1 1 1 
item 4
38.517 116.865 24.3369 132.844 98.5606 97.4241 27.4721 69.4994 29.7875 127.123 84.0513 81.0777 48.3072 98.9217 53.4256 91.7637 76.4503 110.211 11.3614 141.524 10.3802 121.848 38.5736 117.199 
84.6629 84.6629 84.6629 84.6629 84.6629 84.6629 84.6629 84.6629 84.6629 84.6629 84.6629 84.6629 84.6629 84.6629 84.6629 84.6629 84.6629 84.6629 84.6629 84.6629 84.6629 84.6629 84.6629 84.6629 
1 1 1 1 1 1 1 1 1 1 1 1 1 1 1 1 1 1 1 1 1 1 1 1 
item 5
103.964 126.401 52.2244 74.4746 78.9742 73.0467 0.0867594 84.3172 63.0554 116.904 51.2217 96.733 69.5403 120.104 53.8703 96.8745 46.077 136.278 42.0394 146.27 67.4356 118.501 74.2591 63.8766 
68.2593 68.2593 68.2593 68.2593 68.2593 68.2593 68.2593 68.2593 68.2593 68.2593 68.2593 68.2593 68.2593 68.2593 68.2593 68.2593 68.2593 68.2593 68.2593 68.2593 68.2593 68.2593 68.2593 68.2593 
1 1 1 1 1 1 1 1 1 1 1 1 1 1 1 1 1 1 1 1 1 1 1 1 
item 6
14.6141 105.156 98.393 104.525 21.2414 62.3517 20.3372 85.9377 59.5475 75.6651 67.2113 101.052 33.4517 89.2216 36.9825 98.7105 46.0521 86.3237 37.1319 145.608 83.779 87.2754 59.8236 86.8129 
37.1077 37.1077 37.1077 37.1077 37.1077 37.1077 37.1077 37.1077 37.1077 37.1077 37.1077 37.1077 37.1077 37.1077 37.1077 37.1077 37.1077 37.1077 37.1077 37.1077 37.1077 37.1077 37.1077 37.1077 
1 1 1 1 1 1 1 1 1 1 1 1 1 1 1 1 1 1 1 1 1 1 1 1 
item 7
66.2057 121.009 50.0357 120.195 56.1491 101.818 61.7003 110.782 54.6038 82.5031 53.3949 120.283 12.9092 81.0367 84.1875 98.8124 46.629 122.253 49.571 88.994 75.9781 102.347 28.8862 108.556 
55.9653 55.9653 55.9653 55.9653 55.9653 55.9653 55.9653 55.9653 55.9653 55.9653 55.9653 55.9653 55.9653 55.9653 55.9653 55.9653 55.9653 55.9653 55.9653 55.9653 55.9653 55.9653 55.9653 55.9653 
1 1 1 1 1 1 1 1 1 1 1 1 1 1 1 1 1 1 1 1 1 1 1 1 
item 8
31.9405 106.515 45.7061 107.647 67.1704 69.5661 57.3448 66.4226 37.1408 80.8792 44.9866 81.4506 53.0934 79.2699 28.1678 95.5304 80.6269 99.7153 35.3745 123.758 47.382 98.4957 56.2229 77.0073 
82.4975 82.4975 82.4975 82.4975 82.4975 82.4975 82.4975 82.4975 82.4975 82.4975 82.4975 82.4975 82.4975 82.4975 82.4975 82.4975 82.4975 82.4975 82.4975 82.4975 82.4975 82.4975 82.4975 82.4975 
1 1 1 1 1 1 1 1 1 1 1 1 1 1 1 1 1 1 1 1 1 1 1 1 
item 9
54.1223 101.301 50.6313 105.024 39.7144 76.6277 21.093 73.974 45.3035 91.3581 66.2661 117.894 21.1356 103.46 69.4888 88.1029 43.7305 114.042 31.042 68.5768 78.0196 111.459 29.2631 83.2655 
54.7352 54.7352 54.7352 54.7352 54.7352 54.7352 54.7352 54.7352 54.7352 54.7352 54.7352 54.7352 54.7352 54.7352 54.7352 54.7352 54.7352 54.7352 54.7352 54.7352 54.7352 54.7352 54.7352 54.7352 
1 1 1 1 1 1 1 1 1 1 1 1 1 1 1 1 1 1 1 1 1 1 1 1 
item 10
57.3714 96.7501 35.7026 82.6695 19.3504 93.4908 46.1261 102.516 39.8669 106.581 9.78149 65.5939 44.9115 69.1119 69.319 112.937 39.8385 76.8217 28.7214 123.713 53.7123 123.233 57.4677 112.478 
66.0736 66.0736 66.0736 66.0736 66.0736 66.0736 66.0736 66.0736 66.0736 66.0736 66.0736 66.0736 66.0736 66.0736 66.0736 66.0736 66.0736 66.0736 66.0736 66.0736 66.0736 66.0736 66.0736 66.0736 
1 1 1 1 1 1 1 1 1 1 1 1 1 1 1 1 1 1 1 1 1 1 1 1 
item 11
75.1867 123.219 67.8829 107.032 50.3537 115.609 59.6771 117.472 39.4844 80.5293 25.9622 114.603 92.2555 121.605 73.2458 101.17 53.7392 93.7583 60.4107 53.7207 36.0524 133.673 22.4164 98.4523 
45.3916 45.3916 45.3916 45.3916 45.3916 45.3916 45.3916 45.3916 45.3916 45.3916 45.3916 45.3916 45.3916 45.3916 45.3916 45.3916 45.3916 45.3916 45.3916 45.3916 45.3916 45.3916 45.3916 45.3916 
1 1 1 1 1 1 1 1 1 1 1 1 1 1 1 1 1 1 1 1 1 1 1 1 
item 12
49.1255 131.246 49.1128 98.8662 33.8958 84.497 26.8652 112.265 32.4824 143.047 43.1852 123.885 63.9739 66.6883 57.0179 129.32 73.9409 82.8123 46.7167 98.109 92.3746 63.1938 49.4068 121.248 
55.5487 55.5487 55.5487 55.5487 55.5487 55.5487 55.5487 55.5487 55.5487 55.5487 55.5487 55.5487 55.5487 55.5487 55.5487 55.5487 55.5487 55.5487 55.5487 55.5487 55.5487 55.5487 55.5487 55.5487 
1 1 1 1 1 1 1 1 1 1 1 1 1 1 1 1 1 1 1 1 1 1 1 1 
item 13
22.6493 58.346 52.5378 94.5045 66.551 100.641 59.9186 100.379 48.6165 100.922 57.547 74.9711 70.5548 101.403 37.9823 75.2313 65.7715 119.587 61.1206 124.552 11.9269 94.5051 69.4604 83.6655 
93.5217 93.5217 93.5217 93.5217 93.5217 93.5217 93.5217 93.5217 93.5217 93.5217 93.5217 93.5217 93.5217 93.5217 93.5217 93.5217 93.5217 93.5217 93.5217 93.5217 93.5217 93.5217 93.5217 93.5217 
1 1 1 1 1 1 1 1 1 1 1 1 1 1 1 1 1 1 1 1 1 1 1 1 
item 14
70.351 108.53 44.3924 98.83 43.3047 92.4029 39.1662 103.026 83.3988 110.541 60.4842 93.01 52.1488 66.6571 88.0233 89.1559 10.2339 88.6134 44.3565 127.316 42.8738 98.3493 52.7573 102.467 
51.5268 51.5268 51.5268 51.5268 51.5268 51.5268 51.5268 51.5268 51.5268 51.5268 51.5268 51.5268 51.5268 51.5268 51.5268 51.5268 51.5268 51.5268 51.5268 51.5268 51.5268 51.5268 51.5268 51.5268 
1 1 1 1 1 1 1 1 1 1 1 1 1 1 1 1 1 1 1 1 1 1 1 1 
item 15
55.776 92.6326 21.4464 104.115 57.401 84.4631 57.5518 118.939 48.3683 131.111 38.0479 98.4579 62.1611 81.9449 52.6478 73.776 20.6558 96.0329 77.6101 86.8789 63.719 132.138 18.2713 96.734 
74.9487 74.9487 74.9487 74.9487 74.9487 74.9487 74.9487 74.9487 74.9487 74.9487 74.9487 74.9487 74.9487 74.9487 74.9487 74.9487 74.9487 74.9487 74.9487 74.9487 74.9487 74.9487 74.9487 74.9487 
1 1 1 1 1 1 1 1 1 1 1 1 1 1 1 1 1 1 1 1 1 1 1 1 
item 16
1 136.702 44.8581 111.402 29.7545 76.7735 43.2142 125.967 49.6736 98.7592 56.7196 94.9382 62.5768 85.844 78.2226 115.637 69.3889 86.6054 57.9562 129.027 67.2022 69.8985 70.3165 92.484 
32.8656 32.8656 32.8656 32.8656 32.8656 32.8656 32.8656 32.8656 32.8656 32.8656 32.8656 32.8656 32.8656 32.8656 32.8656 32.8656 32.8656 32.8656 32.8656 32.8656 32.8656 32.8656 32.8656 32.8656 
1 1 1 1 1 1 1 1 1 1 1 1 1 1 1 1 1 1 1 1 1 1 1 1 
item 17
33.3378 91.6973 23.2247 80.1236 51.9579 123.501 59.9132 106.729 51.6632 94.1827 47.4806 93.3991 49.9571 117.737 0 64.8125 62.7426 83.7777 50.8687 104.689 40.7923 76.056 45.4838 81.7052 
94.5161 94.5161 94.5161 94.5161 94.5161 94.5161 94.5161 94.5161 94.5161 94.5161 94.5161 94.5161 94.5161 94.5161 94.5161 94.5161 94.5161 94.5161 94.5161 94.5161 94.5161 94.5161 94.5161 94.5161 
1 1 1 1 1 1 1 1 1 1 1 1 1 1 1 1 1 1 1 1 1 1 1 1 
item 18
48.9083 119.166 82.3573 81.9959 70.7232 154.862 36.6116 120.82 77.6675 136.814 84.3741 69.3757 85.5496 102.173 30.0073 92.5848 16.8764 117.617 40.8056 105.841 30.6658 114.69 34.6896 107.687 
69.2587 69.2587 69.2587 69.2587 69.2587 69.2587 69.2587 69.2587 69.2587 69.2587 69.2587 69.2587 69.2587 69.2587 69.2587 69.2587 69.2587 69.2587 69.2587 69.2587 69.2587 69.2587 69.2587 69.2587 
1 1 1 1 1 1 1 1 1 1 1 1 1 1 1 1 1 1 1 1 1 1 1 1 
item 19
31.6254 70.7707 25.2681 130.579 89.0398 123.806 52.05 105.064 69.8114 103.204 34.4372 60.0657 63.8847 78.6712 89.671 96.6816 65.2536 94.9106 30.1835 78.5022 52.5684 93.8964 44.5707 88.7233 
64.9873 64.9873 64.9873 64.9873 64.9873 64.9873 64.9873 64.9873 64.9873 64.9873 64.9873 64.9873 64.9873 64.9873 64.9873 64.9873 64.9873 64.9873 64.9873 64.9873 64.9873 64.9873 64.9873 64.9873 
1 1 1 1 1 1 1 1 1 1 1 1 1 1 1 1 1 1 1 1 1 1 1 1 
