18 40 
514.24 514.24 514.24 514.24 514.24 514.24 514.24 514.24 514.24 514.24 514.24 514.24 514.24 514.24 514.24 514.24 514.24 514.24 
item 0
31.8361 86.1266 44.6013 95.2917 50.9795 103.745 48.7084 120.366 34.538 94.0062 34.8226 106.988 75.8467 50.7331 58.1351 74.5244 48.7605 81.4023 
38.8328 38.8328 38.8328 38.8328 38.8328 38.8328 38.8328 38.8328 38.8328 38.8328 38.8328 38.8328 38.8328 38.8328 38.8328 38.8328 38.8328 38.8328 
1 1 1 1 1 1 1 1 1 1 1 1 1 1 1 1 1 1 
item 1
46.3636 90.2887 71.0142 87.2093 41.2628 81.8345 60.8076 107.286 22.9019 102.061 78.1548 115.205 79.578 77.6504 61.0265 91.1682 21.542 119.204 
79.0169 79.0169 79.0169 79.0169 79.0169 79.0169 79.0169 79.0169 79.0169 79.0169 79.0169 79.0169 79.0169 79.0169 79.0169 79.0169 79.0169 79.0169 
1 1 1 1 1 1 1 1 1 1 1 1 1 1 1 1 1 1 
item 2
71.4589 114.656 53.9555 113.011 45.8742 123.668 77.4142 98.0411 73.9456 90.5872 60.6753 109.162 74.9021 85.3339 72.912 102.098 56.0373 112.908 
83.6803 83.6803 83.6803 83.6803 83.6803 83.6803 83.6803 83.6803 83.6803 83.6803 83.6803 83.6803 83.6803 83.6803 83.6803 83.6803 83.6803 83.6803 
1 1 1 1 1 1 1 1 1 1 1 1 1 1 1 1 1 1 
item 3
41.7786 109.473 58.3947 79.4355 45.4476 100.866 36.0147 100.262 32.4216 59.0559 61.8047 91.8986 81.1148 93.7002 60.4429 73.7855 20.3966 103.775 
79.585 79.585 79.585 79.585 79.585 79.585 79.585 79.585 79.585 79.585 79.585 79.585 79.585 79.585 79.585 79.585 79.585 79.585 
1 1 1 1 1 1 1 1 1 1 1 1 1 1 1 1 1 1 
item 4
66.8271 87.3415 63.1559 94.8621 22.4428 89.0991 51.3711 138.033 63.056 90.3025 65.7795 93.476 55.3751 152.25 41.8848 110.95 36.7105 94.0991 
62.4812 62.4812 62.4812 62.4812 62.4812 62.4812 62.4812 62.4812 62.4812 62.4812 62.4812 62.4812 62.4812 62.4812 62.4812 62.4812 62.4812 62.4812 
1 1 1 1 1 1 1 1 1 1 1 1 1 1 1 1 1 1 
item 5
47.091 70.5451 29.6323 95.5631 27.3202 86.1821 58.6803 89.7172 40.5896 97.3388 69.0072 99.2476 45.2938 93.8306 43.5318 101.715 91.5774 81.5095 
23.0219 23.0219 23.0219 23.0219 23.0219 23.0219 23.0219 23.0219 23.0219 23.0219 23.0219 23.0219 23.0219 23.0219 23.0219 23.0219 23.0219 23.0219 
1 1 1 1 1 1 1 1 1 1 1 1 1 1 1 1 1 1 
item 6
52.0925 113.253 28.9676 93.7708 59.1559 105.949 26.2781 80.3645 32.4333 74.2898 45.289 97.5952 56.2351 120.285 50.8582 102.174 66.0987 74.1694 
46.7411 46.7411 46.7411 46.7411 46.7411 46.7411 46.7411 46.7411 46.7411 46.7411 46.7411 46.7411 46.7411 46.7411 46.7411 46.7411 46.7411 46.7411 
1 1 1 1 1 1 1 1 1 1 1 1 1 1 1 1 1 1 
item 7
20.8925 77.5002 49.4733 96.8336 26.7843 93.3231 0 89.2062 43.0559 100.62 50.7239 77.2882 59.5877 119.542 46.018 72.3652 24.2064 111.866 
74.8155 74.8155 74.8155 74.8155 74.8155 74.8155 74.8155 74.8155 74.8155 74.8155 74.8155 74.8155 74.8155 74.8155 74.8155 74.8155 74.8155 74.8155 
1 1 1 1 1 1 1 1 1 1 1 1 1 1 1 1 1 1 
item 8
48.5102 113.584 14.8703 103.134 59.1593 100.478 77.1088 126.378 39.5797 104.29 58.7665 97.9183 49.81 106.163 61.3521 70.4797 40.1502 89.5476 
47.0147 47.0147 47.0147 47.0147 47.0147 47.0147 47.0147 47.0147 47.0147 47.0147 47.0147 47.0147 47.0147 47.0147 47.0147 47.0147 47.0147 47.0147 
1 1 1 1 1 1 1 1 1 1 1 1 1 1 1 1 1 1 
item 9
44.8311 96.0971 39.3418 119.718 68.8196 70.1937 19.4836 120.706 49.1012 107.545 33.0548 87.0892 54.608 119.726 49.8559 72.0476 3.82515 127.776 
77.6822 77.6822 77.6822 77.6822 77.6822 77.6822 77.6822 77.6822 77.6822 77.6822 77.6822 77.6822 77.6822 77.6822 77.6822 77.6822 77.6822 77.6822 
1 1 1 1 1 1 1 1 1 1 1 1 1 1 1 1 1 1 
item 10
72.222 144.848 56.1832 105.545 112.026 90.8396 32.2732 99.5832 48.0993 85.7475 24.6386 122.102 74.885 96.7316 52.9667 137.532 63.2851 126.192 
59.6537 59.6537 59.6537 59.6537 59.6537 59.6537 59.6537 59.6537 59.6537 59.6537 59.6537 59.6537 59.6537 59.6537 59.6537 59.6537 59.6537 59.6537 
1 1 1 1 1 1 1 1 1 1 1 1 1 1 1 1 1 1 
item 11
72.6436 72.6388 33.7351 92.5192 40.6789 100.819 26.8365 137.736 51.1003 100.571 40.5461 106.72 61.9838 81.4462 59.7777 78.4353 51.111 101.236 
65.0692 65.0692 65.0692 65.0692 65.0692 65.0692 65.0692 65.0692 65.0692 65.0692 65.0692 65.0692 65.0692 65.0692 65.0692 65.0692 65.0692 65.0692 
1 1 1 1 1 1 1 1 1 1 1 1 1 1 1 1 1 1 
item 12
51.228 83.2317 76.7575 119.649 31.5 78.7513 76.8242 118.582 48.9372 113.379 42.4133 80.2223 26.0393 112.556 59.9029 124.728 52.8481 90.8948 
21.8958 21.8958 21.8958 21.8958 21.8958 21.8958 21.8958 21.8958 21.8958 21.8958 21.8958 21.8958 21.8958 21.8958 21.8958 21.8958 21.8958 21.8958 
1 1 1 1 1 1 1 1 1 1 1 1 1 1 1 1 1 1 
item 13
26.1415 103.093 47.1962 120.075 21.9047 87.9428 11.7879 76.2095 46.1481 89.8535 64.9465 69.6866 104.691 120.083 21.9937 131.494 40.8005 101.597 
41.3157 41.3157 41.3157 41.3157 41.3157 41.3157 41.3157 41.3157 41.3157 41.3157 41.3157 41.3157 41.3157 41.3157 41.3157 41.3157 41.3157 41.3157 
1 1 1 1 1 1 1 1 1 1 1 1 1 1 1 1 1 1 
item 14
64.0784 106.451 52.0427 93.5202 50.1376 95.2232 34.2731 120.27 75.8108 97.7167 43.7156 100.897 16.6818 116.746 42.6378 104.171 35.2028 89.4052 
75.4705 75.4705 75.4705 75.4705 75.4705 75.4705 75.4705 75.4705 75.4705 75.4705 75.4705 75.4705 75.4705 75.4705 75.4705 75.4705 75.4705 75.4705 
1 1 1 1 1 1 1 1 1 1 1 1 1 1 1 1 1 1 
item 15
26.7825 94.8821 25.0005 113.701 38.3946 100.831 54.0562 106.486 73.5346 74.2226 43.6955 92.0202 68.8215 117.432 47.2457 96.4047 87.689 91.5088 
72.5002 72.5002 72.5002 72.5002 72.5002 72.5002 72.5002 72.5002 72.5002 72.5002 72.5002 72.5002 72.5002 72.5002 72.5002 72.5002 72.5002 72.5002 
1 1 1 1 1 1 1 1 1 1 1 1 1 1 1 1 1 1 
item 16
10.8707 98.1523 46.3558 113.704 39.9537 82.3448 71.2937 98.172 42.3599 75.1721 19.5402 105.468 78.1052 98.9575 56.372 79.4963 62.2277 109.913 
86.497 86.497 86.497 86.497 86.497 86.497 86.497 86.497 86.497 86.497 86.497 86.497 86.497 86.497 86.497 86.497 86.497 86.497 
1 1 1 1 1 1 1 1 1 1 1 1 1 1 1 1 1 1 
item 17
27.85 120.361 41.162 72.0175 10.2652 118.66 54.3942 94.457 47.8414 101.598 24.1362 96.996 42.403 95.504 44.968 133.711 54.7194 112.516 
40.2535 40.2535 40.2535 40.2535 40.2535 40.2535 40.2535 40.2535 40.2535 40.2535 40.2535 40.2535 40.2535 40.2535 40.2535 40.2535 40.2535 40.2535 
1 1 1 1 1 1 1 1 1 1 1 1 1 1 1 1 1 1 
item 18
48.733 117.283 30.4724 79.8479 69.6215 92.2531 67.4644 86.8189 47.0128 107.404 55.3361 70.0785 17.8759 67.3387 41.796 104.328 70.0096 84.9289 
44.7675 44.7675 44.7675 44.7675 44.7675 44.7675 44.7675 44.7675 44.7675 44.7675 44.7675 44.7675 44.7675 44.7675 44.7675 44.7675 44.7675 44.7675 
1 1 1 1 1 1 1 1 1 1 1 1 1 1 1 1 1 1 
item 19
52.1138 113.756 64.4962 86.9303 29.1059 77.1942 28.8844 79.2411 35.9414 81.891 44.7712 108.885 42.3386 131.16 60.1413 97.8449 65.2923 152.955 
55.6729 55.6729 55.6729 55.6729 55.6729 55.6729 55.6729 55.6729 55.6729 55.6729 55.6729 55.6729 55.6729 55.6729 55.6729 55.6729 55.6729 55.6729 
1 1 1 1 1 1 1 1 1 1 1 1 1 1 1 1 1 1 
item 20
46.7072 100.67 36.291 155.491 44.8193 113.819 45.1636 101.196 62.004 101.149 50.4277 70.3602 62.3067 115.877 74.7041 92.8212 67.2033 113.824 
52.6637 52.6637 52.6637 52.6637 52.6637 52.6637 52.6637 52.6637 52.6637 52.6637 52.6637 52.6637 52.6637 52.6637 52.6637 52.6637 52.6637 52.6637 
1 1 1 1 1 1 1 1 1 1 1 1 1 1 1 1 1 1 
item 21
43.0115 114.162 56.6668 128.782 37.4021 85.6649 72.4265 100.555 76.0489 73.5222 41.5929 106.661 67.7926 120.346 50.8216 100.997 37.2215 67.8162 
75.0247 75.0247 75.0247 75.0247 75.0247 75.0247 75.0247 75.0247 75.0247 75.0247 75.0247 75.0247 75.0247 75.0247 75.0247 75.0247 75.0247 75.0247 
1 1 1 1 1 1 1 1 1 1 1 1 1 1 1 1 1 1 
item 22
70.9462 97.1939 9.98562 72.9206 49.8991 113.284 75.4144 56.3393 92.8241 123.541 17.2331 87.0056 28.5793 115.514 65.0458 92.9328 46.2763 103.114 
49.6136 49.6136 49.6136 49.6136 49.6136 49.6136 49.6136 49.6136 49.6136 49.6136 49.6136 49.6136 49.6136 49.6136 49.6136 49.6136 49.6136 49.6136 
1 1 1 1 1 1 1 1 1 1 1 1 1 1 1 1 1 1 
item 23
42.8897 95.3633 47.7785 91.3365 78.3575 98.9279 51.6601 139.593 86.5196 115.198 9.98146 100.463 58.5989 113.753 44.8088 113.641 43.0159 118.887 
76.4013 76.4013 76.4013 76.4013 76.4013 76.4013 76.4013 76.4013 76.4013 76.4013 76.4013 76.4013 76.4013 76.4013 76.4013 76.4013 76.4013 76.4013 
1 1 1 1 1 1 1 1 1 1 1 1 1 1 1 1 1 1 
item 24
31.1999 115.846 35.3691 95.0939 58.4418 116.918 0 82.9161 31.5048 90.5958 53.7986 88.4394 6.69368 79.2612 14.5556 101.207 34.5666 103.054 
65.747 65.747 65.747 65.747 65.747 65.747 65.747 65.747 65.747 65.747 65.747 65.747 65.747 65.747 65.747 65.747 65.747 65.747 
1 1 1 1 1 1 1 1 1 1 1 1 1 1 1 1 1 1 
item 25
51.749 69.2638 45.137 99.3385 51.5536 94.7135 22.2474 96.2749 21.5928 72.7255 73.1224 55.3147 54.4499 97.0586 69.7383 125.325 70.1283 111.309 
74.0866 74.0866 74.0866 74.0866 74.0866 74.0866 74.0866 74.0866 74.0866 74.0866 74.0866 74.0866 74.0866 74.0866 74.0866 74.0866 74.0866 74.0866 
1 1 1 1 1 1 1 1 1 1 1 1 1 1 1 1 1 1 
item 26
64.2579 117.812 2.7284 114.192 44.2901 108.096 48.2856 74.0452 76.033 127.148 77.6826 121.603 10.1638 129.233 54.4773 95.2129 47.8533 86.6448 
42.3415 42.3415 42.3415 42.3415 42.3415 42.3415 42.3415 42.3415 42.3415 42.3415 42.3415 42.3415 42.3415 42.3415 42.3415 42.3415 42.3415 42.3415 
1 1 1 1 1 1 1 1 1 1 1 1 1 1 1 1 1 1 
item 27
40.6999 124.936 52.4026 104.213 29.8116 121.946 67.0109 125.621 80.8462 86.7918 98.2282 60.6705 71.9642 80.1049 39.3101 102.079 53.0509 102.212 
58.1766 58.1766 58.1766 58.1766 58.1766 58.1766 58.1766 58.1766 58.1766 58.1766 58.1766 58.1766 58.1766 58.1766 58.1766 58.1766 58.1766 58.1766 
1 1 1 1 1 1 1 1 1 1 1 1 1 1 1 1 1 1 
item 28
27.4903 146.998 48.6434 88.6569 21.7878 113.698 67.9791 116.757 69.9844 115.973 33.7306 129.954 22.7148 95.1759 16.6651 108.725 32.1571 82.8593 
44.973 44.973 44.973 44.973 44.973 44.973 44.973 44.973 44.973 44.973 44.973 44.973 44.973 44.973 44.973 44.973 44.973 44.973 
1 1 1 1 1 1 1 1 1 1 1 1 1 1 1 1 1 1 
item 29
37.8034 93.034 18.6168 95.5766 54.3062 109.201 33.7132 114.523 30.7708 121.822 42.4112 96.9812 26.6118 93.5109 63.4817 121.365 52.8484 128.471 
38.065 38.065 38.065 38.065 38.065 38.065 38.065 38.065 38.065 38.065 38.065 38.065 38.065 38.065 38.065 38.065 38.065 38.065 
1 1 1 1 1 1 1 1 1 1 1 1 1 1 1 1 1 1 
item 30
41.4789 121.66 63.2371 83.1091 50.6977 98.1236 62.0285 112.818 19.7184 66.8848 59.4904 127.769 52.4947 97.4723 39.5079 111.792 74.8552 94.0744 
82.2884 82.2884 82.2884 82.2884 82.2884 82.2884 82.2884 82.2884 82.2884 82.2884 82.2884 82.2884 82.2884 82.2884 82.2884 82.2884 82.2884 82.2884 
1 1 1 1 1 1 1 1 1 1 1 1 1 1 1 1 1 1 
item 31
67.1185 90.4226 24.5605 102.659 44.1888 95.2458 43.6484 94.419 65.8195 93.543 53.0499 133.435 44.297 68.1084 32.3062 57.4204 57.5732 65.8147 
79.1674 79.1674 79.1674 79.1674 79.1674 79.1674 79.1674 79.1674 79.1674 79.1674 79.1674 79.1674 79.1674 79.1674 79.1674 79.1674 79.1674 79.1674 
1 1 1 1 1 1 1 1 1 1 1 1 1 1 1 1 1 1 
item 32
32.5234 81.486 47.2947 112.446 29.9205 101.365 73.3243 131.956 35.2155 119.289 25.2869 60.9215 66.7551 65.2066 68.8224 122.307 41.6945 107.322 
63.702 63.702 63.702 63.702 63.702 63.702 63.702 63.702 63.702 63.702 63.702 63.702 63.702 63.702 63.702 63.702 63.702 63.702 
1 1 1 1 1 1 1 1 1 1 1 1 1 1 1 1 1 1 
item 33
44.9406 77.2065 52.6461 78.7729 50.9182 107.563 4.91766 101.168 59.0061 109.534 30.25 126.014 17.9781 109.873 50.5623 101.845 39.0748 92.7218 
86.7939 86.7939 86.7939 86.7939 86.7939 86.7939 86.7939 86.7939 86.7939 86.7939 86.7939 86.7939 86.7939 86.7939 86.7939 86.7939 86.7939 86.7939 
1 1 1 1 1 1 1 1 1 1 1 1 1 1 1 1 1 1 
item 34
44.3723 121.143 40.1076 118.663 38.1185 107.031 59.7426 92.3451 46.6558 102.965 50.5629 90.0806 45.7674 69.1236 48.2048 108.154 28.0868 87.9656 
55.4835 55.4835 55.4835 55.4835 55.4835 55.4835 55.4835 55.4835 55.4835 55.4835 55.4835 55.4835 55.4835 55.4835 55.4835 55.4835 55.4835 55.4835 
1 1 1 1 1 1 1 1 1 1 1 1 1 1 1 1 1 1 
item 35
38.607 113.586 78.2597 114.272 55.6362 100.601 30.8207 118.107 58.8084 103.873 85.1556 109.095 52.84 80.8281 26.5757 76.6417 48.1816 112.257 
28.2818 28.2818 28.2818 28.2818 28.2818 28.2818 28.2818 28.2818 28.2818 28.2818 28.2818 28.2818 28.2818 28.2818 28.2818 28.2818 28.2818 28.2818 
1 1 1 1 1 1 1 1 1 1 1 1 1 1 1 1 1 1 
item 36
34.8203 103.086 39.6603 98.4408 29.0731 114.07 74.5862 100.373 103.059 76.9961 43.3577 94.0843 62.1641 118.577 33.2147 91.4644 28.9395 108.39 
74.0176 74.0176 74.0176 74.0176 74.0176 74.0176 74.0176 74.0176 74.0176 74.0176 74.0176 74.0176 74.0176 74.0176 74.0176 74.0176 74.0176 74.0176 
1 1 1 1 1 1 1 1 1 1 1 1 1 1 1 1 1 1 
item 37
46.7255 126.29 72.7138 133.296 79.855 89.4484 51.8473 82.4772 54.2203 106.874 53.8228 80.4672 67.9053 151.193 71.9002 99.6933 67.7172 98.808 
60.535 60.535 60.535 60.535 60.535 60.535 60.535 60.535 60.535 60.535 60.535 60.535 60.535 60.535 60.535 60.535 60.535 60.535 
1 1 1 1 1 1 1 1 1 1 1 1 1 1 1 1 1 1 
item 38
35.9963 84.9824 62.7904 88.3912 28.501 127.572 65.4453 112.662 39.1927 110.48 25.4041 72.1704 51.1166 50.8888 19.8183 129.795 73.3395 118.824 
76.4554 76.4554 76.4554 76.4554 76.4554 76.4554 76.4554 76.4554 76.4554 76.4554 76.4554 76.4554 76.4554 76.4554 76.4554 76.4554 76.4554 76.4554 
1 1 1 1 1 1 1 1 1 1 1 1 1 1 1 1 1 1 
item 39
34.4882 119.86 59.1079 71.3058 51.7124 79.5386 33.7218 111.873 49.1799 104.996 72.1624 112.826 38.198 92.6403 36.4116 120.728 58.6272 133.952 
60.0232 60.0232 60.0232 60.0232 60.0232 60.0232 60.0232 60.0232 60.0232 60.0232 60.0232 60.0232 60.0232 60.0232 60.0232 60.0232 60.0232 60.0232 
1 1 1 1 1 1 1 1 1 1 1 1 1 1 1 1 1 1 
