12 5 
85.5798 85.5798 85.5798 85.5798 85.5798 85.5798 85.5798 85.5798 85.5798 85.5798 85.5798 85.5798 
item 0
57.7215 89.2944 26.6683 0 31.3782 105.757 0 0 71.0837 0 89.2761 0 
74.9778 74.9778 74.9778 74.9778 74.9778 74.9778 74.9778 74.9778 74.9778 74.9778 74.9778 74.9778 
1 1 1 1 1 1 1 1 1 1 1 1 
item 1
37.6421 0 52.9844 85.2595 83.3033 0 0 0 4.85645 0 28.4759 0 
63.5604 63.5604 63.5604 63.5604 63.5604 63.5604 63.5604 63.5604 63.5604 63.5604 63.5604 63.5604 
1 1 1 1 1 1 1 1 1 1 1 1 
item 2
23.8256 0 91.5045 76.252 39.4634 0 0 121.997 0 96.6583 0 0 
63.0942 63.0942 63.0942 63.0942 63.0942 63.0942 63.0942 63.0942 63.0942 63.0942 63.0942 63.0942 
1 1 1 1 1 1 1 1 1 1 1 1 
item 3
65.1757 0 63.951 0 0 0 25.4227 105.286 49.8616 0 0 82.4414 
47.1495 47.1495 47.1495 47.1495 47.1495 47.1495 47.1495 47.1495 47.1495 47.1495 47.1495 47.1495 
1 1 1 1 1 1 1 1 1 1 1 1 
item 4
33.1355 140.851 0 0 16.1108 113.694 0 0 0 0 39.314 121.511 
52.4869 52.4869 52.4869 52.4869 52.4869 52.4869 52.4869 52.4869 52.4869 52.4869 52.4869 52.4869 
1 1 1 1 1 1 1 1 1 1 1 1 
