48 10 
468.509 468.509 468.509 468.509 468.509 468.509 468.509 468.509 468.509 468.509 468.509 468.509 468.509 468.509 468.509 468.509 468.509 468.509 468.509 468.509 468.509 468.509 468.509 468.509 468.509 468.509 468.509 468.509 468.509 468.509 468.509 468.509 468.509 468.509 468.509 468.509 468.509 468.509 468.509 468.509 468.509 468.509 468.509 468.509 468.509 468.509 468.509 468.509 
item 0
64.5776 71.2544 35.0224 81.5628 0 94.7351 0 0 48.4648 0 0 0 45.6573 72.6393 57.3919 93.0165 32.3902 0 0 98.8544 33.0462 77.4562 28.5136 0 51.8047 106.931 53.1223 125.568 40.279 95.5606 6.06024 85.1952 44.6509 103.156 30.4865 0 0 0 79.2727 0 0 0 0 0 0 82.1117 50.2925 106.08 
59.9935 59.9935 59.9935 59.9935 59.9935 59.9935 59.9935 59.9935 59.9935 59.9935 59.9935 59.9935 59.9935 59.9935 59.9935 59.9935 59.9935 59.9935 59.9935 59.9935 59.9935 59.9935 59.9935 59.9935 59.9935 59.9935 59.9935 59.9935 59.9935 59.9935 59.9935 59.9935 59.9935 59.9935 59.9935 59.9935 59.9935 59.9935 59.9935 59.9935 59.9935 59.9935 59.9935 59.9935 59.9935 59.9935 59.9935 59.9935 
1 1 1 1 1 1 1 1 1 1 1 1 1 1 1 1 1 1 1 1 1 1 1 1 1 1 1 1 1 1 1 1 1 1 1 1 1 1 1 1 1 1 1 1 1 1 1 1 
item 1
52.6606 101.091 0 86.6091 47.8577 95.8516 35.5631 0 0 92.6391 0 109.096 27.3678 0 0 0 0 0 33.6398 109.845 61.5836 97.3271 14.9741 0 0 0 45.3578 0 0 88.0902 58.2994 93.6538 70.1177 0 0 123.671 38.2821 108.882 46.4077 0 30.8671 0 0 73.1955 41.1943 106.483 70.2595 103.99 
72.7751 72.7751 72.7751 72.7751 72.7751 72.7751 72.7751 72.7751 72.7751 72.7751 72.7751 72.7751 72.7751 72.7751 72.7751 72.7751 72.7751 72.7751 72.7751 72.7751 72.7751 72.7751 72.7751 72.7751 72.7751 72.7751 72.7751 72.7751 72.7751 72.7751 72.7751 72.7751 72.7751 72.7751 72.7751 72.7751 72.7751 72.7751 72.7751 72.7751 72.7751 72.7751 72.7751 72.7751 72.7751 72.7751 72.7751 72.7751 
1 1 1 1 1 1 1 1 1 1 1 1 1 1 1 1 1 1 1 1 1 1 1 1 1 1 1 1 1 1 1 1 1 1 1 1 1 1 1 1 1 1 1 1 1 1 1 1 
item 2
53.7885 98.6502 1.08924 0 0 68.6369 42.7683 121.672 55.1771 0 26.4021 107.756 46.5216 0 0 58.0939 22.8183 70.9802 63.4384 0 77.5097 63.6532 68.7907 83.6361 38.7942 0 65.6863 0 76.2073 77.555 48.1229 86.3189 0 0 30.4747 89.4788 0 110.9 0 98.4363 53.0349 117.795 0 0 0 0 0 0 
42.0998 42.0998 42.0998 42.0998 42.0998 42.0998 42.0998 42.0998 42.0998 42.0998 42.0998 42.0998 42.0998 42.0998 42.0998 42.0998 42.0998 42.0998 42.0998 42.0998 42.0998 42.0998 42.0998 42.0998 42.0998 42.0998 42.0998 42.0998 42.0998 42.0998 42.0998 42.0998 42.0998 42.0998 42.0998 42.0998 42.0998 42.0998 42.0998 42.0998 42.0998 42.0998 42.0998 42.0998 42.0998 42.0998 42.0998 42.0998 
1 1 1 1 1 1 1 1 1 1 1 1 1 1 1 1 1 1 1 1 1 1 1 1 1 1 1 1 1 1 1 1 1 1 1 1 1 1 1 1 1 1 1 1 1 1 1 1 
item 3
27.5503 121.827 0 0 51.6198 0 61.9098 82.7199 0 0 39.9216 0 44.9944 87.2602 0 74.4776 2.70327 0 0 115.709 0 65.4133 53.6387 96.8314 0 111.247 0 93.672 0 98.5368 0 0 0 67.2468 0 113.618 69.8949 126.095 50.5854 0 0 0 0 100.216 0 0 58.7923 67.8631 
56.1061 56.1061 56.1061 56.1061 56.1061 56.1061 56.1061 56.1061 56.1061 56.1061 56.1061 56.1061 56.1061 56.1061 56.1061 56.1061 56.1061 56.1061 56.1061 56.1061 56.1061 56.1061 56.1061 56.1061 56.1061 56.1061 56.1061 56.1061 56.1061 56.1061 56.1061 56.1061 56.1061 56.1061 56.1061 56.1061 56.1061 56.1061 56.1061 56.1061 56.1061 56.1061 56.1061 56.1061 56.1061 56.1061 56.1061 56.1061 
1 1 1 1 1 1 1 1 1 1 1 1 1 1 1 1 1 1 1 1 1 1 1 1 1 1 1 1 1 1 1 1 1 1 1 1 1 1 1 1 1 1 1 1 1 1 1 1 
item 4
93.9544 71.1832 30.9161 106.27 23.9994 0 0 86.3939 0 0 55.4836 90.6329 0 112.31 0 117.17 66.9197 84.7687 0 0 82.2744 0 0 0 0 119.999 4.35862 0 0 0 0 0 0 0 23.7089 0 0 85.9541 63.9559 62.2407 27.3931 100.176 0 84.3307 53.8324 0 66.764 110.212 
37.196 37.196 37.196 37.196 37.196 37.196 37.196 37.196 37.196 37.196 37.196 37.196 37.196 37.196 37.196 37.196 37.196 37.196 37.196 37.196 37.196 37.196 37.196 37.196 37.196 37.196 37.196 37.196 37.196 37.196 37.196 37.196 37.196 37.196 37.196 37.196 37.196 37.196 37.196 37.196 37.196 37.196 37.196 37.196 37.196 37.196 37.196 37.196 
1 1 1 1 1 1 1 1 1 1 1 1 1 1 1 1 1 1 1 1 1 1 1 1 1 1 1 1 1 1 1 1 1 1 1 1 1 1 1 1 1 1 1 1 1 1 1 1 
item 5
57.5829 127.134 59.2622 83.9328 0 0 0 0 0 0 58.2477 0 0 0 0 0 0 100.369 35.003 99.9573 0 101.048 81.0284 136.319 48.2395 0 0 0 33.317 0 71.5536 109.609 0 100.642 0 53.101 38.5429 91.043 71.7681 90.5375 59.9832 0 0 78.9994 0 0 43.8523 0 
44.4207 44.4207 44.4207 44.4207 44.4207 44.4207 44.4207 44.4207 44.4207 44.4207 44.4207 44.4207 44.4207 44.4207 44.4207 44.4207 44.4207 44.4207 44.4207 44.4207 44.4207 44.4207 44.4207 44.4207 44.4207 44.4207 44.4207 44.4207 44.4207 44.4207 44.4207 44.4207 44.4207 44.4207 44.4207 44.4207 44.4207 44.4207 44.4207 44.4207 44.4207 44.4207 44.4207 44.4207 44.4207 44.4207 44.4207 44.4207 
1 1 1 1 1 1 1 1 1 1 1 1 1 1 1 1 1 1 1 1 1 1 1 1 1 1 1 1 1 1 1 1 1 1 1 1 1 1 1 1 1 1 1 1 1 1 1 1 
item 6
34.6235 93.4968 0 103.287 60.8289 80.1262 40.6116 0 0 113.043 53.3215 0 74.657 0 0 96.7458 0 0 0 91.9122 0 0 0 103.784 33.9174 0 57.91 93.5486 52.5802 0 55.9815 122.738 53.5497 0 0 106.179 79.6772 92.5227 0 0 45.9618 0 0 104.112 82.5836 0 70.573 0 
57.1315 57.1315 57.1315 57.1315 57.1315 57.1315 57.1315 57.1315 57.1315 57.1315 57.1315 57.1315 57.1315 57.1315 57.1315 57.1315 57.1315 57.1315 57.1315 57.1315 57.1315 57.1315 57.1315 57.1315 57.1315 57.1315 57.1315 57.1315 57.1315 57.1315 57.1315 57.1315 57.1315 57.1315 57.1315 57.1315 57.1315 57.1315 57.1315 57.1315 57.1315 57.1315 57.1315 57.1315 57.1315 57.1315 57.1315 57.1315 
1 1 1 1 1 1 1 1 1 1 1 1 1 1 1 1 1 1 1 1 1 1 1 1 1 1 1 1 1 1 1 1 1 1 1 1 1 1 1 1 1 1 1 1 1 1 1 1 
item 7
10.0562 0 0 0 0 0 41.5757 103.564 48.5489 134.225 0 0 73.8971 88.6261 24.5875 120.995 53.188 0 0 100.403 0 0 40.5181 0 0 88.8587 45.37 0 52.0732 0 0 90.7145 0 81.8808 0 0 0 0 47.077 0 0 0 0 117.832 0 88.8469 16.3235 102.001 
67.507 67.507 67.507 67.507 67.507 67.507 67.507 67.507 67.507 67.507 67.507 67.507 67.507 67.507 67.507 67.507 67.507 67.507 67.507 67.507 67.507 67.507 67.507 67.507 67.507 67.507 67.507 67.507 67.507 67.507 67.507 67.507 67.507 67.507 67.507 67.507 67.507 67.507 67.507 67.507 67.507 67.507 67.507 67.507 67.507 67.507 67.507 67.507 
1 1 1 1 1 1 1 1 1 1 1 1 1 1 1 1 1 1 1 1 1 1 1 1 1 1 1 1 1 1 1 1 1 1 1 1 1 1 1 1 1 1 1 1 1 1 1 1 
item 8
32.3752 0 0 129.388 0 120.822 61.7602 115.665 81.7481 95.1451 0 120.982 0 104.29 31.5542 0 0 0 0 0 92.6208 104.661 68.0278 87.3721 0 0 72.4906 101.545 63.0565 103.394 24.1323 100.969 0 102.417 0 118.206 53.5885 0 0 0 0 0 88.9029 0 60.4719 0 67.4747 0 
62.4287 62.4287 62.4287 62.4287 62.4287 62.4287 62.4287 62.4287 62.4287 62.4287 62.4287 62.4287 62.4287 62.4287 62.4287 62.4287 62.4287 62.4287 62.4287 62.4287 62.4287 62.4287 62.4287 62.4287 62.4287 62.4287 62.4287 62.4287 62.4287 62.4287 62.4287 62.4287 62.4287 62.4287 62.4287 62.4287 62.4287 62.4287 62.4287 62.4287 62.4287 62.4287 62.4287 62.4287 62.4287 62.4287 62.4287 62.4287 
1 1 1 1 1 1 1 1 1 1 1 1 1 1 1 1 1 1 1 1 1 1 1 1 1 1 1 1 1 1 1 1 1 1 1 1 1 1 1 1 1 1 1 1 1 1 1 1 
item 9
1 0 0 63.8466 77.452 94.3061 54.8483 107.429 0 79.7358 28.3491 0 0 98.1555 0 109.631 61.9856 108.169 69.9595 78.0757 56.0857 0 78.5711 109.439 0 0 0 99.9973 82.2654 0 38.1373 99.1716 0 0 27.3096 103.628 0 0 0 94.989 0 0 0 125.756 115.299 0 0 0 
48.7432 48.7432 48.7432 48.7432 48.7432 48.7432 48.7432 48.7432 48.7432 48.7432 48.7432 48.7432 48.7432 48.7432 48.7432 48.7432 48.7432 48.7432 48.7432 48.7432 48.7432 48.7432 48.7432 48.7432 48.7432 48.7432 48.7432 48.7432 48.7432 48.7432 48.7432 48.7432 48.7432 48.7432 48.7432 48.7432 48.7432 48.7432 48.7432 48.7432 48.7432 48.7432 48.7432 48.7432 48.7432 48.7432 48.7432 48.7432 
1 1 1 1 1 1 1 1 1 1 1 1 1 1 1 1 1 1 1 1 1 1 1 1 1 1 1 1 1 1 1 1 1 1 1 1 1 1 1 1 1 1 1 1 1 1 1 1 
