48 5 
501.866 501.866 501.866 501.866 501.866 501.866 501.866 501.866 501.866 501.866 501.866 501.866 501.866 501.866 501.866 501.866 501.866 501.866 501.866 501.866 501.866 501.866 501.866 501.866 501.866 501.866 501.866 501.866 501.866 501.866 501.866 501.866 501.866 501.866 501.866 501.866 501.866 501.866 501.866 501.866 501.866 501.866 501.866 501.866 501.866 501.866 501.866 501.866 
item 0
45.0519 0 0 0 0 120.226 0 0 0 0 0 0 0 82.9569 0 117.707 61.2576 116.415 45.2468 0 0 95.5116 0 0 0 0 73.7272 0 0 0 0 0 54.9586 111.636 0 0 44.9642 105.186 64.8045 0 81.6168 0 71.1412 84.3046 0 116.969 0 0 
86.8966 86.8966 86.8966 86.8966 86.8966 86.8966 86.8966 86.8966 86.8966 86.8966 86.8966 86.8966 86.8966 86.8966 86.8966 86.8966 86.8966 86.8966 86.8966 86.8966 86.8966 86.8966 86.8966 86.8966 86.8966 86.8966 86.8966 86.8966 86.8966 86.8966 86.8966 86.8966 86.8966 86.8966 86.8966 86.8966 86.8966 86.8966 86.8966 86.8966 86.8966 86.8966 86.8966 86.8966 86.8966 86.8966 86.8966 86.8966 
1 1 1 1 1 1 1 1 1 1 1 1 1 1 1 1 1 1 1 1 1 1 1 1 1 1 1 1 1 1 1 1 1 1 1 1 1 1 1 1 1 1 1 1 1 1 1 1 
item 1
41.8084 0 0 0 0 0 0 127.583 36.0934 114.45 54.5198 99.2919 85.8784 0 104.764 0 0 91.9573 0 0 16.373 0 0 0 0 0 0 132.769 0 0 60.6626 0 61.0116 0 34.3271 107.448 55.914 86.0637 0 105.485 43.9814 0 0 0 72.8721 105.571 68.5682 84.2701 
36.7257 36.7257 36.7257 36.7257 36.7257 36.7257 36.7257 36.7257 36.7257 36.7257 36.7257 36.7257 36.7257 36.7257 36.7257 36.7257 36.7257 36.7257 36.7257 36.7257 36.7257 36.7257 36.7257 36.7257 36.7257 36.7257 36.7257 36.7257 36.7257 36.7257 36.7257 36.7257 36.7257 36.7257 36.7257 36.7257 36.7257 36.7257 36.7257 36.7257 36.7257 36.7257 36.7257 36.7257 36.7257 36.7257 36.7257 36.7257 
1 1 1 1 1 1 1 1 1 1 1 1 1 1 1 1 1 1 1 1 1 1 1 1 1 1 1 1 1 1 1 1 1 1 1 1 1 1 1 1 1 1 1 1 1 1 1 1 
item 2
94.7503 0 0 123.428 82.777 0 0 0 0 0 0 107.982 47.1765 114.412 0 0 41.8347 0 40.4324 0 0 0 0 88.7532 36.9467 0 0 0 0 107.13 36.4861 156.375 0 0 48.2611 128.747 32.9249 79.8401 30.6689 0 55.9638 132.014 0 0 63.5667 94.8855 0 96.3238 
54.995 54.995 54.995 54.995 54.995 54.995 54.995 54.995 54.995 54.995 54.995 54.995 54.995 54.995 54.995 54.995 54.995 54.995 54.995 54.995 54.995 54.995 54.995 54.995 54.995 54.995 54.995 54.995 54.995 54.995 54.995 54.995 54.995 54.995 54.995 54.995 54.995 54.995 54.995 54.995 54.995 54.995 54.995 54.995 54.995 54.995 54.995 54.995 
1 1 1 1 1 1 1 1 1 1 1 1 1 1 1 1 1 1 1 1 1 1 1 1 1 1 1 1 1 1 1 1 1 1 1 1 1 1 1 1 1 1 1 1 1 1 1 1 
item 3
46.65 121.217 0 0 0 115.476 0 90.4518 49.5631 0 0 0 0 108.929 0 73.0481 63.6453 96.801 56.6645 0 45.5553 0 0 0 0 90.8424 0 78.7485 53.9231 127.639 0 0 31.7837 0 0 0 0 162.399 20.3477 83.9774 0 0 0 0 27.9499 95.1232 33.0021 0 
79.701 79.701 79.701 79.701 79.701 79.701 79.701 79.701 79.701 79.701 79.701 79.701 79.701 79.701 79.701 79.701 79.701 79.701 79.701 79.701 79.701 79.701 79.701 79.701 79.701 79.701 79.701 79.701 79.701 79.701 79.701 79.701 79.701 79.701 79.701 79.701 79.701 79.701 79.701 79.701 79.701 79.701 79.701 79.701 79.701 79.701 79.701 79.701 
1 1 1 1 1 1 1 1 1 1 1 1 1 1 1 1 1 1 1 1 1 1 1 1 1 1 1 1 1 1 1 1 1 1 1 1 1 1 1 1 1 1 1 1 1 1 1 1 
item 4
32.3777 0 0 72.7438 0 92.8516 0 79.0274 0 115.821 14.1195 100.445 71.6992 116.801 53.2053 0 36.1416 96.7875 0 98.3497 52.0773 126.443 63.8644 0 0 0 0 100.151 0 106.965 36.1386 85.5287 59.2666 105.83 0 0 42.7684 140.158 37.6007 0 68.4534 84.6875 0 120.455 56.3728 98.485 85.1672 103.692 
66.6664 66.6664 66.6664 66.6664 66.6664 66.6664 66.6664 66.6664 66.6664 66.6664 66.6664 66.6664 66.6664 66.6664 66.6664 66.6664 66.6664 66.6664 66.6664 66.6664 66.6664 66.6664 66.6664 66.6664 66.6664 66.6664 66.6664 66.6664 66.6664 66.6664 66.6664 66.6664 66.6664 66.6664 66.6664 66.6664 66.6664 66.6664 66.6664 66.6664 66.6664 66.6664 66.6664 66.6664 66.6664 66.6664 66.6664 66.6664 
1 1 1 1 1 1 1 1 1 1 1 1 1 1 1 1 1 1 1 1 1 1 1 1 1 1 1 1 1 1 1 1 1 1 1 1 1 1 1 1 1 1 1 1 1 1 1 1 
