12 40 
501.059 501.059 501.059 501.059 501.059 501.059 501.059 501.059 501.059 501.059 501.059 501.059 
item 0
77.2914 0 27.7368 0 0 0 0 0 0 0 48.4702 97.6442 
56.059 56.059 56.059 56.059 56.059 56.059 56.059 56.059 56.059 56.059 56.059 56.059 
1 1 1 1 1 1 1 1 1 1 1 1 
item 1
80.3523 0 0 0 0 0 29.2331 58.257 60.5358 0 52.0991 0 
51.5883 51.5883 51.5883 51.5883 51.5883 51.5883 51.5883 51.5883 51.5883 51.5883 51.5883 51.5883 
1 1 1 1 1 1 1 1 1 1 1 1 
item 2
32.2663 0 44.4455 0 28.95 106.741 37.9619 0 27.3376 0 0 0 
63.145 63.145 63.145 63.145 63.145 63.145 63.145 63.145 63.145 63.145 63.145 63.145 
1 1 1 1 1 1 1 1 1 1 1 1 
item 3
17.163 94.8376 0 0 82.7052 98.9901 46.6808 0 0 95.741 0 134.922 
58.4878 58.4878 58.4878 58.4878 58.4878 58.4878 58.4878 58.4878 58.4878 58.4878 58.4878 58.4878 
1 1 1 1 1 1 1 1 1 1 1 1 
item 4
50.8873 77.8557 0 0 44.0656 74.5187 0 67.039 0 133.451 0 0 
45.8197 45.8197 45.8197 45.8197 45.8197 45.8197 45.8197 45.8197 45.8197 45.8197 45.8197 45.8197 
1 1 1 1 1 1 1 1 1 1 1 1 
item 5
23.1265 0 0 98.3315 0 0 36.0129 97.4937 0 0 78.3706 108.07 
57.0829 57.0829 57.0829 57.0829 57.0829 57.0829 57.0829 57.0829 57.0829 57.0829 57.0829 57.0829 
1 1 1 1 1 1 1 1 1 1 1 1 
item 6
50.5269 108.724 36.8131 91.7068 0 50.3736 75.6718 62.5365 0 0 0 0 
70.4663 70.4663 70.4663 70.4663 70.4663 70.4663 70.4663 70.4663 70.4663 70.4663 70.4663 70.4663 
1 1 1 1 1 1 1 1 1 1 1 1 
item 7
53.186 0 23.2521 118.132 42.0762 0 57.004 0 0 86.3758 0 0 
34.408 34.408 34.408 34.408 34.408 34.408 34.408 34.408 34.408 34.408 34.408 34.408 
1 1 1 1 1 1 1 1 1 1 1 1 
item 8
10.773 93.1956 65.3655 92.4419 0 0 0 0 0 103.879 0 90.3054 
88.69 88.69 88.69 88.69 88.69 88.69 88.69 88.69 88.69 88.69 88.69 88.69 
1 1 1 1 1 1 1 1 1 1 1 1 
item 9
45.4952 66.4769 0 0 0 0 0 0 57.636 0 68.8491 93.5301 
54.1619 54.1619 54.1619 54.1619 54.1619 54.1619 54.1619 54.1619 54.1619 54.1619 54.1619 54.1619 
1 1 1 1 1 1 1 1 1 1 1 1 
item 10
66.9939 0 83.2362 0 0 0 0 0 48.6948 98.2201 0 0 
42.3752 42.3752 42.3752 42.3752 42.3752 42.3752 42.3752 42.3752 42.3752 42.3752 42.3752 42.3752 
1 1 1 1 1 1 1 1 1 1 1 1 
item 11
34.2787 0 59.4429 122.509 0 89.2891 0 103.462 0 0 0 101.616 
47.9368 47.9368 47.9368 47.9368 47.9368 47.9368 47.9368 47.9368 47.9368 47.9368 47.9368 47.9368 
1 1 1 1 1 1 1 1 1 1 1 1 
item 12
25.6964 127.377 0 0 42.4547 0 77.9852 0 0 0 40.151 0 
50.2011 50.2011 50.2011 50.2011 50.2011 50.2011 50.2011 50.2011 50.2011 50.2011 50.2011 50.2011 
1 1 1 1 1 1 1 1 1 1 1 1 
item 13
28.8409 0 62.9045 0 0 0 0 0 25.776 0 49.2974 0 
43.3398 43.3398 43.3398 43.3398 43.3398 43.3398 43.3398 43.3398 43.3398 43.3398 43.3398 43.3398 
1 1 1 1 1 1 1 1 1 1 1 1 
item 14
103.218 0 66.9923 143.896 0 0 0 107.292 0 93.8207 74.2039 120.384 
80.3899 80.3899 80.3899 80.3899 80.3899 80.3899 80.3899 80.3899 80.3899 80.3899 80.3899 80.3899 
1 1 1 1 1 1 1 1 1 1 1 1 
item 15
53.6669 129.27 0 0 0 0 29.3986 111.935 24.6473 0 0 109.615 
87.5442 87.5442 87.5442 87.5442 87.5442 87.5442 87.5442 87.5442 87.5442 87.5442 87.5442 87.5442 
1 1 1 1 1 1 1 1 1 1 1 1 
item 16
41.3513 0 19.0277 0 0 102.006 0 0 0 76.2978 0 113.592 
51.928 51.928 51.928 51.928 51.928 51.928 51.928 51.928 51.928 51.928 51.928 51.928 
1 1 1 1 1 1 1 1 1 1 1 1 
item 17
73.8742 147.354 0 95.8784 51.4082 0 0 0 0 0 0 0 
41.2805 41.2805 41.2805 41.2805 41.2805 41.2805 41.2805 41.2805 41.2805 41.2805 41.2805 41.2805 
1 1 1 1 1 1 1 1 1 1 1 1 
item 18
45.6866 0 68.832 0 0 92.1406 0 99.8098 35.1558 0 33.7421 133.44 
71.9692 71.9692 71.9692 71.9692 71.9692 71.9692 71.9692 71.9692 71.9692 71.9692 71.9692 71.9692 
1 1 1 1 1 1 1 1 1 1 1 1 
item 19
45.3793 118.733 40.8627 98.7298 0 70.6964 0 84.8767 58.5142 100.997 0 0 
65.1557 65.1557 65.1557 65.1557 65.1557 65.1557 65.1557 65.1557 65.1557 65.1557 65.1557 65.1557 
1 1 1 1 1 1 1 1 1 1 1 1 
item 20
44.3216 112.601 73.6716 98.245 63.8413 60.4386 0 89.9341 0 87.2667 83.436 113.614 
50.1429 50.1429 50.1429 50.1429 50.1429 50.1429 50.1429 50.1429 50.1429 50.1429 50.1429 50.1429 
1 1 1 1 1 1 1 1 1 1 1 1 
item 21
28.6287 0 65.3924 96.1171 0 109.088 36.3492 70.2881 0 103.877 53.0376 0 
45.5999 45.5999 45.5999 45.5999 45.5999 45.5999 45.5999 45.5999 45.5999 45.5999 45.5999 45.5999 
1 1 1 1 1 1 1 1 1 1 1 1 
item 22
50.7064 0 52.1674 0 79.6712 98.0455 0 0 43.9659 97.3943 0 0 
51.2366 51.2366 51.2366 51.2366 51.2366 51.2366 51.2366 51.2366 51.2366 51.2366 51.2366 51.2366 
1 1 1 1 1 1 1 1 1 1 1 1 
item 23
28.2462 136.076 0 81.4156 36.836 110.999 44.1515 141.503 56.2181 0 0 121.604 
87.1554 87.1554 87.1554 87.1554 87.1554 87.1554 87.1554 87.1554 87.1554 87.1554 87.1554 87.1554 
1 1 1 1 1 1 1 1 1 1 1 1 
item 24
65.5557 86.6992 0 99.5868 58.307 125.591 40.2027 69.6289 75.6317 0 0 91.0019 
53.7035 53.7035 53.7035 53.7035 53.7035 53.7035 53.7035 53.7035 53.7035 53.7035 53.7035 53.7035 
1 1 1 1 1 1 1 1 1 1 1 1 
item 25
68.0915 126.953 70.8569 0 44.6982 0 0 0 52.4568 0 0 0 
54.644 54.644 54.644 54.644 54.644 54.644 54.644 54.644 54.644 54.644 54.644 54.644 
1 1 1 1 1 1 1 1 1 1 1 1 
item 26
99.2683 97.8902 86.5984 0 0 69.4757 0 78.2096 0 51.4705 53.3457 119.485 
70.2638 70.2638 70.2638 70.2638 70.2638 70.2638 70.2638 70.2638 70.2638 70.2638 70.2638 70.2638 
1 1 1 1 1 1 1 1 1 1 1 1 
item 27
15.4828 99.4774 63.2996 0 0 0 76.9374 0 0 0 75.4595 91.1936 
36.5221 36.5221 36.5221 36.5221 36.5221 36.5221 36.5221 36.5221 36.5221 36.5221 36.5221 36.5221 
1 1 1 1 1 1 1 1 1 1 1 1 
item 28
39.3076 73.9693 40.8082 0 0 108.925 0 123.062 0 111.632 0 90.7211 
7.03985 7.03985 7.03985 7.03985 7.03985 7.03985 7.03985 7.03985 7.03985 7.03985 7.03985 7.03985 
1 1 1 1 1 1 1 1 1 1 1 1 
item 29
47.2624 0 0 0 0 123.854 45.81 0 53.2807 0 0 0 
78.9075 78.9075 78.9075 78.9075 78.9075 78.9075 78.9075 78.9075 78.9075 78.9075 78.9075 78.9075 
1 1 1 1 1 1 1 1 1 1 1 1 
item 30
45.2941 76.2139 34.3732 0 0 0 0 103.645 92.76 114.908 79.0763 0 
66.8719 66.8719 66.8719 66.8719 66.8719 66.8719 66.8719 66.8719 66.8719 66.8719 66.8719 66.8719 
1 1 1 1 1 1 1 1 1 1 1 1 
item 31
26.8971 67.8983 38.1708 0 27.2734 0 0 0 34.2294 0 0 102.401 
56.234 56.234 56.234 56.234 56.234 56.234 56.234 56.234 56.234 56.234 56.234 56.234 
1 1 1 1 1 1 1 1 1 1 1 1 
item 32
16.1324 82.0686 51.286 0 0 0 0 95.7127 0 104.967 0 90.4355 
83.5667 83.5667 83.5667 83.5667 83.5667 83.5667 83.5667 83.5667 83.5667 83.5667 83.5667 83.5667 
1 1 1 1 1 1 1 1 1 1 1 1 
item 33
69.8591 84.8033 48.3539 59.194 54.8791 103.846 37.7913 70.1603 60.6212 102.58 0 103.478 
102.435 102.435 102.435 102.435 102.435 102.435 102.435 102.435 102.435 102.435 102.435 102.435 
1 1 1 1 1 1 1 1 1 1 1 1 
item 34
30.5086 86.715 0 0 0 99.9113 0 107.002 0 121.411 0 76.793 
40.3708 40.3708 40.3708 40.3708 40.3708 40.3708 40.3708 40.3708 40.3708 40.3708 40.3708 40.3708 
1 1 1 1 1 1 1 1 1 1 1 1 
item 35
33.1331 0 0 0 76.1657 0 0 120.567 0 79.5793 45.1123 113.204 
62.0354 62.0354 62.0354 62.0354 62.0354 62.0354 62.0354 62.0354 62.0354 62.0354 62.0354 62.0354 
1 1 1 1 1 1 1 1 1 1 1 1 
item 36
67.7379 131.867 0 0 0 0 0 0 0 96.8116 18.8152 0 
46.9516 46.9516 46.9516 46.9516 46.9516 46.9516 46.9516 46.9516 46.9516 46.9516 46.9516 46.9516 
1 1 1 1 1 1 1 1 1 1 1 1 
item 37
61.2968 0 0 132.483 37.6026 101.878 0 104.257 0 0 101.087 0 
7.88644 7.88644 7.88644 7.88644 7.88644 7.88644 7.88644 7.88644 7.88644 7.88644 7.88644 7.88644 
1 1 1 1 1 1 1 1 1 1 1 1 
item 38
10.2568 86.3903 0 101.835 0 96.0347 27.6791 0 51.4444 0 53.403 110.305 
58.7494 58.7494 58.7494 58.7494 58.7494 58.7494 58.7494 58.7494 58.7494 58.7494 58.7494 58.7494 
1 1 1 1 1 1 1 1 1 1 1 1 
item 39
49.6777 115.446 58.7239 0 0 0 77.3185 93.7998 0 74.522 0 0 
65.4716 65.4716 65.4716 65.4716 65.4716 65.4716 65.4716 65.4716 65.4716 65.4716 65.4716 65.4716 
1 1 1 1 1 1 1 1 1 1 1 1 
