18 5 
-6.27744e+66 101.02 216.053 315.455 617.477 905.793 1507.3 1956.31 2730.27 3231.48 3768.09 4190.71 5414.07 6419.7 7543.37 7658.18 8750.41 9210.28 10613.3 
-6.27744e+66 -6.27744e+66 101.02 150.721 352.069 568.306 1049.51 1423.68 2087.08 2525.64 3002.63 3382.99 4495.13 5416.95 6454.19 6560.8 7580.22 8011.34 9331.87 
-6.27744e+66 -6.27744e+66 -6.27744e+66 101.02 201.694 345.852 706.758 1006.09 1558.92 1934.83 2352.2 2690.29 3691.22 4529.24 5480.04 5578.45 6525.05 6927.44 8165.43 
-6.27744e+66 -6.27744e+66 -6.27744e+66 -6.27744e+66 101.02 173.099 413.703 638.205 1080.47 1393.73 1751.47 2047.3 2937.02 3691.24 4555.6 4645.81 5519.59 5893.24 7048.7 
-6.27744e+66 -6.27744e+66 -6.27744e+66 -6.27744e+66 -6.27744e+66 101.02 221.322 370.99 702.687 953.294 1251.41 1504.98 2283.48 2953.9 3731.83 3813.83 4614.81 4959.71 6032.63 
-6.27744e+66 -6.27744e+66 -6.27744e+66 -6.27744e+66 -6.27744e+66 -6.27744e+66 101.02 175.854 396.985 584.94 823.435 1034.74 1702.03 2288.65 2980.14 3053.94 3782.1 4098.26 5088.65 
-6.27744e+66 -6.27744e+66 -6.27744e+66 -6.27744e+66 -6.27744e+66 -6.27744e+66 -6.27744e+66 101.02 211.585 336.889 515.76 684.807 1240.88 1743.69 2348.75 2414.35 3069.69 3357.11 4264.97 
-6.27744e+66 -6.27744e+66 -6.27744e+66 -6.27744e+66 -6.27744e+66 -6.27744e+66 -6.27744e+66 -6.27744e+66 101.02 163.671 282.919 409.704 854.561 1273.57 1792.19 1849.59 2432.12 2690.8 3516.12 
-6.27744e+66 -6.27744e+66 -6.27744e+66 -6.27744e+66 -6.27744e+66 -6.27744e+66 -6.27744e+66 -6.27744e+66 -6.27744e+66 101.02 160.643 245.167 578.81 914.019 1346.2 1395.4 1905.11 2135.05 2877.84 
-6.27744e+66 -6.27744e+66 -6.27744e+66 -6.27744e+66 -6.27744e+66 -6.27744e+66 -6.27744e+66 -6.27744e+66 -6.27744e+66 -6.27744e+66 101.02 143.282 365.71 617.117 962.862 1003.87 1440.76 1641.95 2302.21 
-6.27744e+66 -6.27744e+66 -6.27744e+66 -6.27744e+66 -6.27744e+66 -6.27744e+66 -6.27744e+66 -6.27744e+66 -6.27744e+66 -6.27744e+66 -6.27744e+66 101.02 212.234 379.839 639.147 671.95 1036.03 1208.48 1786.21 
-6.27744e+66 -6.27744e+66 -6.27744e+66 -6.27744e+66 -6.27744e+66 -6.27744e+66 -6.27744e+66 -6.27744e+66 -6.27744e+66 -6.27744e+66 -6.27744e+66 -6.27744e+66 101.02 184.822 357.694 382.296 673.559 817.268 1312.46 
-6.27744e+66 -6.27744e+66 -6.27744e+66 -6.27744e+66 -6.27744e+66 -6.27744e+66 -6.27744e+66 -6.27744e+66 -6.27744e+66 -6.27744e+66 -6.27744e+66 -6.27744e+66 -6.27744e+66 101.02 187.456 203.857 422.304 537.272 949.936 
-6.27744e+66 -6.27744e+66 -6.27744e+66 -6.27744e+66 -6.27744e+66 -6.27744e+66 -6.27744e+66 -6.27744e+66 -6.27744e+66 -6.27744e+66 -6.27744e+66 -6.27744e+66 -6.27744e+66 -6.27744e+66 101.02 109.22 254.852 341.077 671.208 
-6.27744e+66 -6.27744e+66 -6.27744e+66 -6.27744e+66 -6.27744e+66 -6.27744e+66 -6.27744e+66 -6.27744e+66 -6.27744e+66 -6.27744e+66 -6.27744e+66 -6.27744e+66 -6.27744e+66 -6.27744e+66 -6.27744e+66 101.02 173.835 231.319 478.917 
-6.27744e+66 -6.27744e+66 -6.27744e+66 -6.27744e+66 -6.27744e+66 -6.27744e+66 -6.27744e+66 -6.27744e+66 -6.27744e+66 -6.27744e+66 -6.27744e+66 -6.27744e+66 -6.27744e+66 -6.27744e+66 -6.27744e+66 -6.27744e+66 101.02 129.762 294.827 
-6.27744e+66 -6.27744e+66 -6.27744e+66 -6.27744e+66 -6.27744e+66 -6.27744e+66 -6.27744e+66 -6.27744e+66 -6.27744e+66 -6.27744e+66 -6.27744e+66 -6.27744e+66 -6.27744e+66 -6.27744e+66 -6.27744e+66 -6.27744e+66 -6.27744e+66 101.02 183.553 
-6.27744e+66 -6.27744e+66 -6.27744e+66 -6.27744e+66 -6.27744e+66 -6.27744e+66 -6.27744e+66 -6.27744e+66 -6.27744e+66 -6.27744e+66 -6.27744e+66 -6.27744e+66 -6.27744e+66 -6.27744e+66 -6.27744e+66 -6.27744e+66 -6.27744e+66 -6.27744e+66 101.02 
-6.27744e+66 -6.27744e+66 -6.27744e+66 -6.27744e+66 -6.27744e+66 -6.27744e+66 -6.27744e+66 -6.27744e+66 -6.27744e+66 -6.27744e+66 -6.27744e+66 -6.27744e+66 -6.27744e+66 -6.27744e+66 -6.27744e+66 -6.27744e+66 -6.27744e+66 -6.27744e+66 -6.27744e+66 
-6.27744e+66 88.7045 165.06 278.728 580.454 731.243 1064.41 1370.49 2200.16 2350.2 3148.52 3506.19 4981.93 5563.09 6969.93 7498.42 9508.57 10362.3 11955.5 
-6.27744e+66 -6.27744e+66 88.7045 145.539 346.689 459.781 726.314 981.384 1692.52 1823.81 2533.43 2855.34 4196.91 4729.64 6028.26 6519.01 8395.15 9195.56 10695 
-6.27744e+66 -6.27744e+66 -6.27744e+66 88.7045 189.28 264.674 464.574 668.63 1261.25 1373.78 1994.69 2280.83 3488.25 3972.55 5162.96 5615.95 7358.08 8105.13 9510.82 
-6.27744e+66 -6.27744e+66 -6.27744e+66 -6.27744e+66 88.7045 126.402 259.668 412.71 886.804 980.579 1512.79 1763.17 2836.43 3272.3 4354.48 4769.72 6377.85 7071.54 8383.51 
-6.27744e+66 -6.27744e+66 -6.27744e+66 -6.27744e+66 -6.27744e+66 88.7045 155.338 257.366 612.936 687.956 1131.47 1346.07 2285.18 2672.62 3646.58 4024.08 5498.19 6138.52 7356.78 
-6.27744e+66 -6.27744e+66 -6.27744e+66 -6.27744e+66 -6.27744e+66 -6.27744e+66 88.7045 139.719 376.765 433.03 787.84 966.677 1771.62 2110.63 2976.38 3316.13 4656.23 5243.2 6367.75 
-6.27744e+66 -6.27744e+66 -6.27744e+66 -6.27744e+66 -6.27744e+66 -6.27744e+66 -6.27744e+66 88.7045 207.228 244.738 510.845 653.915 1324.7 1615.28 2372.81 2674.81 3880.9 4414.51 5445.35 
-6.27744e+66 -6.27744e+66 -6.27744e+66 -6.27744e+66 -6.27744e+66 -6.27744e+66 -6.27744e+66 -6.27744e+66 88.7045 107.46 284.864 392.167 928.798 1170.95 1820.26 2084.5 3156.59 3636.83 4573.96 
-6.27744e+66 -6.27744e+66 -6.27744e+66 -6.27744e+66 -6.27744e+66 -6.27744e+66 -6.27744e+66 -6.27744e+66 -6.27744e+66 88.7045 177.407 248.942 651.415 845.135 1386.23 1612.72 2550.8 2977.68 3821.09 
-6.27744e+66 -6.27744e+66 -6.27744e+66 -6.27744e+66 -6.27744e+66 -6.27744e+66 -6.27744e+66 -6.27744e+66 -6.27744e+66 -6.27744e+66 88.7045 124.472 392.788 538.077 970.951 1159.7 1963.76 2337.29 3086.99 
-6.27744e+66 -6.27744e+66 -6.27744e+66 -6.27744e+66 -6.27744e+66 -6.27744e+66 -6.27744e+66 -6.27744e+66 -6.27744e+66 -6.27744e+66 -6.27744e+66 88.7045 222.862 319.722 644.377 795.375 1465.43 1785.59 2441.58 
-6.27744e+66 -6.27744e+66 -6.27744e+66 -6.27744e+66 -6.27744e+66 -6.27744e+66 -6.27744e+66 -6.27744e+66 -6.27744e+66 -6.27744e+66 -6.27744e+66 -6.27744e+66 88.7045 137.134 353.571 466.819 1002.86 1269.66 1831.94 
-6.27744e+66 -6.27744e+66 -6.27744e+66 -6.27744e+66 -6.27744e+66 -6.27744e+66 -6.27744e+66 -6.27744e+66 -6.27744e+66 -6.27744e+66 -6.27744e+66 -6.27744e+66 -6.27744e+66 88.7045 196.923 272.422 674.453 887.896 1356.46 
-6.27744e+66 -6.27744e+66 -6.27744e+66 -6.27744e+66 -6.27744e+66 -6.27744e+66 -6.27744e+66 -6.27744e+66 -6.27744e+66 -6.27744e+66 -6.27744e+66 -6.27744e+66 -6.27744e+66 -6.27744e+66 88.7045 126.454 394.474 554.557 929.407 
-6.27744e+66 -6.27744e+66 -6.27744e+66 -6.27744e+66 -6.27744e+66 -6.27744e+66 -6.27744e+66 -6.27744e+66 -6.27744e+66 -6.27744e+66 -6.27744e+66 -6.27744e+66 -6.27744e+66 -6.27744e+66 -6.27744e+66 88.7045 222.715 329.436 610.574 
-6.27744e+66 -6.27744e+66 -6.27744e+66 -6.27744e+66 -6.27744e+66 -6.27744e+66 -6.27744e+66 -6.27744e+66 -6.27744e+66 -6.27744e+66 -6.27744e+66 -6.27744e+66 -6.27744e+66 -6.27744e+66 -6.27744e+66 -6.27744e+66 88.7045 142.065 329.49 
-6.27744e+66 -6.27744e+66 -6.27744e+66 -6.27744e+66 -6.27744e+66 -6.27744e+66 -6.27744e+66 -6.27744e+66 -6.27744e+66 -6.27744e+66 -6.27744e+66 -6.27744e+66 -6.27744e+66 -6.27744e+66 -6.27744e+66 -6.27744e+66 -6.27744e+66 88.7045 182.417 
-6.27744e+66 -6.27744e+66 -6.27744e+66 -6.27744e+66 -6.27744e+66 -6.27744e+66 -6.27744e+66 -6.27744e+66 -6.27744e+66 -6.27744e+66 -6.27744e+66 -6.27744e+66 -6.27744e+66 -6.27744e+66 -6.27744e+66 -6.27744e+66 -6.27744e+66 -6.27744e+66 88.7045 
-6.27744e+66 -6.27744e+66 -6.27744e+66 -6.27744e+66 -6.27744e+66 -6.27744e+66 -6.27744e+66 -6.27744e+66 -6.27744e+66 -6.27744e+66 -6.27744e+66 -6.27744e+66 -6.27744e+66 -6.27744e+66 -6.27744e+66 -6.27744e+66 -6.27744e+66 -6.27744e+66 -6.27744e+66 
-6.27744e+66 91.1675 208.613 326.937 685.706 867.884 1292.36 1779.11 2399.17 2816.44 3596.66 4041.39 5104.3 5763.37 7069.94 7744.92 9412.36 10227.2 11349.1 
-6.27744e+66 -6.27744e+66 91.1675 150.329 389.509 526.142 865.723 1271.35 1802.83 2167.94 2861.47 3261.72 4228.01 4832.16 6038.22 6664.99 8221.26 8985.21 10041.1 
-6.27744e+66 -6.27744e+66 -6.27744e+66 91.1675 210.757 301.846 556.532 881.034 1323.93 1636.89 2243.72 2599.5 3469.16 4018.39 5123.94 5702.5 7147.61 7860.63 8850.54 
-6.27744e+66 -6.27744e+66 -6.27744e+66 -6.27744e+66 91.1675 136.712 306.503 549.879 904.195 1164.99 1685.14 1996.45 2769.47 3263.78 4268.83 4799.17 6133.12 6795.21 7719.12 
-6.27744e+66 -6.27744e+66 -6.27744e+66 -6.27744e+66 -6.27744e+66 91.1675 176.063 338.314 604.051 812.689 1246.14 1512.98 2189.38 2628.76 3533.31 4015.44 5238.22 5849.39 6707.3 
-6.27744e+66 -6.27744e+66 -6.27744e+66 -6.27744e+66 -6.27744e+66 -6.27744e+66 91.1675 172.293 349.451 505.93 852.691 1075.06 1654.83 2039.29 2843.33 3277.24 4388.87 4949.1 5741.02 
-6.27744e+66 -6.27744e+66 -6.27744e+66 -6.27744e+66 -6.27744e+66 -6.27744e+66 -6.27744e+66 91.1675 179.747 284.066 544.137 722.03 1205.17 1534.71 2238.24 2623.95 3624.41 4133.71 4859.64 
-6.27744e+66 -6.27744e+66 -6.27744e+66 -6.27744e+66 -6.27744e+66 -6.27744e+66 -6.27744e+66 -6.27744e+66 91.1675 143.327 316.708 450.127 836.641 1111.25 1714.28 2051.78 2941.07 3399.45 4059.38 
-6.27744e+66 -6.27744e+66 -6.27744e+66 -6.27744e+66 -6.27744e+66 -6.27744e+66 -6.27744e+66 -6.27744e+66 -6.27744e+66 91.1675 177.858 266.804 556.689 776.38 1278.91 1568.18 2346.32 2753.76 3347.7 
-6.27744e+66 -6.27744e+66 -6.27744e+66 -6.27744e+66 -6.27744e+66 -6.27744e+66 -6.27744e+66 -6.27744e+66 -6.27744e+66 -6.27744e+66 91.1675 135.641 328.897 493.666 895.686 1136.75 1803.72 2160.24 2688.19 
-6.27744e+66 -6.27744e+66 -6.27744e+66 -6.27744e+66 -6.27744e+66 -6.27744e+66 -6.27744e+66 -6.27744e+66 -6.27744e+66 -6.27744e+66 -6.27744e+66 91.1675 187.796 297.641 599.157 792.008 1347.82 1653.4 2115.36 
-6.27744e+66 -6.27744e+66 -6.27744e+66 -6.27744e+66 -6.27744e+66 -6.27744e+66 -6.27744e+66 -6.27744e+66 -6.27744e+66 -6.27744e+66 -6.27744e+66 -6.27744e+66 91.1675 146.09 347.1 491.739 936.389 1191.04 1587 
-6.27744e+66 -6.27744e+66 -6.27744e+66 -6.27744e+66 -6.27744e+66 -6.27744e+66 -6.27744e+66 -6.27744e+66 -6.27744e+66 -6.27744e+66 -6.27744e+66 -6.27744e+66 -6.27744e+66 91.1675 191.673 288.098 621.586 825.307 1155.27 
-6.27744e+66 -6.27744e+66 -6.27744e+66 -6.27744e+66 -6.27744e+66 -6.27744e+66 -6.27744e+66 -6.27744e+66 -6.27744e+66 -6.27744e+66 -6.27744e+66 -6.27744e+66 -6.27744e+66 -6.27744e+66 91.1675 139.38 361.705 514.496 778.47 
-6.27744e+66 -6.27744e+66 -6.27744e+66 -6.27744e+66 -6.27744e+66 -6.27744e+66 -6.27744e+66 -6.27744e+66 -6.27744e+66 -6.27744e+66 -6.27744e+66 -6.27744e+66 -6.27744e+66 -6.27744e+66 -6.27744e+66 91.1675 202.33 304.19 502.171 
-6.27744e+66 -6.27744e+66 -6.27744e+66 -6.27744e+66 -6.27744e+66 -6.27744e+66 -6.27744e+66 -6.27744e+66 -6.27744e+66 -6.27744e+66 -6.27744e+66 -6.27744e+66 -6.27744e+66 -6.27744e+66 -6.27744e+66 -6.27744e+66 91.1675 142.098 274.085 
-6.27744e+66 -6.27744e+66 -6.27744e+66 -6.27744e+66 -6.27744e+66 -6.27744e+66 -6.27744e+66 -6.27744e+66 -6.27744e+66 -6.27744e+66 -6.27744e+66 -6.27744e+66 -6.27744e+66 -6.27744e+66 -6.27744e+66 -6.27744e+66 -6.27744e+66 91.1675 157.161 
-6.27744e+66 -6.27744e+66 -6.27744e+66 -6.27744e+66 -6.27744e+66 -6.27744e+66 -6.27744e+66 -6.27744e+66 -6.27744e+66 -6.27744e+66 -6.27744e+66 -6.27744e+66 -6.27744e+66 -6.27744e+66 -6.27744e+66 -6.27744e+66 -6.27744e+66 -6.27744e+66 91.1675 
-6.27744e+66 -6.27744e+66 -6.27744e+66 -6.27744e+66 -6.27744e+66 -6.27744e+66 -6.27744e+66 -6.27744e+66 -6.27744e+66 -6.27744e+66 -6.27744e+66 -6.27744e+66 -6.27744e+66 -6.27744e+66 -6.27744e+66 -6.27744e+66 -6.27744e+66 -6.27744e+66 -6.27744e+66 
-6.27744e+66 70.8511 161.225 209.545 567.258 715.202 1259.26 1433.13 2287.34 2744.64 3930.44 4719.75 5660.57 6079.03 7337.85 8155 9460.82 10391.1 11673.3 
-6.27744e+66 -6.27744e+66 70.8511 95.0106 333.487 444.444 879.691 1024.58 1756.76 2156.9 3210.94 3921.32 4776.62 5160.2 6322.19 7080.98 8299.74 9171.89 10378.6 
-6.27744e+66 -6.27744e+66 -6.27744e+66 70.8511 190.089 264.061 590.496 706.411 1316.56 1659.54 2581.82 3213.27 3983.03 4331.75 5396.9 6097.32 7229.03 8043.03 9174.35 
-6.27744e+66 -6.27744e+66 -6.27744e+66 -6.27744e+66 70.8511 107.837 325.46 412.397 900.515 1186.33 1976.86 2529.38 3213.61 3527.45 4495.78 5137.83 6182.48 6938.34 7994.23 
-6.27744e+66 -6.27744e+66 -6.27744e+66 -6.27744e+66 -6.27744e+66 70.8511 179.663 237.62 603.709 832.361 1491.13 1964.72 2563.43 2842.4 3713.89 4297.57 5255.17 5952.89 6933.36 
-6.27744e+66 -6.27744e+66 -6.27744e+66 -6.27744e+66 -6.27744e+66 -6.27744e+66 70.8511 99.8298 343.889 515.378 1042.4 1437.05 1950.23 2194.33 2968.99 3494.3 4364.85 5004.42 5909.47 
-6.27744e+66 -6.27744e+66 -6.27744e+66 -6.27744e+66 -6.27744e+66 -6.27744e+66 -6.27744e+66 70.8511 192.881 307.207 702.47 1018.2 1445.84 1655.07 2332.9 2799.84 3583.33 4164.76 4994.39 
-6.27744e+66 -6.27744e+66 -6.27744e+66 -6.27744e+66 -6.27744e+66 -6.27744e+66 -6.27744e+66 -6.27744e+66 70.8511 128.014 391.523 628.318 970.435 1144.79 1725.78 2134.36 2830.8 3354.09 4108.29 
-6.27744e+66 -6.27744e+66 -6.27744e+66 -6.27744e+66 -6.27744e+66 -6.27744e+66 -6.27744e+66 -6.27744e+66 -6.27744e+66 70.8511 202.606 360.469 617.057 756.541 1240.7 1590.91 2200.3 2665.44 3344.23 
-6.27744e+66 -6.27744e+66 -6.27744e+66 -6.27744e+66 -6.27744e+66 -6.27744e+66 -6.27744e+66 -6.27744e+66 -6.27744e+66 -6.27744e+66 70.8511 149.783 320.841 425.455 812.784 1104.63 1626.95 2033.95 2637.32 
-6.27744e+66 -6.27744e+66 -6.27744e+66 -6.27744e+66 -6.27744e+66 -6.27744e+66 -6.27744e+66 -6.27744e+66 -6.27744e+66 -6.27744e+66 -6.27744e+66 70.8511 156.38 226.123 516.619 750.093 1185.37 1534.22 2062.17 
-6.27744e+66 -6.27744e+66 -6.27744e+66 -6.27744e+66 -6.27744e+66 -6.27744e+66 -6.27744e+66 -6.27744e+66 -6.27744e+66 -6.27744e+66 -6.27744e+66 -6.27744e+66 70.8511 105.722 299.387 474.492 822.71 1113.43 1565.95 
-6.27744e+66 -6.27744e+66 -6.27744e+66 -6.27744e+66 -6.27744e+66 -6.27744e+66 -6.27744e+66 -6.27744e+66 -6.27744e+66 -6.27744e+66 -6.27744e+66 -6.27744e+66 -6.27744e+66 70.8511 167.683 284.42 545.584 778.156 1155.26 
-6.27744e+66 -6.27744e+66 -6.27744e+66 -6.27744e+66 -6.27744e+66 -6.27744e+66 -6.27744e+66 -6.27744e+66 -6.27744e+66 -6.27744e+66 -6.27744e+66 -6.27744e+66 -6.27744e+66 -6.27744e+66 70.8511 129.219 303.329 477.758 779.441 
-6.27744e+66 -6.27744e+66 -6.27744e+66 -6.27744e+66 -6.27744e+66 -6.27744e+66 -6.27744e+66 -6.27744e+66 -6.27744e+66 -6.27744e+66 -6.27744e+66 -6.27744e+66 -6.27744e+66 -6.27744e+66 -6.27744e+66 70.8511 157.906 274.192 500.454 
-6.27744e+66 -6.27744e+66 -6.27744e+66 -6.27744e+66 -6.27744e+66 -6.27744e+66 -6.27744e+66 -6.27744e+66 -6.27744e+66 -6.27744e+66 -6.27744e+66 -6.27744e+66 -6.27744e+66 -6.27744e+66 -6.27744e+66 -6.27744e+66 70.8511 128.994 279.836 
-6.27744e+66 -6.27744e+66 -6.27744e+66 -6.27744e+66 -6.27744e+66 -6.27744e+66 -6.27744e+66 -6.27744e+66 -6.27744e+66 -6.27744e+66 -6.27744e+66 -6.27744e+66 -6.27744e+66 -6.27744e+66 -6.27744e+66 -6.27744e+66 -6.27744e+66 70.8511 146.272 
-6.27744e+66 -6.27744e+66 -6.27744e+66 -6.27744e+66 -6.27744e+66 -6.27744e+66 -6.27744e+66 -6.27744e+66 -6.27744e+66 -6.27744e+66 -6.27744e+66 -6.27744e+66 -6.27744e+66 -6.27744e+66 -6.27744e+66 -6.27744e+66 -6.27744e+66 -6.27744e+66 70.8511 
-6.27744e+66 -6.27744e+66 -6.27744e+66 -6.27744e+66 -6.27744e+66 -6.27744e+66 -6.27744e+66 -6.27744e+66 -6.27744e+66 -6.27744e+66 -6.27744e+66 -6.27744e+66 -6.27744e+66 -6.27744e+66 -6.27744e+66 -6.27744e+66 -6.27744e+66 -6.27744e+66 -6.27744e+66 
-6.27744e+66 96.0122 224.011 363.086 650.439 876.273 1514.43 1972.31 2852.99 3501.79 4610.98 4737.51 5594.31 6207.59 7408.36 8077.39 9295.45 9993.09 11918.8 
-6.27744e+66 -6.27744e+66 96.0122 165.549 357.118 526.494 1037.02 1418.59 2173.46 2741.15 3727.1 3840.98 4619.89 5182.06 6290.46 6911.71 8048.56 8702.6 10515.1 
-6.27744e+66 -6.27744e+66 -6.27744e+66 96.0122 191.797 304.714 687.606 992.864 1621.92 2108.52 2971.22 3072.45 3773.46 4284.53 5300.56 5874.02 6929.67 7540.11 9239.28 
-6.27744e+66 -6.27744e+66 -6.27744e+66 -6.27744e+66 96.0122 152.471 407.733 636.676 1139.92 1545.42 2284.88 2373.45 2996.58 3456.54 4380.2 4905.87 5880.32 6447.15 8033.05 
-6.27744e+66 -6.27744e+66 -6.27744e+66 -6.27744e+66 -6.27744e+66 96.0122 223.643 376.272 753.706 1078.1 1694.32 1770.24 2315.48 2724.33 3555.63 4033.51 4926.75 5449.98 6922.6 
-6.27744e+66 -6.27744e+66 -6.27744e+66 -6.27744e+66 -6.27744e+66 -6.27744e+66 96.0122 172.327 423.949 667.248 1160.22 1223.49 1690.83 2048.58 2787.51 3217.6 4029.64 4509.27 5868.61 
-6.27744e+66 -6.27744e+66 -6.27744e+66 -6.27744e+66 -6.27744e+66 -6.27744e+66 -6.27744e+66 96.0122 221.824 384.023 753.754 804.366 1193.82 1500.46 2147.02 2529.33 3260.17 3696.19 4942.25 
-6.27744e+66 -6.27744e+66 -6.27744e+66 -6.27744e+66 -6.27744e+66 -6.27744e+66 -6.27744e+66 -6.27744e+66 96.0122 177.112 423.599 461.558 773.121 1028.65 1582.85 1917.37 2567 2959.42 4092.21 
-6.27744e+66 -6.27744e+66 -6.27744e+66 -6.27744e+66 -6.27744e+66 -6.27744e+66 -6.27744e+66 -6.27744e+66 -6.27744e+66 96.0122 219.256 244.562 478.234 682.66 1144.49 1431.22 1999.65 2348.47 3367.97 
-6.27744e+66 -6.27744e+66 -6.27744e+66 -6.27744e+66 -6.27744e+66 -6.27744e+66 -6.27744e+66 -6.27744e+66 -6.27744e+66 -6.27744e+66 96.0122 108.665 264.447 417.766 787.233 1026.17 1513.4 1818.61 2724.84 
-6.27744e+66 -6.27744e+66 -6.27744e+66 -6.27744e+66 -6.27744e+66 -6.27744e+66 -6.27744e+66 -6.27744e+66 -6.27744e+66 -6.27744e+66 -6.27744e+66 96.0122 173.903 276.116 553.216 744.369 1150.39 1412 2204.95 
-6.27744e+66 -6.27744e+66 -6.27744e+66 -6.27744e+66 -6.27744e+66 -6.27744e+66 -6.27744e+66 -6.27744e+66 -6.27744e+66 -6.27744e+66 -6.27744e+66 -6.27744e+66 96.0122 147.119 331.852 475.216 800.032 1018.04 1697.71 
-6.27744e+66 -6.27744e+66 -6.27744e+66 -6.27744e+66 -6.27744e+66 -6.27744e+66 -6.27744e+66 -6.27744e+66 -6.27744e+66 -6.27744e+66 -6.27744e+66 -6.27744e+66 -6.27744e+66 96.0122 188.379 283.955 527.567 701.976 1268.37 
-6.27744e+66 -6.27744e+66 -6.27744e+66 -6.27744e+66 -6.27744e+66 -6.27744e+66 -6.27744e+66 -6.27744e+66 -6.27744e+66 -6.27744e+66 -6.27744e+66 -6.27744e+66 -6.27744e+66 -6.27744e+66 96.0122 143.8 306.208 437.015 890.129 
-6.27744e+66 -6.27744e+66 -6.27744e+66 -6.27744e+66 -6.27744e+66 -6.27744e+66 -6.27744e+66 -6.27744e+66 -6.27744e+66 -6.27744e+66 -6.27744e+66 -6.27744e+66 -6.27744e+66 -6.27744e+66 -6.27744e+66 96.0122 177.216 264.421 604.256 
-6.27744e+66 -6.27744e+66 -6.27744e+66 -6.27744e+66 -6.27744e+66 -6.27744e+66 -6.27744e+66 -6.27744e+66 -6.27744e+66 -6.27744e+66 -6.27744e+66 -6.27744e+66 -6.27744e+66 -6.27744e+66 -6.27744e+66 -6.27744e+66 96.0122 139.615 366.171 
-6.27744e+66 -6.27744e+66 -6.27744e+66 -6.27744e+66 -6.27744e+66 -6.27744e+66 -6.27744e+66 -6.27744e+66 -6.27744e+66 -6.27744e+66 -6.27744e+66 -6.27744e+66 -6.27744e+66 -6.27744e+66 -6.27744e+66 -6.27744e+66 -6.27744e+66 96.0122 209.291 
-6.27744e+66 -6.27744e+66 -6.27744e+66 -6.27744e+66 -6.27744e+66 -6.27744e+66 -6.27744e+66 -6.27744e+66 -6.27744e+66 -6.27744e+66 -6.27744e+66 -6.27744e+66 -6.27744e+66 -6.27744e+66 -6.27744e+66 -6.27744e+66 -6.27744e+66 -6.27744e+66 96.0122 
-6.27744e+66 -6.27744e+66 -6.27744e+66 -6.27744e+66 -6.27744e+66 -6.27744e+66 -6.27744e+66 -6.27744e+66 -6.27744e+66 -6.27744e+66 -6.27744e+66 -6.27744e+66 -6.27744e+66 -6.27744e+66 -6.27744e+66 -6.27744e+66 -6.27744e+66 -6.27744e+66 -6.27744e+66 
