48 40 
503.599 503.599 503.599 503.599 503.599 503.599 503.599 503.599 503.599 503.599 503.599 503.599 503.599 503.599 503.599 503.599 503.599 503.599 503.599 503.599 503.599 503.599 503.599 503.599 503.599 503.599 503.599 503.599 503.599 503.599 503.599 503.599 503.599 503.599 503.599 503.599 503.599 503.599 503.599 503.599 503.599 503.599 503.599 503.599 503.599 503.599 503.599 503.599 
item 0
69.7979 0 67.0647 0 0 0 0 82.9381 0 98.2403 46.9503 0 0 0 0 123.374 0 109.72 17.1429 0 76.5757 0 98.0585 100.517 0 0 57.6182 0 82.5407 0 0 102.582 0 133.088 0 0 0 101.909 0 104.709 40.5947 0 35.965 91.1178 32.6812 0 0 0 
72.041 72.041 72.041 72.041 72.041 72.041 72.041 72.041 72.041 72.041 72.041 72.041 72.041 72.041 72.041 72.041 72.041 72.041 72.041 72.041 72.041 72.041 72.041 72.041 72.041 72.041 72.041 72.041 72.041 72.041 72.041 72.041 72.041 72.041 72.041 72.041 72.041 72.041 72.041 72.041 72.041 72.041 72.041 72.041 72.041 72.041 72.041 72.041 
1 1 1 1 1 1 1 1 1 1 1 1 1 1 1 1 1 1 1 1 1 1 1 1 1 1 1 1 1 1 1 1 1 1 1 1 1 1 1 1 1 1 1 1 1 1 1 1 
item 1
69.716 110.21 30.5138 124.488 0 61.1103 0 0 0 79.0533 0 76.2631 27.7513 114.159 35.0966 0 0 101.406 56.2617 98.803 56.2669 0 0 0 26.9925 102.528 10.0081 0 34.5142 0 0 113.57 0 0 0 0 35.3051 97.2514 0 0 0 113.351 79.5021 100.146 0 121.944 86.4149 0 
86.542 86.542 86.542 86.542 86.542 86.542 86.542 86.542 86.542 86.542 86.542 86.542 86.542 86.542 86.542 86.542 86.542 86.542 86.542 86.542 86.542 86.542 86.542 86.542 86.542 86.542 86.542 86.542 86.542 86.542 86.542 86.542 86.542 86.542 86.542 86.542 86.542 86.542 86.542 86.542 86.542 86.542 86.542 86.542 86.542 86.542 86.542 86.542 
1 1 1 1 1 1 1 1 1 1 1 1 1 1 1 1 1 1 1 1 1 1 1 1 1 1 1 1 1 1 1 1 1 1 1 1 1 1 1 1 1 1 1 1 1 1 1 1 
item 2
60.4194 0 0 94.8667 34.9047 0 27.9696 71.9996 40.8116 0 0 126.203 0 0 76.6714 0 0 104.022 0 0 32.8156 127.144 0 0 31.2917 0 0 120.777 51.2236 0 26.0382 0 0 0 92.866 0 52.7688 98.1497 0 0 69.7456 97.4574 58.0654 95.341 80.5994 0 23.2138 100.648 
33.4319 33.4319 33.4319 33.4319 33.4319 33.4319 33.4319 33.4319 33.4319 33.4319 33.4319 33.4319 33.4319 33.4319 33.4319 33.4319 33.4319 33.4319 33.4319 33.4319 33.4319 33.4319 33.4319 33.4319 33.4319 33.4319 33.4319 33.4319 33.4319 33.4319 33.4319 33.4319 33.4319 33.4319 33.4319 33.4319 33.4319 33.4319 33.4319 33.4319 33.4319 33.4319 33.4319 33.4319 33.4319 33.4319 33.4319 33.4319 
1 1 1 1 1 1 1 1 1 1 1 1 1 1 1 1 1 1 1 1 1 1 1 1 1 1 1 1 1 1 1 1 1 1 1 1 1 1 1 1 1 1 1 1 1 1 1 1 
item 3
51.2393 97.3276 101.698 0 0 0 0 0 43.7907 0 0 0 61.4106 123.325 0 0 0 0 0 0 56.8851 112.061 0 124.3 64.8066 82.8821 0 111.879 0 0 23.8268 0 59.8219 0 11.9362 0 0 0 0 0 43.574 0 0 116.44 0 93.5473 50.8252 0 
59.5368 59.5368 59.5368 59.5368 59.5368 59.5368 59.5368 59.5368 59.5368 59.5368 59.5368 59.5368 59.5368 59.5368 59.5368 59.5368 59.5368 59.5368 59.5368 59.5368 59.5368 59.5368 59.5368 59.5368 59.5368 59.5368 59.5368 59.5368 59.5368 59.5368 59.5368 59.5368 59.5368 59.5368 59.5368 59.5368 59.5368 59.5368 59.5368 59.5368 59.5368 59.5368 59.5368 59.5368 59.5368 59.5368 59.5368 59.5368 
1 1 1 1 1 1 1 1 1 1 1 1 1 1 1 1 1 1 1 1 1 1 1 1 1 1 1 1 1 1 1 1 1 1 1 1 1 1 1 1 1 1 1 1 1 1 1 1 
item 4
44.9776 0 37.2828 0 0 0 35.0928 110.084 0 92.0755 0 0 80.5502 0 33.7029 0 59.5183 83.7389 0 111.93 45.7449 98.479 0 0 55.8561 0 0 122.388 0 96.6637 0 129.511 17.0741 0 31.0382 89.4537 0 0 0 0 105.901 149.4 0 0 62.0755 87.5624 0 0 
57.0759 57.0759 57.0759 57.0759 57.0759 57.0759 57.0759 57.0759 57.0759 57.0759 57.0759 57.0759 57.0759 57.0759 57.0759 57.0759 57.0759 57.0759 57.0759 57.0759 57.0759 57.0759 57.0759 57.0759 57.0759 57.0759 57.0759 57.0759 57.0759 57.0759 57.0759 57.0759 57.0759 57.0759 57.0759 57.0759 57.0759 57.0759 57.0759 57.0759 57.0759 57.0759 57.0759 57.0759 57.0759 57.0759 57.0759 57.0759 
1 1 1 1 1 1 1 1 1 1 1 1 1 1 1 1 1 1 1 1 1 1 1 1 1 1 1 1 1 1 1 1 1 1 1 1 1 1 1 1 1 1 1 1 1 1 1 1 
item 5
95.1129 0 53.1313 0 28.5291 0 0 0 0 94.817 23.7825 0 39.1262 0 0 66.8786 21.0993 86.2966 0 104.378 0 107.129 14.0948 83.3366 50.3395 63.8494 0 117.734 0 0 0 81.9925 0 0 24.8639 0 74.7863 129.954 0 80.8102 61.6992 81.9062 0 0 0 0 57.2749 0 
48.9127 48.9127 48.9127 48.9127 48.9127 48.9127 48.9127 48.9127 48.9127 48.9127 48.9127 48.9127 48.9127 48.9127 48.9127 48.9127 48.9127 48.9127 48.9127 48.9127 48.9127 48.9127 48.9127 48.9127 48.9127 48.9127 48.9127 48.9127 48.9127 48.9127 48.9127 48.9127 48.9127 48.9127 48.9127 48.9127 48.9127 48.9127 48.9127 48.9127 48.9127 48.9127 48.9127 48.9127 48.9127 48.9127 48.9127 48.9127 
1 1 1 1 1 1 1 1 1 1 1 1 1 1 1 1 1 1 1 1 1 1 1 1 1 1 1 1 1 1 1 1 1 1 1 1 1 1 1 1 1 1 1 1 1 1 1 1 
item 6
100.19 66.7698 0 138.479 0 0 0 86.9134 34.6778 0 53.8327 0 0 71.4188 0 96.2782 20.2878 132.717 76.9095 0 0 58.3116 33.0524 0 0 0 0 0 53.3424 100.475 92.692 64.2363 51.8586 0 0 0 0 0 85.4876 114.897 27.7195 99.6652 46.6563 123.48 54.0566 98.7108 32.7658 98.428 
37.6861 37.6861 37.6861 37.6861 37.6861 37.6861 37.6861 37.6861 37.6861 37.6861 37.6861 37.6861 37.6861 37.6861 37.6861 37.6861 37.6861 37.6861 37.6861 37.6861 37.6861 37.6861 37.6861 37.6861 37.6861 37.6861 37.6861 37.6861 37.6861 37.6861 37.6861 37.6861 37.6861 37.6861 37.6861 37.6861 37.6861 37.6861 37.6861 37.6861 37.6861 37.6861 37.6861 37.6861 37.6861 37.6861 37.6861 37.6861 
1 1 1 1 1 1 1 1 1 1 1 1 1 1 1 1 1 1 1 1 1 1 1 1 1 1 1 1 1 1 1 1 1 1 1 1 1 1 1 1 1 1 1 1 1 1 1 1 
item 7
8.72816 0 0 77.417 65.1785 77.3299 0 95.3195 29.3844 0 66.4185 51.0385 0 0 43.4147 108.209 52.5242 0 85.8869 0 33.7694 0 45.5575 0 0 0 50.2818 112.129 0 0 55.0565 0 0 93.8081 37.572 82.6653 14.817 0 0 0 69.2423 0 0 0 65.6622 0 0 0 
66.964 66.964 66.964 66.964 66.964 66.964 66.964 66.964 66.964 66.964 66.964 66.964 66.964 66.964 66.964 66.964 66.964 66.964 66.964 66.964 66.964 66.964 66.964 66.964 66.964 66.964 66.964 66.964 66.964 66.964 66.964 66.964 66.964 66.964 66.964 66.964 66.964 66.964 66.964 66.964 66.964 66.964 66.964 66.964 66.964 66.964 66.964 66.964 
1 1 1 1 1 1 1 1 1 1 1 1 1 1 1 1 1 1 1 1 1 1 1 1 1 1 1 1 1 1 1 1 1 1 1 1 1 1 1 1 1 1 1 1 1 1 1 1 
item 8
51.7496 120.161 88.8919 93.4134 0 79.6631 40.2678 0 0 0 0 0 0 101.977 66.3503 0 0 103.349 65.8776 0 0 73.1132 0 0 18.3465 100.899 43.956 82.0045 56.1924 0 0 0 0 0 71.7585 0 0 147.881 0 91.211 24.5392 94.3356 0 90.6364 59.7689 120.045 0 0 
61.9077 61.9077 61.9077 61.9077 61.9077 61.9077 61.9077 61.9077 61.9077 61.9077 61.9077 61.9077 61.9077 61.9077 61.9077 61.9077 61.9077 61.9077 61.9077 61.9077 61.9077 61.9077 61.9077 61.9077 61.9077 61.9077 61.9077 61.9077 61.9077 61.9077 61.9077 61.9077 61.9077 61.9077 61.9077 61.9077 61.9077 61.9077 61.9077 61.9077 61.9077 61.9077 61.9077 61.9077 61.9077 61.9077 61.9077 61.9077 
1 1 1 1 1 1 1 1 1 1 1 1 1 1 1 1 1 1 1 1 1 1 1 1 1 1 1 1 1 1 1 1 1 1 1 1 1 1 1 1 1 1 1 1 1 1 1 1 
item 9
36.3715 81.7495 89.4967 108.248 0 0 41.3221 93.3169 0 73.4968 0 114.016 0 132.812 0 0 38.9022 0 0 0 28.7571 95.9914 0 0 71.3422 0 43.4484 0 0 93.4261 0 96.933 49.6261 118.228 51.7231 135.167 52.2231 0 0 0 76.7857 0 53.7012 76.93 0 0 53.9143 101.07 
39.7631 39.7631 39.7631 39.7631 39.7631 39.7631 39.7631 39.7631 39.7631 39.7631 39.7631 39.7631 39.7631 39.7631 39.7631 39.7631 39.7631 39.7631 39.7631 39.7631 39.7631 39.7631 39.7631 39.7631 39.7631 39.7631 39.7631 39.7631 39.7631 39.7631 39.7631 39.7631 39.7631 39.7631 39.7631 39.7631 39.7631 39.7631 39.7631 39.7631 39.7631 39.7631 39.7631 39.7631 39.7631 39.7631 39.7631 39.7631 
1 1 1 1 1 1 1 1 1 1 1 1 1 1 1 1 1 1 1 1 1 1 1 1 1 1 1 1 1 1 1 1 1 1 1 1 1 1 1 1 1 1 1 1 1 1 1 1 
item 10
38.2805 122.704 88.591 0 0 102.159 0 0 0 61.6033 0 100.197 0 0 0 0 62.5758 92.5741 50.4641 115.215 23.2462 101.898 72.4103 0 0 86.9979 53.511 0 0 0 0 63.9566 36.875 132.579 0 79.4449 46.8396 113.67 35.9151 0 41.1479 0 0 93.3676 0 88.6562 0 0 
36.7175 36.7175 36.7175 36.7175 36.7175 36.7175 36.7175 36.7175 36.7175 36.7175 36.7175 36.7175 36.7175 36.7175 36.7175 36.7175 36.7175 36.7175 36.7175 36.7175 36.7175 36.7175 36.7175 36.7175 36.7175 36.7175 36.7175 36.7175 36.7175 36.7175 36.7175 36.7175 36.7175 36.7175 36.7175 36.7175 36.7175 36.7175 36.7175 36.7175 36.7175 36.7175 36.7175 36.7175 36.7175 36.7175 36.7175 36.7175 
1 1 1 1 1 1 1 1 1 1 1 1 1 1 1 1 1 1 1 1 1 1 1 1 1 1 1 1 1 1 1 1 1 1 1 1 1 1 1 1 1 1 1 1 1 1 1 1 
item 11
40.1097 86.9932 0 84.9229 63.7544 0 56.1527 113.544 71.6448 0 0 0 69.9989 72.1685 26.5121 108.507 0 55.3425 0 0 0 0 42.8727 0 0 0 58.8268 0 0 0 0 0 0 0 0 123.719 0 0 0 0 49.597 0 0 98.9704 0 117.652 12.815 127.08 
60.4743 60.4743 60.4743 60.4743 60.4743 60.4743 60.4743 60.4743 60.4743 60.4743 60.4743 60.4743 60.4743 60.4743 60.4743 60.4743 60.4743 60.4743 60.4743 60.4743 60.4743 60.4743 60.4743 60.4743 60.4743 60.4743 60.4743 60.4743 60.4743 60.4743 60.4743 60.4743 60.4743 60.4743 60.4743 60.4743 60.4743 60.4743 60.4743 60.4743 60.4743 60.4743 60.4743 60.4743 60.4743 60.4743 60.4743 60.4743 
1 1 1 1 1 1 1 1 1 1 1 1 1 1 1 1 1 1 1 1 1 1 1 1 1 1 1 1 1 1 1 1 1 1 1 1 1 1 1 1 1 1 1 1 1 1 1 1 
item 12
123.436 0 46.3949 0 0 96.5816 49.6933 0 0 0 76.404 91.4505 0 85.5919 69.3412 0 64.293 0 71.4445 116.083 45.796 0 0 54.7281 41.6461 88.775 0 82.1469 89.3559 0 22.2882 109.319 55.8245 83.265 52.9604 84.9882 62.4895 120.537 62.6528 0 0 74.3924 0 103.275 39.7185 0 0 86.0816 
71.9844 71.9844 71.9844 71.9844 71.9844 71.9844 71.9844 71.9844 71.9844 71.9844 71.9844 71.9844 71.9844 71.9844 71.9844 71.9844 71.9844 71.9844 71.9844 71.9844 71.9844 71.9844 71.9844 71.9844 71.9844 71.9844 71.9844 71.9844 71.9844 71.9844 71.9844 71.9844 71.9844 71.9844 71.9844 71.9844 71.9844 71.9844 71.9844 71.9844 71.9844 71.9844 71.9844 71.9844 71.9844 71.9844 71.9844 71.9844 
1 1 1 1 1 1 1 1 1 1 1 1 1 1 1 1 1 1 1 1 1 1 1 1 1 1 1 1 1 1 1 1 1 1 1 1 1 1 1 1 1 1 1 1 1 1 1 1 
item 13
48.3152 85.5015 24.2508 0 0 0 16.971 0 0 107 37.0369 0 0 97.66 61.6473 109.145 67.159 0 0 118.987 54.4816 0 0 0 69.666 0 0 81.27 36.4238 0 0 103.781 54.6011 0 50.2232 127.147 50.6847 87.1384 20.0203 92.8341 0 113.938 52.5012 0 45.7714 87.6729 55.241 0 
47.9414 47.9414 47.9414 47.9414 47.9414 47.9414 47.9414 47.9414 47.9414 47.9414 47.9414 47.9414 47.9414 47.9414 47.9414 47.9414 47.9414 47.9414 47.9414 47.9414 47.9414 47.9414 47.9414 47.9414 47.9414 47.9414 47.9414 47.9414 47.9414 47.9414 47.9414 47.9414 47.9414 47.9414 47.9414 47.9414 47.9414 47.9414 47.9414 47.9414 47.9414 47.9414 47.9414 47.9414 47.9414 47.9414 47.9414 47.9414 
1 1 1 1 1 1 1 1 1 1 1 1 1 1 1 1 1 1 1 1 1 1 1 1 1 1 1 1 1 1 1 1 1 1 1 1 1 1 1 1 1 1 1 1 1 1 1 1 
item 14
72.0398 0 0 0 40.4301 98.9839 0 0 0 0 56.6475 91.9203 0 63.9408 0 121.938 58.9964 0 34.2846 78.697 0 108.688 43.7953 0 23.9315 123.713 0 0 32.7012 110.478 0 0 0 95.8773 0 109.86 49.3241 114.996 0 0 0 126.933 0 0 0 0 0 0 
71.0689 71.0689 71.0689 71.0689 71.0689 71.0689 71.0689 71.0689 71.0689 71.0689 71.0689 71.0689 71.0689 71.0689 71.0689 71.0689 71.0689 71.0689 71.0689 71.0689 71.0689 71.0689 71.0689 71.0689 71.0689 71.0689 71.0689 71.0689 71.0689 71.0689 71.0689 71.0689 71.0689 71.0689 71.0689 71.0689 71.0689 71.0689 71.0689 71.0689 71.0689 71.0689 71.0689 71.0689 71.0689 71.0689 71.0689 71.0689 
1 1 1 1 1 1 1 1 1 1 1 1 1 1 1 1 1 1 1 1 1 1 1 1 1 1 1 1 1 1 1 1 1 1 1 1 1 1 1 1 1 1 1 1 1 1 1 1 
item 15
40.1709 0 0 0 41.9312 106.031 43.7363 111.372 0 101.486 41.3503 0 0 80.2775 0 0 84.6691 0 0 0 0 137.968 0 88.2371 59.6282 0 70.3521 0 0 0 0 0 0 100.9 0 90.8769 0 133.175 0 93.6424 0 0 27.8458 0 8.90401 82.6964 26.924 86.0633 
39.5821 39.5821 39.5821 39.5821 39.5821 39.5821 39.5821 39.5821 39.5821 39.5821 39.5821 39.5821 39.5821 39.5821 39.5821 39.5821 39.5821 39.5821 39.5821 39.5821 39.5821 39.5821 39.5821 39.5821 39.5821 39.5821 39.5821 39.5821 39.5821 39.5821 39.5821 39.5821 39.5821 39.5821 39.5821 39.5821 39.5821 39.5821 39.5821 39.5821 39.5821 39.5821 39.5821 39.5821 39.5821 39.5821 39.5821 39.5821 
1 1 1 1 1 1 1 1 1 1 1 1 1 1 1 1 1 1 1 1 1 1 1 1 1 1 1 1 1 1 1 1 1 1 1 1 1 1 1 1 1 1 1 1 1 1 1 1 
item 16
74.5832 0 80.2571 94.1397 56.705 88.5032 44.2497 0 67.5651 74.5698 50.2842 0 0 0 0 104.756 0 93.5274 55.4602 117.202 42.4789 0 16.3606 103.039 58.7395 0 0 0 0 101.827 58.6968 73.777 41.1545 113.827 21.321 107.957 43.4479 147.649 32.0068 95.8371 0 116.571 0 117.022 41.3485 0 0 116.717 
58.5976 58.5976 58.5976 58.5976 58.5976 58.5976 58.5976 58.5976 58.5976 58.5976 58.5976 58.5976 58.5976 58.5976 58.5976 58.5976 58.5976 58.5976 58.5976 58.5976 58.5976 58.5976 58.5976 58.5976 58.5976 58.5976 58.5976 58.5976 58.5976 58.5976 58.5976 58.5976 58.5976 58.5976 58.5976 58.5976 58.5976 58.5976 58.5976 58.5976 58.5976 58.5976 58.5976 58.5976 58.5976 58.5976 58.5976 58.5976 
1 1 1 1 1 1 1 1 1 1 1 1 1 1 1 1 1 1 1 1 1 1 1 1 1 1 1 1 1 1 1 1 1 1 1 1 1 1 1 1 1 1 1 1 1 1 1 1 
item 17
62.6016 100.426 73.1228 116.273 86.314 0 0 0 76.9748 0 0 104.643 63.9776 0 80.79 110.085 12.278 0 30.3689 120.818 0 0 0 0 84.9073 126.998 0 93.2775 44.5203 0 0 0 32.5972 0 50.6772 94.3463 0 0 38.079 0 5.28028 0 66.1592 126.169 0 0 0 77.0737 
79.0454 79.0454 79.0454 79.0454 79.0454 79.0454 79.0454 79.0454 79.0454 79.0454 79.0454 79.0454 79.0454 79.0454 79.0454 79.0454 79.0454 79.0454 79.0454 79.0454 79.0454 79.0454 79.0454 79.0454 79.0454 79.0454 79.0454 79.0454 79.0454 79.0454 79.0454 79.0454 79.0454 79.0454 79.0454 79.0454 79.0454 79.0454 79.0454 79.0454 79.0454 79.0454 79.0454 79.0454 79.0454 79.0454 79.0454 79.0454 
1 1 1 1 1 1 1 1 1 1 1 1 1 1 1 1 1 1 1 1 1 1 1 1 1 1 1 1 1 1 1 1 1 1 1 1 1 1 1 1 1 1 1 1 1 1 1 1 
item 18
83.1684 77.7052 36.7436 0 0 0 41.4682 0 48.1185 77.8082 0 149.92 0 128.366 0 115.954 0 83.1315 57.4744 127.834 21.9408 0 0 86.794 0 0 50.3363 0 0 0 0 111.797 0 0 57.9217 0 50.1396 103.556 0 85.5404 71.629 0 0 152.635 45.9956 111.154 47.0427 0 
71.4056 71.4056 71.4056 71.4056 71.4056 71.4056 71.4056 71.4056 71.4056 71.4056 71.4056 71.4056 71.4056 71.4056 71.4056 71.4056 71.4056 71.4056 71.4056 71.4056 71.4056 71.4056 71.4056 71.4056 71.4056 71.4056 71.4056 71.4056 71.4056 71.4056 71.4056 71.4056 71.4056 71.4056 71.4056 71.4056 71.4056 71.4056 71.4056 71.4056 71.4056 71.4056 71.4056 71.4056 71.4056 71.4056 71.4056 71.4056 
1 1 1 1 1 1 1 1 1 1 1 1 1 1 1 1 1 1 1 1 1 1 1 1 1 1 1 1 1 1 1 1 1 1 1 1 1 1 1 1 1 1 1 1 1 1 1 1 
item 19
31.4211 0 94.8224 110.153 0 79.9455 53.397 76.8131 30.3467 0 0 0 33.3756 57.8676 63.0183 97.3209 43.3627 79.3058 0 122.237 64.2519 0 68.6764 98.5695 62.8179 110.612 0 0 57.4624 97.7557 83.1256 0 46.7016 0 54.819 0 33.8682 137.489 0 99.459 0 54.6221 0 112.963 0 98.3915 93.6852 108.104 
108.97 108.97 108.97 108.97 108.97 108.97 108.97 108.97 108.97 108.97 108.97 108.97 108.97 108.97 108.97 108.97 108.97 108.97 108.97 108.97 108.97 108.97 108.97 108.97 108.97 108.97 108.97 108.97 108.97 108.97 108.97 108.97 108.97 108.97 108.97 108.97 108.97 108.97 108.97 108.97 108.97 108.97 108.97 108.97 108.97 108.97 108.97 108.97 
1 1 1 1 1 1 1 1 1 1 1 1 1 1 1 1 1 1 1 1 1 1 1 1 1 1 1 1 1 1 1 1 1 1 1 1 1 1 1 1 1 1 1 1 1 1 1 1 
item 20
58.9907 0 61.3684 138.05 84.9256 79.8606 80.3783 76.2503 76.8244 86.1971 0 0 0 92.5959 53.9496 0 51.0832 126.431 23.0125 0 0 68.8451 0 121.729 0 0 45.3691 0 69.5492 99.3755 0 126.895 27.3792 0 0 0 18.0801 57.7557 33.8688 0 0 0 0 102.377 40.6918 103.253 46.4878 0 
60.4023 60.4023 60.4023 60.4023 60.4023 60.4023 60.4023 60.4023 60.4023 60.4023 60.4023 60.4023 60.4023 60.4023 60.4023 60.4023 60.4023 60.4023 60.4023 60.4023 60.4023 60.4023 60.4023 60.4023 60.4023 60.4023 60.4023 60.4023 60.4023 60.4023 60.4023 60.4023 60.4023 60.4023 60.4023 60.4023 60.4023 60.4023 60.4023 60.4023 60.4023 60.4023 60.4023 60.4023 60.4023 60.4023 60.4023 60.4023 
1 1 1 1 1 1 1 1 1 1 1 1 1 1 1 1 1 1 1 1 1 1 1 1 1 1 1 1 1 1 1 1 1 1 1 1 1 1 1 1 1 1 1 1 1 1 1 1 
item 21
48.3966 98.0614 0 0 0 105.851 65.5259 96.0186 0.669808 0 42.7769 0 71.1179 0 0 0 71.1461 75.5344 0 104.963 16.153 0 0 0 0 0 0 81.2998 62.1311 0 0 78.1714 79.3014 0 36.7217 0 90.1628 115.314 64.0168 95.9126 0 100.467 0 94.458 16.4079 0 80.0073 93.3919 
82.5035 82.5035 82.5035 82.5035 82.5035 82.5035 82.5035 82.5035 82.5035 82.5035 82.5035 82.5035 82.5035 82.5035 82.5035 82.5035 82.5035 82.5035 82.5035 82.5035 82.5035 82.5035 82.5035 82.5035 82.5035 82.5035 82.5035 82.5035 82.5035 82.5035 82.5035 82.5035 82.5035 82.5035 82.5035 82.5035 82.5035 82.5035 82.5035 82.5035 82.5035 82.5035 82.5035 82.5035 82.5035 82.5035 82.5035 82.5035 
1 1 1 1 1 1 1 1 1 1 1 1 1 1 1 1 1 1 1 1 1 1 1 1 1 1 1 1 1 1 1 1 1 1 1 1 1 1 1 1 1 1 1 1 1 1 1 1 
item 22
45.2714 94.2216 0 142.435 78.3648 85.1268 56.0045 78.2474 0 0 47.1191 103.885 0 121.155 26.6859 89.786 0 0 0 99.9049 17.1581 114.427 53.0193 86.5262 0 0 0 111.932 43.4485 102.36 0 0 0 0 0 97.2395 64.6987 0 0 83.7237 0 129.544 0 76.388 22.8708 98.384 0 0 
55.5324 55.5324 55.5324 55.5324 55.5324 55.5324 55.5324 55.5324 55.5324 55.5324 55.5324 55.5324 55.5324 55.5324 55.5324 55.5324 55.5324 55.5324 55.5324 55.5324 55.5324 55.5324 55.5324 55.5324 55.5324 55.5324 55.5324 55.5324 55.5324 55.5324 55.5324 55.5324 55.5324 55.5324 55.5324 55.5324 55.5324 55.5324 55.5324 55.5324 55.5324 55.5324 55.5324 55.5324 55.5324 55.5324 55.5324 55.5324 
1 1 1 1 1 1 1 1 1 1 1 1 1 1 1 1 1 1 1 1 1 1 1 1 1 1 1 1 1 1 1 1 1 1 1 1 1 1 1 1 1 1 1 1 1 1 1 1 
item 23
33.6874 0 18.6472 0 0 0 26.9028 101.261 0 87.1769 0 0 47.1359 0 45.2312 0 47.5615 117.293 0 119.694 50.1771 0 0 104.559 12.29 0 0 0 0 0 0 99.8932 0 0 51.3067 0 30.5076 0 0 0 76.108 110.531 38.105 0 0 0 34.4255 0 
53.2405 53.2405 53.2405 53.2405 53.2405 53.2405 53.2405 53.2405 53.2405 53.2405 53.2405 53.2405 53.2405 53.2405 53.2405 53.2405 53.2405 53.2405 53.2405 53.2405 53.2405 53.2405 53.2405 53.2405 53.2405 53.2405 53.2405 53.2405 53.2405 53.2405 53.2405 53.2405 53.2405 53.2405 53.2405 53.2405 53.2405 53.2405 53.2405 53.2405 53.2405 53.2405 53.2405 53.2405 53.2405 53.2405 53.2405 53.2405 
1 1 1 1 1 1 1 1 1 1 1 1 1 1 1 1 1 1 1 1 1 1 1 1 1 1 1 1 1 1 1 1 1 1 1 1 1 1 1 1 1 1 1 1 1 1 1 1 
item 24
91.6655 0 0 54.0776 24.1214 0 0 91.9066 42.8121 0 46.9619 77.2587 87.099 0 51.2199 0 67.7885 0 0 0 17.9649 120.027 71.2066 64.7843 89.6565 0 58.6798 98.8437 13.2746 0 66.6826 0 0 0 0 79.8346 17.8039 0 0 0 30.7852 0 59.9725 0 0 113.752 0 72.2142 
44.2636 44.2636 44.2636 44.2636 44.2636 44.2636 44.2636 44.2636 44.2636 44.2636 44.2636 44.2636 44.2636 44.2636 44.2636 44.2636 44.2636 44.2636 44.2636 44.2636 44.2636 44.2636 44.2636 44.2636 44.2636 44.2636 44.2636 44.2636 44.2636 44.2636 44.2636 44.2636 44.2636 44.2636 44.2636 44.2636 44.2636 44.2636 44.2636 44.2636 44.2636 44.2636 44.2636 44.2636 44.2636 44.2636 44.2636 44.2636 
1 1 1 1 1 1 1 1 1 1 1 1 1 1 1 1 1 1 1 1 1 1 1 1 1 1 1 1 1 1 1 1 1 1 1 1 1 1 1 1 1 1 1 1 1 1 1 1 
item 25
10.1082 52.4679 63.3266 0 0 0 0 127.652 74.294 98.2502 0 0 0 88.1324 0 0 71.8779 82.8042 48.4371 104.622 0 0 0 0 0 0 0 0 0 0 56.3251 0 53.6092 92.3546 0 0 0 113.786 26.0129 0 0 0 67.8993 0 0 0 30.6845 127.905 
50.562 50.562 50.562 50.562 50.562 50.562 50.562 50.562 50.562 50.562 50.562 50.562 50.562 50.562 50.562 50.562 50.562 50.562 50.562 50.562 50.562 50.562 50.562 50.562 50.562 50.562 50.562 50.562 50.562 50.562 50.562 50.562 50.562 50.562 50.562 50.562 50.562 50.562 50.562 50.562 50.562 50.562 50.562 50.562 50.562 50.562 50.562 50.562 
1 1 1 1 1 1 1 1 1 1 1 1 1 1 1 1 1 1 1 1 1 1 1 1 1 1 1 1 1 1 1 1 1 1 1 1 1 1 1 1 1 1 1 1 1 1 1 1 
item 26
24.9257 94.1603 36.0185 102.747 53.7839 0 0 120.789 0 113.35 0 102.861 73.6127 0 78.7554 95.4175 23.9281 125.915 47.5594 78.6021 76.246 0 45.2012 0 0 92.5913 71.4832 0 0 98.8392 0 0 79.2519 0 0 0 0 69.5585 0 0 0 0 0 123.932 34.727 108.801 0 111.91 
24.3476 24.3476 24.3476 24.3476 24.3476 24.3476 24.3476 24.3476 24.3476 24.3476 24.3476 24.3476 24.3476 24.3476 24.3476 24.3476 24.3476 24.3476 24.3476 24.3476 24.3476 24.3476 24.3476 24.3476 24.3476 24.3476 24.3476 24.3476 24.3476 24.3476 24.3476 24.3476 24.3476 24.3476 24.3476 24.3476 24.3476 24.3476 24.3476 24.3476 24.3476 24.3476 24.3476 24.3476 24.3476 24.3476 24.3476 24.3476 
1 1 1 1 1 1 1 1 1 1 1 1 1 1 1 1 1 1 1 1 1 1 1 1 1 1 1 1 1 1 1 1 1 1 1 1 1 1 1 1 1 1 1 1 1 1 1 1 
item 27
47.1119 0 0 0 53.0535 67.0678 0 114.646 0 0 0 0 58.4835 94.7731 0 0 0 0 0 0 0 107.38 0 0 0 96.7896 40.4006 118.25 0 0 0 0 27.8167 74.629 79.4877 0 0 0 0 0 0 0 16.86 130.009 0 0 19.413 0 
73.0533 73.0533 73.0533 73.0533 73.0533 73.0533 73.0533 73.0533 73.0533 73.0533 73.0533 73.0533 73.0533 73.0533 73.0533 73.0533 73.0533 73.0533 73.0533 73.0533 73.0533 73.0533 73.0533 73.0533 73.0533 73.0533 73.0533 73.0533 73.0533 73.0533 73.0533 73.0533 73.0533 73.0533 73.0533 73.0533 73.0533 73.0533 73.0533 73.0533 73.0533 73.0533 73.0533 73.0533 73.0533 73.0533 73.0533 73.0533 
1 1 1 1 1 1 1 1 1 1 1 1 1 1 1 1 1 1 1 1 1 1 1 1 1 1 1 1 1 1 1 1 1 1 1 1 1 1 1 1 1 1 1 1 1 1 1 1 
item 28
15.4896 0 0 0 28.3801 109.313 77.0218 0 95.6471 135.079 53.6421 97.0399 27.9775 80.8917 0 0 0 0 0 0 0 0 0 0 93.5233 0 0 0 56.3959 0 61.3591 0 49.4387 0 57.3595 0 81.6874 0 0 0 59.5598 0 0 0 0 107.501 0 0 
61.5792 61.5792 61.5792 61.5792 61.5792 61.5792 61.5792 61.5792 61.5792 61.5792 61.5792 61.5792 61.5792 61.5792 61.5792 61.5792 61.5792 61.5792 61.5792 61.5792 61.5792 61.5792 61.5792 61.5792 61.5792 61.5792 61.5792 61.5792 61.5792 61.5792 61.5792 61.5792 61.5792 61.5792 61.5792 61.5792 61.5792 61.5792 61.5792 61.5792 61.5792 61.5792 61.5792 61.5792 61.5792 61.5792 61.5792 61.5792 
1 1 1 1 1 1 1 1 1 1 1 1 1 1 1 1 1 1 1 1 1 1 1 1 1 1 1 1 1 1 1 1 1 1 1 1 1 1 1 1 1 1 1 1 1 1 1 1 
item 29
13.3035 0 0 0 0 0 0 80.8937 0 85.0384 26.7707 98.2927 0 79.7361 0 92.9348 50.6786 0 27.2395 80.4831 0 145.27 0 0 33.5701 90.2883 68.2528 107.759 0 57.1375 40.0925 115.022 0 128.774 0 113.276 41.4357 0 52.2755 77.3399 46.9828 0 0 0 0 96.0314 41.9219 101.915 
62.2543 62.2543 62.2543 62.2543 62.2543 62.2543 62.2543 62.2543 62.2543 62.2543 62.2543 62.2543 62.2543 62.2543 62.2543 62.2543 62.2543 62.2543 62.2543 62.2543 62.2543 62.2543 62.2543 62.2543 62.2543 62.2543 62.2543 62.2543 62.2543 62.2543 62.2543 62.2543 62.2543 62.2543 62.2543 62.2543 62.2543 62.2543 62.2543 62.2543 62.2543 62.2543 62.2543 62.2543 62.2543 62.2543 62.2543 62.2543 
1 1 1 1 1 1 1 1 1 1 1 1 1 1 1 1 1 1 1 1 1 1 1 1 1 1 1 1 1 1 1 1 1 1 1 1 1 1 1 1 1 1 1 1 1 1 1 1 
item 30
35.8907 0 56.1481 0 23.9903 103.141 32.984 89.8388 42.6121 99.7639 44.4521 129.109 56.7381 110.202 19.8217 58.2861 0 0 0 0 0 0 0 0 29.2466 74.7293 0 0 0 97.9083 0 0 0 116.135 0 0 21.9027 0 0 0 0 0 0 0 0 99.2632 0 0 
76.0435 76.0435 76.0435 76.0435 76.0435 76.0435 76.0435 76.0435 76.0435 76.0435 76.0435 76.0435 76.0435 76.0435 76.0435 76.0435 76.0435 76.0435 76.0435 76.0435 76.0435 76.0435 76.0435 76.0435 76.0435 76.0435 76.0435 76.0435 76.0435 76.0435 76.0435 76.0435 76.0435 76.0435 76.0435 76.0435 76.0435 76.0435 76.0435 76.0435 76.0435 76.0435 76.0435 76.0435 76.0435 76.0435 76.0435 76.0435 
1 1 1 1 1 1 1 1 1 1 1 1 1 1 1 1 1 1 1 1 1 1 1 1 1 1 1 1 1 1 1 1 1 1 1 1 1 1 1 1 1 1 1 1 1 1 1 1 
item 31
66.6427 97.1435 0 114.13 22.3087 0 0 94.2702 0 0 81.6558 110.393 28.2155 0 0 63.2624 101.726 81.7329 0 125.654 81.8043 116.043 0 61.3606 0 90.5886 0 0 90.7998 0 0 108.114 0 98.6794 57.2421 111.536 0 0 13.312 107.624 58.6786 0 30.5362 0 61.9211 85.1721 54.7526 0 
66.7462 66.7462 66.7462 66.7462 66.7462 66.7462 66.7462 66.7462 66.7462 66.7462 66.7462 66.7462 66.7462 66.7462 66.7462 66.7462 66.7462 66.7462 66.7462 66.7462 66.7462 66.7462 66.7462 66.7462 66.7462 66.7462 66.7462 66.7462 66.7462 66.7462 66.7462 66.7462 66.7462 66.7462 66.7462 66.7462 66.7462 66.7462 66.7462 66.7462 66.7462 66.7462 66.7462 66.7462 66.7462 66.7462 66.7462 66.7462 
1 1 1 1 1 1 1 1 1 1 1 1 1 1 1 1 1 1 1 1 1 1 1 1 1 1 1 1 1 1 1 1 1 1 1 1 1 1 1 1 1 1 1 1 1 1 1 1 
item 32
36.073 0 0 0 0 104.329 85.6735 107.768 0 110.507 55.6018 0 68.997 0 28.938 0 30.261 94.4098 69.4066 0 0 94.2212 74.318 91.7823 70.044 105.608 47.9095 97.3162 27.5704 127.62 58.8496 0 38.9675 76.0636 0 0 37.4781 102.67 0 48.7503 0 0 0 0 0 114.382 18.847 0 
69.9623 69.9623 69.9623 69.9623 69.9623 69.9623 69.9623 69.9623 69.9623 69.9623 69.9623 69.9623 69.9623 69.9623 69.9623 69.9623 69.9623 69.9623 69.9623 69.9623 69.9623 69.9623 69.9623 69.9623 69.9623 69.9623 69.9623 69.9623 69.9623 69.9623 69.9623 69.9623 69.9623 69.9623 69.9623 69.9623 69.9623 69.9623 69.9623 69.9623 69.9623 69.9623 69.9623 69.9623 69.9623 69.9623 69.9623 69.9623 
1 1 1 1 1 1 1 1 1 1 1 1 1 1 1 1 1 1 1 1 1 1 1 1 1 1 1 1 1 1 1 1 1 1 1 1 1 1 1 1 1 1 1 1 1 1 1 1 
item 33
53.7924 0 0 0 0 0 46.7824 92.2549 0 0 59.7023 131.415 0 108.651 0 0 0 0 0 113.639 0 0 0 109.678 0 67.2331 58.9207 0 0 122.379 0 120.971 0 0 0 99.9975 32.409 0 0 0 0 91.8272 74.5678 100.77 0 107.417 0 0 
60.8047 60.8047 60.8047 60.8047 60.8047 60.8047 60.8047 60.8047 60.8047 60.8047 60.8047 60.8047 60.8047 60.8047 60.8047 60.8047 60.8047 60.8047 60.8047 60.8047 60.8047 60.8047 60.8047 60.8047 60.8047 60.8047 60.8047 60.8047 60.8047 60.8047 60.8047 60.8047 60.8047 60.8047 60.8047 60.8047 60.8047 60.8047 60.8047 60.8047 60.8047 60.8047 60.8047 60.8047 60.8047 60.8047 60.8047 60.8047 
1 1 1 1 1 1 1 1 1 1 1 1 1 1 1 1 1 1 1 1 1 1 1 1 1 1 1 1 1 1 1 1 1 1 1 1 1 1 1 1 1 1 1 1 1 1 1 1 
item 34
67.1587 0 0 52.1372 0 0 58.706 0 62.1925 96.1981 60.6414 97.6713 0 0 33.7252 0 41.6422 83.7349 30.2584 93.9349 0 0 86.0611 0 0 0 50.97 106.272 78.9952 78.8547 0 0 0 106.784 61.0626 101.674 28.8989 0 49.8511 0 0 0 0 103.042 18.0002 74.0728 0 0 
73.1466 73.1466 73.1466 73.1466 73.1466 73.1466 73.1466 73.1466 73.1466 73.1466 73.1466 73.1466 73.1466 73.1466 73.1466 73.1466 73.1466 73.1466 73.1466 73.1466 73.1466 73.1466 73.1466 73.1466 73.1466 73.1466 73.1466 73.1466 73.1466 73.1466 73.1466 73.1466 73.1466 73.1466 73.1466 73.1466 73.1466 73.1466 73.1466 73.1466 73.1466 73.1466 73.1466 73.1466 73.1466 73.1466 73.1466 73.1466 
1 1 1 1 1 1 1 1 1 1 1 1 1 1 1 1 1 1 1 1 1 1 1 1 1 1 1 1 1 1 1 1 1 1 1 1 1 1 1 1 1 1 1 1 1 1 1 1 
item 35
66.9828 0 0 0 0 106.853 0 0 0 107.03 76.605 113.572 0 129.995 44.704 103.467 101.131 0 61.1608 0 71.9307 0 61.5929 0 32.0636 0 0 0 59.2727 127.698 0 0 44.9364 106.608 0 0 0 127.759 48.7525 97.2092 0 0 73.8162 120.06 0 146.226 0 77.1301 
75.1386 75.1386 75.1386 75.1386 75.1386 75.1386 75.1386 75.1386 75.1386 75.1386 75.1386 75.1386 75.1386 75.1386 75.1386 75.1386 75.1386 75.1386 75.1386 75.1386 75.1386 75.1386 75.1386 75.1386 75.1386 75.1386 75.1386 75.1386 75.1386 75.1386 75.1386 75.1386 75.1386 75.1386 75.1386 75.1386 75.1386 75.1386 75.1386 75.1386 75.1386 75.1386 75.1386 75.1386 75.1386 75.1386 75.1386 75.1386 
1 1 1 1 1 1 1 1 1 1 1 1 1 1 1 1 1 1 1 1 1 1 1 1 1 1 1 1 1 1 1 1 1 1 1 1 1 1 1 1 1 1 1 1 1 1 1 1 
item 36
36.779 0 0 58.5518 85.2329 100.069 0 60.1357 0 0 71.448 0 44.2413 77.9296 63.3197 0 0 86.0619 0 0 62.0562 121.299 52.784 90.882 54.4185 118.219 0 127.277 49.4447 101.917 27.9459 0 0 0 37.259 0 0 0 0 0 78.7676 117.941 85.6223 0 0 125.111 0 109.425 
55.1099 55.1099 55.1099 55.1099 55.1099 55.1099 55.1099 55.1099 55.1099 55.1099 55.1099 55.1099 55.1099 55.1099 55.1099 55.1099 55.1099 55.1099 55.1099 55.1099 55.1099 55.1099 55.1099 55.1099 55.1099 55.1099 55.1099 55.1099 55.1099 55.1099 55.1099 55.1099 55.1099 55.1099 55.1099 55.1099 55.1099 55.1099 55.1099 55.1099 55.1099 55.1099 55.1099 55.1099 55.1099 55.1099 55.1099 55.1099 
1 1 1 1 1 1 1 1 1 1 1 1 1 1 1 1 1 1 1 1 1 1 1 1 1 1 1 1 1 1 1 1 1 1 1 1 1 1 1 1 1 1 1 1 1 1 1 1 
item 37
81.2183 122.404 0 0 0 120.719 58.403 61.6629 71.1946 127.499 0 79.6064 51.2667 0 0 0 77.4395 92.9616 0 109.212 0 0 0 0 51.5093 0 46.249 0 58.0887 0 0 0 0 119.721 43.3496 93.7967 89.2835 114.398 39.1166 137.509 0 0 0 100.602 0 0 0 0 
55.8295 55.8295 55.8295 55.8295 55.8295 55.8295 55.8295 55.8295 55.8295 55.8295 55.8295 55.8295 55.8295 55.8295 55.8295 55.8295 55.8295 55.8295 55.8295 55.8295 55.8295 55.8295 55.8295 55.8295 55.8295 55.8295 55.8295 55.8295 55.8295 55.8295 55.8295 55.8295 55.8295 55.8295 55.8295 55.8295 55.8295 55.8295 55.8295 55.8295 55.8295 55.8295 55.8295 55.8295 55.8295 55.8295 55.8295 55.8295 
1 1 1 1 1 1 1 1 1 1 1 1 1 1 1 1 1 1 1 1 1 1 1 1 1 1 1 1 1 1 1 1 1 1 1 1 1 1 1 1 1 1 1 1 1 1 1 1 
item 38
56.5625 0 0 0 40.9257 0 64.4721 0 0 102.231 39.3979 49.2166 59.9516 0 47.6597 132.691 42.2073 0 49.3081 124.668 0 90.1731 33.062 73.6827 0 0 0 0 0 108.173 44.2321 95.6765 69.0322 89.6858 0 0 33.5307 106.915 28.6078 0 48.5048 0 36.7816 137.006 32.916 0 4.24073 0 
53.3956 53.3956 53.3956 53.3956 53.3956 53.3956 53.3956 53.3956 53.3956 53.3956 53.3956 53.3956 53.3956 53.3956 53.3956 53.3956 53.3956 53.3956 53.3956 53.3956 53.3956 53.3956 53.3956 53.3956 53.3956 53.3956 53.3956 53.3956 53.3956 53.3956 53.3956 53.3956 53.3956 53.3956 53.3956 53.3956 53.3956 53.3956 53.3956 53.3956 53.3956 53.3956 53.3956 53.3956 53.3956 53.3956 53.3956 53.3956 
1 1 1 1 1 1 1 1 1 1 1 1 1 1 1 1 1 1 1 1 1 1 1 1 1 1 1 1 1 1 1 1 1 1 1 1 1 1 1 1 1 1 1 1 1 1 1 1 
item 39
69.0858 117.463 103.871 85.3551 34.0167 77.8793 0 107.441 42.8378 139.526 59.2391 87.0352 45.1303 99.8874 36.4641 0 0 0 0 0 0 0 0 135.635 17.417 106.033 0 0 66.9776 0 22.4839 88.0493 0 0 0 107.312 0 0 31.5076 122 49.1487 0 0 113.303 0 0 0 104.09 
51.4673 51.4673 51.4673 51.4673 51.4673 51.4673 51.4673 51.4673 51.4673 51.4673 51.4673 51.4673 51.4673 51.4673 51.4673 51.4673 51.4673 51.4673 51.4673 51.4673 51.4673 51.4673 51.4673 51.4673 51.4673 51.4673 51.4673 51.4673 51.4673 51.4673 51.4673 51.4673 51.4673 51.4673 51.4673 51.4673 51.4673 51.4673 51.4673 51.4673 51.4673 51.4673 51.4673 51.4673 51.4673 51.4673 51.4673 51.4673 
1 1 1 1 1 1 1 1 1 1 1 1 1 1 1 1 1 1 1 1 1 1 1 1 1 1 1 1 1 1 1 1 1 1 1 1 1 1 1 1 1 1 1 1 1 1 1 1 
