24 10 
73.2304 73.2304 73.2304 73.2304 73.2304 73.2304 73.2304 73.2304 73.2304 73.2304 73.2304 73.2304 73.2304 73.2304 73.2304 73.2304 73.2304 73.2304 73.2304 73.2304 73.2304 73.2304 73.2304 73.2304 
item 0
35.803 89.2491 50.5673 126.654 43.3594 99.2451 32.7517 87.7067 57.6056 121.833 63.0803 65.0641 40.6564 66.1539 23.7995 85.548 39.756 111.312 73.6702 130.32 34.7137 103.615 38.8198 119.891 
34.9169 34.9169 34.9169 34.9169 34.9169 34.9169 34.9169 34.9169 34.9169 34.9169 34.9169 34.9169 34.9169 34.9169 34.9169 34.9169 34.9169 34.9169 34.9169 34.9169 34.9169 34.9169 34.9169 34.9169 
1 1 1 1 1 1 1 1 1 1 1 1 1 1 1 1 1 1 1 1 1 1 1 1 
item 1
52.2546 76.3551 36.3168 79.0692 33.8795 89.9304 32.5244 107.71 47.1585 95.9302 41.1227 58.185 52.7139 116.819 19.0045 106.375 54.0791 111.28 53.7754 114.409 84.2874 113.345 34.8262 110.475 
27.3705 27.3705 27.3705 27.3705 27.3705 27.3705 27.3705 27.3705 27.3705 27.3705 27.3705 27.3705 27.3705 27.3705 27.3705 27.3705 27.3705 27.3705 27.3705 27.3705 27.3705 27.3705 27.3705 27.3705 
1 1 1 1 1 1 1 1 1 1 1 1 1 1 1 1 1 1 1 1 1 1 1 1 
item 2
61.974 108.317 61.912 154.419 40.5176 97.6366 43.4731 111.865 34.8876 79.1333 61.4081 87.1404 37.9217 111.806 45.7347 75.793 13.6793 77.503 31.1215 88.4614 39.5409 64.6614 35.4407 79.67 
39.5991 39.5991 39.5991 39.5991 39.5991 39.5991 39.5991 39.5991 39.5991 39.5991 39.5991 39.5991 39.5991 39.5991 39.5991 39.5991 39.5991 39.5991 39.5991 39.5991 39.5991 39.5991 39.5991 39.5991 
1 1 1 1 1 1 1 1 1 1 1 1 1 1 1 1 1 1 1 1 1 1 1 1 
item 3
55.6091 91.3842 37.9069 109.55 17.6946 60.4273 34.8776 110.581 43.7582 94.2798 54.4862 111.579 42.0661 95.0338 55.1658 96.2694 67.1287 115.409 52.2226 92.9056 57.0619 97.5877 38.1188 123.1 
33.7161 33.7161 33.7161 33.7161 33.7161 33.7161 33.7161 33.7161 33.7161 33.7161 33.7161 33.7161 33.7161 33.7161 33.7161 33.7161 33.7161 33.7161 33.7161 33.7161 33.7161 33.7161 33.7161 33.7161 
1 1 1 1 1 1 1 1 1 1 1 1 1 1 1 1 1 1 1 1 1 1 1 1 
item 4
72.4562 49.3375 32.0808 123.766 81.7857 120.962 45.8972 87.9249 38.1109 118.658 32.9158 65.3757 30.7322 122.553 48.5343 106.684 33.8701 112.29 79.968 107.922 35.7397 86.0192 39.577 52.1265 
41.415 41.415 41.415 41.415 41.415 41.415 41.415 41.415 41.415 41.415 41.415 41.415 41.415 41.415 41.415 41.415 41.415 41.415 41.415 41.415 41.415 41.415 41.415 41.415 
1 1 1 1 1 1 1 1 1 1 1 1 1 1 1 1 1 1 1 1 1 1 1 1 
item 5
103.001 64.7178 56.5527 96.6844 51.0846 85.9107 37.4768 105.469 40.1125 131.088 47.9877 117.121 46.3005 112.609 56.6391 137.293 36.7231 93.391 51.9247 71.7847 60.046 117.83 51.9143 102.149 
50.451 50.451 50.451 50.451 50.451 50.451 50.451 50.451 50.451 50.451 50.451 50.451 50.451 50.451 50.451 50.451 50.451 50.451 50.451 50.451 50.451 50.451 50.451 50.451 
1 1 1 1 1 1 1 1 1 1 1 1 1 1 1 1 1 1 1 1 1 1 1 1 
item 6
19.2669 90.044 43.7249 100.373 33.1476 116.726 19.0424 108.18 52.0793 117.14 41.0664 125.462 55.9768 67.8141 65.3877 65.7522 52.9102 89.9361 14.7522 93.1518 45.3362 96.104 37.301 105.153 
50.4632 50.4632 50.4632 50.4632 50.4632 50.4632 50.4632 50.4632 50.4632 50.4632 50.4632 50.4632 50.4632 50.4632 50.4632 50.4632 50.4632 50.4632 50.4632 50.4632 50.4632 50.4632 50.4632 50.4632 
1 1 1 1 1 1 1 1 1 1 1 1 1 1 1 1 1 1 1 1 1 1 1 1 
item 7
58.2898 95.6627 78.4883 112.797 20.3716 104.636 38.2283 82.148 47.2089 110.841 54.7564 96.8408 36.9328 81.6206 39.0407 121.599 54.6738 94.4821 89.9352 83.9916 48.198 137.465 59.2379 119.041 
71.4019 71.4019 71.4019 71.4019 71.4019 71.4019 71.4019 71.4019 71.4019 71.4019 71.4019 71.4019 71.4019 71.4019 71.4019 71.4019 71.4019 71.4019 71.4019 71.4019 71.4019 71.4019 71.4019 71.4019 
1 1 1 1 1 1 1 1 1 1 1 1 1 1 1 1 1 1 1 1 1 1 1 1 
item 8
39.0918 96.7811 71.9926 99.7203 69.1163 115.675 50.7497 78.163 58.8196 94.0346 31.4707 95.5113 52.5749 96.9046 67.4448 120.545 64.3781 98.8655 44.3241 104.946 76.4547 117.039 32.6569 87.9521 
50.3335 50.3335 50.3335 50.3335 50.3335 50.3335 50.3335 50.3335 50.3335 50.3335 50.3335 50.3335 50.3335 50.3335 50.3335 50.3335 50.3335 50.3335 50.3335 50.3335 50.3335 50.3335 50.3335 50.3335 
1 1 1 1 1 1 1 1 1 1 1 1 1 1 1 1 1 1 1 1 1 1 1 1 
item 9
55.5385 119.382 41.5272 105.406 61.9707 91.1231 52.5165 91.5447 68.4231 107.126 42.7279 81.3357 44.016 122.445 44.8127 84.0304 35.192 108.007 49.7338 96.5557 75.9474 106.253 66.7059 71.2784 
59.6152 59.6152 59.6152 59.6152 59.6152 59.6152 59.6152 59.6152 59.6152 59.6152 59.6152 59.6152 59.6152 59.6152 59.6152 59.6152 59.6152 59.6152 59.6152 59.6152 59.6152 59.6152 59.6152 59.6152 
1 1 1 1 1 1 1 1 1 1 1 1 1 1 1 1 1 1 1 1 1 1 1 1 
