12 10 
951.157 951.157 951.157 951.157 951.157 951.157 951.157 951.157 951.157 951.157 951.157 951.157 
item 0
38.3707 73.0889 35.8448 66.3116 32.5873 97.9788 66.6345 112.91 75.8056 86.1882 42.1484 94.4356 
29.1115 29.1115 29.1115 29.1115 29.1115 29.1115 29.1115 29.1115 29.1115 29.1115 29.1115 29.1115 
1 1 1 1 1 1 1 1 1 1 1 1 
item 1
62.3866 120.971 10.0359 127.55 25.2136 142.943 53.4889 96.0291 37.7027 130.568 29.3739 69.1315 
61.9845 61.9845 61.9845 61.9845 61.9845 61.9845 61.9845 61.9845 61.9845 61.9845 61.9845 61.9845 
1 1 1 1 1 1 1 1 1 1 1 1 
item 2
45.5588 81.8778 40.9493 90.2352 85.5552 78.8679 10.6436 106.747 42.7888 90.4308 27.9111 142.298 
43.5366 43.5366 43.5366 43.5366 43.5366 43.5366 43.5366 43.5366 43.5366 43.5366 43.5366 43.5366 
1 1 1 1 1 1 1 1 1 1 1 1 
item 3
13.5775 87.0885 64.8892 102.745 56.8767 98.4628 26.9297 90.0445 84.6779 95.531 59.926 98.0341 
71.4076 71.4076 71.4076 71.4076 71.4076 71.4076 71.4076 71.4076 71.4076 71.4076 71.4076 71.4076 
1 1 1 1 1 1 1 1 1 1 1 1 
item 4
38.9922 117.891 36.4475 90.9615 61.2547 110.455 9.7044 91.1236 72.4441 93.7687 57.8873 133.254 
77.7025 77.7025 77.7025 77.7025 77.7025 77.7025 77.7025 77.7025 77.7025 77.7025 77.7025 77.7025 
1 1 1 1 1 1 1 1 1 1 1 1 
item 5
65.7821 94.5491 43.4258 101.777 58.833 80.8961 40.3642 101.802 46.4957 76.9377 17.3205 121.234 
50.0257 50.0257 50.0257 50.0257 50.0257 50.0257 50.0257 50.0257 50.0257 50.0257 50.0257 50.0257 
1 1 1 1 1 1 1 1 1 1 1 1 
item 6
48.6449 87.2148 42.6766 87.77 31.857 94.8819 63.7912 87.2048 57.2974 55.9991 0 89.5574 
51.8453 51.8453 51.8453 51.8453 51.8453 51.8453 51.8453 51.8453 51.8453 51.8453 51.8453 51.8453 
1 1 1 1 1 1 1 1 1 1 1 1 
item 7
73.2041 64.8465 35.5888 85.1858 45.38 98.3145 46.7269 88.782 17.9402 77.3971 53.8555 86.8446 
84.7616 84.7616 84.7616 84.7616 84.7616 84.7616 84.7616 84.7616 84.7616 84.7616 84.7616 84.7616 
1 1 1 1 1 1 1 1 1 1 1 1 
item 8
31.9713 91.9125 31.6312 106.386 64.7032 126.375 37.721 77.22 48.733 106.135 93.0214 94.873 
60.1749 60.1749 60.1749 60.1749 60.1749 60.1749 60.1749 60.1749 60.1749 60.1749 60.1749 60.1749 
1 1 1 1 1 1 1 1 1 1 1 1 
item 9
25.1733 113.705 44.8309 89.7502 56.6096 97.9088 17.3228 92.1821 52.2677 71.514 44.4548 60.2954 
63.5123 63.5123 63.5123 63.5123 63.5123 63.5123 63.5123 63.5123 63.5123 63.5123 63.5123 63.5123 
1 1 1 1 1 1 1 1 1 1 1 1 
