48 20 
155.067 155.067 155.067 155.067 155.067 155.067 155.067 155.067 155.067 155.067 155.067 155.067 155.067 155.067 155.067 155.067 155.067 155.067 155.067 155.067 155.067 155.067 155.067 155.067 155.067 155.067 155.067 155.067 155.067 155.067 155.067 155.067 155.067 155.067 155.067 155.067 155.067 155.067 155.067 155.067 155.067 155.067 155.067 155.067 155.067 155.067 155.067 155.067 
item 0
65.2268 74.7838 52.967 92.1927 26.1571 76.4867 40.247 133.489 49.3584 98.5234 66.4749 120.048 14.8249 84.9842 36.0289 128.286 57.2698 70.0381 34.38 127.99 97.36 83.783 90.3736 93.9787 20.984 123.965 33.4598 68.6864 36.7911 111.248 30.6565 76.7377 38.0903 61.559 46.7925 110.62 69.3826 126.72 17.4801 101.167 54.3421 70.1036 15.938 134.507 108.512 101.154 40.6779 77.768 
56.3664 56.3664 56.3664 56.3664 56.3664 56.3664 56.3664 56.3664 56.3664 56.3664 56.3664 56.3664 56.3664 56.3664 56.3664 56.3664 56.3664 56.3664 56.3664 56.3664 56.3664 56.3664 56.3664 56.3664 56.3664 56.3664 56.3664 56.3664 56.3664 56.3664 56.3664 56.3664 56.3664 56.3664 56.3664 56.3664 56.3664 56.3664 56.3664 56.3664 56.3664 56.3664 56.3664 56.3664 56.3664 56.3664 56.3664 56.3664 
1 1 1 1 1 1 1 1 1 1 1 1 1 1 1 1 1 1 1 1 1 1 1 1 1 1 1 1 1 1 1 1 1 1 1 1 1 1 1 1 1 1 1 1 1 1 1 1 
item 1
57.7199 87.9616 46.5972 93.0957 29.9724 74.9522 36.4929 106.541 25.7052 56.308 56.9524 144.906 43.5124 90.6775 41.4525 133.57 57.1982 112.657 76.055 117.006 57.2218 76.7942 23.556 103.505 81.436 91.6008 50.7084 94.1121 97.5886 115.335 52.9162 106.553 78.1922 84.3773 26.6708 83.0536 48.7723 91.5191 41.819 101.946 50.5214 144.463 42.7428 90.5534 33.4505 109.771 62.6025 107.309 
48.1521 48.1521 48.1521 48.1521 48.1521 48.1521 48.1521 48.1521 48.1521 48.1521 48.1521 48.1521 48.1521 48.1521 48.1521 48.1521 48.1521 48.1521 48.1521 48.1521 48.1521 48.1521 48.1521 48.1521 48.1521 48.1521 48.1521 48.1521 48.1521 48.1521 48.1521 48.1521 48.1521 48.1521 48.1521 48.1521 48.1521 48.1521 48.1521 48.1521 48.1521 48.1521 48.1521 48.1521 48.1521 48.1521 48.1521 48.1521 
1 1 1 1 1 1 1 1 1 1 1 1 1 1 1 1 1 1 1 1 1 1 1 1 1 1 1 1 1 1 1 1 1 1 1 1 1 1 1 1 1 1 1 1 1 1 1 1 
item 2
58.8201 72.358 71.3287 99.5267 50.1187 112.992 58.9091 91.0947 45.5904 115.934 45.8492 88.4424 22.7902 95.4307 65.7781 112.614 38.031 133.921 77.5514 131.106 76.2357 64.4165 32.2417 113.738 54.8798 124.01 25.6859 89.1477 46.734 143.213 21.0345 96.5647 36.4938 110.471 58.3106 92.1059 47.4685 101.422 76.3926 122.173 41.7357 117.307 50.911 85.6544 6.9091 109.919 30.0823 127.493 
68.6196 68.6196 68.6196 68.6196 68.6196 68.6196 68.6196 68.6196 68.6196 68.6196 68.6196 68.6196 68.6196 68.6196 68.6196 68.6196 68.6196 68.6196 68.6196 68.6196 68.6196 68.6196 68.6196 68.6196 68.6196 68.6196 68.6196 68.6196 68.6196 68.6196 68.6196 68.6196 68.6196 68.6196 68.6196 68.6196 68.6196 68.6196 68.6196 68.6196 68.6196 68.6196 68.6196 68.6196 68.6196 68.6196 68.6196 68.6196 
1 1 1 1 1 1 1 1 1 1 1 1 1 1 1 1 1 1 1 1 1 1 1 1 1 1 1 1 1 1 1 1 1 1 1 1 1 1 1 1 1 1 1 1 1 1 1 1 
item 3
1 104.855 54.5563 110.49 60.7828 61.4288 70.5223 114.684 64.5924 79.4764 44.182 84.8983 33.0955 91.543 68.1358 130.56 51.5972 101.828 79.6165 93.5809 25.4087 146.454 74.9664 109.089 56.9441 121.92 81.0756 104.163 25.8254 71.4623 25.5815 66.9371 70.2721 88.0712 7.94823 115.817 64.6093 97.7746 34.9206 120.266 49.5511 76.7937 56.7088 91.1729 36.6099 87.571 43.1208 113.541 
55.2656 55.2656 55.2656 55.2656 55.2656 55.2656 55.2656 55.2656 55.2656 55.2656 55.2656 55.2656 55.2656 55.2656 55.2656 55.2656 55.2656 55.2656 55.2656 55.2656 55.2656 55.2656 55.2656 55.2656 55.2656 55.2656 55.2656 55.2656 55.2656 55.2656 55.2656 55.2656 55.2656 55.2656 55.2656 55.2656 55.2656 55.2656 55.2656 55.2656 55.2656 55.2656 55.2656 55.2656 55.2656 55.2656 55.2656 55.2656 
1 1 1 1 1 1 1 1 1 1 1 1 1 1 1 1 1 1 1 1 1 1 1 1 1 1 1 1 1 1 1 1 1 1 1 1 1 1 1 1 1 1 1 1 1 1 1 1 
item 4
43.8261 101.988 55.3651 110.514 72.858 85.5357 73.2151 114.822 25.0938 69.8307 40.2032 115.061 59.4073 77.4916 38.9592 145.282 27.7527 99.3471 25.4013 102.368 24.1563 92.3114 45.1941 94.3606 30.6651 89.2524 64.2417 64.475 10.2213 86.7068 26.7961 98.2625 7.54855 127.237 52.2203 108.309 59.1432 98.8575 41.9236 106.368 51.68 86.6198 25.4144 97.7295 64.7637 121.881 64.5989 84.6976 
66.4857 66.4857 66.4857 66.4857 66.4857 66.4857 66.4857 66.4857 66.4857 66.4857 66.4857 66.4857 66.4857 66.4857 66.4857 66.4857 66.4857 66.4857 66.4857 66.4857 66.4857 66.4857 66.4857 66.4857 66.4857 66.4857 66.4857 66.4857 66.4857 66.4857 66.4857 66.4857 66.4857 66.4857 66.4857 66.4857 66.4857 66.4857 66.4857 66.4857 66.4857 66.4857 66.4857 66.4857 66.4857 66.4857 66.4857 66.4857 
1 1 1 1 1 1 1 1 1 1 1 1 1 1 1 1 1 1 1 1 1 1 1 1 1 1 1 1 1 1 1 1 1 1 1 1 1 1 1 1 1 1 1 1 1 1 1 1 
item 5
42.0488 105.115 42.5047 122.48 52.431 56.1207 77.7957 104.483 40.3241 83.6328 30.7619 102.349 69.7853 115.18 23.6188 140.996 23.9503 86.3804 7.62103 126.528 61.1484 97.707 58.6674 109.651 20.7221 88.1468 83.2436 85.9836 40.0581 107.787 34.6073 127.558 14.1084 111.89 62.474 95.9993 20.822 132.642 78.949 92.0774 52.2633 112.864 56.2805 93.774 49.682 72.8822 50.0457 107.473 
62.2299 62.2299 62.2299 62.2299 62.2299 62.2299 62.2299 62.2299 62.2299 62.2299 62.2299 62.2299 62.2299 62.2299 62.2299 62.2299 62.2299 62.2299 62.2299 62.2299 62.2299 62.2299 62.2299 62.2299 62.2299 62.2299 62.2299 62.2299 62.2299 62.2299 62.2299 62.2299 62.2299 62.2299 62.2299 62.2299 62.2299 62.2299 62.2299 62.2299 62.2299 62.2299 62.2299 62.2299 62.2299 62.2299 62.2299 62.2299 
1 1 1 1 1 1 1 1 1 1 1 1 1 1 1 1 1 1 1 1 1 1 1 1 1 1 1 1 1 1 1 1 1 1 1 1 1 1 1 1 1 1 1 1 1 1 1 1 
item 6
45.9724 89.2779 48.1057 109.554 44.5237 93.5032 58.5971 76.068 42.1253 76.4296 100.165 60.2482 49.7498 117.335 50.7067 88.708 53.2035 94.4634 65.5168 109.581 21.8557 52.3514 41.5833 104.103 43.6575 73.683 61.1684 94.7802 42.9646 98.7169 65.7003 88.6092 69.6055 125.773 41.4033 113.7 35.8256 102.697 73.7618 100.699 35.0815 102.525 55.2144 108.997 58.6212 101.266 19.2495 116.807 
52.9746 52.9746 52.9746 52.9746 52.9746 52.9746 52.9746 52.9746 52.9746 52.9746 52.9746 52.9746 52.9746 52.9746 52.9746 52.9746 52.9746 52.9746 52.9746 52.9746 52.9746 52.9746 52.9746 52.9746 52.9746 52.9746 52.9746 52.9746 52.9746 52.9746 52.9746 52.9746 52.9746 52.9746 52.9746 52.9746 52.9746 52.9746 52.9746 52.9746 52.9746 52.9746 52.9746 52.9746 52.9746 52.9746 52.9746 52.9746 
1 1 1 1 1 1 1 1 1 1 1 1 1 1 1 1 1 1 1 1 1 1 1 1 1 1 1 1 1 1 1 1 1 1 1 1 1 1 1 1 1 1 1 1 1 1 1 1 
item 7
64.4547 119.918 60.44 112.278 59.46 133.893 56.1704 101.051 31.7067 136.224 34.5491 119.527 76.2211 90.6677 34.1615 75.0271 32.405 79.2251 75.1432 94.2373 68.7038 134.48 36.6194 89.8733 69.5262 98.6433 60.4231 131.46 73.4117 97.0249 38.024 131.777 57.9499 89.2774 109.739 79.1012 37.2713 76.499 61.5393 87.8579 35.8814 100.737 43.3628 72.6284 79.5281 122.749 55.9132 102.601 
51.2365 51.2365 51.2365 51.2365 51.2365 51.2365 51.2365 51.2365 51.2365 51.2365 51.2365 51.2365 51.2365 51.2365 51.2365 51.2365 51.2365 51.2365 51.2365 51.2365 51.2365 51.2365 51.2365 51.2365 51.2365 51.2365 51.2365 51.2365 51.2365 51.2365 51.2365 51.2365 51.2365 51.2365 51.2365 51.2365 51.2365 51.2365 51.2365 51.2365 51.2365 51.2365 51.2365 51.2365 51.2365 51.2365 51.2365 51.2365 
1 1 1 1 1 1 1 1 1 1 1 1 1 1 1 1 1 1 1 1 1 1 1 1 1 1 1 1 1 1 1 1 1 1 1 1 1 1 1 1 1 1 1 1 1 1 1 1 
item 8
23.6219 108.307 16.9454 115.293 69.4526 122.483 72.143 102.359 91.2121 101.018 91.3847 113.361 62.1761 123.684 52.2789 115.068 77.9757 122.149 40.5309 55.1791 66.7867 83.4573 32.4279 86.0402 47.3192 112.571 67.1805 124.473 54.7117 79.084 84.1193 111.341 30.8332 73.2371 29.3896 143.541 71.2454 91.0632 54.7784 135.93 44.7287 127.65 75.3612 89.3183 48.3326 97.0878 30.6959 112.159 
75.5169 75.5169 75.5169 75.5169 75.5169 75.5169 75.5169 75.5169 75.5169 75.5169 75.5169 75.5169 75.5169 75.5169 75.5169 75.5169 75.5169 75.5169 75.5169 75.5169 75.5169 75.5169 75.5169 75.5169 75.5169 75.5169 75.5169 75.5169 75.5169 75.5169 75.5169 75.5169 75.5169 75.5169 75.5169 75.5169 75.5169 75.5169 75.5169 75.5169 75.5169 75.5169 75.5169 75.5169 75.5169 75.5169 75.5169 75.5169 
1 1 1 1 1 1 1 1 1 1 1 1 1 1 1 1 1 1 1 1 1 1 1 1 1 1 1 1 1 1 1 1 1 1 1 1 1 1 1 1 1 1 1 1 1 1 1 1 
item 9
47.4807 66.6129 74.6826 103.903 53.3608 114.344 53.8012 153.105 87.5336 121.127 30.0648 86.8026 36.2057 90.7567 45.2871 119.142 56.4364 129.171 37.1668 122.019 50.6561 109.166 87.7798 118.298 34.778 148.436 10.8371 104.531 52.8921 72.8173 54.8456 96.8774 29.9508 112.664 30.1401 101.67 45.1131 70.6107 93.8252 120.442 51.3045 123.922 56.1353 70.6776 38.4341 99.2354 40.5359 101.217 
39.2322 39.2322 39.2322 39.2322 39.2322 39.2322 39.2322 39.2322 39.2322 39.2322 39.2322 39.2322 39.2322 39.2322 39.2322 39.2322 39.2322 39.2322 39.2322 39.2322 39.2322 39.2322 39.2322 39.2322 39.2322 39.2322 39.2322 39.2322 39.2322 39.2322 39.2322 39.2322 39.2322 39.2322 39.2322 39.2322 39.2322 39.2322 39.2322 39.2322 39.2322 39.2322 39.2322 39.2322 39.2322 39.2322 39.2322 39.2322 
1 1 1 1 1 1 1 1 1 1 1 1 1 1 1 1 1 1 1 1 1 1 1 1 1 1 1 1 1 1 1 1 1 1 1 1 1 1 1 1 1 1 1 1 1 1 1 1 
item 10
56.0203 86.9413 34.7209 125.842 45.4087 76.8015 43.6586 102.835 95.0867 115.785 43.1274 112.315 27.0188 98.6154 70.9977 142.783 71.1185 98.432 14.464 95.1591 29.2686 69.1662 80.207 108.044 44.2488 92.238 60.2319 100.561 72.9452 109.234 73.9522 101.85 25.3562 89.3238 39.252 107.077 49.3425 128.977 73.8324 75.6796 27.61 88.2501 17.8879 122.974 61.2652 133.841 62.6832 91.6574 
31.4606 31.4606 31.4606 31.4606 31.4606 31.4606 31.4606 31.4606 31.4606 31.4606 31.4606 31.4606 31.4606 31.4606 31.4606 31.4606 31.4606 31.4606 31.4606 31.4606 31.4606 31.4606 31.4606 31.4606 31.4606 31.4606 31.4606 31.4606 31.4606 31.4606 31.4606 31.4606 31.4606 31.4606 31.4606 31.4606 31.4606 31.4606 31.4606 31.4606 31.4606 31.4606 31.4606 31.4606 31.4606 31.4606 31.4606 31.4606 
1 1 1 1 1 1 1 1 1 1 1 1 1 1 1 1 1 1 1 1 1 1 1 1 1 1 1 1 1 1 1 1 1 1 1 1 1 1 1 1 1 1 1 1 1 1 1 1 
item 11
20.2613 89.9574 41.5804 125.109 42.5932 61.0176 17.8961 117.434 40.1976 117.025 56.2168 99.9438 40.9009 124.682 57.9682 96.6203 43.6129 136.529 45.7871 83.792 54.6586 130.521 46.6234 125.919 45.5861 116.425 8.69203 101.602 65.2777 103.039 32.2648 134.328 37.7656 95.7555 47.1546 76.5382 49.3278 51.7468 30.6898 106.828 73.4636 57.4751 95.7839 110.841 72.9045 127.938 64.2562 78.7637 
62.7181 62.7181 62.7181 62.7181 62.7181 62.7181 62.7181 62.7181 62.7181 62.7181 62.7181 62.7181 62.7181 62.7181 62.7181 62.7181 62.7181 62.7181 62.7181 62.7181 62.7181 62.7181 62.7181 62.7181 62.7181 62.7181 62.7181 62.7181 62.7181 62.7181 62.7181 62.7181 62.7181 62.7181 62.7181 62.7181 62.7181 62.7181 62.7181 62.7181 62.7181 62.7181 62.7181 62.7181 62.7181 62.7181 62.7181 62.7181 
1 1 1 1 1 1 1 1 1 1 1 1 1 1 1 1 1 1 1 1 1 1 1 1 1 1 1 1 1 1 1 1 1 1 1 1 1 1 1 1 1 1 1 1 1 1 1 1 
item 12
35.551 92.7697 21.2488 100.424 33.3872 121.36 84.2885 105.726 51.2088 72.6333 59.846 148.181 13.4865 103.735 47.6619 101.582 51.0714 101.586 43.6276 88.8069 68.1755 100.073 46.5088 79.8845 46.2428 121.911 43.4886 110.429 84.7253 137.18 50.0801 100.576 44.0377 110.79 41.9721 99.3911 61.2734 113.259 39.4404 121.659 40.0455 87.7076 60.7541 78.2469 71.7863 113.304 79.328 87.276 
101.266 101.266 101.266 101.266 101.266 101.266 101.266 101.266 101.266 101.266 101.266 101.266 101.266 101.266 101.266 101.266 101.266 101.266 101.266 101.266 101.266 101.266 101.266 101.266 101.266 101.266 101.266 101.266 101.266 101.266 101.266 101.266 101.266 101.266 101.266 101.266 101.266 101.266 101.266 101.266 101.266 101.266 101.266 101.266 101.266 101.266 101.266 101.266 
1 1 1 1 1 1 1 1 1 1 1 1 1 1 1 1 1 1 1 1 1 1 1 1 1 1 1 1 1 1 1 1 1 1 1 1 1 1 1 1 1 1 1 1 1 1 1 1 
item 13
55.2666 85.3255 64.7619 69.3135 40.2095 99.3818 21.3822 100.854 75.9968 91.2163 37.7187 72.0097 60.0236 84.0095 61.6597 89.5864 56.7366 96.4735 43.9651 96.2996 36.982 116.036 92.3296 77.7548 26.9242 76.6736 55.0333 110.089 35.563 98.208 40.5589 96.328 67.8341 71.0041 34.1006 124.814 32.1697 82.9822 40.7433 98.4532 37.7094 84.8691 51.1842 81.8682 45.9265 91.0432 43.0703 87.0138 
43.9626 43.9626 43.9626 43.9626 43.9626 43.9626 43.9626 43.9626 43.9626 43.9626 43.9626 43.9626 43.9626 43.9626 43.9626 43.9626 43.9626 43.9626 43.9626 43.9626 43.9626 43.9626 43.9626 43.9626 43.9626 43.9626 43.9626 43.9626 43.9626 43.9626 43.9626 43.9626 43.9626 43.9626 43.9626 43.9626 43.9626 43.9626 43.9626 43.9626 43.9626 43.9626 43.9626 43.9626 43.9626 43.9626 43.9626 43.9626 
1 1 1 1 1 1 1 1 1 1 1 1 1 1 1 1 1 1 1 1 1 1 1 1 1 1 1 1 1 1 1 1 1 1 1 1 1 1 1 1 1 1 1 1 1 1 1 1 
item 14
51.1611 119.489 85.834 145.299 57.7475 89.6716 25.2567 70.4792 51.0216 61.04 71.8492 92.0708 67.2959 117.888 43.6506 126.917 47.4854 95.8153 34.7325 85.0489 59.804 99.1209 53.7076 129.069 25.0469 88.0901 44.3966 70.1534 66.2561 106.4 59.4574 91.2788 47.5355 75.5164 28.5149 100.117 32.5591 91.3844 0 95.149 33.1988 103.608 40.3287 95.7765 55.1735 78.7 36.9731 54.6078 
70.3803 70.3803 70.3803 70.3803 70.3803 70.3803 70.3803 70.3803 70.3803 70.3803 70.3803 70.3803 70.3803 70.3803 70.3803 70.3803 70.3803 70.3803 70.3803 70.3803 70.3803 70.3803 70.3803 70.3803 70.3803 70.3803 70.3803 70.3803 70.3803 70.3803 70.3803 70.3803 70.3803 70.3803 70.3803 70.3803 70.3803 70.3803 70.3803 70.3803 70.3803 70.3803 70.3803 70.3803 70.3803 70.3803 70.3803 70.3803 
1 1 1 1 1 1 1 1 1 1 1 1 1 1 1 1 1 1 1 1 1 1 1 1 1 1 1 1 1 1 1 1 1 1 1 1 1 1 1 1 1 1 1 1 1 1 1 1 
item 15
2.03692 155.246 28.2001 96.9931 91.2312 84.3076 51.6167 95.9908 66.3263 81.1676 41.2478 67.7958 49.6759 99.4675 44.9688 101.762 40.6114 102.787 43.9974 71.1461 17.1402 92.4397 25.7505 76.5471 84.4805 63.3101 44.8037 136.617 77.2286 86.1268 49.6305 140.239 64.1181 90.9987 43.5819 101.493 74.0379 102.182 12.1048 125.524 65.275 114.355 81.2751 95.3735 29.526 82.8627 45.9783 88.1446 
52.8119 52.8119 52.8119 52.8119 52.8119 52.8119 52.8119 52.8119 52.8119 52.8119 52.8119 52.8119 52.8119 52.8119 52.8119 52.8119 52.8119 52.8119 52.8119 52.8119 52.8119 52.8119 52.8119 52.8119 52.8119 52.8119 52.8119 52.8119 52.8119 52.8119 52.8119 52.8119 52.8119 52.8119 52.8119 52.8119 52.8119 52.8119 52.8119 52.8119 52.8119 52.8119 52.8119 52.8119 52.8119 52.8119 52.8119 52.8119 
1 1 1 1 1 1 1 1 1 1 1 1 1 1 1 1 1 1 1 1 1 1 1 1 1 1 1 1 1 1 1 1 1 1 1 1 1 1 1 1 1 1 1 1 1 1 1 1 
item 16
24.4275 68.6673 48.4479 130.418 39.112 114.273 37.6084 88.8154 53.5146 104.941 52.4681 116.555 57.3674 82.3946 50.1815 90.8359 57.6161 100.466 19.1579 115.807 64.621 86.1375 71.7362 92.4312 47.9196 105.794 47.9494 90.219 42.8092 67.8594 59.7051 108.224 30.3746 78.035 40.1617 107.193 77.4575 86.1397 20.7262 122.816 59.9059 112.655 64.0218 85.3473 47.9599 104.004 21.5761 130.523 
86.6848 86.6848 86.6848 86.6848 86.6848 86.6848 86.6848 86.6848 86.6848 86.6848 86.6848 86.6848 86.6848 86.6848 86.6848 86.6848 86.6848 86.6848 86.6848 86.6848 86.6848 86.6848 86.6848 86.6848 86.6848 86.6848 86.6848 86.6848 86.6848 86.6848 86.6848 86.6848 86.6848 86.6848 86.6848 86.6848 86.6848 86.6848 86.6848 86.6848 86.6848 86.6848 86.6848 86.6848 86.6848 86.6848 86.6848 86.6848 
1 1 1 1 1 1 1 1 1 1 1 1 1 1 1 1 1 1 1 1 1 1 1 1 1 1 1 1 1 1 1 1 1 1 1 1 1 1 1 1 1 1 1 1 1 1 1 1 
item 17
31.4647 107.421 29.3757 94.4734 56.0607 70.5675 36.4163 93.595 71.2908 88.9317 46.7458 99.3144 32.3633 121.824 58.7667 88.4365 27.4301 112.054 46.4624 89.2188 46.8757 122.974 11.324 79.4994 86.4644 79.7362 62.8948 109.257 51.8761 53.7094 65.0498 117.055 84.6458 87.415 84.8286 111.422 57.3196 88.9705 25.4452 94.0564 47.5246 71.6158 50.5713 70.7712 46.7208 91.5215 31.9375 105.31 
48.1831 48.1831 48.1831 48.1831 48.1831 48.1831 48.1831 48.1831 48.1831 48.1831 48.1831 48.1831 48.1831 48.1831 48.1831 48.1831 48.1831 48.1831 48.1831 48.1831 48.1831 48.1831 48.1831 48.1831 48.1831 48.1831 48.1831 48.1831 48.1831 48.1831 48.1831 48.1831 48.1831 48.1831 48.1831 48.1831 48.1831 48.1831 48.1831 48.1831 48.1831 48.1831 48.1831 48.1831 48.1831 48.1831 48.1831 48.1831 
1 1 1 1 1 1 1 1 1 1 1 1 1 1 1 1 1 1 1 1 1 1 1 1 1 1 1 1 1 1 1 1 1 1 1 1 1 1 1 1 1 1 1 1 1 1 1 1 
item 18
35.37 116.46 47.8634 77.5034 81.6907 134.353 40.8367 138.526 54.7329 120.481 9.51646 106.794 47.0415 88.817 26.2473 100.436 61.4031 129.548 55.3101 107.682 74.7876 92.8838 59.696 121.139 91.8755 94.5899 19.9422 105.99 86.2523 79.949 32.0673 70.5604 56.9 84.8115 47.5903 100.149 68.5574 109.874 59.2968 91.9809 43.1804 73.6005 79.696 85.451 47.4558 91.7503 54.527 91.9543 
101.679 101.679 101.679 101.679 101.679 101.679 101.679 101.679 101.679 101.679 101.679 101.679 101.679 101.679 101.679 101.679 101.679 101.679 101.679 101.679 101.679 101.679 101.679 101.679 101.679 101.679 101.679 101.679 101.679 101.679 101.679 101.679 101.679 101.679 101.679 101.679 101.679 101.679 101.679 101.679 101.679 101.679 101.679 101.679 101.679 101.679 101.679 101.679 
1 1 1 1 1 1 1 1 1 1 1 1 1 1 1 1 1 1 1 1 1 1 1 1 1 1 1 1 1 1 1 1 1 1 1 1 1 1 1 1 1 1 1 1 1 1 1 1 
item 19
50.171 80.931 39.621 114.646 17.8938 103.998 40.7626 95.0538 57.1925 78.7454 63.7478 107.725 57.9142 112.817 73.301 105.485 54.3399 105.595 20.5289 95.7858 59.3386 75.7751 32.8813 95.7427 66.3168 116.986 8.74187 82.2763 56.0902 102.688 56.35 74.6562 52.0008 116.599 12.1934 89.4622 10.4207 67.8292 34.1428 97.7786 38.4577 84.4909 53.8275 99.1323 53.0571 72.9366 75.2052 82.6633 
53.7048 53.7048 53.7048 53.7048 53.7048 53.7048 53.7048 53.7048 53.7048 53.7048 53.7048 53.7048 53.7048 53.7048 53.7048 53.7048 53.7048 53.7048 53.7048 53.7048 53.7048 53.7048 53.7048 53.7048 53.7048 53.7048 53.7048 53.7048 53.7048 53.7048 53.7048 53.7048 53.7048 53.7048 53.7048 53.7048 53.7048 53.7048 53.7048 53.7048 53.7048 53.7048 53.7048 53.7048 53.7048 53.7048 53.7048 53.7048 
1 1 1 1 1 1 1 1 1 1 1 1 1 1 1 1 1 1 1 1 1 1 1 1 1 1 1 1 1 1 1 1 1 1 1 1 1 1 1 1 1 1 1 1 1 1 1 1 
