18 10 
570.832 570.832 570.832 570.832 570.832 570.832 570.832 570.832 570.832 570.832 570.832 570.832 570.832 570.832 570.832 570.832 570.832 570.832 
item 0
64.8325 115.243 48.7614 80.6441 39.8305 99.6402 63.4561 107.416 63.1668 81.9982 69.956 87.6336 85.1185 77.1907 48.4507 111.406 73.0037 107.451 
66.352 66.352 66.352 66.352 66.352 66.352 66.352 66.352 66.352 66.352 66.352 66.352 66.352 66.352 66.352 66.352 66.352 66.352 
1 1 1 1 1 1 1 1 1 1 1 1 1 1 1 1 1 1 
item 1
45.6154 92.4692 48.168 141.606 73.2528 96.5476 78.5277 107.917 55.3887 105.656 34.5597 88.316 6.87933 99.0046 33.3385 85.7832 39.9761 132.532 
84.7843 84.7843 84.7843 84.7843 84.7843 84.7843 84.7843 84.7843 84.7843 84.7843 84.7843 84.7843 84.7843 84.7843 84.7843 84.7843 84.7843 84.7843 
1 1 1 1 1 1 1 1 1 1 1 1 1 1 1 1 1 1 
item 2
47.5067 98.7096 47.4821 102.836 58.1173 84.7827 91.7759 123.649 32.1182 117.59 58.4347 113.318 44.3034 117.667 45.6231 121.591 54.3088 117.014 
64.0062 64.0062 64.0062 64.0062 64.0062 64.0062 64.0062 64.0062 64.0062 64.0062 64.0062 64.0062 64.0062 64.0062 64.0062 64.0062 64.0062 64.0062 
1 1 1 1 1 1 1 1 1 1 1 1 1 1 1 1 1 1 
item 3
42.0834 103.562 58.0551 103.421 25.3833 104.179 91.4026 105.396 39.4779 109.245 28.9298 81.4509 37.3549 121.707 29.3805 80.2589 39.9251 112.366 
51.5765 51.5765 51.5765 51.5765 51.5765 51.5765 51.5765 51.5765 51.5765 51.5765 51.5765 51.5765 51.5765 51.5765 51.5765 51.5765 51.5765 51.5765 
1 1 1 1 1 1 1 1 1 1 1 1 1 1 1 1 1 1 
item 4
41.6913 98.0568 68.1114 125.365 62.4053 79.5811 56.0779 123.241 58.9945 115.467 36.3647 113.504 56.8064 104.789 29.4137 118.732 61.987 100.015 
23.0888 23.0888 23.0888 23.0888 23.0888 23.0888 23.0888 23.0888 23.0888 23.0888 23.0888 23.0888 23.0888 23.0888 23.0888 23.0888 23.0888 23.0888 
1 1 1 1 1 1 1 1 1 1 1 1 1 1 1 1 1 1 
item 5
56.1866 98.8829 74.8087 89.1843 45.1999 85.8633 82.7752 115.436 30.7147 89.4049 50.2782 87.0632 60.9622 111.388 86.632 48.5288 56.7564 112.906 
86.2853 86.2853 86.2853 86.2853 86.2853 86.2853 86.2853 86.2853 86.2853 86.2853 86.2853 86.2853 86.2853 86.2853 86.2853 86.2853 86.2853 86.2853 
1 1 1 1 1 1 1 1 1 1 1 1 1 1 1 1 1 1 
item 6
42.7953 142.069 39.6542 108.621 33.9565 132.44 38.6443 101.289 45.2584 68.4673 36.1937 113.014 90.4199 109.515 68.8683 100.956 30.1557 109.881 
61.3508 61.3508 61.3508 61.3508 61.3508 61.3508 61.3508 61.3508 61.3508 61.3508 61.3508 61.3508 61.3508 61.3508 61.3508 61.3508 61.3508 61.3508 
1 1 1 1 1 1 1 1 1 1 1 1 1 1 1 1 1 1 
item 7
85.0145 91.3868 42.9022 88.4472 57.423 115.473 81.8144 65.7281 30.9484 107.778 40.1182 92.1576 70.5707 91.849 62.5464 79.787 64.7185 95.5762 
81.8295 81.8295 81.8295 81.8295 81.8295 81.8295 81.8295 81.8295 81.8295 81.8295 81.8295 81.8295 81.8295 81.8295 81.8295 81.8295 81.8295 81.8295 
1 1 1 1 1 1 1 1 1 1 1 1 1 1 1 1 1 1 
item 8
41.1899 96.8535 70.8163 71.31 18.8969 121.406 51.4733 96.2182 60.3283 98.8843 50.1938 128.435 51.6378 96.3641 47.6205 111.115 60.4 102.11 
48.8203 48.8203 48.8203 48.8203 48.8203 48.8203 48.8203 48.8203 48.8203 48.8203 48.8203 48.8203 48.8203 48.8203 48.8203 48.8203 48.8203 48.8203 
1 1 1 1 1 1 1 1 1 1 1 1 1 1 1 1 1 1 
item 9
46.362 152.208 41.2082 77.8474 50.4175 124.828 65.0582 118.89 51.7366 102.101 14.5008 95.9904 6.26703 69.5274 73.661 69.9744 73.949 115.992 
78.8651 78.8651 78.8651 78.8651 78.8651 78.8651 78.8651 78.8651 78.8651 78.8651 78.8651 78.8651 78.8651 78.8651 78.8651 78.8651 78.8651 78.8651 
1 1 1 1 1 1 1 1 1 1 1 1 1 1 1 1 1 1 
