12 5 
940.43 940.43 940.43 940.43 940.43 940.43 940.43 940.43 940.43 940.43 940.43 940.43 
item 0
28.6236 0 0 0 63.4508 71.4621 18.0601 79.6145 56.3172 120.37 0 0 
66.7472 66.7472 66.7472 66.7472 66.7472 66.7472 66.7472 66.7472 66.7472 66.7472 66.7472 66.7472 
1 1 1 1 1 1 1 1 1 1 1 1 
item 1
56.0105 0 27.565 0 24.3066 0 38.9817 0 0 0 0 0 
47.7919 47.7919 47.7919 47.7919 47.7919 47.7919 47.7919 47.7919 47.7919 47.7919 47.7919 47.7919 
1 1 1 1 1 1 1 1 1 1 1 1 
item 2
52.3897 0 46.1851 108.522 68.3571 0 42.7274 0 0 0 0 76.209 
64.6476 64.6476 64.6476 64.6476 64.6476 64.6476 64.6476 64.6476 64.6476 64.6476 64.6476 64.6476 
1 1 1 1 1 1 1 1 1 1 1 1 
item 3
37.7972 95.0776 0 0 53.7085 0 0 87.3659 18.3189 0 76.3587 85.414 
79.1533 79.1533 79.1533 79.1533 79.1533 79.1533 79.1533 79.1533 79.1533 79.1533 79.1533 79.1533 
1 1 1 1 1 1 1 1 1 1 1 1 
item 4
52.9792 76.8709 0 107.584 0 0 0 104.413 0 0 83.6648 116.808 
62.7598 62.7598 62.7598 62.7598 62.7598 62.7598 62.7598 62.7598 62.7598 62.7598 62.7598 62.7598 
1 1 1 1 1 1 1 1 1 1 1 1 
