18 10 
133.595 133.595 133.595 133.595 133.595 133.595 133.595 133.595 133.595 133.595 133.595 133.595 133.595 133.595 133.595 133.595 133.595 133.595 
item 0
50.918 82.5218 37.9091 133.066 55.536 68.0372 68.6615 81.7046 74.1914 87.7348 106.066 139.724 27.7813 93.2542 16.0912 100.341 31.8038 80.0502 
72.491 72.491 72.491 72.491 72.491 72.491 72.491 72.491 72.491 72.491 72.491 72.491 72.491 72.491 72.491 72.491 72.491 72.491 
1 1 1 1 1 1 1 1 1 1 1 1 1 1 1 1 1 1 
item 1
61.5118 139.497 46.4314 88.3884 35.5208 100.274 58.5916 99.709 65.0815 86.8095 40.7108 66.8997 43.3077 80.5845 5.37976 107.812 38.3349 133.427 
74.7754 74.7754 74.7754 74.7754 74.7754 74.7754 74.7754 74.7754 74.7754 74.7754 74.7754 74.7754 74.7754 74.7754 74.7754 74.7754 74.7754 74.7754 
1 1 1 1 1 1 1 1 1 1 1 1 1 1 1 1 1 1 
item 2
33.3673 76.5424 49.095 120.238 53.2719 78.9212 55.233 109.782 78.7347 110.253 49.914 121.04 21.3107 80.9079 19.9201 74.8549 96.4128 133.937 
64.843 64.843 64.843 64.843 64.843 64.843 64.843 64.843 64.843 64.843 64.843 64.843 64.843 64.843 64.843 64.843 64.843 64.843 
1 1 1 1 1 1 1 1 1 1 1 1 1 1 1 1 1 1 
item 3
26.7952 115.717 34.3267 159.84 82.0138 111.115 0 104.473 78.0551 116.626 51.2804 105.335 46.9781 48.6058 72.4627 99.349 37.7601 122.79 
63.8786 63.8786 63.8786 63.8786 63.8786 63.8786 63.8786 63.8786 63.8786 63.8786 63.8786 63.8786 63.8786 63.8786 63.8786 63.8786 63.8786 63.8786 
1 1 1 1 1 1 1 1 1 1 1 1 1 1 1 1 1 1 
item 4
26.7412 98.2156 28.113 77.8454 57.5949 107.385 79.1013 102.252 28.7629 76.7758 66.2553 107.424 100.198 79.2035 35.6666 125.056 67.8195 95.9594 
63.2204 63.2204 63.2204 63.2204 63.2204 63.2204 63.2204 63.2204 63.2204 63.2204 63.2204 63.2204 63.2204 63.2204 63.2204 63.2204 63.2204 63.2204 
1 1 1 1 1 1 1 1 1 1 1 1 1 1 1 1 1 1 
item 5
20.4407 116.657 54.8165 88.1962 56.6557 135.785 20.7144 91.8689 48.5505 83.8465 45.2543 75.4529 63.9321 125.578 71.8102 83.1176 40.667 99.5973 
66.7694 66.7694 66.7694 66.7694 66.7694 66.7694 66.7694 66.7694 66.7694 66.7694 66.7694 66.7694 66.7694 66.7694 66.7694 66.7694 66.7694 66.7694 
1 1 1 1 1 1 1 1 1 1 1 1 1 1 1 1 1 1 
item 6
30.8998 91.0018 45.7469 95.4605 64.6321 80.8196 79.3233 131.376 24.7379 108.126 35.6031 78.5083 49.9555 65.2069 82.4482 60.6397 47.1793 95.7259 
58.6532 58.6532 58.6532 58.6532 58.6532 58.6532 58.6532 58.6532 58.6532 58.6532 58.6532 58.6532 58.6532 58.6532 58.6532 58.6532 58.6532 58.6532 
1 1 1 1 1 1 1 1 1 1 1 1 1 1 1 1 1 1 
item 7
67.8767 107.398 64.2484 93.2251 43.394 87.2049 65.8349 75.3776 15.5868 114.239 58.7924 105.445 43.028 79.9167 51.1773 75.0001 47.0494 102.006 
38.3551 38.3551 38.3551 38.3551 38.3551 38.3551 38.3551 38.3551 38.3551 38.3551 38.3551 38.3551 38.3551 38.3551 38.3551 38.3551 38.3551 38.3551 
1 1 1 1 1 1 1 1 1 1 1 1 1 1 1 1 1 1 
item 8
49.5062 80.3466 53.483 84.3923 35.3524 76.1206 51.9347 123.001 19.9906 119.114 22.079 106.218 52.8033 76.6359 76.5867 111.844 47.3688 96.5795 
70.7047 70.7047 70.7047 70.7047 70.7047 70.7047 70.7047 70.7047 70.7047 70.7047 70.7047 70.7047 70.7047 70.7047 70.7047 70.7047 70.7047 70.7047 
1 1 1 1 1 1 1 1 1 1 1 1 1 1 1 1 1 1 
item 9
51.7697 92.9463 56.2228 109.567 39.5039 92.0923 82.8386 92.1005 56.2485 72.5029 66.074 104.889 49.9714 74.415 41.2379 93.8002 53.0113 109.002 
71.8615 71.8615 71.8615 71.8615 71.8615 71.8615 71.8615 71.8615 71.8615 71.8615 71.8615 71.8615 71.8615 71.8615 71.8615 71.8615 71.8615 71.8615 
1 1 1 1 1 1 1 1 1 1 1 1 1 1 1 1 1 1 
