6 20 
-6.27744e+66 52.9208 52.9208 200.652 200.652 200.652 200.652 
-6.27744e+66 -6.27744e+66 52.9208 126.786 126.786 126.786 126.786 
-6.27744e+66 -6.27744e+66 -6.27744e+66 52.9208 52.9208 52.9208 52.9208 
-6.27744e+66 -6.27744e+66 -6.27744e+66 -6.27744e+66 52.9208 52.9208 52.9208 
-6.27744e+66 -6.27744e+66 -6.27744e+66 -6.27744e+66 -6.27744e+66 52.9208 52.9208 
-6.27744e+66 -6.27744e+66 -6.27744e+66 -6.27744e+66 -6.27744e+66 -6.27744e+66 52.9208 
-6.27744e+66 -6.27744e+66 -6.27744e+66 -6.27744e+66 -6.27744e+66 -6.27744e+66 -6.27744e+66 
-6.27744e+66 75.5608 149.362 149.362 343.803 482.519 482.519 
-6.27744e+66 -6.27744e+66 75.5608 75.5608 205.188 309.225 309.225 
-6.27744e+66 -6.27744e+66 -6.27744e+66 75.5608 140.374 209.732 209.732 
-6.27744e+66 -6.27744e+66 -6.27744e+66 -6.27744e+66 75.5608 110.24 110.24 
-6.27744e+66 -6.27744e+66 -6.27744e+66 -6.27744e+66 -6.27744e+66 75.5608 75.5608 
-6.27744e+66 -6.27744e+66 -6.27744e+66 -6.27744e+66 -6.27744e+66 -6.27744e+66 75.5608 
-6.27744e+66 -6.27744e+66 -6.27744e+66 -6.27744e+66 -6.27744e+66 -6.27744e+66 -6.27744e+66 
-6.27744e+66 87.9798 161.843 209.074 507.721 728.293 728.293 
-6.27744e+66 -6.27744e+66 87.9798 111.595 310.694 476.122 476.122 
-6.27744e+66 -6.27744e+66 -6.27744e+66 87.9798 187.529 297.815 297.815 
-6.27744e+66 -6.27744e+66 -6.27744e+66 -6.27744e+66 87.9798 143.123 143.123 
-6.27744e+66 -6.27744e+66 -6.27744e+66 -6.27744e+66 -6.27744e+66 87.9798 87.9798 
-6.27744e+66 -6.27744e+66 -6.27744e+66 -6.27744e+66 -6.27744e+66 -6.27744e+66 87.9798 
-6.27744e+66 -6.27744e+66 -6.27744e+66 -6.27744e+66 -6.27744e+66 -6.27744e+66 -6.27744e+66 
-6.27744e+66 68.1078 68.1078 256.291 256.291 256.291 808.502 
-6.27744e+66 -6.27744e+66 68.1078 162.199 162.199 162.199 603.968 
-6.27744e+66 -6.27744e+66 -6.27744e+66 68.1078 68.1078 68.1078 399.434 
-6.27744e+66 -6.27744e+66 -6.27744e+66 -6.27744e+66 68.1078 68.1078 288.992 
-6.27744e+66 -6.27744e+66 -6.27744e+66 -6.27744e+66 -6.27744e+66 68.1078 178.55 
-6.27744e+66 -6.27744e+66 -6.27744e+66 -6.27744e+66 -6.27744e+66 -6.27744e+66 68.1078 
-6.27744e+66 -6.27744e+66 -6.27744e+66 -6.27744e+66 -6.27744e+66 -6.27744e+66 -6.27744e+66 
-6.27744e+66 59.6378 59.6378 59.6378 309.259 309.259 732.938 
-6.27744e+66 -6.27744e+66 59.6378 59.6378 226.052 226.052 564.996 
-6.27744e+66 -6.27744e+66 -6.27744e+66 59.6378 142.845 142.845 397.053 
-6.27744e+66 -6.27744e+66 -6.27744e+66 -6.27744e+66 59.6378 59.6378 229.11 
-6.27744e+66 -6.27744e+66 -6.27744e+66 -6.27744e+66 -6.27744e+66 59.6378 144.374 
-6.27744e+66 -6.27744e+66 -6.27744e+66 -6.27744e+66 -6.27744e+66 -6.27744e+66 59.6378 
-6.27744e+66 -6.27744e+66 -6.27744e+66 -6.27744e+66 -6.27744e+66 -6.27744e+66 -6.27744e+66 
-6.27744e+66 54.8665 149.83 149.83 149.83 328.388 328.388 
-6.27744e+66 -6.27744e+66 54.8665 54.8665 54.8665 188.785 188.785 
-6.27744e+66 -6.27744e+66 -6.27744e+66 54.8665 54.8665 144.146 144.146 
-6.27744e+66 -6.27744e+66 -6.27744e+66 -6.27744e+66 54.8665 99.506 99.506 
-6.27744e+66 -6.27744e+66 -6.27744e+66 -6.27744e+66 -6.27744e+66 54.8665 54.8665 
-6.27744e+66 -6.27744e+66 -6.27744e+66 -6.27744e+66 -6.27744e+66 -6.27744e+66 54.8665 
-6.27744e+66 -6.27744e+66 -6.27744e+66 -6.27744e+66 -6.27744e+66 -6.27744e+66 -6.27744e+66 
-6.27744e+66 53.7955 178.451 236.769 505.271 787.894 787.894 
-6.27744e+66 -6.27744e+66 53.7955 82.9542 261.956 473.923 473.923 
-6.27744e+66 -6.27744e+66 -6.27744e+66 53.7955 143.296 284.608 284.608 
-6.27744e+66 -6.27744e+66 -6.27744e+66 -6.27744e+66 53.7955 124.451 124.451 
-6.27744e+66 -6.27744e+66 -6.27744e+66 -6.27744e+66 -6.27744e+66 53.7955 53.7955 
-6.27744e+66 -6.27744e+66 -6.27744e+66 -6.27744e+66 -6.27744e+66 -6.27744e+66 53.7955 
-6.27744e+66 -6.27744e+66 -6.27744e+66 -6.27744e+66 -6.27744e+66 -6.27744e+66 -6.27744e+66 
-6.27744e+66 55.0246 154.935 154.935 445.65 445.65 947.384 
-6.27744e+66 -6.27744e+66 55.0246 55.0246 248.835 248.835 650.222 
-6.27744e+66 -6.27744e+66 -6.27744e+66 55.0246 151.93 151.93 452.97 
-6.27744e+66 -6.27744e+66 -6.27744e+66 -6.27744e+66 55.0246 55.0246 255.718 
-6.27744e+66 -6.27744e+66 -6.27744e+66 -6.27744e+66 -6.27744e+66 55.0246 155.371 
-6.27744e+66 -6.27744e+66 -6.27744e+66 -6.27744e+66 -6.27744e+66 -6.27744e+66 55.0246 
-6.27744e+66 -6.27744e+66 -6.27744e+66 -6.27744e+66 -6.27744e+66 -6.27744e+66 -6.27744e+66 
-6.27744e+66 69.0909 69.0909 69.0909 69.0909 69.0909 529.931 
-6.27744e+66 -6.27744e+66 69.0909 69.0909 69.0909 69.0909 437.763 
-6.27744e+66 -6.27744e+66 -6.27744e+66 69.0909 69.0909 69.0909 345.595 
-6.27744e+66 -6.27744e+66 -6.27744e+66 -6.27744e+66 69.0909 69.0909 253.427 
-6.27744e+66 -6.27744e+66 -6.27744e+66 -6.27744e+66 -6.27744e+66 69.0909 161.259 
-6.27744e+66 -6.27744e+66 -6.27744e+66 -6.27744e+66 -6.27744e+66 -6.27744e+66 69.0909 
-6.27744e+66 -6.27744e+66 -6.27744e+66 -6.27744e+66 -6.27744e+66 -6.27744e+66 -6.27744e+66 
-6.27744e+66 91.1163 173.581 289.803 628.935 628.935 628.935 
-6.27744e+66 -6.27744e+66 91.1163 149.227 375.315 375.315 375.315 
-6.27744e+66 -6.27744e+66 -6.27744e+66 91.1163 204.16 204.16 204.16 
-6.27744e+66 -6.27744e+66 -6.27744e+66 -6.27744e+66 91.1163 91.1163 91.1163 
-6.27744e+66 -6.27744e+66 -6.27744e+66 -6.27744e+66 -6.27744e+66 91.1163 91.1163 
-6.27744e+66 -6.27744e+66 -6.27744e+66 -6.27744e+66 -6.27744e+66 -6.27744e+66 91.1163 
-6.27744e+66 -6.27744e+66 -6.27744e+66 -6.27744e+66 -6.27744e+66 -6.27744e+66 -6.27744e+66 
-6.27744e+66 85.1428 85.1428 85.1428 498.82 498.82 1031.78 
-6.27744e+66 -6.27744e+66 85.1428 85.1428 360.927 360.927 787.293 
-6.27744e+66 -6.27744e+66 -6.27744e+66 85.1428 223.035 223.035 542.809 
-6.27744e+66 -6.27744e+66 -6.27744e+66 -6.27744e+66 85.1428 85.1428 298.325 
-6.27744e+66 -6.27744e+66 -6.27744e+66 -6.27744e+66 -6.27744e+66 85.1428 191.734 
-6.27744e+66 -6.27744e+66 -6.27744e+66 -6.27744e+66 -6.27744e+66 -6.27744e+66 85.1428 
-6.27744e+66 -6.27744e+66 -6.27744e+66 -6.27744e+66 -6.27744e+66 -6.27744e+66 -6.27744e+66 
-6.27744e+66 79.5441 79.5441 79.5441 79.5441 346.667 830.792 
-6.27744e+66 -6.27744e+66 79.5441 79.5441 79.5441 279.886 667.186 
-6.27744e+66 -6.27744e+66 -6.27744e+66 79.5441 79.5441 213.106 503.58 
-6.27744e+66 -6.27744e+66 -6.27744e+66 -6.27744e+66 79.5441 146.325 339.975 
-6.27744e+66 -6.27744e+66 -6.27744e+66 -6.27744e+66 -6.27744e+66 79.5441 176.369 
-6.27744e+66 -6.27744e+66 -6.27744e+66 -6.27744e+66 -6.27744e+66 -6.27744e+66 79.5441 
-6.27744e+66 -6.27744e+66 -6.27744e+66 -6.27744e+66 -6.27744e+66 -6.27744e+66 -6.27744e+66 
-6.27744e+66 49.0572 49.0572 146.985 470.042 750.096 750.096 
-6.27744e+66 -6.27744e+66 49.0572 98.021 313.393 523.433 523.433 
-6.27744e+66 -6.27744e+66 -6.27744e+66 49.0572 156.743 296.77 296.77 
-6.27744e+66 -6.27744e+66 -6.27744e+66 -6.27744e+66 49.0572 119.071 119.071 
-6.27744e+66 -6.27744e+66 -6.27744e+66 -6.27744e+66 -6.27744e+66 49.0572 49.0572 
-6.27744e+66 -6.27744e+66 -6.27744e+66 -6.27744e+66 -6.27744e+66 -6.27744e+66 49.0572 
-6.27744e+66 -6.27744e+66 -6.27744e+66 -6.27744e+66 -6.27744e+66 -6.27744e+66 -6.27744e+66 
-6.27744e+66 72.7035 72.7035 162.786 162.786 431.143 1049.6 
-6.27744e+66 -6.27744e+66 72.7035 117.745 117.745 319.012 813.781 
-6.27744e+66 -6.27744e+66 -6.27744e+66 72.7035 72.7035 206.882 577.958 
-6.27744e+66 -6.27744e+66 -6.27744e+66 -6.27744e+66 72.7035 139.793 387.177 
-6.27744e+66 -6.27744e+66 -6.27744e+66 -6.27744e+66 -6.27744e+66 72.7035 196.396 
-6.27744e+66 -6.27744e+66 -6.27744e+66 -6.27744e+66 -6.27744e+66 -6.27744e+66 72.7035 
-6.27744e+66 -6.27744e+66 -6.27744e+66 -6.27744e+66 -6.27744e+66 -6.27744e+66 -6.27744e+66 
-6.27744e+66 38.9502 96.6927 242.725 582.239 582.239 582.239 
-6.27744e+66 -6.27744e+66 38.9502 111.966 338.309 338.309 338.309 
-6.27744e+66 -6.27744e+66 -6.27744e+66 38.9502 152.122 152.122 152.122 
-6.27744e+66 -6.27744e+66 -6.27744e+66 -6.27744e+66 38.9502 38.9502 38.9502 
-6.27744e+66 -6.27744e+66 -6.27744e+66 -6.27744e+66 -6.27744e+66 38.9502 38.9502 
-6.27744e+66 -6.27744e+66 -6.27744e+66 -6.27744e+66 -6.27744e+66 -6.27744e+66 38.9502 
-6.27744e+66 -6.27744e+66 -6.27744e+66 -6.27744e+66 -6.27744e+66 -6.27744e+66 -6.27744e+66 
-6.27744e+66 54.4201 187.639 359.156 669.074 817.206 1318.16 
-6.27744e+66 -6.27744e+66 54.4201 140.178 346.79 457.89 858.652 
-6.27744e+66 -6.27744e+66 -6.27744e+66 54.4201 157.726 231.792 532.364 
-6.27744e+66 -6.27744e+66 -6.27744e+66 -6.27744e+66 54.4201 91.4532 291.834 
-6.27744e+66 -6.27744e+66 -6.27744e+66 -6.27744e+66 -6.27744e+66 54.4201 154.611 
-6.27744e+66 -6.27744e+66 -6.27744e+66 -6.27744e+66 -6.27744e+66 -6.27744e+66 54.4201 
-6.27744e+66 -6.27744e+66 -6.27744e+66 -6.27744e+66 -6.27744e+66 -6.27744e+66 -6.27744e+66 
-6.27744e+66 96.2598 96.2598 96.2598 96.2598 96.2598 96.2598 
-6.27744e+66 -6.27744e+66 96.2598 96.2598 96.2598 96.2598 96.2598 
-6.27744e+66 -6.27744e+66 -6.27744e+66 96.2598 96.2598 96.2598 96.2598 
-6.27744e+66 -6.27744e+66 -6.27744e+66 -6.27744e+66 96.2598 96.2598 96.2598 
-6.27744e+66 -6.27744e+66 -6.27744e+66 -6.27744e+66 -6.27744e+66 96.2598 96.2598 
-6.27744e+66 -6.27744e+66 -6.27744e+66 -6.27744e+66 -6.27744e+66 -6.27744e+66 96.2598 
-6.27744e+66 -6.27744e+66 -6.27744e+66 -6.27744e+66 -6.27744e+66 -6.27744e+66 -6.27744e+66 
-6.27744e+66 63.6468 63.6468 63.6468 339.062 339.062 339.062 
-6.27744e+66 -6.27744e+66 63.6468 63.6468 247.257 247.257 247.257 
-6.27744e+66 -6.27744e+66 -6.27744e+66 63.6468 155.452 155.452 155.452 
-6.27744e+66 -6.27744e+66 -6.27744e+66 -6.27744e+66 63.6468 63.6468 63.6468 
-6.27744e+66 -6.27744e+66 -6.27744e+66 -6.27744e+66 -6.27744e+66 63.6468 63.6468 
-6.27744e+66 -6.27744e+66 -6.27744e+66 -6.27744e+66 -6.27744e+66 -6.27744e+66 63.6468 
-6.27744e+66 -6.27744e+66 -6.27744e+66 -6.27744e+66 -6.27744e+66 -6.27744e+66 -6.27744e+66 
-6.27744e+66 41.3642 41.3642 115.114 410.099 577.56 577.56 
-6.27744e+66 -6.27744e+66 41.3642 78.2392 274.896 400.492 400.492 
-6.27744e+66 -6.27744e+66 -6.27744e+66 41.3642 139.693 223.423 223.423 
-6.27744e+66 -6.27744e+66 -6.27744e+66 -6.27744e+66 41.3642 83.2294 83.2294 
-6.27744e+66 -6.27744e+66 -6.27744e+66 -6.27744e+66 -6.27744e+66 41.3642 41.3642 
-6.27744e+66 -6.27744e+66 -6.27744e+66 -6.27744e+66 -6.27744e+66 -6.27744e+66 41.3642 
-6.27744e+66 -6.27744e+66 -6.27744e+66 -6.27744e+66 -6.27744e+66 -6.27744e+66 -6.27744e+66 
-6.27744e+66 76.3471 201.101 350.282 350.282 598.712 1021.22 
-6.27744e+66 -6.27744e+66 76.3471 150.938 150.938 337.26 675.269 
-6.27744e+66 -6.27744e+66 -6.27744e+66 76.3471 76.3471 200.562 454.069 
-6.27744e+66 -6.27744e+66 -6.27744e+66 -6.27744e+66 76.3471 138.455 307.459 
-6.27744e+66 -6.27744e+66 -6.27744e+66 -6.27744e+66 -6.27744e+66 76.3471 160.849 
-6.27744e+66 -6.27744e+66 -6.27744e+66 -6.27744e+66 -6.27744e+66 -6.27744e+66 76.3471 
-6.27744e+66 -6.27744e+66 -6.27744e+66 -6.27744e+66 -6.27744e+66 -6.27744e+66 -6.27744e+66 
