24 40 
97.7283 97.7283 97.7283 97.7283 97.7283 97.7283 97.7283 97.7283 97.7283 97.7283 97.7283 97.7283 97.7283 97.7283 97.7283 97.7283 97.7283 97.7283 97.7283 97.7283 97.7283 97.7283 97.7283 97.7283 
item 0
53.2103 0 0 91.2541 0 0 0 75.5128 46.0704 110.13 51.7765 98.1042 51.8854 103.347 77.212 100.803 24.4376 93.584 58.9044 108.937 0 104.38 39.1758 0 
70.7295 70.7295 70.7295 70.7295 70.7295 70.7295 70.7295 70.7295 70.7295 70.7295 70.7295 70.7295 70.7295 70.7295 70.7295 70.7295 70.7295 70.7295 70.7295 70.7295 70.7295 70.7295 70.7295 70.7295 
1 1 1 1 1 1 1 1 1 1 1 1 1 1 1 1 1 1 1 1 1 1 1 1 
item 1
68.1137 0 64.2674 0 30.0718 0 72.0803 90.5945 0 0 7.03676 92.8515 62.3159 97.6512 18.893 0 0 0 37.5365 87.9105 0 116.668 63.1276 119.099 
57.5696 57.5696 57.5696 57.5696 57.5696 57.5696 57.5696 57.5696 57.5696 57.5696 57.5696 57.5696 57.5696 57.5696 57.5696 57.5696 57.5696 57.5696 57.5696 57.5696 57.5696 57.5696 57.5696 57.5696 
1 1 1 1 1 1 1 1 1 1 1 1 1 1 1 1 1 1 1 1 1 1 1 1 
item 2
47.0225 89.0288 0 92.5648 0 0 0 0 0 0 66.7293 110.499 0 0 4.96903 105.964 33.6663 0 0 94.8762 0 129.517 86.5239 0 
66.0064 66.0064 66.0064 66.0064 66.0064 66.0064 66.0064 66.0064 66.0064 66.0064 66.0064 66.0064 66.0064 66.0064 66.0064 66.0064 66.0064 66.0064 66.0064 66.0064 66.0064 66.0064 66.0064 66.0064 
1 1 1 1 1 1 1 1 1 1 1 1 1 1 1 1 1 1 1 1 1 1 1 1 
item 3
32.1095 0 46.5916 107.958 66.2812 99.0815 0 0 0 0 0 104.026 60.6102 0 43.2854 104.416 54.511 119.67 44.0433 0 28.1093 83.3492 26.9958 92.4823 
42.3287 42.3287 42.3287 42.3287 42.3287 42.3287 42.3287 42.3287 42.3287 42.3287 42.3287 42.3287 42.3287 42.3287 42.3287 42.3287 42.3287 42.3287 42.3287 42.3287 42.3287 42.3287 42.3287 42.3287 
1 1 1 1 1 1 1 1 1 1 1 1 1 1 1 1 1 1 1 1 1 1 1 1 
item 4
85.6346 106.056 83.5025 0 0 0 0 120.016 32.8562 0 0 101.167 72.5011 0 0 0 0 86.0795 73.8959 107.299 0 133.137 0 0 
27.2737 27.2737 27.2737 27.2737 27.2737 27.2737 27.2737 27.2737 27.2737 27.2737 27.2737 27.2737 27.2737 27.2737 27.2737 27.2737 27.2737 27.2737 27.2737 27.2737 27.2737 27.2737 27.2737 27.2737 
1 1 1 1 1 1 1 1 1 1 1 1 1 1 1 1 1 1 1 1 1 1 1 1 
item 5
29.0881 0 0 0 71.9281 0 0 122.717 0 0 0 121.61 64.5004 0 0 78.6827 0 126.622 54.8129 105.319 0 60.0275 46.3245 0 
48.2299 48.2299 48.2299 48.2299 48.2299 48.2299 48.2299 48.2299 48.2299 48.2299 48.2299 48.2299 48.2299 48.2299 48.2299 48.2299 48.2299 48.2299 48.2299 48.2299 48.2299 48.2299 48.2299 48.2299 
1 1 1 1 1 1 1 1 1 1 1 1 1 1 1 1 1 1 1 1 1 1 1 1 
item 6
72.8236 0 0 99.7884 0 0 75.3981 84.4442 0 0 0 0 20.4335 106.675 36.6113 0 0 120.124 32.5355 108.674 0 0 61.2144 0 
61.3747 61.3747 61.3747 61.3747 61.3747 61.3747 61.3747 61.3747 61.3747 61.3747 61.3747 61.3747 61.3747 61.3747 61.3747 61.3747 61.3747 61.3747 61.3747 61.3747 61.3747 61.3747 61.3747 61.3747 
1 1 1 1 1 1 1 1 1 1 1 1 1 1 1 1 1 1 1 1 1 1 1 1 
item 7
47.5565 96.4283 0 0 7.81185 140.797 64.9578 0 49.151 0 0 0 31.6175 95.0706 0 80.1476 42.9252 0 0 0 65.8954 0 0 0 
44.4647 44.4647 44.4647 44.4647 44.4647 44.4647 44.4647 44.4647 44.4647 44.4647 44.4647 44.4647 44.4647 44.4647 44.4647 44.4647 44.4647 44.4647 44.4647 44.4647 44.4647 44.4647 44.4647 44.4647 
1 1 1 1 1 1 1 1 1 1 1 1 1 1 1 1 1 1 1 1 1 1 1 1 
item 8
41.0632 78.9819 0 0 46.5515 98.3093 16.6366 129.264 0 0 32.2659 0 40.7426 0 0 92.6632 0 0 46.349 0 0 0 64.2009 0 
61.5938 61.5938 61.5938 61.5938 61.5938 61.5938 61.5938 61.5938 61.5938 61.5938 61.5938 61.5938 61.5938 61.5938 61.5938 61.5938 61.5938 61.5938 61.5938 61.5938 61.5938 61.5938 61.5938 61.5938 
1 1 1 1 1 1 1 1 1 1 1 1 1 1 1 1 1 1 1 1 1 1 1 1 
item 9
63.9944 0 70.4652 0 0 86.3373 66.1315 129.115 0 83.4987 0 0 40.9446 0 50.9778 0 39.2009 118.365 0 77.5647 38.0812 121.6 51.6814 0 
54.1161 54.1161 54.1161 54.1161 54.1161 54.1161 54.1161 54.1161 54.1161 54.1161 54.1161 54.1161 54.1161 54.1161 54.1161 54.1161 54.1161 54.1161 54.1161 54.1161 54.1161 54.1161 54.1161 54.1161 
1 1 1 1 1 1 1 1 1 1 1 1 1 1 1 1 1 1 1 1 1 1 1 1 
item 10
61.9014 0 0 109.571 67.3193 103.389 0 117.393 0 0 90.9182 91.2414 0 0 63.473 111.338 63.6626 0 15.0393 0 0 109.456 76.7065 87.7679 
75.4794 75.4794 75.4794 75.4794 75.4794 75.4794 75.4794 75.4794 75.4794 75.4794 75.4794 75.4794 75.4794 75.4794 75.4794 75.4794 75.4794 75.4794 75.4794 75.4794 75.4794 75.4794 75.4794 75.4794 
1 1 1 1 1 1 1 1 1 1 1 1 1 1 1 1 1 1 1 1 1 1 1 1 
item 11
23.676 99.1564 0 76.3109 0 0 0 0 0 0 51.5506 0 52.9459 120.887 48.5723 0 37.4495 121.276 46.7683 0 0 95.4616 46.5777 96.7815 
55.4157 55.4157 55.4157 55.4157 55.4157 55.4157 55.4157 55.4157 55.4157 55.4157 55.4157 55.4157 55.4157 55.4157 55.4157 55.4157 55.4157 55.4157 55.4157 55.4157 55.4157 55.4157 55.4157 55.4157 
1 1 1 1 1 1 1 1 1 1 1 1 1 1 1 1 1 1 1 1 1 1 1 1 
item 12
56.1508 0 36.2295 0 46.0051 0 29.5962 0 55.0346 0 41.4058 0 0 80.3658 63.7547 0 0 0 51.809 122.003 41.2 109.989 59.3044 0 
75.781 75.781 75.781 75.781 75.781 75.781 75.781 75.781 75.781 75.781 75.781 75.781 75.781 75.781 75.781 75.781 75.781 75.781 75.781 75.781 75.781 75.781 75.781 75.781 
1 1 1 1 1 1 1 1 1 1 1 1 1 1 1 1 1 1 1 1 1 1 1 1 
item 13
31.8874 0 36.5345 106.051 0 76.4224 0 106.261 46.5089 93.7873 83.5285 91.7387 40.7341 115.859 0 0 0 0 46.142 0 0 98.0974 63.9326 0 
73.7868 73.7868 73.7868 73.7868 73.7868 73.7868 73.7868 73.7868 73.7868 73.7868 73.7868 73.7868 73.7868 73.7868 73.7868 73.7868 73.7868 73.7868 73.7868 73.7868 73.7868 73.7868 73.7868 73.7868 
1 1 1 1 1 1 1 1 1 1 1 1 1 1 1 1 1 1 1 1 1 1 1 1 
item 14
45.6243 94.007 74.3776 104.515 59.6764 109.828 0 0 33.8443 0 0 118.41 37.8075 0 44.6369 110.988 32.7687 0 0 115.045 37.7257 103.123 59.9735 122.392 
40.6795 40.6795 40.6795 40.6795 40.6795 40.6795 40.6795 40.6795 40.6795 40.6795 40.6795 40.6795 40.6795 40.6795 40.6795 40.6795 40.6795 40.6795 40.6795 40.6795 40.6795 40.6795 40.6795 40.6795 
1 1 1 1 1 1 1 1 1 1 1 1 1 1 1 1 1 1 1 1 1 1 1 1 
item 15
38.7274 0 64.2919 0 37.5276 0 24.3581 0 44.2944 87.1866 0 0 40.2948 0 23.8149 0 0 92.0142 31.5831 0 0 98.0451 0 91.8577 
45.0434 45.0434 45.0434 45.0434 45.0434 45.0434 45.0434 45.0434 45.0434 45.0434 45.0434 45.0434 45.0434 45.0434 45.0434 45.0434 45.0434 45.0434 45.0434 45.0434 45.0434 45.0434 45.0434 45.0434 
1 1 1 1 1 1 1 1 1 1 1 1 1 1 1 1 1 1 1 1 1 1 1 1 
item 16
101.845 0 0 111.373 75.5203 73.2228 65.8232 158.261 0 0 56.3486 0 0 0 70.7304 0 45.9172 0 53.315 59.5019 32.8449 0 43.9034 114.579 
67.9342 67.9342 67.9342 67.9342 67.9342 67.9342 67.9342 67.9342 67.9342 67.9342 67.9342 67.9342 67.9342 67.9342 67.9342 67.9342 67.9342 67.9342 67.9342 67.9342 67.9342 67.9342 67.9342 67.9342 
1 1 1 1 1 1 1 1 1 1 1 1 1 1 1 1 1 1 1 1 1 1 1 1 
item 17
10.5886 113.942 0 0 0 104.455 0 99.4524 59.282 93.5975 0 86.1595 62.1979 0 28.3832 93.2397 71.587 0 0 119.445 23.5908 0 0 105.167 
36.3427 36.3427 36.3427 36.3427 36.3427 36.3427 36.3427 36.3427 36.3427 36.3427 36.3427 36.3427 36.3427 36.3427 36.3427 36.3427 36.3427 36.3427 36.3427 36.3427 36.3427 36.3427 36.3427 36.3427 
1 1 1 1 1 1 1 1 1 1 1 1 1 1 1 1 1 1 1 1 1 1 1 1 
item 18
50.9283 0 51.9557 113.826 0 0 0 112.1 0 114.026 0 0 0 83.057 0 83.5845 80.4403 52.5182 0 0 0 99.0411 45.7798 75.168 
42.8216 42.8216 42.8216 42.8216 42.8216 42.8216 42.8216 42.8216 42.8216 42.8216 42.8216 42.8216 42.8216 42.8216 42.8216 42.8216 42.8216 42.8216 42.8216 42.8216 42.8216 42.8216 42.8216 42.8216 
1 1 1 1 1 1 1 1 1 1 1 1 1 1 1 1 1 1 1 1 1 1 1 1 
item 19
69.5014 112.731 0 55.9573 0 124.47 0 0 8.21816 0 19.2851 116.418 72.7705 0 38.2794 0 56.5419 123.524 0 0 86.4105 0 75.8666 0 
24.3363 24.3363 24.3363 24.3363 24.3363 24.3363 24.3363 24.3363 24.3363 24.3363 24.3363 24.3363 24.3363 24.3363 24.3363 24.3363 24.3363 24.3363 24.3363 24.3363 24.3363 24.3363 24.3363 24.3363 
1 1 1 1 1 1 1 1 1 1 1 1 1 1 1 1 1 1 1 1 1 1 1 1 
item 20
44.0189 0 0 113.596 0 0 56.4792 85.0138 0 116.459 56.8411 102.678 0 89.3037 0 0 36.7544 0 78.5151 109.546 46.3499 84.5572 26.7608 117.285 
58.2725 58.2725 58.2725 58.2725 58.2725 58.2725 58.2725 58.2725 58.2725 58.2725 58.2725 58.2725 58.2725 58.2725 58.2725 58.2725 58.2725 58.2725 58.2725 58.2725 58.2725 58.2725 58.2725 58.2725 
1 1 1 1 1 1 1 1 1 1 1 1 1 1 1 1 1 1 1 1 1 1 1 1 
item 21
22.6167 122.721 0 93.3376 0 0 0.702699 54.0787 71.357 0 59.9651 0 65.0791 74.7619 48.5264 0 0 0 72.0399 0 0 0 49.6834 0 
66.952 66.952 66.952 66.952 66.952 66.952 66.952 66.952 66.952 66.952 66.952 66.952 66.952 66.952 66.952 66.952 66.952 66.952 66.952 66.952 66.952 66.952 66.952 66.952 
1 1 1 1 1 1 1 1 1 1 1 1 1 1 1 1 1 1 1 1 1 1 1 1 
item 22
63.3422 0 9.98884 0 34.2656 81.9646 0 0 66.0529 120.549 0 110.332 31.681 0 0 0 50.7034 126.636 0 0 65.4688 0 0 0 
56.8219 56.8219 56.8219 56.8219 56.8219 56.8219 56.8219 56.8219 56.8219 56.8219 56.8219 56.8219 56.8219 56.8219 56.8219 56.8219 56.8219 56.8219 56.8219 56.8219 56.8219 56.8219 56.8219 56.8219 
1 1 1 1 1 1 1 1 1 1 1 1 1 1 1 1 1 1 1 1 1 1 1 1 
item 23
43.5512 0 0 81.1877 44.0431 0 69.8115 0 0 0 28.8065 0 75.5865 0 54.8731 0 0 80.3818 59.1243 90.0319 51.6748 0 0 0 
20.451 20.451 20.451 20.451 20.451 20.451 20.451 20.451 20.451 20.451 20.451 20.451 20.451 20.451 20.451 20.451 20.451 20.451 20.451 20.451 20.451 20.451 20.451 20.451 
1 1 1 1 1 1 1 1 1 1 1 1 1 1 1 1 1 1 1 1 1 1 1 1 
item 24
64.1097 0 25.5757 0 65.7228 0 0 0 32.2894 107.61 0 0 32.863 0 36.3854 87.0307 0 0 0 109.088 32.6649 65.6922 60.6745 0 
51.6612 51.6612 51.6612 51.6612 51.6612 51.6612 51.6612 51.6612 51.6612 51.6612 51.6612 51.6612 51.6612 51.6612 51.6612 51.6612 51.6612 51.6612 51.6612 51.6612 51.6612 51.6612 51.6612 51.6612 
1 1 1 1 1 1 1 1 1 1 1 1 1 1 1 1 1 1 1 1 1 1 1 1 
item 25
61.4079 0 66.3092 126.459 52.596 102.115 57.1069 0 0 137.809 0 102.832 0 0 0 0 55.0156 0 56.3864 107.571 0 71.4437 49.4392 107.182 
61.1538 61.1538 61.1538 61.1538 61.1538 61.1538 61.1538 61.1538 61.1538 61.1538 61.1538 61.1538 61.1538 61.1538 61.1538 61.1538 61.1538 61.1538 61.1538 61.1538 61.1538 61.1538 61.1538 61.1538 
1 1 1 1 1 1 1 1 1 1 1 1 1 1 1 1 1 1 1 1 1 1 1 1 
item 26
27.2714 89.4723 0 47.9562 0 81.6437 41.9298 0 31.1187 117.326 49.4978 0 0 61.462 0 127.708 0 0 42.6297 0 0 0 0 77.8496 
91.5805 91.5805 91.5805 91.5805 91.5805 91.5805 91.5805 91.5805 91.5805 91.5805 91.5805 91.5805 91.5805 91.5805 91.5805 91.5805 91.5805 91.5805 91.5805 91.5805 91.5805 91.5805 91.5805 91.5805 
1 1 1 1 1 1 1 1 1 1 1 1 1 1 1 1 1 1 1 1 1 1 1 1 
item 27
45.5566 83.4091 29.0398 0 0 0 56.3065 0 0 104.988 29.2324 86.4142 0 0 0 0 44.2165 92.2485 0 97.8216 0 103.633 83.4654 0 
68.9594 68.9594 68.9594 68.9594 68.9594 68.9594 68.9594 68.9594 68.9594 68.9594 68.9594 68.9594 68.9594 68.9594 68.9594 68.9594 68.9594 68.9594 68.9594 68.9594 68.9594 68.9594 68.9594 68.9594 
1 1 1 1 1 1 1 1 1 1 1 1 1 1 1 1 1 1 1 1 1 1 1 1 
item 28
29.7758 89.1672 66.9743 114.582 0 0 46.759 69.9903 48.9688 102.96 61.0879 129.67 55.1715 0 55.5707 95.768 0 0 79.1977 112.786 0 64.9153 0 99.6576 
76.8546 76.8546 76.8546 76.8546 76.8546 76.8546 76.8546 76.8546 76.8546 76.8546 76.8546 76.8546 76.8546 76.8546 76.8546 76.8546 76.8546 76.8546 76.8546 76.8546 76.8546 76.8546 76.8546 76.8546 
1 1 1 1 1 1 1 1 1 1 1 1 1 1 1 1 1 1 1 1 1 1 1 1 
item 29
79.4779 0 64.0367 0 50.6929 118.068 0 104.069 0 75.4007 73.2764 0 0 0 42.9169 132.172 27.7661 121.774 73.6497 85.7605 0 0 0 132.417 
25.9996 25.9996 25.9996 25.9996 25.9996 25.9996 25.9996 25.9996 25.9996 25.9996 25.9996 25.9996 25.9996 25.9996 25.9996 25.9996 25.9996 25.9996 25.9996 25.9996 25.9996 25.9996 25.9996 25.9996 
1 1 1 1 1 1 1 1 1 1 1 1 1 1 1 1 1 1 1 1 1 1 1 1 
item 30
65.5697 130.058 0 0 0 0 38.036 110.535 0 110.941 0 0 0 0 75.9167 0 0 101.142 0 91.4575 0 0 59.9128 0 
33.8076 33.8076 33.8076 33.8076 33.8076 33.8076 33.8076 33.8076 33.8076 33.8076 33.8076 33.8076 33.8076 33.8076 33.8076 33.8076 33.8076 33.8076 33.8076 33.8076 33.8076 33.8076 33.8076 33.8076 
1 1 1 1 1 1 1 1 1 1 1 1 1 1 1 1 1 1 1 1 1 1 1 1 
item 31
54.5863 0 45.6846 125.322 76.4107 0 0 113.701 52.92 146.087 0 100.988 0 0 52.7739 74.4086 86.7879 0 48.0485 96.6238 0 94.5283 37.7399 0 
48.2047 48.2047 48.2047 48.2047 48.2047 48.2047 48.2047 48.2047 48.2047 48.2047 48.2047 48.2047 48.2047 48.2047 48.2047 48.2047 48.2047 48.2047 48.2047 48.2047 48.2047 48.2047 48.2047 48.2047 
1 1 1 1 1 1 1 1 1 1 1 1 1 1 1 1 1 1 1 1 1 1 1 1 
item 32
26.3084 0 33.0955 79.391 53.7012 123.355 41.9139 0 84.99 0 35.8525 101.352 0 106.888 0 78.3843 0 112.817 0 118.433 0 76.418 0 95.6537 
57.1855 57.1855 57.1855 57.1855 57.1855 57.1855 57.1855 57.1855 57.1855 57.1855 57.1855 57.1855 57.1855 57.1855 57.1855 57.1855 57.1855 57.1855 57.1855 57.1855 57.1855 57.1855 57.1855 57.1855 
1 1 1 1 1 1 1 1 1 1 1 1 1 1 1 1 1 1 1 1 1 1 1 1 
item 33
89.4304 93.795 0 111.964 67.6718 100.078 0 104.09 0 0 0 0 47.3478 106.343 0 87.4992 0 0 57.8043 102.759 48.033 0 0 0 
39.3615 39.3615 39.3615 39.3615 39.3615 39.3615 39.3615 39.3615 39.3615 39.3615 39.3615 39.3615 39.3615 39.3615 39.3615 39.3615 39.3615 39.3615 39.3615 39.3615 39.3615 39.3615 39.3615 39.3615 
1 1 1 1 1 1 1 1 1 1 1 1 1 1 1 1 1 1 1 1 1 1 1 1 
item 34
31.7438 0 0 98.1577 34.0308 0 27.4051 0 0 0 0 109.964 71.7295 0 0 117.288 42.9408 0 0 110.594 0 120.107 0 0 
55.6082 55.6082 55.6082 55.6082 55.6082 55.6082 55.6082 55.6082 55.6082 55.6082 55.6082 55.6082 55.6082 55.6082 55.6082 55.6082 55.6082 55.6082 55.6082 55.6082 55.6082 55.6082 55.6082 55.6082 
1 1 1 1 1 1 1 1 1 1 1 1 1 1 1 1 1 1 1 1 1 1 1 1 
item 35
34.4509 89.5409 0 95.1339 0 0 65.827 0 63.5987 0 76.7804 115.968 0 110.06 51.165 0 0 86.2266 70.5854 0 0 101.792 0 83.2931 
50.5315 50.5315 50.5315 50.5315 50.5315 50.5315 50.5315 50.5315 50.5315 50.5315 50.5315 50.5315 50.5315 50.5315 50.5315 50.5315 50.5315 50.5315 50.5315 50.5315 50.5315 50.5315 50.5315 50.5315 
1 1 1 1 1 1 1 1 1 1 1 1 1 1 1 1 1 1 1 1 1 1 1 1 
item 36
45.0786 0 42.0699 109.173 81.0203 70.9663 0 116.948 50.2009 0 45.0302 0 0 0 0 98.3839 13.7798 76.1454 0 0 0 0 34.6855 0 
16.4216 16.4216 16.4216 16.4216 16.4216 16.4216 16.4216 16.4216 16.4216 16.4216 16.4216 16.4216 16.4216 16.4216 16.4216 16.4216 16.4216 16.4216 16.4216 16.4216 16.4216 16.4216 16.4216 16.4216 
1 1 1 1 1 1 1 1 1 1 1 1 1 1 1 1 1 1 1 1 1 1 1 1 
item 37
63.2815 0 34.4983 115.057 33.7743 141.544 0 0 0 0 0 0 59.3839 92.9386 0 86.0842 0 0 89.0413 113.617 0 0 44.1447 115.171 
32.5147 32.5147 32.5147 32.5147 32.5147 32.5147 32.5147 32.5147 32.5147 32.5147 32.5147 32.5147 32.5147 32.5147 32.5147 32.5147 32.5147 32.5147 32.5147 32.5147 32.5147 32.5147 32.5147 32.5147 
1 1 1 1 1 1 1 1 1 1 1 1 1 1 1 1 1 1 1 1 1 1 1 1 
item 38
68.6267 0 0 83.8898 0 0 0 0 25.7993 126.396 0 129.718 0 0 0 81.8418 52.8262 0 0 0 51.842 0 61.2934 0 
54.3245 54.3245 54.3245 54.3245 54.3245 54.3245 54.3245 54.3245 54.3245 54.3245 54.3245 54.3245 54.3245 54.3245 54.3245 54.3245 54.3245 54.3245 54.3245 54.3245 54.3245 54.3245 54.3245 54.3245 
1 1 1 1 1 1 1 1 1 1 1 1 1 1 1 1 1 1 1 1 1 1 1 1 
item 39
45.7228 96.7393 0 0 102.332 0 50.5479 0 26.1566 103.357 0 89.0812 0 0 59.6126 80.2005 0 94.9227 0 125.184 0 147.602 0 0 
44.1232 44.1232 44.1232 44.1232 44.1232 44.1232 44.1232 44.1232 44.1232 44.1232 44.1232 44.1232 44.1232 44.1232 44.1232 44.1232 44.1232 44.1232 44.1232 44.1232 44.1232 44.1232 44.1232 44.1232 
1 1 1 1 1 1 1 1 1 1 1 1 1 1 1 1 1 1 1 1 1 1 1 1 
