48 5 
501.866 501.866 501.866 501.866 501.866 501.866 501.866 501.866 501.866 501.866 501.866 501.866 501.866 501.866 501.866 501.866 501.866 501.866 501.866 501.866 501.866 501.866 501.866 501.866 501.866 501.866 501.866 501.866 501.866 501.866 501.866 501.866 501.866 501.866 501.866 501.866 501.866 501.866 501.866 501.866 501.866 501.866 501.866 501.866 501.866 501.866 501.866 501.866 
item 0
52.8517 0 0 0 39.3889 0 0 0 37.3906 0 37.8746 0 0 84.2551 0 0 44.6056 107.032 25.6447 89.5828 59.5361 111.251 32.5137 0 0 0 65.507 63.6832 0 0 16.4516 0 0 0 53.6259 0 44.2146 0 0 0 0 0 44.4458 0 0 120.104 0 0 
83.769 83.769 83.769 83.769 83.769 83.769 83.769 83.769 83.769 83.769 83.769 83.769 83.769 83.769 83.769 83.769 83.769 83.769 83.769 83.769 83.769 83.769 83.769 83.769 83.769 83.769 83.769 83.769 83.769 83.769 83.769 83.769 83.769 83.769 83.769 83.769 83.769 83.769 83.769 83.769 83.769 83.769 83.769 83.769 83.769 83.769 83.769 83.769 
1 1 1 1 1 1 1 1 1 1 1 1 1 1 1 1 1 1 1 1 1 1 1 1 1 1 1 1 1 1 1 1 1 1 1 1 1 1 1 1 1 1 1 1 1 1 1 1 
item 1
31.6372 0 0 0 0 133.106 41.5027 0 0 0 56.7663 80.0312 0 66.5304 0 80.2815 39.882 94.2592 36.4459 130.021 73.9481 0 0 0 0 0 9.18421 71.7473 0 106.567 39.6967 0 50.7013 106.412 64.4106 102.993 0 83.7426 0 0 0 120.667 59.5204 0 55.5827 93.5329 0 89.2173 
56.16 56.16 56.16 56.16 56.16 56.16 56.16 56.16 56.16 56.16 56.16 56.16 56.16 56.16 56.16 56.16 56.16 56.16 56.16 56.16 56.16 56.16 56.16 56.16 56.16 56.16 56.16 56.16 56.16 56.16 56.16 56.16 56.16 56.16 56.16 56.16 56.16 56.16 56.16 56.16 56.16 56.16 56.16 56.16 56.16 56.16 56.16 56.16 
1 1 1 1 1 1 1 1 1 1 1 1 1 1 1 1 1 1 1 1 1 1 1 1 1 1 1 1 1 1 1 1 1 1 1 1 1 1 1 1 1 1 1 1 1 1 1 1 
item 2
37.589 73.2629 0 123.225 33.7944 110.889 47.3766 125.781 0 113.1 34.0917 0 55.0474 0 0 112.139 0 0 0 110.026 36.9087 65.8289 0 0 0 0 101.211 153.559 0 120.102 0 104.013 0 0 68.8176 0 44.9892 0 0 80.3081 14.8555 0 0 97.402 0 0 0 121.968 
79.3582 79.3582 79.3582 79.3582 79.3582 79.3582 79.3582 79.3582 79.3582 79.3582 79.3582 79.3582 79.3582 79.3582 79.3582 79.3582 79.3582 79.3582 79.3582 79.3582 79.3582 79.3582 79.3582 79.3582 79.3582 79.3582 79.3582 79.3582 79.3582 79.3582 79.3582 79.3582 79.3582 79.3582 79.3582 79.3582 79.3582 79.3582 79.3582 79.3582 79.3582 79.3582 79.3582 79.3582 79.3582 79.3582 79.3582 79.3582 
1 1 1 1 1 1 1 1 1 1 1 1 1 1 1 1 1 1 1 1 1 1 1 1 1 1 1 1 1 1 1 1 1 1 1 1 1 1 1 1 1 1 1 1 1 1 1 1 
item 3
52.1813 0 0 89.2441 47.8018 0 59.7363 0 38.3081 88.5999 0 93.2492 29.6846 100.004 0 0 0 0 0 88.6125 0 0 72.964 81.7975 50.0903 86.4024 36.0149 0 50.9931 90.2101 0 102.444 0 0 43.7111 0 23.8922 124.818 36.3993 0 0 77.7219 56.7066 0 53.8932 0 0 0 
38.8422 38.8422 38.8422 38.8422 38.8422 38.8422 38.8422 38.8422 38.8422 38.8422 38.8422 38.8422 38.8422 38.8422 38.8422 38.8422 38.8422 38.8422 38.8422 38.8422 38.8422 38.8422 38.8422 38.8422 38.8422 38.8422 38.8422 38.8422 38.8422 38.8422 38.8422 38.8422 38.8422 38.8422 38.8422 38.8422 38.8422 38.8422 38.8422 38.8422 38.8422 38.8422 38.8422 38.8422 38.8422 38.8422 38.8422 38.8422 
1 1 1 1 1 1 1 1 1 1 1 1 1 1 1 1 1 1 1 1 1 1 1 1 1 1 1 1 1 1 1 1 1 1 1 1 1 1 1 1 1 1 1 1 1 1 1 1 
item 4
21.423 0 0 0 0 94.105 55.3871 0 0 0 0 0 0 0 0 0 54.0443 0 0 107.191 45.1113 119.228 0 0 0 63.8502 0 76.9998 0 0 0 0 0 114.774 50.029 98.596 0 93.7007 0 0 54.9745 0 0 129.955 0 74.8141 22.3163 0 
58.8925 58.8925 58.8925 58.8925 58.8925 58.8925 58.8925 58.8925 58.8925 58.8925 58.8925 58.8925 58.8925 58.8925 58.8925 58.8925 58.8925 58.8925 58.8925 58.8925 58.8925 58.8925 58.8925 58.8925 58.8925 58.8925 58.8925 58.8925 58.8925 58.8925 58.8925 58.8925 58.8925 58.8925 58.8925 58.8925 58.8925 58.8925 58.8925 58.8925 58.8925 58.8925 58.8925 58.8925 58.8925 58.8925 58.8925 58.8925 
1 1 1 1 1 1 1 1 1 1 1 1 1 1 1 1 1 1 1 1 1 1 1 1 1 1 1 1 1 1 1 1 1 1 1 1 1 1 1 1 1 1 1 1 1 1 1 1 
