12 5 
-6.27744e+66 75.9716 165.179 165.179 165.179 165.179 165.179 165.179 1050.25 1620.88 1620.88 2115.42 3086.36 
-6.27744e+66 -6.27744e+66 75.9716 75.9716 75.9716 75.9716 75.9716 75.9716 834.608 1333.91 1333.91 1778.99 2661.66 
-6.27744e+66 -6.27744e+66 -6.27744e+66 75.9716 75.9716 75.9716 75.9716 75.9716 708.168 1136.14 1136.14 1531.77 2326.17 
-6.27744e+66 -6.27744e+66 -6.27744e+66 -6.27744e+66 75.9716 75.9716 75.9716 75.9716 581.729 938.371 938.371 1284.55 1990.69 
-6.27744e+66 -6.27744e+66 -6.27744e+66 -6.27744e+66 -6.27744e+66 75.9716 75.9716 75.9716 455.29 740.603 740.603 1037.33 1655.2 
-6.27744e+66 -6.27744e+66 -6.27744e+66 -6.27744e+66 -6.27744e+66 -6.27744e+66 75.9716 75.9716 328.85 542.836 542.836 790.104 1319.71 
-6.27744e+66 -6.27744e+66 -6.27744e+66 -6.27744e+66 -6.27744e+66 -6.27744e+66 -6.27744e+66 75.9716 202.411 345.068 345.068 542.882 984.219 
-6.27744e+66 -6.27744e+66 -6.27744e+66 -6.27744e+66 -6.27744e+66 -6.27744e+66 -6.27744e+66 -6.27744e+66 75.9716 147.3 147.3 295.661 648.731 
-6.27744e+66 -6.27744e+66 -6.27744e+66 -6.27744e+66 -6.27744e+66 -6.27744e+66 -6.27744e+66 -6.27744e+66 -6.27744e+66 75.9716 75.9716 174.879 439.681 
-6.27744e+66 -6.27744e+66 -6.27744e+66 -6.27744e+66 -6.27744e+66 -6.27744e+66 -6.27744e+66 -6.27744e+66 -6.27744e+66 -6.27744e+66 75.9716 125.425 301.96 
-6.27744e+66 -6.27744e+66 -6.27744e+66 -6.27744e+66 -6.27744e+66 -6.27744e+66 -6.27744e+66 -6.27744e+66 -6.27744e+66 -6.27744e+66 -6.27744e+66 75.9716 164.239 
-6.27744e+66 -6.27744e+66 -6.27744e+66 -6.27744e+66 -6.27744e+66 -6.27744e+66 -6.27744e+66 -6.27744e+66 -6.27744e+66 -6.27744e+66 -6.27744e+66 -6.27744e+66 75.9716 
-6.27744e+66 -6.27744e+66 -6.27744e+66 -6.27744e+66 -6.27744e+66 -6.27744e+66 -6.27744e+66 -6.27744e+66 -6.27744e+66 -6.27744e+66 -6.27744e+66 -6.27744e+66 -6.27744e+66 
-6.27744e+66 26.3335 158.773 158.773 158.773 392.233 925.433 1488.97 1488.97 1576.25 2678.08 2678.08 3513.55 
-6.27744e+66 -6.27744e+66 26.3335 26.3335 26.3335 201.429 627.989 1097.6 1097.6 1173.97 2153.38 2153.38 2912.89 
-6.27744e+66 -6.27744e+66 -6.27744e+66 26.3335 26.3335 143.064 462.984 838.673 838.673 904.137 1761.12 1761.12 2444.68 
-6.27744e+66 -6.27744e+66 -6.27744e+66 -6.27744e+66 26.3335 84.6986 297.979 579.745 579.745 634.299 1368.85 1368.85 1976.46 
-6.27744e+66 -6.27744e+66 -6.27744e+66 -6.27744e+66 -6.27744e+66 26.3335 132.974 320.818 320.818 364.461 976.589 976.589 1508.25 
-6.27744e+66 -6.27744e+66 -6.27744e+66 -6.27744e+66 -6.27744e+66 -6.27744e+66 26.3335 120.256 120.256 152.988 642.691 642.691 1098.4 
-6.27744e+66 -6.27744e+66 -6.27744e+66 -6.27744e+66 -6.27744e+66 -6.27744e+66 -6.27744e+66 26.3335 26.3335 48.1548 415.432 415.432 795.189 
-6.27744e+66 -6.27744e+66 -6.27744e+66 -6.27744e+66 -6.27744e+66 -6.27744e+66 -6.27744e+66 -6.27744e+66 26.3335 37.2441 282.096 282.096 585.901 
-6.27744e+66 -6.27744e+66 -6.27744e+66 -6.27744e+66 -6.27744e+66 -6.27744e+66 -6.27744e+66 -6.27744e+66 -6.27744e+66 26.3335 148.759 148.759 376.613 
-6.27744e+66 -6.27744e+66 -6.27744e+66 -6.27744e+66 -6.27744e+66 -6.27744e+66 -6.27744e+66 -6.27744e+66 -6.27744e+66 -6.27744e+66 26.3335 26.3335 178.236 
-6.27744e+66 -6.27744e+66 -6.27744e+66 -6.27744e+66 -6.27744e+66 -6.27744e+66 -6.27744e+66 -6.27744e+66 -6.27744e+66 -6.27744e+66 -6.27744e+66 26.3335 102.285 
-6.27744e+66 -6.27744e+66 -6.27744e+66 -6.27744e+66 -6.27744e+66 -6.27744e+66 -6.27744e+66 -6.27744e+66 -6.27744e+66 -6.27744e+66 -6.27744e+66 -6.27744e+66 26.3335 
-6.27744e+66 -6.27744e+66 -6.27744e+66 -6.27744e+66 -6.27744e+66 -6.27744e+66 -6.27744e+66 -6.27744e+66 -6.27744e+66 -6.27744e+66 -6.27744e+66 -6.27744e+66 -6.27744e+66 
-6.27744e+66 68.8416 68.8416 68.8416 407.697 407.697 966.255 966.255 1742.76 1742.76 2769.41 2769.41 2769.41 
-6.27744e+66 -6.27744e+66 68.8416 68.8416 294.745 294.745 741.592 741.592 1407.17 1407.17 2319.74 2319.74 2319.74 
-6.27744e+66 -6.27744e+66 -6.27744e+66 68.8416 181.793 181.793 516.928 516.928 1071.57 1071.57 1870.08 1870.08 1870.08 
-6.27744e+66 -6.27744e+66 -6.27744e+66 -6.27744e+66 68.8416 68.8416 292.265 292.265 735.982 735.982 1420.41 1420.41 1420.41 
-6.27744e+66 -6.27744e+66 -6.27744e+66 -6.27744e+66 -6.27744e+66 68.8416 180.553 180.553 513.341 513.341 1083.7 1083.7 1083.7 
-6.27744e+66 -6.27744e+66 -6.27744e+66 -6.27744e+66 -6.27744e+66 -6.27744e+66 68.8416 68.8416 290.7 290.7 746.989 746.989 746.989 
-6.27744e+66 -6.27744e+66 -6.27744e+66 -6.27744e+66 -6.27744e+66 -6.27744e+66 -6.27744e+66 68.8416 179.771 179.771 521.987 521.987 521.987 
-6.27744e+66 -6.27744e+66 -6.27744e+66 -6.27744e+66 -6.27744e+66 -6.27744e+66 -6.27744e+66 -6.27744e+66 68.8416 68.8416 296.986 296.986 296.986 
-6.27744e+66 -6.27744e+66 -6.27744e+66 -6.27744e+66 -6.27744e+66 -6.27744e+66 -6.27744e+66 -6.27744e+66 -6.27744e+66 68.8416 182.914 182.914 182.914 
-6.27744e+66 -6.27744e+66 -6.27744e+66 -6.27744e+66 -6.27744e+66 -6.27744e+66 -6.27744e+66 -6.27744e+66 -6.27744e+66 -6.27744e+66 68.8416 68.8416 68.8416 
-6.27744e+66 -6.27744e+66 -6.27744e+66 -6.27744e+66 -6.27744e+66 -6.27744e+66 -6.27744e+66 -6.27744e+66 -6.27744e+66 -6.27744e+66 -6.27744e+66 68.8416 68.8416 
-6.27744e+66 -6.27744e+66 -6.27744e+66 -6.27744e+66 -6.27744e+66 -6.27744e+66 -6.27744e+66 -6.27744e+66 -6.27744e+66 -6.27744e+66 -6.27744e+66 -6.27744e+66 68.8416 
-6.27744e+66 -6.27744e+66 -6.27744e+66 -6.27744e+66 -6.27744e+66 -6.27744e+66 -6.27744e+66 -6.27744e+66 -6.27744e+66 -6.27744e+66 -6.27744e+66 -6.27744e+66 -6.27744e+66 
-6.27744e+66 44.3683 44.3683 166.979 166.979 421.271 834.679 834.679 1466.52 1466.52 2362.77 2362.77 3517.2 
-6.27744e+66 -6.27744e+66 44.3683 105.674 105.674 296.393 627.119 627.119 1168.69 1168.69 1965.37 1965.37 3014.85 
-6.27744e+66 -6.27744e+66 -6.27744e+66 44.3683 44.3683 171.514 419.559 419.559 870.87 870.87 1567.96 1567.96 2512.49 
-6.27744e+66 -6.27744e+66 -6.27744e+66 -6.27744e+66 44.3683 107.941 273.305 273.305 634.354 634.354 1231.86 1231.86 2071.44 
-6.27744e+66 -6.27744e+66 -6.27744e+66 -6.27744e+66 -6.27744e+66 44.3683 127.05 127.05 397.837 397.837 895.757 895.757 1630.39 
-6.27744e+66 -6.27744e+66 -6.27744e+66 -6.27744e+66 -6.27744e+66 -6.27744e+66 44.3683 44.3683 224.893 224.893 623.229 623.229 1252.92 
-6.27744e+66 -6.27744e+66 -6.27744e+66 -6.27744e+66 -6.27744e+66 -6.27744e+66 -6.27744e+66 44.3683 134.631 134.631 433.383 433.383 958.124 
-6.27744e+66 -6.27744e+66 -6.27744e+66 -6.27744e+66 -6.27744e+66 -6.27744e+66 -6.27744e+66 -6.27744e+66 44.3683 44.3683 243.536 243.536 663.329 
-6.27744e+66 -6.27744e+66 -6.27744e+66 -6.27744e+66 -6.27744e+66 -6.27744e+66 -6.27744e+66 -6.27744e+66 -6.27744e+66 44.3683 143.952 143.952 458.797 
-6.27744e+66 -6.27744e+66 -6.27744e+66 -6.27744e+66 -6.27744e+66 -6.27744e+66 -6.27744e+66 -6.27744e+66 -6.27744e+66 -6.27744e+66 44.3683 44.3683 254.265 
-6.27744e+66 -6.27744e+66 -6.27744e+66 -6.27744e+66 -6.27744e+66 -6.27744e+66 -6.27744e+66 -6.27744e+66 -6.27744e+66 -6.27744e+66 -6.27744e+66 44.3683 149.316 
-6.27744e+66 -6.27744e+66 -6.27744e+66 -6.27744e+66 -6.27744e+66 -6.27744e+66 -6.27744e+66 -6.27744e+66 -6.27744e+66 -6.27744e+66 -6.27744e+66 -6.27744e+66 44.3683 
-6.27744e+66 -6.27744e+66 -6.27744e+66 -6.27744e+66 -6.27744e+66 -6.27744e+66 -6.27744e+66 -6.27744e+66 -6.27744e+66 -6.27744e+66 -6.27744e+66 -6.27744e+66 -6.27744e+66 
-6.27744e+66 46.7385 46.7385 46.7385 408.781 629.912 629.912 924.42 924.42 924.42 1965.13 2473.36 3033.25 
-6.27744e+66 -6.27744e+66 46.7385 46.7385 288.1 453.948 453.948 699.372 699.372 699.372 1624.45 2081.86 2590.85 
-6.27744e+66 -6.27744e+66 -6.27744e+66 46.7385 167.419 277.985 277.985 474.324 474.324 474.324 1283.76 1690.35 2148.44 
-6.27744e+66 -6.27744e+66 -6.27744e+66 -6.27744e+66 46.7385 102.021 102.021 249.275 249.275 249.275 943.081 1298.85 1706.04 
-6.27744e+66 -6.27744e+66 -6.27744e+66 -6.27744e+66 -6.27744e+66 46.7385 46.7385 144.908 144.908 144.908 723.08 1028.02 1384.31 
-6.27744e+66 -6.27744e+66 -6.27744e+66 -6.27744e+66 -6.27744e+66 -6.27744e+66 46.7385 95.8233 95.8233 95.8233 558.36 812.478 1117.87 
-6.27744e+66 -6.27744e+66 -6.27744e+66 -6.27744e+66 -6.27744e+66 -6.27744e+66 -6.27744e+66 46.7385 46.7385 46.7385 393.641 596.936 851.431 
-6.27744e+66 -6.27744e+66 -6.27744e+66 -6.27744e+66 -6.27744e+66 -6.27744e+66 -6.27744e+66 -6.27744e+66 46.7385 46.7385 278.007 430.478 634.074 
-6.27744e+66 -6.27744e+66 -6.27744e+66 -6.27744e+66 -6.27744e+66 -6.27744e+66 -6.27744e+66 -6.27744e+66 -6.27744e+66 46.7385 162.373 264.02 416.717 
-6.27744e+66 -6.27744e+66 -6.27744e+66 -6.27744e+66 -6.27744e+66 -6.27744e+66 -6.27744e+66 -6.27744e+66 -6.27744e+66 -6.27744e+66 46.7385 97.5621 199.36 
-6.27744e+66 -6.27744e+66 -6.27744e+66 -6.27744e+66 -6.27744e+66 -6.27744e+66 -6.27744e+66 -6.27744e+66 -6.27744e+66 -6.27744e+66 -6.27744e+66 46.7385 97.6376 
-6.27744e+66 -6.27744e+66 -6.27744e+66 -6.27744e+66 -6.27744e+66 -6.27744e+66 -6.27744e+66 -6.27744e+66 -6.27744e+66 -6.27744e+66 -6.27744e+66 -6.27744e+66 46.7385 
-6.27744e+66 -6.27744e+66 -6.27744e+66 -6.27744e+66 -6.27744e+66 -6.27744e+66 -6.27744e+66 -6.27744e+66 -6.27744e+66 -6.27744e+66 -6.27744e+66 -6.27744e+66 -6.27744e+66 
