18 5 
-6.27744e+66 55.5809 153.715 268.529 562.479 871.771 1500.33 1794.19 2301.47 2355.32 3201.22 3708.99 4775.8 5414.15 6531.15 7306.77 9123.79 10085.5 11490.1 
-6.27744e+66 -6.27744e+66 55.5809 112.988 308.955 540.923 1043.77 1288.65 1723.47 1770.58 2522.49 2979.49 3949.31 4534.47 5565.55 6285.77 7981.65 8883.27 10205.2 
-6.27744e+66 -6.27744e+66 -6.27744e+66 55.5809 153.564 308.21 685.344 881.249 1243.6 1283.98 1941.9 2348.12 3220.96 3752.92 4698.08 5362.9 6937.65 7779.15 9018.49 
-6.27744e+66 -6.27744e+66 -6.27744e+66 -6.27744e+66 55.5809 132.904 384.326 531.255 821.133 854.787 1418.72 1774.16 2550.02 3028.78 3888.02 4497.43 5951.05 6732.45 7889.17 
-6.27744e+66 -6.27744e+66 -6.27744e+66 -6.27744e+66 -6.27744e+66 55.5809 181.292 279.245 496.653 523.576 993.52 1298.18 1977.06 2402.63 3175.94 3729.95 5062.43 5783.72 6857.82 
-6.27744e+66 -6.27744e+66 -6.27744e+66 -6.27744e+66 -6.27744e+66 -6.27744e+66 55.5809 104.557 249.496 269.688 645.643 899.53 1481.43 1853.8 2541.18 3039.8 4251.14 4912.33 5903.8 
-6.27744e+66 -6.27744e+66 -6.27744e+66 -6.27744e+66 -6.27744e+66 -6.27744e+66 -6.27744e+66 55.5809 128.05 141.512 423.478 626.587 1111.5 1430.68 2032.14 2475.35 3565.56 4166.64 5075.49 
-6.27744e+66 -6.27744e+66 -6.27744e+66 -6.27744e+66 -6.27744e+66 -6.27744e+66 -6.27744e+66 -6.27744e+66 55.5809 62.3116 250.289 402.621 790.551 1056.53 1572.07 1959.88 2928.96 3469.93 4296.15 
-6.27744e+66 -6.27744e+66 -6.27744e+66 -6.27744e+66 -6.27744e+66 -6.27744e+66 -6.27744e+66 -6.27744e+66 -6.27744e+66 55.5809 149.57 251.124 542.072 754.856 1184.47 1516.88 2364.82 2845.68 3589.29 
-6.27744e+66 -6.27744e+66 -6.27744e+66 -6.27744e+66 -6.27744e+66 -6.27744e+66 -6.27744e+66 -6.27744e+66 -6.27744e+66 -6.27744e+66 55.5809 106.358 300.323 459.911 803.604 1080.61 1807.42 2228.17 2889.15 
-6.27744e+66 -6.27744e+66 -6.27744e+66 -6.27744e+66 -6.27744e+66 -6.27744e+66 -6.27744e+66 -6.27744e+66 -6.27744e+66 -6.27744e+66 -6.27744e+66 55.5809 152.563 258.955 516.725 738.331 1344 1704.65 2283.01 
-6.27744e+66 -6.27744e+66 -6.27744e+66 -6.27744e+66 -6.27744e+66 -6.27744e+66 -6.27744e+66 -6.27744e+66 -6.27744e+66 -6.27744e+66 -6.27744e+66 -6.27744e+66 55.5809 108.777 280.623 446.828 931.366 1231.9 1727.64 
-6.27744e+66 -6.27744e+66 -6.27744e+66 -6.27744e+66 -6.27744e+66 -6.27744e+66 -6.27744e+66 -6.27744e+66 -6.27744e+66 -6.27744e+66 -6.27744e+66 -6.27744e+66 -6.27744e+66 55.5809 141.504 252.307 615.711 856.141 1269.26 
-6.27744e+66 -6.27744e+66 -6.27744e+66 -6.27744e+66 -6.27744e+66 -6.27744e+66 -6.27744e+66 -6.27744e+66 -6.27744e+66 -6.27744e+66 -6.27744e+66 -6.27744e+66 -6.27744e+66 -6.27744e+66 55.5809 110.982 353.252 533.574 864.065 
-6.27744e+66 -6.27744e+66 -6.27744e+66 -6.27744e+66 -6.27744e+66 -6.27744e+66 -6.27744e+66 -6.27744e+66 -6.27744e+66 -6.27744e+66 -6.27744e+66 -6.27744e+66 -6.27744e+66 -6.27744e+66 -6.27744e+66 55.5809 176.715 296.931 544.799 
-6.27744e+66 -6.27744e+66 -6.27744e+66 -6.27744e+66 -6.27744e+66 -6.27744e+66 -6.27744e+66 -6.27744e+66 -6.27744e+66 -6.27744e+66 -6.27744e+66 -6.27744e+66 -6.27744e+66 -6.27744e+66 -6.27744e+66 -6.27744e+66 55.5809 115.688 280.934 
-6.27744e+66 -6.27744e+66 -6.27744e+66 -6.27744e+66 -6.27744e+66 -6.27744e+66 -6.27744e+66 -6.27744e+66 -6.27744e+66 -6.27744e+66 -6.27744e+66 -6.27744e+66 -6.27744e+66 -6.27744e+66 -6.27744e+66 -6.27744e+66 -6.27744e+66 55.5809 138.204 
-6.27744e+66 -6.27744e+66 -6.27744e+66 -6.27744e+66 -6.27744e+66 -6.27744e+66 -6.27744e+66 -6.27744e+66 -6.27744e+66 -6.27744e+66 -6.27744e+66 -6.27744e+66 -6.27744e+66 -6.27744e+66 -6.27744e+66 -6.27744e+66 -6.27744e+66 -6.27744e+66 55.5809 
-6.27744e+66 -6.27744e+66 -6.27744e+66 -6.27744e+66 -6.27744e+66 -6.27744e+66 -6.27744e+66 -6.27744e+66 -6.27744e+66 -6.27744e+66 -6.27744e+66 -6.27744e+66 -6.27744e+66 -6.27744e+66 -6.27744e+66 -6.27744e+66 -6.27744e+66 -6.27744e+66 -6.27744e+66 
-6.27744e+66 57.484 184.528 287.487 583.226 885.346 1420.85 1621.62 2251.56 2595.85 3245.71 3791.77 5094.26 5920.44 7757.45 8788.77 10352.3 11377 13115.2 
-6.27744e+66 -6.27744e+66 57.484 108.963 306.123 532.713 961.112 1128.42 1668.37 1969.63 2547.28 3038.74 4222.82 4980.15 6675.85 7633.5 9092.84 10053.5 11689.4 
-6.27744e+66 -6.27744e+66 -6.27744e+66 57.484 156.064 307.124 628.423 762.272 1212.23 1470.45 1975.89 2412.75 3478.42 4166.9 5721.29 6605.28 7960.38 8856.99 10390.7 
-6.27744e+66 -6.27744e+66 -6.27744e+66 -6.27744e+66 57.484 133.014 347.214 447.6 807.566 1022.75 1455.99 1838.23 2785.5 3405.13 4818.22 5628.54 6879.4 7711.96 9143.4 
-6.27744e+66 -6.27744e+66 -6.27744e+66 -6.27744e+66 -6.27744e+66 57.484 164.584 231.508 501.482 673.628 1034.66 1362.3 2191.16 2741.94 4013.72 4750.37 5897 6665.52 7994.71 
-6.27744e+66 -6.27744e+66 -6.27744e+66 -6.27744e+66 -6.27744e+66 -6.27744e+66 57.484 90.9462 270.929 400.038 688.863 961.897 1672.35 2154.28 3284.75 3947.74 4990.13 5694.6 6921.55 
-6.27744e+66 -6.27744e+66 -6.27744e+66 -6.27744e+66 -6.27744e+66 -6.27744e+66 -6.27744e+66 57.484 147.475 233.548 450.167 668.594 1260.63 1673.73 2662.88 3252.21 4190.35 4830.79 5955.49 
-6.27744e+66 -6.27744e+66 -6.27744e+66 -6.27744e+66 -6.27744e+66 -6.27744e+66 -6.27744e+66 -6.27744e+66 57.484 100.521 244.933 408.753 882.386 1226.63 2074.48 2590.14 3424.04 4000.43 5022.89 
-6.27744e+66 -6.27744e+66 -6.27744e+66 -6.27744e+66 -6.27744e+66 -6.27744e+66 -6.27744e+66 -6.27744e+66 -6.27744e+66 57.484 129.69 238.904 594.128 869.522 1576.06 2018.06 2747.73 3260.07 4180.28 
-6.27744e+66 -6.27744e+66 -6.27744e+66 -6.27744e+66 -6.27744e+66 -6.27744e+66 -6.27744e+66 -6.27744e+66 -6.27744e+66 -6.27744e+66 57.484 112.091 348.907 555.452 1120.69 1489.01 2114.44 2562.75 3380.71 
-6.27744e+66 -6.27744e+66 -6.27744e+66 -6.27744e+66 -6.27744e+66 -6.27744e+66 -6.27744e+66 -6.27744e+66 -6.27744e+66 -6.27744e+66 -6.27744e+66 57.484 175.892 313.589 737.514 1032.18 1553.37 1937.63 2653.35 
-6.27744e+66 -6.27744e+66 -6.27744e+66 -6.27744e+66 -6.27744e+66 -6.27744e+66 -6.27744e+66 -6.27744e+66 -6.27744e+66 -6.27744e+66 -6.27744e+66 -6.27744e+66 57.484 126.332 408.949 629.945 1046.9 1367.12 1980.59 
-6.27744e+66 -6.27744e+66 -6.27744e+66 -6.27744e+66 -6.27744e+66 -6.27744e+66 -6.27744e+66 -6.27744e+66 -6.27744e+66 -6.27744e+66 -6.27744e+66 -6.27744e+66 -6.27744e+66 57.484 198.792 346.123 658.839 915.012 1426.24 
-6.27744e+66 -6.27744e+66 -6.27744e+66 -6.27744e+66 -6.27744e+66 -6.27744e+66 -6.27744e+66 -6.27744e+66 -6.27744e+66 -6.27744e+66 -6.27744e+66 -6.27744e+66 -6.27744e+66 -6.27744e+66 57.484 131.149 339.627 531.756 940.739 
-6.27744e+66 -6.27744e+66 -6.27744e+66 -6.27744e+66 -6.27744e+66 -6.27744e+66 -6.27744e+66 -6.27744e+66 -6.27744e+66 -6.27744e+66 -6.27744e+66 -6.27744e+66 -6.27744e+66 -6.27744e+66 -6.27744e+66 57.484 161.723 289.809 596.546 
-6.27744e+66 -6.27744e+66 -6.27744e+66 -6.27744e+66 -6.27744e+66 -6.27744e+66 -6.27744e+66 -6.27744e+66 -6.27744e+66 -6.27744e+66 -6.27744e+66 -6.27744e+66 -6.27744e+66 -6.27744e+66 -6.27744e+66 -6.27744e+66 57.484 121.527 326.019 
-6.27744e+66 -6.27744e+66 -6.27744e+66 -6.27744e+66 -6.27744e+66 -6.27744e+66 -6.27744e+66 -6.27744e+66 -6.27744e+66 -6.27744e+66 -6.27744e+66 -6.27744e+66 -6.27744e+66 -6.27744e+66 -6.27744e+66 -6.27744e+66 -6.27744e+66 57.484 159.73 
-6.27744e+66 -6.27744e+66 -6.27744e+66 -6.27744e+66 -6.27744e+66 -6.27744e+66 -6.27744e+66 -6.27744e+66 -6.27744e+66 -6.27744e+66 -6.27744e+66 -6.27744e+66 -6.27744e+66 -6.27744e+66 -6.27744e+66 -6.27744e+66 -6.27744e+66 -6.27744e+66 57.484 
-6.27744e+66 -6.27744e+66 -6.27744e+66 -6.27744e+66 -6.27744e+66 -6.27744e+66 -6.27744e+66 -6.27744e+66 -6.27744e+66 -6.27744e+66 -6.27744e+66 -6.27744e+66 -6.27744e+66 -6.27744e+66 -6.27744e+66 -6.27744e+66 -6.27744e+66 -6.27744e+66 -6.27744e+66 
-6.27744e+66 46.0796 116.124 191.001 446.153 554.175 961.747 1158.21 1983.72 2263.98 3400.96 3793.01 4682.05 5507.81 6905.69 7390.86 9231.58 10585.1 12029.8 
-6.27744e+66 -6.27744e+66 46.0796 83.5181 253.619 334.636 660.693 824.411 1531.99 1777.22 2787.87 3140.72 3948.93 4705.87 5996.23 6446.74 8164.75 9433.71 10793.4 
-6.27744e+66 -6.27744e+66 -6.27744e+66 46.0796 131.13 185.141 429.684 560.658 1150.31 1360.51 2244.82 2558.46 3285.86 3973.99 5156.82 5572.67 7167.97 8352.33 9627.06 
-6.27744e+66 -6.27744e+66 -6.27744e+66 -6.27744e+66 46.0796 73.0851 236.114 334.344 806.065 981.231 1739.21 2013.65 2660.22 3279.54 4354.84 4736.04 6208.62 7308.38 8498.13 
-6.27744e+66 -6.27744e+66 -6.27744e+66 -6.27744e+66 -6.27744e+66 46.0796 127.594 193.081 546.872 687.004 1318.66 1553.89 2119.64 2670.14 3637.91 3984.46 5334.32 6349.49 7454.26 
-6.27744e+66 -6.27744e+66 -6.27744e+66 -6.27744e+66 -6.27744e+66 -6.27744e+66 46.0796 78.8231 314.684 419.783 925.106 1121.13 1606.06 2087.75 2947.99 3259.88 4487.03 5417.6 6437.39 
-6.27744e+66 -6.27744e+66 -6.27744e+66 -6.27744e+66 -6.27744e+66 -6.27744e+66 -6.27744e+66 46.0796 164.01 234.076 613.068 769.889 1174 1586.87 2339.58 2616.82 3721.25 4567.23 5502.03 
-6.27744e+66 -6.27744e+66 -6.27744e+66 -6.27744e+66 -6.27744e+66 -6.27744e+66 -6.27744e+66 -6.27744e+66 46.0796 81.1127 333.774 451.39 774.676 1118.74 1763.92 2006.5 2988.22 3749.6 4599.42 
-6.27744e+66 -6.27744e+66 -6.27744e+66 -6.27744e+66 -6.27744e+66 -6.27744e+66 -6.27744e+66 -6.27744e+66 -6.27744e+66 46.0796 172.41 250.821 493.285 768.537 1306.19 1514.11 2373.12 3049.9 3814.74 
-6.27744e+66 -6.27744e+66 -6.27744e+66 -6.27744e+66 -6.27744e+66 -6.27744e+66 -6.27744e+66 -6.27744e+66 -6.27744e+66 -6.27744e+66 46.0796 85.2848 246.928 453.367 883.486 1056.76 1793.05 2385.23 3065.09 
-6.27744e+66 -6.27744e+66 -6.27744e+66 -6.27744e+66 -6.27744e+66 -6.27744e+66 -6.27744e+66 -6.27744e+66 -6.27744e+66 -6.27744e+66 -6.27744e+66 46.0796 126.901 264.527 587.116 725.734 1339.31 1846.89 2441.77 
-6.27744e+66 -6.27744e+66 -6.27744e+66 -6.27744e+66 -6.27744e+66 -6.27744e+66 -6.27744e+66 -6.27744e+66 -6.27744e+66 -6.27744e+66 -6.27744e+66 -6.27744e+66 46.0796 114.893 329.952 433.916 924.776 1347.76 1857.66 
-6.27744e+66 -6.27744e+66 -6.27744e+66 -6.27744e+66 -6.27744e+66 -6.27744e+66 -6.27744e+66 -6.27744e+66 -6.27744e+66 -6.27744e+66 -6.27744e+66 -6.27744e+66 -6.27744e+66 46.0796 153.609 222.918 591.064 929.453 1354.36 
-6.27744e+66 -6.27744e+66 -6.27744e+66 -6.27744e+66 -6.27744e+66 -6.27744e+66 -6.27744e+66 -6.27744e+66 -6.27744e+66 -6.27744e+66 -6.27744e+66 -6.27744e+66 -6.27744e+66 -6.27744e+66 46.0796 80.7341 326.164 579.956 919.885 
-6.27744e+66 -6.27744e+66 -6.27744e+66 -6.27744e+66 -6.27744e+66 -6.27744e+66 -6.27744e+66 -6.27744e+66 -6.27744e+66 -6.27744e+66 -6.27744e+66 -6.27744e+66 -6.27744e+66 -6.27744e+66 -6.27744e+66 46.0796 168.795 337.989 592.936 
-6.27744e+66 -6.27744e+66 -6.27744e+66 -6.27744e+66 -6.27744e+66 -6.27744e+66 -6.27744e+66 -6.27744e+66 -6.27744e+66 -6.27744e+66 -6.27744e+66 -6.27744e+66 -6.27744e+66 -6.27744e+66 -6.27744e+66 -6.27744e+66 46.0796 130.677 300.641 
-6.27744e+66 -6.27744e+66 -6.27744e+66 -6.27744e+66 -6.27744e+66 -6.27744e+66 -6.27744e+66 -6.27744e+66 -6.27744e+66 -6.27744e+66 -6.27744e+66 -6.27744e+66 -6.27744e+66 -6.27744e+66 -6.27744e+66 -6.27744e+66 -6.27744e+66 46.0796 131.062 
-6.27744e+66 -6.27744e+66 -6.27744e+66 -6.27744e+66 -6.27744e+66 -6.27744e+66 -6.27744e+66 -6.27744e+66 -6.27744e+66 -6.27744e+66 -6.27744e+66 -6.27744e+66 -6.27744e+66 -6.27744e+66 -6.27744e+66 -6.27744e+66 -6.27744e+66 -6.27744e+66 46.0796 
-6.27744e+66 -6.27744e+66 -6.27744e+66 -6.27744e+66 -6.27744e+66 -6.27744e+66 -6.27744e+66 -6.27744e+66 -6.27744e+66 -6.27744e+66 -6.27744e+66 -6.27744e+66 -6.27744e+66 -6.27744e+66 -6.27744e+66 -6.27744e+66 -6.27744e+66 -6.27744e+66 -6.27744e+66 
-6.27744e+66 79.6785 181.768 253.454 570.473 847.316 1346.86 1804.75 2410.01 2857.03 3710.27 4506.89 5567.63 6338.2 7792.46 8829.36 10233.6 11182.6 12948.3 
-6.27744e+66 -6.27744e+66 79.6785 115.521 326.868 534.5 934.135 1315.71 1834.5 2225.65 2984.08 3701.04 4665.35 5371.71 6714.1 7676.93 8987.55 9877.28 11539.1 
-6.27744e+66 -6.27744e+66 -6.27744e+66 79.6785 185.352 323.773 623.499 928.761 1361.09 1696.35 2359.98 2997.28 3865.16 4507.3 5737.83 6626.6 7843.6 8674.02 10232 
-6.27744e+66 -6.27744e+66 -6.27744e+66 -6.27744e+66 79.6785 148.889 348.707 577.653 923.514 1202.9 1771.73 2329.36 3100.81 3678.74 4797.4 5612.1 6735.49 7506.59 8960.67 
-6.27744e+66 -6.27744e+66 -6.27744e+66 -6.27744e+66 -6.27744e+66 79.6785 179.587 332.218 591.614 815.124 1289.15 1767.12 2442.13 2955.85 3962.64 4703.28 5733.05 6444.84 7795.06 
-6.27744e+66 -6.27744e+66 -6.27744e+66 -6.27744e+66 -6.27744e+66 -6.27744e+66 79.6785 155.994 328.924 496.557 875.774 1274.08 1852.67 2302.17 3197.1 3863.67 4799.83 5452.3 6698.66 
-6.27744e+66 -6.27744e+66 -6.27744e+66 -6.27744e+66 -6.27744e+66 -6.27744e+66 -6.27744e+66 79.6785 166.144 277.899 562.312 880.96 1363.11 1748.4 2531.46 3123.97 3966.52 4559.67 5702.16 
-6.27744e+66 -6.27744e+66 -6.27744e+66 -6.27744e+66 -6.27744e+66 -6.27744e+66 -6.27744e+66 -6.27744e+66 79.6785 135.556 325.165 564.151 949.875 1270.95 1942.14 2460.59 3209.52 3743.36 4781.98 
-6.27744e+66 -6.27744e+66 -6.27744e+66 -6.27744e+66 -6.27744e+66 -6.27744e+66 -6.27744e+66 -6.27744e+66 -6.27744e+66 79.6785 174.483 333.807 623.1 879.958 1439.29 1883.67 2538.98 3013.51 3948.27 
-6.27744e+66 -6.27744e+66 -6.27744e+66 -6.27744e+66 -6.27744e+66 -6.27744e+66 -6.27744e+66 -6.27744e+66 -6.27744e+66 -6.27744e+66 79.6785 159.34 352.203 544.846 992.309 1362.63 1924.32 2339.53 3170.44 
-6.27744e+66 -6.27744e+66 -6.27744e+66 -6.27744e+66 -6.27744e+66 -6.27744e+66 -6.27744e+66 -6.27744e+66 -6.27744e+66 -6.27744e+66 -6.27744e+66 79.6785 176.11 304.538 640.136 936.392 1404.47 1760.36 2487.4 
-6.27744e+66 -6.27744e+66 -6.27744e+66 -6.27744e+66 -6.27744e+66 -6.27744e+66 -6.27744e+66 -6.27744e+66 -6.27744e+66 -6.27744e+66 -6.27744e+66 -6.27744e+66 79.6785 143.893 367.624 589.817 964.279 1260.86 1884.03 
-6.27744e+66 -6.27744e+66 -6.27744e+66 -6.27744e+66 -6.27744e+66 -6.27744e+66 -6.27744e+66 -6.27744e+66 -6.27744e+66 -6.27744e+66 -6.27744e+66 -6.27744e+66 -6.27744e+66 79.6785 191.544 339.673 620.519 857.782 1377.1 
-6.27744e+66 -6.27744e+66 -6.27744e+66 -6.27744e+66 -6.27744e+66 -6.27744e+66 -6.27744e+66 -6.27744e+66 -6.27744e+66 -6.27744e+66 -6.27744e+66 -6.27744e+66 -6.27744e+66 -6.27744e+66 79.6785 153.743 340.974 518.921 934.372 
-6.27744e+66 -6.27744e+66 -6.27744e+66 -6.27744e+66 -6.27744e+66 -6.27744e+66 -6.27744e+66 -6.27744e+66 -6.27744e+66 -6.27744e+66 -6.27744e+66 -6.27744e+66 -6.27744e+66 -6.27744e+66 -6.27744e+66 79.6785 173.294 291.925 603.514 
-6.27744e+66 -6.27744e+66 -6.27744e+66 -6.27744e+66 -6.27744e+66 -6.27744e+66 -6.27744e+66 -6.27744e+66 -6.27744e+66 -6.27744e+66 -6.27744e+66 -6.27744e+66 -6.27744e+66 -6.27744e+66 -6.27744e+66 -6.27744e+66 79.6785 138.994 346.72 
-6.27744e+66 -6.27744e+66 -6.27744e+66 -6.27744e+66 -6.27744e+66 -6.27744e+66 -6.27744e+66 -6.27744e+66 -6.27744e+66 -6.27744e+66 -6.27744e+66 -6.27744e+66 -6.27744e+66 -6.27744e+66 -6.27744e+66 -6.27744e+66 -6.27744e+66 79.6785 183.541 
-6.27744e+66 -6.27744e+66 -6.27744e+66 -6.27744e+66 -6.27744e+66 -6.27744e+66 -6.27744e+66 -6.27744e+66 -6.27744e+66 -6.27744e+66 -6.27744e+66 -6.27744e+66 -6.27744e+66 -6.27744e+66 -6.27744e+66 -6.27744e+66 -6.27744e+66 -6.27744e+66 79.6785 
-6.27744e+66 -6.27744e+66 -6.27744e+66 -6.27744e+66 -6.27744e+66 -6.27744e+66 -6.27744e+66 -6.27744e+66 -6.27744e+66 -6.27744e+66 -6.27744e+66 -6.27744e+66 -6.27744e+66 -6.27744e+66 -6.27744e+66 -6.27744e+66 -6.27744e+66 -6.27744e+66 -6.27744e+66 
-6.27744e+66 33.2546 131.532 236.235 540.896 778.249 1350.3 1700.36 2404.08 2613.37 3575.53 3957.81 5149.23 5719.95 6886.11 7633.56 8663.37 9858.9 10989.3 
-6.27744e+66 -6.27744e+66 33.2546 85.6058 288.713 466.728 924.373 1216.09 1819.27 2002.4 2857.65 3201.7 4284.82 4807.98 5884.44 6578.5 7539.65 8660.46 9724.4 
-6.27744e+66 -6.27744e+66 -6.27744e+66 33.2546 134.808 253.485 596.718 830.091 1332.74 1489.71 2238.06 2543.88 3518.68 3994.28 4981.04 5621.71 6514.2 7560.3 8557.74 
-6.27744e+66 -6.27744e+66 -6.27744e+66 -6.27744e+66 33.2546 92.5928 321.415 496.445 898.566 1029.37 1670.81 1938.41 2804.9 3232.94 4129.99 4717.27 5541.11 6512.48 7443.43 
-6.27744e+66 -6.27744e+66 -6.27744e+66 -6.27744e+66 -6.27744e+66 33.2546 147.666 264.352 565.943 670.588 1205.12 1434.49 2192.67 2573.15 3380.49 3914.38 4669.57 5566.22 6430.68 
-6.27744e+66 -6.27744e+66 -6.27744e+66 -6.27744e+66 -6.27744e+66 -6.27744e+66 33.2546 91.5978 292.659 371.142 798.769 989.908 1639.78 1972.7 2690.34 3170.84 3857.38 4679.3 5477.26 
-6.27744e+66 -6.27744e+66 -6.27744e+66 -6.27744e+66 -6.27744e+66 -6.27744e+66 -6.27744e+66 33.2546 133.785 186.107 506.828 659.739 1201.3 1486.66 2114.59 2541.7 3159.59 3906.79 4638.26 
-6.27744e+66 -6.27744e+66 -6.27744e+66 -6.27744e+66 -6.27744e+66 -6.27744e+66 -6.27744e+66 -6.27744e+66 33.2546 59.4157 273.229 387.913 821.159 1058.96 1597.19 1970.91 2520.14 3192.63 3857.59 
-6.27744e+66 -6.27744e+66 -6.27744e+66 -6.27744e+66 -6.27744e+66 -6.27744e+66 -6.27744e+66 -6.27744e+66 -6.27744e+66 33.2546 140.161 216.617 541.552 731.792 1180.32 1500.65 1981.23 2578.99 3177.46 
-6.27744e+66 -6.27744e+66 -6.27744e+66 -6.27744e+66 -6.27744e+66 -6.27744e+66 -6.27744e+66 -6.27744e+66 -6.27744e+66 -6.27744e+66 33.2546 71.4824 288.106 430.786 789.605 1056.55 1468.47 1991.52 2523.49 
-6.27744e+66 -6.27744e+66 -6.27744e+66 -6.27744e+66 -6.27744e+66 -6.27744e+66 -6.27744e+66 -6.27744e+66 -6.27744e+66 -6.27744e+66 -6.27744e+66 33.2546 141.566 236.686 505.8 719.357 1062.63 1510.95 1976.43 
-6.27744e+66 -6.27744e+66 -6.27744e+66 -6.27744e+66 -6.27744e+66 -6.27744e+66 -6.27744e+66 -6.27744e+66 -6.27744e+66 -6.27744e+66 -6.27744e+66 -6.27744e+66 33.2546 80.8146 260.224 420.391 695.006 1068.61 1467.59 
-6.27744e+66 -6.27744e+66 -6.27744e+66 -6.27744e+66 -6.27744e+66 -6.27744e+66 -6.27744e+66 -6.27744e+66 -6.27744e+66 -6.27744e+66 -6.27744e+66 -6.27744e+66 -6.27744e+66 33.2546 122.959 229.738 435.699 734.582 1067.06 
-6.27744e+66 -6.27744e+66 -6.27744e+66 -6.27744e+66 -6.27744e+66 -6.27744e+66 -6.27744e+66 -6.27744e+66 -6.27744e+66 -6.27744e+66 -6.27744e+66 -6.27744e+66 -6.27744e+66 -6.27744e+66 33.2546 86.6437 223.951 448.114 714.099 
-6.27744e+66 -6.27744e+66 -6.27744e+66 -6.27744e+66 -6.27744e+66 -6.27744e+66 -6.27744e+66 -6.27744e+66 -6.27744e+66 -6.27744e+66 -6.27744e+66 -6.27744e+66 -6.27744e+66 -6.27744e+66 -6.27744e+66 33.2546 101.908 251.35 450.839 
-6.27744e+66 -6.27744e+66 -6.27744e+66 -6.27744e+66 -6.27744e+66 -6.27744e+66 -6.27744e+66 -6.27744e+66 -6.27744e+66 -6.27744e+66 -6.27744e+66 -6.27744e+66 -6.27744e+66 -6.27744e+66 -6.27744e+66 -6.27744e+66 33.2546 107.975 240.968 
-6.27744e+66 -6.27744e+66 -6.27744e+66 -6.27744e+66 -6.27744e+66 -6.27744e+66 -6.27744e+66 -6.27744e+66 -6.27744e+66 -6.27744e+66 -6.27744e+66 -6.27744e+66 -6.27744e+66 -6.27744e+66 -6.27744e+66 -6.27744e+66 -6.27744e+66 33.2546 99.7511 
-6.27744e+66 -6.27744e+66 -6.27744e+66 -6.27744e+66 -6.27744e+66 -6.27744e+66 -6.27744e+66 -6.27744e+66 -6.27744e+66 -6.27744e+66 -6.27744e+66 -6.27744e+66 -6.27744e+66 -6.27744e+66 -6.27744e+66 -6.27744e+66 -6.27744e+66 -6.27744e+66 33.2546 
-6.27744e+66 -6.27744e+66 -6.27744e+66 -6.27744e+66 -6.27744e+66 -6.27744e+66 -6.27744e+66 -6.27744e+66 -6.27744e+66 -6.27744e+66 -6.27744e+66 -6.27744e+66 -6.27744e+66 -6.27744e+66 -6.27744e+66 -6.27744e+66 -6.27744e+66 -6.27744e+66 -6.27744e+66 
