6 10 
37.3832 37.3832 37.3832 37.3832 37.3832 37.3832 
item 0
25.7458 102.694 0 0 0 0 
60.5124 60.5124 60.5124 60.5124 60.5124 60.5124 
1 1 1 1 1 1 
item 1
21.5563 100.653 0 0 0 0 
22.6963 22.6963 22.6963 22.6963 22.6963 22.6963 
1 1 1 1 1 1 
item 2
1 108.634 99.9558 98.7107 19.8413 0 
50.9053 50.9053 50.9053 50.9053 50.9053 50.9053 
1 1 1 1 1 1 
item 3
72.2177 0 24.0938 0 0 122.107 
44.1134 44.1134 44.1134 44.1134 44.1134 44.1134 
1 1 1 1 1 1 
item 4
54.6429 94.9515 0 75.7103 86.4173 0 
41.4818 41.4818 41.4818 41.4818 41.4818 41.4818 
1 1 1 1 1 1 
item 5
57.5834 0 81.548 90.5135 0 91.4279 
58.0551 58.0551 58.0551 58.0551 58.0551 58.0551 
1 1 1 1 1 1 
item 6
89.7172 0 42.5482 87.0201 0 107.845 
52.7112 52.7112 52.7112 52.7112 52.7112 52.7112 
1 1 1 1 1 1 
item 7
19.2758 0 49.1664 0 23.0368 0 
86.2886 86.2886 86.2886 86.2886 86.2886 86.2886 
1 1 1 1 1 1 
item 8
96.3326 0 0 0 49.3192 0 
36.5117 36.5117 36.5117 36.5117 36.5117 36.5117 
1 1 1 1 1 1 
item 9
58.9796 73.8874 0 105.968 0 0 
81.1065 81.1065 81.1065 81.1065 81.1065 81.1065 
1 1 1 1 1 1 
