6 40 
-6.27744e+66 32.2209 32.2209 32.2209 363.731 363.731 363.731 
-6.27744e+66 -6.27744e+66 32.2209 32.2209 253.228 253.228 253.228 
-6.27744e+66 -6.27744e+66 -6.27744e+66 32.2209 142.724 142.724 142.724 
-6.27744e+66 -6.27744e+66 -6.27744e+66 -6.27744e+66 32.2209 32.2209 32.2209 
-6.27744e+66 -6.27744e+66 -6.27744e+66 -6.27744e+66 -6.27744e+66 32.2209 32.2209 
-6.27744e+66 -6.27744e+66 -6.27744e+66 -6.27744e+66 -6.27744e+66 -6.27744e+66 32.2209 
-6.27744e+66 -6.27744e+66 -6.27744e+66 -6.27744e+66 -6.27744e+66 -6.27744e+66 -6.27744e+66 
-6.27744e+66 67.5722 136.538 183.751 534.987 732.375 732.375 
-6.27744e+66 -6.27744e+66 67.5722 91.1787 325.336 473.377 473.377 
-6.27744e+66 -6.27744e+66 -6.27744e+66 67.5722 184.651 283.345 283.345 
-6.27744e+66 -6.27744e+66 -6.27744e+66 -6.27744e+66 67.5722 116.919 116.919 
-6.27744e+66 -6.27744e+66 -6.27744e+66 -6.27744e+66 -6.27744e+66 67.5722 67.5722 
-6.27744e+66 -6.27744e+66 -6.27744e+66 -6.27744e+66 -6.27744e+66 -6.27744e+66 67.5722 
-6.27744e+66 -6.27744e+66 -6.27744e+66 -6.27744e+66 -6.27744e+66 -6.27744e+66 -6.27744e+66 
-6.27744e+66 107.75 107.75 247.964 596.16 596.16 596.16 
-6.27744e+66 -6.27744e+66 107.75 177.857 409.988 409.988 409.988 
-6.27744e+66 -6.27744e+66 -6.27744e+66 107.75 223.815 223.815 223.815 
-6.27744e+66 -6.27744e+66 -6.27744e+66 -6.27744e+66 107.75 107.75 107.75 
-6.27744e+66 -6.27744e+66 -6.27744e+66 -6.27744e+66 -6.27744e+66 107.75 107.75 
-6.27744e+66 -6.27744e+66 -6.27744e+66 -6.27744e+66 -6.27744e+66 -6.27744e+66 107.75 
-6.27744e+66 -6.27744e+66 -6.27744e+66 -6.27744e+66 -6.27744e+66 -6.27744e+66 -6.27744e+66 
-6.27744e+66 66.1022 135.147 135.147 389.45 389.45 1113.39 
-6.27744e+66 -6.27744e+66 66.1022 66.1022 235.637 235.637 814.788 
-6.27744e+66 -6.27744e+66 -6.27744e+66 66.1022 150.87 150.87 585.233 
-6.27744e+66 -6.27744e+66 -6.27744e+66 -6.27744e+66 66.1022 66.1022 355.677 
-6.27744e+66 -6.27744e+66 -6.27744e+66 -6.27744e+66 -6.27744e+66 66.1022 210.89 
-6.27744e+66 -6.27744e+66 -6.27744e+66 -6.27744e+66 -6.27744e+66 -6.27744e+66 66.1022 
-6.27744e+66 -6.27744e+66 -6.27744e+66 -6.27744e+66 -6.27744e+66 -6.27744e+66 -6.27744e+66 
-6.27744e+66 39.9837 39.9837 118.18 118.18 118.18 651.369 
-6.27744e+66 -6.27744e+66 39.9837 79.0818 79.0818 79.0818 505.633 
-6.27744e+66 -6.27744e+66 -6.27744e+66 39.9837 39.9837 39.9837 359.897 
-6.27744e+66 -6.27744e+66 -6.27744e+66 -6.27744e+66 39.9837 39.9837 253.259 
-6.27744e+66 -6.27744e+66 -6.27744e+66 -6.27744e+66 -6.27744e+66 39.9837 146.621 
-6.27744e+66 -6.27744e+66 -6.27744e+66 -6.27744e+66 -6.27744e+66 -6.27744e+66 39.9837 
-6.27744e+66 -6.27744e+66 -6.27744e+66 -6.27744e+66 -6.27744e+66 -6.27744e+66 -6.27744e+66 
-6.27744e+66 24.0463 147.219 306.557 306.557 560.538 560.538 
-6.27744e+66 -6.27744e+66 24.0463 103.715 103.715 294.201 294.201 
-6.27744e+66 -6.27744e+66 -6.27744e+66 24.0463 24.0463 151.037 151.037 
-6.27744e+66 -6.27744e+66 -6.27744e+66 -6.27744e+66 24.0463 87.5416 87.5416 
-6.27744e+66 -6.27744e+66 -6.27744e+66 -6.27744e+66 -6.27744e+66 24.0463 24.0463 
-6.27744e+66 -6.27744e+66 -6.27744e+66 -6.27744e+66 -6.27744e+66 -6.27744e+66 24.0463 
-6.27744e+66 -6.27744e+66 -6.27744e+66 -6.27744e+66 -6.27744e+66 -6.27744e+66 -6.27744e+66 
-6.27744e+66 77.2721 167.059 167.059 167.059 320.435 838.767 
-6.27744e+66 -6.27744e+66 77.2721 77.2721 77.2721 192.304 606.969 
-6.27744e+66 -6.27744e+66 -6.27744e+66 77.2721 77.2721 153.96 464.959 
-6.27744e+66 -6.27744e+66 -6.27744e+66 -6.27744e+66 77.2721 115.616 322.949 
-6.27744e+66 -6.27744e+66 -6.27744e+66 -6.27744e+66 -6.27744e+66 77.2721 180.938 
-6.27744e+66 -6.27744e+66 -6.27744e+66 -6.27744e+66 -6.27744e+66 -6.27744e+66 77.2721 
-6.27744e+66 -6.27744e+66 -6.27744e+66 -6.27744e+66 -6.27744e+66 -6.27744e+66 -6.27744e+66 
-6.27744e+66 48.5583 137.633 246.082 492.791 492.791 999.227 
-6.27744e+66 -6.27744e+66 48.5583 102.783 267.256 267.256 672.404 
-6.27744e+66 -6.27744e+66 -6.27744e+66 48.5583 130.795 130.795 434.656 
-6.27744e+66 -6.27744e+66 -6.27744e+66 -6.27744e+66 48.5583 48.5583 251.133 
-6.27744e+66 -6.27744e+66 -6.27744e+66 -6.27744e+66 -6.27744e+66 48.5583 149.846 
-6.27744e+66 -6.27744e+66 -6.27744e+66 -6.27744e+66 -6.27744e+66 -6.27744e+66 48.5583 
-6.27744e+66 -6.27744e+66 -6.27744e+66 -6.27744e+66 -6.27744e+66 -6.27744e+66 -6.27744e+66 
-6.27744e+66 60.3226 161.412 161.412 416.832 416.832 747.866 
-6.27744e+66 -6.27744e+66 60.3226 60.3226 230.603 230.603 495.43 
-6.27744e+66 -6.27744e+66 -6.27744e+66 60.3226 145.463 145.463 344.083 
-6.27744e+66 -6.27744e+66 -6.27744e+66 -6.27744e+66 60.3226 60.3226 192.736 
-6.27744e+66 -6.27744e+66 -6.27744e+66 -6.27744e+66 -6.27744e+66 60.3226 126.529 
-6.27744e+66 -6.27744e+66 -6.27744e+66 -6.27744e+66 -6.27744e+66 -6.27744e+66 60.3226 
-6.27744e+66 -6.27744e+66 -6.27744e+66 -6.27744e+66 -6.27744e+66 -6.27744e+66 -6.27744e+66 
-6.27744e+66 48.9689 145.808 261.397 261.397 261.397 720.007 
-6.27744e+66 -6.27744e+66 48.9689 106.763 106.763 106.763 473.651 
-6.27744e+66 -6.27744e+66 -6.27744e+66 48.9689 48.9689 48.9689 324.135 
-6.27744e+66 -6.27744e+66 -6.27744e+66 -6.27744e+66 48.9689 48.9689 232.413 
-6.27744e+66 -6.27744e+66 -6.27744e+66 -6.27744e+66 -6.27744e+66 48.9689 140.691 
-6.27744e+66 -6.27744e+66 -6.27744e+66 -6.27744e+66 -6.27744e+66 -6.27744e+66 48.9689 
-6.27744e+66 -6.27744e+66 -6.27744e+66 -6.27744e+66 -6.27744e+66 -6.27744e+66 -6.27744e+66 
-6.27744e+66 73.2002 185.365 185.365 597.669 597.669 1069.68 
-6.27744e+66 -6.27744e+66 73.2002 73.2002 348.07 348.07 725.679 
-6.27744e+66 -6.27744e+66 -6.27744e+66 73.2002 210.635 210.635 493.842 
-6.27744e+66 -6.27744e+66 -6.27744e+66 -6.27744e+66 73.2002 73.2002 262.005 
-6.27744e+66 -6.27744e+66 -6.27744e+66 -6.27744e+66 -6.27744e+66 73.2002 167.602 
-6.27744e+66 -6.27744e+66 -6.27744e+66 -6.27744e+66 -6.27744e+66 -6.27744e+66 73.2002 
-6.27744e+66 -6.27744e+66 -6.27744e+66 -6.27744e+66 -6.27744e+66 -6.27744e+66 -6.27744e+66 
-6.27744e+66 47.7791 47.7791 108.676 435.127 734.429 734.429 
-6.27744e+66 -6.27744e+66 47.7791 78.2278 295.862 520.338 520.338 
-6.27744e+66 -6.27744e+66 -6.27744e+66 47.7791 156.596 306.247 306.247 
-6.27744e+66 -6.27744e+66 -6.27744e+66 -6.27744e+66 47.7791 122.605 122.605 
-6.27744e+66 -6.27744e+66 -6.27744e+66 -6.27744e+66 -6.27744e+66 47.7791 47.7791 
-6.27744e+66 -6.27744e+66 -6.27744e+66 -6.27744e+66 -6.27744e+66 -6.27744e+66 47.7791 
-6.27744e+66 -6.27744e+66 -6.27744e+66 -6.27744e+66 -6.27744e+66 -6.27744e+66 -6.27744e+66 
-6.27744e+66 58.2913 58.2913 106.059 106.059 184.696 184.696 
-6.27744e+66 -6.27744e+66 58.2913 82.1753 82.1753 141.153 141.153 
-6.27744e+66 -6.27744e+66 -6.27744e+66 58.2913 58.2913 97.6099 97.6099 
-6.27744e+66 -6.27744e+66 -6.27744e+66 -6.27744e+66 58.2913 77.9506 77.9506 
-6.27744e+66 -6.27744e+66 -6.27744e+66 -6.27744e+66 -6.27744e+66 58.2913 58.2913 
-6.27744e+66 -6.27744e+66 -6.27744e+66 -6.27744e+66 -6.27744e+66 -6.27744e+66 58.2913 
-6.27744e+66 -6.27744e+66 -6.27744e+66 -6.27744e+66 -6.27744e+66 -6.27744e+66 -6.27744e+66 
-6.27744e+66 43.895 43.895 162.275 462.987 533.143 533.143 
-6.27744e+66 -6.27744e+66 43.895 103.085 303.56 356.176 356.176 
-6.27744e+66 -6.27744e+66 -6.27744e+66 43.895 144.132 179.21 179.21 
-6.27744e+66 -6.27744e+66 -6.27744e+66 -6.27744e+66 43.895 61.4337 61.4337 
-6.27744e+66 -6.27744e+66 -6.27744e+66 -6.27744e+66 -6.27744e+66 43.895 43.895 
-6.27744e+66 -6.27744e+66 -6.27744e+66 -6.27744e+66 -6.27744e+66 -6.27744e+66 43.895 
-6.27744e+66 -6.27744e+66 -6.27744e+66 -6.27744e+66 -6.27744e+66 -6.27744e+66 -6.27744e+66 
-6.27744e+66 51.6543 51.6543 127.35 127.35 127.35 645.734 
-6.27744e+66 -6.27744e+66 51.6543 89.5024 89.5024 89.5024 504.209 
-6.27744e+66 -6.27744e+66 -6.27744e+66 51.6543 51.6543 51.6543 362.684 
-6.27744e+66 -6.27744e+66 -6.27744e+66 -6.27744e+66 51.6543 51.6543 259.008 
-6.27744e+66 -6.27744e+66 -6.27744e+66 -6.27744e+66 -6.27744e+66 51.6543 155.331 
-6.27744e+66 -6.27744e+66 -6.27744e+66 -6.27744e+66 -6.27744e+66 -6.27744e+66 51.6543 
-6.27744e+66 -6.27744e+66 -6.27744e+66 -6.27744e+66 -6.27744e+66 -6.27744e+66 -6.27744e+66 
-6.27744e+66 60.6422 60.6422 70.1255 442.505 570.52 1055.02 
-6.27744e+66 -6.27744e+66 60.6422 65.3839 313.637 409.648 797.248 
-6.27744e+66 -6.27744e+66 -6.27744e+66 60.6422 184.769 248.776 539.476 
-6.27744e+66 -6.27744e+66 -6.27744e+66 -6.27744e+66 60.6422 92.6459 286.446 
-6.27744e+66 -6.27744e+66 -6.27744e+66 -6.27744e+66 -6.27744e+66 60.6422 157.542 
-6.27744e+66 -6.27744e+66 -6.27744e+66 -6.27744e+66 -6.27744e+66 -6.27744e+66 60.6422 
-6.27744e+66 -6.27744e+66 -6.27744e+66 -6.27744e+66 -6.27744e+66 -6.27744e+66 -6.27744e+66 
-6.27744e+66 60.3843 129.465 129.465 448.6 448.6 920.565 
-6.27744e+66 -6.27744e+66 60.3843 60.3843 273.141 273.141 650.712 
-6.27744e+66 -6.27744e+66 -6.27744e+66 60.3843 166.762 166.762 449.941 
-6.27744e+66 -6.27744e+66 -6.27744e+66 -6.27744e+66 60.3843 60.3843 249.17 
-6.27744e+66 -6.27744e+66 -6.27744e+66 -6.27744e+66 -6.27744e+66 60.3843 154.777 
-6.27744e+66 -6.27744e+66 -6.27744e+66 -6.27744e+66 -6.27744e+66 -6.27744e+66 60.3843 
-6.27744e+66 -6.27744e+66 -6.27744e+66 -6.27744e+66 -6.27744e+66 -6.27744e+66 -6.27744e+66 
-6.27744e+66 70.2599 192.414 192.414 537.096 731.209 731.209 
-6.27744e+66 -6.27744e+66 70.2599 70.2599 300.048 445.633 445.633 
-6.27744e+66 -6.27744e+66 -6.27744e+66 70.2599 185.154 282.21 282.21 
-6.27744e+66 -6.27744e+66 -6.27744e+66 -6.27744e+66 70.2599 118.788 118.788 
-6.27744e+66 -6.27744e+66 -6.27744e+66 -6.27744e+66 -6.27744e+66 70.2599 70.2599 
-6.27744e+66 -6.27744e+66 -6.27744e+66 -6.27744e+66 -6.27744e+66 -6.27744e+66 70.2599 
-6.27744e+66 -6.27744e+66 -6.27744e+66 -6.27744e+66 -6.27744e+66 -6.27744e+66 -6.27744e+66 
-6.27744e+66 56.0703 139.057 139.057 422.839 534.37 534.37 
-6.27744e+66 -6.27744e+66 56.0703 56.0703 245.258 328.907 328.907 
-6.27744e+66 -6.27744e+66 -6.27744e+66 56.0703 150.664 206.43 206.43 
-6.27744e+66 -6.27744e+66 -6.27744e+66 -6.27744e+66 56.0703 83.9533 83.9533 
-6.27744e+66 -6.27744e+66 -6.27744e+66 -6.27744e+66 -6.27744e+66 56.0703 56.0703 
-6.27744e+66 -6.27744e+66 -6.27744e+66 -6.27744e+66 -6.27744e+66 -6.27744e+66 56.0703 
-6.27744e+66 -6.27744e+66 -6.27744e+66 -6.27744e+66 -6.27744e+66 -6.27744e+66 -6.27744e+66 
-6.27744e+66 61.517 189.652 189.652 189.652 320.223 320.223 
-6.27744e+66 -6.27744e+66 61.517 61.517 61.517 159.445 159.445 
-6.27744e+66 -6.27744e+66 -6.27744e+66 61.517 61.517 126.803 126.803 
-6.27744e+66 -6.27744e+66 -6.27744e+66 -6.27744e+66 61.517 94.1598 94.1598 
-6.27744e+66 -6.27744e+66 -6.27744e+66 -6.27744e+66 -6.27744e+66 61.517 61.517 
-6.27744e+66 -6.27744e+66 -6.27744e+66 -6.27744e+66 -6.27744e+66 -6.27744e+66 61.517 
-6.27744e+66 -6.27744e+66 -6.27744e+66 -6.27744e+66 -6.27744e+66 -6.27744e+66 -6.27744e+66 
-6.27744e+66 95.801 185.447 185.447 434.117 540.245 1065.96 
-6.27744e+66 -6.27744e+66 95.801 95.801 261.581 341.177 761.746 
-6.27744e+66 -6.27744e+66 -6.27744e+66 95.801 178.691 231.755 547.182 
-6.27744e+66 -6.27744e+66 -6.27744e+66 -6.27744e+66 95.801 122.333 332.617 
-6.27744e+66 -6.27744e+66 -6.27744e+66 -6.27744e+66 -6.27744e+66 95.801 200.943 
-6.27744e+66 -6.27744e+66 -6.27744e+66 -6.27744e+66 -6.27744e+66 -6.27744e+66 95.801 
-6.27744e+66 -6.27744e+66 -6.27744e+66 -6.27744e+66 -6.27744e+66 -6.27744e+66 -6.27744e+66 
-6.27744e+66 34.5375 34.5375 105.65 105.65 259.732 259.732 
-6.27744e+66 -6.27744e+66 34.5375 70.0938 70.0938 185.655 185.655 
-6.27744e+66 -6.27744e+66 -6.27744e+66 34.5375 34.5375 111.578 111.578 
-6.27744e+66 -6.27744e+66 -6.27744e+66 -6.27744e+66 34.5375 73.058 73.058 
-6.27744e+66 -6.27744e+66 -6.27744e+66 -6.27744e+66 -6.27744e+66 34.5375 34.5375 
-6.27744e+66 -6.27744e+66 -6.27744e+66 -6.27744e+66 -6.27744e+66 -6.27744e+66 34.5375 
-6.27744e+66 -6.27744e+66 -6.27744e+66 -6.27744e+66 -6.27744e+66 -6.27744e+66 -6.27744e+66 
-6.27744e+66 33.6919 147.542 147.542 423.603 423.603 1011.52 
-6.27744e+66 -6.27744e+66 33.6919 33.6919 217.733 217.733 688.065 
-6.27744e+66 -6.27744e+66 -6.27744e+66 33.6919 125.712 125.712 478.462 
-6.27744e+66 -6.27744e+66 -6.27744e+66 -6.27744e+66 33.6919 33.6919 268.858 
-6.27744e+66 -6.27744e+66 -6.27744e+66 -6.27744e+66 -6.27744e+66 33.6919 151.275 
-6.27744e+66 -6.27744e+66 -6.27744e+66 -6.27744e+66 -6.27744e+66 -6.27744e+66 33.6919 
-6.27744e+66 -6.27744e+66 -6.27744e+66 -6.27744e+66 -6.27744e+66 -6.27744e+66 -6.27744e+66 
-6.27744e+66 74.8647 177.968 286.7 286.7 613.772 613.772 
-6.27744e+66 -6.27744e+66 74.8647 129.231 129.231 374.535 374.535 
-6.27744e+66 -6.27744e+66 -6.27744e+66 74.8647 74.8647 238.401 238.401 
-6.27744e+66 -6.27744e+66 -6.27744e+66 -6.27744e+66 74.8647 156.633 156.633 
-6.27744e+66 -6.27744e+66 -6.27744e+66 -6.27744e+66 -6.27744e+66 74.8647 74.8647 
-6.27744e+66 -6.27744e+66 -6.27744e+66 -6.27744e+66 -6.27744e+66 -6.27744e+66 74.8647 
-6.27744e+66 -6.27744e+66 -6.27744e+66 -6.27744e+66 -6.27744e+66 -6.27744e+66 -6.27744e+66 
-6.27744e+66 67.9338 67.9338 226.937 226.937 318.616 318.616 
-6.27744e+66 -6.27744e+66 67.9338 147.435 147.435 216.194 216.194 
-6.27744e+66 -6.27744e+66 -6.27744e+66 67.9338 67.9338 113.773 113.773 
-6.27744e+66 -6.27744e+66 -6.27744e+66 -6.27744e+66 67.9338 90.8536 90.8536 
-6.27744e+66 -6.27744e+66 -6.27744e+66 -6.27744e+66 -6.27744e+66 67.9338 67.9338 
-6.27744e+66 -6.27744e+66 -6.27744e+66 -6.27744e+66 -6.27744e+66 -6.27744e+66 67.9338 
-6.27744e+66 -6.27744e+66 -6.27744e+66 -6.27744e+66 -6.27744e+66 -6.27744e+66 -6.27744e+66 
-6.27744e+66 65.6691 142.618 187.59 187.59 431.64 431.64 
-6.27744e+66 -6.27744e+66 65.6691 88.1552 88.1552 271.192 271.192 
-6.27744e+66 -6.27744e+66 -6.27744e+66 65.6691 65.6691 187.694 187.694 
-6.27744e+66 -6.27744e+66 -6.27744e+66 -6.27744e+66 65.6691 126.682 126.682 
-6.27744e+66 -6.27744e+66 -6.27744e+66 -6.27744e+66 -6.27744e+66 65.6691 65.6691 
-6.27744e+66 -6.27744e+66 -6.27744e+66 -6.27744e+66 -6.27744e+66 -6.27744e+66 65.6691 
-6.27744e+66 -6.27744e+66 -6.27744e+66 -6.27744e+66 -6.27744e+66 -6.27744e+66 -6.27744e+66 
-6.27744e+66 52.8666 160.84 160.84 160.84 242.66 655.026 
-6.27744e+66 -6.27744e+66 52.8666 52.8666 52.8666 114.232 444.124 
-6.27744e+66 -6.27744e+66 -6.27744e+66 52.8666 52.8666 93.7765 341.196 
-6.27744e+66 -6.27744e+66 -6.27744e+66 -6.27744e+66 52.8666 73.3216 238.268 
-6.27744e+66 -6.27744e+66 -6.27744e+66 -6.27744e+66 -6.27744e+66 52.8666 135.34 
-6.27744e+66 -6.27744e+66 -6.27744e+66 -6.27744e+66 -6.27744e+66 -6.27744e+66 52.8666 
-6.27744e+66 -6.27744e+66 -6.27744e+66 -6.27744e+66 -6.27744e+66 -6.27744e+66 -6.27744e+66 
-6.27744e+66 84.3639 180.111 180.111 494.489 729.269 1319.69 
-6.27744e+66 -6.27744e+66 84.3639 84.3639 293.949 470.034 942.371 
-6.27744e+66 -6.27744e+66 -6.27744e+66 84.3639 189.156 306.547 660.799 
-6.27744e+66 -6.27744e+66 -6.27744e+66 -6.27744e+66 84.3639 143.059 379.227 
-6.27744e+66 -6.27744e+66 -6.27744e+66 -6.27744e+66 -6.27744e+66 84.3639 202.448 
-6.27744e+66 -6.27744e+66 -6.27744e+66 -6.27744e+66 -6.27744e+66 -6.27744e+66 84.3639 
-6.27744e+66 -6.27744e+66 -6.27744e+66 -6.27744e+66 -6.27744e+66 -6.27744e+66 -6.27744e+66 
-6.27744e+66 97.7676 189.487 266.816 266.816 266.816 266.816 
-6.27744e+66 -6.27744e+66 97.7676 136.432 136.432 136.432 136.432 
-6.27744e+66 -6.27744e+66 -6.27744e+66 97.7676 97.7676 97.7676 97.7676 
-6.27744e+66 -6.27744e+66 -6.27744e+66 -6.27744e+66 97.7676 97.7676 97.7676 
-6.27744e+66 -6.27744e+66 -6.27744e+66 -6.27744e+66 -6.27744e+66 97.7676 97.7676 
-6.27744e+66 -6.27744e+66 -6.27744e+66 -6.27744e+66 -6.27744e+66 -6.27744e+66 97.7676 
-6.27744e+66 -6.27744e+66 -6.27744e+66 -6.27744e+66 -6.27744e+66 -6.27744e+66 -6.27744e+66 
-6.27744e+66 53.2903 167.018 167.018 490.675 490.675 490.675 
-6.27744e+66 -6.27744e+66 53.2903 53.2903 269.061 269.061 269.061 
-6.27744e+66 -6.27744e+66 -6.27744e+66 53.2903 161.176 161.176 161.176 
-6.27744e+66 -6.27744e+66 -6.27744e+66 -6.27744e+66 53.2903 53.2903 53.2903 
-6.27744e+66 -6.27744e+66 -6.27744e+66 -6.27744e+66 -6.27744e+66 53.2903 53.2903 
-6.27744e+66 -6.27744e+66 -6.27744e+66 -6.27744e+66 -6.27744e+66 -6.27744e+66 53.2903 
-6.27744e+66 -6.27744e+66 -6.27744e+66 -6.27744e+66 -6.27744e+66 -6.27744e+66 -6.27744e+66 
-6.27744e+66 61.4338 61.4338 189.141 644.175 644.175 1103.68 
-6.27744e+66 -6.27744e+66 61.4338 125.287 428.643 428.643 796.251 
-6.27744e+66 -6.27744e+66 -6.27744e+66 61.4338 213.112 213.112 488.817 
-6.27744e+66 -6.27744e+66 -6.27744e+66 -6.27744e+66 61.4338 61.4338 245.238 
-6.27744e+66 -6.27744e+66 -6.27744e+66 -6.27744e+66 -6.27744e+66 61.4338 153.336 
-6.27744e+66 -6.27744e+66 -6.27744e+66 -6.27744e+66 -6.27744e+66 -6.27744e+66 61.4338 
-6.27744e+66 -6.27744e+66 -6.27744e+66 -6.27744e+66 -6.27744e+66 -6.27744e+66 -6.27744e+66 
-6.27744e+66 58.1911 163.014 264.741 264.741 425.604 425.604 
-6.27744e+66 -6.27744e+66 58.1911 109.055 109.055 229.702 229.702 
-6.27744e+66 -6.27744e+66 -6.27744e+66 58.1911 58.1911 138.623 138.623 
-6.27744e+66 -6.27744e+66 -6.27744e+66 -6.27744e+66 58.1911 98.4068 98.4068 
-6.27744e+66 -6.27744e+66 -6.27744e+66 -6.27744e+66 -6.27744e+66 58.1911 58.1911 
-6.27744e+66 -6.27744e+66 -6.27744e+66 -6.27744e+66 -6.27744e+66 -6.27744e+66 58.1911 
-6.27744e+66 -6.27744e+66 -6.27744e+66 -6.27744e+66 -6.27744e+66 -6.27744e+66 -6.27744e+66 
-6.27744e+66 50.3986 154.076 154.076 391.525 391.525 883.558 
-6.27744e+66 -6.27744e+66 50.3986 50.3986 208.698 208.698 602.324 
-6.27744e+66 -6.27744e+66 -6.27744e+66 50.3986 129.548 129.548 424.768 
-6.27744e+66 -6.27744e+66 -6.27744e+66 -6.27744e+66 50.3986 50.3986 247.212 
-6.27744e+66 -6.27744e+66 -6.27744e+66 -6.27744e+66 -6.27744e+66 50.3986 148.805 
-6.27744e+66 -6.27744e+66 -6.27744e+66 -6.27744e+66 -6.27744e+66 -6.27744e+66 50.3986 
-6.27744e+66 -6.27744e+66 -6.27744e+66 -6.27744e+66 -6.27744e+66 -6.27744e+66 -6.27744e+66 
-6.27744e+66 52.1286 52.1286 52.1286 52.1286 276.997 737.309 
-6.27744e+66 -6.27744e+66 52.1286 52.1286 52.1286 220.78 589.029 
-6.27744e+66 -6.27744e+66 -6.27744e+66 52.1286 52.1286 164.563 440.75 
-6.27744e+66 -6.27744e+66 -6.27744e+66 -6.27744e+66 52.1286 108.346 292.47 
-6.27744e+66 -6.27744e+66 -6.27744e+66 -6.27744e+66 -6.27744e+66 52.1286 144.191 
-6.27744e+66 -6.27744e+66 -6.27744e+66 -6.27744e+66 -6.27744e+66 -6.27744e+66 52.1286 
-6.27744e+66 -6.27744e+66 -6.27744e+66 -6.27744e+66 -6.27744e+66 -6.27744e+66 -6.27744e+66 
-6.27744e+66 30.3276 30.3276 30.3276 331.579 583.092 1034.14 
-6.27744e+66 -6.27744e+66 30.3276 30.3276 231.162 419.797 780.637 
-6.27744e+66 -6.27744e+66 -6.27744e+66 30.3276 130.745 256.501 527.132 
-6.27744e+66 -6.27744e+66 -6.27744e+66 -6.27744e+66 30.3276 93.2059 273.626 
-6.27744e+66 -6.27744e+66 -6.27744e+66 -6.27744e+66 -6.27744e+66 30.3276 120.538 
-6.27744e+66 -6.27744e+66 -6.27744e+66 -6.27744e+66 -6.27744e+66 -6.27744e+66 30.3276 
-6.27744e+66 -6.27744e+66 -6.27744e+66 -6.27744e+66 -6.27744e+66 -6.27744e+66 -6.27744e+66 
-6.27744e+66 46.1151 46.1151 46.1151 421.606 600.138 1174.69 
-6.27744e+66 -6.27744e+66 46.1151 46.1151 296.443 430.341 889.987 
-6.27744e+66 -6.27744e+66 -6.27744e+66 46.1151 171.279 260.545 605.279 
-6.27744e+66 -6.27744e+66 -6.27744e+66 -6.27744e+66 46.1151 90.748 320.571 
-6.27744e+66 -6.27744e+66 -6.27744e+66 -6.27744e+66 -6.27744e+66 46.1151 161.026 
-6.27744e+66 -6.27744e+66 -6.27744e+66 -6.27744e+66 -6.27744e+66 -6.27744e+66 46.1151 
-6.27744e+66 -6.27744e+66 -6.27744e+66 -6.27744e+66 -6.27744e+66 -6.27744e+66 -6.27744e+66 
-6.27744e+66 60.4783 60.4783 155.573 155.573 521.514 521.514 
-6.27744e+66 -6.27744e+66 60.4783 108.025 108.025 382.482 382.482 
-6.27744e+66 -6.27744e+66 -6.27744e+66 60.4783 60.4783 243.449 243.449 
-6.27744e+66 -6.27744e+66 -6.27744e+66 -6.27744e+66 60.4783 151.964 151.964 
-6.27744e+66 -6.27744e+66 -6.27744e+66 -6.27744e+66 -6.27744e+66 60.4783 60.4783 
-6.27744e+66 -6.27744e+66 -6.27744e+66 -6.27744e+66 -6.27744e+66 -6.27744e+66 60.4783 
-6.27744e+66 -6.27744e+66 -6.27744e+66 -6.27744e+66 -6.27744e+66 -6.27744e+66 -6.27744e+66 
-6.27744e+66 70.977 70.977 153.845 571.827 622.482 1155.97 
-6.27744e+66 -6.27744e+66 70.977 112.411 391.065 429.057 855.844 
-6.27744e+66 -6.27744e+66 -6.27744e+66 70.977 210.304 235.632 555.722 
-6.27744e+66 -6.27744e+66 -6.27744e+66 -6.27744e+66 70.977 83.6408 297.034 
-6.27744e+66 -6.27744e+66 -6.27744e+66 -6.27744e+66 -6.27744e+66 70.977 177.674 
-6.27744e+66 -6.27744e+66 -6.27744e+66 -6.27744e+66 -6.27744e+66 -6.27744e+66 70.977 
-6.27744e+66 -6.27744e+66 -6.27744e+66 -6.27744e+66 -6.27744e+66 -6.27744e+66 -6.27744e+66 
-6.27744e+66 44.8645 169.106 258.029 258.029 465.9 882.505 
-6.27744e+66 -6.27744e+66 44.8645 89.3262 89.3262 245.229 578.513 
-6.27744e+66 -6.27744e+66 -6.27744e+66 44.8645 44.8645 148.8 398.763 
-6.27744e+66 -6.27744e+66 -6.27744e+66 -6.27744e+66 44.8645 96.8321 263.474 
-6.27744e+66 -6.27744e+66 -6.27744e+66 -6.27744e+66 -6.27744e+66 44.8645 128.186 
-6.27744e+66 -6.27744e+66 -6.27744e+66 -6.27744e+66 -6.27744e+66 -6.27744e+66 44.8645 
-6.27744e+66 -6.27744e+66 -6.27744e+66 -6.27744e+66 -6.27744e+66 -6.27744e+66 -6.27744e+66 
-6.27744e+66 43.911 43.911 43.911 290.398 506.236 506.236 
-6.27744e+66 -6.27744e+66 43.911 43.911 208.236 370.114 370.114 
-6.27744e+66 -6.27744e+66 -6.27744e+66 43.911 126.073 233.992 233.992 
-6.27744e+66 -6.27744e+66 -6.27744e+66 -6.27744e+66 43.911 97.8704 97.8704 
-6.27744e+66 -6.27744e+66 -6.27744e+66 -6.27744e+66 -6.27744e+66 43.911 43.911 
-6.27744e+66 -6.27744e+66 -6.27744e+66 -6.27744e+66 -6.27744e+66 -6.27744e+66 43.911 
-6.27744e+66 -6.27744e+66 -6.27744e+66 -6.27744e+66 -6.27744e+66 -6.27744e+66 -6.27744e+66 
