6 20 
-6.27744e+66 64.8764 156.27 265.863 666.154 894.213 1432.29 
-6.27744e+66 -6.27744e+66 64.8764 119.673 386.534 557.578 988.037 
-6.27744e+66 -6.27744e+66 -6.27744e+66 64.8764 198.307 312.336 635.18 
-6.27744e+66 -6.27744e+66 -6.27744e+66 -6.27744e+66 64.8764 121.891 337.121 
-6.27744e+66 -6.27744e+66 -6.27744e+66 -6.27744e+66 -6.27744e+66 64.8764 172.491 
-6.27744e+66 -6.27744e+66 -6.27744e+66 -6.27744e+66 -6.27744e+66 -6.27744e+66 64.8764 
-6.27744e+66 -6.27744e+66 -6.27744e+66 -6.27744e+66 -6.27744e+66 -6.27744e+66 -6.27744e+66 
-6.27744e+66 59.9734 174.678 279.274 661.492 848.85 1430.66 
-6.27744e+66 -6.27744e+66 59.9734 112.271 367.083 507.602 973.048 
-6.27744e+66 -6.27744e+66 -6.27744e+66 59.9734 187.38 281.059 630.143 
-6.27744e+66 -6.27744e+66 -6.27744e+66 -6.27744e+66 59.9734 106.813 339.536 
-6.27744e+66 -6.27744e+66 -6.27744e+66 -6.27744e+66 -6.27744e+66 59.9734 176.335 
-6.27744e+66 -6.27744e+66 -6.27744e+66 -6.27744e+66 -6.27744e+66 -6.27744e+66 59.9734 
-6.27744e+66 -6.27744e+66 -6.27744e+66 -6.27744e+66 -6.27744e+66 -6.27744e+66 -6.27744e+66 
-6.27744e+66 52.6343 134.322 251.754 544.523 544.602 907.339 
-6.27744e+66 -6.27744e+66 52.6343 111.35 306.53 306.588 596.778 
-6.27744e+66 -6.27744e+66 -6.27744e+66 52.6343 150.224 150.263 367.906 
-6.27744e+66 -6.27744e+66 -6.27744e+66 -6.27744e+66 52.6343 52.6539 197.749 
-6.27744e+66 -6.27744e+66 -6.27744e+66 -6.27744e+66 -6.27744e+66 52.6343 125.182 
-6.27744e+66 -6.27744e+66 -6.27744e+66 -6.27744e+66 -6.27744e+66 -6.27744e+66 52.6343 
-6.27744e+66 -6.27744e+66 -6.27744e+66 -6.27744e+66 -6.27744e+66 -6.27744e+66 -6.27744e+66 
-6.27744e+66 52.8041 152.339 203.869 507.75 586.358 1123.64 
-6.27744e+66 -6.27744e+66 52.8041 78.5689 281.156 340.112 769.941 
-6.27744e+66 -6.27744e+66 -6.27744e+66 52.8041 154.098 193.402 515.773 
-6.27744e+66 -6.27744e+66 -6.27744e+66 -6.27744e+66 52.8041 72.4562 287.371 
-6.27744e+66 -6.27744e+66 -6.27744e+66 -6.27744e+66 -6.27744e+66 52.8041 160.261 
-6.27744e+66 -6.27744e+66 -6.27744e+66 -6.27744e+66 -6.27744e+66 -6.27744e+66 52.8041 
-6.27744e+66 -6.27744e+66 -6.27744e+66 -6.27744e+66 -6.27744e+66 -6.27744e+66 -6.27744e+66 
-6.27744e+66 66.4771 153.47 226.57 552.675 809.064 1330.33 
-6.27744e+66 -6.27744e+66 66.4771 103.027 320.43 512.722 929.738 
-6.27744e+66 -6.27744e+66 -6.27744e+66 66.4771 175.179 303.373 616.135 
-6.27744e+66 -6.27744e+66 -6.27744e+66 -6.27744e+66 66.4771 130.574 339.082 
-6.27744e+66 -6.27744e+66 -6.27744e+66 -6.27744e+66 -6.27744e+66 66.4771 170.731 
-6.27744e+66 -6.27744e+66 -6.27744e+66 -6.27744e+66 -6.27744e+66 -6.27744e+66 66.4771 
-6.27744e+66 -6.27744e+66 -6.27744e+66 -6.27744e+66 -6.27744e+66 -6.27744e+66 -6.27744e+66 
-6.27744e+66 68.8604 180.54 271.126 526.928 804.998 1321.18 
-6.27744e+66 -6.27744e+66 68.8604 114.153 284.688 493.24 906.187 
-6.27744e+66 -6.27744e+66 -6.27744e+66 68.8604 154.128 293.163 602.872 
-6.27744e+66 -6.27744e+66 -6.27744e+66 -6.27744e+66 68.8604 138.378 344.851 
-6.27744e+66 -6.27744e+66 -6.27744e+66 -6.27744e+66 -6.27744e+66 68.8604 172.097 
-6.27744e+66 -6.27744e+66 -6.27744e+66 -6.27744e+66 -6.27744e+66 -6.27744e+66 68.8604 
-6.27744e+66 -6.27744e+66 -6.27744e+66 -6.27744e+66 -6.27744e+66 -6.27744e+66 -6.27744e+66 
-6.27744e+66 68.6253 154.458 224.174 637.301 844.941 1245.31 
-6.27744e+66 -6.27744e+66 68.6253 103.483 378.901 534.631 854.929 
-6.27744e+66 -6.27744e+66 -6.27744e+66 68.6253 206.334 310.155 550.377 
-6.27744e+66 -6.27744e+66 -6.27744e+66 -6.27744e+66 68.6253 120.535 280.684 
-6.27744e+66 -6.27744e+66 -6.27744e+66 -6.27744e+66 -6.27744e+66 68.6253 148.7 
-6.27744e+66 -6.27744e+66 -6.27744e+66 -6.27744e+66 -6.27744e+66 -6.27744e+66 68.6253 
-6.27744e+66 -6.27744e+66 -6.27744e+66 -6.27744e+66 -6.27744e+66 -6.27744e+66 -6.27744e+66 
-6.27744e+66 41.7092 119.162 182.148 446.314 628.654 1142.75 
-6.27744e+66 -6.27744e+66 41.7092 73.202 249.313 386.067 797.342 
-6.27744e+66 -6.27744e+66 -6.27744e+66 41.7092 129.765 220.934 529.39 
-6.27744e+66 -6.27744e+66 -6.27744e+66 -6.27744e+66 41.7092 87.2942 292.931 
-6.27744e+66 -6.27744e+66 -6.27744e+66 -6.27744e+66 -6.27744e+66 41.7092 144.528 
-6.27744e+66 -6.27744e+66 -6.27744e+66 -6.27744e+66 -6.27744e+66 -6.27744e+66 41.7092 
-6.27744e+66 -6.27744e+66 -6.27744e+66 -6.27744e+66 -6.27744e+66 -6.27744e+66 -6.27744e+66 
-6.27744e+66 61.3343 134.436 215.985 449.586 668.443 1219.18 
-6.27744e+66 -6.27744e+66 61.3343 102.108 257.843 421.985 862.574 
-6.27744e+66 -6.27744e+66 -6.27744e+66 61.3343 139.201 248.63 579.071 
-6.27744e+66 -6.27744e+66 -6.27744e+66 -6.27744e+66 61.3343 116.049 336.343 
-6.27744e+66 -6.27744e+66 -6.27744e+66 -6.27744e+66 -6.27744e+66 61.3343 171.481 
-6.27744e+66 -6.27744e+66 -6.27744e+66 -6.27744e+66 -6.27744e+66 -6.27744e+66 61.3343 
-6.27744e+66 -6.27744e+66 -6.27744e+66 -6.27744e+66 -6.27744e+66 -6.27744e+66 -6.27744e+66 
-6.27744e+66 52.6508 148.037 282.866 593.196 813.94 1372.25 
-6.27744e+66 -6.27744e+66 52.6508 120.065 326.952 492.51 939.16 
-6.27744e+66 -6.27744e+66 -6.27744e+66 52.6508 156.094 266.466 601.453 
-6.27744e+66 -6.27744e+66 -6.27744e+66 -6.27744e+66 52.6508 107.837 331.162 
-6.27744e+66 -6.27744e+66 -6.27744e+66 -6.27744e+66 -6.27744e+66 52.6508 164.313 
-6.27744e+66 -6.27744e+66 -6.27744e+66 -6.27744e+66 -6.27744e+66 -6.27744e+66 52.6508 
-6.27744e+66 -6.27744e+66 -6.27744e+66 -6.27744e+66 -6.27744e+66 -6.27744e+66 -6.27744e+66 
-6.27744e+66 59.4807 179.641 240.44 609.899 792.349 1243.87 
-6.27744e+66 -6.27744e+66 59.4807 89.8802 336.187 473.024 834.24 
-6.27744e+66 -6.27744e+66 -6.27744e+66 59.4807 182.634 273.859 544.771 
-6.27744e+66 -6.27744e+66 -6.27744e+66 -6.27744e+66 59.4807 105.093 285.701 
-6.27744e+66 -6.27744e+66 -6.27744e+66 -6.27744e+66 -6.27744e+66 59.4807 149.785 
-6.27744e+66 -6.27744e+66 -6.27744e+66 -6.27744e+66 -6.27744e+66 -6.27744e+66 59.4807 
-6.27744e+66 -6.27744e+66 -6.27744e+66 -6.27744e+66 -6.27744e+66 -6.27744e+66 -6.27744e+66 
-6.27744e+66 81.3918 183.345 225.249 444.093 798.53 1244.6 
-6.27744e+66 -6.27744e+66 81.3918 102.344 248.24 514.068 870.925 
-6.27744e+66 -6.27744e+66 -6.27744e+66 81.3918 154.34 331.559 599.201 
-6.27744e+66 -6.27744e+66 -6.27744e+66 -6.27744e+66 81.3918 170.001 348.43 
-6.27744e+66 -6.27744e+66 -6.27744e+66 -6.27744e+66 -6.27744e+66 81.3918 170.606 
-6.27744e+66 -6.27744e+66 -6.27744e+66 -6.27744e+66 -6.27744e+66 -6.27744e+66 81.3918 
-6.27744e+66 -6.27744e+66 -6.27744e+66 -6.27744e+66 -6.27744e+66 -6.27744e+66 -6.27744e+66 
-6.27744e+66 112.887 201.95 240.492 520.965 752.006 1235.17 
-6.27744e+66 -6.27744e+66 112.887 132.158 319.14 492.42 878.954 
-6.27744e+66 -6.27744e+66 -6.27744e+66 112.887 206.378 321.898 611.798 
-6.27744e+66 -6.27744e+66 -6.27744e+66 -6.27744e+66 112.887 170.647 363.914 
-6.27744e+66 -6.27744e+66 -6.27744e+66 -6.27744e+66 -6.27744e+66 112.887 209.52 
-6.27744e+66 -6.27744e+66 -6.27744e+66 -6.27744e+66 -6.27744e+66 -6.27744e+66 112.887 
-6.27744e+66 -6.27744e+66 -6.27744e+66 -6.27744e+66 -6.27744e+66 -6.27744e+66 -6.27744e+66 
-6.27744e+66 59.803 178.216 328.909 598.262 688.793 1207.62 
-6.27744e+66 -6.27744e+66 59.803 135.15 314.718 382.616 797.676 
-6.27744e+66 -6.27744e+66 -6.27744e+66 59.803 149.587 194.853 506.148 
-6.27744e+66 -6.27744e+66 -6.27744e+66 -6.27744e+66 59.803 82.4357 289.966 
-6.27744e+66 -6.27744e+66 -6.27744e+66 -6.27744e+66 -6.27744e+66 59.803 163.568 
-6.27744e+66 -6.27744e+66 -6.27744e+66 -6.27744e+66 -6.27744e+66 -6.27744e+66 59.803 
-6.27744e+66 -6.27744e+66 -6.27744e+66 -6.27744e+66 -6.27744e+66 -6.27744e+66 -6.27744e+66 
-6.27744e+66 92.2575 201.585 322.265 574.205 860.366 1207.21 
-6.27744e+66 -6.27744e+66 92.2575 152.598 320.557 535.179 812.655 
-6.27744e+66 -6.27744e+66 -6.27744e+66 92.2575 176.238 319.318 527.425 
-6.27744e+66 -6.27744e+66 -6.27744e+66 -6.27744e+66 92.2575 163.798 302.536 
-6.27744e+66 -6.27744e+66 -6.27744e+66 -6.27744e+66 -6.27744e+66 92.2575 161.627 
-6.27744e+66 -6.27744e+66 -6.27744e+66 -6.27744e+66 -6.27744e+66 -6.27744e+66 92.2575 
-6.27744e+66 -6.27744e+66 -6.27744e+66 -6.27744e+66 -6.27744e+66 -6.27744e+66 -6.27744e+66 
-6.27744e+66 47.1695 138.467 273.238 571.063 571.063 985.857 
-6.27744e+66 -6.27744e+66 47.1695 114.555 313.105 313.105 644.941 
-6.27744e+66 -6.27744e+66 -6.27744e+66 47.1695 146.445 146.445 395.321 
-6.27744e+66 -6.27744e+66 -6.27744e+66 -6.27744e+66 47.1695 47.1695 213.087 
-6.27744e+66 -6.27744e+66 -6.27744e+66 -6.27744e+66 -6.27744e+66 47.1695 130.128 
-6.27744e+66 -6.27744e+66 -6.27744e+66 -6.27744e+66 -6.27744e+66 -6.27744e+66 47.1695 
-6.27744e+66 -6.27744e+66 -6.27744e+66 -6.27744e+66 -6.27744e+66 -6.27744e+66 -6.27744e+66 
-6.27744e+66 39.1422 162.581 302.102 634.579 912.156 1498.87 
-6.27744e+66 -6.27744e+66 39.1422 108.903 330.554 538.737 1008.11 
-6.27744e+66 -6.27744e+66 -6.27744e+66 39.1422 149.968 288.756 640.787 
-6.27744e+66 -6.27744e+66 -6.27744e+66 -6.27744e+66 39.1422 108.537 343.224 
-6.27744e+66 -6.27744e+66 -6.27744e+66 -6.27744e+66 -6.27744e+66 39.1422 156.486 
-6.27744e+66 -6.27744e+66 -6.27744e+66 -6.27744e+66 -6.27744e+66 -6.27744e+66 39.1422 
-6.27744e+66 -6.27744e+66 -6.27744e+66 -6.27744e+66 -6.27744e+66 -6.27744e+66 -6.27744e+66 
-6.27744e+66 49.0836 117.469 210.826 439.973 591.833 1279.26 
-6.27744e+66 -6.27744e+66 49.0836 95.7624 248.527 362.422 912.367 
-6.27744e+66 -6.27744e+66 -6.27744e+66 49.0836 125.466 201.396 613.855 
-6.27744e+66 -6.27744e+66 -6.27744e+66 -6.27744e+66 49.0836 87.0487 362.021 
-6.27744e+66 -6.27744e+66 -6.27744e+66 -6.27744e+66 -6.27744e+66 49.0836 186.57 
-6.27744e+66 -6.27744e+66 -6.27744e+66 -6.27744e+66 -6.27744e+66 -6.27744e+66 49.0836 
-6.27744e+66 -6.27744e+66 -6.27744e+66 -6.27744e+66 -6.27744e+66 -6.27744e+66 -6.27744e+66 
-6.27744e+66 63.5001 180.982 305.557 585.789 820.414 1228.76 
-6.27744e+66 -6.27744e+66 63.5001 125.788 312.609 488.578 815.256 
-6.27744e+66 -6.27744e+66 -6.27744e+66 63.5001 156.911 274.223 519.232 
-6.27744e+66 -6.27744e+66 -6.27744e+66 -6.27744e+66 63.5001 122.157 285.495 
-6.27744e+66 -6.27744e+66 -6.27744e+66 -6.27744e+66 -6.27744e+66 63.5001 145.17 
-6.27744e+66 -6.27744e+66 -6.27744e+66 -6.27744e+66 -6.27744e+66 -6.27744e+66 63.5001 
-6.27744e+66 -6.27744e+66 -6.27744e+66 -6.27744e+66 -6.27744e+66 -6.27744e+66 -6.27744e+66 
-6.27744e+66 38.9736 151.106 241.587 510.643 735.116 1211.37 
-6.27744e+66 -6.27744e+66 38.9736 84.2141 263.585 431.94 812.941 
-6.27744e+66 -6.27744e+66 -6.27744e+66 38.9736 128.659 240.895 526.646 
-6.27744e+66 -6.27744e+66 -6.27744e+66 -6.27744e+66 38.9736 95.0918 285.592 
-6.27744e+66 -6.27744e+66 -6.27744e+66 -6.27744e+66 -6.27744e+66 38.9736 134.224 
-6.27744e+66 -6.27744e+66 -6.27744e+66 -6.27744e+66 -6.27744e+66 -6.27744e+66 38.9736 
-6.27744e+66 -6.27744e+66 -6.27744e+66 -6.27744e+66 -6.27744e+66 -6.27744e+66 -6.27744e+66 
