18 10 
17.4747 17.4747 17.4747 17.4747 17.4747 17.4747 17.4747 17.4747 17.4747 17.4747 17.4747 17.4747 17.4747 17.4747 17.4747 17.4747 17.4747 17.4747 
item 0
71.4484 81.2493 56.0093 132.871 35.0603 127.566 38.392 89.1759 90.0047 113.442 53.9916 77.096 69.8705 120.516 60.8729 123.755 50.9276 90.9587 
66.7978 66.7978 66.7978 66.7978 66.7978 66.7978 66.7978 66.7978 66.7978 66.7978 66.7978 66.7978 66.7978 66.7978 66.7978 66.7978 66.7978 66.7978 
1 1 1 1 1 1 1 1 1 1 1 1 1 1 1 1 1 1 
item 1
39.4022 75.8178 63.4004 94.5326 14.9247 123.803 52.2736 82.3324 18.7679 108.596 64.7813 111.095 33.9833 129.604 79.3967 106.225 75.7671 117.694 
85.3825 85.3825 85.3825 85.3825 85.3825 85.3825 85.3825 85.3825 85.3825 85.3825 85.3825 85.3825 85.3825 85.3825 85.3825 85.3825 85.3825 85.3825 
1 1 1 1 1 1 1 1 1 1 1 1 1 1 1 1 1 1 
item 2
9.76606 120.27 58.7559 95.6387 41.0484 72.039 81.6397 93.0391 54.6397 84.6347 79.9456 90.1203 44.1318 118.386 37.2292 118.787 41.8993 129.794 
18.4443 18.4443 18.4443 18.4443 18.4443 18.4443 18.4443 18.4443 18.4443 18.4443 18.4443 18.4443 18.4443 18.4443 18.4443 18.4443 18.4443 18.4443 
1 1 1 1 1 1 1 1 1 1 1 1 1 1 1 1 1 1 
item 3
39.2663 124.099 29.2768 117.483 23.5598 72.544 51.3902 126.668 63.6845 70.4286 52.6972 85.8136 48.6158 101.447 59.7436 130.195 53.7243 109.737 
19.7792 19.7792 19.7792 19.7792 19.7792 19.7792 19.7792 19.7792 19.7792 19.7792 19.7792 19.7792 19.7792 19.7792 19.7792 19.7792 19.7792 19.7792 
1 1 1 1 1 1 1 1 1 1 1 1 1 1 1 1 1 1 
item 4
58.1023 128.605 55.6875 96.2979 59.3478 84.4099 30.2018 125.195 44.3162 106.39 51.2001 107.821 69.141 106.564 52.2543 87.3603 28.9092 89.707 
77.8442 77.8442 77.8442 77.8442 77.8442 77.8442 77.8442 77.8442 77.8442 77.8442 77.8442 77.8442 77.8442 77.8442 77.8442 77.8442 77.8442 77.8442 
1 1 1 1 1 1 1 1 1 1 1 1 1 1 1 1 1 1 
item 5
33.9214 132.614 42.4107 107.771 36.0827 108.013 59.0599 96.8857 36.1288 108.734 21.4932 119.341 15.657 81.4831 7.34222 106.982 62.793 102.487 
71.9788 71.9788 71.9788 71.9788 71.9788 71.9788 71.9788 71.9788 71.9788 71.9788 71.9788 71.9788 71.9788 71.9788 71.9788 71.9788 71.9788 71.9788 
1 1 1 1 1 1 1 1 1 1 1 1 1 1 1 1 1 1 
item 6
55.839 116.733 34.7616 94.4279 2.71828 54.4228 39.6003 93.9597 79.3141 117.237 52.6548 77.0537 58.0686 105.779 50.6999 84.3864 23.1171 106.129 
24.7194 24.7194 24.7194 24.7194 24.7194 24.7194 24.7194 24.7194 24.7194 24.7194 24.7194 24.7194 24.7194 24.7194 24.7194 24.7194 24.7194 24.7194 
1 1 1 1 1 1 1 1 1 1 1 1 1 1 1 1 1 1 
item 7
53.9237 121.181 81.4548 89.2008 53.3123 57.4209 38.019 81.4416 42.6238 104.623 32.4934 103.103 81.4664 67.7523 74.1336 142.926 30.8832 105.011 
49.4854 49.4854 49.4854 49.4854 49.4854 49.4854 49.4854 49.4854 49.4854 49.4854 49.4854 49.4854 49.4854 49.4854 49.4854 49.4854 49.4854 49.4854 
1 1 1 1 1 1 1 1 1 1 1 1 1 1 1 1 1 1 
item 8
60.7487 116.944 46.547 108.116 36.2503 111.243 79.153 113.577 51.9123 92.3111 36.9966 99.7838 58.0731 83.5654 75.4759 69.602 36.9524 80.6917 
63.996 63.996 63.996 63.996 63.996 63.996 63.996 63.996 63.996 63.996 63.996 63.996 63.996 63.996 63.996 63.996 63.996 63.996 
1 1 1 1 1 1 1 1 1 1 1 1 1 1 1 1 1 1 
item 9
17.2912 73.8308 45.5679 95.3238 35.2348 123.343 26.8976 99.0094 40.1882 139.832 91.8107 91.2091 63.8316 96.3816 56.1811 110.757 45.2825 86.7436 
61.8954 61.8954 61.8954 61.8954 61.8954 61.8954 61.8954 61.8954 61.8954 61.8954 61.8954 61.8954 61.8954 61.8954 61.8954 61.8954 61.8954 61.8954 
1 1 1 1 1 1 1 1 1 1 1 1 1 1 1 1 1 1 
