12 5 
85.5798 85.5798 85.5798 85.5798 85.5798 85.5798 85.5798 85.5798 85.5798 85.5798 85.5798 85.5798 
item 0
52.2329 102.863 38.4875 117.175 15.6949 116.094 49.129 110.027 47.0872 117.631 9.05899 104.137 
50.2241 50.2241 50.2241 50.2241 50.2241 50.2241 50.2241 50.2241 50.2241 50.2241 50.2241 50.2241 
1 1 1 1 1 1 1 1 1 1 1 1 
item 1
26.3601 82.6947 63.3678 89.9734 68.8846 119.734 56.5098 92.8466 47.872 107.099 35.9854 101.099 
107.679 107.679 107.679 107.679 107.679 107.679 107.679 107.679 107.679 107.679 107.679 107.679 
1 1 1 1 1 1 1 1 1 1 1 1 
item 2
52.3266 118.865 77.2497 101.647 33.8501 118.543 74.5156 92.092 52.214 104.15 38.8332 77.5701 
63.4492 63.4492 63.4492 63.4492 63.4492 63.4492 63.4492 63.4492 63.4492 63.4492 63.4492 63.4492 
1 1 1 1 1 1 1 1 1 1 1 1 
item 3
48.8908 115.688 42.1431 75.0127 47.788 115.418 41.6536 98.8917 48.0767 115.094 42.7488 108.18 
84.2467 84.2467 84.2467 84.2467 84.2467 84.2467 84.2467 84.2467 84.2467 84.2467 84.2467 84.2467 
1 1 1 1 1 1 1 1 1 1 1 1 
item 4
46.3634 137.649 45.4318 118.479 33.8735 107.934 73.0446 98.4581 38.2685 100.748 60.7041 141.469 
52.9524 52.9524 52.9524 52.9524 52.9524 52.9524 52.9524 52.9524 52.9524 52.9524 52.9524 52.9524 
1 1 1 1 1 1 1 1 1 1 1 1 
