12 20 
85.6815 85.6815 85.6815 85.6815 85.6815 85.6815 85.6815 85.6815 85.6815 85.6815 85.6815 85.6815 
item 0
14.7487 99.579 39.7921 86.2227 58.1721 88.151 70.172 103.874 32.6913 96.026 32.3784 67.0399 
51.5665 51.5665 51.5665 51.5665 51.5665 51.5665 51.5665 51.5665 51.5665 51.5665 51.5665 51.5665 
1 1 1 1 1 1 1 1 1 1 1 1 
item 1
59.6703 145.121 72.1014 111.511 45.5322 101.101 50.6739 70.2876 40.9566 110.318 39.5152 113.996 
46.7716 46.7716 46.7716 46.7716 46.7716 46.7716 46.7716 46.7716 46.7716 46.7716 46.7716 46.7716 
1 1 1 1 1 1 1 1 1 1 1 1 
item 2
4.88051 97.3604 24.5264 107.372 14.5444 84.5555 36.8791 106.287 16.7994 108.197 46.434 102.325 
38.7275 38.7275 38.7275 38.7275 38.7275 38.7275 38.7275 38.7275 38.7275 38.7275 38.7275 38.7275 
1 1 1 1 1 1 1 1 1 1 1 1 
item 3
36.3283 75.1083 51.4398 96.4696 17.9488 102.542 97.9188 68.5587 54.3788 130.961 28.2258 80.5168 
42.1354 42.1354 42.1354 42.1354 42.1354 42.1354 42.1354 42.1354 42.1354 42.1354 42.1354 42.1354 
1 1 1 1 1 1 1 1 1 1 1 1 
item 4
41.8696 132.866 36.5041 103.848 62.0925 108.768 48.9342 94.2634 31.1359 137.713 33.4103 86.6963 
38.7708 38.7708 38.7708 38.7708 38.7708 38.7708 38.7708 38.7708 38.7708 38.7708 38.7708 38.7708 
1 1 1 1 1 1 1 1 1 1 1 1 
item 5
45.5327 93.227 67.2373 113.841 48.1508 67.4238 56.3706 128.643 59.2935 91.1219 57.0473 74.662 
65.2012 65.2012 65.2012 65.2012 65.2012 65.2012 65.2012 65.2012 65.2012 65.2012 65.2012 65.2012 
1 1 1 1 1 1 1 1 1 1 1 1 
item 6
72.8835 86.8022 22.0182 98.8008 89.7414 114.881 44.0093 115.009 28.4508 101.529 84.1937 78.4321 
60.1097 60.1097 60.1097 60.1097 60.1097 60.1097 60.1097 60.1097 60.1097 60.1097 60.1097 60.1097 
1 1 1 1 1 1 1 1 1 1 1 1 
item 7
75.7211 76.9445 47.1934 89.525 43.1316 116.574 24.3142 92.6515 58.4258 115.139 58.2682 73.0058 
87.0288 87.0288 87.0288 87.0288 87.0288 87.0288 87.0288 87.0288 87.0288 87.0288 87.0288 87.0288 
1 1 1 1 1 1 1 1 1 1 1 1 
item 8
103.262 72.7369 42.8516 79.0825 24.7178 64.0244 13.3413 101.71 68.7414 101.054 53.2381 92.2765 
49.6906 49.6906 49.6906 49.6906 49.6906 49.6906 49.6906 49.6906 49.6906 49.6906 49.6906 49.6906 
1 1 1 1 1 1 1 1 1 1 1 1 
item 9
63.4621 86.1654 26.9087 112.007 44.2323 81.2999 34.7532 85.1639 107.276 96.1341 41.8957 87.6001 
74.1183 74.1183 74.1183 74.1183 74.1183 74.1183 74.1183 74.1183 74.1183 74.1183 74.1183 74.1183 
1 1 1 1 1 1 1 1 1 1 1 1 
item 10
67.6228 116.283 33.698 118.839 59.4839 109.142 38.4276 103.082 77.2087 110.677 33.942 128.378 
30.2015 30.2015 30.2015 30.2015 30.2015 30.2015 30.2015 30.2015 30.2015 30.2015 30.2015 30.2015 
1 1 1 1 1 1 1 1 1 1 1 1 
item 11
61.895 94.7336 68.9806 113.27 52.1595 112.401 70.0556 61.1665 52.6556 84.091 23.5065 82.8991 
73.617 73.617 73.617 73.617 73.617 73.617 73.617 73.617 73.617 73.617 73.617 73.617 
1 1 1 1 1 1 1 1 1 1 1 1 
item 12
48.0052 98.3463 60.7849 106.178 35.5785 147.005 47.1595 89.4766 49.4817 92.8717 66.8741 128.87 
66.8824 66.8824 66.8824 66.8824 66.8824 66.8824 66.8824 66.8824 66.8824 66.8824 66.8824 66.8824 
1 1 1 1 1 1 1 1 1 1 1 1 
item 13
34.9776 68.5065 49.961 117.493 43.2321 87.1351 44.5969 102.231 35.1036 97.1011 44.3573 119.947 
74.7514 74.7514 74.7514 74.7514 74.7514 74.7514 74.7514 74.7514 74.7514 74.7514 74.7514 74.7514 
1 1 1 1 1 1 1 1 1 1 1 1 
item 14
44.6211 85.9547 67.6454 79.15 83.5936 85.168 79.7067 109.685 51.0089 116.504 27.5434 117.513 
41.5989 41.5989 41.5989 41.5989 41.5989 41.5989 41.5989 41.5989 41.5989 41.5989 41.5989 41.5989 
1 1 1 1 1 1 1 1 1 1 1 1 
item 15
33.3446 111.091 53.6586 96.0923 70.6341 128.421 43.6437 81.1649 63.584 85.9731 60.7711 102.999 
65.9228 65.9228 65.9228 65.9228 65.9228 65.9228 65.9228 65.9228 65.9228 65.9228 65.9228 65.9228 
1 1 1 1 1 1 1 1 1 1 1 1 
item 16
53.6262 116.275 74.6025 102.598 47.878 108.361 57.0625 105.473 53.1327 98.5583 60.3639 122.899 
48.4983 48.4983 48.4983 48.4983 48.4983 48.4983 48.4983 48.4983 48.4983 48.4983 48.4983 48.4983 
1 1 1 1 1 1 1 1 1 1 1 1 
item 17
62.1867 87.4016 48.2302 100.258 32.2513 115.736 10.6067 90.4112 31.3022 117.505 46.7551 103.152 
49.219 49.219 49.219 49.219 49.219 49.219 49.219 49.219 49.219 49.219 49.219 49.219 
1 1 1 1 1 1 1 1 1 1 1 1 
item 18
41.0333 102.05 82.5254 112.559 62.4343 96.3635 50.5911 100.734 71.183 68.2629 56.7002 87.4487 
57.7091 57.7091 57.7091 57.7091 57.7091 57.7091 57.7091 57.7091 57.7091 57.7091 57.7091 57.7091 
1 1 1 1 1 1 1 1 1 1 1 1 
item 19
44.9546 95.8756 57.9095 143.368 73.1474 83.3022 78.0378 102.584 50.7507 111.333 31.9405 108.294 
81.2447 81.2447 81.2447 81.2447 81.2447 81.2447 81.2447 81.2447 81.2447 81.2447 81.2447 81.2447 
1 1 1 1 1 1 1 1 1 1 1 1 
