12 40 
501.059 501.059 501.059 501.059 501.059 501.059 501.059 501.059 501.059 501.059 501.059 501.059 
item 0
55.8325 88.8846 28.5577 0 0 126.72 0 0 35.7686 0 40.0537 113.049 
60.7216 60.7216 60.7216 60.7216 60.7216 60.7216 60.7216 60.7216 60.7216 60.7216 60.7216 60.7216 
1 1 1 1 1 1 1 1 1 1 1 1 
item 1
101.182 65.8042 68.6557 0 91.8324 0 71.1736 0 0 96.5372 43.3141 109.639 
24.8524 24.8524 24.8524 24.8524 24.8524 24.8524 24.8524 24.8524 24.8524 24.8524 24.8524 24.8524 
1 1 1 1 1 1 1 1 1 1 1 1 
item 2
34.0542 0 63.2182 0 30.2279 90.3461 0 0 0 66.7412 54.3209 0 
77.9403 77.9403 77.9403 77.9403 77.9403 77.9403 77.9403 77.9403 77.9403 77.9403 77.9403 77.9403 
1 1 1 1 1 1 1 1 1 1 1 1 
item 3
50.261 89.176 0 56.9727 0 119.929 0 95.8607 53.992 0 0 0 
44.8156 44.8156 44.8156 44.8156 44.8156 44.8156 44.8156 44.8156 44.8156 44.8156 44.8156 44.8156 
1 1 1 1 1 1 1 1 1 1 1 1 
item 4
69.3927 0 71.5366 101.842 48.0368 91.0379 0 0 42.0305 95.9523 71.2933 73.298 
84.5064 84.5064 84.5064 84.5064 84.5064 84.5064 84.5064 84.5064 84.5064 84.5064 84.5064 84.5064 
1 1 1 1 1 1 1 1 1 1 1 1 
item 5
23.0853 116.726 0 106.631 0 87.0263 0 114.657 0 0 0 83.0383 
86.3337 86.3337 86.3337 86.3337 86.3337 86.3337 86.3337 86.3337 86.3337 86.3337 86.3337 86.3337 
1 1 1 1 1 1 1 1 1 1 1 1 
item 6
23.3868 0 60.6462 0 117.039 0 0 0 48.6626 52.8866 0 118.086 
52.4665 52.4665 52.4665 52.4665 52.4665 52.4665 52.4665 52.4665 52.4665 52.4665 52.4665 52.4665 
1 1 1 1 1 1 1 1 1 1 1 1 
item 7
63.196 0 0 72.3245 63.5171 0 55.8148 138.322 0 0 76.4176 0 
42.9948 42.9948 42.9948 42.9948 42.9948 42.9948 42.9948 42.9948 42.9948 42.9948 42.9948 42.9948 
1 1 1 1 1 1 1 1 1 1 1 1 
item 8
25.3582 67.1182 0 114.157 0 138.179 98.6169 0 58.3442 80.4492 0 0 
79.5596 79.5596 79.5596 79.5596 79.5596 79.5596 79.5596 79.5596 79.5596 79.5596 79.5596 79.5596 
1 1 1 1 1 1 1 1 1 1 1 1 
item 9
54.229 86.3812 78.1019 0 67.1632 85.0363 30.1574 0 20.813 94.4054 39.627 86.1267 
85.9985 85.9985 85.9985 85.9985 85.9985 85.9985 85.9985 85.9985 85.9985 85.9985 85.9985 85.9985 
1 1 1 1 1 1 1 1 1 1 1 1 
item 10
59.8134 0 16.2634 87.6839 0 131.839 50.6137 0 0 0 56.5566 0 
69.4097 69.4097 69.4097 69.4097 69.4097 69.4097 69.4097 69.4097 69.4097 69.4097 69.4097 69.4097 
1 1 1 1 1 1 1 1 1 1 1 1 
item 11
80.4569 70.0873 27.4396 0 0 131.213 0 122.944 33.0345 106.165 0 0 
56.8375 56.8375 56.8375 56.8375 56.8375 56.8375 56.8375 56.8375 56.8375 56.8375 56.8375 56.8375 
1 1 1 1 1 1 1 1 1 1 1 1 
item 12
27.0048 0 0 0 0 0 89.0984 0 0 90.4401 0 0 
70.3124 70.3124 70.3124 70.3124 70.3124 70.3124 70.3124 70.3124 70.3124 70.3124 70.3124 70.3124 
1 1 1 1 1 1 1 1 1 1 1 1 
item 13
76.1422 111.342 0 0 0 0 23.677 0 0 0 63.2931 122.555 
70.9199 70.9199 70.9199 70.9199 70.9199 70.9199 70.9199 70.9199 70.9199 70.9199 70.9199 70.9199 
1 1 1 1 1 1 1 1 1 1 1 1 
item 14
60.8087 0 63.1777 124.999 24.3307 0 0 0 0 86.5986 56.0537 0 
85.4927 85.4927 85.4927 85.4927 85.4927 85.4927 85.4927 85.4927 85.4927 85.4927 85.4927 85.4927 
1 1 1 1 1 1 1 1 1 1 1 1 
item 15
61.3506 84.4976 50.0357 90.28 0 85.057 0 134.604 97.7066 0 0 67.7472 
74.1279 74.1279 74.1279 74.1279 74.1279 74.1279 74.1279 74.1279 74.1279 74.1279 74.1279 74.1279 
1 1 1 1 1 1 1 1 1 1 1 1 
item 16
41.1215 0 48.8405 117.067 40.869 88.3712 58.0875 104.845 0 130.703 44.3543 0 
88.3301 88.3301 88.3301 88.3301 88.3301 88.3301 88.3301 88.3301 88.3301 88.3301 88.3301 88.3301 
1 1 1 1 1 1 1 1 1 1 1 1 
item 17
21.8092 88.0872 0 57.392 54.483 79.3688 95.0654 0 0 71.2209 0 0 
68.6795 68.6795 68.6795 68.6795 68.6795 68.6795 68.6795 68.6795 68.6795 68.6795 68.6795 68.6795 
1 1 1 1 1 1 1 1 1 1 1 1 
item 18
25.3774 118.031 0 140.861 32.6826 0 53.2184 0 0 104.514 0 0 
48.2463 48.2463 48.2463 48.2463 48.2463 48.2463 48.2463 48.2463 48.2463 48.2463 48.2463 48.2463 
1 1 1 1 1 1 1 1 1 1 1 1 
item 19
65.4913 30.3869 0 103.54 0 92.8836 38.0271 0 0 0 0 0 
88.2892 88.2892 88.2892 88.2892 88.2892 88.2892 88.2892 88.2892 88.2892 88.2892 88.2892 88.2892 
1 1 1 1 1 1 1 1 1 1 1 1 
item 20
39.8104 0 31.8358 0 82.668 0 57.4048 89.7364 43.5624 91.3329 52.8196 0 
64.0388 64.0388 64.0388 64.0388 64.0388 64.0388 64.0388 64.0388 64.0388 64.0388 64.0388 64.0388 
1 1 1 1 1 1 1 1 1 1 1 1 
item 21
18.9663 0 0 66.384 45.5092 0 0 0 82.3468 0 38.5257 89.5216 
54.0741 54.0741 54.0741 54.0741 54.0741 54.0741 54.0741 54.0741 54.0741 54.0741 54.0741 54.0741 
1 1 1 1 1 1 1 1 1 1 1 1 
item 22
53.1659 0 57.9713 97.7788 0 0 44.9018 75.9446 0 0 65.7158 0 
51.9259 51.9259 51.9259 51.9259 51.9259 51.9259 51.9259 51.9259 51.9259 51.9259 51.9259 51.9259 
1 1 1 1 1 1 1 1 1 1 1 1 
item 23
27.809 0 35.666 0 0 130.547 0 123.68 0 0 80.3533 0 
50.4956 50.4956 50.4956 50.4956 50.4956 50.4956 50.4956 50.4956 50.4956 50.4956 50.4956 50.4956 
1 1 1 1 1 1 1 1 1 1 1 1 
item 24
25.6074 63.7834 70.4507 123.199 55.0401 67.0927 0 0 0 106.081 68.2539 0 
65.0271 65.0271 65.0271 65.0271 65.0271 65.0271 65.0271 65.0271 65.0271 65.0271 65.0271 65.0271 
1 1 1 1 1 1 1 1 1 1 1 1 
item 25
56.0923 0 0 0 0 0 50.8896 68.8467 0 97.3015 24.0793 83.2446 
79.5562 79.5562 79.5562 79.5562 79.5562 79.5562 79.5562 79.5562 79.5562 79.5562 79.5562 79.5562 
1 1 1 1 1 1 1 1 1 1 1 1 
item 26
58.6554 0 36.4138 0 58.0336 109.967 59.3541 85.376 0 0 0 122.962 
70.0366 70.0366 70.0366 70.0366 70.0366 70.0366 70.0366 70.0366 70.0366 70.0366 70.0366 70.0366 
1 1 1 1 1 1 1 1 1 1 1 1 
item 27
23.1897 86.9905 0 0 0 90.6112 76.64 0 40.1542 0 0 0 
50.4155 50.4155 50.4155 50.4155 50.4155 50.4155 50.4155 50.4155 50.4155 50.4155 50.4155 50.4155 
1 1 1 1 1 1 1 1 1 1 1 1 
item 28
20.3666 95.7218 0 73.6639 54.1509 108.978 53.9625 75.8104 41.5735 87.9847 38.7131 0 
57.285 57.285 57.285 57.285 57.285 57.285 57.285 57.285 57.285 57.285 57.285 57.285 
1 1 1 1 1 1 1 1 1 1 1 1 
item 29
68.5088 85.5775 35.432 0 0 92.502 0 0 33.9202 0 72.4607 136.26 
34.1371 34.1371 34.1371 34.1371 34.1371 34.1371 34.1371 34.1371 34.1371 34.1371 34.1371 34.1371 
1 1 1 1 1 1 1 1 1 1 1 1 
item 30
72.1161 99.6938 0 0 0 0 42.718 75.726 0 0 0 82.9038 
52.2516 52.2516 52.2516 52.2516 52.2516 52.2516 52.2516 52.2516 52.2516 52.2516 52.2516 52.2516 
1 1 1 1 1 1 1 1 1 1 1 1 
item 31
68.2643 84.4308 25.5323 0 40.3072 111.701 98.9439 95.7574 0 95.969 65.4664 0 
56.6629 56.6629 56.6629 56.6629 56.6629 56.6629 56.6629 56.6629 56.6629 56.6629 56.6629 56.6629 
1 1 1 1 1 1 1 1 1 1 1 1 
item 32
58.8896 98.5513 51.092 0 45.6845 0 57.1332 0 0 123.449 0 0 
35.9469 35.9469 35.9469 35.9469 35.9469 35.9469 35.9469 35.9469 35.9469 35.9469 35.9469 35.9469 
1 1 1 1 1 1 1 1 1 1 1 1 
item 33
33.4146 84.4181 82.3535 101.424 0 125.238 0 0 69.4108 110.35 0 77.8795 
71.5589 71.5589 71.5589 71.5589 71.5589 71.5589 71.5589 71.5589 71.5589 71.5589 71.5589 71.5589 
1 1 1 1 1 1 1 1 1 1 1 1 
item 34
56.1668 0 25.0696 0 0 0 31.1625 0 0 0 54.9794 72.4669 
55.3286 55.3286 55.3286 55.3286 55.3286 55.3286 55.3286 55.3286 55.3286 55.3286 55.3286 55.3286 
1 1 1 1 1 1 1 1 1 1 1 1 
item 35
58.6375 115.198 0 72.9387 0 0 66.5558 101.514 0 101.14 82.2186 93.5527 
40.9292 40.9292 40.9292 40.9292 40.9292 40.9292 40.9292 40.9292 40.9292 40.9292 40.9292 40.9292 
1 1 1 1 1 1 1 1 1 1 1 1 
item 36
51.44 83.947 0 105.49 0 0 69.8328 0 26.7695 0 35.9961 0 
54.4341 54.4341 54.4341 54.4341 54.4341 54.4341 54.4341 54.4341 54.4341 54.4341 54.4341 54.4341 
1 1 1 1 1 1 1 1 1 1 1 1 
item 37
19.8481 84.434 0 0 0 0 0 94.7587 0 0 50.5761 92.8185 
82.9702 82.9702 82.9702 82.9702 82.9702 82.9702 82.9702 82.9702 82.9702 82.9702 82.9702 82.9702 
1 1 1 1 1 1 1 1 1 1 1 1 
item 38
34.3866 0 0 110.862 54.6654 0 0 0 0 0 70.0302 0 
56.9554 56.9554 56.9554 56.9554 56.9554 56.9554 56.9554 56.9554 56.9554 56.9554 56.9554 56.9554 
1 1 1 1 1 1 1 1 1 1 1 1 
item 39
84.5028 0 0 106.581 0 88.3361 0 105.378 49.6333 71.7396 41.852 0 
97.7105 97.7105 97.7105 97.7105 97.7105 97.7105 97.7105 97.7105 97.7105 97.7105 97.7105 97.7105 
1 1 1 1 1 1 1 1 1 1 1 1 
