24 20 
194.261 194.261 194.261 194.261 194.261 194.261 194.261 194.261 194.261 194.261 194.261 194.261 194.261 194.261 194.261 194.261 194.261 194.261 194.261 194.261 194.261 194.261 194.261 194.261 
item 0
69.2376 120.966 25.989 103.046 52.8461 108.299 55.7557 79.0788 33.5559 102.677 52.4755 135.605 45.3151 155.124 28.8895 107.464 61.1622 113.186 17.2172 86.0215 46.5478 145.625 36.0594 109.809 
64.8743 64.8743 64.8743 64.8743 64.8743 64.8743 64.8743 64.8743 64.8743 64.8743 64.8743 64.8743 64.8743 64.8743 64.8743 64.8743 64.8743 64.8743 64.8743 64.8743 64.8743 64.8743 64.8743 64.8743 
1 1 1 1 1 1 1 1 1 1 1 1 1 1 1 1 1 1 1 1 1 1 1 1 
item 1
9.8247 76.4691 20.0093 104.45 24.2732 73.0436 11.3026 79.4527 21.5783 120.544 57.4597 73.8981 65.738 149.501 84.1217 113.595 26.5837 132 85.2335 131.833 18.1648 112.751 43.0948 107.404 
46.6681 46.6681 46.6681 46.6681 46.6681 46.6681 46.6681 46.6681 46.6681 46.6681 46.6681 46.6681 46.6681 46.6681 46.6681 46.6681 46.6681 46.6681 46.6681 46.6681 46.6681 46.6681 46.6681 46.6681 
1 1 1 1 1 1 1 1 1 1 1 1 1 1 1 1 1 1 1 1 1 1 1 1 
item 2
103.193 74.0479 50.4479 65.3859 53.6601 103.853 74.6552 92.7483 45.0851 110.412 53.5685 94.9592 54.6818 102.754 29.4721 74.6584 82.7543 61.508 34.469 105.836 49.3938 92.4214 49.6114 101.524 
51.0068 51.0068 51.0068 51.0068 51.0068 51.0068 51.0068 51.0068 51.0068 51.0068 51.0068 51.0068 51.0068 51.0068 51.0068 51.0068 51.0068 51.0068 51.0068 51.0068 51.0068 51.0068 51.0068 51.0068 
1 1 1 1 1 1 1 1 1 1 1 1 1 1 1 1 1 1 1 1 1 1 1 1 
item 3
41.6395 128.88 50.836 88.57 37.9509 104.305 63.1772 109.874 52.6744 77.3259 28.5319 101.081 65.6052 93.3016 58.0837 68.1561 66.0745 106.231 60.8139 117.868 50.9584 122.558 52.8933 66.6611 
75.4561 75.4561 75.4561 75.4561 75.4561 75.4561 75.4561 75.4561 75.4561 75.4561 75.4561 75.4561 75.4561 75.4561 75.4561 75.4561 75.4561 75.4561 75.4561 75.4561 75.4561 75.4561 75.4561 75.4561 
1 1 1 1 1 1 1 1 1 1 1 1 1 1 1 1 1 1 1 1 1 1 1 1 
item 4
58.4829 124.108 38.9683 106.203 20.8932 109.354 38.4612 136.474 43.8912 99.8661 42.2589 120.409 68.7323 84.4931 48.2139 124.753 0 100.388 30.0882 100.253 19.2373 113.847 79.213 82.0877 
71.2644 71.2644 71.2644 71.2644 71.2644 71.2644 71.2644 71.2644 71.2644 71.2644 71.2644 71.2644 71.2644 71.2644 71.2644 71.2644 71.2644 71.2644 71.2644 71.2644 71.2644 71.2644 71.2644 71.2644 
1 1 1 1 1 1 1 1 1 1 1 1 1 1 1 1 1 1 1 1 1 1 1 1 
item 5
78.4748 120.885 61.6342 139.482 45.3659 138.706 30.9259 91.647 30.126 124.666 9.51787 79.9735 64.703 94.6712 59.838 91.2877 93.0065 74.8927 40.3839 95.9196 71.2686 59.7374 42.6365 73.8892 
64.1936 64.1936 64.1936 64.1936 64.1936 64.1936 64.1936 64.1936 64.1936 64.1936 64.1936 64.1936 64.1936 64.1936 64.1936 64.1936 64.1936 64.1936 64.1936 64.1936 64.1936 64.1936 64.1936 64.1936 
1 1 1 1 1 1 1 1 1 1 1 1 1 1 1 1 1 1 1 1 1 1 1 1 
item 6
40.0203 126.672 27.5151 99.0517 78.2335 121.765 52.9063 101.107 30.4833 91.2139 46.6275 106.768 32.219 113.836 53.8075 101.066 53.261 99.474 45.9634 114.44 60.8594 69.9741 44.4677 107.95 
98.7683 98.7683 98.7683 98.7683 98.7683 98.7683 98.7683 98.7683 98.7683 98.7683 98.7683 98.7683 98.7683 98.7683 98.7683 98.7683 98.7683 98.7683 98.7683 98.7683 98.7683 98.7683 98.7683 98.7683 
1 1 1 1 1 1 1 1 1 1 1 1 1 1 1 1 1 1 1 1 1 1 1 1 
item 7
68.5654 109.004 67.384 85.9383 52.8003 123.694 50.8299 51.3905 52.4717 108.828 61.0767 155.88 17.2131 122.658 25.8954 99.3089 75.0591 79.3151 58.7043 154.466 44.3366 97.8168 90.8342 80.446 
81.3013 81.3013 81.3013 81.3013 81.3013 81.3013 81.3013 81.3013 81.3013 81.3013 81.3013 81.3013 81.3013 81.3013 81.3013 81.3013 81.3013 81.3013 81.3013 81.3013 81.3013 81.3013 81.3013 81.3013 
1 1 1 1 1 1 1 1 1 1 1 1 1 1 1 1 1 1 1 1 1 1 1 1 
item 8
51.1896 134.561 28.2043 62.5055 20.8634 121.602 44.1784 89.5658 29.1362 113.674 37.153 59.9346 63.5468 105.863 34.2064 75.5328 45.6533 92.9545 54.4813 106.92 53.482 76.1632 50.9571 79.2764 
32.2158 32.2158 32.2158 32.2158 32.2158 32.2158 32.2158 32.2158 32.2158 32.2158 32.2158 32.2158 32.2158 32.2158 32.2158 32.2158 32.2158 32.2158 32.2158 32.2158 32.2158 32.2158 32.2158 32.2158 
1 1 1 1 1 1 1 1 1 1 1 1 1 1 1 1 1 1 1 1 1 1 1 1 
item 9
48.4947 109.085 23.815 83.0379 62.2151 111.961 46.9473 94.3121 50.4169 78.1381 70.5739 108.972 33.9895 84.8358 27.7845 134.871 45.8378 74.1815 89.0784 93.6138 50.4705 131.511 74.5401 78.8952 
71.5392 71.5392 71.5392 71.5392 71.5392 71.5392 71.5392 71.5392 71.5392 71.5392 71.5392 71.5392 71.5392 71.5392 71.5392 71.5392 71.5392 71.5392 71.5392 71.5392 71.5392 71.5392 71.5392 71.5392 
1 1 1 1 1 1 1 1 1 1 1 1 1 1 1 1 1 1 1 1 1 1 1 1 
item 10
35.0832 138.989 47.945 118.422 69.1951 109.957 34.3483 92.3984 57.7111 116.623 52.317 96.0852 16.358 121.192 34.1965 84.0273 28.0818 102.431 48.189 128.371 79.0413 98.2157 35.2352 102.371 
72.9133 72.9133 72.9133 72.9133 72.9133 72.9133 72.9133 72.9133 72.9133 72.9133 72.9133 72.9133 72.9133 72.9133 72.9133 72.9133 72.9133 72.9133 72.9133 72.9133 72.9133 72.9133 72.9133 72.9133 
1 1 1 1 1 1 1 1 1 1 1 1 1 1 1 1 1 1 1 1 1 1 1 1 
item 11
67.4123 99.6354 29.4647 111.1 42.7235 83.3623 49.5912 80.4992 68.8318 85.5774 62.7934 112.612 36.7193 134.236 42.3433 97.3045 31.4386 108.439 54.415 144.271 53.9584 111.422 72.6515 90.748 
52.6599 52.6599 52.6599 52.6599 52.6599 52.6599 52.6599 52.6599 52.6599 52.6599 52.6599 52.6599 52.6599 52.6599 52.6599 52.6599 52.6599 52.6599 52.6599 52.6599 52.6599 52.6599 52.6599 52.6599 
1 1 1 1 1 1 1 1 1 1 1 1 1 1 1 1 1 1 1 1 1 1 1 1 
item 12
61.236 111.27 4.95625 81.5734 53.7213 48.0883 62.3631 110.418 51.4204 101.851 50.446 117.673 69.6656 100.851 51.9849 93.7987 68.7479 93.6798 74.8706 66.2795 12.6498 127.878 30.6945 112.417 
102.334 102.334 102.334 102.334 102.334 102.334 102.334 102.334 102.334 102.334 102.334 102.334 102.334 102.334 102.334 102.334 102.334 102.334 102.334 102.334 102.334 102.334 102.334 102.334 
1 1 1 1 1 1 1 1 1 1 1 1 1 1 1 1 1 1 1 1 1 1 1 1 
item 13
46.1676 73.2788 53.6842 147.699 44.8578 74.4905 63.2445 86.0691 29.649 110.637 28.2541 79.0554 6.87438 117.257 71.8934 110.883 66.426 108.933 72.0326 89.6285 43.8169 130.408 35.0173 95.756 
68.8547 68.8547 68.8547 68.8547 68.8547 68.8547 68.8547 68.8547 68.8547 68.8547 68.8547 68.8547 68.8547 68.8547 68.8547 68.8547 68.8547 68.8547 68.8547 68.8547 68.8547 68.8547 68.8547 68.8547 
1 1 1 1 1 1 1 1 1 1 1 1 1 1 1 1 1 1 1 1 1 1 1 1 
item 14
33.0869 81.8082 50.6984 70.0588 25.4274 122.216 53.2769 90.1284 59.4051 159.669 27.4618 95.4575 65.418 103.069 33.9667 123.799 28.4722 110.971 74.895 94.837 52.4216 101.012 36.4923 99.2644 
81.8275 81.8275 81.8275 81.8275 81.8275 81.8275 81.8275 81.8275 81.8275 81.8275 81.8275 81.8275 81.8275 81.8275 81.8275 81.8275 81.8275 81.8275 81.8275 81.8275 81.8275 81.8275 81.8275 81.8275 
1 1 1 1 1 1 1 1 1 1 1 1 1 1 1 1 1 1 1 1 1 1 1 1 
item 15
50.1449 91.7575 9.48607 65.6434 73.6591 119.244 68.6278 89.2053 26.6736 80.0972 67.4592 79.9872 73.017 112.162 36.2518 97.9424 59.9603 123.18 62.7833 86.9518 49.3826 142.946 86.5698 93.8937 
54.882 54.882 54.882 54.882 54.882 54.882 54.882 54.882 54.882 54.882 54.882 54.882 54.882 54.882 54.882 54.882 54.882 54.882 54.882 54.882 54.882 54.882 54.882 54.882 
1 1 1 1 1 1 1 1 1 1 1 1 1 1 1 1 1 1 1 1 1 1 1 1 
item 16
39.9569 95.7264 58.574 86.2939 74.3452 105.653 56.6289 122.175 38.4219 105.067 44.8981 129.71 30.7035 108.716 56.677 84.1802 106.795 107.056 65.7157 122.596 61.5499 117.44 28.2552 91.3227 
46.5782 46.5782 46.5782 46.5782 46.5782 46.5782 46.5782 46.5782 46.5782 46.5782 46.5782 46.5782 46.5782 46.5782 46.5782 46.5782 46.5782 46.5782 46.5782 46.5782 46.5782 46.5782 46.5782 46.5782 
1 1 1 1 1 1 1 1 1 1 1 1 1 1 1 1 1 1 1 1 1 1 1 1 
item 17
57.2587 107.76 82.9657 84.5467 54.9546 121.728 84.2112 82.1592 36.3068 123.034 81.395 85.3446 50.366 100.076 40.7891 119.119 51.8182 106.744 75.1696 100.332 61.3168 117.231 35.6146 82.6242 
49.0986 49.0986 49.0986 49.0986 49.0986 49.0986 49.0986 49.0986 49.0986 49.0986 49.0986 49.0986 49.0986 49.0986 49.0986 49.0986 49.0986 49.0986 49.0986 49.0986 49.0986 49.0986 49.0986 49.0986 
1 1 1 1 1 1 1 1 1 1 1 1 1 1 1 1 1 1 1 1 1 1 1 1 
item 18
39.3592 85.376 56.3281 96.077 66.4436 143.94 96.1322 99.6681 54.3571 123.409 25.6297 78.8426 45.0257 83.2554 43.5347 110.462 41.0935 72.1755 78.0272 103.355 53.6347 85.1192 52.2389 110.255 
87.3052 87.3052 87.3052 87.3052 87.3052 87.3052 87.3052 87.3052 87.3052 87.3052 87.3052 87.3052 87.3052 87.3052 87.3052 87.3052 87.3052 87.3052 87.3052 87.3052 87.3052 87.3052 87.3052 87.3052 
1 1 1 1 1 1 1 1 1 1 1 1 1 1 1 1 1 1 1 1 1 1 1 1 
item 19
30.1556 99.335 41.1204 92.7108 46.6118 112.033 72.6148 89.7778 71.9082 86.5551 63.8641 104.116 38.8781 54.8862 45.9982 96.8408 90.7321 117.604 11.1896 85.3104 30.0583 104.796 23.5806 96.7587 
66.9162 66.9162 66.9162 66.9162 66.9162 66.9162 66.9162 66.9162 66.9162 66.9162 66.9162 66.9162 66.9162 66.9162 66.9162 66.9162 66.9162 66.9162 66.9162 66.9162 66.9162 66.9162 66.9162 66.9162 
1 1 1 1 1 1 1 1 1 1 1 1 1 1 1 1 1 1 1 1 1 1 1 1 
