6 20 
-6.27744e+66 46.1438 189.823 294.854 682.452 823.208 1309.51 
-6.27744e+66 -6.27744e+66 46.1438 98.6591 357.058 462.625 851.667 
-6.27744e+66 -6.27744e+66 -6.27744e+66 46.1438 175.343 245.721 537.503 
-6.27744e+66 -6.27744e+66 -6.27744e+66 -6.27744e+66 46.1438 81.3328 275.854 
-6.27744e+66 -6.27744e+66 -6.27744e+66 -6.27744e+66 -6.27744e+66 46.1438 143.404 
-6.27744e+66 -6.27744e+66 -6.27744e+66 -6.27744e+66 -6.27744e+66 -6.27744e+66 46.1438 
-6.27744e+66 -6.27744e+66 -6.27744e+66 -6.27744e+66 -6.27744e+66 -6.27744e+66 -6.27744e+66 
-6.27744e+66 67.5357 191.845 272.084 551.969 643.345 1198.58 
-6.27744e+66 -6.27744e+66 67.5357 107.655 294.245 362.778 806.964 
-6.27744e+66 -6.27744e+66 -6.27744e+66 67.5357 160.831 206.519 539.659 
-6.27744e+66 -6.27744e+66 -6.27744e+66 -6.27744e+66 67.5357 90.3799 312.473 
-6.27744e+66 -6.27744e+66 -6.27744e+66 -6.27744e+66 -6.27744e+66 67.5357 178.582 
-6.27744e+66 -6.27744e+66 -6.27744e+66 -6.27744e+66 -6.27744e+66 -6.27744e+66 67.5357 
-6.27744e+66 -6.27744e+66 -6.27744e+66 -6.27744e+66 -6.27744e+66 -6.27744e+66 -6.27744e+66 
-6.27744e+66 42.3161 92.3126 151.255 366.336 656.804 1123.79 
-6.27744e+66 -6.27744e+66 42.3161 71.7872 215.175 433.026 806.611 
-6.27744e+66 -6.27744e+66 -6.27744e+66 42.3161 114.01 259.244 539.433 
-6.27744e+66 -6.27744e+66 -6.27744e+66 -6.27744e+66 42.3161 114.933 301.726 
-6.27744e+66 -6.27744e+66 -6.27744e+66 -6.27744e+66 -6.27744e+66 42.3161 135.712 
-6.27744e+66 -6.27744e+66 -6.27744e+66 -6.27744e+66 -6.27744e+66 -6.27744e+66 42.3161 
-6.27744e+66 -6.27744e+66 -6.27744e+66 -6.27744e+66 -6.27744e+66 -6.27744e+66 -6.27744e+66 
-6.27744e+66 57.5006 149.956 233.11 585.081 699.294 1202.52 
-6.27744e+66 -6.27744e+66 57.5006 99.0777 333.725 419.385 821.966 
-6.27744e+66 -6.27744e+66 -6.27744e+66 57.5006 174.824 231.931 533.867 
-6.27744e+66 -6.27744e+66 -6.27744e+66 -6.27744e+66 57.5006 86.0539 287.345 
-6.27744e+66 -6.27744e+66 -6.27744e+66 -6.27744e+66 -6.27744e+66 57.5006 158.146 
-6.27744e+66 -6.27744e+66 -6.27744e+66 -6.27744e+66 -6.27744e+66 -6.27744e+66 57.5006 
-6.27744e+66 -6.27744e+66 -6.27744e+66 -6.27744e+66 -6.27744e+66 -6.27744e+66 -6.27744e+66 
-6.27744e+66 27.3497 107.398 234.814 490.258 713.636 1039.17 
-6.27744e+66 -6.27744e+66 27.3497 91.0577 261.354 428.887 689.314 
-6.27744e+66 -6.27744e+66 -6.27744e+66 27.3497 112.498 224.187 419.507 
-6.27744e+66 -6.27744e+66 -6.27744e+66 -6.27744e+66 27.3497 83.1942 213.408 
-6.27744e+66 -6.27744e+66 -6.27744e+66 -6.27744e+66 -6.27744e+66 27.3497 92.4565 
-6.27744e+66 -6.27744e+66 -6.27744e+66 -6.27744e+66 -6.27744e+66 -6.27744e+66 27.3497 
-6.27744e+66 -6.27744e+66 -6.27744e+66 -6.27744e+66 -6.27744e+66 -6.27744e+66 -6.27744e+66 
-6.27744e+66 62.641 141.319 261.518 567.987 736.965 1341.67 
-6.27744e+66 -6.27744e+66 62.641 122.741 327.053 453.787 937.552 
-6.27744e+66 -6.27744e+66 -6.27744e+66 62.641 164.798 249.286 612.11 
-6.27744e+66 -6.27744e+66 -6.27744e+66 -6.27744e+66 62.641 104.886 346.768 
-6.27744e+66 -6.27744e+66 -6.27744e+66 -6.27744e+66 -6.27744e+66 62.641 183.582 
-6.27744e+66 -6.27744e+66 -6.27744e+66 -6.27744e+66 -6.27744e+66 -6.27744e+66 62.641 
-6.27744e+66 -6.27744e+66 -6.27744e+66 -6.27744e+66 -6.27744e+66 -6.27744e+66 -6.27744e+66 
-6.27744e+66 30.7337 145.745 242.516 476.409 599.902 1136.69 
-6.27744e+66 -6.27744e+66 30.7337 79.1193 235.048 327.668 757.095 
-6.27744e+66 -6.27744e+66 -6.27744e+66 30.7337 108.698 170.445 492.515 
-6.27744e+66 -6.27744e+66 -6.27744e+66 -6.27744e+66 30.7337 61.607 276.32 
-6.27744e+66 -6.27744e+66 -6.27744e+66 -6.27744e+66 -6.27744e+66 30.7337 138.09 
-6.27744e+66 -6.27744e+66 -6.27744e+66 -6.27744e+66 -6.27744e+66 -6.27744e+66 30.7337 
-6.27744e+66 -6.27744e+66 -6.27744e+66 -6.27744e+66 -6.27744e+66 -6.27744e+66 -6.27744e+66 
-6.27744e+66 95.4282 161.867 338.959 615.319 836.826 1355.27 
-6.27744e+66 -6.27744e+66 95.4282 183.974 368.214 534.344 949.099 
-6.27744e+66 -6.27744e+66 -6.27744e+66 95.4282 187.548 298.302 609.368 
-6.27744e+66 -6.27744e+66 -6.27744e+66 -6.27744e+66 95.4282 150.805 358.182 
-6.27744e+66 -6.27744e+66 -6.27744e+66 -6.27744e+66 -6.27744e+66 95.4282 199.117 
-6.27744e+66 -6.27744e+66 -6.27744e+66 -6.27744e+66 -6.27744e+66 -6.27744e+66 95.4282 
-6.27744e+66 -6.27744e+66 -6.27744e+66 -6.27744e+66 -6.27744e+66 -6.27744e+66 -6.27744e+66 
-6.27744e+66 81.8799 171.275 384.495 734.715 975.892 1425.22 
-6.27744e+66 -6.27744e+66 81.8799 188.49 421.97 602.853 962.315 
-6.27744e+66 -6.27744e+66 -6.27744e+66 81.8799 198.62 319.208 588.805 
-6.27744e+66 -6.27744e+66 -6.27744e+66 -6.27744e+66 81.8799 142.174 321.905 
-6.27744e+66 -6.27744e+66 -6.27744e+66 -6.27744e+66 -6.27744e+66 81.8799 171.745 
-6.27744e+66 -6.27744e+66 -6.27744e+66 -6.27744e+66 -6.27744e+66 -6.27744e+66 81.8799 
-6.27744e+66 -6.27744e+66 -6.27744e+66 -6.27744e+66 -6.27744e+66 -6.27744e+66 -6.27744e+66 
-6.27744e+66 50.0266 95.1744 160.692 539.198 742.599 1302.47 
-6.27744e+66 -6.27744e+66 50.0266 82.7856 335.123 487.673 935.573 
-6.27744e+66 -6.27744e+66 -6.27744e+66 50.0266 176.195 277.896 613.82 
-6.27744e+66 -6.27744e+66 -6.27744e+66 -6.27744e+66 50.0266 100.877 324.827 
-6.27744e+66 -6.27744e+66 -6.27744e+66 -6.27744e+66 -6.27744e+66 50.0266 162.002 
-6.27744e+66 -6.27744e+66 -6.27744e+66 -6.27744e+66 -6.27744e+66 -6.27744e+66 50.0266 
-6.27744e+66 -6.27744e+66 -6.27744e+66 -6.27744e+66 -6.27744e+66 -6.27744e+66 -6.27744e+66 
-6.27744e+66 44.5054 135.402 207.619 551.409 688.568 1161.36 
-6.27744e+66 -6.27744e+66 44.5054 80.614 309.807 412.676 790.908 
-6.27744e+66 -6.27744e+66 -6.27744e+66 44.5054 159.102 227.681 511.355 
-6.27744e+66 -6.27744e+66 -6.27744e+66 -6.27744e+66 44.5054 78.7952 267.911 
-6.27744e+66 -6.27744e+66 -6.27744e+66 -6.27744e+66 -6.27744e+66 44.5054 139.063 
-6.27744e+66 -6.27744e+66 -6.27744e+66 -6.27744e+66 -6.27744e+66 -6.27744e+66 44.5054 
-6.27744e+66 -6.27744e+66 -6.27744e+66 -6.27744e+66 -6.27744e+66 -6.27744e+66 -6.27744e+66 
-6.27744e+66 77.1768 182.819 259.469 501.005 675.999 1150.62 
-6.27744e+66 -6.27744e+66 77.1768 115.502 276.526 407.771 787.464 
-6.27744e+66 -6.27744e+66 -6.27744e+66 77.1768 157.689 245.186 529.955 
-6.27744e+66 -6.27744e+66 -6.27744e+66 -6.27744e+66 77.1768 120.925 310.772 
-6.27744e+66 -6.27744e+66 -6.27744e+66 -6.27744e+66 -6.27744e+66 77.1768 172.1 
-6.27744e+66 -6.27744e+66 -6.27744e+66 -6.27744e+66 -6.27744e+66 -6.27744e+66 77.1768 
-6.27744e+66 -6.27744e+66 -6.27744e+66 -6.27744e+66 -6.27744e+66 -6.27744e+66 -6.27744e+66 
-6.27744e+66 57.0781 148.244 196.093 515.753 752.934 1181.76 
-6.27744e+66 -6.27744e+66 57.0781 81.0026 294.109 471.994 815.058 
-6.27744e+66 -6.27744e+66 -6.27744e+66 57.0781 163.631 282.222 539.519 
-6.27744e+66 -6.27744e+66 -6.27744e+66 -6.27744e+66 57.0781 116.373 287.905 
-6.27744e+66 -6.27744e+66 -6.27744e+66 -6.27744e+66 -6.27744e+66 57.0781 142.844 
-6.27744e+66 -6.27744e+66 -6.27744e+66 -6.27744e+66 -6.27744e+66 -6.27744e+66 57.0781 
-6.27744e+66 -6.27744e+66 -6.27744e+66 -6.27744e+66 -6.27744e+66 -6.27744e+66 -6.27744e+66 
-6.27744e+66 86.5581 189.796 310.962 526.977 794.244 1260.74 
-6.27744e+66 -6.27744e+66 86.5581 147.141 291.151 491.601 864.799 
-6.27744e+66 -6.27744e+66 -6.27744e+66 86.5581 158.563 292.196 572.095 
-6.27744e+66 -6.27744e+66 -6.27744e+66 -6.27744e+66 86.5581 153.375 339.974 
-6.27744e+66 -6.27744e+66 -6.27744e+66 -6.27744e+66 -6.27744e+66 86.5581 179.858 
-6.27744e+66 -6.27744e+66 -6.27744e+66 -6.27744e+66 -6.27744e+66 -6.27744e+66 86.5581 
-6.27744e+66 -6.27744e+66 -6.27744e+66 -6.27744e+66 -6.27744e+66 -6.27744e+66 -6.27744e+66 
-6.27744e+66 74.8982 208.347 374.653 612.707 826.193 1244.2 
-6.27744e+66 -6.27744e+66 74.8982 158.051 316.754 476.868 811.273 
-6.27744e+66 -6.27744e+66 -6.27744e+66 74.8982 154.249 260.992 511.796 
-6.27744e+66 -6.27744e+66 -6.27744e+66 -6.27744e+66 74.8982 128.27 295.472 
-6.27744e+66 -6.27744e+66 -6.27744e+66 -6.27744e+66 -6.27744e+66 74.8982 158.499 
-6.27744e+66 -6.27744e+66 -6.27744e+66 -6.27744e+66 -6.27744e+66 -6.27744e+66 74.8982 
-6.27744e+66 -6.27744e+66 -6.27744e+66 -6.27744e+66 -6.27744e+66 -6.27744e+66 -6.27744e+66 
-6.27744e+66 34.8181 93.1443 206.458 631.704 718.842 1280.91 
-6.27744e+66 -6.27744e+66 34.8181 91.4749 374.972 440.326 889.983 
-6.27744e+66 -6.27744e+66 -6.27744e+66 34.8181 176.567 220.136 557.379 
-6.27744e+66 -6.27744e+66 -6.27744e+66 -6.27744e+66 34.8181 56.6025 281.431 
-6.27744e+66 -6.27744e+66 -6.27744e+66 -6.27744e+66 -6.27744e+66 34.8181 147.232 
-6.27744e+66 -6.27744e+66 -6.27744e+66 -6.27744e+66 -6.27744e+66 -6.27744e+66 34.8181 
-6.27744e+66 -6.27744e+66 -6.27744e+66 -6.27744e+66 -6.27744e+66 -6.27744e+66 -6.27744e+66 
-6.27744e+66 64.9647 161.348 268.876 489.635 504.839 955.763 
-6.27744e+66 -6.27744e+66 64.9647 118.729 265.901 277.305 638.043 
-6.27744e+66 -6.27744e+66 -6.27744e+66 64.9647 138.551 146.153 416.707 
-6.27744e+66 -6.27744e+66 -6.27744e+66 -6.27744e+66 64.9647 68.7657 249.135 
-6.27744e+66 -6.27744e+66 -6.27744e+66 -6.27744e+66 -6.27744e+66 64.9647 155.149 
-6.27744e+66 -6.27744e+66 -6.27744e+66 -6.27744e+66 -6.27744e+66 -6.27744e+66 64.9647 
-6.27744e+66 -6.27744e+66 -6.27744e+66 -6.27744e+66 -6.27744e+66 -6.27744e+66 -6.27744e+66 
-6.27744e+66 33.7673 136.808 167.526 475.383 576.384 1030.68 
-6.27744e+66 -6.27744e+66 33.7673 49.1261 254.364 330.115 693.553 
-6.27744e+66 -6.27744e+66 -6.27744e+66 33.7673 136.387 186.887 459.465 
-6.27744e+66 -6.27744e+66 -6.27744e+66 -6.27744e+66 33.7673 59.0176 240.736 
-6.27744e+66 -6.27744e+66 -6.27744e+66 -6.27744e+66 -6.27744e+66 33.7673 124.627 
-6.27744e+66 -6.27744e+66 -6.27744e+66 -6.27744e+66 -6.27744e+66 -6.27744e+66 33.7673 
-6.27744e+66 -6.27744e+66 -6.27744e+66 -6.27744e+66 -6.27744e+66 -6.27744e+66 -6.27744e+66 
-6.27744e+66 57.3622 145.438 250.982 584.552 861.487 1331.23 
-6.27744e+66 -6.27744e+66 57.3622 110.134 332.514 540.215 916.01 
-6.27744e+66 -6.27744e+66 -6.27744e+66 57.3622 168.552 307.02 588.866 
-6.27744e+66 -6.27744e+66 -6.27744e+66 -6.27744e+66 57.3622 126.596 314.493 
-6.27744e+66 -6.27744e+66 -6.27744e+66 -6.27744e+66 -6.27744e+66 57.3622 151.311 
-6.27744e+66 -6.27744e+66 -6.27744e+66 -6.27744e+66 -6.27744e+66 -6.27744e+66 57.3622 
-6.27744e+66 -6.27744e+66 -6.27744e+66 -6.27744e+66 -6.27744e+66 -6.27744e+66 -6.27744e+66 
-6.27744e+66 68.2579 194.516 392.478 768.213 1026.6 1590.07 
-6.27744e+66 -6.27744e+66 68.2579 167.239 417.729 611.517 1062.29 
-6.27744e+66 -6.27744e+66 -6.27744e+66 68.2579 193.503 322.695 660.778 
-6.27744e+66 -6.27744e+66 -6.27744e+66 -6.27744e+66 68.2579 132.854 358.243 
-6.27744e+66 -6.27744e+66 -6.27744e+66 -6.27744e+66 -6.27744e+66 68.2579 180.952 
-6.27744e+66 -6.27744e+66 -6.27744e+66 -6.27744e+66 -6.27744e+66 -6.27744e+66 68.2579 
-6.27744e+66 -6.27744e+66 -6.27744e+66 -6.27744e+66 -6.27744e+66 -6.27744e+66 -6.27744e+66 
