6 5 
983.131 983.131 983.131 983.131 983.131 983.131 
item 0
47.2786 86.521 24.8332 82.4391 32.5137 89.3679 
68.3133 68.3133 68.3133 68.3133 68.3133 68.3133 
1 1 1 1 1 1 
item 1
37.7933 125.955 27.1218 113.841 29.5206 73.8683 
28.7397 28.7397 28.7397 28.7397 28.7397 28.7397 
1 1 1 1 1 1 
item 2
33.0227 122.623 29.8016 110.518 67.4589 99.8782 
49.4786 49.4786 49.4786 49.4786 49.4786 49.4786 
1 1 1 1 1 1 
item 3
86.2582 104.778 56.8115 107.376 63.6481 85.3746 
72.1561 72.1561 72.1561 72.1561 72.1561 72.1561 
1 1 1 1 1 1 
item 4
70.9519 77.0288 17.1601 106.387 39.2224 69.2416 
62.7533 62.7533 62.7533 62.7533 62.7533 62.7533 
1 1 1 1 1 1 
