24 40 
43.8501 43.8501 43.8501 43.8501 43.8501 43.8501 43.8501 43.8501 43.8501 43.8501 43.8501 43.8501 43.8501 43.8501 43.8501 43.8501 43.8501 43.8501 43.8501 43.8501 43.8501 43.8501 43.8501 43.8501 
item 0
50.289 87.5572 62.2727 94.6595 0 0 0 99.9203 0 66.588 0 111.437 23.6663 0 0 91.521 0 0 62.5175 103.481 0 0 68.8828 0 
60.5131 60.5131 60.5131 60.5131 60.5131 60.5131 60.5131 60.5131 60.5131 60.5131 60.5131 60.5131 60.5131 60.5131 60.5131 60.5131 60.5131 60.5131 60.5131 60.5131 60.5131 60.5131 60.5131 60.5131 
1 1 1 1 1 1 1 1 1 1 1 1 1 1 1 1 1 1 1 1 1 1 1 1 
item 1
67.0435 0 0 0 0 0 70.3977 123.797 68.7798 113.798 35.7924 137.364 0 0 0 54.2955 0 77.8836 35.43 0 0 103.78 0 98.2005 
69.9897 69.9897 69.9897 69.9897 69.9897 69.9897 69.9897 69.9897 69.9897 69.9897 69.9897 69.9897 69.9897 69.9897 69.9897 69.9897 69.9897 69.9897 69.9897 69.9897 69.9897 69.9897 69.9897 69.9897 
1 1 1 1 1 1 1 1 1 1 1 1 1 1 1 1 1 1 1 1 1 1 1 1 
item 2
25.3476 0 51.5887 0 49.4651 93.6869 0 0 0 146.364 0 118.555 0 81.4189 0 100.691 27.0708 97.5283 57.4246 121.83 0 70.7315 84.7524 0 
101.976 101.976 101.976 101.976 101.976 101.976 101.976 101.976 101.976 101.976 101.976 101.976 101.976 101.976 101.976 101.976 101.976 101.976 101.976 101.976 101.976 101.976 101.976 101.976 
1 1 1 1 1 1 1 1 1 1 1 1 1 1 1 1 1 1 1 1 1 1 1 1 
item 3
32.1174 118.539 0 0 0 0 0 68.5678 0 86.0638 51.3144 92.6515 48.5665 92.709 62.0951 0 0 0 0 0 30.4517 78.79 34.3833 0 
60.6377 60.6377 60.6377 60.6377 60.6377 60.6377 60.6377 60.6377 60.6377 60.6377 60.6377 60.6377 60.6377 60.6377 60.6377 60.6377 60.6377 60.6377 60.6377 60.6377 60.6377 60.6377 60.6377 60.6377 
1 1 1 1 1 1 1 1 1 1 1 1 1 1 1 1 1 1 1 1 1 1 1 1 
item 4
21.4455 105.257 31.0969 114.641 0 0 0 97.4597 0 106.999 63.7411 0 0 0 0 0 0 121.316 51.6714 126.211 0 123.944 55.2619 61.5411 
68.5899 68.5899 68.5899 68.5899 68.5899 68.5899 68.5899 68.5899 68.5899 68.5899 68.5899 68.5899 68.5899 68.5899 68.5899 68.5899 68.5899 68.5899 68.5899 68.5899 68.5899 68.5899 68.5899 68.5899 
1 1 1 1 1 1 1 1 1 1 1 1 1 1 1 1 1 1 1 1 1 1 1 1 
item 5
34.0618 0 0 0 0 0 0 0 0 124.69 80.9845 126.106 0 111.633 22.2115 0 0 0 35.5099 97.4701 61.2345 99.406 0 0 
59.5541 59.5541 59.5541 59.5541 59.5541 59.5541 59.5541 59.5541 59.5541 59.5541 59.5541 59.5541 59.5541 59.5541 59.5541 59.5541 59.5541 59.5541 59.5541 59.5541 59.5541 59.5541 59.5541 59.5541 
1 1 1 1 1 1 1 1 1 1 1 1 1 1 1 1 1 1 1 1 1 1 1 1 
item 6
59.5123 86.3692 28.0698 109.089 0 74.3341 0 104.314 0 0 0 0 0 95.066 55.0316 0 57.279 145.313 0 95.5993 93.6421 0 0 78.961 
29.3256 29.3256 29.3256 29.3256 29.3256 29.3256 29.3256 29.3256 29.3256 29.3256 29.3256 29.3256 29.3256 29.3256 29.3256 29.3256 29.3256 29.3256 29.3256 29.3256 29.3256 29.3256 29.3256 29.3256 
1 1 1 1 1 1 1 1 1 1 1 1 1 1 1 1 1 1 1 1 1 1 1 1 
item 7
54.1342 0 0 110.209 0 0 36.1663 0 0 114.326 11.1005 0 64.4766 79.5868 0 0 64.5824 0 0 0 0 106.694 36.7718 72.9244 
59.302 59.302 59.302 59.302 59.302 59.302 59.302 59.302 59.302 59.302 59.302 59.302 59.302 59.302 59.302 59.302 59.302 59.302 59.302 59.302 59.302 59.302 59.302 59.302 
1 1 1 1 1 1 1 1 1 1 1 1 1 1 1 1 1 1 1 1 1 1 1 1 
item 8
16.3807 0 72.7117 59.6673 38.0849 106.485 0 0 0 105.442 0 92.9593 26.2489 0 41.0941 108.099 95.8424 80.629 0 0 0 102.788 57.4194 0 
83.45 83.45 83.45 83.45 83.45 83.45 83.45 83.45 83.45 83.45 83.45 83.45 83.45 83.45 83.45 83.45 83.45 83.45 83.45 83.45 83.45 83.45 83.45 83.45 
1 1 1 1 1 1 1 1 1 1 1 1 1 1 1 1 1 1 1 1 1 1 1 1 
item 9
12.9199 102.063 0 0 0 104.938 56.2951 93.6844 0 115.028 0 117.676 65.4896 0 101.093 0 0 91.3509 0 143.782 0 0 0 84.1945 
45.3797 45.3797 45.3797 45.3797 45.3797 45.3797 45.3797 45.3797 45.3797 45.3797 45.3797 45.3797 45.3797 45.3797 45.3797 45.3797 45.3797 45.3797 45.3797 45.3797 45.3797 45.3797 45.3797 45.3797 
1 1 1 1 1 1 1 1 1 1 1 1 1 1 1 1 1 1 1 1 1 1 1 1 
item 10
21.66 0 0 75.5794 92.8983 0 22.4347 0 0 0 0 107.68 19.2573 0 54.3258 109.238 0 0 0 0 43.1799 122.033 0 114.971 
68.4066 68.4066 68.4066 68.4066 68.4066 68.4066 68.4066 68.4066 68.4066 68.4066 68.4066 68.4066 68.4066 68.4066 68.4066 68.4066 68.4066 68.4066 68.4066 68.4066 68.4066 68.4066 68.4066 68.4066 
1 1 1 1 1 1 1 1 1 1 1 1 1 1 1 1 1 1 1 1 1 1 1 1 
item 11
73.1133 0 0 82.5054 0 0 0 58.3546 32.6404 0 0 0 0 133.229 0 0 34.5781 0 24.6709 0 0 102.214 45.9706 60.4655 
52.7408 52.7408 52.7408 52.7408 52.7408 52.7408 52.7408 52.7408 52.7408 52.7408 52.7408 52.7408 52.7408 52.7408 52.7408 52.7408 52.7408 52.7408 52.7408 52.7408 52.7408 52.7408 52.7408 52.7408 
1 1 1 1 1 1 1 1 1 1 1 1 1 1 1 1 1 1 1 1 1 1 1 1 
item 12
78.8907 0 0 49.3651 0 0 0 0 59.4093 100.884 0 0 53.2684 0 31.3825 102.19 80.1691 0 0 0 0 0 0 77.8977 
68.4983 68.4983 68.4983 68.4983 68.4983 68.4983 68.4983 68.4983 68.4983 68.4983 68.4983 68.4983 68.4983 68.4983 68.4983 68.4983 68.4983 68.4983 68.4983 68.4983 68.4983 68.4983 68.4983 68.4983 
1 1 1 1 1 1 1 1 1 1 1 1 1 1 1 1 1 1 1 1 1 1 1 1 
item 13
54.7661 94.0908 0 0 25.7371 0 60.3282 0 0 0 0 123.17 36.9952 84.7642 80.2424 0 0 0 38.0826 0 88.1211 0 22.8207 100.223 
43.3728 43.3728 43.3728 43.3728 43.3728 43.3728 43.3728 43.3728 43.3728 43.3728 43.3728 43.3728 43.3728 43.3728 43.3728 43.3728 43.3728 43.3728 43.3728 43.3728 43.3728 43.3728 43.3728 43.3728 
1 1 1 1 1 1 1 1 1 1 1 1 1 1 1 1 1 1 1 1 1 1 1 1 
item 14
36.0912 0 13.2571 79.6892 0 0 0 0 85.4558 77.8134 0 87.6059 61.8641 118.023 0 125.019 65.2445 0 42.157 86.5122 0 92.9297 33.141 0 
99.4458 99.4458 99.4458 99.4458 99.4458 99.4458 99.4458 99.4458 99.4458 99.4458 99.4458 99.4458 99.4458 99.4458 99.4458 99.4458 99.4458 99.4458 99.4458 99.4458 99.4458 99.4458 99.4458 99.4458 
1 1 1 1 1 1 1 1 1 1 1 1 1 1 1 1 1 1 1 1 1 1 1 1 
item 15
62.5966 78.0095 67.8687 86.118 79.7357 72.2832 0 0 0 0 79.1406 0 0 0 42.9286 125.821 0 69.0811 29.4931 70.5343 0 99.4956 44.8121 0 
50.1219 50.1219 50.1219 50.1219 50.1219 50.1219 50.1219 50.1219 50.1219 50.1219 50.1219 50.1219 50.1219 50.1219 50.1219 50.1219 50.1219 50.1219 50.1219 50.1219 50.1219 50.1219 50.1219 50.1219 
1 1 1 1 1 1 1 1 1 1 1 1 1 1 1 1 1 1 1 1 1 1 1 1 
item 16
56.7447 82.9843 56.9001 0 52.5918 102.387 25.496 0 76.469 0 34.4596 0 11.7881 0 0 0 61.3501 84.8416 38.1384 0 56.2581 65.7465 0 0 
78.2708 78.2708 78.2708 78.2708 78.2708 78.2708 78.2708 78.2708 78.2708 78.2708 78.2708 78.2708 78.2708 78.2708 78.2708 78.2708 78.2708 78.2708 78.2708 78.2708 78.2708 78.2708 78.2708 78.2708 
1 1 1 1 1 1 1 1 1 1 1 1 1 1 1 1 1 1 1 1 1 1 1 1 
item 17
65.2748 76.6649 0 0 59.2641 127.669 0 127.818 33.3577 0 0 112.25 0 0 0 0 29.6148 0 46.0875 0 31.7261 64.6923 71.5528 97.4791 
66.8069 66.8069 66.8069 66.8069 66.8069 66.8069 66.8069 66.8069 66.8069 66.8069 66.8069 66.8069 66.8069 66.8069 66.8069 66.8069 66.8069 66.8069 66.8069 66.8069 66.8069 66.8069 66.8069 66.8069 
1 1 1 1 1 1 1 1 1 1 1 1 1 1 1 1 1 1 1 1 1 1 1 1 
item 18
50.3431 136.241 38.7611 106.826 60.9242 93.2468 0 0 54.1588 0 0 0 0 0 0 0 77.068 0 0 0 66.6392 146.246 22.4711 0 
49.1999 49.1999 49.1999 49.1999 49.1999 49.1999 49.1999 49.1999 49.1999 49.1999 49.1999 49.1999 49.1999 49.1999 49.1999 49.1999 49.1999 49.1999 49.1999 49.1999 49.1999 49.1999 49.1999 49.1999 
1 1 1 1 1 1 1 1 1 1 1 1 1 1 1 1 1 1 1 1 1 1 1 1 
item 19
35.0029 98.57 0 0 0 0 53.9078 86.4753 82.8375 0 0 0 46.5563 0 54.7335 59.3709 72.058 114.974 75.6751 93.4261 92.5121 92.3694 10.8518 99.9511 
83.9924 83.9924 83.9924 83.9924 83.9924 83.9924 83.9924 83.9924 83.9924 83.9924 83.9924 83.9924 83.9924 83.9924 83.9924 83.9924 83.9924 83.9924 83.9924 83.9924 83.9924 83.9924 83.9924 83.9924 
1 1 1 1 1 1 1 1 1 1 1 1 1 1 1 1 1 1 1 1 1 1 1 1 
item 20
47.4548 103.181 0 0 0 0 83.5631 83.8207 23.8967 0 100.43 44.6359 0 105.436 60.0447 80.8733 65.4027 0 28.5937 0 44.5292 102.769 0 0 
39.198 39.198 39.198 39.198 39.198 39.198 39.198 39.198 39.198 39.198 39.198 39.198 39.198 39.198 39.198 39.198 39.198 39.198 39.198 39.198 39.198 39.198 39.198 39.198 
1 1 1 1 1 1 1 1 1 1 1 1 1 1 1 1 1 1 1 1 1 1 1 1 
item 21
58.9907 0 49.296 96.6723 80.7118 68.5575 0 0 33.3962 0 0 99.1683 0 79.0983 0 0 0 0 0 117.914 76.771 83.0863 0 0 
48.9926 48.9926 48.9926 48.9926 48.9926 48.9926 48.9926 48.9926 48.9926 48.9926 48.9926 48.9926 48.9926 48.9926 48.9926 48.9926 48.9926 48.9926 48.9926 48.9926 48.9926 48.9926 48.9926 48.9926 
1 1 1 1 1 1 1 1 1 1 1 1 1 1 1 1 1 1 1 1 1 1 1 1 
item 22
44.7474 125.924 36.2823 115.031 0 0 52.4707 114.914 0 77.2018 60.3758 0 58.7841 0 0 95.8473 96.3565 112.124 0 0 0 0 0 94.0429 
38.2493 38.2493 38.2493 38.2493 38.2493 38.2493 38.2493 38.2493 38.2493 38.2493 38.2493 38.2493 38.2493 38.2493 38.2493 38.2493 38.2493 38.2493 38.2493 38.2493 38.2493 38.2493 38.2493 38.2493 
1 1 1 1 1 1 1 1 1 1 1 1 1 1 1 1 1 1 1 1 1 1 1 1 
item 23
26.9477 0 0 0 0 0 27.6144 0 47.5296 0 32.6729 106.129 0 115.754 63.7609 0 0 0 59.0671 83.3458 54.8629 94.9138 0 0 
76.6898 76.6898 76.6898 76.6898 76.6898 76.6898 76.6898 76.6898 76.6898 76.6898 76.6898 76.6898 76.6898 76.6898 76.6898 76.6898 76.6898 76.6898 76.6898 76.6898 76.6898 76.6898 76.6898 76.6898 
1 1 1 1 1 1 1 1 1 1 1 1 1 1 1 1 1 1 1 1 1 1 1 1 
item 24
37.2978 0 0 0 85.047 0 0 115.979 39.1671 0 0 86.2364 0 126.615 13.1068 0 43.6542 138.728 0 132.575 21.9771 0 87.1428 0 
53.8364 53.8364 53.8364 53.8364 53.8364 53.8364 53.8364 53.8364 53.8364 53.8364 53.8364 53.8364 53.8364 53.8364 53.8364 53.8364 53.8364 53.8364 53.8364 53.8364 53.8364 53.8364 53.8364 53.8364 
1 1 1 1 1 1 1 1 1 1 1 1 1 1 1 1 1 1 1 1 1 1 1 1 
item 25
30.0776 0 0 0 0 100.468 0 0 49.5028 0 0 78.9769 0 92.4339 0 82.5121 0 0 0 81.945 53.1875 0 61.2253 0 
66.6153 66.6153 66.6153 66.6153 66.6153 66.6153 66.6153 66.6153 66.6153 66.6153 66.6153 66.6153 66.6153 66.6153 66.6153 66.6153 66.6153 66.6153 66.6153 66.6153 66.6153 66.6153 66.6153 66.6153 
1 1 1 1 1 1 1 1 1 1 1 1 1 1 1 1 1 1 1 1 1 1 1 1 
item 26
52.158 74.8667 0 0 14.1941 0 81.9642 0 51.7178 115.198 0 76.5197 0 93.3047 48.4039 91.7275 0 77.8466 28.202 125.168 52.1998 0 84.8355 143.423 
38.9505 38.9505 38.9505 38.9505 38.9505 38.9505 38.9505 38.9505 38.9505 38.9505 38.9505 38.9505 38.9505 38.9505 38.9505 38.9505 38.9505 38.9505 38.9505 38.9505 38.9505 38.9505 38.9505 38.9505 
1 1 1 1 1 1 1 1 1 1 1 1 1 1 1 1 1 1 1 1 1 1 1 1 
item 27
58.4261 0 0 0 0 107.852 59.3901 114.588 45.108 0 51.8136 124.345 0 100.477 84.0196 0 31.5592 0 58.9382 0 0 0 0 83.1567 
50.2593 50.2593 50.2593 50.2593 50.2593 50.2593 50.2593 50.2593 50.2593 50.2593 50.2593 50.2593 50.2593 50.2593 50.2593 50.2593 50.2593 50.2593 50.2593 50.2593 50.2593 50.2593 50.2593 50.2593 
1 1 1 1 1 1 1 1 1 1 1 1 1 1 1 1 1 1 1 1 1 1 1 1 
item 28
46.7099 105.212 0 0 53.3903 0 65.7954 0 27.5852 81.6911 49.7934 116.478 0 0 67.4644 0 0 110.683 72.9601 0 34.4364 81.8623 0 0 
66.1973 66.1973 66.1973 66.1973 66.1973 66.1973 66.1973 66.1973 66.1973 66.1973 66.1973 66.1973 66.1973 66.1973 66.1973 66.1973 66.1973 66.1973 66.1973 66.1973 66.1973 66.1973 66.1973 66.1973 
1 1 1 1 1 1 1 1 1 1 1 1 1 1 1 1 1 1 1 1 1 1 1 1 
item 29
15.4038 0 0 0 0 0 45.1144 85.5564 63.7022 0 94.1374 0 0 0 0 107.297 0 103.764 43.7346 56.1734 45.2921 134.056 43.9188 0 
80.4989 80.4989 80.4989 80.4989 80.4989 80.4989 80.4989 80.4989 80.4989 80.4989 80.4989 80.4989 80.4989 80.4989 80.4989 80.4989 80.4989 80.4989 80.4989 80.4989 80.4989 80.4989 80.4989 80.4989 
1 1 1 1 1 1 1 1 1 1 1 1 1 1 1 1 1 1 1 1 1 1 1 1 
item 30
47.0061 101.132 37.1622 0 55.0932 0 30.0628 0 64.6335 137.568 0 0 0 0 43.3635 73.166 28.0465 0 0 102.734 0 89.5433 0 113.02 
22.936 22.936 22.936 22.936 22.936 22.936 22.936 22.936 22.936 22.936 22.936 22.936 22.936 22.936 22.936 22.936 22.936 22.936 22.936 22.936 22.936 22.936 22.936 22.936 
1 1 1 1 1 1 1 1 1 1 1 1 1 1 1 1 1 1 1 1 1 1 1 1 
item 31
38.6338 86.6191 0 110.89 67.0738 0 0 0 0 79.8142 39.4332 98.3086 0 0 62.2864 100.351 59.5758 121.52 28.5306 0 0 128.209 74.0041 0 
48.0869 48.0869 48.0869 48.0869 48.0869 48.0869 48.0869 48.0869 48.0869 48.0869 48.0869 48.0869 48.0869 48.0869 48.0869 48.0869 48.0869 48.0869 48.0869 48.0869 48.0869 48.0869 48.0869 48.0869 
1 1 1 1 1 1 1 1 1 1 1 1 1 1 1 1 1 1 1 1 1 1 1 1 
item 32
46.6739 0 62.6867 92.7426 36.1362 0 38.5507 78.8341 0 86.097 0 76.2204 72.4384 0 0 0 12.9856 97.2394 24.6889 0 0 0 52.9208 76.2285 
60.0891 60.0891 60.0891 60.0891 60.0891 60.0891 60.0891 60.0891 60.0891 60.0891 60.0891 60.0891 60.0891 60.0891 60.0891 60.0891 60.0891 60.0891 60.0891 60.0891 60.0891 60.0891 60.0891 60.0891 
1 1 1 1 1 1 1 1 1 1 1 1 1 1 1 1 1 1 1 1 1 1 1 1 
item 33
32.9676 91.5261 59.9111 107.755 37.4732 70.7097 0 77.3678 48.2028 86.0866 65.52 0 0 76.9845 36.8699 0 32.9549 124.375 96.6529 114.159 0 109.245 0 0 
50.0502 50.0502 50.0502 50.0502 50.0502 50.0502 50.0502 50.0502 50.0502 50.0502 50.0502 50.0502 50.0502 50.0502 50.0502 50.0502 50.0502 50.0502 50.0502 50.0502 50.0502 50.0502 50.0502 50.0502 
1 1 1 1 1 1 1 1 1 1 1 1 1 1 1 1 1 1 1 1 1 1 1 1 
item 34
34.5798 0 0 0 67.2294 0 30.547 91.9566 0 113.188 0 0 29.7653 0 0 88.8521 0 0 35.873 88.1363 0 74.5974 0 101.238 
63.4452 63.4452 63.4452 63.4452 63.4452 63.4452 63.4452 63.4452 63.4452 63.4452 63.4452 63.4452 63.4452 63.4452 63.4452 63.4452 63.4452 63.4452 63.4452 63.4452 63.4452 63.4452 63.4452 63.4452 
1 1 1 1 1 1 1 1 1 1 1 1 1 1 1 1 1 1 1 1 1 1 1 1 
item 35
45.9482 0 0 100.53 58.1554 122.096 44.2786 86.8333 89.9303 0 52.8425 112.063 0 0 45.7358 0 50.3567 81.3007 74.7376 85.5157 0 114.261 56.0093 0 
54.7057 54.7057 54.7057 54.7057 54.7057 54.7057 54.7057 54.7057 54.7057 54.7057 54.7057 54.7057 54.7057 54.7057 54.7057 54.7057 54.7057 54.7057 54.7057 54.7057 54.7057 54.7057 54.7057 54.7057 
1 1 1 1 1 1 1 1 1 1 1 1 1 1 1 1 1 1 1 1 1 1 1 1 
item 36
31.2413 93.9666 0 0 50.8373 69.0644 0 69.8482 35.7872 0 49.0652 0 0 0 0 0 68.01 0 0 105.653 0 85.4843 49.3603 0 
37.2804 37.2804 37.2804 37.2804 37.2804 37.2804 37.2804 37.2804 37.2804 37.2804 37.2804 37.2804 37.2804 37.2804 37.2804 37.2804 37.2804 37.2804 37.2804 37.2804 37.2804 37.2804 37.2804 37.2804 
1 1 1 1 1 1 1 1 1 1 1 1 1 1 1 1 1 1 1 1 1 1 1 1 
item 37
35.5806 113.669 0 0 32.8701 0 0 90.0474 0 119.216 0 0 58.221 0 50.1509 0 30.9237 0 52.6333 75.772 19.8068 106.404 61.6284 0 
54.739 54.739 54.739 54.739 54.739 54.739 54.739 54.739 54.739 54.739 54.739 54.739 54.739 54.739 54.739 54.739 54.739 54.739 54.739 54.739 54.739 54.739 54.739 54.739 
1 1 1 1 1 1 1 1 1 1 1 1 1 1 1 1 1 1 1 1 1 1 1 1 
item 38
18.3074 0 0 86.016 0 0 16.7307 126.347 82.705 0 62.5926 0 0 0 53.8563 0 0 0 56.1443 0 17.7488 0 42.9995 0 
64.8583 64.8583 64.8583 64.8583 64.8583 64.8583 64.8583 64.8583 64.8583 64.8583 64.8583 64.8583 64.8583 64.8583 64.8583 64.8583 64.8583 64.8583 64.8583 64.8583 64.8583 64.8583 64.8583 64.8583 
1 1 1 1 1 1 1 1 1 1 1 1 1 1 1 1 1 1 1 1 1 1 1 1 
item 39
41.4394 93.6086 71.6431 0 44.5274 0 0 0 17.3661 128.552 39.3343 122.067 83.5888 0 54.5025 117.521 66.9052 87.6995 24.6607 0 34.4267 114.035 24.1709 0 
61.8135 61.8135 61.8135 61.8135 61.8135 61.8135 61.8135 61.8135 61.8135 61.8135 61.8135 61.8135 61.8135 61.8135 61.8135 61.8135 61.8135 61.8135 61.8135 61.8135 61.8135 61.8135 61.8135 61.8135 
1 1 1 1 1 1 1 1 1 1 1 1 1 1 1 1 1 1 1 1 1 1 1 1 
