18 10 
133.595 133.595 133.595 133.595 133.595 133.595 133.595 133.595 133.595 133.595 133.595 133.595 133.595 133.595 133.595 133.595 133.595 133.595 
item 0
48.7807 110.999 41.7896 125.746 0 101.497 54.7481 0 74.015 123.88 72.363 0 46.909 109.747 55.8351 107.508 55.1247 92.5096 
75.1919 75.1919 75.1919 75.1919 75.1919 75.1919 75.1919 75.1919 75.1919 75.1919 75.1919 75.1919 75.1919 75.1919 75.1919 75.1919 75.1919 75.1919 
1 1 1 1 1 1 1 1 1 1 1 1 1 1 1 1 1 1 
item 1
62.3999 0 55.6223 0 0 58.1028 0 100.574 33.9339 92.8491 0 0 0 0 36.2869 132.431 55.481 73.5534 
55.6502 55.6502 55.6502 55.6502 55.6502 55.6502 55.6502 55.6502 55.6502 55.6502 55.6502 55.6502 55.6502 55.6502 55.6502 55.6502 55.6502 55.6502 
1 1 1 1 1 1 1 1 1 1 1 1 1 1 1 1 1 1 
item 2
41.9689 126.7 0 109.683 58.5781 0 0 136.286 52.5306 0 0 93.196 0 0 0 78.1737 0 0 
43.254 43.254 43.254 43.254 43.254 43.254 43.254 43.254 43.254 43.254 43.254 43.254 43.254 43.254 43.254 43.254 43.254 43.254 
1 1 1 1 1 1 1 1 1 1 1 1 1 1 1 1 1 1 
item 3
14.1506 0 58.4311 0 50.4436 104.532 0 0 0 0 27.5112 0 0 128.795 70.51 71.5409 0 0 
72.5848 72.5848 72.5848 72.5848 72.5848 72.5848 72.5848 72.5848 72.5848 72.5848 72.5848 72.5848 72.5848 72.5848 72.5848 72.5848 72.5848 72.5848 
1 1 1 1 1 1 1 1 1 1 1 1 1 1 1 1 1 1 
item 4
54.3657 0 85.5621 0 0 80.7227 0 0 0 105.794 0 90.6169 0 0 0 124.42 0 118.482 
84.2697 84.2697 84.2697 84.2697 84.2697 84.2697 84.2697 84.2697 84.2697 84.2697 84.2697 84.2697 84.2697 84.2697 84.2697 84.2697 84.2697 84.2697 
1 1 1 1 1 1 1 1 1 1 1 1 1 1 1 1 1 1 
item 5
74.0412 0 0 0 0 0 58.9801 0 29.0823 76.523 0 0 44.0595 0 0 0 64.5881 0 
112.989 112.989 112.989 112.989 112.989 112.989 112.989 112.989 112.989 112.989 112.989 112.989 112.989 112.989 112.989 112.989 112.989 112.989 
1 1 1 1 1 1 1 1 1 1 1 1 1 1 1 1 1 1 
item 6
62.0163 113.641 67.5162 91.5664 94.0108 110.493 67.7538 0 0 0 0 0 0 76.2671 66.2347 111.324 0 123.008 
58.3824 58.3824 58.3824 58.3824 58.3824 58.3824 58.3824 58.3824 58.3824 58.3824 58.3824 58.3824 58.3824 58.3824 58.3824 58.3824 58.3824 58.3824 
1 1 1 1 1 1 1 1 1 1 1 1 1 1 1 1 1 1 
item 7
26.8487 0 0 0 65.1731 52.3358 0 0 0 86.2393 79.3691 121.853 0 0 0 111.44 31.9117 74.9398 
61.7451 61.7451 61.7451 61.7451 61.7451 61.7451 61.7451 61.7451 61.7451 61.7451 61.7451 61.7451 61.7451 61.7451 61.7451 61.7451 61.7451 61.7451 
1 1 1 1 1 1 1 1 1 1 1 1 1 1 1 1 1 1 
item 8
50.9043 0 0 110.301 0 0 54.1772 94.4435 7.48594 0 37.2069 88.8883 0 0 0 0 43.7976 126.267 
40.0201 40.0201 40.0201 40.0201 40.0201 40.0201 40.0201 40.0201 40.0201 40.0201 40.0201 40.0201 40.0201 40.0201 40.0201 40.0201 40.0201 40.0201 
1 1 1 1 1 1 1 1 1 1 1 1 1 1 1 1 1 1 
item 9
50.2571 66.9474 0 101.446 49.856 0 44.2613 68.7668 0 131.431 0 127.698 76.0564 91.3407 0 0 71.9638 103.757 
82.9882 82.9882 82.9882 82.9882 82.9882 82.9882 82.9882 82.9882 82.9882 82.9882 82.9882 82.9882 82.9882 82.9882 82.9882 82.9882 82.9882 82.9882 
1 1 1 1 1 1 1 1 1 1 1 1 1 1 1 1 1 1 
