12 5 
-6.27744e+66 82.8517 199.216 238.552 655.15 998.451 1577.53 1976.28 2764.77 3309.37 4162.35 4862.87 6081.78 
-6.27744e+66 -6.27744e+66 82.8517 102.52 380.252 637.728 1100.99 1433.28 2109.13 2585.66 3343.86 3974.33 5082.43 
-6.27744e+66 -6.27744e+66 -6.27744e+66 82.8517 221.718 393.368 740.818 1006.65 1569.86 1978.31 2641.73 3202.15 4199.44 
-6.27744e+66 -6.27744e+66 -6.27744e+66 -6.27744e+66 82.8517 168.677 400.31 599.682 1050.25 1390.63 1959.28 2449.64 3336.12 
-6.27744e+66 -6.27744e+66 -6.27744e+66 -6.27744e+66 -6.27744e+66 82.8517 198.668 331.583 669.509 941.809 1415.69 1836 2611.67 
-6.27744e+66 -6.27744e+66 -6.27744e+66 -6.27744e+66 -6.27744e+66 -6.27744e+66 82.8517 149.309 374.593 578.818 957.92 1308.18 1973.04 
-6.27744e+66 -6.27744e+66 -6.27744e+66 -6.27744e+66 -6.27744e+66 -6.27744e+66 -6.27744e+66 82.8517 195.494 331.644 615.97 896.178 1450.23 
-6.27744e+66 -6.27744e+66 -6.27744e+66 -6.27744e+66 -6.27744e+66 -6.27744e+66 -6.27744e+66 -6.27744e+66 82.8517 150.927 340.477 550.633 993.874 
-6.27744e+66 -6.27744e+66 -6.27744e+66 -6.27744e+66 -6.27744e+66 -6.27744e+66 -6.27744e+66 -6.27744e+66 -6.27744e+66 82.8517 177.627 317.731 650.161 
-6.27744e+66 -6.27744e+66 -6.27744e+66 -6.27744e+66 -6.27744e+66 -6.27744e+66 -6.27744e+66 -6.27744e+66 -6.27744e+66 -6.27744e+66 82.8517 152.904 374.524 
-6.27744e+66 -6.27744e+66 -6.27744e+66 -6.27744e+66 -6.27744e+66 -6.27744e+66 -6.27744e+66 -6.27744e+66 -6.27744e+66 -6.27744e+66 -6.27744e+66 82.8517 193.662 
-6.27744e+66 -6.27744e+66 -6.27744e+66 -6.27744e+66 -6.27744e+66 -6.27744e+66 -6.27744e+66 -6.27744e+66 -6.27744e+66 -6.27744e+66 -6.27744e+66 -6.27744e+66 82.8517 
-6.27744e+66 -6.27744e+66 -6.27744e+66 -6.27744e+66 -6.27744e+66 -6.27744e+66 -6.27744e+66 -6.27744e+66 -6.27744e+66 -6.27744e+66 -6.27744e+66 -6.27744e+66 -6.27744e+66 
-6.27744e+66 45.0985 173.422 350.64 678.351 895.226 1313.91 1742.56 2324.98 2993.29 3979.07 4555.79 5434.47 
-6.27744e+66 -6.27744e+66 45.0985 133.708 352.182 514.838 849.781 1206.99 1706.21 2290.99 3167.23 3686.27 4485.08 
-6.27744e+66 -6.27744e+66 -6.27744e+66 45.0985 154.336 262.773 513.981 799.748 1215.76 1717 2483.71 2945.09 3664.01 
-6.27744e+66 -6.27744e+66 -6.27744e+66 -6.27744e+66 45.0985 99.3173 266.789 481.114 813.928 1231.62 1888.81 2292.51 2931.55 
-6.27744e+66 -6.27744e+66 -6.27744e+66 -6.27744e+66 -6.27744e+66 45.0985 128.834 271.718 521.328 855.485 1403.14 1749.17 2308.33 
-6.27744e+66 -6.27744e+66 -6.27744e+66 -6.27744e+66 -6.27744e+66 -6.27744e+66 45.0985 116.54 282.947 533.565 971.686 1260.05 1739.33 
-6.27744e+66 -6.27744e+66 -6.27744e+66 -6.27744e+66 -6.27744e+66 -6.27744e+66 -6.27744e+66 45.0985 128.302 295.381 623.972 854.659 1254.06 
-6.27744e+66 -6.27744e+66 -6.27744e+66 -6.27744e+66 -6.27744e+66 -6.27744e+66 -6.27744e+66 -6.27744e+66 45.0985 128.638 347.699 520.714 840.237 
-6.27744e+66 -6.27744e+66 -6.27744e+66 -6.27744e+66 -6.27744e+66 -6.27744e+66 -6.27744e+66 -6.27744e+66 -6.27744e+66 45.0985 154.629 269.972 509.615 
-6.27744e+66 -6.27744e+66 -6.27744e+66 -6.27744e+66 -6.27744e+66 -6.27744e+66 -6.27744e+66 -6.27744e+66 -6.27744e+66 -6.27744e+66 45.0985 102.77 262.532 
-6.27744e+66 -6.27744e+66 -6.27744e+66 -6.27744e+66 -6.27744e+66 -6.27744e+66 -6.27744e+66 -6.27744e+66 -6.27744e+66 -6.27744e+66 -6.27744e+66 45.0985 124.979 
-6.27744e+66 -6.27744e+66 -6.27744e+66 -6.27744e+66 -6.27744e+66 -6.27744e+66 -6.27744e+66 -6.27744e+66 -6.27744e+66 -6.27744e+66 -6.27744e+66 -6.27744e+66 45.0985 
-6.27744e+66 -6.27744e+66 -6.27744e+66 -6.27744e+66 -6.27744e+66 -6.27744e+66 -6.27744e+66 -6.27744e+66 -6.27744e+66 -6.27744e+66 -6.27744e+66 -6.27744e+66 -6.27744e+66 
-6.27744e+66 43.5746 153.594 291.475 599.298 943.194 1439.07 1562.15 2200.2 2483.94 3438.84 4006.23 4679.29 
-6.27744e+66 -6.27744e+66 43.5746 112.515 317.73 575.652 972.355 1074.92 1621.82 1870.1 2718.89 3229.54 3841.41 
-6.27744e+66 -6.27744e+66 -6.27744e+66 43.5746 146.182 318.13 615.657 697.712 1153.46 1366.27 2108.97 2562.87 3113.56 
-6.27744e+66 -6.27744e+66 -6.27744e+66 -6.27744e+66 43.5746 129.549 327.9 389.441 754.039 931.379 1567.98 1965.15 2454.64 
-6.27744e+66 -6.27744e+66 -6.27744e+66 -6.27744e+66 -6.27744e+66 43.5746 142.75 183.777 457.226 599.098 1129.6 1470.03 1898.34 
-6.27744e+66 -6.27744e+66 -6.27744e+66 -6.27744e+66 -6.27744e+66 -6.27744e+66 43.5746 64.0882 246.387 352.791 777.19 1060.88 1428.01 
-6.27744e+66 -6.27744e+66 -6.27744e+66 -6.27744e+66 -6.27744e+66 -6.27744e+66 -6.27744e+66 43.5746 134.724 205.66 523.959 750.914 1056.85 
-6.27744e+66 -6.27744e+66 -6.27744e+66 -6.27744e+66 -6.27744e+66 -6.27744e+66 -6.27744e+66 -6.27744e+66 43.5746 79.0426 291.242 461.458 706.206 
-6.27744e+66 -6.27744e+66 -6.27744e+66 -6.27744e+66 -6.27744e+66 -6.27744e+66 -6.27744e+66 -6.27744e+66 -6.27744e+66 43.5746 149.674 263.152 446.713 
-6.27744e+66 -6.27744e+66 -6.27744e+66 -6.27744e+66 -6.27744e+66 -6.27744e+66 -6.27744e+66 -6.27744e+66 -6.27744e+66 -6.27744e+66 43.5746 100.313 222.687 
-6.27744e+66 -6.27744e+66 -6.27744e+66 -6.27744e+66 -6.27744e+66 -6.27744e+66 -6.27744e+66 -6.27744e+66 -6.27744e+66 -6.27744e+66 -6.27744e+66 43.5746 104.762 
-6.27744e+66 -6.27744e+66 -6.27744e+66 -6.27744e+66 -6.27744e+66 -6.27744e+66 -6.27744e+66 -6.27744e+66 -6.27744e+66 -6.27744e+66 -6.27744e+66 -6.27744e+66 43.5746 
-6.27744e+66 -6.27744e+66 -6.27744e+66 -6.27744e+66 -6.27744e+66 -6.27744e+66 -6.27744e+66 -6.27744e+66 -6.27744e+66 -6.27744e+66 -6.27744e+66 -6.27744e+66 -6.27744e+66 
-6.27744e+66 34.2382 137.596 264.759 551.409 785.168 1229.82 1414.65 2060.82 2639.09 3611.34 4432.05 5490.28 
-6.27744e+66 -6.27744e+66 34.2382 97.8196 288.92 464.239 819.958 973.985 1527.85 2033.83 2898.06 3636.69 4598.72 
-6.27744e+66 -6.27744e+66 -6.27744e+66 34.2382 129.788 246.668 513.457 636.679 1098.23 1531.93 2288.13 2944.69 3810.52 
-6.27744e+66 -6.27744e+66 -6.27744e+66 -6.27744e+66 34.2382 92.6778 270.538 362.954 732.194 1093.61 1741.78 2316.28 3085.9 
-6.27744e+66 -6.27744e+66 -6.27744e+66 -6.27744e+66 -6.27744e+66 34.2382 123.168 184.779 461.709 750.846 1290.98 1783.41 2456.83 
-6.27744e+66 -6.27744e+66 -6.27744e+66 -6.27744e+66 -6.27744e+66 -6.27744e+66 34.2382 65.0436 249.664 466.516 898.627 1308.98 1886.2 
-6.27744e+66 -6.27744e+66 -6.27744e+66 -6.27744e+66 -6.27744e+66 -6.27744e+66 -6.27744e+66 34.2382 126.548 271.117 595.2 923.482 1404.5 
-6.27744e+66 -6.27744e+66 -6.27744e+66 -6.27744e+66 -6.27744e+66 -6.27744e+66 -6.27744e+66 -6.27744e+66 34.2382 106.522 322.578 568.79 953.602 
-6.27744e+66 -6.27744e+66 -6.27744e+66 -6.27744e+66 -6.27744e+66 -6.27744e+66 -6.27744e+66 -6.27744e+66 -6.27744e+66 34.2382 142.266 306.407 595.016 
-6.27744e+66 -6.27744e+66 -6.27744e+66 -6.27744e+66 -6.27744e+66 -6.27744e+66 -6.27744e+66 -6.27744e+66 -6.27744e+66 -6.27744e+66 34.2382 116.309 308.715 
-6.27744e+66 -6.27744e+66 -6.27744e+66 -6.27744e+66 -6.27744e+66 -6.27744e+66 -6.27744e+66 -6.27744e+66 -6.27744e+66 -6.27744e+66 -6.27744e+66 34.2382 130.441 
-6.27744e+66 -6.27744e+66 -6.27744e+66 -6.27744e+66 -6.27744e+66 -6.27744e+66 -6.27744e+66 -6.27744e+66 -6.27744e+66 -6.27744e+66 -6.27744e+66 -6.27744e+66 34.2382 
-6.27744e+66 -6.27744e+66 -6.27744e+66 -6.27744e+66 -6.27744e+66 -6.27744e+66 -6.27744e+66 -6.27744e+66 -6.27744e+66 -6.27744e+66 -6.27744e+66 -6.27744e+66 -6.27744e+66 
-6.27744e+66 43.6258 188.588 221.065 527.955 711.524 1246.82 1865.22 2322.6 2856.13 3885.25 4402.96 5449.49 
-6.27744e+66 -6.27744e+66 43.6258 59.8644 264.458 402.134 830.371 1345.7 1737.75 2204.59 3119.35 3585.3 4536.68 
-6.27744e+66 -6.27744e+66 -6.27744e+66 43.6258 145.922 237.707 558.884 971.149 1297.85 1698 2498.42 2912.6 3768.84 
-6.27744e+66 -6.27744e+66 -6.27744e+66 -6.27744e+66 43.6258 89.5182 303.636 612.835 874.197 1207.66 1893.73 2256.13 3017.24 
-6.27744e+66 -6.27744e+66 -6.27744e+66 -6.27744e+66 -6.27744e+66 43.6258 150.685 356.817 552.839 819.606 1391.34 1701.97 2367.94 
-6.27744e+66 -6.27744e+66 -6.27744e+66 -6.27744e+66 -6.27744e+66 -6.27744e+66 43.6258 146.692 277.373 477.448 934.832 1193.69 1764.52 
-6.27744e+66 -6.27744e+66 -6.27744e+66 -6.27744e+66 -6.27744e+66 -6.27744e+66 -6.27744e+66 43.6258 108.966 242.35 585.388 792.475 1268.17 
-6.27744e+66 -6.27744e+66 -6.27744e+66 -6.27744e+66 -6.27744e+66 -6.27744e+66 -6.27744e+66 -6.27744e+66 43.6258 110.318 339.009 494.325 874.878 
-6.27744e+66 -6.27744e+66 -6.27744e+66 -6.27744e+66 -6.27744e+66 -6.27744e+66 -6.27744e+66 -6.27744e+66 -6.27744e+66 43.6258 157.972 261.515 546.931 
-6.27744e+66 -6.27744e+66 -6.27744e+66 -6.27744e+66 -6.27744e+66 -6.27744e+66 -6.27744e+66 -6.27744e+66 -6.27744e+66 -6.27744e+66 43.6258 95.3977 285.675 
-6.27744e+66 -6.27744e+66 -6.27744e+66 -6.27744e+66 -6.27744e+66 -6.27744e+66 -6.27744e+66 -6.27744e+66 -6.27744e+66 -6.27744e+66 -6.27744e+66 43.6258 138.764 
-6.27744e+66 -6.27744e+66 -6.27744e+66 -6.27744e+66 -6.27744e+66 -6.27744e+66 -6.27744e+66 -6.27744e+66 -6.27744e+66 -6.27744e+66 -6.27744e+66 -6.27744e+66 43.6258 
-6.27744e+66 -6.27744e+66 -6.27744e+66 -6.27744e+66 -6.27744e+66 -6.27744e+66 -6.27744e+66 -6.27744e+66 -6.27744e+66 -6.27744e+66 -6.27744e+66 -6.27744e+66 -6.27744e+66 
