12 5 
130.565 130.565 130.565 130.565 130.565 130.565 130.565 130.565 130.565 130.565 130.565 130.565 
item 0
86.9963 85.7584 44.0192 131.997 39.3809 96.9548 52.3331 94.5285 51.7875 101.28 47.997 87.1001 
64.047 64.047 64.047 64.047 64.047 64.047 64.047 64.047 64.047 64.047 64.047 64.047 
1 1 1 1 1 1 1 1 1 1 1 1 
item 1
80.5431 84.3501 5.1821 99.9464 37.7626 65.2112 41.4257 111.269 49.8139 131.835 47.9866 137.331 
50.2718 50.2718 50.2718 50.2718 50.2718 50.2718 50.2718 50.2718 50.2718 50.2718 50.2718 50.2718 
1 1 1 1 1 1 1 1 1 1 1 1 
item 2
73.4977 79.2917 55.1305 87.3888 35.0508 68.271 38.1207 96.4659 40.3096 128.368 27.7151 109.107 
52.2389 52.2389 52.2389 52.2389 52.2389 52.2389 52.2389 52.2389 52.2389 52.2389 52.2389 52.2389 
1 1 1 1 1 1 1 1 1 1 1 1 
item 3
62.9709 94.9045 66.3655 83.8958 20.1026 100.255 22.9806 112.913 46.6778 120.839 4.65002 115.042 
47.9853 47.9853 47.9853 47.9853 47.9853 47.9853 47.9853 47.9853 47.9853 47.9853 47.9853 47.9853 
1 1 1 1 1 1 1 1 1 1 1 1 
item 4
43.3278 102.326 86.7137 117.821 58.0075 125.304 60.3449 120.309 66.8363 94.3306 54.7487 90.5886 
35.3808 35.3808 35.3808 35.3808 35.3808 35.3808 35.3808 35.3808 35.3808 35.3808 35.3808 35.3808 
1 1 1 1 1 1 1 1 1 1 1 1 
