24 5 
472.562 472.562 472.562 472.562 472.562 472.562 472.562 472.562 472.562 472.562 472.562 472.562 472.562 472.562 472.562 472.562 472.562 472.562 472.562 472.562 472.562 472.562 472.562 472.562 
item 0
63.6921 78.3986 69.5865 70.2419 31.3284 120.36 34.7676 113.663 39.3231 92.6527 71.4996 77.0568 72.0416 89.5198 78.7935 124.287 70.5085 91.704 73.8989 79.2912 58.2705 75.4025 27.5754 134.193 
70.0531 70.0531 70.0531 70.0531 70.0531 70.0531 70.0531 70.0531 70.0531 70.0531 70.0531 70.0531 70.0531 70.0531 70.0531 70.0531 70.0531 70.0531 70.0531 70.0531 70.0531 70.0531 70.0531 70.0531 
1 1 1 1 1 1 1 1 1 1 1 1 1 1 1 1 1 1 1 1 1 1 1 1 
item 1
37.1584 103.925 62.7732 110.944 80.5624 110.165 42.777 120.669 75.9487 70.0109 32.2983 119.788 106.116 126.383 44.3049 117.32 31.3966 112.315 58.1292 107.392 76.9553 108.03 73.3706 106.033 
54.7327 54.7327 54.7327 54.7327 54.7327 54.7327 54.7327 54.7327 54.7327 54.7327 54.7327 54.7327 54.7327 54.7327 54.7327 54.7327 54.7327 54.7327 54.7327 54.7327 54.7327 54.7327 54.7327 54.7327 
1 1 1 1 1 1 1 1 1 1 1 1 1 1 1 1 1 1 1 1 1 1 1 1 
item 2
89.0729 95.7991 31.6986 121.708 49.3191 92.9831 0.839031 122.237 58.0945 107.116 39.0332 109.639 74.1318 158.87 70.1011 51.0815 51.7315 70.3567 32.4367 78.5464 42.5425 79.4301 80.9261 116.99 
57.4451 57.4451 57.4451 57.4451 57.4451 57.4451 57.4451 57.4451 57.4451 57.4451 57.4451 57.4451 57.4451 57.4451 57.4451 57.4451 57.4451 57.4451 57.4451 57.4451 57.4451 57.4451 57.4451 57.4451 
1 1 1 1 1 1 1 1 1 1 1 1 1 1 1 1 1 1 1 1 1 1 1 1 
item 3
49.08 95.2871 45.5399 134.641 18.9395 85.8483 58.6017 107.114 82.5345 110.228 43.9041 108.924 16.4533 79.5275 70.9623 113.512 55.2937 117.501 35.9179 153.042 29.2272 118.138 42.9068 76.3996 
82.0587 82.0587 82.0587 82.0587 82.0587 82.0587 82.0587 82.0587 82.0587 82.0587 82.0587 82.0587 82.0587 82.0587 82.0587 82.0587 82.0587 82.0587 82.0587 82.0587 82.0587 82.0587 82.0587 82.0587 
1 1 1 1 1 1 1 1 1 1 1 1 1 1 1 1 1 1 1 1 1 1 1 1 
item 4
28.1443 106.43 36.7563 117.518 79.4787 87.4312 38.2935 112.907 18.0713 93.3857 62.5834 104.203 32.287 106.573 23.2197 93.9664 62.8964 99.1248 46.46 92.1526 85.2761 121.721 39.3539 85.9061 
57.3053 57.3053 57.3053 57.3053 57.3053 57.3053 57.3053 57.3053 57.3053 57.3053 57.3053 57.3053 57.3053 57.3053 57.3053 57.3053 57.3053 57.3053 57.3053 57.3053 57.3053 57.3053 57.3053 57.3053 
1 1 1 1 1 1 1 1 1 1 1 1 1 1 1 1 1 1 1 1 1 1 1 1 
