18 5 
-6.27744e+66 65.8868 65.8868 65.8868 374.907 374.907 829.965 829.965 829.965 1394.16 1394.16 1394.16 2690.88 3248.93 3248.93 3841.64 5542.88 6557.44 6557.44 
-6.27744e+66 -6.27744e+66 65.8868 65.8868 271.9 271.9 635.947 635.947 635.947 1129.62 1129.62 1129.62 2308.45 2820 2820 3370.38 4958.2 5909.35 5909.35 
-6.27744e+66 -6.27744e+66 -6.27744e+66 65.8868 168.894 168.894 441.928 441.928 441.928 865.073 865.073 865.073 1926.03 2391.07 2391.07 2899.11 4373.51 5261.26 5261.26 
-6.27744e+66 -6.27744e+66 -6.27744e+66 -6.27744e+66 65.8868 65.8868 247.91 247.91 247.91 600.53 600.53 600.53 1543.6 1962.14 1962.14 2427.84 3788.83 4613.16 4613.16 
-6.27744e+66 -6.27744e+66 -6.27744e+66 -6.27744e+66 -6.27744e+66 65.8868 156.898 156.898 156.898 438.995 438.995 438.995 1264.18 1636.22 1636.22 2059.58 3307.15 4068.08 4068.08 
-6.27744e+66 -6.27744e+66 -6.27744e+66 -6.27744e+66 -6.27744e+66 -6.27744e+66 65.8868 65.8868 65.8868 277.459 277.459 277.459 984.763 1310.29 1310.29 1691.32 2825.48 3522.99 3522.99 
-6.27744e+66 -6.27744e+66 -6.27744e+66 -6.27744e+66 -6.27744e+66 -6.27744e+66 -6.27744e+66 65.8868 65.8868 206.935 206.935 206.935 796.355 1075.38 1075.38 1414.07 2434.81 3068.92 3068.92 
-6.27744e+66 -6.27744e+66 -6.27744e+66 -6.27744e+66 -6.27744e+66 -6.27744e+66 -6.27744e+66 -6.27744e+66 65.8868 136.411 136.411 136.411 607.947 840.468 840.468 1136.82 2044.15 2614.84 2614.84 
-6.27744e+66 -6.27744e+66 -6.27744e+66 -6.27744e+66 -6.27744e+66 -6.27744e+66 -6.27744e+66 -6.27744e+66 -6.27744e+66 65.8868 65.8868 65.8868 419.539 605.556 605.556 859.575 1653.48 2160.77 2160.77 
-6.27744e+66 -6.27744e+66 -6.27744e+66 -6.27744e+66 -6.27744e+66 -6.27744e+66 -6.27744e+66 -6.27744e+66 -6.27744e+66 -6.27744e+66 65.8868 65.8868 301.655 441.168 441.168 652.85 1333.34 1777.22 1777.22 
-6.27744e+66 -6.27744e+66 -6.27744e+66 -6.27744e+66 -6.27744e+66 -6.27744e+66 -6.27744e+66 -6.27744e+66 -6.27744e+66 -6.27744e+66 -6.27744e+66 65.8868 183.771 276.78 276.78 446.125 1013.2 1393.67 1393.67 
-6.27744e+66 -6.27744e+66 -6.27744e+66 -6.27744e+66 -6.27744e+66 -6.27744e+66 -6.27744e+66 -6.27744e+66 -6.27744e+66 -6.27744e+66 -6.27744e+66 -6.27744e+66 65.8868 112.391 112.391 239.401 693.063 1010.11 1010.11 
-6.27744e+66 -6.27744e+66 -6.27744e+66 -6.27744e+66 -6.27744e+66 -6.27744e+66 -6.27744e+66 -6.27744e+66 -6.27744e+66 -6.27744e+66 -6.27744e+66 -6.27744e+66 -6.27744e+66 65.8868 65.8868 150.56 490.807 744.448 744.448 
-6.27744e+66 -6.27744e+66 -6.27744e+66 -6.27744e+66 -6.27744e+66 -6.27744e+66 -6.27744e+66 -6.27744e+66 -6.27744e+66 -6.27744e+66 -6.27744e+66 -6.27744e+66 -6.27744e+66 -6.27744e+66 65.8868 108.223 335.055 525.286 525.286 
-6.27744e+66 -6.27744e+66 -6.27744e+66 -6.27744e+66 -6.27744e+66 -6.27744e+66 -6.27744e+66 -6.27744e+66 -6.27744e+66 -6.27744e+66 -6.27744e+66 -6.27744e+66 -6.27744e+66 -6.27744e+66 -6.27744e+66 65.8868 179.302 306.123 306.123 
-6.27744e+66 -6.27744e+66 -6.27744e+66 -6.27744e+66 -6.27744e+66 -6.27744e+66 -6.27744e+66 -6.27744e+66 -6.27744e+66 -6.27744e+66 -6.27744e+66 -6.27744e+66 -6.27744e+66 -6.27744e+66 -6.27744e+66 -6.27744e+66 65.8868 129.297 129.297 
-6.27744e+66 -6.27744e+66 -6.27744e+66 -6.27744e+66 -6.27744e+66 -6.27744e+66 -6.27744e+66 -6.27744e+66 -6.27744e+66 -6.27744e+66 -6.27744e+66 -6.27744e+66 -6.27744e+66 -6.27744e+66 -6.27744e+66 -6.27744e+66 -6.27744e+66 65.8868 65.8868 
-6.27744e+66 -6.27744e+66 -6.27744e+66 -6.27744e+66 -6.27744e+66 -6.27744e+66 -6.27744e+66 -6.27744e+66 -6.27744e+66 -6.27744e+66 -6.27744e+66 -6.27744e+66 -6.27744e+66 -6.27744e+66 -6.27744e+66 -6.27744e+66 -6.27744e+66 -6.27744e+66 65.8868 
-6.27744e+66 -6.27744e+66 -6.27744e+66 -6.27744e+66 -6.27744e+66 -6.27744e+66 -6.27744e+66 -6.27744e+66 -6.27744e+66 -6.27744e+66 -6.27744e+66 -6.27744e+66 -6.27744e+66 -6.27744e+66 -6.27744e+66 -6.27744e+66 -6.27744e+66 -6.27744e+66 -6.27744e+66 
-6.27744e+66 42.8398 42.8398 120.647 120.647 120.647 780.108 780.108 780.108 780.108 780.108 780.108 780.108 780.108 780.108 780.108 780.108 780.108 2541.96 
-6.27744e+66 -6.27744e+66 42.8398 81.7434 81.7434 81.7434 609.313 609.313 609.313 609.313 609.313 609.313 609.313 609.313 609.313 609.313 609.313 609.313 2267.53 
-6.27744e+66 -6.27744e+66 -6.27744e+66 42.8398 42.8398 42.8398 438.517 438.517 438.517 438.517 438.517 438.517 438.517 438.517 438.517 438.517 438.517 438.517 1993.1 
-6.27744e+66 -6.27744e+66 -6.27744e+66 -6.27744e+66 42.8398 42.8398 306.624 306.624 306.624 306.624 306.624 306.624 306.624 306.624 306.624 306.624 306.624 306.624 1757.56 
-6.27744e+66 -6.27744e+66 -6.27744e+66 -6.27744e+66 -6.27744e+66 42.8398 174.732 174.732 174.732 174.732 174.732 174.732 174.732 174.732 174.732 174.732 174.732 174.732 1522.03 
-6.27744e+66 -6.27744e+66 -6.27744e+66 -6.27744e+66 -6.27744e+66 -6.27744e+66 42.8398 42.8398 42.8398 42.8398 42.8398 42.8398 42.8398 42.8398 42.8398 42.8398 42.8398 42.8398 1286.5 
-6.27744e+66 -6.27744e+66 -6.27744e+66 -6.27744e+66 -6.27744e+66 -6.27744e+66 -6.27744e+66 42.8398 42.8398 42.8398 42.8398 42.8398 42.8398 42.8398 42.8398 42.8398 42.8398 42.8398 1182.86 
-6.27744e+66 -6.27744e+66 -6.27744e+66 -6.27744e+66 -6.27744e+66 -6.27744e+66 -6.27744e+66 -6.27744e+66 42.8398 42.8398 42.8398 42.8398 42.8398 42.8398 42.8398 42.8398 42.8398 42.8398 1079.23 
-6.27744e+66 -6.27744e+66 -6.27744e+66 -6.27744e+66 -6.27744e+66 -6.27744e+66 -6.27744e+66 -6.27744e+66 -6.27744e+66 42.8398 42.8398 42.8398 42.8398 42.8398 42.8398 42.8398 42.8398 42.8398 975.587 
-6.27744e+66 -6.27744e+66 -6.27744e+66 -6.27744e+66 -6.27744e+66 -6.27744e+66 -6.27744e+66 -6.27744e+66 -6.27744e+66 -6.27744e+66 42.8398 42.8398 42.8398 42.8398 42.8398 42.8398 42.8398 42.8398 871.949 
-6.27744e+66 -6.27744e+66 -6.27744e+66 -6.27744e+66 -6.27744e+66 -6.27744e+66 -6.27744e+66 -6.27744e+66 -6.27744e+66 -6.27744e+66 -6.27744e+66 42.8398 42.8398 42.8398 42.8398 42.8398 42.8398 42.8398 768.31 
-6.27744e+66 -6.27744e+66 -6.27744e+66 -6.27744e+66 -6.27744e+66 -6.27744e+66 -6.27744e+66 -6.27744e+66 -6.27744e+66 -6.27744e+66 -6.27744e+66 -6.27744e+66 42.8398 42.8398 42.8398 42.8398 42.8398 42.8398 664.671 
-6.27744e+66 -6.27744e+66 -6.27744e+66 -6.27744e+66 -6.27744e+66 -6.27744e+66 -6.27744e+66 -6.27744e+66 -6.27744e+66 -6.27744e+66 -6.27744e+66 -6.27744e+66 -6.27744e+66 42.8398 42.8398 42.8398 42.8398 42.8398 561.033 
-6.27744e+66 -6.27744e+66 -6.27744e+66 -6.27744e+66 -6.27744e+66 -6.27744e+66 -6.27744e+66 -6.27744e+66 -6.27744e+66 -6.27744e+66 -6.27744e+66 -6.27744e+66 -6.27744e+66 -6.27744e+66 42.8398 42.8398 42.8398 42.8398 457.394 
-6.27744e+66 -6.27744e+66 -6.27744e+66 -6.27744e+66 -6.27744e+66 -6.27744e+66 -6.27744e+66 -6.27744e+66 -6.27744e+66 -6.27744e+66 -6.27744e+66 -6.27744e+66 -6.27744e+66 -6.27744e+66 -6.27744e+66 42.8398 42.8398 42.8398 353.756 
-6.27744e+66 -6.27744e+66 -6.27744e+66 -6.27744e+66 -6.27744e+66 -6.27744e+66 -6.27744e+66 -6.27744e+66 -6.27744e+66 -6.27744e+66 -6.27744e+66 -6.27744e+66 -6.27744e+66 -6.27744e+66 -6.27744e+66 -6.27744e+66 42.8398 42.8398 250.117 
-6.27744e+66 -6.27744e+66 -6.27744e+66 -6.27744e+66 -6.27744e+66 -6.27744e+66 -6.27744e+66 -6.27744e+66 -6.27744e+66 -6.27744e+66 -6.27744e+66 -6.27744e+66 -6.27744e+66 -6.27744e+66 -6.27744e+66 -6.27744e+66 -6.27744e+66 42.8398 146.478 
-6.27744e+66 -6.27744e+66 -6.27744e+66 -6.27744e+66 -6.27744e+66 -6.27744e+66 -6.27744e+66 -6.27744e+66 -6.27744e+66 -6.27744e+66 -6.27744e+66 -6.27744e+66 -6.27744e+66 -6.27744e+66 -6.27744e+66 -6.27744e+66 -6.27744e+66 -6.27744e+66 42.8398 
-6.27744e+66 -6.27744e+66 -6.27744e+66 -6.27744e+66 -6.27744e+66 -6.27744e+66 -6.27744e+66 -6.27744e+66 -6.27744e+66 -6.27744e+66 -6.27744e+66 -6.27744e+66 -6.27744e+66 -6.27744e+66 -6.27744e+66 -6.27744e+66 -6.27744e+66 -6.27744e+66 -6.27744e+66 
-6.27744e+66 83.4598 83.4598 175.491 175.491 175.491 692.908 692.908 692.908 1348.9 2161.79 3046.86 4054.79 4528.26 4528.26 4528.26 4528.26 5498.74 7422.36 
-6.27744e+66 -6.27744e+66 83.4598 129.475 129.475 129.475 543.409 543.409 543.409 1117.4 1839.97 2636.53 3552.83 3986.85 3986.85 3986.85 3986.85 4896.68 6707.14 
-6.27744e+66 -6.27744e+66 -6.27744e+66 83.4598 83.4598 83.4598 393.91 393.91 393.91 885.903 1518.15 2226.2 3050.88 3445.44 3445.44 3445.44 3445.44 4294.61 5991.92 
-6.27744e+66 -6.27744e+66 -6.27744e+66 -6.27744e+66 83.4598 83.4598 290.427 290.427 290.427 700.421 1242.35 1861.89 2594.94 2950.04 2950.04 2950.04 2950.04 3738.56 5322.71 
-6.27744e+66 -6.27744e+66 -6.27744e+66 -6.27744e+66 -6.27744e+66 83.4598 186.943 186.943 186.943 514.939 966.547 1497.58 2139 2454.64 2454.64 2454.64 2454.64 3182.51 4653.5 
-6.27744e+66 -6.27744e+66 -6.27744e+66 -6.27744e+66 -6.27744e+66 -6.27744e+66 83.4598 83.4598 83.4598 329.456 690.743 1133.27 1683.06 1959.25 1959.25 1959.25 1959.25 2626.45 3984.3 
-6.27744e+66 -6.27744e+66 -6.27744e+66 -6.27744e+66 -6.27744e+66 -6.27744e+66 -6.27744e+66 83.4598 83.4598 247.457 518.422 872.447 1330.6 1567.33 1567.33 1567.33 1567.33 2173.89 3418.58 
-6.27744e+66 -6.27744e+66 -6.27744e+66 -6.27744e+66 -6.27744e+66 -6.27744e+66 -6.27744e+66 -6.27744e+66 83.4598 165.459 346.102 611.621 978.142 1175.42 1175.42 1175.42 1175.42 1721.32 2852.86 
-6.27744e+66 -6.27744e+66 -6.27744e+66 -6.27744e+66 -6.27744e+66 -6.27744e+66 -6.27744e+66 -6.27744e+66 -6.27744e+66 83.4598 173.781 350.794 625.685 783.509 783.509 783.509 783.509 1268.75 2287.13 
-6.27744e+66 -6.27744e+66 -6.27744e+66 -6.27744e+66 -6.27744e+66 -6.27744e+66 -6.27744e+66 -6.27744e+66 -6.27744e+66 -6.27744e+66 83.4598 171.966 355.227 473.595 473.595 473.595 473.595 898.18 1803.41 
-6.27744e+66 -6.27744e+66 -6.27744e+66 -6.27744e+66 -6.27744e+66 -6.27744e+66 -6.27744e+66 -6.27744e+66 -6.27744e+66 -6.27744e+66 -6.27744e+66 83.4598 175.09 254.002 254.002 254.002 254.002 617.933 1410.01 
-6.27744e+66 -6.27744e+66 -6.27744e+66 -6.27744e+66 -6.27744e+66 -6.27744e+66 -6.27744e+66 -6.27744e+66 -6.27744e+66 -6.27744e+66 -6.27744e+66 -6.27744e+66 83.4598 122.916 122.916 122.916 122.916 426.191 1105.11 
-6.27744e+66 -6.27744e+66 -6.27744e+66 -6.27744e+66 -6.27744e+66 -6.27744e+66 -6.27744e+66 -6.27744e+66 -6.27744e+66 -6.27744e+66 -6.27744e+66 -6.27744e+66 -6.27744e+66 83.4598 83.4598 83.4598 83.4598 326.08 891.849 
-6.27744e+66 -6.27744e+66 -6.27744e+66 -6.27744e+66 -6.27744e+66 -6.27744e+66 -6.27744e+66 -6.27744e+66 -6.27744e+66 -6.27744e+66 -6.27744e+66 -6.27744e+66 -6.27744e+66 -6.27744e+66 83.4598 83.4598 83.4598 265.425 718.04 
-6.27744e+66 -6.27744e+66 -6.27744e+66 -6.27744e+66 -6.27744e+66 -6.27744e+66 -6.27744e+66 -6.27744e+66 -6.27744e+66 -6.27744e+66 -6.27744e+66 -6.27744e+66 -6.27744e+66 -6.27744e+66 -6.27744e+66 83.4598 83.4598 204.77 544.231 
-6.27744e+66 -6.27744e+66 -6.27744e+66 -6.27744e+66 -6.27744e+66 -6.27744e+66 -6.27744e+66 -6.27744e+66 -6.27744e+66 -6.27744e+66 -6.27744e+66 -6.27744e+66 -6.27744e+66 -6.27744e+66 -6.27744e+66 -6.27744e+66 83.4598 144.115 370.423 
-6.27744e+66 -6.27744e+66 -6.27744e+66 -6.27744e+66 -6.27744e+66 -6.27744e+66 -6.27744e+66 -6.27744e+66 -6.27744e+66 -6.27744e+66 -6.27744e+66 -6.27744e+66 -6.27744e+66 -6.27744e+66 -6.27744e+66 -6.27744e+66 -6.27744e+66 83.4598 196.614 
-6.27744e+66 -6.27744e+66 -6.27744e+66 -6.27744e+66 -6.27744e+66 -6.27744e+66 -6.27744e+66 -6.27744e+66 -6.27744e+66 -6.27744e+66 -6.27744e+66 -6.27744e+66 -6.27744e+66 -6.27744e+66 -6.27744e+66 -6.27744e+66 -6.27744e+66 -6.27744e+66 83.4598 
-6.27744e+66 -6.27744e+66 -6.27744e+66 -6.27744e+66 -6.27744e+66 -6.27744e+66 -6.27744e+66 -6.27744e+66 -6.27744e+66 -6.27744e+66 -6.27744e+66 -6.27744e+66 -6.27744e+66 -6.27744e+66 -6.27744e+66 -6.27744e+66 -6.27744e+66 -6.27744e+66 -6.27744e+66 
-6.27744e+66 52.2067 129.881 216.578 216.578 444.63 1017.17 1224.44 1224.44 1775.52 1775.52 2477.94 2477.94 2477.94 3656.72 3656.72 5589.75 5589.75 7821.88 
-6.27744e+66 -6.27744e+66 52.2067 95.5556 95.5556 266.595 724.628 897.355 897.355 1379.54 1379.54 2011.72 2011.72 2011.72 3099.83 3099.83 4903.99 4903.99 7004.82 
-6.27744e+66 -6.27744e+66 -6.27744e+66 52.2067 52.2067 166.233 509.758 647.939 647.939 1061.24 1061.24 1623.18 1623.18 1623.18 2620.61 2620.61 4295.9 4295.9 6265.43 
-6.27744e+66 -6.27744e+66 -6.27744e+66 -6.27744e+66 52.2067 109.22 338.236 441.872 441.872 786.293 786.293 1277.99 1277.99 1277.99 2184.74 2184.74 3731.17 3731.17 5569.39 
-6.27744e+66 -6.27744e+66 -6.27744e+66 -6.27744e+66 -6.27744e+66 52.2067 166.715 235.806 235.806 511.342 511.342 932.794 932.794 932.794 1748.87 1748.87 3166.43 3166.43 4873.35 
-6.27744e+66 -6.27744e+66 -6.27744e+66 -6.27744e+66 -6.27744e+66 -6.27744e+66 52.2067 86.7521 86.7521 293.404 293.404 644.614 644.614 644.614 1370.02 1370.02 2658.71 2658.71 4234.33 
-6.27744e+66 -6.27744e+66 -6.27744e+66 -6.27744e+66 -6.27744e+66 -6.27744e+66 -6.27744e+66 52.2067 52.2067 189.975 189.975 470.943 470.943 470.943 1105.67 1105.67 2265.49 2265.49 3709.81 
-6.27744e+66 -6.27744e+66 -6.27744e+66 -6.27744e+66 -6.27744e+66 -6.27744e+66 -6.27744e+66 -6.27744e+66 52.2067 121.091 121.091 331.817 331.817 331.817 875.87 875.87 1906.82 1906.82 3219.84 
-6.27744e+66 -6.27744e+66 -6.27744e+66 -6.27744e+66 -6.27744e+66 -6.27744e+66 -6.27744e+66 -6.27744e+66 -6.27744e+66 52.2067 52.2067 192.691 192.691 192.691 646.069 646.069 1548.15 1548.15 2729.87 
-6.27744e+66 -6.27744e+66 -6.27744e+66 -6.27744e+66 -6.27744e+66 -6.27744e+66 -6.27744e+66 -6.27744e+66 -6.27744e+66 -6.27744e+66 52.2067 122.449 122.449 122.449 485.151 485.151 1258.36 1258.36 2308.78 
-6.27744e+66 -6.27744e+66 -6.27744e+66 -6.27744e+66 -6.27744e+66 -6.27744e+66 -6.27744e+66 -6.27744e+66 -6.27744e+66 -6.27744e+66 -6.27744e+66 52.2067 52.2067 52.2067 324.234 324.234 968.577 968.577 1887.69 
-6.27744e+66 -6.27744e+66 -6.27744e+66 -6.27744e+66 -6.27744e+66 -6.27744e+66 -6.27744e+66 -6.27744e+66 -6.27744e+66 -6.27744e+66 -6.27744e+66 -6.27744e+66 52.2067 52.2067 233.558 233.558 749.032 749.032 1536.84 
-6.27744e+66 -6.27744e+66 -6.27744e+66 -6.27744e+66 -6.27744e+66 -6.27744e+66 -6.27744e+66 -6.27744e+66 -6.27744e+66 -6.27744e+66 -6.27744e+66 -6.27744e+66 -6.27744e+66 52.2067 142.882 142.882 529.488 529.488 1186 
-6.27744e+66 -6.27744e+66 -6.27744e+66 -6.27744e+66 -6.27744e+66 -6.27744e+66 -6.27744e+66 -6.27744e+66 -6.27744e+66 -6.27744e+66 -6.27744e+66 -6.27744e+66 -6.27744e+66 -6.27744e+66 52.2067 52.2067 309.944 309.944 835.151 
-6.27744e+66 -6.27744e+66 -6.27744e+66 -6.27744e+66 -6.27744e+66 -6.27744e+66 -6.27744e+66 -6.27744e+66 -6.27744e+66 -6.27744e+66 -6.27744e+66 -6.27744e+66 -6.27744e+66 -6.27744e+66 -6.27744e+66 52.2067 181.075 181.075 574.981 
-6.27744e+66 -6.27744e+66 -6.27744e+66 -6.27744e+66 -6.27744e+66 -6.27744e+66 -6.27744e+66 -6.27744e+66 -6.27744e+66 -6.27744e+66 -6.27744e+66 -6.27744e+66 -6.27744e+66 -6.27744e+66 -6.27744e+66 -6.27744e+66 52.2067 52.2067 314.81 
-6.27744e+66 -6.27744e+66 -6.27744e+66 -6.27744e+66 -6.27744e+66 -6.27744e+66 -6.27744e+66 -6.27744e+66 -6.27744e+66 -6.27744e+66 -6.27744e+66 -6.27744e+66 -6.27744e+66 -6.27744e+66 -6.27744e+66 -6.27744e+66 -6.27744e+66 52.2067 183.509 
-6.27744e+66 -6.27744e+66 -6.27744e+66 -6.27744e+66 -6.27744e+66 -6.27744e+66 -6.27744e+66 -6.27744e+66 -6.27744e+66 -6.27744e+66 -6.27744e+66 -6.27744e+66 -6.27744e+66 -6.27744e+66 -6.27744e+66 -6.27744e+66 -6.27744e+66 -6.27744e+66 52.2067 
-6.27744e+66 -6.27744e+66 -6.27744e+66 -6.27744e+66 -6.27744e+66 -6.27744e+66 -6.27744e+66 -6.27744e+66 -6.27744e+66 -6.27744e+66 -6.27744e+66 -6.27744e+66 -6.27744e+66 -6.27744e+66 -6.27744e+66 -6.27744e+66 -6.27744e+66 -6.27744e+66 -6.27744e+66 
-6.27744e+66 72.3565 180.438 241.801 523.701 786.513 786.513 786.513 786.513 871.569 871.569 871.569 871.569 871.569 871.569 871.569 871.569 1339.78 3423.95 
-6.27744e+66 -6.27744e+66 72.3565 103.038 290.971 488.08 488.08 488.08 488.08 562.504 562.504 562.504 562.504 562.504 562.504 562.504 562.504 1001.45 2963.02 
-6.27744e+66 -6.27744e+66 -6.27744e+66 72.3565 166.323 297.729 297.729 297.729 297.729 361.521 361.521 361.521 361.521 361.521 361.521 361.521 361.521 771.208 2610.18 
-6.27744e+66 -6.27744e+66 -6.27744e+66 -6.27744e+66 72.3565 138.059 138.059 138.059 138.059 191.22 191.22 191.22 191.22 191.22 191.22 191.22 191.22 571.644 2288.01 
-6.27744e+66 -6.27744e+66 -6.27744e+66 -6.27744e+66 -6.27744e+66 72.3565 72.3565 72.3565 72.3565 114.885 114.885 114.885 114.885 114.885 114.885 114.885 114.885 466.045 2059.82 
-6.27744e+66 -6.27744e+66 -6.27744e+66 -6.27744e+66 -6.27744e+66 -6.27744e+66 72.3565 72.3565 72.3565 104.253 104.253 104.253 104.253 104.253 104.253 104.253 104.253 426.15 1897.32 
-6.27744e+66 -6.27744e+66 -6.27744e+66 -6.27744e+66 -6.27744e+66 -6.27744e+66 -6.27744e+66 72.3565 72.3565 93.6205 93.6205 93.6205 93.6205 93.6205 93.6205 93.6205 93.6205 386.254 1734.83 
-6.27744e+66 -6.27744e+66 -6.27744e+66 -6.27744e+66 -6.27744e+66 -6.27744e+66 -6.27744e+66 -6.27744e+66 72.3565 82.9885 82.9885 82.9885 82.9885 82.9885 82.9885 82.9885 82.9885 346.359 1572.34 
-6.27744e+66 -6.27744e+66 -6.27744e+66 -6.27744e+66 -6.27744e+66 -6.27744e+66 -6.27744e+66 -6.27744e+66 -6.27744e+66 72.3565 72.3565 72.3565 72.3565 72.3565 72.3565 72.3565 72.3565 306.464 1409.84 
-6.27744e+66 -6.27744e+66 -6.27744e+66 -6.27744e+66 -6.27744e+66 -6.27744e+66 -6.27744e+66 -6.27744e+66 -6.27744e+66 -6.27744e+66 72.3565 72.3565 72.3565 72.3565 72.3565 72.3565 72.3565 277.2 1257.98 
-6.27744e+66 -6.27744e+66 -6.27744e+66 -6.27744e+66 -6.27744e+66 -6.27744e+66 -6.27744e+66 -6.27744e+66 -6.27744e+66 -6.27744e+66 -6.27744e+66 72.3565 72.3565 72.3565 72.3565 72.3565 72.3565 247.937 1106.12 
-6.27744e+66 -6.27744e+66 -6.27744e+66 -6.27744e+66 -6.27744e+66 -6.27744e+66 -6.27744e+66 -6.27744e+66 -6.27744e+66 -6.27744e+66 -6.27744e+66 -6.27744e+66 72.3565 72.3565 72.3565 72.3565 72.3565 218.673 954.261 
-6.27744e+66 -6.27744e+66 -6.27744e+66 -6.27744e+66 -6.27744e+66 -6.27744e+66 -6.27744e+66 -6.27744e+66 -6.27744e+66 -6.27744e+66 -6.27744e+66 -6.27744e+66 -6.27744e+66 72.3565 72.3565 72.3565 72.3565 189.41 802.4 
-6.27744e+66 -6.27744e+66 -6.27744e+66 -6.27744e+66 -6.27744e+66 -6.27744e+66 -6.27744e+66 -6.27744e+66 -6.27744e+66 -6.27744e+66 -6.27744e+66 -6.27744e+66 -6.27744e+66 -6.27744e+66 72.3565 72.3565 72.3565 160.147 650.538 
-6.27744e+66 -6.27744e+66 -6.27744e+66 -6.27744e+66 -6.27744e+66 -6.27744e+66 -6.27744e+66 -6.27744e+66 -6.27744e+66 -6.27744e+66 -6.27744e+66 -6.27744e+66 -6.27744e+66 -6.27744e+66 -6.27744e+66 72.3565 72.3565 130.883 498.677 
-6.27744e+66 -6.27744e+66 -6.27744e+66 -6.27744e+66 -6.27744e+66 -6.27744e+66 -6.27744e+66 -6.27744e+66 -6.27744e+66 -6.27744e+66 -6.27744e+66 -6.27744e+66 -6.27744e+66 -6.27744e+66 -6.27744e+66 -6.27744e+66 72.3565 101.62 346.816 
-6.27744e+66 -6.27744e+66 -6.27744e+66 -6.27744e+66 -6.27744e+66 -6.27744e+66 -6.27744e+66 -6.27744e+66 -6.27744e+66 -6.27744e+66 -6.27744e+66 -6.27744e+66 -6.27744e+66 -6.27744e+66 -6.27744e+66 -6.27744e+66 -6.27744e+66 72.3565 194.954 
-6.27744e+66 -6.27744e+66 -6.27744e+66 -6.27744e+66 -6.27744e+66 -6.27744e+66 -6.27744e+66 -6.27744e+66 -6.27744e+66 -6.27744e+66 -6.27744e+66 -6.27744e+66 -6.27744e+66 -6.27744e+66 -6.27744e+66 -6.27744e+66 -6.27744e+66 -6.27744e+66 72.3565 
-6.27744e+66 -6.27744e+66 -6.27744e+66 -6.27744e+66 -6.27744e+66 -6.27744e+66 -6.27744e+66 -6.27744e+66 -6.27744e+66 -6.27744e+66 -6.27744e+66 -6.27744e+66 -6.27744e+66 -6.27744e+66 -6.27744e+66 -6.27744e+66 -6.27744e+66 -6.27744e+66 -6.27744e+66 
