18 10 
17.4747 17.4747 17.4747 17.4747 17.4747 17.4747 17.4747 17.4747 17.4747 17.4747 17.4747 17.4747 17.4747 17.4747 17.4747 17.4747 17.4747 17.4747 
item 0
44.1843 106.446 96.8394 94.6615 34.3376 79.7024 50.6611 99.41 59.3598 90.7177 79.6186 80.9311 37.8228 78.5089 44.1285 101.976 53.2354 98.088 
67.4616 67.4616 67.4616 67.4616 67.4616 67.4616 67.4616 67.4616 67.4616 67.4616 67.4616 67.4616 67.4616 67.4616 67.4616 67.4616 67.4616 67.4616 
1 1 1 1 1 1 1 1 1 1 1 1 1 1 1 1 1 1 
item 1
23.4426 69.4179 20.6486 75.2137 54.2261 102.581 57.8567 87.7292 75.3062 100.991 53.6412 66.5997 28.0224 71.9104 63.9853 97.0093 57.1347 129.706 
49.5993 49.5993 49.5993 49.5993 49.5993 49.5993 49.5993 49.5993 49.5993 49.5993 49.5993 49.5993 49.5993 49.5993 49.5993 49.5993 49.5993 49.5993 
1 1 1 1 1 1 1 1 1 1 1 1 1 1 1 1 1 1 
item 2
71.2126 106.501 50.2068 86.1936 52.5353 85.563 40.2102 104.334 5.97703 98.4139 78.2566 118.767 62.2965 125.691 36.4143 59.6804 76.1358 81.3462 
71.324 71.324 71.324 71.324 71.324 71.324 71.324 71.324 71.324 71.324 71.324 71.324 71.324 71.324 71.324 71.324 71.324 71.324 
1 1 1 1 1 1 1 1 1 1 1 1 1 1 1 1 1 1 
item 3
39.0304 106.467 62.9062 101.114 80.6679 100.871 63.4107 105.247 29.943 106.058 21.3141 91.3225 54.4122 100.912 47.3395 68.9071 47.8301 60.2161 
63.481 63.481 63.481 63.481 63.481 63.481 63.481 63.481 63.481 63.481 63.481 63.481 63.481 63.481 63.481 63.481 63.481 63.481 
1 1 1 1 1 1 1 1 1 1 1 1 1 1 1 1 1 1 
item 4
73.6651 101.587 23.6604 78.5269 48.0746 77.5074 39.2726 104.114 79.8687 126.586 42.8195 132.41 43.4632 102.474 57.7046 95.1013 51.2705 89.8452 
-11.0202 -11.0202 -11.0202 -11.0202 -11.0202 -11.0202 -11.0202 -11.0202 -11.0202 -11.0202 -11.0202 -11.0202 -11.0202 -11.0202 -11.0202 -11.0202 -11.0202 -11.0202 
1 1 1 1 1 1 1 1 1 1 1 1 1 1 1 1 1 1 
item 5
64.2701 97.0389 21.7836 149.681 65.8402 83.4861 62.0691 100.639 77.937 101.348 42.0983 104.919 67.4714 129.284 46.6749 106.483 53.1499 90.2777 
54.7801 54.7801 54.7801 54.7801 54.7801 54.7801 54.7801 54.7801 54.7801 54.7801 54.7801 54.7801 54.7801 54.7801 54.7801 54.7801 54.7801 54.7801 
1 1 1 1 1 1 1 1 1 1 1 1 1 1 1 1 1 1 
item 6
38.8367 114.339 27.3893 115.539 45.7274 100.694 44.3565 92.71 51.9478 100.909 95.9586 102.508 50.1556 46.4355 86.0009 118.993 58.7586 75.8258 
70.6769 70.6769 70.6769 70.6769 70.6769 70.6769 70.6769 70.6769 70.6769 70.6769 70.6769 70.6769 70.6769 70.6769 70.6769 70.6769 70.6769 70.6769 
1 1 1 1 1 1 1 1 1 1 1 1 1 1 1 1 1 1 
item 7
37.3 119.231 53.3504 75.6531 41.1143 59.0071 68.565 92.6829 62.5453 127.871 14.4807 110.528 45.9498 105.181 47.0701 112.517 76.1706 118.502 
36.8605 36.8605 36.8605 36.8605 36.8605 36.8605 36.8605 36.8605 36.8605 36.8605 36.8605 36.8605 36.8605 36.8605 36.8605 36.8605 36.8605 36.8605 
1 1 1 1 1 1 1 1 1 1 1 1 1 1 1 1 1 1 
item 8
38.1617 32.1276 44.5615 102.194 86.1136 90.7054 80.9863 115.662 42.6969 101.811 28.2158 93.9014 48.5986 130.714 31.9537 115.023 39.5799 98.6228 
97.7018 97.7018 97.7018 97.7018 97.7018 97.7018 97.7018 97.7018 97.7018 97.7018 97.7018 97.7018 97.7018 97.7018 97.7018 97.7018 97.7018 97.7018 
1 1 1 1 1 1 1 1 1 1 1 1 1 1 1 1 1 1 
item 9
64.9166 93.0314 73.6579 93.9582 46.9401 119.036 31.1808 63.9834 58.2696 83.0444 45.6533 133.761 35.2675 85.7951 66.9367 96.8609 77.8414 101.141 
40.8454 40.8454 40.8454 40.8454 40.8454 40.8454 40.8454 40.8454 40.8454 40.8454 40.8454 40.8454 40.8454 40.8454 40.8454 40.8454 40.8454 40.8454 
1 1 1 1 1 1 1 1 1 1 1 1 1 1 1 1 1 1 
