18 5 
935.568 935.568 935.568 935.568 935.568 935.568 935.568 935.568 935.568 935.568 935.568 935.568 935.568 935.568 935.568 935.568 935.568 935.568 
item 0
41.856 0 81.1086 84.9599 0 84.0898 43.1577 0 0 0 26.1707 135.733 0 0 0 0 62.215 92.4037 
59.7305 59.7305 59.7305 59.7305 59.7305 59.7305 59.7305 59.7305 59.7305 59.7305 59.7305 59.7305 59.7305 59.7305 59.7305 59.7305 59.7305 59.7305 
1 1 1 1 1 1 1 1 1 1 1 1 1 1 1 1 1 1 
item 1
60.0123 107.897 55.1787 0 66.1699 0 0 0 30.9 105.168 0 100.42 0 95.9001 67.035 77.763 0 73.9411 
82.7973 82.7973 82.7973 82.7973 82.7973 82.7973 82.7973 82.7973 82.7973 82.7973 82.7973 82.7973 82.7973 82.7973 82.7973 82.7973 82.7973 82.7973 
1 1 1 1 1 1 1 1 1 1 1 1 1 1 1 1 1 1 
item 2
96.9938 0 0 0 95.4886 0 0 0 78.4836 102.481 74.3582 0 0 102.227 0 118.999 0 81.914 
42.7407 42.7407 42.7407 42.7407 42.7407 42.7407 42.7407 42.7407 42.7407 42.7407 42.7407 42.7407 42.7407 42.7407 42.7407 42.7407 42.7407 42.7407 
1 1 1 1 1 1 1 1 1 1 1 1 1 1 1 1 1 1 
item 3
52.3686 108.921 42.1578 0 50.8492 78.1414 43.5323 0 0 88.8548 0 99.0079 48.4055 0 0 0 0 0 
54.6313 54.6313 54.6313 54.6313 54.6313 54.6313 54.6313 54.6313 54.6313 54.6313 54.6313 54.6313 54.6313 54.6313 54.6313 54.6313 54.6313 54.6313 
1 1 1 1 1 1 1 1 1 1 1 1 1 1 1 1 1 1 
item 4
75.7157 86.3282 0 0 77.1295 107.052 0 87.5914 52.3527 0 94.2144 96.2228 0 101.986 0 0 50.5175 130.294 
62.319 62.319 62.319 62.319 62.319 62.319 62.319 62.319 62.319 62.319 62.319 62.319 62.319 62.319 62.319 62.319 62.319 62.319 
1 1 1 1 1 1 1 1 1 1 1 1 1 1 1 1 1 1 
